2 6
100
48 5 802 
21 43 959 
99 8 471 
7 57 676 
84 59 884 
10 20 332 
98 98 1087 
35 91 1045 
76 60 65 
32 48 1053 
44 5 985 
16 102 536 
37 54 1078 
3 35 338 
56 60 742 
78 66 788 
88 98 574 
73 89 441 
56 15 171 
82 48 1022 
75 69 736 
54 64 627 
77 70 704 
30 74 807 
41 97 773 
63 81 377 
27 100 1153 
43 46 616 
41 73 205 
46 62 1060 
32 57 85 
7 29 814 
69 4 1173 
11 3 1171 
9 59 291 
83 34 1120 
75 95 421 
85 57 590 
91 34 277 
12 15 1114 
37 32 101 
73 101 210 
61 36 832 
99 96 947 
37 17 1180 
100 36 1069 
29 60 484 
27 74 819 
54 49 1223 
61 17 1165 
46 60 1085 
7 77 870 
90 38 716 
9 24 1193 
26 78 1217 
59 50 489 
54 93 1203 
37 85 671 
54 11 718 
43 21 636 
19 2 237 
75 55 444 
91 32 498 
27 13 1200 
31 22 449 
44 4 1170 
69 97 1206 
62 9 301 
99 11 911 
36 55 800 
14 48 215 
9 92 262 
80 53 286 
65 70 225 
101 28 979 
2 8 775 
20 11 100 
65 76 285 
55 59 1146 
97 78 542 
64 57 939 
77 15 790 
83 24 374 
17 66 622 
74 6 335 
82 63 986 
47 99 30 
13 18 538 
59 51 889 
96 55 400 
30 86 916 
81 4 164 
44 26 166 
17 22 1030 
35 5 561 
59 93 853 
98 75 1177 
15 52 973 
44 53 481 
35 20 778 
