8 4
100
41 62 20 62 35 7 59 84 599 
32 84 90 47 14 62 18 83 435 
49 42 73 64 6 36 14 42 757 
13 39 9 36 62 84 20 59 68 
14 100 51 13 102 88 47 68 722 
81 9 67 91 65 80 83 90 471 
45 79 59 86 50 95 15 48 362 
68 98 24 7 28 57 54 6 672 
7 38 42 87 19 40 47 35 276 
30 24 77 31 55 74 27 78 657 
53 30 52 58 101 56 44 80 573 
68 76 82 12 39 60 98 78 425 
19 60 62 21 41 17 61 87 196 
72 40 45 52 82 53 77 3 627 
35 51 39 88 45 41 70 81 487 
55 19 87 18 35 79 22 10 149 
23 34 91 36 99 15 32 74 333 
30 18 95 32 38 38 84 65 227 
17 33 17 23 54 62 58 8 555 
41 55 7 68 32 75 35 56 562 
90 100 54 26 58 73 100 42 512 
68 26 84 51 37 71 51 7 627 
5 2 82 31 81 93 47 94 154 
37 64 88 23 99 84 69 96 534 
78 93 77 46 24 14 99 91 666 
88 92 21 38 19 27 98 31 435 
90 60 22 62 80 66 54 65 640 
78 48 29 101 84 43 6 75 119 
4 62 80 71 34 91 12 61 16 
102 101 47 63 27 70 31 81 289 
48 17 14 13 93 61 35 23 358 
57 89 10 80 34 46 13 96 568 
77 22 28 32 53 21 64 55 520 
36 17 23 61 72 5 7 60 473 
4 93 70 21 38 14 47 57 588 
96 24 69 3 53 33 100 56 484 
11 17 67 95 50 41 98 101 47 
25 97 19 7 75 76 88 11 30 
3 58 86 16 87 97 49 71 254 
99 35 66 92 63 18 46 98 349 
95 11 44 31 25 38 8 24 490 
57 91 51 95 17 44 29 99 799 
77 97 32 71 48 82 10 101 545 
43 35 36 2 63 78 34 95 813 
63 74 35 50 10 65 38 94 652 
84 6 20 24 65 66 21 71 12 
14 26 65 65 23 27 71 67 731 
28 57 30 74 63 24 45 68 204 
67 29 89 70 36 55 102 28 772 
51 21 72 72 84 94 77 22 564 
38 101 53 10 80 45 75 12 303 
54 12 45 97 81 99 42 55 337 
16 46 92 12 65 97 32 22 377 
22 58 75 37 99 43 55 8 552 
76 59 51 47 97 26 18 50 136 
53 56 42 75 32 30 53 63 613 
81 28 38 57 80 60 99 55 437 
65 19 14 4 44 75 31 67 783 
94 71 52 68 96 17 81 81 543 
8 48 28 47 86 38 68 76 657 
34 21 81 93 50 43 73 55 255 
6 51 14 69 46 67 34 61 751 
27 15 34 23 78 101 94 92 61 
29 20 35 78 38 70 95 99 376 
19 3 23 10 97 43 86 77 243 
57 42 4 63 15 27 46 43 497 
50 13 45 82 102 60 36 46 283 
100 30 15 46 76 49 21 18 476 
73 19 20 94 39 3 72 39 411 
7 68 8 10 35 97 9 46 707 
5 38 4 65 76 53 8 88 384 
18 12 68 57 44 99 69 75 193 
44 58 76 44 13 64 10 31 634 
31 93 97 20 39 32 62 18 650 
59 10 45 69 88 54 56 55 219 
87 53 25 11 43 62 74 67 719 
15 63 28 41 57 47 76 79 774 
54 100 75 38 96 28 19 12 533 
82 77 73 24 89 59 38 25 637 
56 21 52 38 49 75 44 49 449 
56 20 54 100 95 10 59 5 453 
55 51 58 99 94 33 96 93 728 
19 93 76 70 5 34 69 22 475 
47 18 53 3 96 49 74 65 754 
15 85 84 65 67 87 4 84 608 
24 59 29 21 43 57 85 26 460 
83 88 17 22 32 75 52 13 707 
6 55 56 11 27 31 41 83 73 
9 57 28 91 69 23 60 48 509 
33 29 77 98 19 72 93 92 632 
80 95 54 11 15 56 100 100 242 
22 14 34 100 82 62 49 79 568 
32 94 21 96 64 87 13 21 692 
14 10 38 86 21 37 54 63 719 
59 100 44 74 93 71 93 40 274 
32 35 49 16 51 42 3 62 800 
60 86 33 69 100 96 71 88 730 
96 38 96 99 48 21 74 92 644 
29 60 4 52 4 26 53 83 703 
40 99 61 97 85 60 39 95 626 
