6 4
100
96 22 101 18 31 37 103 
24 85 16 26 20 30 371 
72 72 48 93 67 75 209 
96 81 64 81 46 80 188 
72 81 68 98 97 47 770 
29 76 12 31 98 91 616 
37 44 94 51 6 45 93 
15 52 12 4 38 99 816 
43 40 40 86 59 92 427 
6 50 30 26 85 53 354 
97 38 64 71 86 52 485 
39 71 32 42 38 14 466 
31 58 96 61 49 96 698 
38 74 47 41 102 25 252 
95 66 27 23 94 70 145 
16 50 35 54 49 43 35 
71 10 46 23 80 97 611 
94 36 67 38 59 60 482 
65 19 32 86 29 31 362 
7 7 21 46 46 41 122 
10 63 8 2 56 83 555 
67 3 20 24 30 58 9 
33 62 87 37 12 61 416 
33 5 71 23 14 62 518 
5 27 79 36 58 62 688 
74 61 38 5 78 93 805 
19 14 64 101 75 45 608 
47 35 11 36 83 66 632 
60 40 82 44 23 7 507 
77 43 90 74 98 19 479 
3 52 34 36 70 54 116 
94 9 24 41 19 91 467 
94 70 2 77 98 9 118 
23 58 63 57 88 39 340 
73 76 29 79 29 18 365 
86 79 102 15 14 65 540 
33 60 4 7 18 7 680 
74 90 99 102 12 46 653 
96 73 81 83 18 75 171 
35 97 64 92 75 15 68 
94 2 64 87 45 50 736 
100 61 52 73 34 60 807 
88 32 79 19 73 67 736 
8 23 34 98 93 47 796 
65 42 17 44 94 77 658 
89 37 17 68 98 92 780 
14 31 12 86 16 24 385 
67 87 75 4 50 20 699 
81 32 91 55 5 95 286 
21 37 31 41 85 20 808 
97 64 53 77 77 97 766 
94 24 14 79 25 53 801 
57 45 43 47 59 97 64 
8 28 16 96 99 63 762 
96 84 47 33 6 50 575 
25 24 29 75 25 94 713 
10 79 78 81 44 39 523 
94 90 97 28 25 93 727 
38 39 84 80 36 3 798 
42 69 47 22 4 30 261 
23 16 73 36 5 22 798 
51 40 16 57 26 31 20 
96 52 7 82 59 83 706 
87 47 98 91 93 92 551 
12 33 61 42 11 34 581 
76 25 94 22 73 93 711 
102 69 24 12 73 98 382 
19 42 42 48 49 47 296 
71 78 47 14 33 32 323 
9 57 18 17 99 33 164 
29 16 62 87 92 101 695 
79 75 82 22 96 23 758 
93 22 96 64 89 37 39 
49 49 10 42 63 50 757 
15 9 97 76 66 29 733 
28 82 62 58 48 53 750 
4 67 94 39 12 49 130 
37 24 55 12 98 17 649 
68 53 47 31 54 94 528 
69 87 48 31 96 5 529 
42 35 8 43 86 15 369 
84 19 6 53 3 79 634 
87 44 66 70 13 12 491 
31 17 29 96 61 29 292 
82 48 9 18 45 53 777 
91 49 72 14 5 36 684 
37 43 80 53 17 89 671 
45 84 63 85 95 7 94 
20 81 49 27 87 12 23 
73 98 38 60 28 84 782 
97 96 58 11 78 78 765 
76 51 46 45 42 55 299 
65 48 35 53 48 86 579 
70 25 89 19 27 83 522 
47 45 95 91 7 88 398 
90 7 76 19 30 20 359 
31 5 84 47 58 68 65 
52 4 9 82 101 27 216 
73 71 93 53 97 32 237 
9 53 56 38 69 90 612 
