8 2
100
43 76 78 42 16 86 60 53 260 
31 101 2 100 94 42 62 59 235 
19 78 15 90 16 56 73 29 183 
63 62 84 89 44 50 19 49 128 
29 24 6 9 67 20 19 20 164 
28 35 34 49 85 51 74 90 84 
32 55 62 24 71 89 41 100 370 
83 44 59 54 83 47 11 35 142 
55 12 13 97 73 98 17 47 386 
14 16 80 35 17 57 30 90 387 
73 8 55 19 69 69 30 38 310 
85 75 54 89 40 52 17 21 316 
11 37 83 66 9 25 94 29 343 
15 50 29 4 27 95 52 40 112 
83 38 45 46 69 38 22 34 295 
45 27 78 30 21 98 79 21 214 
16 8 101 32 27 43 85 17 356 
50 82 50 61 40 101 25 36 338 
37 66 70 47 46 77 53 52 9 
10 87 32 34 27 8 43 38 132 
30 53 14 4 63 54 51 74 212 
26 86 89 79 7 87 15 45 223 
86 70 64 26 81 77 41 78 123 
60 19 57 44 19 3 69 96 337 
73 35 5 18 99 74 25 29 268 
16 33 81 47 21 85 54 59 277 
72 7 74 39 65 87 25 93 226 
99 84 69 88 12 13 4 43 43 
53 70 74 92 2 53 11 27 184 
52 15 99 75 93 62 36 99 365 
12 37 71 20 95 8 19 29 188 
101 30 23 70 44 80 74 3 364 
98 82 6 23 29 40 43 74 319 
60 26 93 8 54 14 24 94 30 
43 35 77 68 74 76 8 13 395 
25 84 73 22 2 92 73 40 70 
87 91 9 33 79 23 30 62 14 
57 94 78 11 48 52 73 34 278 
17 32 10 33 17 19 43 19 367 
9 40 26 3 37 17 98 39 14 
102 11 57 55 40 15 73 53 77 
23 16 38 23 51 71 24 59 33 
11 56 76 92 92 62 33 22 90 
81 55 59 63 15 12 49 73 92 
15 63 94 97 62 67 100 23 14 
56 89 91 57 82 81 9 89 336 
31 11 22 97 24 20 93 93 398 
63 62 3 28 76 80 48 11 389 
18 15 96 11 94 71 59 79 138 
35 26 75 80 56 29 29 20 252 
5 19 41 75 6 71 69 39 248 
4 30 15 12 11 73 86 93 300 
90 22 19 52 40 47 87 60 275 
26 85 8 76 101 58 19 46 374 
58 45 11 27 44 57 11 57 202 
22 25 18 5 97 65 55 41 399 
46 55 81 96 90 48 4 45 219 
56 30 31 59 96 67 81 30 198 
66 65 80 64 43 85 98 66 146 
54 23 91 45 23 61 60 74 371 
14 64 56 65 26 102 4 56 115 
22 65 31 53 25 69 16 91 313 
22 84 13 98 100 26 13 52 89 
67 13 8 72 101 23 76 69 269 
96 3 41 80 62 89 57 78 5 
9 3 100 24 31 34 85 40 369 
82 18 65 32 55 75 80 39 177 
23 52 67 9 79 59 3 23 357 
39 44 24 26 43 24 25 6 202 
25 45 84 76 89 63 33 96 208 
5 66 51 68 102 26 46 36 108 
38 101 26 43 23 10 47 48 393 
71 58 77 43 9 51 26 57 384 
63 50 65 6 78 84 8 101 233 
41 73 44 100 82 10 98 89 20 
27 84 24 76 31 44 66 64 158 
78 64 59 102 44 47 32 85 351 
66 34 25 44 37 24 53 8 304 
56 73 78 69 47 22 46 101 298 
74 89 21 23 42 16 46 32 152 
2 41 31 99 71 99 24 35 226 
84 85 48 3 25 25 69 12 374 
64 11 19 39 58 45 74 60 392 
69 44 94 11 100 8 87 53 274 
47 60 4 81 47 14 67 65 68 
28 73 67 98 56 32 25 84 84 
22 66 85 88 27 13 3 56 368 
65 75 87 43 18 74 58 24 214 
92 85 66 7 74 95 28 48 355 
33 74 91 64 88 18 88 67 357 
86 61 35 93 80 93 24 3 367 
33 88 57 95 42 34 80 35 401 
58 17 93 93 62 81 26 72 338 
4 3 89 71 57 53 86 74 258 
21 100 7 76 86 73 5 97 245 
34 40 34 59 86 55 20 32 205 
98 95 101 56 70 11 10 22 407 
5 65 33 6 11 70 71 60 143 
95 84 33 22 90 67 21 94 128 
53 47 19 36 53 27 3 90 322 
