4 8
100
14 16 93 93 1253 
47 98 39 70 526 
34 20 58 101 501 
33 64 64 35 1273 
23 81 43 86 172 
94 27 62 63 1093 
63 40 19 70 193 
47 90 14 63 541 
15 92 54 81 637 
8 79 17 37 1596 
99 52 24 88 794 
34 76 9 83 1384 
22 38 77 3 1163 
96 3 90 89 1392 
45 52 3 2 1069 
32 30 64 47 71 
17 12 28 65 1146 
13 17 33 21 1299 
74 83 33 78 212 
79 17 53 10 737 
7 91 30 51 895 
49 51 24 23 302 
7 14 64 79 1147 
12 12 14 33 983 
81 72 71 9 222 
64 21 27 89 1445 
17 78 56 102 1613 
27 84 79 11 382 
64 95 12 3 1224 
62 20 56 8 44 
69 5 23 50 1087 
37 23 22 38 1509 
30 26 37 34 55 
30 59 65 80 736 
30 35 6 9 1597 
87 63 70 34 870 
46 67 21 87 348 
14 58 9 35 1042 
7 64 43 18 1557 
41 60 80 100 764 
5 58 78 63 1214 
36 101 15 52 1327 
77 55 90 85 791 
65 6 52 13 1483 
74 52 31 16 660 
69 94 89 14 964 
29 85 72 88 821 
90 91 61 12 1419 
15 44 59 54 1457 
54 75 60 70 529 
37 10 69 9 1214 
55 28 64 22 127 
44 14 4 93 891 
94 85 4 34 981 
76 48 42 26 1269 
32 95 79 27 1443 
95 36 22 81 398 
20 18 65 13 1594 
64 29 40 5 734 
3 43 68 99 1595 
71 73 28 10 945 
91 71 45 31 725 
61 51 39 34 239 
10 94 24 68 593 
77 21 93 37 1602 
50 9 39 81 1248 
91 29 82 29 313 
24 10 14 24 577 
51 76 36 69 630 
15 91 8 90 602 
11 21 2 63 371 
52 82 93 12 164 
84 34 65 55 902 
34 71 12 15 1508 
2 82 2 33 1418 
3 87 26 98 1392 
61 3 51 44 1098 
72 29 21 6 1129 
44 19 5 14 876 
19 13 83 14 106 
46 81 95 98 600 
31 20 71 76 353 
67 57 97 26 836 
82 85 23 87 1387 
7 52 8 46 817 
85 80 91 79 1134 
93 6 15 92 678 
82 10 55 8 624 
54 60 46 85 76 
89 23 80 63 1195 
36 91 98 29 22 
95 75 52 48 870 
54 32 93 7 506 
63 45 8 85 1165 
74 32 17 49 544 
49 8 25 41 1030 
64 101 30 6 579 
3 10 88 90 785 
9 60 9 54 1413 
24 69 42 54 719 
