8 8
100
28 4 37 3 32 24 25 65 693 
66 81 73 45 33 9 7 24 1419 
12 8 22 39 8 98 40 71 1081 
37 24 48 54 100 55 88 47 943 
93 53 89 42 56 81 88 50 595 
88 75 9 83 6 55 28 64 1303 
98 91 98 41 66 63 58 90 671 
99 15 82 19 60 88 52 16 1163 
102 72 54 43 53 60 62 54 1569 
61 56 20 95 28 38 75 91 911 
64 55 89 28 86 68 40 91 583 
58 71 17 23 33 92 84 28 1517 
30 57 40 40 81 14 67 99 555 
25 6 89 47 46 71 32 90 998 
86 76 87 88 6 64 24 6 1355 
83 41 25 30 13 2 45 47 554 
20 26 76 77 63 89 34 17 1397 
51 13 27 48 92 46 31 100 849 
10 45 54 79 18 76 31 86 946 
13 96 95 89 4 101 37 15 1045 
89 10 15 100 56 91 78 75 1518 
60 37 50 81 102 15 50 37 40 
84 43 10 102 49 79 32 23 341 
95 65 11 28 14 79 82 44 1463 
41 12 91 65 3 45 83 73 810 
12 34 96 81 40 69 99 54 1177 
58 90 64 39 70 35 70 85 174 
86 35 25 73 102 60 26 11 422 
15 22 42 67 20 78 29 22 1455 
28 16 26 45 31 61 7 26 881 
30 4 43 59 97 20 34 100 618 
29 41 34 38 58 31 43 85 539 
34 92 72 88 11 51 45 44 1132 
88 43 6 66 67 78 6 98 117 
87 59 27 24 35 22 40 2 1326 
59 92 60 97 4 48 28 75 543 
86 44 95 95 15 55 50 48 925 
36 65 75 58 34 62 24 58 440 
10 12 59 51 50 11 69 88 846 
13 93 41 60 39 94 45 22 875 
16 94 45 74 76 89 66 6 614 
10 3 59 100 75 48 21 20 1038 
78 37 97 86 27 29 3 39 894 
19 78 27 83 15 15 8 10 1046 
85 39 38 72 87 46 73 61 1393 
96 15 20 96 41 21 30 69 1379 
61 32 69 19 72 39 35 48 460 
14 29 90 47 94 68 84 37 1329 
30 8 52 53 15 68 43 9 397 
39 26 39 8 55 48 30 49 1267 
99 69 69 102 39 41 17 61 537 
99 51 23 54 14 6 40 3 992 
36 10 20 3 77 65 14 98 370 
93 8 76 44 19 47 90 87 1119 
17 30 71 13 38 55 35 46 941 
5 87 14 35 70 54 87 96 642 
62 98 94 5 89 43 18 26 871 
61 58 35 79 66 29 37 25 1191 
94 25 74 67 70 33 7 11 183 
13 61 40 24 58 25 7 30 1447 
79 13 43 30 97 14 102 76 1442 
27 29 22 86 99 47 81 96 1150 
69 97 30 62 100 80 32 8 1066 
17 39 101 12 73 38 41 60 190 
34 66 30 63 67 96 45 83 1350 
93 28 64 95 45 64 55 41 535 
63 19 15 65 100 91 48 86 601 
91 17 57 86 48 41 36 49 494 
44 8 33 35 19 19 97 41 1292 
6 25 96 39 59 35 6 80 681 
100 71 68 41 17 82 60 56 1068 
29 9 83 25 61 98 34 12 535 
4 30 101 98 70 60 12 45 1009 
45 54 60 25 82 70 99 38 1267 
66 5 93 53 77 65 54 70 534 
100 83 66 100 7 49 102 4 816 
44 4 4 10 31 74 20 17 40 
9 6 28 15 28 26 21 70 118 
44 53 54 38 46 102 28 14 1007 
100 47 49 13 25 81 20 57 549 
78 59 77 21 34 62 63 47 1036 
8 87 57 42 81 39 42 60 823 
100 8 60 4 84 19 13 22 1149 
58 98 84 50 97 73 92 44 187 
34 25 21 94 77 101 38 21 441 
9 60 67 11 74 67 30 22 788 
77 76 77 60 10 14 92 7 791 
84 61 92 86 52 39 28 9 586 
33 7 34 61 67 64 92 6 1014 
7 48 27 19 21 77 25 16 1110 
39 76 16 9 4 71 53 56 989 
39 25 10 30 86 66 31 99 243 
19 19 11 14 71 7 52 87 965 
26 67 42 16 63 38 71 91 545 
24 26 5 64 10 13 4 54 1329 
56 79 65 62 90 24 62 8 1594 
61 26 7 12 59 19 12 29 1460 
23 25 63 74 61 96 33 9 1187 
13 56 11 100 13 18 25 98 134 
98 65 79 20 56 57 40 12 1065 
