4 4
100
5 71 18 55 600 
15 71 39 2 439 
90 53 51 82 169 
92 41 81 35 556 
33 63 89 19 797 
40 5 11 37 670 
82 96 18 71 792 
52 45 44 96 399 
21 5 79 68 228 
29 12 87 54 45 
5 93 62 86 661 
45 84 101 58 290 
12 61 4 20 600 
97 37 82 85 577 
49 99 87 86 398 
30 85 23 91 573 
30 20 60 32 643 
91 36 34 90 443 
70 46 88 61 315 
62 3 61 95 272 
94 32 5 83 478 
8 7 78 37 431 
62 63 12 87 65 
95 3 74 41 686 
63 5 94 30 21 
5 13 29 47 721 
29 26 30 58 636 
100 17 79 73 593 
86 60 99 37 773 
10 36 3 53 374 
61 31 22 11 592 
92 40 76 80 455 
98 80 32 49 208 
37 35 56 10 85 
79 26 3 69 816 
5 8 59 36 774 
71 12 78 102 239 
101 6 21 85 721 
62 43 101 17 629 
8 30 52 12 485 
77 82 96 43 558 
37 29 55 11 569 
86 83 43 86 711 
88 4 33 20 218 
33 16 73 21 414 
39 27 88 92 769 
77 57 49 76 166 
90 18 37 33 766 
74 53 12 16 38 
80 2 17 30 743 
5 99 35 85 233 
63 12 76 92 260 
12 43 66 17 773 
31 36 68 65 806 
72 69 101 26 449 
82 6 59 17 591 
38 13 60 101 741 
80 25 65 48 485 
81 44 47 102 687 
32 89 97 21 618 
46 36 53 32 173 
38 100 11 31 396 
59 55 62 20 779 
101 86 67 26 139 
8 73 22 6 167 
30 24 101 42 201 
95 10 40 41 234 
4 61 30 80 445 
82 16 37 100 19 
28 84 30 6 694 
49 24 74 4 570 
75 16 49 11 756 
17 101 71 6 455 
51 17 23 91 762 
42 58 89 71 304 
94 38 25 4 773 
48 96 97 57 635 
73 39 38 71 456 
90 14 21 87 324 
83 47 33 44 435 
13 64 41 13 367 
93 37 4 67 634 
38 93 47 16 379 
23 6 16 28 694 
14 81 53 35 42 
30 39 4 32 457 
49 8 83 51 687 
87 57 86 12 706 
38 37 73 94 159 
100 69 6 41 153 
79 32 6 59 337 
33 12 7 8 138 
57 34 74 11 247 
33 12 98 32 502 
68 22 7 42 403 
79 10 61 16 60 
63 34 66 13 641 
19 3 26 10 432 
76 52 80 95 262 
5 65 64 64 721 
