6 4
100
84 41 74 43 101 86 360 
36 98 90 15 31 16 260 
46 64 38 78 27 75 305 
88 84 75 83 12 52 590 
95 60 43 47 98 76 581 
67 34 32 14 48 35 719 
7 81 84 78 100 39 679 
19 84 96 25 78 19 783 
59 101 62 91 35 74 336 
40 50 70 34 42 63 647 
32 8 65 81 42 51 665 
5 93 7 14 16 91 625 
78 49 24 22 59 77 63 
35 72 25 15 63 49 545 
34 17 45 60 78 6 708 
78 33 47 38 70 16 446 
10 57 79 22 85 66 507 
3 48 14 85 87 74 788 
37 42 68 81 4 17 577 
78 64 56 40 87 92 812 
18 79 86 91 63 55 203 
17 49 95 81 85 7 255 
71 33 77 93 34 92 336 
93 80 59 68 102 86 267 
95 24 84 100 77 65 694 
71 30 96 27 21 74 167 
96 75 2 22 12 42 59 
33 81 49 55 102 60 206 
101 29 25 63 71 94 184 
26 13 83 10 44 48 815 
4 83 68 16 20 23 792 
7 59 48 92 46 28 502 
45 37 47 77 6 62 574 
3 73 66 52 82 100 568 
64 21 14 70 96 9 240 
100 83 41 83 40 30 761 
72 78 73 27 69 63 660 
78 38 35 40 88 32 8 
12 5 66 41 25 30 356 
40 37 24 53 21 34 371 
56 8 96 68 34 79 259 
97 94 27 15 39 91 699 
85 81 31 9 79 30 718 
80 77 45 17 2 52 262 
43 51 76 50 31 37 179 
32 41 74 56 55 71 125 
12 41 27 88 41 60 451 
58 95 45 43 6 59 623 
33 53 54 34 29 102 437 
45 53 67 10 55 66 429 
42 60 55 27 61 75 555 
38 19 31 64 94 79 699 
59 33 9 27 80 47 812 
90 22 25 27 72 64 547 
91 62 79 88 96 5 132 
37 92 18 47 87 10 776 
36 25 72 37 25 70 708 
22 61 86 77 21 55 425 
39 33 101 92 13 3 387 
60 54 78 100 76 72 177 
43 92 82 95 39 6 445 
100 55 92 49 96 82 561 
3 96 12 77 52 66 796 
61 19 57 75 10 50 621 
73 96 39 51 100 67 645 
70 5 84 84 51 99 327 
80 11 45 20 23 81 459 
60 68 25 26 8 26 667 
75 27 22 31 59 80 218 
61 55 100 98 17 92 271 
92 30 96 3 69 60 661 
10 14 58 89 71 22 109 
30 17 26 95 43 99 776 
80 64 54 94 21 15 162 
59 47 24 7 91 25 552 
39 31 25 41 68 3 536 
15 66 44 89 61 15 248 
40 76 5 76 94 40 102 
69 43 11 50 46 63 417 
69 36 84 82 99 48 742 
88 3 56 77 99 31 529 
99 12 6 62 102 91 154 
73 21 33 98 87 57 576 
90 16 93 24 41 17 378 
33 63 9 64 70 41 429 
75 51 102 98 11 49 567 
33 7 89 46 74 34 785 
17 53 86 13 92 22 800 
89 64 54 59 17 21 546 
51 99 100 34 52 68 799 
72 34 2 79 10 3 459 
11 6 80 70 84 52 130 
12 25 53 80 21 56 706 
89 49 41 96 31 5 670 
9 91 14 24 68 100 369 
21 86 37 84 21 44 630 
60 76 91 34 71 53 321 
76 50 56 33 14 13 676 
86 64 85 81 101 76 18 
17 68 48 18 54 73 744 
