8 6
100
7 70 39 30 101 78 92 56 1066 
11 77 64 75 86 85 80 23 206 
59 25 96 80 67 38 23 64 1158 
72 39 7 34 45 41 11 65 143 
7 48 13 92 90 19 78 53 734 
79 98 43 32 90 48 57 76 803 
17 29 6 3 9 38 83 22 211 
84 79 34 25 65 23 74 75 912 
7 70 37 79 4 15 78 46 815 
56 42 51 62 79 70 75 97 435 
10 5 41 77 11 70 102 96 910 
30 56 35 21 60 17 73 52 85 
32 39 27 92 28 65 72 29 982 
70 24 2 66 51 70 88 66 855 
37 32 61 69 80 10 41 50 1105 
36 36 84 37 91 29 64 45 706 
12 19 80 78 7 83 90 34 886 
76 66 7 66 36 97 47 38 241 
50 65 62 19 53 79 75 38 1138 
100 35 35 76 4 8 13 78 569 
94 61 27 80 82 48 37 67 1027 
88 72 3 89 92 55 9 16 977 
100 95 68 2 5 71 90 91 1210 
41 2 64 100 55 60 50 55 936 
96 72 85 16 84 88 96 89 814 
94 13 45 83 68 90 29 15 1012 
82 94 58 58 92 93 49 98 793 
24 89 18 45 41 39 78 15 542 
99 86 13 82 9 18 5 98 952 
58 60 36 76 74 43 77 70 752 
23 40 82 94 69 88 24 74 1221 
52 51 74 8 6 55 46 32 352 
74 3 87 41 55 95 15 93 469 
33 50 18 77 70 73 78 58 911 
66 6 19 27 60 37 19 54 579 
7 51 56 83 32 43 14 5 822 
79 83 87 89 81 78 50 93 295 
86 77 83 3 33 50 81 82 320 
14 49 45 52 25 3 48 10 513 
86 52 20 76 65 66 6 101 915 
92 79 27 43 79 69 13 35 951 
68 6 21 8 4 52 17 2 692 
27 29 60 86 43 74 36 65 502 
8 12 13 19 99 34 76 92 32 
3 73 71 77 40 92 25 82 41 
25 80 50 70 61 65 10 81 880 
18 8 39 55 8 16 28 7 284 
68 51 9 89 34 14 50 16 356 
89 51 91 70 62 62 71 13 1043 
94 41 53 50 11 20 62 59 1028 
68 50 67 57 51 35 69 59 392 
98 38 48 39 22 47 36 23 373 
85 50 47 79 86 97 31 36 813 
74 20 41 92 29 77 30 84 809 
66 34 102 57 3 5 30 75 924 
41 58 21 8 16 91 89 79 112 
41 91 66 72 29 17 69 97 479 
95 8 11 73 10 40 81 72 1093 
32 30 49 44 51 14 21 92 954 
50 68 6 52 5 53 68 91 1139 
4 95 7 87 90 9 66 37 820 
69 70 49 83 29 46 101 59 598 
64 99 42 54 53 39 40 21 345 
37 44 5 60 7 21 47 78 942 
86 48 42 42 79 15 47 54 268 
32 69 41 62 53 48 4 6 1130 
55 52 44 70 49 71 81 31 1139 
66 11 65 30 38 53 69 17 137 
11 24 21 29 9 101 17 9 643 
91 77 93 59 58 3 29 94 318 
37 18 101 73 64 50 22 83 529 
61 4 33 90 96 38 37 95 1007 
75 27 45 46 55 42 19 92 668 
4 9 56 64 3 46 27 34 1206 
14 41 62 73 9 28 58 58 63 
24 3 83 57 24 65 21 56 820 
85 93 65 61 56 74 96 20 911 
92 99 3 89 65 63 40 24 664 
24 4 20 19 90 99 37 97 1083 
75 49 86 93 45 50 79 45 507 
37 56 87 90 79 91 54 68 723 
6 37 40 22 19 2 11 99 642 
51 68 5 69 26 61 86 22 876 
92 101 56 55 12 22 22 5 841 
72 37 26 31 67 24 40 33 739 
52 55 31 86 84 48 97 30 940 
41 70 32 27 6 59 19 64 822 
7 53 26 20 102 17 33 41 757 
30 22 3 82 31 95 101 36 822 
44 8 19 10 60 84 45 83 422 
41 46 33 69 14 5 57 35 973 
38 33 55 17 55 45 86 69 100 
78 60 41 39 29 72 92 77 679 
52 98 95 44 77 21 82 95 1164 
33 63 10 100 27 98 16 65 32 
16 29 56 76 26 93 76 70 286 
97 4 19 63 79 38 50 7 453 
88 96 58 37 37 62 50 56 74 
102 80 35 45 25 66 69 78 590 
4 78 74 4 70 10 97 87 1114 
