2 8
100
49 10 1219 
32 69 1183 
4 57 650 
25 85 731 
101 69 1514 
41 6 915 
81 62 1405 
2 4 923 
99 81 1468 
55 71 418 
76 4 1311 
34 99 998 
98 95 272 
53 86 244 
24 80 354 
84 9 689 
47 17 235 
23 34 308 
62 49 93 
20 35 1430 
85 51 1405 
16 51 1324 
66 69 1131 
34 45 184 
41 30 1242 
73 80 392 
37 17 1172 
50 11 882 
13 56 1143 
64 74 815 
58 79 989 
31 70 564 
31 10 485 
42 19 656 
75 15 1168 
5 83 59 
45 91 1131 
84 85 285 
18 37 662 
34 5 1547 
13 5 1555 
21 78 1075 
53 13 974 
44 44 1152 
96 96 1601 
34 77 1557 
84 10 1187 
68 21 1357 
83 76 1535 
45 15 552 
96 99 77 
37 31 236 
47 56 606 
8 55 1152 
46 3 754 
101 89 1451 
21 86 977 
47 52 1550 
24 47 1372 
14 41 39 
74 9 1591 
28 50 748 
68 61 1063 
86 89 349 
60 79 907 
4 25 290 
39 84 1410 
7 26 472 
76 51 769 
12 15 1383 
32 35 245 
37 36 738 
75 20 875 
2 35 459 
26 37 1589 
40 89 1189 
41 22 362 
68 77 926 
18 69 1361 
71 54 1610 
101 58 762 
82 55 884 
8 26 702 
12 31 76 
66 39 804 
60 83 1445 
33 37 1015 
76 72 1515 
65 66 940 
60 21 1098 
64 6 1079 
57 4 1249 
83 45 1338 
45 34 1033 
32 31 1484 
20 4 629 
10 59 1391 
97 39 272 
38 27 1404 
56 20 1461 
