6 6
100
18 5 49 76 69 40 1171 
70 5 31 83 25 66 636 
100 25 87 92 35 43 839 
21 45 32 94 11 7 366 
82 66 75 46 61 43 776 
43 73 17 18 82 77 679 
34 4 23 46 54 37 624 
25 18 21 5 41 63 1194 
62 19 84 60 35 68 1073 
41 58 38 65 25 91 701 
53 72 77 55 68 15 1067 
43 11 50 59 72 81 691 
50 56 43 23 82 68 993 
57 35 60 49 12 70 1138 
48 87 83 31 48 96 883 
48 46 52 75 50 12 223 
9 36 3 65 89 33 1113 
3 97 44 45 25 78 1184 
39 19 8 58 47 96 1164 
27 69 29 26 87 86 19 
12 93 50 33 57 65 579 
101 58 86 25 38 4 554 
92 40 88 26 20 77 118 
29 47 19 5 18 25 1011 
69 76 41 4 49 92 1113 
6 97 14 69 15 51 465 
63 23 36 11 94 52 433 
31 43 2 70 11 94 1014 
48 33 30 41 42 67 392 
85 48 23 91 14 56 1050 
46 76 58 6 28 74 818 
26 85 96 26 75 49 470 
34 41 36 40 100 10 706 
65 86 30 75 87 8 952 
78 15 22 82 98 51 1042 
69 46 65 85 22 18 278 
51 36 17 69 19 96 618 
9 89 53 17 48 30 988 
92 30 33 43 68 91 590 
72 76 46 79 100 55 799 
97 72 57 79 94 37 179 
52 15 8 69 14 29 842 
27 70 67 51 23 6 942 
17 34 44 57 29 77 958 
62 73 91 22 42 87 147 
19 98 40 56 95 68 497 
18 27 76 55 64 81 550 
8 82 30 79 51 90 976 
40 15 25 67 62 38 1102 
44 19 50 74 44 59 109 
74 29 97 30 40 38 1218 
9 70 3 67 97 35 657 
93 63 45 94 99 34 958 
85 17 91 35 32 52 904 
10 28 83 21 25 38 418 
54 35 50 13 54 82 386 
47 23 102 67 5 38 621 
58 7 82 47 27 32 1089 
14 8 97 10 88 28 1211 
44 22 48 75 99 22 477 
30 97 83 47 54 49 470 
96 91 69 29 16 25 643 
23 3 76 100 8 47 493 
29 55 4 68 57 34 31 
3 56 95 7 19 14 334 
12 101 2 75 86 53 226 
19 30 83 74 5 48 264 
21 74 77 94 77 101 23 
44 81 81 99 16 38 1136 
37 77 24 99 13 27 134 
4 76 27 24 96 24 125 
27 23 96 54 88 83 1005 
84 20 16 44 15 28 839 
22 23 77 71 17 28 995 
55 61 77 93 23 13 210 
100 51 72 82 79 94 206 
60 87 48 30 57 13 651 
58 10 57 100 102 44 999 
55 52 55 82 98 31 877 
64 21 63 67 72 67 1039 
71 46 64 38 36 54 769 
37 32 43 62 17 30 1187 
54 22 95 23 70 38 543 
101 19 2 83 65 47 1173 
68 87 66 87 48 70 1072 
66 95 64 68 93 21 219 
23 14 22 83 3 77 126 
101 70 45 4 32 43 855 
29 64 58 73 9 69 846 
47 79 77 71 62 11 1075 
29 33 58 80 19 29 961 
7 82 101 64 73 88 822 
19 22 85 18 30 20 450 
33 9 97 86 54 51 929 
37 48 14 43 67 24 884 
39 90 26 15 16 93 273 
84 58 11 38 83 4 343 
59 94 55 34 94 53 1178 
26 63 96 67 80 5 859 
37 89 23 7 65 97 977 
