4 6
100
70 69 70 98 61 
7 76 46 56 866 
47 24 29 5 630 
15 92 76 58 750 
92 92 69 33 865 
58 51 52 77 1116 
6 34 14 34 1021 
81 82 82 30 785 
24 14 33 57 962 
5 22 35 99 967 
91 26 9 12 937 
80 2 39 27 599 
58 25 71 65 814 
15 12 96 22 890 
35 12 48 94 484 
80 61 14 55 824 
38 17 56 98 24 
82 27 4 58 65 
81 45 57 81 98 
100 45 70 90 804 
96 28 16 26 558 
82 80 17 73 1207 
21 90 86 60 164 
43 72 75 64 1054 
90 10 41 16 1152 
92 56 69 86 505 
37 93 26 89 902 
12 4 32 52 271 
4 12 33 59 1051 
93 62 99 68 823 
31 72 8 4 953 
88 89 101 32 679 
27 13 33 32 779 
30 66 99 86 47 
41 42 25 41 1024 
80 79 84 31 43 
33 59 3 19 156 
67 87 24 11 1074 
24 4 102 97 1184 
94 80 3 95 709 
29 65 15 64 346 
90 49 69 20 1220 
11 8 73 28 306 
70 11 17 19 1203 
45 44 89 99 997 
39 42 30 45 1126 
102 77 90 73 934 
70 46 41 91 297 
21 21 5 12 962 
18 34 75 72 352 
84 66 86 97 186 
87 78 18 83 1122 
50 21 26 28 1223 
36 20 102 52 703 
26 72 28 95 975 
26 40 80 20 796 
7 69 60 16 122 
38 93 95 58 1113 
94 30 61 99 929 
102 97 79 12 550 
101 34 25 15 62 
14 40 93 18 1111 
49 100 100 18 1063 
84 62 12 19 783 
44 27 46 61 802 
98 13 31 19 975 
32 63 70 75 810 
75 45 47 11 1195 
100 2 79 67 538 
96 32 45 12 1155 
42 87 62 48 33 
76 89 66 49 113 
3 11 76 38 748 
88 32 27 52 169 
40 17 3 21 806 
44 50 81 17 874 
68 70 21 25 493 
47 3 24 73 1127 
88 81 100 2 1186 
91 28 43 6 711 
66 6 95 99 689 
27 86 43 82 743 
29 10 51 78 526 
34 93 53 98 199 
87 9 57 60 344 
61 19 3 24 941 
17 8 78 59 88 
64 77 24 69 193 
63 62 44 12 803 
80 32 24 59 791 
100 77 48 90 895 
59 52 38 71 1192 
10 85 21 5 553 
22 34 94 71 992 
60 71 86 82 676 
27 67 47 94 615 
30 96 45 60 962 
42 63 90 86 614 
14 41 55 71 98 
80 42 41 67 555 
