4 6
100
14 79 52 66 441 
4 91 62 91 95 
16 81 88 66 924 
78 20 56 43 258 
3 59 91 72 1064 
27 48 79 55 1068 
65 20 4 59 805 
101 98 59 21 949 
30 39 26 69 1101 
93 96 22 86 866 
97 77 16 43 974 
57 90 83 79 132 
58 13 9 4 552 
99 78 31 100 939 
82 64 36 66 1133 
67 35 25 82 1176 
34 28 96 84 1129 
90 5 63 80 128 
13 17 82 11 267 
19 32 24 24 1143 
16 67 24 9 1111 
35 43 53 51 183 
24 67 3 83 966 
32 20 27 12 704 
95 17 53 90 805 
67 84 27 44 926 
37 14 3 88 1000 
69 5 89 93 720 
49 55 15 65 1079 
48 16 101 32 1121 
101 7 14 66 2 
101 16 36 43 317 
53 17 10 75 976 
13 66 17 101 146 
29 32 36 53 135 
43 5 90 102 245 
53 85 98 53 933 
33 102 39 88 1009 
55 71 48 68 92 
33 46 42 85 949 
84 101 102 20 793 
71 73 63 55 727 
99 28 37 23 917 
70 22 60 99 601 
13 29 30 19 716 
60 87 70 46 976 
99 65 7 24 469 
54 86 79 88 89 
62 41 86 29 1049 
30 36 27 93 480 
13 88 45 36 814 
57 73 85 62 84 
86 5 19 76 769 
36 23 15 85 287 
87 44 74 92 1094 
74 45 3 33 380 
26 62 79 7 838 
12 22 72 58 1025 
82 3 20 81 279 
59 24 12 66 635 
8 24 44 69 667 
71 16 55 47 1154 
13 72 54 31 1013 
27 27 14 7 644 
16 53 59 101 527 
86 27 95 69 398 
52 35 39 81 304 
4 20 12 52 1218 
98 69 27 64 889 
13 51 91 98 1200 
33 11 7 14 466 
57 67 44 26 864 
46 23 88 15 538 
80 35 74 6 984 
8 17 64 8 694 
49 28 97 29 397 
37 38 98 71 13 
43 30 27 43 853 
40 78 88 82 676 
76 83 15 20 1161 
80 79 87 18 1124 
18 49 102 57 1113 
31 72 17 94 440 
11 27 19 14 36 
52 10 33 36 525 
32 32 85 52 1006 
68 15 79 34 668 
60 52 82 79 1038 
96 31 72 52 498 
70 63 96 46 569 
51 65 3 17 555 
72 48 53 75 755 
88 67 51 75 302 
18 94 85 40 953 
60 47 42 29 112 
23 39 83 96 917 
71 38 41 6 403 
5 15 65 89 1030 
15 102 9 18 1205 
31 82 99 28 306 
