4 6
100
97 94 32 43 1111 
83 15 13 6 658 
23 45 4 17 971 
93 100 82 79 232 
89 69 12 82 841 
35 77 51 41 1189 
27 27 13 76 669 
64 65 10 79 452 
64 28 58 49 951 
24 21 8 18 348 
59 38 77 39 814 
30 83 51 74 703 
8 66 74 9 357 
98 35 31 63 213 
31 92 5 42 692 
63 13 66 5 567 
16 71 35 13 488 
90 52 76 9 325 
83 16 37 21 378 
100 56 51 20 996 
92 92 47 101 1219 
69 35 37 82 69 
20 20 48 28 527 
39 33 63 69 501 
48 60 23 36 448 
17 57 86 11 712 
9 64 48 23 691 
26 26 36 13 890 
57 17 96 4 110 
65 69 11 78 1145 
69 95 83 79 427 
33 71 13 64 1035 
14 51 28 24 1211 
58 74 27 72 233 
15 100 53 97 1050 
34 66 22 27 902 
50 47 10 17 1114 
16 82 70 89 306 
57 15 74 28 739 
8 90 74 5 651 
93 44 42 59 980 
72 44 89 93 38 
69 51 87 91 447 
69 43 13 33 1043 
77 6 41 47 784 
3 28 26 37 972 
45 94 19 74 1017 
8 8 53 37 264 
74 96 79 86 707 
8 30 85 92 1142 
68 80 43 19 950 
89 5 97 95 973 
46 20 54 14 729 
77 34 15 8 373 
63 92 77 12 169 
84 29 57 89 716 
75 45 36 43 170 
68 53 102 97 1178 
5 13 60 58 954 
55 44 67 26 1011 
75 16 79 62 395 
78 4 34 6 1173 
62 50 10 37 80 
3 86 13 100 1147 
26 35 20 11 340 
52 34 21 34 738 
42 63 33 7 1043 
61 68 77 11 467 
65 21 98 101 443 
56 5 25 52 947 
72 33 69 32 715 
42 98 70 34 1004 
45 85 2 46 681 
101 20 5 52 586 
37 11 4 62 372 
7 39 21 75 900 
49 12 72 56 1107 
12 96 2 48 549 
65 100 45 29 1158 
82 21 54 45 459 
39 102 75 4 522 
63 31 9 2 655 
5 79 97 60 429 
36 15 48 55 562 
6 19 59 7 1043 
39 68 77 67 613 
88 87 78 38 453 
49 39 70 14 364 
83 89 2 95 507 
88 5 86 94 747 
69 75 101 100 405 
21 45 70 19 69 
97 56 44 52 828 
20 2 61 24 1076 
99 47 36 26 792 
19 19 66 66 1213 
36 84 85 7 1017 
14 88 81 5 219 
6 71 53 8 429 
29 48 52 27 281 
