2 6
100
72 51 911 
57 69 552 
89 83 779 
73 88 1188 
52 54 156 
24 38 1092 
3 87 343 
11 37 725 
83 44 266 
80 15 599 
63 28 1087 
41 76 1110 
25 19 1121 
79 69 31 
44 2 795 
43 93 985 
48 58 560 
4 67 1129 
87 63 177 
17 76 310 
25 10 832 
17 12 744 
10 12 950 
24 101 231 
100 26 221 
28 69 418 
96 42 617 
43 35 699 
5 61 743 
99 56 164 
78 10 524 
68 56 725 
36 29 1104 
6 34 991 
5 26 704 
29 7 502 
76 62 1149 
82 23 417 
77 84 924 
13 13 632 
2 14 689 
66 48 1107 
78 33 863 
61 93 488 
46 92 100 
71 40 111 
102 78 662 
22 24 1156 
21 98 1067 
11 93 875 
86 26 195 
41 6 254 
27 40 959 
69 53 900 
72 18 840 
56 38 381 
28 8 537 
69 13 432 
100 82 1095 
64 47 606 
5 69 489 
101 77 829 
26 7 1051 
89 47 1223 
33 35 313 
83 51 82 
28 67 732 
58 85 1052 
30 19 151 
83 43 294 
33 65 1145 
31 66 1022 
36 73 498 
3 32 382 
47 41 745 
46 38 964 
12 19 379 
85 38 976 
92 49 1035 
56 73 709 
57 45 787 
64 58 1001 
8 4 842 
44 49 956 
68 27 433 
31 13 543 
27 86 994 
35 73 296 
95 50 332 
16 41 207 
101 82 1222 
85 47 1060 
69 85 1008 
81 40 421 
12 70 857 
55 19 136 
46 63 441 
42 31 1074 
79 24 890 
42 71 98 
