8 8
100
20 74 84 99 27 55 78 64 1394 
101 24 87 19 64 60 94 75 1066 
69 65 11 61 37 82 98 48 1338 
65 69 81 70 96 57 24 67 881 
4 20 26 35 86 101 76 95 415 
101 101 83 31 16 75 43 61 238 
100 61 38 4 3 81 74 15 1551 
9 33 29 31 97 99 6 92 892 
44 35 81 13 86 44 57 99 776 
3 36 55 8 29 37 43 26 99 
19 2 19 46 64 73 6 70 1018 
100 72 5 86 27 26 20 102 416 
38 89 77 97 49 6 34 72 1292 
44 3 6 94 90 73 93 89 1467 
40 99 74 10 9 19 82 59 442 
46 19 11 31 90 29 12 7 605 
33 25 55 14 15 94 94 63 1091 
60 8 83 34 95 40 36 82 38 
56 30 82 60 17 92 79 90 869 
72 16 15 79 84 85 36 62 1047 
38 27 87 82 18 47 52 23 833 
47 14 26 74 97 10 27 58 1262 
59 74 10 65 37 27 40 24 779 
56 83 26 101 100 35 75 99 898 
20 76 14 37 10 96 41 34 1233 
31 100 21 7 54 28 8 80 1427 
58 75 92 61 44 95 100 98 650 
29 49 16 92 101 100 55 9 1340 
67 24 66 16 26 5 52 11 405 
31 51 32 99 95 22 48 19 394 
67 60 34 21 39 15 56 14 1387 
63 41 101 23 55 46 46 43 913 
25 44 51 89 12 35 70 71 768 
12 32 56 96 46 83 76 90 808 
52 48 87 53 62 14 20 90 1142 
28 10 98 87 55 54 66 25 1227 
77 79 50 101 53 71 68 46 1332 
33 69 97 20 49 67 97 96 1554 
73 74 84 39 71 23 65 45 987 
53 27 79 4 32 24 8 101 172 
3 52 97 18 88 18 32 89 350 
77 10 63 34 93 61 59 95 830 
95 39 10 29 39 10 10 17 316 
6 31 39 75 13 50 56 96 716 
2 57 88 67 9 84 2 89 572 
101 21 36 20 47 39 73 15 1006 
4 77 16 89 10 73 99 28 958 
86 4 98 15 80 99 17 58 619 
67 30 33 29 29 51 75 11 1571 
87 88 85 102 4 101 89 54 313 
32 15 49 17 70 83 25 18 1388 
41 89 43 39 5 91 101 8 1386 
33 78 50 67 16 101 77 14 655 
77 86 2 100 28 28 80 87 703 
93 52 62 52 5 13 66 36 357 
57 50 84 96 3 98 16 58 1248 
73 67 101 50 42 58 43 50 514 
87 43 63 17 61 21 48 10 921 
27 83 74 39 2 82 80 21 1042 
60 83 86 7 86 72 51 9 320 
46 45 11 5 11 58 81 82 1525 
63 42 91 66 50 94 41 90 1213 
6 36 67 22 72 23 95 85 1088 
50 82 59 92 68 54 101 4 1062 
49 24 74 19 60 23 88 19 1299 
77 96 35 93 67 98 98 47 1185 
56 26 75 90 13 28 91 34 1626 
39 73 76 38 67 48 29 94 1086 
4 90 78 46 35 55 43 20 1460 
36 59 17 63 96 23 82 47 1279 
94 61 13 48 30 28 23 52 755 
8 40 31 89 66 75 31 96 938 
98 12 93 22 49 95 39 57 1222 
87 77 78 55 59 22 70 38 552 
57 58 62 52 25 86 9 38 1293 
63 49 95 44 34 2 66 86 564 
90 73 14 20 12 74 53 38 1211 
72 55 84 10 21 30 41 76 622 
100 48 89 9 15 14 16 78 139 
84 45 45 78 91 75 88 82 1053 
24 39 48 89 101 89 12 39 1345 
99 55 30 67 5 60 64 68 625 
50 83 60 2 6 36 66 71 1532 
33 96 66 11 24 41 65 19 600 
94 12 48 102 99 78 31 19 380 
83 19 41 87 15 25 37 40 1614 
8 24 35 14 25 32 95 81 695 
20 90 32 90 4 88 24 72 912 
94 50 86 84 73 90 13 85 862 
57 48 83 43 77 86 43 59 1548 
6 82 89 19 9 21 36 13 465 
95 95 17 55 65 45 69 45 1472 
17 27 53 47 3 42 79 41 539 
63 79 15 48 49 47 93 20 1482 
71 77 43 67 50 62 61 20 1476 
40 4 84 40 76 34 96 27 524 
46 60 80 49 42 70 88 74 554 
17 49 47 72 64 48 54 100 1103 
51 52 79 93 88 86 52 41 606 
53 25 5 84 54 24 15 50 970 
