2 6
100
39 7 279 
71 45 982 
20 7 574 
33 73 708 
37 16 1071 
54 25 529 
66 97 485 
51 26 912 
102 69 168 
30 6 536 
100 14 301 
33 51 926 
58 74 577 
42 62 1199 
79 49 577 
38 9 978 
95 98 481 
17 80 146 
62 90 992 
50 72 933 
69 92 12 
5 35 720 
35 6 791 
14 98 628 
98 25 428 
44 73 938 
29 66 742 
36 37 104 
6 85 424 
15 73 743 
97 10 28 
73 76 858 
99 76 181 
90 5 36 
17 83 1221 
90 21 668 
79 21 210 
6 23 79 
18 35 676 
94 101 615 
26 23 407 
6 19 1072 
51 27 604 
67 46 1192 
64 41 748 
60 20 664 
11 19 778 
82 38 639 
46 92 1071 
98 57 503 
17 7 923 
67 66 1004 
72 13 781 
14 41 1150 
7 14 909 
22 44 1001 
47 60 178 
3 86 1005 
89 46 1037 
83 62 332 
2 55 857 
10 52 488 
24 99 918 
81 90 90 
92 98 951 
72 77 292 
80 26 586 
8 53 1191 
29 16 255 
95 80 246 
99 91 624 
39 14 1047 
26 99 762 
36 100 553 
9 68 856 
9 13 1073 
6 19 848 
63 5 447 
81 96 36 
75 84 443 
21 31 240 
57 84 1216 
58 56 1029 
94 48 954 
64 46 324 
5 101 1032 
29 22 43 
35 91 745 
53 38 1049 
16 59 222 
85 53 190 
28 17 844 
28 54 1034 
73 53 696 
6 14 874 
93 101 729 
12 79 1166 
21 47 760 
35 88 489 
61 6 557 
