6 8
100
92 52 89 38 11 19 1402 
9 63 96 31 95 64 243 
86 72 45 66 25 77 569 
85 18 49 47 73 67 617 
19 84 100 9 28 8 168 
69 86 69 13 34 32 529 
64 83 73 22 58 27 1576 
76 3 3 95 48 41 120 
36 42 93 39 54 50 1473 
80 98 24 70 58 7 281 
88 78 55 93 47 4 348 
38 78 27 18 42 43 709 
84 99 16 82 69 5 537 
46 78 76 82 84 44 1370 
86 51 54 101 23 81 1430 
27 50 4 3 38 88 1605 
66 68 24 14 9 49 1571 
101 10 90 91 4 86 692 
2 81 13 65 62 39 841 
29 75 18 22 64 58 934 
52 14 80 33 19 37 1296 
12 54 70 77 97 90 1388 
43 66 12 21 97 47 399 
71 94 41 78 51 49 611 
94 8 94 47 93 41 804 
97 12 60 87 52 65 1472 
29 44 89 67 52 68 1402 
11 8 3 69 12 35 1327 
23 41 57 70 90 44 292 
48 78 32 6 51 38 747 
56 54 36 47 84 36 676 
51 54 13 101 82 53 1355 
102 94 81 83 8 70 1218 
72 6 18 64 23 74 1321 
69 59 63 3 33 42 897 
56 68 23 30 101 42 1171 
90 46 71 9 93 37 760 
86 53 25 44 70 73 1373 
51 20 85 63 64 62 1343 
96 52 100 52 13 30 753 
27 59 54 10 30 5 1345 
62 49 57 32 40 36 1354 
8 40 61 65 71 73 86 
51 40 69 39 82 91 1531 
96 73 59 81 9 2 954 
96 73 37 42 70 4 1452 
72 30 33 26 28 101 1437 
14 41 89 44 59 43 1255 
22 88 73 50 15 91 1067 
78 100 53 33 36 26 202 
69 26 25 3 71 18 1277 
12 38 15 56 92 8 1345 
34 72 39 51 62 84 1213 
87 66 94 57 15 26 1537 
33 82 95 94 77 78 738 
17 66 43 90 27 101 163 
52 60 97 25 85 85 722 
29 16 83 76 45 40 1331 
62 33 48 58 95 86 1289 
58 22 63 17 32 39 278 
8 97 63 37 85 66 576 
8 99 34 32 43 52 59 
68 14 20 34 40 66 901 
35 98 34 34 17 33 1535 
40 35 10 55 48 29 344 
21 22 42 62 76 48 878 
37 16 28 54 36 77 1474 
10 46 85 94 76 64 1197 
102 31 5 70 35 43 1107 
65 26 79 97 25 85 766 
94 80 74 66 19 3 1603 
83 8 82 83 57 6 501 
92 27 63 74 67 50 308 
93 39 94 42 7 88 1167 
93 50 59 13 95 45 267 
68 14 30 58 62 77 309 
25 24 90 80 39 39 1203 
101 19 25 59 37 30 10 
43 82 26 14 17 29 1473 
60 26 71 65 62 16 388 
15 35 18 7 75 102 1114 
17 6 64 70 51 100 1501 
34 36 56 60 17 18 405 
34 6 46 47 50 31 1061 
101 20 17 79 25 52 1401 
86 9 54 64 30 34 436 
78 64 46 69 31 100 429 
92 17 6 47 101 101 1330 
31 73 62 26 73 5 260 
88 49 93 28 50 8 775 
28 4 98 89 85 100 913 
44 102 80 21 32 41 144 
5 13 34 26 53 6 908 
38 94 40 59 31 13 1465 
17 56 43 83 94 81 1043 
15 11 60 17 3 28 1413 
73 84 7 43 66 9 1350 
38 61 4 99 4 94 1469 
12 59 32 56 89 68 439 
48 40 40 40 62 47 1469 
