2 4
100
45 58 429 
23 37 601 
29 101 148 
32 17 264 
60 6 685 
46 36 206 
26 78 701 
33 11 371 
14 98 621 
74 54 718 
51 66 345 
94 94 637 
31 52 526 
60 55 664 
93 18 631 
19 36 669 
22 13 132 
61 89 810 
44 14 383 
9 11 316 
100 57 384 
32 83 421 
92 69 99 
8 16 684 
63 69 187 
7 42 754 
70 97 504 
96 54 341 
74 92 628 
45 51 651 
33 24 337 
28 62 802 
36 63 288 
28 29 552 
72 16 787 
34 100 165 
79 39 591 
56 41 111 
79 5 25 
7 60 744 
77 49 142 
34 77 749 
45 37 56 
26 72 645 
59 44 556 
96 26 312 
47 42 752 
59 68 100 
9 79 682 
30 51 463 
97 31 26 
46 53 653 
52 40 323 
7 92 516 
15 54 549 
95 99 788 
47 85 647 
67 62 150 
101 20 661 
7 27 798 
10 17 702 
52 31 337 
78 15 744 
90 46 705 
101 42 410 
31 45 116 
47 16 651 
89 85 538 
79 33 563 
87 47 275 
101 47 107 
44 99 612 
79 65 192 
28 19 684 
7 59 322 
95 68 164 
70 72 606 
69 62 90 
20 23 264 
22 75 801 
74 93 558 
60 91 803 
75 59 358 
77 54 654 
93 21 790 
98 84 209 
29 86 527 
51 19 614 
61 34 694 
4 26 616 
45 59 740 
27 56 212 
18 50 556 
43 21 76 
78 95 146 
96 78 339 
16 24 324 
9 96 721 
36 25 610 
95 100 466 
