8 8
100
33 63 74 54 6 76 8 5 1156 
46 10 12 8 77 2 65 18 549 
2 76 18 42 91 20 63 83 1040 
49 8 52 88 98 57 90 51 1582 
25 64 89 93 58 85 90 47 1627 
40 64 24 82 29 18 64 67 1096 
77 93 74 56 93 24 12 61 1584 
22 61 14 57 19 28 5 43 882 
49 11 20 35 54 46 21 25 314 
44 69 81 37 26 33 90 16 951 
27 70 73 67 83 98 88 70 1410 
90 85 47 98 79 88 64 18 908 
51 43 41 30 38 70 5 70 1500 
20 87 37 83 70 6 70 81 1182 
85 84 30 24 49 86 60 33 648 
76 48 93 95 75 10 77 40 1178 
21 99 35 4 64 15 7 70 1343 
54 8 17 43 30 100 16 80 550 
30 29 96 57 72 7 31 31 367 
3 26 14 29 8 31 34 51 1338 
42 83 22 17 19 81 4 8 406 
26 35 20 95 81 97 77 50 182 
80 65 28 30 76 35 93 5 718 
72 27 2 88 12 81 18 76 1595 
15 15 12 17 56 66 82 6 1562 
7 10 47 20 54 60 20 55 1400 
58 14 9 90 26 16 37 34 1322 
26 41 26 41 79 7 99 63 572 
3 66 12 64 50 71 39 88 1555 
101 54 75 44 70 58 95 62 1020 
93 28 90 99 82 24 85 58 1076 
74 68 33 42 23 93 25 20 1463 
78 95 66 40 53 40 20 38 1294 
10 84 73 69 47 19 45 8 584 
49 6 86 89 81 95 5 67 327 
66 61 34 85 21 52 69 19 1094 
101 55 77 52 80 45 45 77 1198 
97 7 23 17 99 16 57 79 225 
8 91 16 73 37 88 20 56 1267 
49 27 65 23 3 30 52 46 879 
63 98 27 43 47 6 21 10 978 
101 51 63 20 30 44 38 63 463 
55 30 20 91 34 26 68 97 820 
12 76 6 94 67 56 62 96 1310 
90 67 46 13 54 28 28 21 88 
18 32 100 23 87 42 102 99 259 
38 74 67 3 77 51 55 11 561 
58 9 86 10 59 36 64 50 1573 
86 44 78 94 65 15 21 51 1074 
55 92 92 67 94 70 40 26 370 
18 89 91 97 60 45 94 72 203 
23 10 74 66 60 38 45 18 905 
41 46 10 54 85 28 86 3 314 
47 93 16 18 72 35 13 49 1005 
9 91 86 36 102 95 2 99 672 
95 91 33 55 24 79 15 100 1307 
16 66 6 65 13 59 26 49 1300 
100 8 40 41 55 14 77 38 435 
73 8 47 17 53 87 87 92 197 
90 94 71 40 5 74 55 99 1350 
60 46 80 29 12 54 15 4 1493 
5 56 38 21 80 87 52 43 1507 
37 101 14 21 81 23 47 38 908 
13 62 5 68 88 58 31 19 1509 
51 46 98 94 4 51 96 84 585 
78 70 15 86 90 63 81 20 1597 
72 41 67 59 84 76 99 5 687 
90 38 70 82 92 63 95 3 1585 
98 45 99 65 27 99 88 71 1100 
44 29 75 44 89 71 60 61 1278 
29 94 64 24 98 101 9 7 746 
70 98 80 54 93 88 66 85 1222 
3 9 16 71 73 15 9 57 1239 
71 49 51 101 23 33 85 68 157 
37 76 49 99 58 21 53 20 1182 
91 92 38 89 79 6 96 59 847 
66 61 23 51 17 43 25 40 957 
98 70 77 49 72 27 79 31 146 
30 6 53 97 20 55 43 20 1056 
42 85 72 47 8 66 81 21 116 
91 88 61 8 76 21 63 56 806 
99 44 22 13 12 50 97 68 879 
3 70 43 69 10 99 78 86 898 
91 53 65 13 70 53 20 90 707 
52 23 32 34 37 65 6 46 1238 
46 30 75 23 52 42 12 80 824 
68 23 80 64 32 92 66 73 58 
89 88 76 72 95 24 7 47 732 
26 71 36 80 65 66 24 34 908 
84 70 3 25 3 91 2 54 1088 
67 90 94 41 71 65 62 19 945 
4 76 37 53 19 7 97 88 160 
19 90 60 16 42 100 37 83 65 
5 65 87 87 72 43 57 42 934 
55 87 2 72 20 48 8 22 942 
23 33 53 98 30 17 81 85 1037 
11 53 50 96 7 89 61 59 882 
75 18 7 96 98 79 50 43 17 
12 48 73 14 9 22 42 16 821 
55 9 37 72 8 88 80 49 1442 
