2 4
100
27 13 382 
79 68 354 
37 96 84 
66 5 204 
34 101 557 
67 30 503 
72 72 775 
11 18 313 
82 19 648 
33 84 724 
58 74 571 
3 101 658 
88 8 421 
55 29 811 
71 41 356 
70 70 387 
26 37 430 
19 37 565 
42 18 775 
11 99 399 
66 7 100 
23 11 256 
57 33 814 
90 82 181 
12 20 351 
98 42 632 
97 14 403 
34 8 384 
38 41 303 
3 64 683 
88 79 74 
5 91 186 
89 50 247 
14 15 304 
49 39 456 
33 9 138 
28 46 615 
20 16 695 
102 34 803 
67 87 571 
96 56 562 
18 4 20 
15 9 240 
22 10 756 
49 85 813 
14 87 567 
93 7 261 
22 76 148 
10 70 520 
26 5 464 
26 24 508 
62 20 479 
70 33 286 
55 19 811 
89 8 292 
85 72 256 
88 89 386 
31 76 654 
40 76 650 
53 10 277 
41 91 38 
74 98 703 
32 89 527 
43 46 435 
36 40 718 
34 35 560 
84 28 799 
34 40 129 
12 97 395 
84 24 361 
81 19 194 
3 17 231 
97 17 82 
51 54 677 
69 46 357 
96 97 296 
94 8 337 
13 71 670 
38 8 418 
91 65 10 
40 50 533 
22 64 217 
32 35 188 
62 39 146 
61 35 599 
17 68 765 
74 18 7 
14 92 135 
5 70 400 
43 67 73 
79 8 427 
11 14 34 
20 48 673 
19 66 500 
15 34 557 
25 54 293 
11 23 332 
59 19 387 
2 28 476 
51 19 769 
