2 6
100
49 10 915 
32 69 887 
4 57 488 
25 85 548 
101 69 1136 
41 6 686 
81 62 1054 
2 4 692 
99 81 1101 
55 71 314 
76 4 984 
34 99 749 
98 95 204 
53 86 183 
24 80 266 
84 9 517 
47 17 177 
23 34 232 
62 49 70 
20 35 1073 
85 51 1054 
16 51 993 
66 69 848 
34 45 139 
41 30 932 
73 80 294 
37 17 879 
50 11 661 
13 56 857 
64 74 612 
58 79 742 
31 70 423 
31 10 364 
42 19 492 
75 15 876 
5 83 45 
45 91 848 
84 85 214 
18 37 497 
34 5 1160 
13 5 1166 
21 78 807 
53 13 730 
44 44 864 
96 96 1201 
34 77 1168 
84 10 890 
68 21 1018 
83 76 1151 
45 15 414 
96 99 58 
37 31 177 
47 56 455 
8 55 864 
46 3 566 
101 89 1088 
21 86 733 
47 52 1162 
24 47 1029 
14 41 30 
74 9 1194 
28 50 562 
68 61 798 
86 89 262 
60 79 681 
4 25 218 
39 84 1058 
7 26 355 
76 51 577 
12 15 1037 
32 35 184 
37 36 554 
75 20 656 
2 35 345 
26 37 1192 
40 89 892 
41 22 272 
68 77 695 
18 69 1021 
71 54 1208 
101 58 572 
82 55 663 
8 26 526 
12 31 57 
66 39 603 
60 83 1084 
33 37 762 
76 72 1136 
65 66 706 
60 21 824 
64 6 809 
57 4 937 
83 45 1004 
45 34 775 
32 31 1113 
20 4 472 
10 59 1043 
97 39 204 
38 27 1053 
56 20 1096 
