8 6
100
93 95 42 96 30 77 61 90 680 
60 101 88 89 9 97 98 59 903 
41 87 18 12 82 22 4 9 782 
67 80 25 31 51 67 4 75 1110 
84 102 101 8 20 83 56 87 1133 
81 27 43 26 17 90 40 5 623 
25 83 15 22 94 24 14 96 125 
34 31 52 22 87 36 6 16 698 
77 35 69 38 58 96 29 24 999 
25 43 65 38 92 47 16 81 1131 
79 64 9 79 96 26 73 24 692 
44 61 42 9 22 3 33 65 863 
86 90 27 21 95 72 42 90 648 
49 98 41 7 8 8 44 29 642 
52 100 40 45 67 36 40 87 776 
43 19 23 65 7 29 77 32 1113 
70 60 71 39 39 8 73 26 320 
20 39 55 36 67 96 50 83 805 
34 44 25 93 83 9 9 101 874 
34 86 94 14 32 78 17 76 836 
85 14 62 34 73 43 10 22 588 
12 9 54 29 17 25 63 45 1084 
70 79 79 64 33 41 37 41 486 
36 8 9 79 21 93 27 67 849 
7 102 72 83 85 63 62 98 1120 
22 7 72 70 52 89 89 49 1185 
93 24 83 24 99 34 4 75 168 
43 35 90 63 4 52 56 58 526 
20 89 96 18 4 36 49 17 426 
72 68 58 22 92 74 96 36 531 
90 86 5 40 81 12 50 21 780 
5 61 4 22 16 96 46 71 732 
5 78 21 49 76 84 99 34 84 
59 23 45 18 68 70 8 68 885 
42 82 10 85 70 85 73 46 692 
34 52 55 64 78 23 15 93 717 
26 43 11 23 43 50 6 92 1202 
23 90 94 37 15 50 24 6 1086 
54 22 10 38 78 32 28 67 996 
56 97 47 23 5 77 11 85 311 
65 22 42 62 82 80 87 52 688 
66 100 39 7 42 74 35 63 872 
53 90 67 81 97 77 68 51 1161 
55 102 87 19 27 33 24 61 1031 
51 94 42 32 53 29 76 64 828 
46 51 57 75 90 45 6 61 1159 
63 86 27 66 95 32 85 34 608 
74 49 74 8 84 83 90 86 837 
33 23 39 40 7 36 10 24 1224 
42 82 14 44 15 69 38 64 922 
61 87 101 12 50 21 79 5 182 
97 40 69 76 88 7 76 75 467 
60 25 81 93 59 73 32 45 635 
40 32 36 8 72 23 8 30 1209 
72 23 75 20 62 4 21 15 1027 
35 67 97 9 70 42 31 81 474 
98 70 30 29 81 6 69 41 895 
83 91 70 48 70 59 8 7 631 
67 41 65 79 74 46 90 99 953 
59 33 64 95 79 94 84 12 736 
73 44 44 71 53 23 31 40 285 
18 89 99 39 3 65 91 66 480 
78 21 98 86 42 84 29 12 98 
13 90 14 79 66 61 99 37 762 
11 98 90 44 50 37 23 74 133 
83 22 33 101 6 16 55 8 1103 
66 88 5 63 44 43 15 20 610 
13 41 25 40 42 67 3 82 825 
53 36 74 63 65 70 73 48 1102 
79 14 85 101 26 60 71 35 601 
61 51 56 49 30 32 87 12 400 
90 45 82 68 100 27 48 4 878 
20 6 25 37 92 98 53 38 72 
68 14 17 67 72 9 18 43 382 
15 5 8 44 78 55 37 85 39 
12 13 16 61 54 24 88 52 361 
28 27 61 60 98 94 26 21 1196 
19 25 75 75 52 59 96 35 1204 
67 79 30 72 101 9 95 43 305 
94 10 62 95 80 21 80 92 207 
74 57 9 16 20 59 58 20 730 
32 39 64 60 67 21 26 23 899 
3 58 27 54 66 57 69 35 136 
40 26 47 56 98 61 42 23 951 
93 53 61 73 16 83 49 65 56 
65 36 45 42 71 59 48 78 417 
94 22 93 54 49 87 48 20 1149 
16 78 43 4 20 45 44 35 853 
16 33 44 46 7 3 53 6 1208 
70 100 57 90 10 22 27 50 21 
88 41 6 76 27 98 90 35 1066 
65 63 18 101 101 39 90 34 558 
94 50 17 93 3 45 88 80 246 
41 29 71 24 79 72 44 57 1145 
67 42 8 48 58 75 16 89 532 
85 71 101 20 102 78 76 36 7 
89 98 40 64 90 49 79 51 73 
20 44 86 48 59 45 45 25 1118 
42 48 93 44 79 16 101 5 113 
23 23 29 95 49 45 71 57 730 
