4 4
100
83 41 86 17 351 
100 21 71 26 502 
24 14 69 4 252 
51 80 33 95 636 
39 60 87 61 705 
93 27 4 3 261 
81 60 65 100 229 
4 34 46 12 506 
84 82 67 91 391 
3 101 14 4 640 
64 76 16 24 343 
25 56 28 31 426 
75 19 69 94 671 
66 51 71 76 238 
20 35 22 33 779 
59 96 98 13 694 
94 14 2 25 571 
7 45 44 58 41 
49 8 17 60 724 
67 15 75 8 682 
54 31 40 75 497 
31 56 85 28 689 
32 60 17 46 492 
63 19 46 24 629 
23 9 16 72 666 
13 20 64 45 246 
47 23 92 29 268 
64 76 30 64 337 
54 62 18 73 615 
91 94 73 100 226 
51 70 53 31 511 
47 18 71 93 406 
13 94 43 98 324 
11 71 89 13 798 
89 91 84 83 209 
63 93 44 96 754 
21 49 66 17 663 
79 72 62 67 715 
49 7 39 15 249 
62 22 22 34 544 
23 7 62 2 330 
62 88 72 6 16 
56 75 76 100 249 
66 30 28 17 515 
41 10 24 26 418 
84 54 72 53 537 
43 74 12 30 586 
16 89 65 77 177 
92 3 58 65 278 
75 33 40 84 541 
34 96 7 71 230 
14 85 38 51 479 
10 18 21 40 494 
84 65 49 29 132 
79 67 53 95 592 
40 54 61 92 637 
53 16 90 86 279 
49 69 44 102 484 
34 53 16 18 114 
76 84 20 5 425 
12 87 14 68 728 
69 45 13 98 736 
63 26 48 73 68 
96 31 37 6 108 
17 24 49 69 687 
28 52 37 82 803 
58 36 58 40 554 
68 4 23 97 548 
6 58 47 11 805 
10 7 45 10 164 
47 49 16 92 305 
91 39 46 84 516 
19 10 34 100 279 
29 69 10 5 345 
94 9 41 39 73 
61 78 40 71 620 
23 9 29 62 434 
11 22 69 3 647 
30 60 41 34 412 
98 26 49 77 587 
43 99 42 68 231 
40 10 79 83 638 
14 102 77 8 347 
12 83 74 47 204 
9 3 9 26 113 
36 70 9 89 105 
37 31 64 99 286 
26 69 63 34 126 
3 46 88 25 547 
31 85 35 92 333 
17 54 4 53 532 
42 92 18 54 771 
72 3 92 70 354 
85 40 80 73 155 
45 22 42 32 193 
65 17 87 59 694 
53 37 19 48 798 
85 29 14 34 773 
36 53 11 39 373 
3 56 19 81 685 
