6 6
100
45 45 74 44 78 91 456 
92 60 51 18 17 31 1151 
83 8 38 56 37 17 739 
85 4 12 92 78 75 415 
59 49 40 34 94 66 1014 
41 73 72 99 89 78 772 
33 74 41 61 20 53 241 
99 68 23 33 97 67 737 
43 64 54 3 18 5 404 
14 13 86 25 67 13 509 
38 68 60 50 41 99 638 
32 73 33 60 24 16 741 
83 19 4 99 100 25 1204 
11 20 98 73 74 32 232 
63 57 38 55 42 80 751 
102 65 85 58 70 10 135 
92 23 45 96 91 74 383 
96 84 28 69 91 45 324 
50 64 79 69 69 35 846 
18 97 7 84 38 101 988 
56 21 43 33 17 89 232 
99 55 78 85 60 90 817 
75 12 88 53 37 37 632 
3 7 91 3 77 44 910 
27 40 14 55 75 52 488 
65 86 38 76 58 10 629 
11 3 85 12 48 4 526 
87 21 33 3 66 31 653 
15 54 32 42 48 47 881 
17 66 33 87 39 29 125 
28 51 79 81 29 2 1131 
7 8 93 31 41 33 491 
21 84 53 11 23 88 609 
34 8 36 12 65 81 1142 
39 54 27 10 77 35 729 
72 56 24 39 31 63 109 
48 41 12 8 15 34 1185 
84 81 78 18 43 62 1143 
45 45 71 66 23 101 832 
56 68 23 66 101 83 598 
30 31 74 94 28 43 1056 
70 26 6 52 49 99 667 
75 51 94 37 74 68 330 
13 55 74 10 64 43 1131 
75 91 44 17 53 50 666 
52 5 26 17 21 9 923 
21 67 17 75 5 15 988 
19 31 31 28 16 24 211 
78 102 86 66 2 96 1159 
37 64 37 98 51 2 277 
48 71 22 55 61 53 1131 
90 60 37 61 29 14 690 
63 15 91 39 28 39 914 
6 41 53 21 15 83 1023 
6 81 79 56 15 60 864 
62 11 75 57 73 27 1077 
44 52 7 75 84 40 911 
51 49 61 25 65 50 519 
32 71 36 48 73 11 1031 
80 59 7 16 55 88 14 
6 18 83 57 15 89 755 
91 49 48 33 44 11 673 
35 20 33 52 12 30 367 
42 41 12 102 18 6 780 
94 101 61 31 55 75 553 
33 80 69 52 63 83 495 
24 90 16 31 102 31 560 
41 76 65 45 59 73 775 
79 74 58 99 85 100 1187 
49 89 5 92 38 12 24 
43 66 2 51 50 92 225 
54 97 73 18 76 20 656 
27 97 88 97 4 84 667 
8 14 56 80 85 45 916 
2 14 41 66 21 46 1203 
12 65 96 12 84 47 307 
78 86 82 10 82 45 273 
94 19 96 36 30 49 427 
55 49 73 67 48 45 631 
85 34 55 57 76 57 190 
34 94 87 23 39 31 364 
29 75 72 5 102 55 102 
97 46 32 93 99 65 702 
19 25 47 37 3 75 1138 
54 30 55 8 90 9 731 
27 11 15 93 20 7 313 
75 3 64 48 93 45 1081 
90 25 66 80 94 60 193 
70 42 87 37 58 39 919 
47 19 99 14 48 50 854 
37 19 2 81 60 34 530 
25 85 91 13 32 7 787 
7 92 30 98 51 46 699 
71 29 58 64 70 52 343 
86 67 37 47 97 21 645 
7 65 101 35 28 74 558 
60 98 27 28 34 13 494 
29 71 17 99 6 15 815 
92 46 18 92 83 17 478 
19 56 67 37 88 14 1224 
