8 2
100
44 56 20 93 53 99 29 97 98 
18 79 76 99 21 11 44 72 292 
15 68 87 26 19 19 73 56 5 
100 31 8 65 26 51 32 95 36 
72 69 18 8 31 78 83 54 223 
11 71 55 66 8 76 56 6 288 
52 20 39 3 23 99 99 31 270 
20 55 55 26 69 28 2 75 12 
57 9 39 11 45 67 64 64 348 
49 36 25 34 11 22 81 82 307 
73 70 48 21 12 2 12 65 406 
3 87 4 29 65 36 73 101 397 
35 42 77 74 41 61 14 51 386 
46 87 46 35 47 89 53 31 21 
58 38 99 39 101 82 67 63 314 
86 22 73 91 63 12 25 48 164 
3 101 31 89 9 62 8 69 319 
58 70 41 16 78 36 31 17 256 
3 98 43 97 9 80 84 30 120 
26 56 26 36 13 101 49 53 124 
78 71 31 39 33 35 4 11 381 
40 71 47 38 62 49 50 24 203 
101 8 93 53 7 81 33 84 51 
56 24 59 42 69 27 6 55 186 
36 66 67 11 95 100 87 47 242 
86 90 96 79 88 91 52 51 183 
41 27 67 52 7 51 22 50 356 
38 100 4 22 34 9 4 16 238 
86 92 15 95 68 62 22 49 383 
20 79 38 70 92 20 82 68 114 
82 86 60 18 90 47 13 50 194 
59 66 58 89 78 74 32 68 241 
33 47 62 7 32 61 58 5 288 
53 70 9 86 41 68 82 23 122 
102 70 4 70 84 19 14 65 336 
40 33 4 66 40 26 61 51 84 
70 77 56 102 62 87 77 62 329 
42 75 27 92 9 56 45 33 396 
59 66 65 44 95 69 78 20 293 
71 90 32 85 27 93 48 14 190 
77 102 10 19 95 25 39 75 369 
59 50 26 49 23 9 29 5 348 
59 28 84 90 26 45 16 8 293 
53 59 50 36 45 97 10 70 127 
91 42 73 42 8 22 78 21 284 
50 23 69 25 58 24 7 91 352 
66 89 78 67 5 89 53 88 67 
45 25 7 31 41 55 79 40 255 
16 19 22 64 14 7 75 68 346 
7 30 3 28 31 56 11 46 329 
56 26 40 86 91 22 6 36 392 
67 21 84 16 48 19 62 93 296 
68 4 78 74 94 38 4 48 237 
17 19 96 52 22 98 74 24 61 
27 32 30 2 60 80 10 10 194 
5 92 84 86 68 40 84 45 172 
7 84 33 3 84 45 64 91 71 
4 16 101 89 44 26 5 37 247 
47 68 46 100 65 86 91 102 230 
78 33 52 58 71 79 56 70 164 
85 26 51 87 40 71 63 8 384 
50 18 50 61 83 33 80 39 312 
100 9 21 50 14 84 89 88 236 
68 48 48 24 35 76 86 22 46 
14 62 30 77 38 59 92 44 342 
10 19 53 21 80 33 2 58 247 
23 38 14 68 100 54 13 97 246 
51 27 85 76 77 63 23 68 316 
51 25 73 64 60 72 101 81 282 
9 49 70 16 24 79 16 65 343 
101 48 63 77 66 44 99 43 68 
3 36 44 91 100 14 56 54 137 
91 61 80 44 70 22 86 6 194 
94 36 5 8 62 14 79 24 84 
18 75 61 31 67 19 56 100 183 
29 20 51 58 62 72 46 27 21 
8 58 80 44 94 62 96 7 30 
15 96 76 33 14 78 94 40 320 
76 62 95 63 90 72 77 59 353 
100 38 76 35 64 37 9 73 268 
44 76 84 101 37 62 12 43 16 
72 98 8 75 65 24 94 72 265 
13 47 70 10 68 37 75 98 281 
35 82 34 42 26 43 13 52 260 
99 77 27 35 53 50 68 7 250 
83 27 75 54 43 95 72 98 109 
99 36 10 49 28 41 94 79 249 
73 33 74 67 64 15 61 97 386 
41 80 95 23 44 64 76 94 290 
98 83 41 41 72 30 16 15 69 
58 52 51 89 44 76 89 97 304 
91 18 65 62 95 48 100 33 75 
35 79 93 49 75 36 70 98 392 
24 34 63 47 52 51 99 5 185 
48 55 38 21 36 50 89 87 311 
10 38 90 94 43 41 12 83 150 
27 11 78 17 21 48 80 67 255 
15 46 68 16 65 92 3 54 318 
84 16 45 46 61 91 60 62 245 
11 32 93 24 37 71 15 74 384 
