6 4
100
39 26 98 53 69 39 788 
65 3 73 101 3 63 582 
51 51 17 15 43 59 18 
47 63 36 16 33 29 386 
79 68 75 71 74 99 692 
5 30 47 62 90 61 369 
18 24 79 17 74 38 676 
79 17 47 9 63 24 747 
65 63 39 37 12 51 705 
37 100 32 31 67 88 376 
22 72 55 55 101 59 240 
41 60 101 62 93 66 813 
53 31 64 14 77 95 331 
69 10 27 80 11 61 665 
26 49 88 9 52 39 467 
47 93 56 64 67 64 194 
6 40 78 21 87 89 685 
71 71 19 91 95 8 434 
64 31 77 92 100 50 123 
13 15 55 43 29 45 46 
39 9 52 12 33 19 517 
72 51 60 26 74 100 451 
80 71 20 58 33 6 682 
64 81 74 69 17 11 758 
27 25 80 60 46 80 260 
63 69 81 64 91 92 749 
82 18 68 28 52 62 273 
46 37 87 98 41 24 612 
30 80 46 18 10 72 369 
28 82 68 30 21 25 135 
4 41 96 45 16 94 674 
65 8 43 66 51 62 660 
90 96 64 8 59 59 273 
92 38 48 83 21 49 440 
38 102 100 33 38 19 347 
99 93 55 26 32 94 534 
73 5 54 61 13 66 316 
89 7 24 65 69 85 97 
5 50 64 97 47 31 218 
9 45 35 15 45 40 741 
5 10 83 28 66 70 154 
35 96 23 11 84 17 407 
97 78 71 72 36 33 765 
44 93 32 87 66 41 527 
62 21 49 70 28 50 681 
98 43 38 4 17 95 573 
56 43 88 65 16 79 99 
69 66 45 11 10 99 497 
19 54 44 3 31 56 595 
77 77 42 59 69 68 803 
37 35 70 21 40 26 718 
53 45 24 52 64 55 760 
56 6 62 20 53 25 652 
91 97 3 88 41 99 647 
68 48 8 48 13 15 261 
34 77 92 72 76 75 537 
10 21 53 69 4 82 170 
73 83 41 19 46 21 374 
40 68 35 101 28 11 695 
99 18 6 54 41 63 185 
30 72 50 79 52 16 663 
77 53 21 39 20 61 773 
67 70 31 69 97 88 766 
11 58 73 49 66 83 89 
5 49 18 65 20 100 349 
12 93 42 96 6 66 513 
17 17 63 11 52 92 263 
50 77 87 46 77 31 159 
16 79 32 88 35 72 589 
6 5 77 101 62 54 449 
79 91 75 92 24 33 764 
44 12 41 16 92 81 448 
74 33 20 45 71 25 789 
16 12 10 73 96 93 96 
14 89 11 92 40 79 583 
87 13 56 56 100 28 589 
69 93 74 45 94 19 261 
74 58 58 93 31 60 516 
81 67 21 30 42 84 246 
25 32 26 54 4 85 710 
22 67 92 74 100 27 388 
22 38 30 4 75 82 325 
33 55 101 11 21 10 51 
48 36 28 59 45 44 356 
63 50 93 92 36 47 429 
93 69 21 33 36 18 487 
31 94 27 69 4 92 755 
78 28 44 85 77 83 599 
32 66 16 56 84 6 478 
90 39 14 42 37 89 321 
88 81 80 87 94 49 140 
45 3 93 43 54 53 691 
24 51 9 61 66 81 498 
5 7 79 53 14 3 335 
57 15 29 70 5 55 734 
49 66 100 85 36 59 717 
65 26 15 32 55 76 543 
90 7 83 73 10 80 680 
76 3 35 83 47 78 715 
90 65 75 51 100 97 616 
