4 4
100
56 82 63 4 138 
101 64 42 10 427 
87 10 41 47 50 
45 67 55 82 492 
63 52 27 10 182 
23 93 50 94 654 
45 72 79 93 174 
78 71 80 79 758 
24 53 70 36 82 
27 32 99 8 315 
89 34 6 57 710 
5 57 55 82 780 
10 16 50 30 81 
17 33 50 26 242 
76 89 78 89 309 
11 84 93 100 797 
93 96 44 55 760 
13 68 24 6 146 
23 18 100 83 690 
10 5 42 27 775 
95 84 75 79 527 
2 58 19 19 633 
23 66 58 84 36 
16 74 97 37 809 
51 11 47 9 68 
60 91 97 4 241 
9 44 68 5 36 
12 23 67 91 759 
57 51 7 28 789 
59 62 18 79 573 
38 10 7 28 377 
86 39 68 71 53 
13 63 16 90 580 
81 100 55 80 769 
95 10 9 44 364 
101 6 20 12 415 
100 75 20 34 762 
101 39 43 59 164 
75 57 98 84 669 
96 37 19 57 148 
62 9 40 85 628 
30 3 66 83 382 
82 21 58 20 69 
40 44 84 96 589 
44 59 98 60 175 
41 14 26 62 411 
66 89 65 94 743 
93 37 38 57 530 
100 75 62 12 325 
56 100 80 76 359 
54 55 25 85 622 
5 13 82 63 313 
19 79 6 33 673 
96 57 66 29 144 
5 8 28 31 607 
70 99 88 20 547 
42 36 52 18 800 
13 66 82 18 721 
81 58 77 19 394 
23 71 31 30 377 
101 36 53 59 338 
48 29 96 11 65 
7 27 63 96 799 
85 28 90 35 586 
32 77 51 41 312 
49 34 11 83 435 
101 71 60 74 554 
8 85 96 77 425 
86 72 74 10 677 
56 97 82 21 535 
97 83 98 58 132 
26 87 14 20 771 
16 20 14 58 73 
39 69 91 29 747 
101 34 15 83 718 
62 5 43 58 686 
54 54 92 18 477 
20 75 5 58 356 
23 73 77 82 308 
68 60 18 101 378 
89 8 55 30 539 
64 70 17 70 457 
23 46 58 36 345 
65 30 98 99 743 
66 66 34 85 573 
30 59 35 45 181 
4 89 44 12 790 
48 100 64 52 782 
52 60 37 3 185 
79 17 43 40 611 
40 63 21 10 673 
25 75 72 59 309 
7 37 74 48 437 
36 5 49 40 781 
67 67 49 3 338 
8 31 34 63 761 
15 18 97 70 682 
43 70 35 29 601 
75 30 7 14 738 
17 88 91 49 723 
