4 6
100
13 65 75 51 739 
57 3 51 38 749 
80 80 5 31 457 
69 35 36 43 267 
37 50 96 53 362 
35 83 29 45 575 
68 91 31 38 834 
63 19 27 37 1110 
56 39 34 100 403 
63 59 57 13 431 
74 66 36 21 591 
66 71 24 22 332 
76 76 8 91 1163 
91 51 69 63 930 
51 9 101 52 831 
101 18 98 20 842 
78 28 18 10 914 
4 57 11 90 56 
94 97 7 10 203 
82 32 45 5 533 
13 92 95 37 1049 
67 67 86 53 604 
50 76 6 53 626 
50 59 100 17 1133 
36 42 81 59 1028 
56 4 92 35 1072 
71 75 95 77 702 
88 35 83 25 121 
40 73 60 41 691 
20 93 56 59 841 
25 34 30 12 113 
74 14 39 53 384 
65 77 52 66 988 
77 83 32 96 801 
17 78 77 7 674 
65 84 41 2 805 
66 49 35 67 794 
38 47 84 67 1049 
76 98 32 93 572 
65 23 96 60 998 
39 63 63 94 658 
48 59 25 57 563 
92 74 38 87 829 
18 43 88 101 548 
32 101 66 10 1122 
21 49 86 60 1126 
44 90 83 21 353 
4 89 43 13 227 
81 24 29 22 1173 
3 62 46 26 381 
24 37 97 16 636 
40 99 55 2 428 
102 75 67 65 47 
4 93 20 59 798 
31 2 76 83 805 
9 75 47 14 1106 
61 4 63 29 864 
9 94 69 69 1112 
8 36 43 78 230 
8 60 65 18 1144 
12 44 90 60 29 
23 63 17 50 546 
67 54 42 12 926 
100 14 39 95 1183 
12 26 53 68 730 
97 61 100 64 731 
52 11 31 21 984 
19 16 4 27 605 
48 80 21 24 313 
55 96 33 3 258 
96 22 72 21 1021 
88 93 24 101 94 
64 65 55 90 1159 
58 25 24 32 714 
85 12 14 46 620 
34 6 31 42 79 
3 30 100 43 808 
32 41 12 37 1155 
28 94 5 20 1071 
85 27 33 30 851 
32 74 3 44 461 
85 10 29 71 626 
84 64 84 95 80 
35 67 14 24 796 
19 16 88 37 391 
93 9 97 58 822 
9 75 3 73 935 
31 29 57 5 1010 
24 14 43 86 159 
66 13 13 13 663 
20 16 11 65 644 
18 88 68 13 572 
78 15 73 4 539 
10 64 13 18 947 
8 12 10 42 527 
6 75 4 24 832 
82 98 86 4 599 
95 66 40 20 737 
45 63 47 59 75 
11 44 41 42 59 
