2 8
100
92 16 815 
49 72 1482 
47 8 210 
39 2 1395 
62 71 1269 
77 84 1106 
35 14 558 
34 84 889 
18 79 1624 
82 24 238 
94 23 1104 
9 10 500 
9 39 1165 
33 66 1207 
85 53 642 
27 3 804 
77 51 902 
4 74 1269 
101 60 514 
97 33 1528 
93 67 1373 
100 48 1299 
20 56 990 
49 70 739 
98 4 785 
62 51 518 
17 93 1244 
52 7 1183 
61 92 794 
92 10 817 
101 13 98 
80 42 1611 
92 87 86 
62 10 764 
91 30 1326 
12 8 1153 
32 41 155 
102 82 664 
19 43 984 
14 41 913 
33 30 754 
13 50 930 
41 21 1007 
51 72 1044 
28 57 1354 
31 64 1254 
93 51 1371 
80 62 1129 
43 101 504 
67 62 1617 
40 80 749 
51 31 1301 
3 80 1307 
26 73 1420 
11 82 1115 
47 75 409 
60 90 1294 
85 22 1467 
74 55 1106 
79 72 794 
28 76 952 
65 13 1504 
20 79 438 
5 31 1366 
99 69 1282 
99 71 1303 
3 97 428 
8 10 1182 
22 57 943 
58 79 1234 
14 26 133 
33 100 1577 
31 48 1135 
78 29 1568 
100 56 964 
98 89 874 
13 77 1372 
90 78 1222 
24 22 1084 
88 45 914 
36 64 1629 
53 93 88 
78 67 1124 
84 70 371 
12 27 1106 
32 10 869 
15 26 1115 
6 47 43 
94 26 775 
35 11 1270 
32 45 61 
16 44 1066 
98 49 1032 
56 22 350 
87 31 108 
63 80 841 
9 94 209 
15 75 303 
90 32 287 
99 62 1096 
