2 4
100
19 97 470 
81 19 263 
49 43 78 
18 18 811 
66 9 416 
96 28 675 
39 25 187 
3 22 481 
34 44 505 
25 11 333 
41 6 714 
47 59 222 
20 47 170 
85 57 703 
31 62 720 
25 66 49 
92 56 287 
48 69 758 
75 18 611 
101 49 618 
72 26 268 
71 79 105 
14 21 414 
26 78 664 
64 56 554 
39 74 489 
73 11 632 
58 34 443 
8 95 299 
97 74 334 
54 22 797 
47 14 250 
55 62 680 
77 13 370 
57 69 644 
56 86 109 
27 38 356 
17 30 318 
100 16 751 
80 65 687 
78 19 385 
12 74 457 
86 19 341 
39 85 100 
79 97 795 
34 3 538 
77 54 74 
25 71 294 
99 39 748 
61 49 801 
40 77 795 
101 101 766 
100 47 774 
25 72 546 
73 90 434 
33 40 270 
43 68 111 
28 5 90 
77 55 391 
13 15 282 
66 27 575 
46 101 67 
17 79 782 
6 36 455 
73 54 670 
44 54 667 
85 68 806 
61 20 659 
87 14 589 
89 26 380 
48 89 267 
62 61 370 
98 30 726 
47 19 499 
39 40 261 
60 57 413 
31 35 9 
68 31 383 
38 8 61 
92 61 707 
38 30 437 
51 60 388 
25 13 766 
39 48 198 
95 40 402 
40 23 651 
51 29 466 
24 60 740 
48 82 476 
88 27 434 
40 9 563 
4 11 725 
10 90 656 
86 37 366 
59 94 715 
79 75 743 
100 100 687 
30 43 262 
32 16 573 
65 6 634 
