4 2
100
89 76 71 14 157 
28 50 73 28 374 
5 51 44 4 200 
20 31 26 47 386 
44 28 50 12 254 
60 72 43 85 292 
85 30 5 32 372 
52 85 49 82 202 
39 4 88 32 145 
15 10 31 39 264 
98 31 82 32 389 
64 28 61 52 328 
59 9 91 56 36 
77 48 14 13 405 
37 84 46 98 234 
42 42 20 77 200 
52 42 6 20 308 
56 50 75 36 122 
26 26 99 102 378 
32 15 34 24 246 
69 98 21 40 120 
16 87 87 75 227 
24 10 86 3 125 
19 5 72 81 222 
30 75 80 83 309 
14 87 47 5 111 
29 10 98 17 333 
56 23 68 91 250 
71 65 102 81 33 
17 42 98 71 310 
29 45 55 70 134 
96 20 40 64 72 
32 42 83 48 119 
16 14 71 22 312 
97 40 83 20 346 
66 75 101 75 247 
74 90 77 29 407 
86 56 30 85 356 
38 85 5 74 129 
31 84 56 52 381 
5 73 79 95 329 
91 64 37 85 278 
23 21 67 4 187 
43 67 56 48 185 
62 86 88 34 166 
14 36 11 89 228 
85 21 51 82 235 
3 14 84 49 44 
24 21 47 16 271 
19 20 3 28 367 
66 30 9 7 137 
21 87 46 54 279 
57 54 50 29 349 
4 72 87 47 185 
31 85 9 38 95 
43 41 74 68 98 
96 35 85 99 375 
57 14 46 48 159 
18 70 32 81 228 
72 73 20 31 263 
49 35 58 83 248 
83 23 73 84 379 
81 15 80 31 302 
24 71 54 37 126 
92 27 41 8 121 
64 55 30 82 218 
72 24 45 4 312 
63 79 4 38 45 
36 42 64 56 243 
5 92 3 7 140 
2 21 84 100 304 
24 96 52 54 404 
30 94 93 31 96 
60 72 78 54 53 
47 70 17 27 394 
52 65 87 49 110 
74 54 26 48 216 
52 41 46 30 224 
69 29 52 39 335 
44 51 35 33 9 
34 15 51 94 365 
35 6 59 4 102 
61 11 6 27 111 
78 71 47 78 299 
21 28 51 100 187 
20 20 80 45 225 
2 32 57 47 385 
61 5 34 59 83 
48 84 45 5 391 
60 25 27 12 25 
75 7 59 59 340 
8 67 53 48 292 
17 28 17 49 102 
31 57 61 33 279 
75 39 90 58 111 
39 85 48 4 359 
97 95 70 39 335 
97 75 99 64 359 
96 54 87 87 22 
22 69 98 80 274 
