6 6
100
27 31 22 67 94 66 922 
89 101 84 52 77 4 343 
29 76 83 4 11 86 1098 
45 33 100 19 64 49 1190 
8 74 7 20 22 82 471 
60 29 100 22 97 74 803 
96 7 17 79 94 21 36 
33 56 19 55 70 50 1008 
100 24 50 32 19 80 991 
28 79 34 57 24 92 853 
49 86 84 15 14 26 602 
28 85 42 73 30 96 913 
21 89 66 54 34 58 736 
7 51 91 80 96 87 829 
29 85 24 71 31 35 1030 
72 37 42 59 26 35 875 
41 11 62 91 86 8 96 
92 70 5 92 36 12 512 
36 95 37 19 41 83 1211 
102 19 3 100 63 92 592 
54 26 97 10 25 91 806 
43 32 91 13 80 62 460 
17 22 81 98 26 44 441 
44 7 41 87 54 74 489 
94 60 93 24 18 61 460 
46 9 85 13 23 78 1147 
65 48 9 63 24 63 1032 
100 24 5 40 50 14 126 
22 58 25 73 18 28 601 
73 100 90 64 2 102 877 
14 98 87 5 69 44 970 
60 35 26 32 13 57 1152 
38 90 87 70 49 29 295 
53 62 42 7 52 47 1122 
50 21 101 23 63 15 1045 
28 19 37 83 72 33 751 
26 101 43 7 72 57 431 
12 5 96 55 75 50 746 
38 48 100 19 100 90 126 
16 27 11 52 45 11 124 
73 52 89 79 98 65 340 
63 101 102 81 92 59 471 
17 7 70 91 67 26 1107 
74 39 67 74 45 53 120 
76 34 58 30 48 27 478 
56 10 78 78 87 35 914 
49 100 39 10 33 74 1207 
22 44 63 80 86 22 1214 
14 24 7 55 13 20 1063 
69 46 54 46 33 101 756 
99 94 15 82 93 18 306 
41 30 67 14 81 13 667 
92 97 52 64 8 42 505 
88 73 25 76 17 90 975 
56 87 66 101 74 39 281 
52 50 100 95 6 76 896 
96 42 43 34 9 34 944 
51 4 84 28 62 23 138 
22 91 8 78 30 47 1046 
44 2 15 9 76 34 492 
49 55 71 4 67 70 1128 
33 85 44 10 57 5 57 
86 85 76 15 18 14 368 
61 93 19 78 31 90 631 
42 30 27 35 3 39 33 
51 15 26 96 55 21 1085 
9 67 70 74 45 83 719 
20 41 97 60 22 12 1078 
63 54 28 38 82 43 1120 
57 19 78 57 68 4 425 
72 51 20 66 95 43 637 
28 51 5 88 9 95 273 
90 32 77 83 29 17 1073 
63 100 60 74 80 99 637 
50 94 20 79 81 26 587 
92 78 96 29 71 38 433 
5 25 52 75 50 71 813 
88 3 76 41 89 49 113 
53 62 93 17 46 102 955 
59 88 11 30 71 76 1204 
56 82 56 60 80 54 708 
78 10 101 32 30 88 759 
93 46 41 94 79 41 480 
18 5 15 27 38 59 565 
39 43 48 81 97 70 395 
22 22 83 11 97 53 921 
54 94 86 18 16 18 804 
44 73 38 94 38 61 469 
79 43 35 44 97 14 475 
69 55 53 35 20 32 867 
26 60 85 84 89 66 779 
13 30 10 24 43 82 1166 
72 12 89 61 11 96 530 
81 49 68 101 42 39 1044 
41 35 85 99 88 97 222 
15 55 11 50 97 77 811 
15 27 23 56 33 45 1187 
46 66 76 11 38 30 550 
13 18 85 50 29 80 885 
97 27 27 57 88 79 706 
