6 2
100
16 81 12 34 43 78 363 
51 92 58 99 81 72 102 
16 83 9 6 39 95 135 
30 24 70 8 10 21 77 
82 58 94 82 51 4 193 
70 81 64 60 25 4 315 
25 56 82 47 27 68 298 
101 54 56 86 34 17 354 
59 45 28 35 59 72 281 
36 67 18 32 70 79 191 
4 47 48 16 92 58 23 
69 90 63 85 55 48 334 
6 39 98 19 89 62 47 
38 39 27 67 34 10 363 
92 65 17 59 90 28 396 
10 10 72 44 61 83 364 
56 67 52 6 27 89 125 
29 22 15 82 19 37 266 
10 23 51 60 49 18 318 
27 48 29 67 21 87 392 
31 28 77 30 81 24 335 
74 77 63 9 23 60 255 
45 3 79 73 93 34 406 
89 23 85 14 67 13 123 
20 25 41 7 4 36 400 
96 40 54 40 16 85 148 
48 90 53 28 60 18 334 
47 52 96 30 55 99 174 
7 94 18 16 13 54 220 
54 24 4 21 26 66 199 
65 27 35 79 51 65 167 
35 35 88 9 98 50 301 
75 48 79 52 40 58 365 
48 38 26 5 33 84 385 
68 51 9 36 53 35 332 
27 62 53 6 35 4 294 
61 33 9 17 6 82 321 
78 27 71 88 11 61 73 
91 11 76 20 83 48 275 
86 80 75 46 17 94 197 
87 28 48 7 56 19 354 
7 19 90 28 4 18 365 
26 41 50 45 76 66 148 
53 78 88 54 57 7 309 
55 35 73 92 90 32 372 
101 25 83 57 44 33 346 
94 88 94 81 33 80 245 
41 28 3 43 31 14 140 
52 63 55 100 15 13 212 
86 19 39 17 87 100 105 
18 68 90 34 35 53 244 
92 96 75 27 29 18 57 
10 72 51 61 21 59 199 
64 31 58 31 22 35 34 
71 57 66 47 81 37 97 
61 15 10 98 63 77 246 
69 82 76 87 97 40 311 
50 90 58 69 43 79 222 
40 33 5 15 20 54 86 
41 11 81 50 83 92 199 
58 43 66 60 84 91 388 
51 85 46 26 97 34 90 
69 10 81 40 60 71 89 
84 7 84 44 25 41 113 
72 96 39 16 50 30 373 
49 94 11 61 90 61 363 
51 62 91 26 22 101 297 
3 3 12 25 23 29 303 
38 83 18 61 51 70 321 
90 8 12 49 6 32 81 
18 72 81 72 12 35 138 
47 95 20 5 42 57 285 
95 29 94 29 2 19 47 
13 95 102 41 94 12 246 
56 81 79 18 71 55 345 
33 34 55 13 96 43 372 
90 100 59 11 15 11 388 
81 20 22 6 15 10 25 
79 81 33 20 24 75 373 
16 44 89 74 4 87 255 
98 40 17 8 79 22 93 
97 45 32 81 3 67 305 
63 58 14 57 47 81 222 
55 24 95 74 69 102 306 
58 72 39 13 26 35 340 
82 7 100 38 90 85 333 
38 3 41 23 10 19 214 
87 77 18 59 8 10 177 
18 24 36 11 23 49 162 
75 95 70 79 34 93 333 
53 17 21 59 98 75 69 
23 56 53 61 85 25 289 
97 22 56 20 27 42 259 
85 66 29 70 38 44 256 
10 74 46 78 28 73 139 
62 99 2 13 37 29 388 
70 85 52 40 27 71 320 
75 16 62 9 53 20 281 
53 94 91 62 33 56 58 
84 9 85 59 54 39 145 
