4 4
100
26 101 71 51 412 
16 83 82 92 651 
3 37 25 86 328 
66 43 92 51 717 
92 95 98 13 462 
49 87 83 96 681 
38 28 52 93 232 
78 57 83 38 636 
7 31 82 30 483 
12 5 91 63 244 
46 39 28 60 550 
33 4 60 95 27 
31 2 88 8 361 
76 87 34 58 527 
11 62 55 74 674 
63 15 70 54 378 
47 98 22 67 320 
101 3 95 25 795 
75 99 90 35 403 
7 45 76 86 694 
27 73 35 99 170 
86 85 56 77 53 
19 36 8 48 478 
34 82 23 69 370 
75 95 11 61 745 
14 74 22 24 633 
20 42 87 69 174 
76 65 25 46 447 
17 48 20 19 653 
41 92 44 77 138 
27 24 9 41 96 
34 64 76 7 70 
15 65 34 99 721 
80 51 41 27 690 
71 59 79 14 244 
29 77 94 81 424 
24 32 47 8 430 
98 35 48 57 726 
14 91 20 38 342 
54 16 22 31 20 
92 53 19 92 390 
70 47 96 11 689 
59 72 97 56 707 
85 20 29 47 753 
47 5 86 38 592 
82 41 44 73 634 
15 57 65 79 506 
73 15 57 60 691 
53 41 39 73 261 
44 96 66 51 478 
36 90 77 39 469 
89 69 82 20 556 
31 5 25 33 585 
4 9 21 94 130 
72 65 71 62 336 
8 68 15 7 252 
87 77 95 14 354 
27 82 28 21 614 
6 35 40 92 455 
50 17 8 101 247 
36 78 75 35 721 
74 21 17 97 418 
22 56 78 89 677 
56 13 13 90 381 
24 83 101 19 98 
39 27 81 7 760 
93 62 16 76 786 
11 4 61 26 585 
8 67 33 70 447 
52 59 53 9 15 
39 6 20 55 69 
55 78 58 23 419 
49 42 12 4 492 
62 42 3 93 600 
54 53 89 18 333 
59 52 33 64 503 
82 76 74 5 455 
89 45 63 68 350 
35 48 40 75 205 
68 56 31 10 773 
12 58 62 35 407 
88 19 3 14 419 
5 47 96 62 583 
74 70 10 49 599 
19 82 37 50 330 
8 15 17 93 612 
4 23 25 69 422 
26 17 41 55 568 
72 43 50 17 322 
90 54 80 3 432 
100 49 84 37 631 
32 23 14 95 361 
75 4 12 39 400 
84 24 29 10 389 
60 31 56 79 28 
78 33 22 11 429 
55 37 15 41 631 
57 42 91 92 174 
4 5 48 11 788 
70 33 13 68 469 
