6 6
100
5 84 45 91 90 89 787 
65 89 24 20 64 9 820 
83 24 98 8 48 87 435 
75 89 67 73 64 26 426 
31 82 51 20 11 68 614 
47 23 27 15 90 20 1047 
8 87 67 80 58 30 1092 
79 93 95 80 76 24 366 
97 80 21 28 65 32 414 
8 76 3 55 43 19 431 
3 73 95 60 69 52 827 
4 102 94 8 98 47 633 
91 58 42 38 46 22 616 
45 8 89 26 91 54 1220 
13 66 27 16 13 56 929 
22 102 22 8 74 64 1146 
80 28 21 69 86 84 207 
20 63 19 99 99 87 720 
66 7 36 81 100 70 1104 
38 69 94 87 93 78 848 
58 22 31 74 60 59 788 
82 70 59 7 72 85 1148 
5 10 19 17 71 19 688 
96 88 29 76 96 5 520 
62 29 85 95 8 50 752 
43 90 27 41 30 96 1028 
39 79 76 30 87 98 401 
60 77 72 24 61 15 757 
37 4 100 65 55 24 252 
43 76 14 65 37 34 764 
22 94 78 43 25 74 698 
10 55 48 12 9 12 18 
55 15 73 50 36 102 79 
88 29 77 77 74 65 1185 
5 64 67 52 66 72 466 
84 96 83 38 43 7 322 
51 54 56 48 14 21 1078 
63 43 18 3 35 58 422 
67 3 68 52 11 62 63 
93 83 62 45 41 65 862 
20 92 14 95 97 82 459 
77 23 31 62 46 11 516 
23 52 51 33 16 6 216 
96 17 88 34 47 23 711 
74 96 5 75 58 20 527 
54 6 10 40 78 99 1095 
81 39 92 66 53 65 851 
33 13 14 27 62 55 303 
77 28 63 52 61 81 47 
29 28 89 90 93 101 851 
48 43 95 40 9 30 179 
80 97 70 95 60 91 499 
85 93 50 98 67 20 943 
79 48 90 19 20 88 636 
14 5 78 62 66 2 1042 
72 21 89 55 27 12 1189 
33 95 59 2 93 65 550 
36 42 94 28 83 94 842 
97 8 23 91 44 65 808 
95 94 35 97 90 58 151 
75 63 45 42 10 82 566 
55 33 19 29 25 9 944 
65 86 36 85 10 18 927 
15 68 66 84 50 33 467 
3 26 8 4 10 35 756 
81 51 88 75 15 25 509 
77 7 64 22 58 91 371 
10 101 14 83 41 38 733 
97 81 60 63 51 10 638 
9 13 26 17 76 17 1028 
37 50 12 97 96 36 467 
63 4 65 94 44 10 1137 
27 96 24 70 98 4 1021 
72 30 14 66 16 91 836 
96 40 6 83 75 48 904 
53 4 88 48 4 24 422 
79 97 71 9 2 61 994 
19 5 49 80 16 3 788 
22 100 33 81 47 72 826 
66 60 12 71 64 21 915 
94 38 25 96 82 51 1140 
36 45 59 16 32 89 940 
37 60 5 62 48 11 383 
5 56 68 60 54 69 161 
39 60 40 41 42 8 300 
69 26 86 35 53 73 1052 
57 76 67 17 85 93 358 
3 9 11 18 12 45 1089 
83 58 38 30 84 82 1188 
87 21 77 92 83 54 833 
35 21 28 96 40 47 598 
82 3 45 71 78 86 440 
53 31 25 32 65 37 1048 
70 50 7 71 93 91 853 
57 92 26 4 40 63 825 
90 84 24 74 100 42 18 
57 95 61 8 98 63 416 
93 55 62 20 19 84 805 
74 23 27 49 58 81 313 
13 21 69 40 25 70 776 
