4 8
100
13 65 75 51 984 
57 3 51 38 998 
80 80 5 31 609 
69 35 36 43 356 
37 50 96 53 482 
35 83 29 45 767 
68 91 31 38 1112 
63 19 27 37 1480 
56 39 34 100 537 
63 59 57 13 575 
74 66 36 21 787 
66 71 24 22 443 
76 76 8 91 1551 
91 51 69 63 1240 
51 9 101 52 1108 
101 18 98 20 1123 
78 28 18 10 1219 
4 57 11 90 73 
94 97 7 10 271 
82 32 45 5 711 
13 92 95 37 1399 
67 67 86 53 804 
50 76 6 53 834 
50 59 100 17 1511 
36 42 81 59 1371 
56 4 92 35 1430 
71 75 95 77 936 
88 35 83 25 160 
40 73 60 41 921 
20 93 56 59 1121 
25 34 30 12 150 
74 14 39 53 511 
65 77 52 66 1318 
77 83 32 96 1068 
17 78 77 7 899 
65 84 41 2 1073 
66 49 35 67 1058 
38 47 84 67 1399 
76 98 32 93 762 
65 23 96 60 1331 
39 63 63 94 877 
48 59 25 57 751 
92 74 38 87 1105 
18 43 88 101 730 
32 101 66 10 1496 
21 49 86 60 1502 
44 90 83 21 470 
4 89 43 13 302 
81 24 29 22 1564 
3 62 46 26 508 
24 37 97 16 848 
40 99 55 2 570 
102 75 67 65 61 
4 93 20 59 1064 
31 2 76 83 1073 
9 75 47 14 1474 
61 4 63 29 1151 
9 94 69 69 1483 
8 36 43 78 306 
8 60 65 18 1525 
12 44 90 60 38 
23 63 17 50 728 
67 54 42 12 1234 
100 14 39 95 1578 
12 26 53 68 973 
97 61 100 64 975 
52 11 31 21 1312 
19 16 4 27 806 
48 80 21 24 417 
55 96 33 3 343 
96 22 72 21 1361 
88 93 24 101 124 
64 65 55 90 1545 
58 25 24 32 951 
85 12 14 46 826 
34 6 31 42 104 
3 30 100 43 1077 
32 41 12 37 1540 
28 94 5 20 1429 
85 27 33 30 1134 
32 74 3 44 615 
85 10 29 71 834 
84 64 84 95 107 
35 67 14 24 1061 
19 16 88 37 522 
93 9 97 58 1096 
9 75 3 73 1246 
31 29 57 5 1347 
24 14 43 86 211 
66 13 13 13 884 
20 16 11 65 858 
18 88 68 13 762 
78 15 73 4 718 
10 64 13 18 1262 
8 12 10 42 703 
6 75 4 24 1109 
82 98 86 4 798 
95 66 40 20 983 
45 63 47 59 100 
11 44 41 42 78 
