6 8
100
98 80 82 97 67 96 977 
39 82 29 74 39 60 1329 
6 52 101 13 89 79 1247 
32 13 15 82 87 24 1213 
96 70 27 48 3 75 730 
34 40 40 73 60 8 1544 
82 80 45 22 40 40 1124 
46 62 94 97 77 27 1079 
68 68 16 83 74 87 697 
14 4 29 38 87 39 1170 
14 63 42 31 73 84 804 
36 73 62 49 87 7 818 
11 35 52 28 50 81 1069 
74 26 93 88 22 54 1116 
77 18 86 55 3 99 529 
101 54 68 6 45 19 537 
98 56 35 89 82 95 56 
72 78 12 39 60 8 646 
39 51 45 53 32 83 952 
57 78 96 86 10 20 161 
82 86 24 6 64 35 1247 
71 59 100 42 61 67 95 
42 76 17 45 93 95 1009 
5 25 55 16 38 77 665 
80 41 5 74 77 96 1454 
94 90 35 99 76 65 1108 
94 47 12 72 18 55 249 
4 81 43 19 27 50 1265 
63 71 93 28 60 38 1489 
20 97 71 86 73 19 779 
88 84 48 19 32 96 182 
80 45 45 22 24 28 1239 
62 64 57 52 48 14 515 
20 44 73 17 29 79 1201 
52 44 88 46 38 69 259 
99 98 102 97 56 68 1343 
28 50 7 38 12 17 956 
35 16 36 28 7 18 1111 
42 77 4 4 19 40 465 
3 59 78 88 60 62 1030 
68 57 57 94 47 51 1506 
96 68 81 19 63 17 282 
30 54 21 33 53 50 924 
23 100 95 39 31 56 408 
93 32 52 54 57 97 1083 
61 81 36 62 69 78 747 
11 25 87 58 25 13 1198 
8 59 57 9 14 9 750 
59 64 57 18 97 69 67 
38 31 67 8 22 53 1123 
74 86 73 86 74 13 185 
77 10 83 8 45 54 1387 
75 97 47 45 91 22 31 
19 81 46 74 10 44 1199 
96 22 52 5 62 7 547 
75 86 24 42 98 37 1348 
56 76 12 55 18 21 1036 
36 22 65 33 32 69 894 
7 30 15 66 71 40 1319 
90 33 5 84 49 54 1629 
13 25 4 95 88 21 1029 
7 36 21 95 25 12 977 
2 89 74 32 40 81 1105 
59 12 79 29 99 4 1089 
46 9 72 71 70 66 379 
99 63 39 47 50 94 1631 
96 95 73 48 30 23 1425 
46 33 54 11 75 34 888 
15 28 69 91 19 98 1004 
29 51 26 57 48 39 61 
28 37 87 92 89 70 1023 
19 8 82 71 83 81 3 
78 20 61 97 34 71 1367 
37 73 58 32 97 40 1093 
46 49 93 83 86 86 285 
98 69 22 88 66 94 1572 
22 88 22 39 19 63 836 
33 66 62 17 70 22 1490 
67 32 61 94 31 98 1179 
61 91 90 98 98 85 1308 
53 42 11 69 79 89 246 
86 38 96 80 79 18 223 
85 33 69 19 66 28 508 
39 62 96 37 98 26 1004 
99 34 42 23 81 73 1302 
26 53 50 93 34 78 1313 
96 67 15 54 82 61 1233 
60 23 82 34 59 51 231 
81 17 34 83 65 56 1418 
5 56 59 100 47 36 956 
81 21 28 33 52 53 701 
97 83 85 18 67 88 634 
13 62 91 24 24 68 736 
38 18 12 71 25 96 1483 
14 58 56 37 27 19 1292 
4 56 3 9 100 73 1376 
36 51 67 100 70 50 1498 
95 70 78 25 70 15 704 
5 18 64 29 59 54 1363 
27 31 83 43 71 62 156 
