4 6
100
90 99 38 55 664 
82 79 19 33 561 
68 78 8 98 268 
79 62 68 5 861 
97 72 94 77 1075 
68 33 33 14 147 
50 46 61 38 868 
33 76 95 43 1063 
29 39 45 102 28 
21 90 42 89 691 
19 43 32 69 75 
20 7 64 67 1083 
51 48 7 22 1196 
24 19 72 27 1108 
5 69 27 18 536 
60 29 95 75 847 
80 93 45 58 1166 
9 16 94 32 645 
28 15 30 55 460 
82 33 26 4 985 
3 20 17 99 657 
52 18 17 25 587 
93 14 91 98 133 
61 5 51 26 1107 
10 27 42 74 786 
92 40 74 80 777 
29 5 93 94 829 
62 77 48 4 554 
93 101 71 84 750 
16 26 35 44 964 
79 84 101 13 890 
78 80 45 35 781 
14 46 38 62 259 
90 24 99 30 622 
85 59 49 81 1213 
11 58 60 13 614 
68 7 32 102 1056 
47 6 81 21 1117 
84 34 15 40 409 
49 65 11 63 895 
94 29 7 93 1167 
22 37 22 14 785 
22 22 34 85 1194 
9 16 39 76 935 
86 45 79 39 839 
53 46 11 48 633 
48 49 98 40 708 
41 2 41 6 810 
12 86 69 57 869 
64 2 33 43 330 
35 28 37 87 1085 
52 51 70 25 542 
79 28 76 63 225 
75 26 96 27 715 
8 78 34 9 815 
3 78 24 68 79 
53 15 70 21 225 
22 14 13 51 100 
92 34 18 62 1095 
86 11 8 39 1195 
41 8 8 85 254 
60 96 30 20 1074 
76 29 5 19 1140 
66 61 57 44 1207 
64 14 47 19 839 
76 62 74 20 1016 
94 72 87 70 829 
47 9 87 100 740 
28 86 95 64 418 
65 31 101 69 314 
27 56 66 40 440 
28 63 91 16 567 
100 23 12 37 1174 
6 44 37 51 588 
59 75 59 84 890 
80 21 85 85 75 
47 63 7 95 711 
40 8 48 34 507 
86 20 73 54 765 
7 76 60 68 364 
22 96 52 21 838 
54 99 84 68 708 
9 79 8 10 14 
39 18 19 79 709 
100 98 5 10 779 
41 4 7 22 834 
6 63 20 55 1051 
53 13 88 26 82 
43 27 83 76 418 
9 13 65 53 312 
91 58 82 10 384 
26 94 44 57 356 
51 94 64 100 654 
48 62 55 24 614 
28 32 95 73 203 
76 17 30 76 694 
30 42 56 96 974 
50 83 12 24 756 
61 71 33 97 703 
51 65 85 23 1079 
