4 2
100
56 82 63 4 70 
101 64 42 10 214 
87 10 41 47 26 
45 67 55 82 246 
63 52 27 10 92 
23 93 50 94 327 
45 72 79 93 88 
78 71 80 79 379 
24 53 70 36 42 
27 32 99 8 158 
89 34 6 57 355 
5 57 55 82 390 
10 16 50 30 41 
17 33 50 26 122 
76 89 78 89 155 
11 84 93 100 398 
93 96 44 55 380 
13 68 24 6 74 
23 18 100 83 345 
10 5 42 27 388 
95 84 75 79 264 
2 58 19 19 317 
23 66 58 84 19 
16 74 97 37 405 
51 11 47 9 35 
60 91 97 4 121 
9 44 68 5 19 
12 23 67 91 380 
57 51 7 28 395 
59 62 18 79 287 
38 10 7 28 189 
86 39 68 71 28 
13 63 16 90 290 
81 100 55 80 384 
95 10 9 44 182 
101 6 20 12 208 
100 75 20 34 381 
101 39 43 59 83 
75 57 98 84 334 
96 37 19 57 75 
62 9 40 85 314 
30 3 66 83 191 
82 21 58 20 35 
40 44 84 96 295 
44 59 98 60 88 
41 14 26 62 206 
66 89 65 94 372 
93 37 38 57 265 
100 75 62 12 163 
56 100 80 76 180 
54 55 25 85 311 
5 13 82 63 157 
19 79 6 33 337 
96 57 66 29 73 
5 8 28 31 304 
70 99 88 20 274 
42 36 52 18 400 
13 66 82 18 360 
81 58 77 19 198 
23 71 31 30 189 
101 36 53 59 169 
48 29 96 11 34 
7 27 63 96 400 
85 28 90 35 293 
32 77 51 41 157 
49 34 11 83 218 
101 71 60 74 277 
8 85 96 77 213 
86 72 74 10 339 
56 97 82 21 268 
97 83 98 58 67 
26 87 14 20 385 
16 20 14 58 38 
39 69 91 29 374 
101 34 15 83 359 
62 5 43 58 343 
54 54 92 18 239 
20 75 5 58 179 
23 73 77 82 155 
68 60 18 101 190 
89 8 55 30 270 
64 70 17 70 229 
23 46 58 36 173 
65 30 98 99 372 
66 66 34 85 287 
30 59 35 45 91 
4 89 44 12 395 
48 100 64 52 391 
52 60 37 3 93 
79 17 43 40 306 
40 63 21 10 337 
25 75 72 59 155 
7 37 74 48 219 
36 5 49 40 391 
67 67 49 3 170 
8 31 34 63 380 
15 18 97 70 341 
43 70 35 29 301 
75 30 7 14 369 
17 88 91 49 362 
