4 2
100
40 14 89 51 206 
85 91 46 55 165 
6 40 83 83 199 
52 72 20 35 277 
57 98 98 35 95 
87 42 85 89 249 
69 31 42 69 11 
66 63 15 47 109 
43 9 20 45 287 
32 34 83 33 342 
63 6 71 78 262 
44 18 56 28 268 
45 7 59 94 300 
76 100 16 81 346 
90 59 75 9 111 
50 80 55 65 378 
55 60 54 5 2 
65 63 66 5 247 
50 10 89 81 339 
37 52 28 72 390 
35 20 5 48 389 
6 32 64 52 67 
66 65 93 36 55 
87 56 56 94 45 
16 36 13 20 150 
83 72 96 26 373 
100 54 85 69 246 
37 58 8 10 391 
34 101 16 89 393 
88 19 55 68 400 
84 98 36 61 334 
101 9 86 12 62 
36 38 40 60 76 
14 81 25 76 321 
31 50 48 98 319 
17 21 27 24 209 
66 19 30 28 41 
4 20 26 88 251 
30 73 98 95 251 
98 62 58 70 345 
8 96 81 90 282 
36 52 39 83 271 
82 84 64 61 209 
19 10 15 50 69 
96 58 40 15 208 
60 54 55 37 335 
57 65 58 39 184 
72 40 42 59 309 
54 83 45 21 334 
48 11 39 44 181 
90 49 10 54 370 
53 58 69 39 48 
84 99 4 101 47 
19 28 27 16 329 
81 70 58 75 264 
15 15 20 33 22 
51 17 13 93 385 
10 57 6 49 385 
16 73 5 47 382 
57 80 46 10 266 
22 86 25 64 265 
22 93 37 90 317 
40 40 38 34 256 
69 88 14 7 15 
64 24 80 22 271 
10 67 13 81 41 
37 71 12 68 347 
67 94 51 28 304 
19 22 18 71 232 
79 38 73 85 111 
71 69 41 7 16 
100 8 5 97 232 
57 82 58 80 175 
71 29 72 49 399 
77 39 87 32 352 
44 7 11 65 366 
74 95 30 55 167 
70 32 7 64 355 
61 91 56 71 80 
39 66 40 28 359 
51 68 26 87 213 
34 83 10 21 253 
95 99 42 8 345 
64 54 5 39 304 
40 24 10 62 160 
88 86 18 13 203 
79 69 85 77 165 
8 71 45 2 40 
89 24 88 2 386 
64 51 50 87 233 
86 63 3 54 203 
29 60 66 48 271 
50 67 99 71 345 
27 16 67 68 319 
95 12 5 30 356 
19 38 10 68 313 
39 38 33 56 268 
18 68 32 28 56 
50 6 98 36 251 
24 27 19 18 283 
