4 4
100
89 76 71 14 313 
28 50 73 28 748 
5 51 44 4 399 
20 31 26 47 771 
44 28 50 12 506 
60 72 43 85 584 
85 30 5 32 744 
52 85 49 82 402 
39 4 88 32 288 
15 10 31 39 526 
98 31 82 32 778 
64 28 61 52 655 
59 9 91 56 70 
77 48 14 13 809 
37 84 46 98 468 
42 42 20 77 398 
52 42 6 20 615 
56 50 75 36 243 
26 26 99 102 755 
32 15 34 24 491 
69 98 21 40 238 
16 87 87 75 454 
24 10 86 3 248 
19 5 72 81 443 
30 75 80 83 618 
14 87 47 5 220 
29 10 98 17 665 
56 23 68 91 498 
71 65 102 81 65 
17 42 98 71 620 
29 45 55 70 267 
96 20 40 64 143 
32 42 83 48 236 
16 14 71 22 623 
97 40 83 20 692 
66 75 101 75 493 
74 90 77 29 814 
86 56 30 85 712 
38 85 5 74 256 
31 84 56 52 762 
5 73 79 95 657 
91 64 37 85 556 
23 21 67 4 373 
43 67 56 48 368 
62 86 88 34 332 
14 36 11 89 456 
85 21 51 82 469 
3 14 84 49 87 
24 21 47 16 540 
19 20 3 28 735 
66 30 9 7 274 
21 87 46 54 557 
57 54 50 29 697 
4 72 87 47 369 
31 85 9 38 188 
43 41 74 68 194 
96 35 85 99 749 
57 14 46 48 317 
18 70 32 81 455 
72 73 20 31 525 
49 35 58 83 496 
83 23 73 84 757 
81 15 80 31 604 
24 71 54 37 251 
92 27 41 8 241 
64 55 30 82 434 
72 24 45 4 624 
63 79 4 38 87 
36 42 64 56 486 
5 92 3 7 279 
2 21 84 100 607 
24 96 52 54 807 
30 94 93 31 191 
60 72 78 54 105 
47 70 17 27 788 
52 65 87 49 220 
74 54 26 48 431 
52 41 46 30 447 
69 29 52 39 670 
44 51 35 33 16 
34 15 51 94 730 
35 6 59 4 203 
61 11 6 27 221 
78 71 47 78 597 
21 28 51 100 373 
20 20 80 45 450 
2 32 57 47 770 
61 5 34 59 164 
48 84 45 5 783 
60 25 27 12 48 
75 7 59 59 679 
8 67 53 48 583 
17 28 17 49 203 
31 57 61 33 558 
75 39 90 58 221 
39 85 48 4 717 
97 95 70 39 670 
97 75 99 64 718 
96 54 87 87 42 
22 69 98 80 548 
