2 2
100
69 24 253 
20 18 217 
95 61 187 
23 96 292 
94 4 110 
13 37 110 
5 28 350 
49 55 379 
12 74 123 
68 76 39 
31 75 233 
69 3 51 
68 5 286 
81 26 400 
95 93 318 
70 32 393 
28 36 393 
60 74 110 
49 22 279 
71 10 179 
25 29 346 
38 94 87 
16 27 5 
17 47 133 
59 26 11 
90 56 254 
17 43 174 
36 42 166 
15 72 6 
32 22 334 
46 99 387 
29 58 395 
15 58 404 
59 56 21 
98 14 364 
66 4 194 
26 61 268 
8 56 273 
3 91 358 
46 26 90 
22 86 21 
21 73 196 
39 32 281 
8 76 399 
65 60 357 
40 40 115 
53 51 281 
56 8 249 
18 40 178 
30 28 272 
11 71 135 
79 39 286 
2 79 167 
43 29 293 
81 21 347 
70 45 390 
81 65 211 
62 95 307 
55 68 319 
46 4 137 
6 11 20 
4 99 25 
67 88 89 
19 40 250 
89 12 91 
99 77 357 
78 51 386 
50 51 254 
17 51 309 
59 26 289 
94 58 305 
9 39 73 
69 79 91 
81 4 233 
76 64 107 
92 75 340 
55 58 372 
93 70 219 
41 59 246 
44 89 196 
32 10 252 
53 27 331 
89 82 298 
6 32 403 
68 99 191 
40 76 356 
38 27 312 
94 6 279 
82 3 362 
23 71 329 
59 27 365 
76 51 386 
97 25 149 
47 6 379 
12 51 108 
94 27 291 
9 3 339 
75 8 255 
74 40 16 
95 73 99 
