6 4
100
62 67 59 57 46 91 700 
73 22 86 49 56 7 452 
53 21 66 44 71 92 794 
8 17 37 64 43 34 739 
2 68 82 32 83 89 265 
14 27 50 50 101 81 661 
31 91 31 18 23 101 328 
7 98 54 62 13 10 442 
53 24 95 5 59 97 582 
56 6 18 75 19 25 321 
96 18 96 72 12 18 626 
28 9 48 22 35 52 774 
71 30 72 72 81 80 499 
5 57 47 44 86 12 616 
86 14 44 5 78 3 92 
83 60 93 3 94 79 202 
17 49 85 27 47 78 688 
79 48 6 41 47 80 746 
63 51 30 28 9 3 341 
96 6 18 58 52 86 725 
71 82 70 89 3 38 717 
10 64 19 42 35 93 65 
68 41 67 33 25 22 159 
11 65 77 87 78 85 170 
45 69 70 97 95 97 61 
69 37 54 46 44 6 438 
89 13 88 76 12 36 231 
67 54 27 29 66 72 491 
19 95 3 27 56 69 528 
97 51 46 43 98 3 814 
6 15 89 83 18 68 180 
54 91 14 68 51 95 636 
17 45 70 31 28 49 407 
44 53 22 90 38 91 754 
64 44 35 16 35 30 501 
41 40 48 50 6 40 529 
6 92 60 7 77 89 652 
7 78 14 72 55 52 504 
64 70 95 82 79 32 735 
49 81 54 18 66 19 621 
8 25 82 24 11 87 314 
63 63 85 64 4 15 464 
68 23 47 82 80 102 630 
72 55 70 29 11 77 461 
13 9 91 12 72 6 813 
55 34 50 47 67 25 9 
9 11 20 76 19 35 664 
59 9 38 88 19 101 293 
71 14 97 2 12 84 408 
57 96 53 34 11 59 105 
92 99 37 15 78 78 518 
46 52 55 94 43 77 439 
101 55 27 55 7 66 685 
21 55 46 57 43 53 424 
17 69 44 10 78 71 555 
12 3 74 42 25 74 212 
64 44 10 71 9 98 453 
43 29 81 6 95 31 572 
46 93 61 37 27 14 237 
85 12 85 67 8 88 727 
55 54 15 84 93 60 471 
12 38 88 37 57 98 601 
42 65 7 85 42 100 539 
12 16 7 99 63 99 642 
34 27 6 2 12 68 724 
76 68 23 4 73 14 281 
57 75 3 73 17 57 351 
49 81 84 68 90 25 350 
41 10 87 33 63 81 636 
13 84 36 46 32 87 539 
99 85 83 71 87 34 451 
43 7 29 48 44 38 696 
48 23 36 24 45 48 292 
60 38 73 11 36 58 357 
93 68 28 87 72 79 405 
98 3 99 4 93 90 801 
5 61 87 21 45 95 531 
63 2 24 89 41 32 320 
49 12 62 54 77 14 407 
40 2 63 73 61 38 411 
22 39 22 54 60 40 452 
80 89 92 92 66 81 244 
68 6 100 34 49 12 400 
94 39 52 18 78 50 529 
60 26 50 86 59 17 338 
65 4 37 83 95 86 566 
25 72 64 14 35 22 588 
98 65 42 14 27 3 231 
2 72 38 84 91 93 160 
65 44 8 9 66 90 29 
4 65 53 56 29 82 562 
69 91 6 45 30 95 506 
63 11 74 33 15 15 512 
34 101 100 6 95 52 488 
30 57 7 71 34 71 767 
102 91 61 101 24 61 274 
83 34 41 63 100 60 23 
35 36 78 53 77 43 572 
66 55 52 35 32 11 315 
35 102 76 99 26 70 496 
