2 8
100
48 5 1068 
21 43 1279 
99 8 627 
7 57 901 
84 59 1178 
10 20 443 
98 98 1449 
35 91 1393 
76 60 86 
32 48 1404 
44 5 1313 
16 102 714 
37 54 1437 
3 35 451 
56 60 989 
78 66 1050 
88 98 765 
73 89 588 
56 15 227 
82 48 1363 
75 69 981 
54 64 836 
77 70 939 
30 74 1076 
41 97 1031 
63 81 503 
27 100 1537 
43 46 821 
41 73 272 
46 62 1414 
32 57 112 
7 29 1085 
69 4 1564 
11 3 1562 
9 59 388 
83 34 1493 
75 95 561 
85 57 786 
91 34 369 
12 15 1485 
37 32 134 
73 101 280 
61 36 1109 
99 96 1263 
37 17 1573 
100 36 1425 
29 60 645 
27 74 1091 
54 49 1631 
61 17 1553 
46 60 1446 
7 77 1159 
90 38 955 
9 24 1590 
26 78 1622 
59 50 652 
54 93 1605 
37 85 894 
54 11 957 
43 21 847 
19 2 315 
75 55 591 
91 32 664 
27 13 1600 
31 22 599 
44 4 1560 
69 97 1608 
62 9 401 
99 11 1215 
36 55 1066 
14 48 286 
9 92 348 
80 53 381 
65 70 299 
101 28 1305 
2 8 1033 
20 11 132 
65 76 379 
55 59 1528 
97 78 722 
64 57 1252 
77 15 1053 
83 24 498 
17 66 829 
74 6 446 
82 63 1314 
47 99 40 
13 18 717 
59 51 1185 
96 55 532 
30 86 1221 
81 4 218 
44 26 221 
17 22 1373 
35 5 747 
59 93 1138 
98 75 1569 
15 52 1297 
44 53 641 
35 20 1038 
