2 8
100
96 20 1349 
47 73 1551 
17 7 474 
66 33 218 
62 20 1564 
32 95 1266 
14 23 1392 
87 67 1534 
32 82 890 
86 71 750 
74 38 678 
82 48 1362 
52 91 347 
53 74 1512 
63 19 1062 
68 88 1469 
61 48 1565 
76 24 230 
68 11 874 
91 17 1470 
43 33 600 
85 94 1539 
74 83 1182 
14 82 76 
58 63 800 
95 26 778 
31 66 1548 
66 27 378 
52 100 239 
29 15 611 
32 63 1206 
33 12 674 
58 80 407 
73 97 84 
20 48 1076 
93 19 987 
67 76 1382 
8 62 831 
97 78 85 
16 35 1540 
82 46 1103 
37 84 302 
33 27 835 
10 39 746 
25 60 1137 
92 49 1295 
59 61 1312 
56 64 642 
55 26 31 
25 38 558 
38 44 738 
32 93 821 
40 85 1040 
49 63 1503 
11 59 607 
41 85 26 
83 7 481 
28 58 1217 
16 28 1336 
30 84 954 
19 10 1459 
19 74 1541 
3 94 1097 
21 54 1048 
18 12 1597 
90 47 87 
4 16 669 
2 44 500 
7 12 1401 
73 18 1067 
70 11 6 
7 33 868 
5 94 1399 
45 40 1483 
36 64 867 
67 12 765 
79 28 1321 
79 28 1121 
19 18 1076 
61 14 999 
11 32 1238 
4 53 704 
66 12 1287 
47 88 858 
21 61 1228 
52 68 1304 
79 42 7 
41 96 1481 
86 94 1356 
34 90 239 
89 46 1306 
27 36 143 
17 34 180 
12 3 1627 
70 34 656 
30 59 1091 
95 69 822 
88 83 1188 
63 72 587 
87 19 967 
