8 8
100
91 71 63 21 99 64 46 36 342 
73 101 17 91 64 98 79 52 1397 
95 52 18 4 76 25 4 16 1361 
33 99 25 53 66 88 88 20 1125 
69 78 79 5 52 64 31 16 1127 
99 44 76 40 92 79 64 15 1040 
80 90 97 40 19 85 80 15 609 
100 22 37 31 5 45 29 13 1201 
10 91 2 56 75 62 56 7 1165 
12 95 9 48 91 53 24 9 504 
76 31 61 96 27 39 27 33 1535 
36 70 41 33 13 81 5 56 382 
65 26 17 37 86 13 14 70 329 
32 53 33 86 9 98 14 55 1337 
16 16 66 65 31 44 68 22 614 
34 81 84 30 45 37 30 61 1360 
18 40 46 50 85 59 19 97 1307 
65 52 63 46 20 60 99 91 656 
61 102 97 75 72 67 76 82 1458 
40 4 10 97 58 49 14 98 242 
40 68 33 10 49 35 64 4 1136 
78 91 63 26 33 56 97 71 967 
90 45 71 81 76 5 69 81 1524 
74 70 96 16 33 24 45 62 372 
11 53 55 64 13 70 97 100 1484 
30 16 73 56 102 89 90 26 870 
48 61 94 30 42 70 42 92 554 
77 64 59 41 83 73 33 88 292 
8 28 34 3 86 78 14 41 1052 
24 20 71 9 28 9 71 99 18 
32 83 13 87 24 24 36 22 580 
35 91 36 102 25 16 71 84 1608 
24 47 77 18 17 3 5 20 1178 
67 70 39 53 72 86 72 3 81 
9 22 6 12 69 66 43 81 811 
33 24 96 57 40 45 10 49 851 
28 16 68 11 84 6 52 70 853 
101 85 21 52 32 24 11 64 1011 
97 14 80 13 78 39 54 75 1561 
80 12 31 95 44 25 34 46 1419 
41 100 40 102 62 101 14 44 1566 
33 83 94 74 48 78 84 16 571 
76 18 40 31 59 11 10 74 949 
25 8 42 97 20 88 37 72 1053 
25 97 54 81 101 36 43 23 1494 
5 8 66 55 14 31 91 59 455 
50 12 42 31 93 90 43 91 589 
57 37 65 8 39 79 14 60 308 
85 97 19 7 91 38 20 7 1084 
96 72 96 14 9 63 60 89 982 
26 96 6 66 40 12 100 87 1401 
31 99 71 89 43 55 12 8 1014 
12 46 23 6 13 88 24 49 312 
44 46 30 4 50 52 18 90 1040 
17 21 59 10 9 5 52 91 141 
100 9 31 43 4 3 101 50 705 
41 22 85 20 44 94 93 58 677 
59 29 51 21 73 55 92 97 1415 
7 5 38 20 55 24 79 26 653 
92 3 44 29 5 2 9 79 1097 
82 100 79 67 19 53 64 95 1007 
62 81 38 77 53 9 17 96 733 
9 23 69 63 42 20 54 3 903 
101 32 27 50 14 96 88 11 1582 
12 42 88 87 58 62 63 19 733 
6 17 52 37 15 11 58 2 918 
2 21 60 60 15 18 98 65 1025 
39 14 69 44 91 44 12 7 881 
61 23 67 9 3 25 75 49 1400 
8 66 20 18 95 13 39 88 1470 
41 54 28 72 91 95 100 26 95 
79 64 28 10 27 10 57 99 1289 
93 95 21 37 87 68 33 92 1607 
47 23 21 58 7 5 54 73 868 
29 91 34 74 11 79 19 98 1389 
62 100 41 12 63 98 34 48 1518 
73 6 69 63 41 101 97 55 47 
89 23 60 25 58 56 57 29 127 
49 21 86 44 20 91 83 72 1506 
62 37 62 25 26 60 12 82 1085 
89 69 52 35 79 59 76 32 1219 
29 40 44 87 57 36 90 87 447 
11 32 88 80 82 71 9 37 282 
45 65 100 102 15 78 90 70 987 
60 16 44 29 70 90 16 56 537 
52 77 83 28 37 40 33 3 829 
82 11 89 83 28 44 42 33 1096 
79 30 27 68 99 89 75 33 1163 
87 84 64 100 65 28 38 59 985 
39 19 30 62 71 14 27 10 968 
75 78 90 2 90 38 23 39 426 
10 86 80 96 54 7 69 48 315 
91 84 48 63 48 71 83 5 226 
41 19 61 15 43 91 29 2 887 
85 87 96 28 80 28 102 30 1183 
84 45 67 25 95 25 95 38 425 
16 14 33 21 21 87 25 84 327 
69 97 45 92 69 54 52 86 996 
27 65 6 22 63 20 99 102 983 
51 18 27 38 23 7 65 16 1445 
