2 2
100
6 50 69 
2 8 361 
16 78 358 
4 84 378 
33 87 245 
101 13 69 
61 4 125 
5 7 39 
68 63 341 
5 94 291 
2 91 293 
82 59 238 
95 95 215 
2 90 395 
68 51 334 
7 54 282 
73 7 325 
99 91 252 
69 3 176 
9 36 183 
7 13 342 
18 3 377 
23 53 114 
4 8 77 
66 61 59 
36 39 227 
29 63 40 
17 34 357 
94 6 6 
12 15 230 
17 88 241 
10 97 312 
15 52 197 
91 86 5 
43 71 403 
63 35 121 
49 36 262 
90 82 297 
37 92 323 
98 27 398 
93 13 155 
73 88 84 
61 58 261 
40 23 355 
9 40 314 
11 75 257 
91 33 291 
74 65 325 
94 30 26 
88 75 23 
99 19 103 
53 100 300 
65 72 339 
81 4 312 
68 12 54 
79 82 173 
98 28 71 
18 10 384 
28 22 198 
60 81 241 
16 75 340 
61 43 19 
64 59 164 
5 48 16 
82 12 119 
97 8 217 
69 17 195 
66 92 191 
90 83 38 
33 26 319 
27 7 370 
26 66 118 
95 9 283 
11 17 97 
4 94 330 
16 38 398 
67 33 58 
97 94 263 
13 53 337 
39 72 243 
97 33 134 
64 80 168 
15 58 188 
2 4 404 
86 60 2 
26 63 400 
68 77 184 
13 68 380 
66 32 56 
28 15 58 
48 58 152 
12 15 342 
93 43 60 
42 3 328 
54 67 122 
17 14 139 
66 89 364 
87 73 390 
17 86 269 
41 99 198 
