8 2
100
34 15 63 62 50 17 92 87 226 
3 89 102 63 71 73 84 6 284 
83 45 13 57 28 92 71 53 406 
73 60 3 40 5 3 23 8 254 
98 63 85 68 78 30 91 57 184 
76 7 51 24 79 97 35 14 394 
73 79 89 73 93 99 18 21 111 
56 65 86 101 42 65 11 88 175 
88 17 70 85 69 73 47 97 189 
53 52 83 8 7 94 7 52 120 
77 27 72 88 52 59 3 37 376 
63 77 67 87 14 93 54 48 396 
31 90 12 19 28 98 53 67 284 
48 49 60 94 96 91 36 37 249 
75 3 67 13 83 34 81 86 85 
83 68 39 92 56 61 97 78 254 
21 60 102 76 37 87 89 57 358 
36 71 83 78 53 80 32 82 187 
34 20 9 80 40 44 78 72 405 
34 58 95 100 100 21 29 18 313 
63 101 68 82 26 28 46 46 64 
42 7 17 61 62 76 16 64 236 
57 43 22 60 100 67 88 57 406 
97 38 73 64 50 37 3 71 329 
82 55 96 83 36 95 28 38 266 
86 75 98 21 87 37 63 74 306 
58 5 3 3 96 71 28 52 37 
46 79 59 82 60 93 96 36 40 
65 76 9 29 34 64 102 3 336 
5 78 53 38 3 78 62 47 269 
81 81 61 28 57 86 87 85 240 
10 7 16 8 27 53 28 100 400 
70 31 74 41 4 94 88 25 300 
60 10 78 83 22 15 27 17 225 
52 40 22 24 45 51 5 93 396 
70 100 53 2 12 6 80 94 68 
96 42 79 69 42 34 13 29 305 
84 30 87 3 83 12 98 78 245 
80 48 88 25 38 12 97 20 104 
24 60 100 74 5 30 99 33 305 
80 85 100 90 14 18 76 23 260 
14 68 19 43 6 35 46 102 189 
32 74 6 69 74 23 8 91 284 
78 12 27 59 7 52 38 20 380 
64 92 36 73 50 18 49 85 213 
10 83 56 67 31 5 84 69 242 
73 13 14 79 84 25 48 100 45 
41 57 64 69 8 88 42 84 40 
14 61 25 90 22 90 71 100 35 
18 13 83 24 78 39 93 67 33 
83 87 11 14 27 52 7 10 117 
92 43 77 70 27 49 96 72 35 
38 84 93 25 10 85 17 33 356 
31 19 81 26 78 43 80 61 395 
3 2 36 75 85 14 62 81 235 
35 50 89 37 30 8 31 57 337 
19 60 79 27 99 96 65 78 372 
51 68 67 36 92 68 52 95 286 
76 64 101 81 65 31 28 84 339 
3 96 91 76 97 23 60 63 4 
22 78 5 42 13 10 23 13 57 
95 101 59 23 87 36 38 57 379 
86 41 97 51 101 17 13 64 332 
4 77 73 46 78 32 67 32 73 
69 36 54 93 60 54 17 36 336 
28 82 11 57 40 42 30 77 91 
7 73 79 90 31 51 29 21 147 
45 51 26 30 58 57 19 71 90 
43 95 83 45 36 67 35 88 336 
74 49 39 33 18 3 10 62 244 
43 81 7 5 66 40 18 74 347 
61 100 26 57 40 71 20 89 335 
43 64 39 13 57 45 69 57 297 
100 14 35 25 22 98 97 78 367 
19 41 30 45 29 64 83 77 359 
60 19 11 70 15 31 21 69 398 
25 31 27 64 38 11 68 20 246 
54 38 80 30 62 64 81 3 196 
56 100 38 77 33 82 57 10 156 
66 32 101 5 6 56 101 74 192 
67 57 5 21 79 10 4 30 160 
12 33 59 49 91 14 83 67 279 
64 50 101 46 8 30 73 4 359 
63 51 34 26 31 89 17 16 189 
47 36 23 29 76 4 43 47 317 
83 19 43 89 24 41 87 39 102 
50 23 51 77 50 77 22 42 325 
9 89 4 72 34 77 68 38 127 
49 37 76 98 5 63 52 93 347 
49 76 29 95 40 94 65 68 379 
99 72 89 48 9 35 25 36 240 
78 13 87 68 24 88 10 40 12 
52 54 20 90 27 59 92 76 272 
55 17 50 12 9 68 84 71 273 
46 3 30 43 75 71 4 76 327 
2 83 54 43 86 2 91 14 60 
77 11 46 32 58 35 69 72 80 
12 67 5 21 85 55 21 66 154 
76 12 81 50 87 53 79 92 377 
16 14 32 50 23 97 54 9 244 
