6 8
100
29 53 95 76 34 52 636 
21 57 4 76 85 35 1229 
69 75 98 19 49 99 1372 
78 44 96 97 66 81 1051 
47 44 42 38 96 31 733 
22 11 67 56 91 59 1627 
63 89 7 44 90 90 1572 
57 21 54 84 31 72 842 
11 101 81 70 73 77 1203 
15 64 39 90 6 32 759 
67 34 65 59 42 86 241 
57 91 54 78 93 70 1475 
25 91 56 67 61 95 187 
12 88 88 20 85 28 788 
27 70 56 86 60 52 1472 
89 91 27 91 88 39 888 
12 29 95 82 9 85 1467 
75 85 25 47 39 37 896 
48 79 41 59 60 68 478 
23 100 93 35 20 2 578 
102 31 78 75 58 59 1627 
61 95 40 78 45 60 850 
87 33 41 23 17 37 674 
14 88 35 29 72 27 1460 
30 3 50 90 85 57 1204 
56 49 74 83 80 57 1425 
86 4 82 18 10 79 590 
69 55 14 5 67 96 1425 
45 45 48 88 34 12 499 
94 92 90 62 6 80 495 
86 69 42 39 82 56 469 
86 54 14 64 50 55 1006 
51 38 87 20 62 88 181 
6 28 97 48 47 59 1504 
14 94 58 6 101 8 1347 
88 74 69 87 42 61 970 
93 36 26 86 59 71 699 
56 5 43 45 94 21 1318 
42 47 92 37 99 38 1179 
62 58 60 51 50 81 1023 
66 20 36 22 30 54 202 
94 73 64 90 90 51 939 
91 17 63 9 89 4 750 
29 78 51 45 24 89 517 
80 68 37 11 92 82 1481 
87 10 25 66 70 70 782 
77 30 49 11 89 17 1153 
43 99 44 63 79 19 606 
43 86 79 8 66 83 238 
7 30 81 100 71 69 64 
9 40 45 21 35 100 846 
50 4 36 37 74 63 596 
71 95 50 15 65 56 716 
25 48 61 5 90 35 1145 
2 71 13 20 50 69 566 
61 101 44 46 21 87 1518 
85 45 72 94 22 80 584 
37 32 88 8 15 62 1365 
94 86 18 48 67 84 786 
35 25 19 26 96 4 160 
95 9 71 47 70 53 665 
5 90 13 70 57 36 1068 
41 28 14 37 9 53 1107 
17 28 100 56 6 47 808 
22 55 70 27 78 28 681 
26 19 63 47 11 45 1444 
98 7 79 11 49 85 1543 
99 8 91 89 53 44 1278 
82 72 93 67 8 93 1351 
37 45 45 81 10 26 245 
11 52 92 100 10 81 313 
23 23 47 58 64 57 376 
49 80 40 27 86 65 706 
49 73 82 5 54 8 994 
64 37 32 41 61 82 1447 
57 101 92 45 65 61 968 
51 48 10 46 38 62 1432 
67 7 56 26 62 74 1016 
81 12 96 58 76 60 974 
88 17 20 5 77 36 1505 
81 50 85 24 6 86 1584 
27 74 61 17 48 75 1575 
32 78 16 101 10 28 1236 
91 97 88 91 3 102 1032 
33 93 43 63 28 98 1405 
59 73 5 58 90 67 889 
40 37 43 30 87 65 923 
40 5 7 70 10 18 1466 
55 98 35 5 86 36 1532 
83 21 57 22 80 12 1191 
7 14 45 22 63 23 827 
62 47 63 18 38 9 1518 
90 38 95 20 81 98 69 
77 72 55 5 33 63 940 
18 89 10 10 55 86 539 
93 64 49 49 97 41 1507 
53 73 89 50 29 3 1523 
85 63 5 101 16 71 499 
43 92 19 32 63 95 723 
61 56 10 86 25 62 1570 
