4 8
100
90 99 38 55 885 
82 79 19 33 748 
68 78 8 98 357 
79 62 68 5 1148 
97 72 94 77 1434 
68 33 33 14 196 
50 46 61 38 1157 
33 76 95 43 1417 
29 39 45 102 36 
21 90 42 89 921 
19 43 32 69 100 
20 7 64 67 1443 
51 48 7 22 1594 
24 19 72 27 1477 
5 69 27 18 715 
60 29 95 75 1129 
80 93 45 58 1554 
9 16 94 32 859 
28 15 30 55 612 
82 33 26 4 1314 
3 20 17 99 876 
52 18 17 25 782 
93 14 91 98 176 
61 5 51 26 1476 
10 27 42 74 1047 
92 40 74 80 1036 
29 5 93 94 1106 
62 77 48 4 739 
93 101 71 84 1000 
16 26 35 44 1285 
79 84 101 13 1187 
78 80 45 35 1040 
14 46 38 62 345 
90 24 99 30 829 
85 59 49 81 1617 
11 58 60 13 819 
68 7 32 102 1408 
47 6 81 21 1490 
84 34 15 40 545 
49 65 11 63 1193 
94 29 7 93 1556 
22 37 22 14 1046 
22 22 34 85 1593 
9 16 39 76 1246 
86 45 79 39 1118 
53 46 11 48 844 
48 49 98 40 944 
41 2 41 6 1080 
12 86 69 57 1158 
64 2 33 43 439 
35 28 37 87 1447 
52 51 70 25 722 
79 28 76 63 300 
75 26 96 27 953 
8 78 34 9 1086 
3 78 24 68 104 
53 15 70 21 300 
22 14 13 51 133 
92 34 18 62 1460 
86 11 8 39 1593 
41 8 8 85 338 
60 96 30 20 1432 
76 29 5 19 1520 
66 61 57 44 1610 
64 14 47 19 1118 
76 62 74 20 1355 
94 72 87 70 1106 
47 9 87 100 986 
28 86 95 64 556 
65 31 101 69 418 
27 56 66 40 587 
28 63 91 16 756 
100 23 12 37 1566 
6 44 37 51 783 
59 75 59 84 1187 
80 21 85 85 99 
47 63 7 95 948 
40 8 48 34 675 
86 20 73 54 1019 
7 76 60 68 485 
22 96 52 21 1117 
54 99 84 68 943 
9 79 8 10 18 
39 18 19 79 945 
100 98 5 10 1038 
41 4 7 22 1112 
6 63 20 55 1402 
53 13 88 26 108 
43 27 83 76 556 
9 13 65 53 416 
91 58 82 10 511 
26 94 44 57 475 
51 94 64 100 872 
48 62 55 24 818 
28 32 95 73 271 
76 17 30 76 925 
30 42 56 96 1298 
50 83 12 24 1008 
61 71 33 97 937 
51 65 85 23 1439 
