6 6
100
8 74 30 97 39 18 524 
9 5 51 97 52 28 836 
86 54 74 53 21 28 111 
2 23 96 81 16 60 586 
18 94 64 36 35 100 454 
36 31 30 95 26 31 276 
49 73 63 19 76 56 695 
6 78 64 53 89 87 76 
53 36 17 25 60 97 1120 
13 89 63 19 31 33 614 
25 46 59 97 99 89 651 
52 34 64 43 6 93 140 
18 3 85 48 15 33 1012 
97 14 72 68 36 33 444 
86 102 2 47 25 9 996 
34 6 58 92 100 55 10 
4 55 84 56 6 82 1164 
89 80 73 18 2 69 349 
34 89 30 65 58 19 818 
34 64 97 83 86 32 1025 
98 29 58 17 80 84 1134 
61 90 15 32 53 43 1187 
23 31 32 25 41 55 4 
19 30 29 45 38 36 852 
94 89 75 22 52 13 1105 
54 18 3 24 87 38 895 
101 18 35 7 78 72 135 
34 68 60 47 79 86 968 
101 31 74 44 50 25 823 
3 41 13 2 32 9 855 
16 31 3 56 19 29 226 
14 96 40 62 66 61 725 
23 18 76 75 30 13 650 
89 31 82 39 15 8 1198 
78 24 7 48 65 43 233 
39 59 93 62 58 63 1058 
37 36 84 86 66 10 974 
26 38 29 4 97 19 326 
102 22 19 7 23 22 441 
74 35 16 3 20 42 1035 
61 85 16 73 53 69 640 
97 101 55 50 100 20 645 
88 80 46 70 26 94 457 
39 76 57 37 42 53 775 
3 69 85 49 70 97 799 
55 15 33 47 52 76 62 
24 65 58 25 4 85 1049 
58 72 36 95 50 49 270 
11 60 38 12 18 91 1146 
33 73 3 32 25 89 405 
66 15 25 76 20 34 186 
13 101 14 40 69 80 559 
99 51 56 22 50 45 541 
57 97 37 36 87 13 1107 
95 57 95 81 98 55 1118 
59 13 21 32 17 9 1198 
61 26 74 51 13 50 416 
23 49 12 78 46 91 116 
21 90 42 35 23 27 224 
46 21 61 73 27 56 498 
40 37 92 35 38 48 1169 
73 64 87 76 65 59 877 
9 84 5 54 66 84 464 
25 80 99 96 84 82 190 
7 15 80 89 96 95 1016 
14 23 45 10 45 16 591 
28 57 61 60 70 49 449 
39 58 22 63 74 5 190 
59 95 41 56 69 82 811 
51 10 90 71 65 91 1164 
64 62 46 23 70 92 1190 
25 41 38 16 35 81 829 
59 60 27 24 93 70 681 
30 6 56 78 36 84 935 
50 73 91 7 60 43 918 
98 78 42 6 15 20 415 
56 5 42 35 3 101 1130 
52 64 50 75 23 42 415 
58 92 47 37 10 23 920 
70 49 12 77 39 95 752 
84 88 20 79 51 24 912 
3 16 44 34 85 86 1202 
11 43 34 39 4 43 484 
88 96 71 7 99 61 1050 
58 32 60 66 8 33 828 
78 32 97 74 20 61 675 
78 5 4 26 39 79 722 
8 79 40 38 54 24 1182 
93 50 74 54 65 91 558 
86 86 71 80 55 33 400 
13 39 67 86 84 86 116 
94 69 83 63 84 29 607 
55 22 30 56 11 73 1042 
83 25 22 57 73 12 1133 
21 35 49 86 48 28 1160 
42 75 53 72 40 89 1218 
83 93 93 84 64 98 378 
66 42 25 46 62 49 368 
16 48 32 13 77 19 894 
36 37 79 37 2 57 157 
