6 8
100
8 74 30 97 39 18 698 
9 5 51 97 52 28 1114 
86 54 74 53 21 28 148 
2 23 96 81 16 60 781 
18 94 64 36 35 100 605 
36 31 30 95 26 31 367 
49 73 63 19 76 56 927 
6 78 64 53 89 87 101 
53 36 17 25 60 97 1493 
13 89 63 19 31 33 818 
25 46 59 97 99 89 868 
52 34 64 43 6 93 186 
18 3 85 48 15 33 1350 
97 14 72 68 36 33 592 
86 102 2 47 25 9 1328 
34 6 58 92 100 55 13 
4 55 84 56 6 82 1552 
89 80 73 18 2 69 465 
34 89 30 65 58 19 1090 
34 64 97 83 86 32 1366 
98 29 58 17 80 84 1512 
61 90 15 32 53 43 1583 
23 31 32 25 41 55 5 
19 30 29 45 38 36 1136 
94 89 75 22 52 13 1474 
54 18 3 24 87 38 1194 
101 18 35 7 78 72 180 
34 68 60 47 79 86 1290 
101 31 74 44 50 25 1097 
3 41 13 2 32 9 1139 
16 31 3 56 19 29 301 
14 96 40 62 66 61 967 
23 18 76 75 30 13 867 
89 31 82 39 15 8 1597 
78 24 7 48 65 43 310 
39 59 93 62 58 63 1410 
37 36 84 86 66 10 1299 
26 38 29 4 97 19 435 
102 22 19 7 23 22 587 
74 35 16 3 20 42 1380 
61 85 16 73 53 69 852 
97 101 55 50 100 20 859 
88 80 46 70 26 94 609 
39 76 57 37 42 53 1033 
3 69 85 49 70 97 1064 
55 15 33 47 52 76 82 
24 65 58 25 4 85 1398 
58 72 36 95 50 49 359 
11 60 38 12 18 91 1528 
33 73 3 32 25 89 539 
66 15 25 76 20 34 247 
13 101 14 40 69 80 744 
99 51 56 22 50 45 721 
57 97 37 36 87 13 1477 
95 57 95 81 98 55 1491 
59 13 21 32 17 9 1597 
61 26 74 51 13 50 555 
23 49 12 78 46 91 154 
21 90 42 35 23 27 298 
46 21 61 73 27 56 663 
40 37 92 35 38 48 1559 
73 64 87 76 65 59 1169 
9 84 5 54 66 84 618 
25 80 99 96 84 82 253 
7 15 80 89 96 95 1355 
14 23 45 10 45 16 787 
28 57 61 60 70 49 598 
39 58 22 63 74 5 253 
59 95 41 56 69 82 1081 
51 10 90 71 65 91 1553 
64 62 46 23 70 92 1587 
25 41 38 16 35 81 1105 
59 60 27 24 93 70 908 
30 6 56 78 36 84 1247 
50 73 91 7 60 43 1224 
98 78 42 6 15 20 553 
56 5 42 35 3 101 1506 
52 64 50 75 23 42 553 
58 92 47 37 10 23 1227 
70 49 12 77 39 95 1002 
84 88 20 79 51 24 1215 
3 16 44 34 85 86 1602 
11 43 34 39 4 43 645 
88 96 71 7 99 61 1400 
58 32 60 66 8 33 1103 
78 32 97 74 20 61 900 
78 5 4 26 39 79 963 
8 79 40 38 54 24 1576 
93 50 74 54 65 91 744 
86 86 71 80 55 33 533 
13 39 67 86 84 86 154 
94 69 83 63 84 29 809 
55 22 30 56 11 73 1390 
83 25 22 57 73 12 1510 
21 35 49 86 48 28 1547 
42 75 53 72 40 89 1625 
83 93 93 84 64 98 504 
66 42 25 46 62 49 491 
16 48 32 13 77 19 1192 
36 37 79 37 2 57 208 
