8 2
100
32 77 81 65 22 51 3 78 188 
86 102 27 37 70 29 84 51 202 
46 43 53 43 29 6 70 84 83 
23 71 55 61 19 65 59 71 196 
80 80 47 30 59 79 83 81 312 
88 49 65 39 32 67 71 40 73 
69 92 50 77 96 40 31 83 30 
94 27 85 64 80 101 81 6 288 
6 18 86 75 62 50 29 84 143 
59 86 41 90 92 81 47 92 324 
102 5 86 9 101 79 72 90 222 
95 26 71 65 59 28 97 67 91 
36 96 32 2 50 14 5 74 393 
69 6 37 6 18 90 22 82 6 
89 99 19 9 5 74 96 36 238 
67 96 29 16 95 27 59 14 393 
51 101 57 74 6 29 82 5 344 
21 91 10 83 46 80 27 10 278 
7 28 93 60 8 16 56 40 321 
72 56 13 12 49 7 94 73 329 
48 17 95 93 29 102 89 77 183 
52 86 52 51 91 87 59 54 348 
8 93 95 43 19 68 50 13 201 
75 11 44 5 92 75 99 81 379 
77 16 101 93 73 33 71 6 221 
31 22 67 27 56 97 21 88 326 
89 7 100 30 45 19 53 16 271 
4 49 96 79 54 12 94 84 156 
88 17 22 64 74 16 14 21 368 
86 50 57 49 86 6 95 12 303 
97 49 73 85 42 59 67 69 233 
62 53 70 58 35 74 59 35 292 
62 28 35 86 18 25 28 69 270 
13 58 65 93 87 45 37 99 144 
69 5 76 65 99 7 59 54 279 
24 30 17 85 91 53 34 35 343 
43 13 33 50 59 75 93 56 47 
96 71 69 28 22 38 39 92 126 
99 99 31 31 29 66 57 6 161 
53 30 69 14 61 54 61 97 353 
6 21 48 3 74 45 96 65 340 
4 98 10 81 49 101 22 37 149 
57 14 85 69 95 54 36 42 106 
46 84 12 17 69 28 51 35 291 
86 98 26 88 37 67 83 55 36 
34 74 84 70 94 25 17 6 336 
5 38 29 96 69 35 20 51 331 
75 89 31 84 32 16 30 38 162 
14 71 79 21 89 41 46 4 276 
46 78 91 89 102 65 45 49 394 
46 92 30 94 70 88 86 10 273 
81 52 45 70 42 58 86 5 144 
7 86 52 90 52 67 67 76 298 
94 88 89 68 40 85 19 85 188 
13 22 3 93 37 81 74 67 215 
27 78 38 35 5 98 30 40 255 
49 59 42 65 29 97 15 94 91 
82 15 14 62 53 59 12 75 340 
36 16 51 72 17 88 15 42 398 
39 60 85 92 40 2 23 72 109 
8 50 95 8 80 45 59 94 212 
43 67 27 81 25 32 15 96 101 
15 79 44 56 53 88 99 78 138 
41 92 77 13 41 83 33 6 104 
92 31 37 8 15 25 36 74 307 
74 60 38 54 79 46 78 9 382 
87 54 99 9 10 4 12 20 13 
78 31 28 47 50 20 7 25 266 
91 10 65 21 22 81 13 27 78 
100 89 14 34 38 34 89 48 215 
30 85 22 35 98 97 22 60 173 
51 29 12 19 49 56 81 89 407 
32 68 33 20 98 85 85 14 130 
92 47 96 97 60 4 68 79 168 
47 57 14 71 100 65 39 65 400 
11 82 41 61 55 51 34 59 326 
23 12 89 39 52 85 65 32 54 
50 56 72 10 54 72 15 36 130 
89 63 70 71 83 35 87 76 131 
94 34 94 47 65 2 24 47 273 
56 10 7 31 7 70 52 91 37 
30 3 31 71 47 21 19 46 391 
14 54 32 55 54 78 53 73 400 
23 5 93 71 87 9 5 61 110 
28 61 58 102 21 94 27 59 298 
5 25 88 75 30 20 7 12 377 
39 3 57 32 79 36 72 31 349 
19 61 18 24 68 88 94 93 350 
42 14 35 40 31 97 5 50 197 
14 50 78 75 67 77 17 69 240 
73 98 83 24 31 92 8 9 400 
59 83 59 2 83 38 35 67 401 
61 101 74 62 29 31 88 61 333 
12 47 96 43 9 101 30 23 386 
7 20 85 46 34 23 99 48 275 
93 14 68 41 42 102 78 58 278 
89 13 72 54 37 73 11 98 257 
6 17 76 60 74 62 44 30 192 
18 17 68 53 65 83 64 97 194 
17 73 7 96 67 54 33 43 44 
