6 2
100
84 41 74 43 101 86 180 
36 98 90 15 31 16 130 
46 64 38 78 27 75 153 
88 84 75 83 12 52 295 
95 60 43 47 98 76 291 
67 34 32 14 48 35 359 
7 81 84 78 100 39 340 
19 84 96 25 78 19 391 
59 101 62 91 35 74 169 
40 50 70 34 42 63 324 
32 8 65 81 42 51 333 
5 93 7 14 16 91 313 
78 49 24 22 59 77 33 
35 72 25 15 63 49 273 
34 17 45 60 78 6 354 
78 33 47 38 70 16 224 
10 57 79 22 85 66 254 
3 48 14 85 87 74 394 
37 42 68 81 4 17 289 
78 64 56 40 87 92 406 
18 79 86 91 63 55 102 
17 49 95 81 85 7 128 
71 33 77 93 34 92 169 
93 80 59 68 102 86 134 
95 24 84 100 77 65 347 
71 30 96 27 21 74 84 
96 75 2 22 12 42 30 
33 81 49 55 102 60 104 
101 29 25 63 71 94 93 
26 13 83 10 44 48 408 
4 83 68 16 20 23 396 
7 59 48 92 46 28 251 
45 37 47 77 6 62 287 
3 73 66 52 82 100 284 
64 21 14 70 96 9 121 
100 83 41 83 40 30 381 
72 78 73 27 69 63 330 
78 38 35 40 88 32 5 
12 5 66 41 25 30 179 
40 37 24 53 21 34 186 
56 8 96 68 34 79 130 
97 94 27 15 39 91 350 
85 81 31 9 79 30 359 
80 77 45 17 2 52 132 
43 51 76 50 31 37 90 
32 41 74 56 55 71 63 
12 41 27 88 41 60 226 
58 95 45 43 6 59 312 
33 53 54 34 29 102 219 
45 53 67 10 55 66 215 
42 60 55 27 61 75 278 
38 19 31 64 94 79 350 
59 33 9 27 80 47 406 
90 22 25 27 72 64 274 
91 62 79 88 96 5 67 
37 92 18 47 87 10 388 
36 25 72 37 25 70 354 
22 61 86 77 21 55 213 
39 33 101 92 13 3 194 
60 54 78 100 76 72 90 
43 92 82 95 39 6 223 
100 55 92 49 96 82 281 
3 96 12 77 52 66 398 
61 19 57 75 10 50 311 
73 96 39 51 100 67 323 
70 5 84 84 51 99 164 
80 11 45 20 23 81 230 
60 68 25 26 8 26 334 
75 27 22 31 59 80 110 
61 55 100 98 17 92 136 
92 30 96 3 69 60 331 
10 14 58 89 71 22 55 
30 17 26 95 43 99 388 
80 64 54 94 21 15 82 
59 47 24 7 91 25 276 
39 31 25 41 68 3 269 
15 66 44 89 61 15 125 
40 76 5 76 94 40 52 
69 43 11 50 46 63 209 
69 36 84 82 99 48 371 
88 3 56 77 99 31 265 
99 12 6 62 102 91 78 
73 21 33 98 87 57 288 
90 16 93 24 41 17 189 
33 63 9 64 70 41 215 
75 51 102 98 11 49 284 
33 7 89 46 74 34 392 
17 53 86 13 92 22 400 
89 64 54 59 17 21 273 
51 99 100 34 52 68 400 
72 34 2 79 10 3 230 
11 6 80 70 84 52 66 
12 25 53 80 21 56 353 
89 49 41 96 31 5 335 
9 91 14 24 68 100 185 
21 86 37 84 21 44 315 
60 76 91 34 71 53 161 
76 50 56 33 14 13 338 
86 64 85 81 101 76 10 
17 68 48 18 54 73 372 
