4 8
100
2 5 46 62 1620 
61 7 8 74 73 
83 55 53 62 475 
58 59 5 6 854 
90 94 15 6 1094 
31 19 52 4 1232 
24 90 12 97 292 
29 85 101 12 1466 
12 41 96 72 1355 
10 25 31 73 727 
31 86 27 10 192 
10 93 42 95 1143 
44 57 7 99 1347 
95 45 57 44 34 
75 60 95 17 697 
51 100 44 23 962 
8 90 81 59 762 
40 65 4 86 155 
39 44 8 42 776 
57 36 99 90 1473 
67 70 89 71 1161 
73 93 13 68 1017 
12 50 22 36 1043 
57 78 49 52 732 
32 43 73 35 1068 
33 54 55 69 1436 
17 3 57 32 1528 
40 3 12 88 1240 
49 54 38 24 1614 
90 25 74 78 1513 
81 89 48 45 989 
26 99 56 6 657 
21 40 46 80 771 
11 95 91 43 422 
56 68 63 76 1598 
80 7 52 36 1257 
10 82 79 76 156 
30 57 14 72 1136 
43 49 8 48 936 
11 10 60 76 1463 
97 35 33 52 635 
14 28 74 47 1354 
21 49 22 29 522 
40 62 72 70 316 
57 83 22 73 1379 
9 62 17 19 1446 
71 49 77 46 1335 
77 51 29 38 1587 
4 85 69 89 830 
96 29 82 16 312 
51 41 92 57 573 
16 16 62 68 525 
54 13 57 58 223 
74 74 77 47 927 
91 35 36 73 283 
74 16 35 22 1476 
81 82 3 100 644 
33 59 22 11 1105 
63 91 64 5 736 
93 30 13 75 1290 
24 54 37 59 490 
18 7 21 40 1033 
2 83 42 77 862 
74 11 59 19 1354 
17 54 68 79 1555 
2 73 32 28 422 
46 5 61 43 1115 
29 47 46 70 377 
28 40 84 48 1104 
83 51 88 53 1196 
84 73 96 92 1047 
72 88 60 64 489 
47 76 95 14 316 
99 23 101 9 417 
28 67 91 96 933 
79 72 22 12 242 
53 87 82 55 714 
75 11 71 79 1598 
43 90 84 40 1271 
54 47 72 29 1152 
61 52 81 27 767 
19 84 2 35 1420 
3 68 50 49 1290 
62 97 42 70 755 
90 54 24 11 1374 
41 85 52 18 93 
35 101 95 41 908 
2 8 56 8 440 
93 11 38 92 1586 
77 41 37 61 290 
59 6 4 83 1349 
9 31 72 43 137 
36 34 86 30 889 
3 75 11 94 1283 
57 42 37 44 905 
81 19 34 14 150 
101 50 93 100 795 
30 100 14 58 799 
74 37 15 100 1522 
61 27 10 38 1566 
