6 6
100
82 94 6 70 39 3 1153 
48 92 89 64 97 84 716 
11 58 66 69 60 24 362 
75 73 79 39 77 70 360 
75 74 45 53 32 59 759 
21 35 102 34 44 52 1147 
76 90 94 59 102 42 553 
100 35 71 13 100 76 94 
23 29 33 64 35 67 903 
20 46 14 66 27 98 1097 
25 67 37 17 74 38 1207 
85 87 82 78 30 86 915 
41 76 42 34 85 56 1197 
8 71 72 11 88 22 684 
46 83 95 77 45 57 912 
70 36 98 28 41 11 463 
44 53 88 7 83 101 971 
72 74 34 44 44 94 216 
98 66 8 88 18 45 481 
6 89 3 87 31 2 863 
42 46 8 46 47 62 788 
20 86 6 7 23 79 909 
11 63 35 3 66 59 888 
72 92 42 25 68 101 456 
66 87 22 54 101 11 366 
29 28 100 99 34 55 960 
82 4 83 97 68 67 1169 
28 70 85 67 45 100 864 
56 68 23 81 64 29 653 
101 86 55 24 70 46 999 
37 37 7 34 6 96 1096 
90 61 30 102 36 44 475 
19 39 89 57 13 61 894 
62 79 19 72 28 27 996 
20 30 74 101 23 16 1104 
35 81 35 42 6 83 810 
8 95 81 30 88 17 996 
49 68 69 59 87 11 921 
60 89 64 80 71 10 865 
33 58 3 15 30 51 1029 
60 56 18 9 80 9 659 
85 40 44 42 13 102 864 
64 8 44 37 7 17 923 
94 73 64 37 75 97 927 
39 80 17 60 68 99 1091 
14 53 52 9 4 23 913 
51 22 39 60 10 2 837 
52 62 80 24 36 11 813 
84 56 74 7 13 80 565 
62 29 85 46 5 83 616 
57 94 30 6 95 3 517 
54 26 78 67 97 9 1068 
20 40 37 34 91 25 367 
99 79 3 92 45 30 1098 
95 57 16 8 21 20 1170 
70 51 21 42 10 26 378 
32 98 43 18 73 61 507 
91 49 14 16 61 22 708 
17 29 15 52 74 54 720 
72 64 61 79 91 94 623 
90 19 94 83 100 101 823 
84 63 76 75 72 50 45 
9 4 94 62 100 40 650 
24 8 92 37 74 74 733 
36 84 41 84 69 93 12 
33 22 35 62 23 93 407 
68 41 80 5 6 57 765 
62 69 18 93 56 100 813 
13 4 48 29 29 9 588 
81 37 93 5 60 5 938 
84 61 102 78 49 22 681 
69 14 35 70 19 99 896 
17 25 92 15 95 36 245 
19 89 35 96 85 87 1076 
6 89 2 48 55 88 954 
10 18 17 9 80 13 541 
92 15 61 12 12 77 783 
14 3 91 67 70 59 800 
73 69 84 66 37 70 768 
28 35 23 66 14 97 78 
9 77 9 17 26 78 334 
77 76 86 75 12 26 1130 
88 13 83 86 31 15 455 
52 35 45 45 45 83 787 
82 40 48 100 81 60 66 
28 85 52 46 83 40 1185 
94 101 93 26 46 72 492 
24 42 82 84 85 71 694 
44 66 74 83 96 65 1158 
39 39 77 33 68 89 732 
30 33 42 50 76 42 708 
36 54 21 101 13 26 711 
99 69 18 99 91 51 1023 
21 81 66 89 77 4 677 
63 18 95 79 85 82 1152 
12 41 36 10 31 101 103 
14 55 83 85 41 39 488 
73 61 36 80 40 78 113 
54 78 64 101 40 4 892 
38 27 24 30 46 66 1069 
