4 2
100
76 67 48 51 215 
72 62 88 55 279 
3 46 34 102 327 
21 74 61 82 321 
53 44 35 24 293 
86 18 19 5 345 
6 42 63 6 334 
94 90 18 92 263 
72 3 86 96 42 
72 35 59 100 258 
92 31 5 100 141 
34 34 26 80 279 
56 45 84 70 263 
63 85 30 20 360 
34 58 71 18 38 
51 60 40 14 8 
53 61 21 42 384 
77 38 64 72 205 
62 65 40 24 44 
29 21 18 32 200 
89 8 41 12 128 
36 62 90 92 347 
76 95 14 78 73 
97 26 44 76 365 
27 23 60 70 117 
71 20 50 7 335 
33 44 10 65 60 
47 22 11 11 245 
17 50 74 87 311 
68 53 64 6 66 
5 79 44 43 98 
68 50 73 84 255 
19 14 85 10 222 
34 87 51 64 296 
77 17 35 16 304 
79 51 75 94 254 
20 57 45 92 322 
56 3 69 41 197 
99 51 30 49 177 
5 68 67 33 182 
83 4 2 34 167 
91 46 29 69 193 
20 77 81 21 184 
63 71 95 31 3 
33 20 12 16 308 
28 89 88 73 291 
13 86 44 50 331 
18 57 14 51 369 
12 75 3 94 125 
24 72 10 4 334 
37 75 38 32 55 
65 93 88 58 61 
4 61 58 97 148 
36 35 33 40 119 
8 59 46 40 370 
60 19 20 86 219 
58 81 85 92 150 
40 49 14 37 74 
27 72 57 36 363 
53 20 7 58 393 
91 41 72 75 310 
80 30 100 42 227 
48 75 4 5 237 
25 77 68 61 398 
89 23 98 23 18 
38 4 12 51 163 
42 14 63 90 263 
20 11 12 16 241 
12 51 74 81 292 
53 70 54 78 269 
78 53 49 61 41 
70 44 51 72 162 
78 21 51 2 63 
37 14 16 41 166 
16 67 54 2 357 
39 51 19 51 215 
71 52 35 86 262 
91 67 4 80 392 
77 62 42 76 338 
94 3 73 66 151 
41 55 15 38 212 
12 101 49 74 296 
21 27 102 19 289 
28 87 67 38 108 
72 12 38 45 267 
56 27 80 19 391 
38 80 55 14 55 
17 38 99 34 221 
92 20 33 8 316 
52 62 25 6 231 
9 38 37 40 274 
32 19 73 73 398 
87 23 31 78 148 
43 75 90 6 228 
92 90 35 84 150 
54 81 32 67 65 
96 4 76 63 365 
3 45 17 47 340 
100 67 29 36 281 
70 91 57 72 150 
