6 4
100
17 15 43 24 54 39 211 
92 30 40 26 49 9 468 
95 49 72 86 22 5 402 
30 37 5 42 89 60 318 
58 81 26 9 77 52 648 
30 18 33 34 15 94 351 
78 45 102 37 91 32 14 
24 88 84 101 82 31 712 
80 40 84 66 81 89 279 
51 15 19 75 59 80 533 
33 41 54 9 13 8 419 
94 5 8 100 29 39 275 
95 44 9 97 23 94 405 
79 51 70 36 7 11 222 
32 85 64 34 54 38 745 
49 32 95 71 25 38 707 
37 79 68 54 52 3 461 
73 11 80 38 88 18 436 
92 86 75 8 99 26 510 
22 46 68 77 3 44 375 
14 17 28 101 58 65 345 
75 4 84 57 10 73 477 
76 85 99 68 23 40 472 
48 22 65 27 14 26 127 
35 2 79 51 60 13 483 
97 55 39 32 55 13 140 
84 93 53 91 56 6 381 
62 71 11 82 6 90 536 
97 64 76 46 41 29 326 
4 7 9 52 62 101 644 
33 62 39 70 29 43 527 
30 15 38 60 22 71 591 
33 70 70 56 24 95 812 
92 65 87 16 87 79 655 
88 46 41 96 7 70 242 
11 74 15 80 49 3 548 
52 40 88 20 60 69 573 
40 41 98 40 8 81 333 
98 53 56 44 66 86 345 
71 99 66 18 3 45 182 
97 57 78 77 94 34 331 
28 101 98 29 12 12 397 
7 45 58 101 90 91 106 
23 61 38 86 19 27 660 
43 24 5 59 27 50 346 
85 22 64 15 49 2 577 
55 60 18 56 76 96 521 
56 10 19 15 56 11 607 
98 43 94 77 10 62 696 
79 95 72 87 64 8 181 
25 96 87 43 91 44 559 
3 22 31 45 33 19 708 
16 88 46 73 41 70 709 
81 73 40 41 43 87 621 
67 48 71 14 89 44 250 
16 33 73 68 69 8 777 
23 64 35 78 45 101 511 
8 27 16 25 40 37 363 
25 49 4 50 59 94 295 
76 62 33 46 77 58 812 
57 75 7 74 64 94 476 
11 7 65 100 89 15 481 
22 57 91 51 9 88 748 
86 71 20 12 15 61 383 
4 4 34 69 44 65 419 
55 11 54 78 45 88 117 
44 41 52 72 81 79 437 
8 44 97 70 72 10 584 
5 89 63 51 34 14 59 
5 33 33 47 52 10 553 
47 39 75 65 2 79 340 
33 70 43 37 84 95 785 
63 39 101 74 57 82 405 
24 93 30 13 77 9 321 
9 21 27 31 72 88 493 
6 24 7 72 32 32 592 
21 22 16 52 20 13 347 
96 34 74 97 30 20 190 
49 47 54 27 72 4 192 
51 18 8 14 10 38 460 
17 96 4 27 52 79 24 
72 15 63 58 98 99 110 
89 55 35 44 70 39 470 
79 55 47 62 30 51 576 
7 10 40 13 77 88 647 
40 72 72 80 43 22 626 
34 94 71 76 7 12 505 
65 75 73 42 101 101 312 
43 59 67 24 30 34 533 
7 25 48 24 13 36 403 
84 65 65 28 19 83 368 
63 78 88 24 41 11 345 
37 69 73 78 89 43 792 
15 8 58 16 90 13 217 
71 25 54 97 78 15 656 
12 9 16 84 20 95 650 
84 81 102 91 25 25 572 
58 77 47 25 95 54 567 
59 9 15 30 71 21 755 
54 36 29 65 98 64 210 
