6 2
100
46 98 38 88 71 24 337 
37 57 38 56 46 61 339 
2 48 5 8 14 36 381 
67 19 27 64 39 49 316 
86 69 47 47 101 63 306 
52 26 101 19 34 76 14 
74 20 18 44 28 32 301 
27 61 12 30 58 79 323 
80 13 27 34 77 7 208 
90 92 11 47 100 10 205 
24 7 91 82 63 92 380 
101 11 22 14 19 6 240 
10 37 19 45 86 98 294 
15 76 87 59 70 54 343 
29 9 99 30 24 26 14 
57 23 50 97 89 88 322 
4 6 22 60 3 94 327 
57 94 4 16 14 80 41 
32 7 25 94 40 11 295 
4 26 86 97 82 58 217 
17 71 50 99 12 95 48 
72 66 101 69 62 6 295 
18 97 16 12 47 95 101 
18 28 4 50 79 9 406 
83 39 65 23 39 29 165 
25 56 19 4 87 100 248 
42 25 27 81 7 102 353 
31 72 87 37 64 31 402 
45 48 51 35 88 14 364 
30 38 48 25 79 34 380 
43 99 10 62 97 66 310 
4 79 72 74 9 15 211 
69 81 89 76 101 44 324 
10 70 72 101 89 73 54 
89 82 58 30 70 95 362 
75 79 77 69 67 25 168 
70 82 63 82 101 40 248 
59 61 51 80 92 16 132 
32 40 63 10 94 65 64 
99 16 46 41 21 65 385 
4 14 9 36 21 40 164 
90 11 21 90 36 54 123 
23 9 52 80 82 59 176 
41 15 61 74 62 28 290 
68 19 43 81 77 68 228 
49 44 46 74 77 94 170 
31 44 23 61 13 87 314 
9 96 63 42 8 53 255 
101 50 63 61 15 71 94 
94 80 10 61 88 76 301 
67 8 8 6 66 4 45 
73 40 16 51 42 96 239 
25 82 42 71 17 95 197 
96 85 14 65 25 21 149 
66 14 2 27 13 5 175 
90 57 37 44 52 54 114 
12 50 12 74 77 66 284 
101 71 92 73 83 28 290 
25 96 43 43 85 76 33 
28 15 26 31 93 18 144 
27 6 29 67 44 23 344 
37 4 93 50 57 69 266 
45 12 56 33 80 74 267 
63 96 3 69 79 22 340 
36 89 45 86 51 37 302 
67 66 8 41 7 89 358 
93 53 95 30 10 45 339 
5 71 100 15 46 72 259 
12 28 100 66 3 3 4 
18 50 67 8 34 93 321 
49 50 94 75 87 80 287 
45 10 41 72 79 2 128 
19 46 72 6 67 13 222 
40 10 77 6 88 89 310 
5 30 24 77 53 6 233 
23 9 43 61 94 95 275 
20 61 96 25 3 72 400 
5 97 4 69 83 26 37 
42 19 70 102 92 96 166 
82 19 96 28 98 76 395 
40 32 47 75 20 89 84 
52 82 83 87 20 80 406 
35 23 10 73 82 50 329 
92 74 62 3 101 29 154 
44 2 99 7 97 3 269 
67 58 96 65 39 91 370 
38 89 17 75 18 43 192 
98 88 57 18 28 18 194 
59 88 74 21 62 85 34 
82 86 82 24 79 36 280 
66 16 10 45 62 92 222 
87 47 31 85 88 92 185 
16 44 91 71 87 21 33 
73 24 46 79 8 85 229 
6 37 53 42 9 80 133 
75 50 75 69 28 95 295 
43 45 38 77 94 65 273 
43 93 55 93 17 63 382 
93 65 68 56 9 100 333 
12 80 45 80 14 15 169 
