2 8
100
63 19 1406 
20 10 956 
14 92 714 
84 36 944 
32 73 633 
68 95 504 
32 71 236 
60 72 1328 
45 73 33 
85 26 1289 
42 44 451 
19 31 428 
32 76 1437 
69 13 684 
42 98 1175 
48 89 1250 
51 21 657 
30 88 1282 
63 5 762 
7 77 598 
59 30 1077 
67 45 1508 
32 14 684 
15 38 311 
45 66 940 
75 20 1203 
11 99 1375 
27 36 89 
41 14 907 
51 58 421 
81 27 1614 
53 12 1352 
78 77 878 
82 18 1215 
37 38 1355 
23 87 370 
23 91 1393 
75 97 1281 
54 33 1533 
63 28 498 
39 83 926 
18 35 173 
22 93 875 
77 99 705 
22 32 1329 
12 93 1601 
24 20 442 
35 30 1091 
42 8 491 
22 101 1284 
91 17 801 
25 45 564 
20 21 55 
75 3 1529 
71 48 1505 
44 55 1070 
99 45 666 
98 40 138 
5 6 867 
92 78 436 
83 102 1505 
77 88 1329 
96 99 1424 
49 94 1175 
97 52 271 
35 66 1335 
77 100 874 
66 25 924 
40 95 1256 
43 22 632 
83 30 700 
79 94 26 
3 96 989 
13 50 920 
80 52 825 
71 3 1445 
94 72 657 
73 17 1267 
75 18 1245 
38 39 1513 
6 55 1255 
51 68 1048 
31 20 944 
17 34 1137 
23 66 818 
99 88 1196 
8 71 1503 
90 51 813 
100 12 208 
67 5 1241 
27 68 934 
70 8 1544 
81 32 1381 
88 42 1350 
33 79 625 
73 52 841 
29 78 488 
5 32 1108 
3 18 77 
29 52 905 
