4 8
100
18 39 23 89 583 
21 44 46 52 896 
66 102 50 5 679 
27 19 11 33 987 
66 11 48 43 718 
63 24 35 23 162 
51 69 64 58 1493 
35 5 68 89 899 
11 41 33 28 1193 
98 36 82 51 956 
19 60 64 86 296 
9 93 82 45 1221 
99 10 25 42 99 
98 40 95 13 146 
24 52 24 78 835 
27 80 22 70 784 
29 43 87 64 1517 
92 8 79 40 1375 
44 25 25 14 950 
3 17 93 22 1256 
60 44 71 42 595 
68 39 88 35 1519 
32 73 14 97 789 
57 26 63 49 256 
92 63 57 29 1100 
101 29 12 19 821 
12 89 101 93 1471 
87 74 47 28 435 
56 22 46 47 893 
72 13 31 65 48 
79 56 46 7 1415 
99 89 44 74 616 
41 28 71 85 1359 
45 74 23 7 1039 
85 81 37 22 1008 
72 19 12 74 1588 
89 100 49 16 1194 
58 44 96 6 1522 
100 33 75 90 1425 
29 53 63 63 194 
100 92 26 102 327 
100 21 26 45 267 
82 79 72 77 823 
43 82 56 12 449 
2 80 19 13 1077 
54 8 49 35 559 
21 58 51 63 1622 
99 76 49 97 1222 
39 21 53 90 223 
23 63 100 40 759 
50 99 53 36 186 
22 75 15 36 1106 
94 74 93 11 1584 
25 30 11 78 870 
68 35 62 37 1478 
84 29 31 100 739 
93 11 11 89 1410 
24 8 17 51 1295 
26 64 15 29 1351 
67 30 44 93 1472 
94 54 24 87 1306 
17 39 18 46 483 
95 46 17 91 1250 
85 65 6 25 1220 
20 16 62 98 476 
7 22 35 54 420 
56 86 41 10 864 
41 89 26 9 1168 
87 92 73 22 1401 
83 49 26 52 1622 
4 26 22 18 1183 
81 95 28 58 1229 
97 6 65 20 1235 
11 7 9 38 614 
99 41 99 53 1463 
30 45 42 12 793 
60 98 85 55 392 
32 67 25 37 1213 
48 63 71 33 1252 
83 29 55 46 1253 
77 41 90 15 47 
65 29 71 28 730 
38 55 17 9 284 
101 24 12 96 749 
46 85 74 64 1488 
37 72 68 76 146 
3 92 98 36 1193 
20 10 72 52 999 
5 98 98 93 630 
96 48 63 16 1271 
61 18 61 100 531 
95 69 29 24 1098 
94 63 96 20 711 
48 59 83 36 1613 
93 54 62 35 697 
50 88 84 25 1592 
91 11 54 99 814 
87 32 99 3 1307 
53 83 50 85 1123 
44 4 81 49 1508 
