8 2
100
41 62 20 62 35 7 59 84 300 
32 84 90 47 14 62 18 83 218 
49 42 73 64 6 36 14 42 378 
13 39 9 36 62 84 20 59 35 
14 100 51 13 102 88 47 68 361 
81 9 67 91 65 80 83 90 236 
45 79 59 86 50 95 15 48 182 
68 98 24 7 28 57 54 6 336 
7 38 42 87 19 40 47 35 139 
30 24 77 31 55 74 27 78 329 
53 30 52 58 101 56 44 80 287 
68 76 82 12 39 60 98 78 213 
19 60 62 21 41 17 61 87 99 
72 40 45 52 82 53 77 3 314 
35 51 39 88 45 41 70 81 244 
55 19 87 18 35 79 22 10 75 
23 34 91 36 99 15 32 74 167 
30 18 95 32 38 38 84 65 114 
17 33 17 23 54 62 58 8 278 
41 55 7 68 32 75 35 56 282 
90 100 54 26 58 73 100 42 256 
68 26 84 51 37 71 51 7 314 
5 2 82 31 81 93 47 94 78 
37 64 88 23 99 84 69 96 267 
78 93 77 46 24 14 99 91 333 
88 92 21 38 19 27 98 31 218 
90 60 22 62 80 66 54 65 320 
78 48 29 101 84 43 6 75 60 
4 62 80 71 34 91 12 61 9 
102 101 47 63 27 70 31 81 145 
48 17 14 13 93 61 35 23 180 
57 89 10 80 34 46 13 96 284 
77 22 28 32 53 21 64 55 261 
36 17 23 61 72 5 7 60 237 
4 93 70 21 38 14 47 57 294 
96 24 69 3 53 33 100 56 242 
11 17 67 95 50 41 98 101 24 
25 97 19 7 75 76 88 11 16 
3 58 86 16 87 97 49 71 128 
99 35 66 92 63 18 46 98 175 
95 11 44 31 25 38 8 24 245 
57 91 51 95 17 44 29 99 400 
77 97 32 71 48 82 10 101 273 
43 35 36 2 63 78 34 95 406 
63 74 35 50 10 65 38 94 326 
84 6 20 24 65 66 21 71 7 
14 26 65 65 23 27 71 67 366 
28 57 30 74 63 24 45 68 103 
67 29 89 70 36 55 102 28 386 
51 21 72 72 84 94 77 22 282 
38 101 53 10 80 45 75 12 152 
54 12 45 97 81 99 42 55 169 
16 46 92 12 65 97 32 22 189 
22 58 75 37 99 43 55 8 276 
76 59 51 47 97 26 18 50 69 
53 56 42 75 32 30 53 63 307 
81 28 38 57 80 60 99 55 219 
65 19 14 4 44 75 31 67 391 
94 71 52 68 96 17 81 81 272 
8 48 28 47 86 38 68 76 329 
34 21 81 93 50 43 73 55 128 
6 51 14 69 46 67 34 61 376 
27 15 34 23 78 101 94 92 31 
29 20 35 78 38 70 95 99 189 
19 3 23 10 97 43 86 77 122 
57 42 4 63 15 27 46 43 249 
50 13 45 82 102 60 36 46 142 
100 30 15 46 76 49 21 18 238 
73 19 20 94 39 3 72 39 206 
7 68 8 10 35 97 9 46 354 
5 38 4 65 76 53 8 88 193 
18 12 68 57 44 99 69 75 97 
44 58 76 44 13 64 10 31 317 
31 93 97 20 39 32 62 18 325 
59 10 45 69 88 54 56 55 110 
87 53 25 11 43 62 74 67 360 
15 63 28 41 57 47 76 79 387 
54 100 75 38 96 28 19 12 267 
82 77 73 24 89 59 38 25 319 
56 21 52 38 49 75 44 49 225 
56 20 54 100 95 10 59 5 227 
55 51 58 99 94 33 96 93 364 
19 93 76 70 5 34 69 22 238 
47 18 53 3 96 49 74 65 377 
15 85 84 65 67 87 4 84 304 
24 59 29 21 43 57 85 26 230 
83 88 17 22 32 75 52 13 353 
6 55 56 11 27 31 41 83 38 
9 57 28 91 69 23 60 48 255 
33 29 77 98 19 72 93 92 316 
80 95 54 11 15 56 100 100 122 
22 14 34 100 82 62 49 79 284 
32 94 21 96 64 87 13 21 346 
14 10 38 86 21 37 54 63 359 
59 100 44 74 93 71 93 40 138 
32 35 49 16 51 42 3 62 400 
60 86 33 69 100 96 71 88 365 
96 38 96 99 48 21 74 92 322 
29 60 4 52 4 26 53 83 351 
40 99 61 97 85 60 39 95 313 
