4 4
100
88 88 8 48 706 
10 76 90 31 586 
54 50 77 37 219 
76 3 23 6 367 
86 85 18 20 616 
86 2 62 29 516 
83 94 47 59 643 
102 33 91 37 174 
62 85 75 54 402 
12 52 25 15 401 
102 96 48 94 413 
5 72 90 72 22 
10 17 63 68 743 
62 6 21 58 219 
45 14 88 85 695 
3 12 66 71 537 
36 79 48 80 516 
89 48 54 8 619 
32 45 20 35 107 
47 24 9 63 727 
8 34 69 89 48 
90 10 65 9 405 
95 8 21 7 563 
33 70 86 5 35 
16 54 15 82 789 
3 96 55 72 329 
81 5 5 82 489 
4 12 61 74 617 
81 85 47 58 674 
26 26 15 66 670 
79 40 6 59 609 
56 21 89 92 44 
96 57 95 69 574 
92 4 41 47 549 
22 11 14 29 208 
34 9 58 100 592 
79 83 91 90 521 
43 101 48 8 48 
85 26 71 69 670 
25 91 80 88 752 
24 87 71 99 504 
69 28 79 34 349 
50 65 91 20 235 
15 69 7 5 238 
93 58 35 41 691 
99 42 47 47 17 
45 30 72 7 414 
93 14 94 28 786 
17 25 17 65 473 
21 36 54 40 564 
59 86 77 59 9 
68 54 31 14 529 
30 84 33 32 816 
21 95 86 69 306 
3 76 81 9 116 
71 44 72 83 533 
64 90 8 78 369 
61 55 15 7 694 
41 85 82 63 561 
35 93 87 65 316 
28 53 87 3 557 
84 7 70 45 262 
26 84 50 49 20 
41 77 57 87 338 
68 82 81 84 802 
20 96 20 40 658 
79 59 9 45 319 
14 6 7 10 512 
56 88 72 75 498 
59 36 35 61 240 
60 39 2 24 593 
48 73 5 5 407 
90 89 32 64 445 
69 77 7 10 738 
38 72 49 24 712 
82 13 8 23 338 
86 63 61 11 185 
43 59 87 72 758 
42 3 5 60 610 
69 58 9 20 765 
84 31 27 71 763 
90 92 80 36 753 
37 67 83 63 538 
29 30 23 42 112 
13 91 37 17 408 
37 69 90 49 166 
26 5 90 29 483 
57 38 92 18 280 
53 81 53 80 470 
78 22 43 94 392 
41 37 69 7 679 
95 96 12 21 481 
23 3 33 16 554 
34 79 56 4 93 
93 40 7 8 509 
34 40 59 60 607 
17 28 98 101 663 
91 38 86 46 542 
63 28 73 59 108 
52 50 39 12 209 
