4 6
100
14 16 93 93 940 
47 98 39 70 395 
34 20 58 101 376 
33 64 64 35 955 
23 81 43 86 129 
94 27 62 63 820 
63 40 19 70 145 
47 90 14 63 406 
15 92 54 81 478 
8 79 17 37 1197 
99 52 24 88 595 
34 76 9 83 1038 
22 38 77 3 872 
96 3 90 89 1044 
45 52 3 2 802 
32 30 64 47 54 
17 12 28 65 860 
13 17 33 21 975 
74 83 33 78 159 
79 17 53 10 553 
7 91 30 51 671 
49 51 24 23 227 
7 14 64 79 861 
12 12 14 33 738 
81 72 71 9 167 
64 21 27 89 1084 
17 78 56 102 1210 
27 84 79 11 287 
64 95 12 3 918 
62 20 56 8 34 
69 5 23 50 815 
37 23 22 38 1132 
30 26 37 34 41 
30 59 65 80 552 
30 35 6 9 1198 
87 63 70 34 653 
46 67 21 87 261 
14 58 9 35 782 
7 64 43 18 1168 
41 60 80 100 574 
5 58 78 63 910 
36 101 15 52 995 
77 55 90 85 593 
65 6 52 13 1112 
74 52 31 16 495 
69 94 89 14 723 
29 85 72 88 616 
90 91 61 12 1065 
15 44 59 54 1093 
54 75 60 70 397 
37 10 69 9 910 
55 28 64 22 96 
44 14 4 93 668 
94 85 4 34 736 
76 48 42 26 952 
32 95 79 27 1082 
95 36 22 81 299 
20 18 65 13 1196 
64 29 40 5 551 
3 43 68 99 1197 
71 73 28 10 709 
91 71 45 31 544 
61 51 39 34 180 
10 94 24 68 445 
77 21 93 37 1201 
50 9 39 81 936 
91 29 82 29 235 
24 10 14 24 433 
51 76 36 69 473 
15 91 8 90 452 
11 21 2 63 279 
52 82 93 12 123 
84 34 65 55 677 
34 71 12 15 1131 
2 82 2 33 1063 
3 87 26 98 1044 
61 3 51 44 824 
72 29 21 6 847 
44 19 5 14 657 
19 13 83 14 80 
46 81 95 98 451 
31 20 71 76 265 
67 57 97 26 627 
82 85 23 87 1041 
7 52 8 46 613 
85 80 91 79 851 
93 6 15 92 509 
82 10 55 8 468 
54 60 46 85 58 
89 23 80 63 897 
36 91 98 29 17 
95 75 52 48 653 
54 32 93 7 380 
63 45 8 85 874 
74 32 17 49 408 
49 8 25 41 772 
64 101 30 6 435 
3 10 88 90 589 
9 60 9 54 1060 
24 69 42 54 539 
