2 8
100
37 97 1515 
7 15 1495 
11 14 1171 
91 53 1192 
29 4 300 
21 29 1263 
85 4 238 
11 25 128 
6 36 977 
64 93 427 
70 72 549 
5 13 1078 
70 83 912 
70 16 1504 
22 49 1182 
78 23 300 
19 95 829 
86 30 136 
24 28 1183 
87 3 1298 
34 49 332 
48 23 1321 
41 26 1478 
54 53 748 
24 17 1443 
24 91 1237 
37 30 216 
44 47 1603 
77 86 682 
27 83 1387 
96 85 1307 
78 38 1090 
74 77 426 
93 39 1583 
30 66 684 
7 64 215 
22 2 615 
99 52 1187 
68 92 35 
24 72 605 
41 16 707 
8 61 1116 
68 47 1294 
24 52 232 
52 46 1493 
18 16 1316 
58 72 355 
31 7 1313 
49 99 542 
9 12 749 
67 52 73 
91 54 371 
56 24 94 
75 41 283 
36 100 812 
26 49 101 
83 52 1249 
23 68 1630 
17 13 144 
65 60 1011 
37 60 576 
35 59 10 
12 63 1494 
71 64 1494 
77 85 510 
6 97 119 
33 26 815 
29 28 975 
71 45 1377 
6 76 681 
16 93 1047 
46 40 1321 
84 2 676 
51 16 1408 
17 14 1435 
87 48 1349 
71 13 259 
4 34 561 
14 10 526 
78 66 223 
18 7 1421 
52 57 1167 
29 33 730 
52 24 1542 
68 84 167 
66 15 227 
74 86 1581 
4 38 1023 
28 14 961 
32 34 493 
51 9 592 
30 35 140 
101 67 939 
18 60 251 
40 20 1447 
23 38 826 
26 50 1560 
20 6 1303 
19 16 1135 
26 26 696 
