2 6
100
96 20 1012 
47 73 1164 
17 7 356 
66 33 164 
62 20 1173 
32 95 950 
14 23 1044 
87 67 1151 
32 82 667 
86 71 563 
74 38 509 
82 48 1022 
52 91 260 
53 74 1134 
63 19 797 
68 88 1102 
61 48 1174 
76 24 173 
68 11 656 
91 17 1102 
43 33 451 
85 94 1154 
74 83 887 
14 82 57 
58 63 600 
95 26 583 
31 66 1161 
66 27 284 
52 100 179 
29 15 459 
32 63 905 
33 12 506 
58 80 305 
73 97 64 
20 48 807 
93 19 741 
67 76 1037 
8 62 624 
97 78 64 
16 35 1155 
82 46 827 
37 84 227 
33 27 627 
10 39 560 
25 60 853 
92 49 972 
59 61 984 
56 64 482 
55 26 24 
25 38 419 
38 44 554 
32 93 616 
40 85 780 
49 63 1127 
11 59 456 
41 85 20 
83 7 361 
28 58 913 
16 28 1002 
30 84 716 
19 10 1094 
19 74 1156 
3 94 823 
21 54 786 
18 12 1197 
90 47 65 
4 16 502 
2 44 375 
7 12 1050 
73 18 800 
70 11 5 
7 33 651 
5 94 1049 
45 40 1112 
36 64 651 
67 12 574 
79 28 991 
79 28 841 
19 18 807 
61 14 750 
11 32 929 
4 53 528 
66 12 966 
47 88 643 
21 61 921 
52 68 978 
79 42 6 
41 96 1111 
86 94 1017 
34 90 179 
89 46 979 
27 36 108 
17 34 135 
12 3 1221 
70 34 492 
30 59 819 
95 69 617 
88 83 891 
63 72 441 
87 19 725 
