2 8
100
72 51 1215 
57 69 736 
89 83 1039 
73 88 1584 
52 54 207 
24 38 1455 
3 87 457 
11 37 966 
83 44 354 
80 15 799 
63 28 1450 
41 76 1481 
25 19 1494 
79 69 41 
44 2 1060 
43 93 1313 
48 58 747 
4 67 1506 
87 63 235 
17 76 413 
25 10 1110 
17 12 991 
10 12 1266 
24 101 308 
100 26 294 
28 69 557 
96 42 823 
43 35 932 
5 61 991 
99 56 218 
78 10 698 
68 56 966 
36 29 1472 
6 34 1322 
5 26 938 
29 7 668 
76 62 1532 
82 23 555 
77 84 1232 
13 13 842 
2 14 919 
66 48 1476 
78 33 1151 
61 93 651 
46 92 133 
71 40 147 
102 78 882 
22 24 1541 
21 98 1423 
11 93 1166 
86 26 259 
41 6 339 
27 40 1279 
69 53 1199 
72 18 1119 
56 38 507 
28 8 716 
69 13 576 
100 82 1460 
64 47 807 
5 69 652 
101 77 1105 
26 7 1401 
89 47 1630 
33 35 417 
83 51 109 
28 67 975 
58 85 1402 
30 19 201 
83 43 392 
33 65 1526 
31 66 1363 
36 73 664 
3 32 509 
47 41 994 
46 38 1285 
12 19 506 
85 38 1301 
92 49 1380 
56 73 945 
57 45 1049 
64 58 1335 
8 4 1123 
44 49 1275 
68 27 576 
31 13 724 
27 86 1325 
35 73 394 
95 50 442 
16 41 275 
101 82 1630 
85 47 1413 
69 85 1344 
81 40 561 
12 70 1143 
55 19 181 
46 63 588 
42 31 1432 
79 24 1187 
42 71 131 
