8 4
100
75 87 18 96 50 99 41 12 682 
46 44 80 23 78 12 27 17 702 
101 59 30 22 43 71 19 39 116 
79 70 90 96 84 23 51 52 390 
49 41 16 37 36 93 99 19 468 
69 54 47 64 33 13 24 99 158 
8 55 46 49 79 13 85 64 344 
97 52 61 60 74 28 65 80 620 
73 65 25 38 25 26 14 52 691 
71 16 40 79 74 87 4 45 796 
6 2 64 5 54 74 51 4 542 
100 11 82 21 102 54 38 53 280 
98 71 31 22 37 30 29 16 392 
6 20 80 77 58 31 30 61 637 
16 70 13 53 89 24 60 16 331 
7 53 17 87 43 24 53 8 600 
70 86 67 36 79 40 26 47 678 
90 25 55 53 92 43 76 23 672 
25 47 84 9 64 23 89 24 517 
35 21 79 59 26 52 58 62 611 
14 82 93 75 29 44 41 72 741 
89 56 62 76 13 22 41 30 495 
93 63 24 47 49 57 77 93 212 
8 33 102 5 97 32 68 64 338 
93 52 19 42 71 94 32 2 558 
5 61 10 59 19 98 92 66 811 
55 70 36 39 100 39 18 35 312 
93 86 60 32 10 51 81 50 640 
45 53 94 32 17 48 88 74 259 
19 51 16 6 15 33 33 15 770 
10 56 53 83 26 38 56 40 134 
12 75 53 61 81 71 19 49 114 
9 25 54 90 52 28 7 101 688 
26 89 73 30 102 97 57 73 769 
29 65 28 59 77 79 32 79 810 
83 60 72 47 89 68 19 25 733 
44 22 6 27 77 27 53 32 418 
47 84 75 57 7 10 77 92 686 
89 53 50 78 60 76 29 27 336 
16 81 3 7 13 78 8 15 415 
92 4 89 3 7 47 28 87 770 
28 27 55 64 72 98 84 32 596 
44 68 64 32 100 53 86 39 417 
52 43 74 99 52 94 59 86 722 
99 88 47 5 52 75 81 3 809 
90 54 11 6 24 83 5 66 379 
90 62 6 39 19 71 96 77 360 
25 32 78 63 7 88 10 88 356 
30 42 18 91 53 99 54 98 689 
44 48 21 93 95 88 48 71 198 
87 62 71 79 10 77 31 59 581 
25 29 50 25 99 38 40 78 198 
32 101 11 8 87 23 86 54 239 
27 34 38 92 17 38 64 25 215 
76 53 33 43 62 96 28 30 564 
39 21 51 84 55 20 64 18 571 
17 80 77 51 95 58 48 6 203 
37 36 14 13 63 76 12 65 201 
95 91 41 17 82 59 54 49 273 
82 45 81 20 29 101 68 49 366 
54 27 61 77 97 59 71 93 770 
59 27 60 78 74 92 95 71 223 
33 101 100 20 99 47 25 68 495 
48 19 8 15 47 16 31 60 311 
68 19 95 84 48 91 65 97 180 
78 6 73 91 27 60 74 37 393 
49 36 30 15 55 31 98 26 607 
90 45 82 45 49 16 54 30 425 
36 51 55 11 57 4 25 49 510 
92 59 94 50 43 12 68 84 201 
12 54 67 66 88 24 17 77 421 
44 34 59 59 39 99 8 40 704 
97 40 81 28 92 8 69 8 546 
84 42 4 72 79 67 92 44 614 
89 72 65 33 96 82 53 84 121 
8 35 21 97 44 5 26 73 366 
47 85 65 61 99 82 58 34 285 
51 74 57 94 69 97 24 21 555 
26 66 45 101 77 10 93 63 595 
49 89 100 101 48 8 22 46 480 
15 30 75 84 77 64 48 3 86 
62 15 68 26 75 25 37 2 58 
3 49 10 57 70 38 9 10 368 
39 53 27 50 74 25 38 11 740 
97 44 91 83 55 76 100 33 393 
9 25 16 76 65 48 101 21 796 
53 60 63 39 77 69 19 11 413 
87 13 43 45 90 66 35 42 479 
20 22 96 36 59 38 90 3 697 
33 65 90 81 51 56 27 88 419 
32 60 69 24 66 47 26 15 167 
9 66 37 52 44 25 90 84 804 
6 19 3 26 51 76 83 88 376 
65 8 64 89 19 5 15 4 670 
94 98 58 51 12 46 18 83 300 
53 82 23 67 94 70 57 23 564 
52 8 11 95 43 80 101 63 57 
60 22 48 34 40 42 43 98 701 
45 57 8 59 10 71 40 33 50 
27 100 16 97 34 98 36 65 787 
