4 6
100
62 41 14 5 1134 
19 20 24 12 1023 
10 8 91 43 1052 
61 94 13 16 844 
86 16 17 16 852 
26 37 28 98 861 
55 47 64 3 1151 
91 73 98 64 583 
51 60 23 28 715 
95 48 64 84 893 
76 41 79 93 912 
47 26 100 35 841 
84 94 28 41 376 
65 47 90 49 1192 
89 98 52 69 244 
28 95 92 58 939 
80 74 47 25 1179 
16 70 73 29 596 
67 75 65 95 799 
59 34 84 97 1171 
50 60 17 86 1047 
80 91 12 73 599 
54 36 44 59 1111 
12 49 6 45 206 
97 76 63 100 399 
16 35 58 4 767 
96 13 97 62 351 
22 59 62 39 225 
27 60 2 80 1176 
33 33 8 4 679 
12 30 41 80 14 
76 99 19 54 873 
47 35 11 10 673 
43 42 84 30 868 
54 89 69 27 1128 
39 76 86 4 24 
85 28 56 48 646 
68 75 19 61 664 
25 43 10 68 895 
94 51 94 25 673 
93 51 81 34 38 
25 63 16 88 787 
3 15 16 52 1078 
21 81 64 58 1087 
70 25 25 76 586 
14 81 3 54 9 
89 84 63 49 132 
36 50 25 45 366 
7 61 33 97 652 
12 28 60 80 667 
15 89 38 36 1060 
70 28 7 86 1115 
46 63 64 87 942 
21 55 69 41 657 
73 58 21 28 1028 
11 94 30 23 466 
88 22 25 99 1075 
2 47 29 63 521 
11 45 41 54 1048 
46 99 47 20 417 
59 61 21 26 1024 
58 70 13 52 948 
78 100 86 48 69 
26 40 66 100 940 
76 28 8 99 552 
30 20 69 42 486 
14 49 12 89 989 
29 4 101 16 385 
34 37 79 85 818 
13 61 95 49 759 
9 35 49 43 735 
33 55 24 81 687 
41 3 72 12 805 
30 90 99 67 967 
24 41 53 68 546 
41 51 25 32 422 
70 27 22 80 404 
81 102 71 29 606 
76 82 21 60 1132 
33 67 68 20 472 
25 64 30 70 490 
70 85 83 99 256 
84 32 94 47 1072 
16 83 94 80 1066 
30 21 73 18 67 
44 21 95 76 163 
77 85 7 94 145 
9 98 55 40 797 
98 21 74 8 825 
46 90 77 72 956 
53 75 91 33 123 
5 93 15 64 1197 
50 92 9 86 566 
101 27 2 35 988 
20 30 56 14 1114 
12 49 67 50 756 
56 47 25 98 763 
4 97 76 84 104 
18 86 92 43 206 
8 13 90 62 838 
