6 4
100
46 98 38 88 71 24 675 
37 57 38 56 46 61 677 
2 48 5 8 14 36 761 
67 19 27 64 39 49 633 
86 69 47 47 101 63 612 
52 26 101 19 34 76 25 
74 20 18 44 28 32 602 
27 61 12 30 58 79 646 
80 13 27 34 77 7 416 
90 92 11 47 100 10 410 
24 7 91 82 63 92 759 
101 11 22 14 19 6 479 
10 37 19 45 86 98 587 
15 76 87 59 70 54 686 
29 9 99 30 24 26 26 
57 23 50 97 89 88 644 
4 6 22 60 3 94 653 
57 94 4 16 14 80 81 
32 7 25 94 40 11 590 
4 26 86 97 82 58 432 
17 71 50 99 12 95 94 
72 66 101 69 62 6 590 
18 97 16 12 47 95 200 
18 28 4 50 79 9 812 
83 39 65 23 39 29 330 
25 56 19 4 87 100 495 
42 25 27 81 7 102 706 
31 72 87 37 64 31 805 
45 48 51 35 88 14 729 
30 38 48 25 79 34 759 
43 99 10 62 97 66 619 
4 79 72 74 9 15 421 
69 81 89 76 101 44 647 
10 70 72 101 89 73 106 
89 82 58 30 70 95 723 
75 79 77 69 67 25 335 
70 82 63 82 101 40 496 
59 61 51 80 92 16 263 
32 40 63 10 94 65 125 
99 16 46 41 21 65 770 
4 14 9 36 21 40 327 
90 11 21 90 36 54 245 
23 9 52 80 82 59 352 
41 15 61 74 62 28 580 
68 19 43 81 77 68 456 
49 44 46 74 77 94 339 
31 44 23 61 13 87 627 
9 96 63 42 8 53 510 
101 50 63 61 15 71 186 
94 80 10 61 88 76 601 
67 8 8 6 66 4 89 
73 40 16 51 42 96 476 
25 82 42 71 17 95 394 
96 85 14 65 25 21 297 
66 14 2 27 13 5 348 
90 57 37 44 52 54 226 
12 50 12 74 77 66 567 
101 71 92 73 83 28 579 
25 96 43 43 85 76 64 
28 15 26 31 93 18 286 
27 6 29 67 44 23 688 
37 4 93 50 57 69 532 
45 12 56 33 80 74 534 
63 96 3 69 79 22 680 
36 89 45 86 51 37 603 
67 66 8 41 7 89 716 
93 53 95 30 10 45 678 
5 71 100 15 46 72 517 
12 28 100 66 3 3 7 
18 50 67 8 34 93 642 
49 50 94 75 87 80 573 
45 10 41 72 79 2 255 
19 46 72 6 67 13 444 
40 10 77 6 88 89 620 
5 30 24 77 53 6 465 
23 9 43 61 94 95 548 
20 61 96 25 3 72 800 
5 97 4 69 83 26 73 
42 19 70 102 92 96 331 
82 19 96 28 98 76 789 
40 32 47 75 20 89 166 
52 82 83 87 20 80 812 
35 23 10 73 82 50 657 
92 74 62 3 101 29 306 
44 2 99 7 97 3 538 
67 58 96 65 39 91 740 
38 89 17 75 18 43 384 
98 88 57 18 28 18 386 
59 88 74 21 62 85 66 
82 86 82 24 79 36 559 
66 16 10 45 62 92 443 
87 47 31 85 88 92 370 
16 44 91 71 87 21 65 
73 24 46 79 8 85 456 
6 37 53 42 9 80 265 
75 50 75 69 28 95 589 
43 45 38 77 94 65 546 
43 93 55 93 17 63 764 
93 65 68 56 9 100 665 
12 80 45 80 14 15 336 
