8 6
100
28 4 37 3 32 24 25 65 520 
66 81 73 45 33 9 7 24 1065 
12 8 22 39 8 98 40 71 811 
37 24 48 54 100 55 88 47 707 
93 53 89 42 56 81 88 50 446 
88 75 9 83 6 55 28 64 978 
98 91 98 41 66 63 58 90 503 
99 15 82 19 60 88 52 16 872 
102 72 54 43 53 60 62 54 1177 
61 56 20 95 28 38 75 91 684 
64 55 89 28 86 68 40 91 438 
58 71 17 23 33 92 84 28 1138 
30 57 40 40 81 14 67 99 416 
25 6 89 47 46 71 32 90 749 
86 76 87 88 6 64 24 6 1016 
83 41 25 30 13 2 45 47 416 
20 26 76 77 63 89 34 17 1048 
51 13 27 48 92 46 31 100 637 
10 45 54 79 18 76 31 86 710 
13 96 95 89 4 101 37 15 784 
89 10 15 100 56 91 78 75 1139 
60 37 50 81 102 15 50 37 31 
84 43 10 102 49 79 32 23 256 
95 65 11 28 14 79 82 44 1098 
41 12 91 65 3 45 83 73 607 
12 34 96 81 40 69 99 54 883 
58 90 64 39 70 35 70 85 131 
86 35 25 73 102 60 26 11 317 
15 22 42 67 20 78 29 22 1091 
28 16 26 45 31 61 7 26 661 
30 4 43 59 97 20 34 100 464 
29 41 34 38 58 31 43 85 404 
34 92 72 88 11 51 45 44 849 
88 43 6 66 67 78 6 98 88 
87 59 27 24 35 22 40 2 994 
59 92 60 97 4 48 28 75 408 
86 44 95 95 15 55 50 48 694 
36 65 75 58 34 62 24 58 330 
10 12 59 51 50 11 69 88 635 
13 93 41 60 39 94 45 22 657 
16 94 45 74 76 89 66 6 461 
10 3 59 100 75 48 21 20 779 
78 37 97 86 27 29 3 39 671 
19 78 27 83 15 15 8 10 784 
85 39 38 72 87 46 73 61 1045 
96 15 20 96 41 21 30 69 1034 
61 32 69 19 72 39 35 48 345 
14 29 90 47 94 68 84 37 997 
30 8 52 53 15 68 43 9 298 
39 26 39 8 55 48 30 49 950 
99 69 69 102 39 41 17 61 403 
99 51 23 54 14 6 40 3 744 
36 10 20 3 77 65 14 98 278 
93 8 76 44 19 47 90 87 840 
17 30 71 13 38 55 35 46 706 
5 87 14 35 70 54 87 96 482 
62 98 94 5 89 43 18 26 653 
61 58 35 79 66 29 37 25 893 
94 25 74 67 70 33 7 11 138 
13 61 40 24 58 25 7 30 1085 
79 13 43 30 97 14 102 76 1082 
27 29 22 86 99 47 81 96 863 
69 97 30 62 100 80 32 8 800 
17 39 101 12 73 38 41 60 143 
34 66 30 63 67 96 45 83 1013 
93 28 64 95 45 64 55 41 401 
63 19 15 65 100 91 48 86 451 
91 17 57 86 48 41 36 49 371 
44 8 33 35 19 19 97 41 969 
6 25 96 39 59 35 6 80 511 
100 71 68 41 17 82 60 56 801 
29 9 83 25 61 98 34 12 401 
4 30 101 98 70 60 12 45 757 
45 54 60 25 82 70 99 38 951 
66 5 93 53 77 65 54 70 401 
100 83 66 100 7 49 102 4 612 
44 4 4 10 31 74 20 17 31 
9 6 28 15 28 26 21 70 89 
44 53 54 38 46 102 28 14 756 
100 47 49 13 25 81 20 57 412 
78 59 77 21 34 62 63 47 777 
8 87 57 42 81 39 42 60 618 
100 8 60 4 84 19 13 22 862 
58 98 84 50 97 73 92 44 140 
34 25 21 94 77 101 38 21 331 
9 60 67 11 74 67 30 22 591 
77 76 77 60 10 14 92 7 593 
84 61 92 86 52 39 28 9 440 
33 7 34 61 67 64 92 6 760 
7 48 27 19 21 77 25 16 833 
39 76 16 9 4 71 53 56 742 
39 25 10 30 86 66 31 99 182 
19 19 11 14 71 7 52 87 724 
26 67 42 16 63 38 71 91 409 
24 26 5 64 10 13 4 54 997 
56 79 65 62 90 24 62 8 1196 
61 26 7 12 59 19 12 29 1095 
23 25 63 74 61 96 33 9 890 
13 56 11 100 13 18 25 98 101 
98 65 79 20 56 57 40 12 799 
