4 4
100
98 35 7 56 471 
75 90 42 80 254 
52 82 11 86 463 
89 36 39 100 805 
79 100 78 101 446 
60 65 84 2 624 
63 85 63 29 149 
71 72 30 61 359 
9 43 6 4 779 
70 75 7 59 796 
47 82 29 24 792 
101 59 8 102 815 
11 8 42 3 572 
69 21 84 68 717 
19 8 81 56 746 
38 95 76 6 709 
86 60 27 5 255 
83 57 41 32 160 
14 67 30 61 283 
3 3 5 34 233 
51 94 42 71 657 
41 3 75 32 498 
7 85 4 15 127 
54 83 39 72 728 
14 82 54 48 622 
55 80 22 22 737 
37 92 44 78 312 
95 20 57 24 749 
82 84 11 71 117 
30 65 18 45 678 
22 65 35 45 136 
71 42 95 95 230 
64 83 55 42 211 
17 43 28 77 184 
35 28 17 80 78 
32 73 84 34 390 
92 64 79 39 575 
74 60 102 61 566 
55 27 64 96 246 
101 31 70 45 810 
90 39 43 23 408 
96 50 56 35 710 
99 60 63 47 315 
102 6 18 72 440 
59 43 69 8 566 
10 66 23 50 86 
2 5 41 35 492 
55 23 58 89 626 
26 5 69 74 587 
98 67 19 58 248 
97 15 100 92 343 
48 72 37 54 344 
32 29 8 25 707 
96 21 30 87 701 
80 50 31 95 247 
56 77 97 36 603 
45 49 68 20 125 
89 7 51 93 115 
84 88 7 47 380 
99 99 46 88 633 
79 39 34 72 424 
50 86 7 62 715 
74 78 3 80 805 
85 63 90 10 810 
92 71 38 73 31 
94 45 86 49 272 
59 33 11 58 790 
8 17 98 68 551 
6 101 92 6 346 
9 87 29 48 516 
38 11 38 88 716 
10 3 62 68 487 
7 102 61 28 249 
43 68 47 83 754 
70 67 24 42 780 
92 81 35 31 791 
10 18 40 86 796 
50 97 25 70 727 
8 57 32 9 511 
6 43 65 75 15 
42 41 48 56 774 
72 89 98 93 795 
30 70 33 71 424 
91 64 77 31 671 
48 46 79 94 708 
16 37 17 80 746 
52 18 61 30 463 
70 72 86 91 222 
63 101 34 73 498 
40 26 63 57 601 
45 68 37 93 457 
99 65 56 69 664 
37 75 20 101 392 
14 11 6 15 683 
21 80 88 4 177 
49 14 8 33 402 
92 77 62 6 399 
86 83 70 74 490 
8 18 19 9 751 
90 83 35 25 399 
