2 4
100
97 50 679 
28 96 806 
25 60 367 
79 64 98 
34 46 277 
20 92 379 
12 73 730 
4 56 561 
93 31 641 
81 69 692 
23 3 662 
33 7 623 
8 20 798 
16 24 484 
99 26 432 
54 63 475 
18 67 740 
26 72 48 
14 95 767 
16 37 536 
22 47 744 
62 58 498 
33 3 323 
60 14 585 
50 98 407 
32 7 243 
18 41 552 
22 64 18 
96 99 252 
77 21 96 
84 94 681 
34 96 628 
70 39 558 
94 23 492 
21 61 434 
21 78 607 
58 84 724 
66 101 780 
100 102 674 
91 68 480 
32 57 669 
30 77 166 
90 18 23 
75 64 555 
63 26 149 
9 4 30 
51 77 178 
58 22 303 
25 20 761 
90 36 764 
96 81 580 
12 64 537 
80 93 683 
35 33 486 
74 85 163 
23 5 609 
80 93 802 
81 42 741 
39 76 294 
47 7 468 
29 3 669 
11 80 678 
99 54 510 
54 31 92 
22 18 364 
64 87 299 
19 4 124 
21 12 357 
97 17 318 
82 75 718 
32 35 699 
28 8 247 
79 65 40 
39 26 419 
14 27 502 
89 61 199 
48 77 725 
101 30 26 
44 10 738 
40 16 516 
46 19 647 
76 24 783 
27 95 83 
16 87 183 
34 82 639 
66 8 692 
84 10 458 
17 36 797 
101 33 47 
85 86 799 
42 41 400 
43 95 61 
74 40 27 
68 64 538 
16 34 736 
69 70 388 
27 80 16 
8 58 48 
9 32 676 
84 77 749 
