6 2
100
17 15 43 24 54 39 106 
92 30 40 26 49 9 234 
95 49 72 86 22 5 201 
30 37 5 42 89 60 160 
58 81 26 9 77 52 324 
30 18 33 34 15 94 176 
78 45 102 37 91 32 8 
24 88 84 101 82 31 356 
80 40 84 66 81 89 140 
51 15 19 75 59 80 267 
33 41 54 9 13 8 210 
94 5 8 100 29 39 138 
95 44 9 97 23 94 203 
79 51 70 36 7 11 112 
32 85 64 34 54 38 372 
49 32 95 71 25 38 354 
37 79 68 54 52 3 231 
73 11 80 38 88 18 219 
92 86 75 8 99 26 255 
22 46 68 77 3 44 188 
14 17 28 101 58 65 173 
75 4 84 57 10 73 239 
76 85 99 68 23 40 236 
48 22 65 27 14 26 64 
35 2 79 51 60 13 242 
97 55 39 32 55 13 71 
84 93 53 91 56 6 191 
62 71 11 82 6 90 269 
97 64 76 46 41 29 164 
4 7 9 52 62 101 322 
33 62 39 70 29 43 264 
30 15 38 60 22 71 296 
33 70 70 56 24 95 406 
92 65 87 16 87 79 328 
88 46 41 96 7 70 122 
11 74 15 80 49 3 274 
52 40 88 20 60 69 287 
40 41 98 40 8 81 167 
98 53 56 44 66 86 173 
71 99 66 18 3 45 92 
97 57 78 77 94 34 166 
28 101 98 29 12 12 199 
7 45 58 101 90 91 54 
23 61 38 86 19 27 330 
43 24 5 59 27 50 174 
85 22 64 15 49 2 289 
55 60 18 56 76 96 261 
56 10 19 15 56 11 304 
98 43 94 77 10 62 348 
79 95 72 87 64 8 91 
25 96 87 43 91 44 280 
3 22 31 45 33 19 354 
16 88 46 73 41 70 355 
81 73 40 41 43 87 311 
67 48 71 14 89 44 126 
16 33 73 68 69 8 388 
23 64 35 78 45 101 256 
8 27 16 25 40 37 182 
25 49 4 50 59 94 148 
76 62 33 46 77 58 406 
57 75 7 74 64 94 239 
11 7 65 100 89 15 241 
22 57 91 51 9 88 374 
86 71 20 12 15 61 192 
4 4 34 69 44 65 210 
55 11 54 78 45 88 59 
44 41 52 72 81 79 219 
8 44 97 70 72 10 292 
5 89 63 51 34 14 30 
5 33 33 47 52 10 277 
47 39 75 65 2 79 171 
33 70 43 37 84 95 393 
63 39 101 74 57 82 203 
24 93 30 13 77 9 161 
9 21 27 31 72 88 247 
6 24 7 72 32 32 296 
21 22 16 52 20 13 174 
96 34 74 97 30 20 96 
49 47 54 27 72 4 97 
51 18 8 14 10 38 230 
17 96 4 27 52 79 13 
72 15 63 58 98 99 56 
89 55 35 44 70 39 236 
79 55 47 62 30 51 288 
7 10 40 13 77 88 324 
40 72 72 80 43 22 313 
34 94 71 76 7 12 253 
65 75 73 42 101 101 156 
43 59 67 24 30 34 267 
7 25 48 24 13 36 202 
84 65 65 28 19 83 185 
63 78 88 24 41 11 173 
37 69 73 78 89 43 396 
15 8 58 16 90 13 109 
71 25 54 97 78 15 328 
12 9 16 84 20 95 325 
84 81 102 91 25 25 286 
58 77 47 25 95 54 284 
59 9 15 30 71 21 377 
54 36 29 65 98 64 106 
