4 6
100
84 51 91 60 758 
72 46 50 94 1181 
37 30 4 90 1186 
4 65 80 3 483 
17 23 31 49 341 
99 54 89 32 583 
54 94 2 72 771 
14 43 23 24 1118 
82 30 55 7 540 
11 72 90 45 1213 
4 20 70 83 22 
62 22 44 32 799 
20 59 20 47 542 
45 30 33 27 1044 
63 43 58 11 724 
89 70 26 5 235 
28 66 46 33 557 
36 26 21 70 32 
94 102 93 59 894 
26 13 11 63 9 
83 41 65 60 464 
63 64 61 24 176 
95 98 40 13 475 
57 15 88 101 126 
22 11 65 24 1143 
64 52 101 38 435 
79 61 65 5 466 
90 3 88 96 1037 
74 67 98 56 122 
98 63 82 20 226 
13 26 11 53 988 
74 78 42 66 931 
13 65 25 89 457 
35 35 38 75 625 
56 29 95 17 472 
57 14 11 15 1191 
3 72 83 20 301 
55 52 14 24 804 
14 62 24 19 907 
10 44 12 19 935 
65 27 9 69 788 
86 33 97 14 313 
62 69 30 69 922 
43 84 7 64 1035 
86 22 16 9 478 
96 7 77 43 370 
16 5 94 38 417 
78 65 16 56 490 
23 57 2 99 70 
47 34 57 44 408 
28 39 49 34 1136 
45 13 102 30 863 
82 58 56 84 146 
59 77 94 35 1221 
80 70 53 24 776 
30 22 19 4 1150 
64 52 35 9 50 
79 57 61 46 1113 
66 65 88 85 740 
67 3 20 87 591 
72 43 23 44 674 
60 87 27 71 789 
25 96 100 36 111 
31 25 49 80 429 
4 18 50 44 435 
17 84 70 64 1205 
29 4 35 56 298 
23 31 93 54 562 
94 32 92 81 831 
72 67 54 76 382 
44 56 42 52 564 
56 95 81 9 485 
78 19 65 73 457 
23 63 46 12 1079 
2 35 96 34 530 
74 28 71 76 797 
53 32 96 33 694 
75 63 85 10 860 
30 52 86 15 854 
77 69 22 44 570 
11 23 44 88 377 
11 62 10 9 908 
30 26 7 44 1089 
48 24 34 16 787 
62 80 39 42 735 
53 51 84 64 835 
6 8 29 30 684 
32 90 10 2 583 
15 55 78 36 513 
6 47 44 26 288 
55 38 8 80 1060 
33 86 5 28 979 
62 80 48 40 855 
25 99 79 88 721 
61 16 34 68 627 
9 4 5 100 682 
8 9 60 41 191 
71 2 51 43 305 
48 87 84 22 1071 
37 10 40 66 237 
