6 4
100
33 55 11 13 92 30 568 
55 52 97 15 75 82 701 
94 21 52 3 3 27 746 
37 19 42 81 46 72 541 
101 60 66 98 92 67 588 
24 69 78 6 25 2 707 
35 90 47 38 54 87 568 
43 72 29 100 34 90 785 
38 71 34 48 60 5 441 
94 33 20 85 17 16 567 
54 76 99 80 27 7 23 
31 97 45 94 87 99 476 
90 39 99 60 78 78 703 
99 46 60 67 99 35 333 
59 29 55 40 74 2 722 
97 32 22 9 86 96 58 
76 92 56 75 9 98 32 
95 22 27 40 40 85 447 
33 41 15 30 74 64 593 
70 91 56 15 99 72 758 
9 79 53 95 84 81 192 
56 6 94 92 39 39 517 
9 31 101 35 19 36 530 
93 9 81 14 34 36 53 
2 2 62 12 28 13 702 
45 75 47 58 6 33 623 
37 23 40 37 27 11 498 
63 57 82 82 38 30 137 
72 75 83 52 47 19 442 
5 34 82 13 28 79 523 
57 56 79 15 4 91 455 
88 43 79 9 27 47 322 
48 82 32 92 85 71 593 
3 66 8 61 16 24 261 
91 60 25 101 34 99 48 
3 5 69 36 41 63 687 
34 6 45 22 74 17 472 
54 51 24 45 10 93 445 
91 73 55 90 68 26 796 
84 55 10 95 51 36 366 
80 65 58 45 10 91 562 
62 65 41 45 9 76 297 
11 4 58 26 7 53 96 
33 16 48 75 39 89 405 
53 37 29 25 83 15 611 
88 68 102 102 5 88 239 
10 16 47 61 52 63 603 
54 54 71 45 84 35 378 
51 12 72 73 4 21 81 
30 14 22 28 63 63 184 
38 58 27 5 68 84 189 
102 3 16 90 27 78 808 
85 60 82 101 82 31 302 
58 31 30 3 68 21 656 
4 27 35 91 102 53 128 
98 46 42 19 53 25 406 
11 58 85 79 46 13 371 
56 42 30 83 35 88 654 
29 98 4 101 65 45 801 
78 84 101 27 26 86 703 
16 42 84 31 7 89 387 
75 47 26 25 11 37 386 
87 7 10 69 68 37 570 
50 41 19 90 83 53 269 
77 86 53 21 29 61 333 
2 48 54 30 100 35 437 
53 79 79 56 10 53 739 
79 93 60 61 50 18 535 
3 66 43 27 38 17 806 
63 75 5 84 78 8 696 
61 58 41 69 4 18 793 
63 43 36 75 2 44 798 
95 95 63 81 45 77 810 
84 13 5 65 20 57 739 
7 76 74 34 47 7 146 
38 21 93 48 102 70 324 
26 9 54 37 74 3 552 
82 44 5 35 33 88 633 
47 39 6 86 64 9 464 
69 64 43 58 39 82 467 
76 72 35 45 9 62 472 
6 53 30 48 56 25 204 
33 72 101 15 21 42 744 
84 89 64 40 64 85 465 
48 13 82 37 23 12 47 
75 72 92 27 28 22 337 
88 79 40 10 86 34 290 
94 44 44 20 42 68 753 
85 74 7 47 79 3 473 
42 50 13 35 15 21 480 
102 12 91 95 22 52 784 
12 26 32 80 53 24 439 
71 39 19 83 47 15 735 
100 87 82 51 21 85 378 
31 29 77 73 15 79 752 
34 56 27 21 18 98 593 
50 77 69 28 81 6 576 
13 96 54 70 8 71 16 
27 11 46 4 69 52 663 
99 57 9 40 47 63 304 
