4 8
100
97 94 32 43 1481 
83 15 13 6 878 
23 45 4 17 1295 
93 100 82 79 309 
89 69 12 82 1121 
35 77 51 41 1585 
27 27 13 76 891 
64 65 10 79 602 
64 28 58 49 1268 
24 21 8 18 464 
59 38 77 39 1085 
30 83 51 74 937 
8 66 74 9 475 
98 35 31 63 283 
31 92 5 42 923 
63 13 66 5 755 
16 71 35 13 651 
90 52 76 9 432 
83 16 37 21 503 
100 56 51 20 1327 
92 92 47 101 1626 
69 35 37 82 92 
20 20 48 28 702 
39 33 63 69 668 
48 60 23 36 597 
17 57 86 11 949 
9 64 48 23 921 
26 26 36 13 1186 
57 17 96 4 146 
65 69 11 78 1526 
69 95 83 79 570 
33 71 13 64 1379 
14 51 28 24 1615 
58 74 27 72 310 
15 100 53 97 1400 
34 66 22 27 1202 
50 47 10 17 1486 
16 82 70 89 408 
57 15 74 28 984 
8 90 74 5 867 
93 44 42 59 1307 
72 44 89 93 50 
69 51 87 91 596 
69 43 13 33 1391 
77 6 41 47 1045 
3 28 26 37 1296 
45 94 19 74 1356 
8 8 53 37 352 
74 96 79 86 942 
8 30 85 92 1523 
68 80 43 19 1267 
89 5 97 95 1297 
46 20 54 14 972 
77 34 15 8 497 
63 92 77 12 225 
84 29 57 89 954 
75 45 36 43 227 
68 53 102 97 1571 
5 13 60 58 1271 
55 44 67 26 1348 
75 16 79 62 526 
78 4 34 6 1564 
62 50 10 37 106 
3 86 13 100 1529 
26 35 20 11 453 
52 34 21 34 983 
42 63 33 7 1390 
61 68 77 11 622 
65 21 98 101 591 
56 5 25 52 1262 
72 33 69 32 954 
42 98 70 34 1338 
45 85 2 46 907 
101 20 5 52 781 
37 11 4 62 496 
7 39 21 75 1199 
49 12 72 56 1476 
12 96 2 48 731 
65 100 45 29 1544 
82 21 54 45 612 
39 102 75 4 695 
63 31 9 2 873 
5 79 97 60 572 
36 15 48 55 748 
6 19 59 7 1390 
39 68 77 67 817 
88 87 78 38 604 
49 39 70 14 485 
83 89 2 95 676 
88 5 86 94 995 
69 75 101 100 540 
21 45 70 19 92 
97 56 44 52 1104 
20 2 61 24 1435 
99 47 36 26 1056 
19 19 66 66 1618 
36 84 85 7 1356 
14 88 81 5 291 
6 71 53 8 572 
29 48 52 27 375 
