8 6
100
72 100 66 46 17 79 75 60 249 
46 27 11 9 48 75 85 32 122 
51 91 45 55 6 77 7 101 759 
101 68 12 37 71 100 94 22 454 
86 95 96 69 88 82 91 70 266 
62 4 37 84 24 9 50 35 1079 
85 20 96 91 42 18 17 76 1130 
12 11 58 12 17 28 38 101 450 
18 84 6 65 66 38 56 46 1185 
29 19 45 5 89 38 12 11 36 
45 97 55 79 53 13 90 80 730 
68 52 89 11 48 25 73 34 627 
86 22 56 60 38 97 21 91 706 
51 10 24 22 2 8 25 95 58 
85 41 33 95 77 87 78 89 1158 
12 20 73 22 34 57 87 28 1097 
51 87 61 60 60 65 56 41 867 
40 48 52 83 88 54 20 89 1140 
22 94 47 70 84 50 3 11 866 
89 31 78 69 37 76 19 76 102 
48 28 83 70 41 38 17 40 503 
47 32 34 21 4 47 64 66 423 
47 83 5 13 59 51 94 69 126 
97 73 14 78 66 14 46 75 751 
14 54 55 11 56 46 9 58 975 
41 70 29 32 7 72 42 74 1142 
7 37 71 34 78 74 28 21 827 
31 71 68 22 76 31 86 51 149 
84 38 29 61 6 3 71 56 1213 
85 67 68 43 38 94 20 41 466 
94 83 79 83 85 36 78 80 1060 
16 20 95 100 49 58 60 60 444 
68 48 33 70 65 24 75 44 669 
4 90 35 75 4 38 93 94 842 
37 3 54 95 85 27 16 57 432 
8 87 20 12 85 80 58 54 1131 
9 26 20 56 10 43 82 77 1106 
55 43 18 60 9 57 89 25 696 
86 75 66 8 56 9 89 69 701 
38 93 6 57 19 51 45 86 826 
53 83 95 13 15 10 37 63 180 
21 50 81 65 25 62 23 74 972 
31 3 72 13 69 43 86 45 1020 
88 100 25 69 17 24 90 38 513 
66 75 62 58 73 95 95 70 239 
81 75 70 46 36 47 72 17 1023 
99 42 16 54 29 72 27 51 773 
93 54 35 58 78 89 21 60 1215 
22 75 32 80 20 101 23 7 861 
17 44 66 80 99 102 41 93 1182 
30 14 48 92 33 23 32 4 202 
88 24 99 83 27 78 48 52 518 
55 21 24 17 33 24 102 11 92 
101 15 57 36 20 87 92 92 560 
56 32 43 11 50 18 85 37 1014 
75 36 18 90 34 48 60 87 873 
77 16 83 25 92 24 16 33 1089 
63 55 7 14 93 37 33 94 250 
3 47 73 7 34 97 41 29 926 
93 13 82 11 78 34 16 18 942 
66 32 42 21 97 19 29 23 1013 
80 63 45 84 60 42 28 58 500 
2 71 84 88 86 65 48 25 248 
11 55 79 75 100 77 60 68 757 
82 84 52 56 80 13 14 63 809 
35 11 55 42 84 22 93 16 566 
97 81 48 79 75 74 99 21 839 
8 7 65 70 26 94 81 48 912 
93 49 93 73 75 25 99 16 169 
69 71 72 59 83 87 31 65 1072 
18 5 11 80 58 61 44 8 686 
6 67 88 64 63 38 47 2 820 
57 26 7 25 83 61 60 32 609 
100 51 26 80 41 63 6 65 536 
67 15 92 34 31 69 69 95 601 
30 7 10 36 14 83 20 76 474 
85 95 24 52 22 28 12 46 702 
34 28 28 27 60 100 94 82 1072 
78 25 97 40 58 89 12 32 305 
44 66 39 45 62 66 24 23 863 
24 18 95 66 24 87 12 37 827 
25 5 50 12 44 34 95 43 627 
45 47 38 37 42 92 3 70 980 
22 91 68 64 5 38 30 73 785 
97 14 3 12 30 23 22 89 334 
79 34 24 7 52 21 15 81 941 
36 89 78 5 65 56 7 92 565 
4 63 2 14 84 73 70 100 359 
52 35 19 17 17 54 65 26 435 
60 17 41 49 50 26 61 96 1022 
90 94 51 49 7 40 77 20 319 
29 67 53 53 39 53 92 65 557 
62 21 74 26 42 41 21 49 915 
9 57 15 78 54 90 90 82 78 
82 5 30 80 42 99 28 38 721 
87 9 80 90 59 87 80 101 917 
13 67 54 12 30 60 66 70 767 
15 52 15 64 65 59 47 11 733 
19 84 81 77 99 6 82 36 494 
99 21 100 30 100 55 15 78 191 
