6 8
100
7 34 71 55 21 26 303 
73 69 27 91 46 13 1099 
21 34 9 42 3 68 1090 
24 74 73 30 33 99 1213 
9 11 40 101 19 102 1245 
34 91 31 17 76 34 266 
40 87 101 97 101 69 622 
72 39 102 31 38 74 1360 
62 101 27 90 28 46 1046 
61 90 92 29 14 93 1418 
45 80 27 29 36 53 1369 
89 74 35 34 32 38 601 
74 40 72 83 29 95 1180 
93 6 29 50 89 54 1296 
100 11 70 89 78 53 439 
60 76 4 4 24 101 1180 
29 94 57 98 10 29 1417 
52 23 47 86 100 17 861 
77 100 80 49 100 6 1467 
65 66 47 56 87 12 220 
66 70 82 8 96 102 1041 
13 74 55 82 27 95 783 
90 25 5 80 39 76 1363 
78 26 57 25 97 84 1038 
30 12 43 25 19 75 1405 
55 67 81 7 17 91 1041 
28 28 69 76 14 44 1230 
43 44 79 50 38 32 1421 
46 27 84 100 20 2 1353 
64 13 59 10 21 64 572 
60 26 75 24 87 22 823 
101 90 52 85 42 90 1424 
70 67 76 83 46 101 156 
43 98 8 99 91 83 1053 
16 12 68 95 82 42 1357 
20 5 29 53 12 39 735 
39 35 17 79 14 98 1528 
49 84 28 78 65 27 284 
30 69 27 98 41 88 1379 
80 86 93 62 50 6 816 
63 50 33 36 64 66 63 
66 93 22 79 87 73 1099 
30 42 19 19 17 68 1471 
38 4 56 73 53 63 965 
51 27 19 66 94 46 1392 
37 98 44 2 63 16 1052 
78 7 22 56 17 19 816 
46 76 45 35 40 62 418 
48 78 64 14 6 47 240 
68 5 15 96 29 84 1519 
46 77 19 56 54 28 971 
99 37 19 38 45 11 85 
53 76 33 55 86 62 1446 
21 82 91 59 71 52 174 
4 9 62 90 37 59 1624 
101 28 81 88 36 68 809 
43 47 78 63 37 11 241 
31 83 42 45 24 7 409 
97 30 99 85 78 51 1549 
30 59 50 10 54 8 860 
50 54 69 52 96 41 1275 
37 15 98 36 42 98 1183 
28 22 46 15 54 77 60 
100 84 5 60 19 57 222 
90 30 54 85 6 64 1327 
31 75 96 31 67 49 989 
17 2 52 38 55 24 32 
39 6 97 102 33 51 825 
72 67 94 78 86 67 760 
87 46 52 38 36 93 1584 
49 53 86 89 30 45 1342 
84 55 25 66 34 14 833 
26 59 85 75 15 33 957 
10 4 54 83 84 16 491 
58 101 101 21 33 7 1469 
55 13 15 5 8 70 1446 
14 71 14 54 55 97 1001 
89 69 66 23 62 40 634 
51 34 8 47 31 54 415 
56 26 47 3 9 63 1161 
47 72 72 9 65 72 1580 
35 42 31 31 21 71 1127 
34 38 100 73 68 53 70 
82 9 60 79 18 65 946 
47 69 53 48 36 92 685 
99 96 16 100 70 44 255 
94 79 18 12 86 58 352 
90 49 32 43 12 69 1073 
65 14 32 48 9 41 1433 
75 79 85 86 80 29 573 
44 86 75 100 11 91 1435 
32 44 69 35 9 38 938 
22 23 7 27 25 78 562 
84 86 53 64 5 30 310 
2 35 28 7 31 88 759 
65 59 45 3 80 80 537 
72 65 16 102 4 32 855 
58 80 61 57 53 3 964 
102 24 38 8 63 71 490 
11 43 30 80 52 13 947 
