6 2
100
33 55 11 13 92 30 285 
55 52 97 15 75 82 351 
94 21 52 3 3 27 373 
37 19 42 81 46 72 271 
101 60 66 98 92 67 294 
24 69 78 6 25 2 354 
35 90 47 38 54 87 284 
43 72 29 100 34 90 393 
38 71 34 48 60 5 221 
94 33 20 85 17 16 284 
54 76 99 80 27 7 12 
31 97 45 94 87 99 238 
90 39 99 60 78 78 352 
99 46 60 67 99 35 167 
59 29 55 40 74 2 361 
97 32 22 9 86 96 30 
76 92 56 75 9 98 17 
95 22 27 40 40 85 224 
33 41 15 30 74 64 297 
70 91 56 15 99 72 379 
9 79 53 95 84 81 97 
56 6 94 92 39 39 259 
9 31 101 35 19 36 265 
93 9 81 14 34 36 28 
2 2 62 12 28 13 351 
45 75 47 58 6 33 312 
37 23 40 37 27 11 249 
63 57 82 82 38 30 69 
72 75 83 52 47 19 222 
5 34 82 13 28 79 262 
57 56 79 15 4 91 228 
88 43 79 9 27 47 162 
48 82 32 92 85 71 297 
3 66 8 61 16 24 131 
91 60 25 101 34 99 25 
3 5 69 36 41 63 344 
34 6 45 22 74 17 237 
54 51 24 45 10 93 223 
91 73 55 90 68 26 398 
84 55 10 95 51 36 183 
80 65 58 45 10 91 281 
62 65 41 45 9 76 149 
11 4 58 26 7 53 49 
33 16 48 75 39 89 203 
53 37 29 25 83 15 306 
88 68 102 102 5 88 120 
10 16 47 61 52 63 302 
54 54 71 45 84 35 190 
51 12 72 73 4 21 41 
30 14 22 28 63 63 93 
38 58 27 5 68 84 95 
102 3 16 90 27 78 404 
85 60 82 101 82 31 151 
58 31 30 3 68 21 328 
4 27 35 91 102 53 65 
98 46 42 19 53 25 204 
11 58 85 79 46 13 186 
56 42 30 83 35 88 327 
29 98 4 101 65 45 401 
78 84 101 27 26 86 352 
16 42 84 31 7 89 194 
75 47 26 25 11 37 193 
87 7 10 69 68 37 285 
50 41 19 90 83 53 135 
77 86 53 21 29 61 167 
2 48 54 30 100 35 219 
53 79 79 56 10 53 369 
79 93 60 61 50 18 268 
3 66 43 27 38 17 403 
63 75 5 84 78 8 348 
61 58 41 69 4 18 396 
63 43 36 75 2 44 399 
95 95 63 81 45 77 405 
84 13 5 65 20 57 370 
7 76 74 34 47 7 74 
38 21 93 48 102 70 163 
26 9 54 37 74 3 276 
82 44 5 35 33 88 317 
47 39 6 86 64 9 232 
69 64 43 58 39 82 234 
76 72 35 45 9 62 237 
6 53 30 48 56 25 103 
33 72 101 15 21 42 372 
84 89 64 40 64 85 233 
48 13 82 37 23 12 24 
75 72 92 27 28 22 169 
88 79 40 10 86 34 145 
94 44 44 20 42 68 376 
85 74 7 47 79 3 237 
42 50 13 35 15 21 241 
102 12 91 95 22 52 392 
12 26 32 80 53 24 220 
71 39 19 83 47 15 368 
100 87 82 51 21 85 190 
31 29 77 73 15 79 376 
34 56 27 21 18 98 297 
50 77 69 28 81 6 288 
13 96 54 70 8 71 9 
27 11 46 4 69 52 332 
99 57 9 40 47 63 153 
