8 2
100
64 17 64 18 75 31 18 50 392 
56 4 84 97 4 78 11 99 137 
27 50 79 16 86 32 15 30 247 
83 67 79 15 82 74 6 87 329 
2 45 23 88 40 54 73 85 70 
84 42 56 6 64 14 38 68 198 
79 50 33 34 5 47 71 37 339 
21 42 24 11 93 19 98 11 221 
14 41 12 27 46 4 15 33 358 
8 79 4 68 79 16 26 29 154 
51 70 42 78 19 5 71 54 174 
97 75 52 39 11 56 60 26 113 
40 54 6 31 21 74 60 65 237 
83 55 65 10 87 66 81 48 167 
16 38 24 9 58 94 62 20 239 
40 71 71 50 10 55 88 88 305 
35 22 51 69 20 56 47 90 405 
81 89 89 88 60 64 15 45 360 
8 33 98 14 72 4 16 22 382 
91 35 47 13 24 102 91 48 108 
94 49 20 70 64 70 95 83 128 
73 54 13 8 37 67 66 83 224 
80 23 52 49 55 100 62 58 225 
57 70 67 90 99 14 38 23 392 
72 40 71 30 22 91 72 45 275 
84 85 100 81 48 43 47 13 104 
78 47 96 22 9 8 15 40 53 
68 86 58 102 72 16 71 97 176 
87 53 3 63 79 13 33 80 297 
59 77 24 26 44 88 88 62 312 
5 51 33 65 17 84 78 6 241 
14 84 15 86 12 54 100 62 246 
26 17 70 85 91 31 35 58 257 
93 44 43 71 15 12 40 68 186 
14 24 38 22 87 74 54 21 392 
62 76 67 72 28 85 28 65 186 
10 22 62 4 32 61 21 87 254 
20 44 71 5 48 46 8 88 156 
26 6 32 98 33 72 35 75 335 
100 23 19 61 45 53 67 32 191 
87 12 94 79 2 101 12 36 314 
29 59 30 23 66 41 47 4 240 
17 14 91 92 71 59 79 23 263 
47 61 101 20 40 18 100 23 314 
48 49 6 33 88 98 95 8 68 
56 79 59 79 16 43 94 52 74 
59 97 42 37 2 81 37 67 308 
80 11 22 14 25 45 64 100 225 
57 86 28 95 99 66 42 24 180 
9 70 47 60 28 90 101 42 107 
38 13 49 27 98 23 23 18 394 
99 45 56 16 17 18 88 39 270 
94 67 100 79 97 80 37 30 395 
32 21 85 34 15 85 19 28 358 
10 32 90 7 74 83 69 46 326 
92 95 55 31 74 91 24 9 309 
30 61 18 70 91 71 26 93 393 
16 67 32 73 99 91 30 80 30 
80 88 95 19 12 53 100 48 143 
46 3 49 96 12 8 9 91 272 
74 42 43 21 83 83 87 55 324 
52 20 98 66 4 96 84 45 85 
85 13 51 67 72 45 36 83 367 
51 21 56 26 66 10 24 58 155 
68 61 8 14 34 59 74 50 114 
41 82 101 55 15 69 87 27 322 
19 9 72 100 87 2 93 38 140 
27 29 56 90 44 48 59 18 342 
17 73 80 95 95 24 18 97 7 
93 98 9 89 40 41 31 7 200 
70 70 77 8 23 99 25 49 89 
75 53 40 56 99 99 85 73 222 
3 27 16 49 84 92 101 2 164 
29 40 90 17 61 38 99 91 195 
11 11 52 83 72 48 3 45 179 
65 39 101 12 6 70 87 30 330 
37 23 88 87 9 23 59 97 39 
35 60 95 4 59 10 51 76 251 
6 21 57 70 48 41 48 38 258 
43 20 36 23 32 32 57 64 278 
63 26 4 31 27 76 39 70 347 
53 63 82 93 62 31 8 83 39 
28 68 76 50 41 73 60 18 317 
77 14 30 65 48 97 42 90 205 
61 77 97 82 34 80 56 97 304 
85 51 59 7 17 51 23 32 392 
96 16 88 34 73 11 99 64 229 
59 90 17 88 53 74 81 49 24 
17 47 36 98 96 45 99 77 272 
22 72 99 80 44 19 101 48 305 
66 29 6 88 86 72 24 98 29 
61 99 100 87 28 70 46 8 344 
64 100 22 44 37 99 44 78 375 
61 81 49 100 89 7 100 17 83 
4 31 64 67 75 99 39 39 317 
70 37 46 32 36 37 35 39 198 
57 24 94 9 46 10 80 66 71 
62 63 12 96 89 13 50 44 317 
25 99 27 25 8 100 21 76 167 
50 31 47 14 68 52 58 45 381 
