4 4
100
76 67 48 51 429 
72 62 88 55 557 
3 46 34 102 653 
21 74 61 82 642 
53 44 35 24 586 
86 18 19 5 690 
6 42 63 6 667 
94 90 18 92 525 
72 3 86 96 83 
72 35 59 100 514 
92 31 5 100 282 
34 34 26 80 557 
56 45 84 70 524 
63 85 30 20 720 
34 58 71 18 75 
51 60 40 14 13 
53 61 21 42 768 
77 38 64 72 408 
62 65 40 24 87 
29 21 18 32 399 
89 8 41 12 254 
36 62 90 92 693 
76 95 14 78 144 
97 26 44 76 730 
27 23 60 70 233 
71 20 50 7 670 
33 44 10 65 117 
47 22 11 11 488 
17 50 74 87 621 
68 53 64 6 130 
5 79 44 43 195 
68 50 73 84 510 
19 14 85 10 443 
34 87 51 64 592 
77 17 35 16 607 
79 51 75 94 507 
20 57 45 92 644 
56 3 69 41 392 
99 51 30 49 352 
5 68 67 33 363 
83 4 2 34 333 
91 46 29 69 384 
20 77 81 21 367 
63 71 95 31 4 
33 20 12 16 616 
28 89 88 73 581 
13 86 44 50 661 
18 57 14 51 738 
12 75 3 94 248 
24 72 10 4 667 
37 75 38 32 109 
65 93 88 58 119 
4 61 58 97 294 
36 35 33 40 236 
8 59 46 40 739 
60 19 20 86 437 
58 81 85 92 299 
40 49 14 37 147 
27 72 57 36 725 
53 20 7 58 785 
91 41 72 75 619 
80 30 100 42 452 
48 75 4 5 474 
25 77 68 61 795 
89 23 98 23 34 
38 4 12 51 325 
42 14 63 90 525 
20 11 12 16 481 
12 51 74 81 584 
53 70 54 78 538 
78 53 49 61 80 
70 44 51 72 324 
78 21 51 2 124 
37 14 16 41 331 
16 67 54 2 713 
39 51 19 51 430 
71 52 35 86 523 
91 67 4 80 785 
77 62 42 76 676 
94 3 73 66 302 
41 55 15 38 424 
12 101 49 74 591 
21 27 102 19 578 
28 87 67 38 215 
72 12 38 45 533 
56 27 80 19 782 
38 80 55 14 109 
17 38 99 34 441 
92 20 33 8 632 
52 62 25 6 461 
9 38 37 40 547 
32 19 73 73 796 
87 23 31 78 294 
43 75 90 6 454 
92 90 35 84 299 
54 81 32 67 129 
96 4 76 63 729 
3 45 17 47 679 
100 67 29 36 562 
70 91 57 72 298 
