6 4
100
64 30 88 20 23 18 431 
54 29 4 45 37 19 141 
89 36 17 84 47 51 687 
47 90 6 90 66 35 35 
64 6 22 13 94 2 272 
34 20 66 86 48 5 797 
61 65 66 11 45 22 429 
11 28 82 82 51 101 146 
41 84 31 59 84 51 729 
26 84 34 45 19 86 457 
18 53 100 101 48 88 700 
27 42 81 23 15 54 436 
79 42 33 45 3 17 751 
38 36 29 66 56 10 288 
84 34 69 28 38 99 759 
77 84 83 5 15 34 118 
44 52 38 71 99 38 380 
43 3 102 18 71 66 655 
19 73 37 94 80 53 358 
10 14 96 79 57 62 21 
61 52 42 90 86 80 767 
86 93 97 59 74 91 329 
33 69 12 70 35 15 475 
12 47 13 37 83 73 278 
40 44 94 44 78 46 675 
52 62 31 87 88 88 273 
83 43 37 8 64 6 627 
47 86 11 24 49 46 396 
7 31 55 4 9 62 371 
51 5 17 99 47 59 661 
9 84 85 49 29 27 242 
7 78 31 22 69 59 763 
60 84 22 30 102 36 372 
33 78 85 81 28 90 264 
40 22 11 19 48 98 307 
5 29 78 23 21 21 4 
55 25 85 42 5 54 743 
22 97 70 47 25 37 627 
8 102 70 3 39 99 546 
57 22 4 23 63 58 450 
58 46 10 82 17 47 631 
54 2 40 25 38 43 144 
27 43 74 25 62 63 791 
29 9 22 84 24 35 801 
5 82 21 44 98 38 530 
53 63 66 10 92 101 436 
102 32 79 3 58 51 250 
82 32 100 3 97 60 234 
39 90 100 96 14 81 406 
22 21 83 42 7 55 599 
82 10 17 72 63 46 225 
80 45 83 67 86 70 190 
52 23 43 2 80 38 121 
75 68 16 80 22 6 649 
13 98 63 53 99 59 813 
24 85 33 36 16 3 483 
47 19 30 30 13 28 574 
100 43 42 29 18 61 61 
44 3 94 43 42 50 548 
49 23 16 89 13 25 225 
40 12 68 66 37 58 229 
52 88 52 11 79 11 103 
57 23 26 83 100 94 661 
84 41 95 76 55 94 803 
98 16 43 3 5 45 495 
33 75 66 83 5 81 750 
17 43 34 65 41 57 745 
102 92 8 14 33 48 451 
73 75 91 84 65 32 439 
73 12 10 76 68 54 203 
50 62 102 97 15 91 549 
99 64 14 17 39 9 785 
26 36 91 74 99 7 485 
2 76 101 42 52 40 360 
34 26 91 74 5 69 426 
32 9 19 20 59 90 604 
13 80 69 28 24 59 388 
77 21 4 72 48 67 387 
88 3 58 65 53 25 537 
40 25 45 37 42 46 767 
30 74 56 41 19 87 726 
99 34 16 29 83 99 461 
6 88 4 58 3 7 360 
8 63 57 8 67 10 602 
57 26 93 84 15 55 389 
50 50 33 31 82 60 730 
70 44 38 72 29 11 275 
38 42 80 41 41 52 178 
13 101 35 55 79 17 343 
10 24 47 70 45 11 464 
40 74 29 23 49 57 310 
21 21 39 40 101 42 150 
86 15 45 76 5 28 303 
51 100 78 5 45 49 496 
22 93 4 85 2 79 802 
70 53 20 95 98 86 745 
82 98 16 80 77 26 192 
11 4 96 42 85 22 728 
76 53 20 5 9 79 813 
30 36 57 101 65 22 131 
