8 6
100
80 99 37 15 6 56 88 85 798 
13 8 17 84 87 99 80 92 677 
80 102 65 17 14 32 18 48 1094 
93 13 14 6 86 15 44 48 1123 
15 65 99 26 25 60 71 84 985 
95 89 82 13 71 88 78 99 583 
40 65 87 7 99 60 67 97 874 
55 9 23 5 41 41 8 67 335 
60 56 78 7 48 32 52 25 721 
12 82 44 27 30 89 67 7 1026 
9 11 68 41 61 30 88 18 921 
61 93 50 43 7 7 61 20 525 
73 35 19 58 57 76 101 57 188 
31 30 81 36 39 37 57 101 683 
63 22 97 50 21 32 56 93 396 
13 71 77 39 68 12 46 96 880 
69 53 56 94 41 6 15 59 1075 
98 27 55 15 87 8 51 100 1201 
49 25 16 89 3 66 43 90 1055 
42 94 64 72 92 46 65 90 589 
3 71 82 94 37 63 44 60 806 
81 100 86 71 91 70 14 99 865 
60 81 52 93 53 54 19 75 800 
28 28 37 12 52 99 60 49 359 
20 58 90 55 47 45 100 64 1094 
4 73 5 95 60 95 75 7 113 
100 13 20 31 77 64 98 18 395 
32 72 50 89 13 43 41 96 508 
85 7 36 9 95 91 64 17 22 
64 35 70 45 39 47 90 62 448 
13 91 83 28 59 32 13 70 1135 
43 17 62 64 56 66 53 92 5 
77 93 20 31 68 62 63 36 1019 
66 89 35 5 101 53 7 30 60 
62 59 50 6 98 27 98 23 1219 
44 2 80 6 94 48 47 15 841 
20 84 25 24 67 25 48 49 981 
62 40 18 11 59 29 61 93 412 
54 73 97 95 35 47 62 21 416 
7 61 98 89 60 89 85 89 558 
84 41 94 28 60 52 47 38 1022 
85 35 45 54 47 3 15 95 513 
76 27 51 79 64 48 91 44 1070 
86 75 81 31 28 73 83 79 640 
44 28 15 47 51 99 64 79 1059 
93 55 17 97 76 68 47 11 757 
99 7 79 48 39 18 64 62 775 
6 56 8 74 73 69 51 73 813 
31 31 78 54 18 87 61 100 1083 
75 91 101 16 87 20 11 86 890 
77 98 92 99 85 90 36 60 277 
82 21 84 49 49 5 101 18 979 
88 47 91 94 89 41 30 91 872 
67 92 71 91 65 88 97 76 924 
79 34 48 90 20 60 64 81 969 
8 28 45 97 17 71 40 25 487 
86 85 11 53 71 96 19 71 823 
55 93 57 98 54 75 30 25 1023 
36 100 29 33 32 9 62 24 782 
30 71 78 3 53 42 49 13 1112 
69 28 66 54 73 51 93 11 1081 
26 12 75 72 69 94 87 5 311 
15 55 55 3 93 49 32 91 1221 
93 55 42 17 51 43 84 63 1186 
22 84 29 80 42 22 21 38 147 
93 61 4 86 17 50 17 36 710 
40 67 37 19 24 84 51 102 695 
51 10 63 34 90 8 97 67 266 
100 37 15 34 84 57 37 41 368 
100 9 39 94 3 18 85 46 1173 
64 5 61 47 31 42 66 73 339 
53 61 73 98 91 52 28 19 1211 
47 7 85 81 84 85 54 53 1130 
22 59 10 47 50 46 12 35 769 
64 55 8 75 71 13 30 86 985 
61 4 21 89 68 86 19 41 474 
14 85 23 78 95 80 50 46 173 
22 8 12 29 87 58 89 66 776 
95 73 39 74 54 101 5 95 603 
76 34 93 26 30 12 7 100 610 
44 88 63 30 28 27 99 10 945 
72 34 19 64 2 4 23 26 824 
4 43 33 24 75 102 31 76 146 
25 98 80 2 24 89 8 47 956 
5 67 48 14 77 46 23 35 752 
35 13 34 92 5 7 44 5 703 
21 22 15 63 101 54 15 76 149 
101 72 12 31 58 57 25 20 711 
23 92 68 89 3 43 40 98 764 
81 35 95 76 60 21 32 90 304 
67 44 68 96 101 2 34 25 771 
54 5 57 79 68 87 49 23 165 
93 33 22 74 25 5 91 35 504 
21 27 14 92 101 70 32 60 934 
94 29 92 68 58 80 80 88 1135 
9 4 69 9 29 39 8 41 693 
7 95 21 66 7 68 61 14 1195 
53 64 6 89 49 10 11 57 1147 
25 27 78 44 96 39 12 84 386 
76 14 100 77 86 62 14 27 795 
