4 4
100
101 82 32 3 778 
89 17 76 100 545 
11 96 72 60 757 
92 19 97 21 671 
27 69 18 102 647 
88 31 62 68 773 
87 70 86 65 552 
50 95 20 30 259 
48 84 101 7 138 
101 58 56 51 76 
7 86 81 7 251 
35 65 32 24 79 
59 57 10 5 668 
42 11 8 93 362 
100 101 68 90 297 
45 69 13 85 659 
32 77 13 59 733 
3 91 81 35 286 
87 65 98 21 606 
93 76 98 25 623 
91 52 65 7 94 
8 20 93 71 718 
68 54 49 43 651 
84 46 53 15 659 
53 32 76 58 483 
37 5 49 15 370 
71 73 90 9 748 
82 14 7 48 682 
86 100 13 47 567 
35 18 57 41 752 
49 25 85 45 204 
61 78 10 48 626 
6 72 80 26 159 
96 66 42 51 815 
72 41 7 32 793 
56 21 31 88 213 
20 50 10 23 804 
47 90 47 84 267 
6 6 61 71 652 
16 21 89 27 612 
71 79 8 41 182 
10 20 55 47 579 
42 49 23 22 477 
58 64 59 27 606 
8 21 60 19 783 
68 81 38 52 683 
36 34 6 13 464 
44 44 71 101 741 
29 38 102 13 759 
59 85 41 13 196 
54 65 64 53 563 
53 21 91 45 461 
30 84 5 64 299 
9 45 12 65 138 
16 95 60 36 387 
72 21 48 26 319 
85 42 27 28 262 
74 72 54 45 52 
24 55 28 45 510 
47 35 40 77 701 
16 75 78 96 82 
61 7 30 6 804 
34 75 67 6 602 
90 59 78 32 529 
39 93 69 59 769 
63 69 17 74 22 
39 82 74 40 207 
12 66 33 18 597 
69 44 51 46 605 
52 91 23 71 604 
90 59 10 12 401 
25 8 21 102 402 
93 92 58 4 500 
54 3 29 81 524 
27 27 62 59 797 
96 44 25 85 364 
74 48 48 100 118 
83 74 64 91 20 
6 47 34 69 666 
79 88 49 85 185 
51 64 44 7 404 
65 98 53 14 447 
83 84 38 57 630 
47 46 60 89 657 
81 41 40 79 494 
82 95 95 77 168 
10 97 43 63 778 
12 6 43 50 419 
86 23 52 36 176 
23 11 79 92 298 
35 30 62 4 352 
12 26 67 46 567 
72 6 78 94 382 
88 44 77 62 548 
43 5 12 38 785 
61 91 5 58 320 
73 19 5 41 710 
82 38 40 20 695 
88 42 99 81 667 
83 47 60 90 293 
