8 8
100
49 70 34 66 39 94 97 101 1070 
36 76 44 54 26 30 52 17 645 
99 52 12 51 97 66 40 48 920 
42 11 34 86 74 60 47 15 1608 
22 97 39 72 15 66 15 22 477 
83 58 18 2 14 71 28 68 1555 
52 100 75 70 28 92 37 57 1461 
35 53 4 85 9 13 32 32 329 
4 28 39 48 38 77 37 59 1480 
42 42 99 65 60 8 65 97 245 
28 54 71 49 37 61 77 82 1135 
29 99 51 7 72 84 51 25 646 
61 6 64 100 34 71 101 98 245 
94 73 95 98 22 14 98 6 1272 
53 57 94 80 74 59 8 10 980 
44 37 72 17 15 37 68 7 1492 
55 30 22 3 50 41 46 84 146 
79 33 79 38 11 68 6 101 1115 
50 83 34 7 94 26 11 59 993 
47 80 60 60 32 18 23 46 1249 
60 52 9 54 36 91 50 31 1265 
85 8 28 6 13 16 68 20 391 
61 49 37 97 94 92 81 101 77 
53 21 3 63 18 67 91 48 796 
63 98 49 45 60 66 49 28 843 
37 44 69 45 94 14 94 63 1568 
43 65 60 19 76 37 87 98 161 
79 24 92 63 16 66 68 7 370 
79 19 92 74 51 68 41 46 932 
39 10 29 91 71 56 71 50 1364 
93 46 24 13 60 63 56 72 71 
64 76 29 5 79 88 91 17 732 
8 71 16 94 80 32 80 49 1440 
85 90 54 38 94 68 83 77 1010 
3 68 60 31 20 81 64 79 1148 
32 37 33 43 102 57 12 65 1290 
72 101 67 94 35 13 75 73 1338 
54 28 84 63 24 4 26 91 799 
88 79 54 37 32 3 62 51 208 
59 44 90 99 28 31 89 13 1243 
99 10 35 49 58 49 99 12 838 
91 70 14 31 18 13 8 25 1394 
29 36 71 66 35 86 100 18 481 
96 57 102 54 77 13 28 30 1308 
18 41 23 7 41 22 52 73 1313 
2 31 27 79 94 5 46 61 1261 
9 35 78 51 51 42 19 5 900 
53 38 96 4 4 91 33 92 1369 
66 24 97 51 16 64 6 100 1414 
6 19 65 99 10 17 36 21 1550 
6 69 92 83 90 38 67 101 562 
89 101 29 39 48 4 21 82 608 
84 60 21 16 47 53 56 15 1410 
94 57 30 81 70 85 96 29 367 
96 85 36 61 86 17 29 19 1626 
62 69 72 63 80 31 80 54 999 
78 92 25 42 29 77 52 75 715 
8 10 33 45 45 21 81 28 1582 
5 25 76 6 88 29 53 96 755 
18 32 79 101 3 18 24 20 595 
102 56 58 62 12 13 74 23 148 
71 19 26 53 84 54 34 77 468 
89 74 6 97 91 36 31 36 696 
69 9 10 16 24 27 85 82 1167 
43 45 15 65 34 67 20 84 1259 
24 67 50 27 70 28 90 37 740 
34 6 67 24 33 78 71 7 230 
3 56 97 100 70 4 83 93 520 
17 27 42 40 79 8 58 8 1124 
96 44 42 84 29 89 82 53 1233 
8 21 14 40 96 29 53 19 454 
84 26 99 48 46 79 96 75 164 
7 96 29 61 68 27 9 76 1037 
76 21 30 10 20 20 29 77 1167 
22 79 33 16 89 62 81 76 1342 
74 51 99 64 90 56 79 77 923 
50 49 55 89 33 22 65 79 1594 
2 76 8 81 21 72 8 76 1555 
81 93 9 69 82 94 45 37 420 
69 14 33 76 33 45 63 81 452 
20 34 49 13 52 12 64 81 5 
78 95 32 29 59 16 61 100 1375 
52 83 69 64 47 98 96 99 1059 
68 28 45 65 20 42 44 89 688 
51 71 43 99 7 4 93 68 686 
98 41 57 20 17 35 60 13 1599 
63 58 90 53 19 55 47 98 853 
59 15 77 92 87 72 74 12 476 
45 55 77 67 72 80 56 100 939 
12 51 14 12 7 9 44 83 505 
56 100 54 90 53 11 51 36 870 
69 8 57 88 48 7 6 17 957 
25 98 88 11 99 20 98 38 772 
43 50 10 70 50 5 41 19 207 
79 57 3 68 17 38 27 89 1508 
5 26 5 9 7 92 50 22 1392 
47 47 3 36 94 18 64 11 1415 
47 101 60 53 49 31 94 29 982 
59 59 83 52 86 12 28 95 190 
46 36 44 21 22 30 20 96 1176 
