4 8
100
48 39 58 24 542 
71 52 23 55 261 
98 90 25 27 154 
45 44 74 46 166 
33 19 54 91 1391 
47 47 7 37 1036 
51 65 36 65 1593 
39 91 92 3 1611 
98 20 43 37 520 
11 96 77 19 1277 
33 37 95 52 1072 
31 87 69 39 1446 
26 47 89 92 1087 
35 56 62 30 1173 
56 54 73 47 233 
15 78 19 59 1240 
53 72 91 59 534 
16 71 86 99 1112 
54 24 55 15 1216 
53 33 53 70 1607 
57 36 49 47 391 
81 67 50 37 867 
55 71 13 63 616 
56 58 32 59 856 
66 71 65 62 323 
35 101 60 73 1033 
83 27 50 60 338 
19 24 46 35 879 
52 23 51 46 241 
86 13 94 77 328 
97 3 96 18 565 
88 73 90 27 1490 
82 9 79 74 1174 
30 22 54 43 334 
34 15 99 5 49 
45 22 21 47 590 
23 9 85 53 1121 
82 33 34 26 565 
48 37 20 43 1206 
45 46 79 74 1409 
65 61 54 57 1435 
84 6 93 15 1499 
68 54 45 91 1143 
75 26 29 5 1504 
99 90 30 8 1206 
99 96 58 31 982 
101 45 49 61 1190 
64 57 30 65 1416 
78 42 21 34 1123 
97 94 31 73 11 
21 19 76 82 1451 
77 33 48 83 1477 
90 50 63 55 1517 
25 7 86 18 127 
20 98 66 19 266 
59 71 99 39 1292 
8 67 87 31 676 
84 72 69 72 1596 
34 11 49 74 1615 
30 81 68 41 755 
92 9 15 66 1345 
25 55 59 66 518 
8 36 10 4 1385 
25 65 35 14 182 
55 39 17 20 1239 
11 51 94 20 1436 
80 5 60 93 1453 
100 54 23 48 305 
31 15 6 40 1496 
100 3 48 89 1243 
67 48 57 30 1522 
55 95 97 90 1202 
76 64 41 78 869 
5 78 20 15 1415 
73 44 88 95 1345 
42 36 79 29 1275 
10 5 6 44 371 
34 50 32 100 596 
7 59 35 75 726 
69 75 30 87 1440 
23 85 35 3 87 
26 62 64 48 865 
21 18 70 12 1076 
73 60 100 55 341 
57 49 22 78 1328 
16 10 16 51 252 
69 8 94 41 925 
26 72 5 38 1615 
75 88 86 47 292 
91 92 26 9 1199 
12 78 77 66 538 
77 66 59 21 1496 
17 48 15 32 1406 
15 27 31 55 679 
3 56 63 56 788 
71 65 77 60 1507 
26 86 9 77 97 
93 33 30 8 1336 
63 16 86 47 1363 
28 75 56 61 88 
