4 4
100
40 14 89 51 411 
85 91 46 55 330 
6 40 83 83 396 
52 72 20 35 554 
57 98 98 35 188 
87 42 85 89 498 
69 31 42 69 20 
66 63 15 47 216 
43 9 20 45 573 
32 34 83 33 683 
63 6 71 78 523 
44 18 56 28 536 
45 7 59 94 600 
76 100 16 81 691 
90 59 75 9 221 
50 80 55 65 756 
55 60 54 5 2 
65 63 66 5 493 
50 10 89 81 677 
37 52 28 72 780 
35 20 5 48 778 
6 32 64 52 133 
66 65 93 36 109 
87 56 56 94 88 
16 36 13 20 299 
83 72 96 26 747 
100 54 85 69 491 
37 58 8 10 782 
34 101 16 89 787 
88 19 55 68 800 
84 98 36 61 667 
101 9 86 12 121 
36 38 40 60 150 
14 81 25 76 642 
31 50 48 98 638 
17 21 27 24 417 
66 19 30 28 80 
4 20 26 88 501 
30 73 98 95 502 
98 62 58 70 690 
8 96 81 90 563 
36 52 39 83 542 
82 84 64 61 416 
19 10 15 50 135 
96 58 40 15 415 
60 54 55 37 670 
57 65 58 39 367 
72 40 42 59 617 
54 83 45 21 667 
48 11 39 44 361 
90 49 10 54 740 
53 58 69 39 93 
84 99 4 101 92 
19 28 27 16 658 
81 70 58 75 527 
15 15 20 33 42 
51 17 13 93 769 
10 57 6 49 770 
16 73 5 47 764 
57 80 46 10 532 
22 86 25 64 529 
22 93 37 90 634 
40 40 38 34 511 
69 88 14 7 27 
64 24 80 22 542 
10 67 13 81 79 
37 71 12 68 694 
67 94 51 28 608 
19 22 18 71 462 
79 38 73 85 220 
71 69 41 7 31 
100 8 5 97 464 
57 82 58 80 349 
71 29 72 49 798 
77 39 87 32 704 
44 7 11 65 731 
74 95 30 55 334 
70 32 7 64 710 
61 91 56 71 158 
39 66 40 28 717 
51 68 26 87 426 
34 83 10 21 506 
95 99 42 8 690 
64 54 5 39 607 
40 24 10 62 318 
88 86 18 13 406 
79 69 85 77 329 
8 71 45 2 77 
89 24 88 2 771 
64 51 50 87 466 
86 63 3 54 404 
29 60 66 48 540 
50 67 99 71 690 
27 16 67 68 637 
95 12 5 30 711 
19 38 10 68 626 
39 38 33 56 535 
18 68 32 28 110 
50 6 98 36 501 
24 27 19 18 565 
