4 8
100
62 41 14 5 1511 
19 20 24 12 1363 
10 8 91 43 1403 
61 94 13 16 1125 
86 16 17 16 1136 
26 37 28 98 1147 
55 47 64 3 1535 
91 73 98 64 777 
51 60 23 28 953 
95 48 64 84 1191 
76 41 79 93 1215 
47 26 100 35 1121 
84 94 28 41 501 
65 47 90 49 1589 
89 98 52 69 324 
28 95 92 58 1253 
80 74 47 25 1571 
16 70 73 29 794 
67 75 65 95 1066 
59 34 84 97 1561 
50 60 17 86 1396 
80 91 12 73 799 
54 36 44 59 1481 
12 49 6 45 274 
97 76 63 100 532 
16 35 58 4 1022 
96 13 97 62 468 
22 59 62 39 299 
27 60 2 80 1569 
33 33 8 4 906 
12 30 41 80 18 
76 99 19 54 1164 
47 35 11 10 897 
43 42 84 30 1157 
54 89 69 27 1504 
39 76 86 4 32 
85 28 56 48 861 
68 75 19 61 884 
25 43 10 68 1193 
94 51 94 25 897 
93 51 81 34 50 
25 63 16 88 1049 
3 15 16 52 1437 
21 81 64 58 1449 
70 25 25 76 781 
14 81 3 54 11 
89 84 63 49 176 
36 50 25 45 488 
7 61 33 97 869 
12 28 60 80 889 
15 89 38 36 1413 
70 28 7 86 1487 
46 63 64 87 1256 
21 55 69 41 875 
73 58 21 28 1370 
11 94 30 23 622 
88 22 25 99 1433 
2 47 29 63 695 
11 45 41 54 1397 
46 99 47 20 555 
59 61 21 26 1365 
58 70 13 52 1264 
78 100 86 48 91 
26 40 66 100 1253 
76 28 8 99 736 
30 20 69 42 648 
14 49 12 89 1319 
29 4 101 16 513 
34 37 79 85 1091 
13 61 95 49 1011 
9 35 49 43 979 
33 55 24 81 916 
41 3 72 12 1072 
30 90 99 67 1289 
24 41 53 68 727 
41 51 25 32 562 
70 27 22 80 538 
81 102 71 29 807 
76 82 21 60 1509 
33 67 68 20 628 
25 64 30 70 653 
70 85 83 99 341 
84 32 94 47 1429 
16 83 94 80 1421 
30 21 73 18 88 
44 21 95 76 216 
77 85 7 94 193 
9 98 55 40 1063 
98 21 74 8 1099 
46 90 77 72 1275 
53 75 91 33 164 
5 93 15 64 1595 
50 92 9 86 754 
101 27 2 35 1317 
20 30 56 14 1485 
12 49 67 50 1007 
56 47 25 98 1018 
4 97 76 84 138 
18 86 92 43 274 
8 13 90 62 1117 
