2 6
100
92 16 612 
49 72 1111 
47 8 158 
39 2 1046 
62 71 952 
77 84 830 
35 14 419 
34 84 667 
18 79 1218 
82 24 179 
94 23 828 
9 10 376 
9 39 874 
33 66 906 
85 53 482 
27 3 603 
77 51 677 
4 74 952 
101 60 386 
97 33 1146 
93 67 1030 
100 48 975 
20 56 742 
49 70 555 
98 4 589 
62 51 389 
17 93 933 
52 7 887 
61 92 595 
92 10 613 
101 13 74 
80 42 1208 
92 87 65 
62 10 573 
91 30 994 
12 8 865 
32 41 117 
102 82 498 
19 43 739 
14 41 685 
33 30 566 
13 50 698 
41 21 755 
51 72 783 
28 57 1016 
31 64 941 
93 51 1029 
80 62 847 
43 101 378 
67 62 1213 
40 80 562 
51 31 976 
3 80 980 
26 73 1065 
11 82 837 
47 75 307 
60 90 970 
85 22 1100 
74 55 829 
79 72 596 
28 76 714 
65 13 1128 
20 79 329 
5 31 1025 
99 69 962 
99 71 977 
3 97 321 
8 10 887 
22 57 707 
58 79 926 
14 26 100 
33 100 1183 
31 48 851 
78 29 1176 
100 56 723 
98 89 656 
13 77 1029 
90 78 917 
24 22 814 
88 45 685 
36 64 1222 
53 93 67 
78 67 844 
84 70 278 
12 27 829 
32 10 652 
15 26 837 
6 47 33 
94 26 581 
35 11 953 
32 45 47 
16 44 800 
98 49 774 
56 22 263 
87 31 81 
63 80 631 
9 94 157 
15 75 228 
90 32 215 
99 62 822 
