4 2
100
101 82 32 3 389 
89 17 76 100 273 
11 96 72 60 379 
92 19 97 21 336 
27 69 18 102 324 
88 31 62 68 387 
87 70 86 65 276 
50 95 20 30 130 
48 84 101 7 70 
101 58 56 51 39 
7 86 81 7 126 
35 65 32 24 40 
59 57 10 5 334 
42 11 8 93 182 
100 101 68 90 149 
45 69 13 85 330 
32 77 13 59 367 
3 91 81 35 144 
87 65 98 21 303 
93 76 98 25 312 
91 52 65 7 48 
8 20 93 71 359 
68 54 49 43 326 
84 46 53 15 330 
53 32 76 58 242 
37 5 49 15 186 
71 73 90 9 374 
82 14 7 48 341 
86 100 13 47 284 
35 18 57 41 376 
49 25 85 45 103 
61 78 10 48 313 
6 72 80 26 80 
96 66 42 51 407 
72 41 7 32 396 
56 21 31 88 107 
20 50 10 23 402 
47 90 47 84 134 
6 6 61 71 326 
16 21 89 27 306 
71 79 8 41 92 
10 20 55 47 290 
42 49 23 22 239 
58 64 59 27 303 
8 21 60 19 391 
68 81 38 52 341 
36 34 6 13 233 
44 44 71 101 371 
29 38 102 13 380 
59 85 41 13 99 
54 65 64 53 282 
53 21 91 45 231 
30 84 5 64 150 
9 45 12 65 70 
16 95 60 36 194 
72 21 48 26 160 
85 42 27 28 131 
74 72 54 45 27 
24 55 28 45 255 
47 35 40 77 351 
16 75 78 96 42 
61 7 30 6 402 
34 75 67 6 301 
90 59 78 32 265 
39 93 69 59 385 
63 69 17 74 12 
39 82 74 40 104 
12 66 33 18 299 
69 44 51 46 303 
52 91 23 71 302 
90 59 10 12 201 
25 8 21 102 202 
93 92 58 4 251 
54 3 29 81 263 
27 27 62 59 398 
96 44 25 85 182 
74 48 48 100 60 
83 74 64 91 11 
6 47 34 69 333 
79 88 49 85 93 
51 64 44 7 202 
65 98 53 14 224 
83 84 38 57 315 
47 46 60 89 329 
81 41 40 79 247 
82 95 95 77 85 
10 97 43 63 389 
12 6 43 50 210 
86 23 52 36 89 
23 11 79 92 150 
35 30 62 4 176 
12 26 67 46 284 
72 6 78 94 192 
88 44 77 62 274 
43 5 12 38 392 
61 91 5 58 161 
73 19 5 41 355 
82 38 40 20 348 
88 42 99 81 334 
83 47 60 90 147 
