4 2
100
5 71 18 55 300 
15 71 39 2 220 
90 53 51 82 85 
92 41 81 35 278 
33 63 89 19 399 
40 5 11 37 335 
82 96 18 71 396 
52 45 44 96 200 
21 5 79 68 115 
29 12 87 54 23 
5 93 62 86 331 
45 84 101 58 146 
12 61 4 20 300 
97 37 82 85 289 
49 99 87 86 200 
30 85 23 91 287 
30 20 60 32 322 
91 36 34 90 222 
70 46 88 61 158 
62 3 61 95 137 
94 32 5 83 239 
8 7 78 37 216 
62 63 12 87 33 
95 3 74 41 343 
63 5 94 30 12 
5 13 29 47 361 
29 26 30 58 318 
100 17 79 73 297 
86 60 99 37 386 
10 36 3 53 188 
61 31 22 11 296 
92 40 76 80 228 
98 80 32 49 105 
37 35 56 10 43 
79 26 3 69 408 
5 8 59 36 387 
71 12 78 102 120 
101 6 21 85 361 
62 43 101 17 315 
8 30 52 12 243 
77 82 96 43 279 
37 29 55 11 285 
86 83 43 86 356 
88 4 33 20 110 
33 16 73 21 208 
39 27 88 92 385 
77 57 49 76 84 
90 18 37 33 383 
74 53 12 16 20 
80 2 17 30 371 
5 99 35 85 117 
63 12 76 92 131 
12 43 66 17 387 
31 36 68 65 403 
72 69 101 26 225 
82 6 59 17 296 
38 13 60 101 371 
80 25 65 48 243 
81 44 47 102 344 
32 89 97 21 309 
46 36 53 32 87 
38 100 11 31 198 
59 55 62 20 390 
101 86 67 26 71 
8 73 22 6 84 
30 24 101 42 101 
95 10 40 41 118 
4 61 30 80 223 
82 16 37 100 11 
28 84 30 6 347 
49 24 74 4 285 
75 16 49 11 378 
17 101 71 6 228 
51 17 23 91 381 
42 58 89 71 153 
94 38 25 4 387 
48 96 97 57 317 
73 39 38 71 228 
90 14 21 87 162 
83 47 33 44 218 
13 64 41 13 184 
93 37 4 67 317 
38 93 47 16 190 
23 6 16 28 347 
14 81 53 35 22 
30 39 4 32 229 
49 8 83 51 344 
87 57 86 12 353 
38 37 73 94 80 
100 69 6 41 77 
79 32 6 59 169 
33 12 7 8 70 
57 34 74 11 124 
33 12 98 32 252 
68 22 7 42 202 
79 10 61 16 31 
63 34 66 13 321 
19 3 26 10 216 
76 52 80 95 132 
5 65 64 64 361 
