2 4
100
10 46 770 
51 26 53 
19 15 272 
13 8 362 
59 7 330 
51 32 613 
54 31 229 
27 86 556 
86 47 590 
98 97 412 
75 58 800 
16 25 712 
41 56 369 
39 86 280 
13 66 654 
12 8 738 
33 25 748 
79 10 610 
27 86 493 
28 67 641 
36 23 155 
85 40 407 
48 46 671 
55 12 626 
32 17 370 
96 16 163 
90 76 319 
84 67 584 
61 98 395 
25 90 321 
29 15 720 
68 5 513 
17 30 214 
32 65 512 
10 80 112 
17 48 757 
31 34 570 
43 40 743 
42 54 457 
49 26 341 
3 25 451 
45 28 791 
90 66 98 
84 80 702 
96 60 90 
78 75 716 
60 46 407 
58 96 465 
71 88 608 
99 29 416 
9 70 33 
86 31 332 
10 67 421 
19 29 676 
83 49 435 
86 49 660 
82 65 643 
70 91 656 
94 48 237 
100 76 325 
25 93 301 
63 77 86 
84 11 235 
72 71 68 
38 43 141 
69 76 384 
6 88 323 
96 19 520 
74 41 642 
25 95 678 
14 11 750 
14 96 289 
48 22 584 
45 4 308 
54 12 772 
73 34 394 
65 27 584 
84 97 717 
2 31 607 
75 91 301 
34 61 138 
48 61 485 
18 27 386 
84 23 444 
77 63 687 
4 43 59 
71 3 58 
32 62 553 
14 32 122 
6 13 532 
63 75 258 
37 13 351 
23 9 420 
37 56 62 
3 84 35 
19 9 277 
6 100 716 
69 6 712 
32 3 804 
51 36 238 
