6 4
100
16 81 12 34 43 78 725 
51 92 58 99 81 72 202 
16 83 9 6 39 95 269 
30 24 70 8 10 21 153 
82 58 94 82 51 4 385 
70 81 64 60 25 4 629 
25 56 82 47 27 68 595 
101 54 56 86 34 17 707 
59 45 28 35 59 72 562 
36 67 18 32 70 79 380 
4 47 48 16 92 58 44 
69 90 63 85 55 48 667 
6 39 98 19 89 62 92 
38 39 27 67 34 10 725 
92 65 17 59 90 28 793 
10 10 72 44 61 83 728 
56 67 52 6 27 89 249 
29 22 15 82 19 37 532 
10 23 51 60 49 18 636 
27 48 29 67 21 87 783 
31 28 77 30 81 24 669 
74 77 63 9 23 60 508 
45 3 79 73 93 34 812 
89 23 85 14 67 13 244 
20 25 41 7 4 36 800 
96 40 54 40 16 85 295 
48 90 53 28 60 18 667 
47 52 96 30 55 99 348 
7 94 18 16 13 54 439 
54 24 4 21 26 66 397 
65 27 35 79 51 65 334 
35 35 88 9 98 50 601 
75 48 79 52 40 58 730 
48 38 26 5 33 84 770 
68 51 9 36 53 35 663 
27 62 53 6 35 4 588 
61 33 9 17 6 82 641 
78 27 71 88 11 61 144 
91 11 76 20 83 48 549 
86 80 75 46 17 94 393 
87 28 48 7 56 19 708 
7 19 90 28 4 18 731 
26 41 50 45 76 66 296 
53 78 88 54 57 7 617 
55 35 73 92 90 32 743 
101 25 83 57 44 33 691 
94 88 94 81 33 80 490 
41 28 3 43 31 14 280 
52 63 55 100 15 13 422 
86 19 39 17 87 100 208 
18 68 90 34 35 53 486 
92 96 75 27 29 18 112 
10 72 51 61 21 59 397 
64 31 58 31 22 35 65 
71 57 66 47 81 37 192 
61 15 10 98 63 77 491 
69 82 76 87 97 40 622 
50 90 58 69 43 79 444 
40 33 5 15 20 54 170 
41 11 81 50 83 92 397 
58 43 66 60 84 91 776 
51 85 46 26 97 34 179 
69 10 81 40 60 71 177 
84 7 84 44 25 41 225 
72 96 39 16 50 30 746 
49 94 11 61 90 61 725 
51 62 91 26 22 101 593 
3 3 12 25 23 29 605 
38 83 18 61 51 70 642 
90 8 12 49 6 32 161 
18 72 81 72 12 35 274 
47 95 20 5 42 57 568 
95 29 94 29 2 19 93 
13 95 102 41 94 12 492 
56 81 79 18 71 55 689 
33 34 55 13 96 43 743 
90 100 59 11 15 11 776 
81 20 22 6 15 10 48 
79 81 33 20 24 75 746 
16 44 89 74 4 87 508 
98 40 17 8 79 22 184 
97 45 32 81 3 67 609 
63 58 14 57 47 81 444 
55 24 95 74 69 102 612 
58 72 39 13 26 35 680 
82 7 100 38 90 85 666 
38 3 41 23 10 19 427 
87 77 18 59 8 10 353 
18 24 36 11 23 49 323 
75 95 70 79 34 93 666 
53 17 21 59 98 75 137 
23 56 53 61 85 25 577 
97 22 56 20 27 42 518 
85 66 29 70 38 44 512 
10 74 46 78 28 73 277 
62 99 2 13 37 29 775 
70 85 52 40 27 71 639 
75 16 62 9 53 20 561 
53 94 91 62 33 56 115 
84 9 85 59 54 39 290 
