2 6
100
41 68 750 
82 89 706 
28 13 426 
4 101 327 
13 10 361 
70 49 891 
9 15 924 
82 4 538 
37 37 294 
11 63 250 
59 14 195 
12 61 335 
15 30 568 
19 62 818 
54 40 506 
78 70 435 
19 11 637 
6 89 622 
91 60 784 
19 47 633 
36 19 612 
16 47 1061 
13 3 601 
4 57 231 
28 92 656 
11 31 785 
5 62 820 
90 94 638 
70 55 307 
67 23 6 
65 97 1020 
97 86 525 
19 39 1131 
57 67 831 
88 17 658 
35 80 1188 
99 82 362 
102 17 1039 
87 47 306 
100 48 1134 
64 48 974 
51 41 735 
37 34 83 
13 94 1124 
74 50 1164 
101 4 941 
100 37 919 
30 70 499 
73 65 986 
100 12 470 
20 21 1114 
102 95 234 
90 40 934 
96 100 561 
92 89 1084 
40 30 818 
92 87 529 
50 101 135 
20 36 955 
41 80 923 
82 39 267 
70 95 892 
3 74 675 
78 13 788 
3 7 459 
31 40 995 
54 35 433 
16 11 302 
97 72 242 
82 84 726 
43 51 733 
3 16 744 
26 24 1148 
18 39 690 
14 16 913 
81 50 1158 
75 90 1177 
99 89 548 
42 68 349 
99 75 281 
55 23 1097 
98 37 754 
7 102 1110 
79 7 190 
89 38 1179 
81 4 1164 
52 18 276 
27 9 1150 
65 46 768 
17 63 593 
34 29 601 
73 65 200 
69 18 961 
15 76 587 
6 99 1017 
83 11 616 
50 63 780 
35 49 696 
2 30 174 
98 35 1113 
