4 6
100
18 39 23 89 438 
21 44 46 52 672 
66 102 50 5 510 
27 19 11 33 740 
66 11 48 43 538 
63 24 35 23 122 
51 69 64 58 1120 
35 5 68 89 674 
11 41 33 28 895 
98 36 82 51 717 
19 60 64 86 222 
9 93 82 45 916 
99 10 25 42 75 
98 40 95 13 110 
24 52 24 78 627 
27 80 22 70 588 
29 43 87 64 1138 
92 8 79 40 1031 
44 25 25 14 713 
3 17 93 22 942 
60 44 71 42 446 
68 39 88 35 1139 
32 73 14 97 592 
57 26 63 49 192 
92 63 57 29 825 
101 29 12 19 616 
12 89 101 93 1103 
87 74 47 28 327 
56 22 46 47 670 
72 13 31 65 37 
79 56 46 7 1061 
99 89 44 74 462 
41 28 71 85 1019 
45 74 23 7 779 
85 81 37 22 756 
72 19 12 74 1191 
89 100 49 16 896 
58 44 96 6 1142 
100 33 75 90 1068 
29 53 63 63 146 
100 92 26 102 246 
100 21 26 45 201 
82 79 72 77 618 
43 82 56 12 337 
2 80 19 13 808 
54 8 49 35 420 
21 58 51 63 1217 
99 76 49 97 917 
39 21 53 90 167 
23 63 100 40 570 
50 99 53 36 140 
22 75 15 36 829 
94 74 93 11 1188 
25 30 11 78 653 
68 35 62 37 1108 
84 29 31 100 555 
93 11 11 89 1058 
24 8 17 51 971 
26 64 15 29 1013 
67 30 44 93 1104 
94 54 24 87 980 
17 39 18 46 362 
95 46 17 91 937 
85 65 6 25 915 
20 16 62 98 357 
7 22 35 54 316 
56 86 41 10 648 
41 89 26 9 876 
87 92 73 22 1051 
83 49 26 52 1216 
4 26 22 18 887 
81 95 28 58 922 
97 6 65 20 927 
11 7 9 38 461 
99 41 99 53 1097 
30 45 42 12 595 
60 98 85 55 295 
32 67 25 37 910 
48 63 71 33 939 
83 29 55 46 940 
77 41 90 15 36 
65 29 71 28 548 
38 55 17 9 213 
101 24 12 96 562 
46 85 74 64 1116 
37 72 68 76 110 
3 92 98 36 895 
20 10 72 52 750 
5 98 98 93 473 
96 48 63 16 953 
61 18 61 100 399 
95 69 29 24 824 
94 63 96 20 533 
48 59 83 36 1209 
93 54 62 35 523 
50 88 84 25 1194 
91 11 54 99 611 
87 32 99 3 980 
53 83 50 85 842 
44 4 81 49 1131 
