8 8
100
10 45 75 14 96 98 28 37 1088 
18 33 31 78 95 97 101 7 1011 
28 63 29 78 12 102 48 74 1088 
8 72 22 13 28 54 17 77 408 
16 14 100 48 24 30 86 34 506 
84 40 29 37 72 9 96 87 694 
16 34 34 76 68 24 32 23 1064 
48 6 7 79 64 21 72 87 1518 
66 82 41 100 94 80 71 65 559 
42 73 2 16 20 43 11 3 693 
95 42 48 78 18 3 65 39 458 
28 8 78 11 66 87 16 32 84 
5 17 42 56 7 5 90 92 805 
67 34 88 66 69 63 78 80 733 
49 90 66 40 37 57 52 45 944 
60 33 9 18 2 90 38 8 1393 
4 41 37 45 90 28 54 101 88 
44 63 40 17 34 89 42 69 678 
43 67 83 88 6 64 47 32 968 
44 51 34 100 30 63 78 76 635 
12 5 2 40 89 38 51 11 1332 
22 44 100 22 78 36 49 97 685 
7 19 37 75 101 60 68 11 811 
75 45 35 79 42 61 50 32 1035 
43 5 80 46 38 97 82 27 1432 
63 24 75 100 53 35 21 73 934 
6 38 7 45 74 79 89 78 1067 
50 45 5 42 74 48 72 7 1504 
66 62 83 42 95 75 72 8 1421 
79 77 94 2 60 71 3 46 1532 
61 101 33 2 60 62 31 34 1349 
87 23 52 29 30 48 43 57 175 
79 65 45 34 75 68 92 12 13 
75 50 86 36 41 30 54 14 114 
63 66 4 22 13 63 93 87 1383 
39 52 49 48 62 5 60 27 1326 
53 29 28 67 12 50 61 58 1377 
100 54 84 24 77 18 41 82 1491 
10 58 54 84 43 90 83 55 985 
55 29 90 83 77 16 49 3 1383 
83 98 55 56 63 57 79 94 541 
4 16 77 33 9 82 14 52 1121 
31 70 88 40 86 59 90 8 469 
98 19 79 71 78 76 33 60 1368 
40 56 97 99 8 50 57 81 638 
88 24 23 11 72 27 47 20 540 
101 44 14 99 69 57 28 82 1235 
58 36 41 3 102 50 98 76 1577 
76 34 65 40 86 7 20 4 1368 
10 90 49 54 26 60 43 35 262 
73 43 89 42 73 27 75 100 740 
2 87 25 74 15 98 30 74 1404 
72 63 61 10 81 67 73 20 1515 
30 7 12 82 62 69 34 27 536 
12 35 62 40 67 87 61 19 277 
63 38 77 53 25 54 74 72 1171 
59 66 64 24 71 55 34 46 1526 
37 22 27 58 42 90 65 20 624 
28 35 98 76 51 64 50 12 1345 
20 79 83 60 10 92 97 77 996 
73 90 66 9 7 22 94 26 1585 
94 8 98 89 90 7 16 49 616 
77 85 17 102 76 61 73 17 1102 
14 79 14 37 63 66 29 94 499 
76 20 30 78 84 26 67 58 72 
88 33 91 78 46 63 54 22 1503 
48 73 16 7 39 92 55 82 765 
87 59 47 34 62 98 77 42 463 
12 101 4 93 37 20 57 86 1366 
81 38 35 53 85 43 74 83 347 
18 71 84 39 25 4 80 82 1622 
61 57 73 94 4 6 35 44 335 
93 57 38 99 52 54 9 76 714 
16 37 76 6 61 81 77 60 1160 
49 75 78 101 15 57 20 98 480 
14 89 36 31 19 43 22 84 422 
87 21 21 31 32 51 61 66 737 
28 57 98 95 19 45 35 89 1131 
46 93 44 83 81 56 25 96 1422 
12 87 19 34 86 80 55 92 635 
54 19 44 29 43 51 12 94 665 
36 22 72 93 98 33 74 78 1477 
85 6 43 66 8 38 64 51 1297 
30 95 73 20 42 29 7 83 1135 
29 20 53 96 73 88 16 91 1216 
19 21 90 89 63 10 89 72 1398 
100 90 13 8 66 94 72 84 1617 
72 18 82 45 88 17 63 47 954 
42 92 36 57 53 19 64 47 493 
93 43 35 65 33 72 43 9 1518 
61 23 55 61 26 90 89 46 1201 
97 77 35 75 27 18 52 49 1303 
54 45 39 96 46 22 63 81 670 
68 9 87 12 3 81 24 5 391 
7 83 68 47 70 9 45 69 1143 
99 20 18 19 15 86 93 92 1044 
58 67 79 36 100 47 49 23 612 
91 87 76 56 53 25 94 46 1084 
16 9 77 33 53 79 51 66 995 
27 51 95 3 21 14 17 68 622 
