8 6
100
33 63 74 54 6 76 8 5 867 
46 10 12 8 77 2 65 18 412 
2 76 18 42 91 20 63 83 780 
49 8 52 88 98 57 90 51 1187 
25 64 89 93 58 85 90 47 1221 
40 64 24 82 29 18 64 67 822 
77 93 74 56 93 24 12 61 1188 
22 61 14 57 19 28 5 43 662 
49 11 20 35 54 46 21 25 236 
44 69 81 37 26 33 90 16 713 
27 70 73 67 83 98 88 70 1058 
90 85 47 98 79 88 64 18 681 
51 43 41 30 38 70 5 70 1125 
20 87 37 83 70 6 70 81 887 
85 84 30 24 49 86 60 33 486 
76 48 93 95 75 10 77 40 884 
21 99 35 4 64 15 7 70 1008 
54 8 17 43 30 100 16 80 413 
30 29 96 57 72 7 31 31 275 
3 26 14 29 8 31 34 51 1004 
42 83 22 17 19 81 4 8 305 
26 35 20 95 81 97 77 50 137 
80 65 28 30 76 35 93 5 539 
72 27 2 88 12 81 18 76 1196 
15 15 12 17 56 66 82 6 1172 
7 10 47 20 54 60 20 55 1050 
58 14 9 90 26 16 37 34 991 
26 41 26 41 79 7 99 63 429 
3 66 12 64 50 71 39 88 1166 
101 54 75 44 70 58 95 62 765 
93 28 90 99 82 24 85 58 807 
74 68 33 42 23 93 25 20 1098 
78 95 66 40 53 40 20 38 971 
10 84 73 69 47 19 45 8 439 
49 6 86 89 81 95 5 67 246 
66 61 34 85 21 52 69 19 820 
101 55 77 52 80 45 45 77 899 
97 7 23 17 99 16 57 79 169 
8 91 16 73 37 88 20 56 950 
49 27 65 23 3 30 52 46 660 
63 98 27 43 47 6 21 10 734 
101 51 63 20 30 44 38 63 347 
55 30 20 91 34 26 68 97 615 
12 76 6 94 67 56 62 96 983 
90 67 46 13 54 28 28 21 67 
18 32 100 23 87 42 102 99 195 
38 74 67 3 77 51 55 11 421 
58 9 86 10 59 36 64 50 1180 
86 44 78 94 65 15 21 51 805 
55 92 92 67 94 70 40 26 278 
18 89 91 97 60 45 94 72 152 
23 10 74 66 60 38 45 18 679 
41 46 10 54 85 28 86 3 236 
47 93 16 18 72 35 13 49 754 
9 91 86 36 102 95 2 99 504 
95 91 33 55 24 79 15 100 980 
16 66 6 65 13 59 26 49 975 
100 8 40 41 55 14 77 38 327 
73 8 47 17 53 87 87 92 148 
90 94 71 40 5 74 55 99 1012 
60 46 80 29 12 54 15 4 1120 
5 56 38 21 80 87 52 43 1130 
37 101 14 21 81 23 47 38 681 
13 62 5 68 88 58 31 19 1132 
51 46 98 94 4 51 96 84 439 
78 70 15 86 90 63 81 20 1198 
72 41 67 59 84 76 99 5 516 
90 38 70 82 92 63 95 3 1189 
98 45 99 65 27 99 88 71 825 
44 29 75 44 89 71 60 61 958 
29 94 64 24 98 101 9 7 560 
70 98 80 54 93 88 66 85 916 
3 9 16 71 73 15 9 57 929 
71 49 51 101 23 33 85 68 118 
37 76 49 99 58 21 53 20 886 
91 92 38 89 79 6 96 59 635 
66 61 23 51 17 43 25 40 718 
98 70 77 49 72 27 79 31 110 
30 6 53 97 20 55 43 20 792 
42 85 72 47 8 66 81 21 87 
91 88 61 8 76 21 63 56 605 
99 44 22 13 12 50 97 68 660 
3 70 43 69 10 99 78 86 674 
91 53 65 13 70 53 20 90 530 
52 23 32 34 37 65 6 46 928 
46 30 75 23 52 42 12 80 619 
68 23 80 64 32 92 66 73 44 
89 88 76 72 95 24 7 47 549 
26 71 36 80 65 66 24 34 681 
84 70 3 25 3 91 2 54 816 
67 90 94 41 71 65 62 19 709 
4 76 37 53 19 7 97 88 121 
19 90 60 16 42 100 37 83 50 
5 65 87 87 72 43 57 42 700 
55 87 2 72 20 48 8 22 707 
23 33 53 98 30 17 81 85 778 
11 53 50 96 7 89 61 59 662 
75 18 7 96 98 79 50 43 13 
12 48 73 14 9 22 42 16 616 
55 9 37 72 8 88 80 49 1082 
