4 2
100
88 88 8 48 353 
10 76 90 31 293 
54 50 77 37 110 
76 3 23 6 184 
86 85 18 20 308 
86 2 62 29 258 
83 94 47 59 322 
102 33 91 37 88 
62 85 75 54 202 
12 52 25 15 201 
102 96 48 94 207 
5 72 90 72 12 
10 17 63 68 372 
62 6 21 58 110 
45 14 88 85 348 
3 12 66 71 269 
36 79 48 80 259 
89 48 54 8 310 
32 45 20 35 54 
47 24 9 63 363 
8 34 69 89 25 
90 10 65 9 203 
95 8 21 7 282 
33 70 86 5 19 
16 54 15 82 395 
3 96 55 72 165 
81 5 5 82 245 
4 12 61 74 309 
81 85 47 58 337 
26 26 15 66 335 
79 40 6 59 305 
56 21 89 92 23 
96 57 95 69 287 
92 4 41 47 275 
22 11 14 29 105 
34 9 58 100 296 
79 83 91 90 261 
43 101 48 8 25 
85 26 71 69 335 
25 91 80 88 376 
24 87 71 99 252 
69 28 79 34 175 
50 65 91 20 118 
15 69 7 5 120 
93 58 35 41 346 
99 42 47 47 10 
45 30 72 7 208 
93 14 94 28 393 
17 25 17 65 237 
21 36 54 40 283 
59 86 77 59 5 
68 54 31 14 265 
30 84 33 32 408 
21 95 86 69 154 
3 76 81 9 59 
71 44 72 83 267 
64 90 8 78 185 
61 55 15 7 347 
41 85 82 63 281 
35 93 87 65 159 
28 53 87 3 279 
84 7 70 45 132 
26 84 50 49 11 
41 77 57 87 170 
68 82 81 84 401 
20 96 20 40 329 
79 59 9 45 160 
14 6 7 10 256 
56 88 72 75 250 
59 36 35 61 121 
60 39 2 24 297 
48 73 5 5 204 
90 89 32 64 223 
69 77 7 10 369 
38 72 49 24 356 
82 13 8 23 169 
86 63 61 11 93 
43 59 87 72 379 
42 3 5 60 305 
69 58 9 20 383 
84 31 27 71 381 
90 92 80 36 377 
37 67 83 63 270 
29 30 23 42 57 
13 91 37 17 205 
37 69 90 49 84 
26 5 90 29 242 
57 38 92 18 141 
53 81 53 80 235 
78 22 43 94 197 
41 37 69 7 340 
95 96 12 21 241 
23 3 33 16 277 
34 79 56 4 48 
93 40 7 8 255 
34 40 59 60 304 
17 28 98 101 332 
91 38 86 46 272 
63 28 73 59 55 
52 50 39 12 105 
