6 8
100
18 5 49 76 69 40 1562 
70 5 31 83 25 66 847 
100 25 87 92 35 43 1119 
21 45 32 94 11 7 488 
82 66 75 46 61 43 1035 
43 73 17 18 82 77 905 
34 4 23 46 54 37 831 
25 18 21 5 41 63 1592 
62 19 84 60 35 68 1431 
41 58 38 65 25 91 935 
53 72 77 55 68 15 1422 
43 11 50 59 72 81 921 
50 56 43 23 82 68 1324 
57 35 60 49 12 70 1517 
48 87 83 31 48 96 1177 
48 46 52 75 50 12 297 
9 36 3 65 89 33 1484 
3 97 44 45 25 78 1579 
39 19 8 58 47 96 1552 
27 69 29 26 87 86 25 
12 93 50 33 57 65 772 
101 58 86 25 38 4 739 
92 40 88 26 20 77 156 
29 47 19 5 18 25 1348 
69 76 41 4 49 92 1484 
6 97 14 69 15 51 619 
63 23 36 11 94 52 576 
31 43 2 70 11 94 1353 
48 33 30 41 42 67 522 
85 48 23 91 14 56 1400 
46 76 58 6 28 74 1091 
26 85 96 26 75 49 626 
34 41 36 40 100 10 941 
65 86 30 75 87 8 1269 
78 15 22 82 98 51 1389 
69 46 65 85 22 18 370 
51 36 17 69 19 96 823 
9 89 53 17 48 30 1317 
92 30 33 43 68 91 786 
72 76 46 79 100 55 1065 
97 72 57 79 94 37 238 
52 15 8 69 14 29 1122 
27 70 67 51 23 6 1256 
17 34 44 57 29 77 1278 
62 73 91 22 42 87 196 
19 98 40 56 95 68 662 
18 27 76 55 64 81 733 
8 82 30 79 51 90 1301 
40 15 25 67 62 38 1470 
44 19 50 74 44 59 145 
74 29 97 30 40 38 1624 
9 70 3 67 97 35 876 
93 63 45 94 99 34 1278 
85 17 91 35 32 52 1205 
10 28 83 21 25 38 556 
54 35 50 13 54 82 514 
47 23 102 67 5 38 828 
58 7 82 47 27 32 1452 
14 8 97 10 88 28 1615 
44 22 48 75 99 22 636 
30 97 83 47 54 49 627 
96 91 69 29 16 25 857 
23 3 76 100 8 47 657 
29 55 4 68 57 34 40 
3 56 95 7 19 14 445 
12 101 2 75 86 53 301 
19 30 83 74 5 48 352 
21 74 77 94 77 101 29 
44 81 81 99 16 38 1514 
37 77 24 99 13 27 179 
4 76 27 24 96 24 166 
27 23 96 54 88 83 1340 
84 20 16 44 15 28 1118 
22 23 77 71 17 28 1326 
55 61 77 93 23 13 280 
100 51 72 82 79 94 274 
60 87 48 30 57 13 868 
58 10 57 100 102 44 1331 
55 52 55 82 98 31 1169 
64 21 63 67 72 67 1385 
71 46 64 38 36 54 1025 
37 32 43 62 17 30 1582 
54 22 95 23 70 38 724 
101 19 2 83 65 47 1565 
68 87 66 87 48 70 1430 
66 95 64 68 93 21 292 
23 14 22 83 3 77 167 
101 70 45 4 32 43 1139 
29 64 58 73 9 69 1127 
47 79 77 71 62 11 1433 
29 33 58 80 19 29 1281 
7 82 101 64 73 88 1096 
19 22 85 18 30 20 600 
33 9 97 86 54 51 1238 
37 48 14 43 67 24 1179 
39 90 26 15 16 93 363 
84 58 11 38 83 4 456 
59 94 55 34 94 53 1570 
26 63 96 67 80 5 1145 
37 89 23 7 65 97 1303 
