2 8
100
39 7 371 
71 45 1309 
20 7 765 
33 73 944 
37 16 1428 
54 25 706 
66 97 647 
51 26 1216 
102 69 223 
30 6 714 
100 14 401 
33 51 1235 
58 74 769 
42 62 1599 
79 49 769 
38 9 1303 
95 98 641 
17 80 193 
62 90 1323 
50 72 1244 
69 92 15 
5 35 960 
35 6 1055 
14 98 838 
98 25 570 
44 73 1251 
29 66 989 
36 37 138 
6 85 565 
15 73 990 
97 10 37 
73 76 1144 
99 76 241 
90 5 48 
17 83 1629 
90 21 890 
79 21 280 
6 23 105 
18 35 901 
94 101 819 
26 23 542 
6 19 1429 
51 27 805 
67 46 1590 
64 41 997 
60 20 885 
11 19 1037 
82 38 852 
46 92 1428 
98 57 671 
17 7 1231 
67 66 1339 
72 13 1041 
14 41 1533 
7 14 1211 
22 44 1334 
47 60 236 
3 86 1340 
89 46 1383 
83 62 442 
2 55 1143 
10 52 650 
24 99 1224 
81 90 119 
92 98 1268 
72 77 389 
80 26 780 
8 53 1589 
29 16 339 
95 80 328 
99 91 831 
39 14 1396 
26 99 1015 
36 100 737 
9 68 1141 
9 13 1431 
6 19 1131 
63 5 596 
81 96 48 
75 84 590 
21 31 320 
57 84 1621 
58 56 1372 
94 48 1272 
64 46 431 
5 101 1376 
29 22 56 
35 91 994 
53 38 1399 
16 59 295 
85 53 253 
28 17 1125 
28 54 1379 
73 53 928 
6 14 1166 
93 101 971 
12 79 1555 
21 47 1014 
35 88 651 
61 6 742 
