4 2
100
26 101 71 51 207 
16 83 82 92 326 
3 37 25 86 164 
66 43 92 51 359 
92 95 98 13 231 
49 87 83 96 341 
38 28 52 93 117 
78 57 83 38 318 
7 31 82 30 242 
12 5 91 63 123 
46 39 28 60 275 
33 4 60 95 15 
31 2 88 8 181 
76 87 34 58 264 
11 62 55 74 337 
63 15 70 54 189 
47 98 22 67 161 
101 3 95 25 398 
75 99 90 35 202 
7 45 76 86 347 
27 73 35 99 86 
86 85 56 77 27 
19 36 8 48 240 
34 82 23 69 186 
75 95 11 61 372 
14 74 22 24 317 
20 42 87 69 88 
76 65 25 46 224 
17 48 20 19 327 
41 92 44 77 70 
27 24 9 41 49 
34 64 76 7 36 
15 65 34 99 360 
80 51 41 27 345 
71 59 79 14 123 
29 77 94 81 213 
24 32 47 8 216 
98 35 48 57 363 
14 91 20 38 171 
54 16 22 31 11 
92 53 19 92 196 
70 47 96 11 345 
59 72 97 56 354 
85 20 29 47 377 
47 5 86 38 296 
82 41 44 73 317 
15 57 65 79 253 
73 15 57 60 346 
53 41 39 73 131 
44 96 66 51 240 
36 90 77 39 235 
89 69 82 20 279 
31 5 25 33 293 
4 9 21 94 66 
72 65 71 62 169 
8 68 15 7 127 
87 77 95 14 178 
27 82 28 21 307 
6 35 40 92 228 
50 17 8 101 124 
36 78 75 35 361 
74 21 17 97 210 
22 56 78 89 339 
56 13 13 90 191 
24 83 101 19 50 
39 27 81 7 380 
93 62 16 76 393 
11 4 61 26 293 
8 67 33 70 224 
52 59 53 9 8 
39 6 20 55 35 
55 78 58 23 210 
49 42 12 4 246 
62 42 3 93 300 
54 53 89 18 167 
59 52 33 64 252 
82 76 74 5 228 
89 45 63 68 176 
35 48 40 75 103 
68 56 31 10 386 
12 58 62 35 204 
88 19 3 14 210 
5 47 96 62 292 
74 70 10 49 300 
19 82 37 50 166 
8 15 17 93 306 
4 23 25 69 211 
26 17 41 55 284 
72 43 50 17 162 
90 54 80 3 216 
100 49 84 37 316 
32 23 14 95 181 
75 4 12 39 200 
84 24 29 10 195 
60 31 56 79 15 
78 33 22 11 215 
55 37 15 41 316 
57 42 91 92 88 
4 5 48 11 394 
70 33 13 68 235 
