2 2
100
97 50 340 
28 96 403 
25 60 184 
79 64 50 
34 46 139 
20 92 190 
12 73 365 
4 56 281 
93 31 321 
81 69 346 
23 3 331 
33 7 312 
8 20 399 
16 24 243 
99 26 216 
54 63 238 
18 67 370 
26 72 25 
14 95 384 
16 37 268 
22 47 372 
62 58 249 
33 3 162 
60 14 293 
50 98 204 
32 7 122 
18 41 276 
22 64 10 
96 99 127 
77 21 49 
84 94 340 
34 96 314 
70 39 279 
94 23 246 
21 61 217 
21 78 304 
58 84 362 
66 101 390 
100 102 337 
91 68 240 
32 57 335 
30 77 84 
90 18 13 
75 64 278 
63 26 75 
9 4 16 
51 77 90 
58 22 152 
25 20 380 
90 36 382 
96 81 290 
12 64 269 
80 93 342 
35 33 243 
74 85 82 
23 5 305 
80 93 401 
81 42 371 
39 76 147 
47 7 234 
29 3 335 
11 80 339 
99 54 255 
54 31 47 
22 18 183 
64 87 150 
19 4 63 
21 12 179 
97 17 160 
82 75 359 
32 35 350 
28 8 124 
79 65 21 
39 26 210 
14 27 252 
89 61 100 
48 77 363 
101 30 14 
44 10 369 
40 16 258 
46 19 323 
76 24 391 
27 95 42 
16 87 92 
34 82 320 
66 8 346 
84 10 230 
17 36 398 
101 33 24 
85 86 399 
42 41 200 
43 95 31 
74 40 15 
68 64 269 
16 34 368 
69 70 194 
27 80 9 
8 58 25 
9 32 338 
84 77 374 
