2 4
100
69 24 505 
20 18 432 
95 61 373 
23 96 583 
94 4 218 
13 37 219 
5 28 699 
49 55 759 
12 74 246 
68 76 76 
31 75 466 
69 3 99 
68 5 572 
81 26 800 
95 93 636 
70 32 786 
28 36 787 
60 74 219 
49 22 558 
71 10 356 
25 29 693 
38 94 173 
16 27 7 
17 47 264 
59 26 21 
90 56 508 
17 43 347 
36 42 331 
15 72 10 
32 22 668 
46 99 774 
29 58 789 
15 58 808 
59 56 41 
98 14 727 
66 4 386 
26 61 534 
8 56 544 
3 91 717 
46 26 179 
22 86 40 
21 73 390 
39 32 560 
8 76 798 
65 60 714 
40 40 229 
53 51 562 
56 8 498 
18 40 355 
30 28 543 
11 71 268 
79 39 572 
2 79 333 
43 29 586 
81 21 693 
70 45 780 
81 65 420 
62 95 614 
55 68 637 
46 4 273 
6 11 38 
4 99 48 
67 88 176 
19 40 499 
89 12 180 
99 77 713 
78 51 772 
50 51 508 
17 51 617 
59 26 577 
94 58 609 
9 39 144 
69 79 180 
81 4 466 
76 64 213 
92 75 680 
55 58 743 
93 70 437 
41 59 492 
44 89 391 
32 10 504 
53 27 662 
89 82 595 
6 32 805 
68 99 380 
40 76 712 
38 27 623 
94 6 558 
82 3 723 
23 71 657 
59 27 730 
76 51 773 
97 25 298 
47 6 758 
12 51 215 
94 27 581 
9 3 678 
75 8 509 
74 40 31 
95 73 197 
