2 2
100
94 17 115 
21 13 232 
67 52 290 
64 38 290 
82 29 388 
21 47 90 
47 15 322 
80 52 101 
93 49 206 
17 3 119 
38 58 97 
12 67 216 
24 80 135 
94 19 326 
32 33 144 
9 16 180 
16 10 401 
18 38 67 
14 16 269 
5 30 262 
8 53 201 
44 28 330 
50 72 253 
44 99 276 
91 56 394 
101 50 79 
91 86 136 
8 3 378 
33 23 83 
9 100 210 
89 20 202 
71 87 269 
33 90 23 
56 62 180 
84 74 47 
33 29 335 
22 15 268 
49 16 182 
33 102 205 
58 13 22 
63 42 295 
13 57 323 
20 22 280 
33 70 247 
16 37 101 
91 27 121 
84 102 383 
40 90 349 
88 42 20 
7 40 350 
18 77 312 
2 95 80 
74 73 68 
34 15 29 
15 91 183 
7 35 322 
22 44 307 
23 77 50 
13 25 215 
89 27 64 
77 15 338 
85 17 382 
86 16 171 
7 20 218 
15 52 355 
89 26 404 
43 83 31 
28 87 391 
12 97 2 
67 91 288 
69 87 191 
3 60 406 
26 33 301 
53 23 80 
39 17 100 
24 10 104 
27 26 402 
55 48 182 
10 51 116 
89 75 85 
95 21 103 
73 40 134 
9 14 375 
89 65 383 
27 92 242 
90 90 288 
74 90 355 
77 42 264 
74 15 162 
4 95 37 
74 39 238 
55 60 10 
96 68 312 
94 17 392 
35 39 249 
7 30 228 
87 22 249 
60 17 344 
35 21 325 
62 101 104 
