2 6
100
37 97 1137 
7 15 1122 
11 14 878 
91 53 894 
29 4 226 
21 29 947 
85 4 179 
11 25 96 
6 36 733 
64 93 321 
70 72 412 
5 13 809 
70 83 684 
70 16 1128 
22 49 887 
78 23 226 
19 95 622 
86 30 103 
24 28 887 
87 3 974 
34 49 249 
48 23 991 
41 26 1108 
54 53 561 
24 17 1082 
24 91 928 
37 30 162 
44 47 1202 
77 86 512 
27 83 1041 
96 85 980 
78 38 818 
74 77 320 
93 39 1187 
30 66 513 
7 64 162 
22 2 462 
99 52 890 
68 92 27 
24 72 454 
41 16 531 
8 61 837 
68 47 971 
24 52 174 
52 46 1120 
18 16 987 
58 72 266 
31 7 985 
49 99 407 
9 12 562 
67 52 55 
91 54 279 
56 24 71 
75 41 213 
36 100 609 
26 49 76 
83 52 937 
23 68 1222 
17 13 109 
65 60 758 
37 60 432 
35 59 8 
12 63 1121 
71 64 1120 
77 85 383 
6 97 90 
33 26 611 
29 28 731 
71 45 1033 
6 76 511 
16 93 785 
46 40 991 
84 2 508 
51 16 1056 
17 14 1076 
87 48 1012 
71 13 195 
4 34 421 
14 10 395 
78 66 167 
18 7 1066 
52 57 875 
29 33 548 
52 24 1156 
68 84 126 
66 15 170 
74 86 1186 
4 38 768 
28 14 721 
32 34 370 
51 9 444 
30 35 106 
101 67 704 
18 60 189 
40 20 1086 
23 38 620 
26 50 1170 
20 6 977 
19 16 851 
26 26 522 
