8 8
100
93 95 42 96 30 77 61 90 906 
60 101 88 89 9 97 98 59 1203 
41 87 18 12 82 22 4 9 1043 
67 80 25 31 51 67 4 75 1479 
84 102 101 8 20 83 56 87 1511 
81 27 43 26 17 90 40 5 830 
25 83 15 22 94 24 14 96 165 
34 31 52 22 87 36 6 16 930 
77 35 69 38 58 96 29 24 1332 
25 43 65 38 92 47 16 81 1509 
79 64 9 79 96 26 73 24 922 
44 61 42 9 22 3 33 65 1150 
86 90 27 21 95 72 42 90 864 
49 98 41 7 8 8 44 29 856 
52 100 40 45 67 36 40 87 1034 
43 19 23 65 7 29 77 32 1484 
70 60 71 39 39 8 73 26 426 
20 39 55 36 67 96 50 83 1073 
34 44 25 93 83 9 9 101 1166 
34 86 94 14 32 78 17 76 1115 
85 14 62 34 73 43 10 22 783 
12 9 54 29 17 25 63 45 1445 
70 79 79 64 33 41 37 41 648 
36 8 9 79 21 93 27 67 1131 
7 102 72 83 85 63 62 98 1493 
22 7 72 70 52 89 89 49 1580 
93 24 83 24 99 34 4 75 224 
43 35 90 63 4 52 56 58 701 
20 89 96 18 4 36 49 17 568 
72 68 58 22 92 74 96 36 707 
90 86 5 40 81 12 50 21 1039 
5 61 4 22 16 96 46 71 975 
5 78 21 49 76 84 99 34 111 
59 23 45 18 68 70 8 68 1180 
42 82 10 85 70 85 73 46 923 
34 52 55 64 78 23 15 93 956 
26 43 11 23 43 50 6 92 1602 
23 90 94 37 15 50 24 6 1448 
54 22 10 38 78 32 28 67 1328 
56 97 47 23 5 77 11 85 414 
65 22 42 62 82 80 87 52 917 
66 100 39 7 42 74 35 63 1163 
53 90 67 81 97 77 68 51 1548 
55 102 87 19 27 33 24 61 1374 
51 94 42 32 53 29 76 64 1104 
46 51 57 75 90 45 6 61 1545 
63 86 27 66 95 32 85 34 810 
74 49 74 8 84 83 90 86 1116 
33 23 39 40 7 36 10 24 1632 
42 82 14 44 15 69 38 64 1229 
61 87 101 12 50 21 79 5 242 
97 40 69 76 88 7 76 75 622 
60 25 81 93 59 73 32 45 846 
40 32 36 8 72 23 8 30 1613 
72 23 75 20 62 4 21 15 1369 
35 67 97 9 70 42 31 81 632 
98 70 30 29 81 6 69 41 1193 
83 91 70 48 70 59 8 7 841 
67 41 65 79 74 46 90 99 1271 
59 33 64 95 79 94 84 12 981 
73 44 44 71 53 23 31 40 379 
18 89 99 39 3 65 91 66 639 
78 21 98 86 42 84 29 12 130 
13 90 14 79 66 61 99 37 1015 
11 98 90 44 50 37 23 74 176 
83 22 33 101 6 16 55 8 1471 
66 88 5 63 44 43 15 20 813 
13 41 25 40 42 67 3 82 1099 
53 36 74 63 65 70 73 48 1469 
79 14 85 101 26 60 71 35 801 
61 51 56 49 30 32 87 12 532 
90 45 82 68 100 27 48 4 1170 
20 6 25 37 92 98 53 38 96 
68 14 17 67 72 9 18 43 509 
15 5 8 44 78 55 37 85 51 
12 13 16 61 54 24 88 52 481 
28 27 61 60 98 94 26 21 1595 
19 25 75 75 52 59 96 35 1606 
67 79 30 72 101 9 95 43 407 
94 10 62 95 80 21 80 92 276 
74 57 9 16 20 59 58 20 973 
32 39 64 60 67 21 26 23 1199 
3 58 27 54 66 57 69 35 181 
40 26 47 56 98 61 42 23 1267 
93 53 61 73 16 83 49 65 74 
65 36 45 42 71 59 48 78 556 
94 22 93 54 49 87 48 20 1532 
16 78 43 4 20 45 44 35 1136 
16 33 44 46 7 3 53 6 1611 
70 100 57 90 10 22 27 50 28 
88 41 6 76 27 98 90 35 1422 
65 63 18 101 101 39 90 34 743 
94 50 17 93 3 45 88 80 327 
41 29 71 24 79 72 44 57 1526 
67 42 8 48 58 75 16 89 709 
85 71 101 20 102 78 76 36 9 
89 98 40 64 90 49 79 51 96 
20 44 86 48 59 45 45 25 1491 
42 48 93 44 79 16 101 5 150 
23 23 29 95 49 45 71 57 973 
