8 8
100
49 21 17 45 31 67 95 48 1552 
38 10 36 32 69 58 61 96 911 
76 75 86 43 4 58 4 47 443 
81 58 54 9 67 65 98 80 1136 
75 10 5 77 37 10 77 84 1139 
62 77 15 86 85 50 45 74 1200 
84 9 18 61 43 87 40 16 1463 
45 31 45 72 36 91 89 87 1403 
55 101 40 78 68 22 89 44 1140 
16 97 75 6 66 96 92 15 1171 
55 16 70 21 39 24 20 34 863 
29 92 42 26 100 99 64 92 1185 
37 8 43 98 74 100 17 26 311 
18 41 67 51 82 23 19 36 1160 
20 36 64 18 59 36 70 62 852 
31 92 99 78 44 76 23 56 119 
33 59 44 71 6 16 5 4 1507 
90 80 12 22 8 66 28 46 917 
13 21 51 8 30 15 48 87 547 
24 42 99 93 30 28 16 88 1247 
31 51 32 50 16 57 44 82 1342 
44 12 86 35 52 100 20 13 577 
60 27 31 31 25 21 82 83 1007 
97 99 52 86 8 22 90 99 1545 
28 65 8 95 67 51 32 6 1234 
52 91 93 101 75 19 92 57 1009 
50 102 28 14 70 35 96 49 1351 
34 60 6 66 47 55 6 94 785 
32 67 62 82 101 21 45 32 1506 
73 98 26 35 96 53 60 42 1591 
71 16 96 75 102 20 68 100 742 
74 88 45 40 97 83 71 63 1474 
4 70 3 9 71 40 42 25 831 
61 102 67 55 7 7 57 37 1267 
56 59 67 44 16 3 76 73 724 
51 35 3 44 65 35 62 59 1182 
99 64 48 59 34 79 69 9 1603 
83 21 83 40 85 62 6 18 64 
27 62 56 102 35 99 95 93 1466 
52 19 38 34 95 51 35 60 1199 
34 99 26 91 77 9 5 95 860 
65 13 52 42 41 50 31 38 1579 
21 99 30 50 65 43 89 19 1473 
64 51 28 34 7 27 89 74 303 
81 38 87 49 99 42 47 32 1314 
42 12 80 90 5 59 54 16 999 
47 86 36 85 4 60 19 43 726 
29 33 8 27 56 69 31 52 1622 
14 74 2 90 5 35 63 49 120 
14 75 48 70 82 93 66 44 1437 
87 98 36 28 32 58 98 20 1614 
77 17 58 14 61 55 60 42 691 
63 59 82 3 25 57 53 7 1103 
100 61 53 17 63 14 81 47 875 
67 88 44 46 94 88 36 88 524 
53 2 16 95 12 42 51 5 1382 
10 86 75 82 77 27 90 99 965 
50 62 56 46 35 16 101 95 880 
2 19 67 97 69 39 25 102 71 
55 7 50 12 68 61 29 73 1001 
82 87 13 19 58 97 29 88 433 
80 9 70 2 96 19 89 50 1403 
22 15 19 39 59 77 23 37 1501 
13 39 95 97 18 64 55 21 126 
45 86 63 72 70 82 12 46 1508 
39 55 14 33 26 20 75 9 953 
46 46 31 37 98 23 5 18 798 
35 86 93 8 50 76 12 45 1053 
27 52 46 38 28 15 85 86 1346 
82 81 16 77 24 11 5 10 1237 
81 10 90 42 69 54 34 79 991 
3 33 7 40 24 83 56 50 929 
16 10 19 18 54 13 40 25 597 
37 60 64 84 4 41 100 33 582 
78 87 86 94 7 51 54 83 878 
79 44 60 35 23 76 54 92 9 
61 65 57 79 4 46 18 98 308 
101 22 30 68 41 93 47 79 1020 
75 24 5 70 66 73 59 63 1315 
81 4 39 89 31 15 41 42 1102 
82 101 86 42 78 10 32 55 1008 
27 14 5 69 90 46 14 81 1104 
99 93 101 87 22 43 65 39 1535 
84 14 92 18 29 101 25 67 1276 
81 35 48 97 39 13 11 34 805 
79 14 16 95 77 52 47 44 805 
71 98 81 45 79 41 16 51 672 
73 12 87 6 46 25 68 35 755 
24 5 55 90 77 90 94 88 418 
82 91 38 42 72 87 52 57 1132 
101 38 58 9 82 91 72 40 365 
66 76 70 93 29 45 6 25 635 
98 83 22 94 53 93 15 37 978 
7 33 41 102 56 91 56 69 1578 
92 17 25 66 20 40 68 29 202 
59 91 64 96 38 49 48 56 1209 
51 9 87 67 96 47 31 67 105 
85 67 22 81 39 62 48 16 143 
18 34 65 84 28 26 81 58 755 
100 13 97 94 55 102 17 7 976 
