6 6
100
29 53 95 76 34 52 478 
21 57 4 76 85 35 922 
69 75 98 19 49 99 1029 
78 44 96 97 66 81 788 
47 44 42 38 96 31 550 
22 11 67 56 91 59 1221 
63 89 7 44 90 90 1179 
57 21 54 84 31 72 632 
11 101 81 70 73 77 902 
15 64 39 90 6 32 570 
67 34 65 59 42 86 182 
57 91 54 78 93 70 1106 
25 91 56 67 61 95 141 
12 88 88 20 85 28 591 
27 70 56 86 60 52 1104 
89 91 27 91 88 39 666 
12 29 95 82 9 85 1100 
75 85 25 47 39 37 672 
48 79 41 59 60 68 359 
23 100 93 35 20 2 434 
102 31 78 75 58 59 1220 
61 95 40 78 45 60 638 
87 33 41 23 17 37 506 
14 88 35 29 72 27 1095 
30 3 50 90 85 57 903 
56 49 74 83 80 57 1069 
86 4 82 18 10 79 443 
69 55 14 5 67 96 1069 
45 45 48 88 34 12 375 
94 92 90 62 6 80 371 
86 69 42 39 82 56 352 
86 54 14 64 50 55 755 
51 38 87 20 62 88 136 
6 28 97 48 47 59 1128 
14 94 58 6 101 8 1011 
88 74 69 87 42 61 727 
93 36 26 86 59 71 524 
56 5 43 45 94 21 988 
42 47 92 37 99 38 885 
62 58 60 51 50 81 768 
66 20 36 22 30 54 152 
94 73 64 90 90 51 704 
91 17 63 9 89 4 563 
29 78 51 45 24 89 388 
80 68 37 11 92 82 1111 
87 10 25 66 70 70 587 
77 30 49 11 89 17 865 
43 99 44 63 79 19 455 
43 86 79 8 66 83 179 
7 30 81 100 71 69 49 
9 40 45 21 35 100 634 
50 4 36 37 74 63 448 
71 95 50 15 65 56 538 
25 48 61 5 90 35 859 
2 71 13 20 50 69 425 
61 101 44 46 21 87 1138 
85 45 72 94 22 80 438 
37 32 88 8 15 62 1024 
94 86 18 48 67 84 590 
35 25 19 26 96 4 120 
95 9 71 47 70 53 499 
5 90 13 70 57 36 801 
41 28 14 37 9 53 830 
17 28 100 56 6 47 606 
22 55 70 27 78 28 511 
26 19 63 47 11 45 1083 
98 7 79 11 49 85 1157 
99 8 91 89 53 44 958 
82 72 93 67 8 93 1014 
37 45 45 81 10 26 184 
11 52 92 100 10 81 235 
23 23 47 58 64 57 282 
49 80 40 27 86 65 530 
49 73 82 5 54 8 745 
64 37 32 41 61 82 1085 
57 101 92 45 65 61 726 
51 48 10 46 38 62 1074 
67 7 56 26 62 74 762 
81 12 96 58 76 60 731 
88 17 20 5 77 36 1129 
81 50 85 24 6 86 1188 
27 74 61 17 48 75 1181 
32 78 16 101 10 28 927 
91 97 88 91 3 102 775 
33 93 43 63 28 98 1054 
59 73 5 58 90 67 667 
40 37 43 30 87 65 692 
40 5 7 70 10 18 1100 
55 98 35 5 86 36 1149 
83 21 57 22 80 12 894 
7 14 45 22 63 23 621 
62 47 63 18 38 9 1139 
90 38 95 20 81 98 52 
77 72 55 5 33 63 705 
18 89 10 10 55 86 405 
93 64 49 49 97 41 1130 
53 73 89 50 29 3 1142 
85 63 5 101 16 71 375 
43 92 19 32 63 95 543 
61 56 10 86 25 62 1178 
