4 8
100
70 69 70 98 81 
7 76 46 56 1155 
47 24 29 5 839 
15 92 76 58 1000 
92 92 69 33 1153 
58 51 52 77 1487 
6 34 14 34 1361 
81 82 82 30 1046 
24 14 33 57 1283 
5 22 35 99 1289 
91 26 9 12 1250 
80 2 39 27 798 
58 25 71 65 1084 
15 12 96 22 1187 
35 12 48 94 646 
80 61 14 55 1099 
38 17 56 98 32 
82 27 4 58 86 
81 45 57 81 131 
100 45 70 90 1072 
96 28 16 26 743 
82 80 17 73 1610 
21 90 86 60 218 
43 72 75 64 1405 
90 10 41 16 1536 
92 56 69 86 673 
37 93 26 89 1202 
12 4 32 52 361 
4 12 33 59 1402 
93 62 99 68 1097 
31 72 8 4 1271 
88 89 101 32 904 
27 13 33 32 1038 
30 66 99 86 62 
41 42 25 41 1365 
80 79 84 31 57 
33 59 3 19 207 
67 87 24 11 1431 
24 4 102 97 1579 
94 80 3 95 945 
29 65 15 64 461 
90 49 69 20 1627 
11 8 73 28 407 
70 11 17 19 1603 
45 44 89 99 1329 
39 42 30 45 1502 
102 77 90 73 1245 
70 46 41 91 395 
21 21 5 12 1282 
18 34 75 72 469 
84 66 86 97 247 
87 78 18 83 1495 
50 21 26 28 1630 
36 20 102 52 937 
26 72 28 95 1300 
26 40 80 20 1061 
7 69 60 16 162 
38 93 95 58 1485 
94 30 61 99 1238 
102 97 79 12 733 
101 34 25 15 82 
14 40 93 18 1481 
49 100 100 18 1417 
84 62 12 19 1043 
44 27 46 61 1069 
98 13 31 19 1300 
32 63 70 75 1080 
75 45 47 11 1594 
100 2 79 67 717 
96 32 45 12 1540 
42 87 62 48 44 
76 89 66 49 150 
3 11 76 38 997 
88 32 27 52 225 
40 17 3 21 1075 
44 50 81 17 1166 
68 70 21 25 656 
47 3 24 73 1503 
88 81 100 2 1582 
91 28 43 6 948 
66 6 95 99 918 
27 86 43 82 990 
29 10 51 78 700 
34 93 53 98 264 
87 9 57 60 458 
61 19 3 24 1255 
17 8 78 59 117 
64 77 24 69 257 
63 62 44 12 1070 
80 32 24 59 1054 
100 77 48 90 1194 
59 52 38 71 1590 
10 85 21 5 738 
22 34 94 71 1323 
60 71 86 82 901 
27 67 47 94 819 
30 96 45 60 1282 
42 63 90 86 818 
14 41 55 71 130 
80 42 41 67 739 
