4 2
100
98 35 7 56 236 
75 90 42 80 127 
52 82 11 86 232 
89 36 39 100 403 
79 100 78 101 223 
60 65 84 2 312 
63 85 63 29 76 
71 72 30 61 180 
9 43 6 4 390 
70 75 7 59 398 
47 82 29 24 396 
101 59 8 102 407 
11 8 42 3 286 
69 21 84 68 359 
19 8 81 56 373 
38 95 76 6 355 
86 60 27 5 128 
83 57 41 32 81 
14 67 30 61 142 
3 3 5 34 117 
51 94 42 71 329 
41 3 75 32 250 
7 85 4 15 64 
54 83 39 72 364 
14 82 54 48 311 
55 80 22 22 368 
37 92 44 78 157 
95 20 57 24 375 
82 84 11 71 59 
30 65 18 45 339 
22 65 35 45 69 
71 42 95 95 116 
64 83 55 42 106 
17 43 28 77 93 
35 28 17 80 40 
32 73 84 34 196 
92 64 79 39 288 
74 60 102 61 283 
55 27 64 96 124 
101 31 70 45 405 
90 39 43 23 204 
96 50 56 35 355 
99 60 63 47 158 
102 6 18 72 221 
59 43 69 8 283 
10 66 23 50 44 
2 5 41 35 246 
55 23 58 89 313 
26 5 69 74 294 
98 67 19 58 125 
97 15 100 92 172 
48 72 37 54 172 
32 29 8 25 354 
96 21 30 87 351 
80 50 31 95 124 
56 77 97 36 302 
45 49 68 20 63 
89 7 51 93 58 
84 88 7 47 191 
99 99 46 88 317 
79 39 34 72 212 
50 86 7 62 358 
74 78 3 80 403 
85 63 90 10 405 
92 71 38 73 17 
94 45 86 49 137 
59 33 11 58 395 
8 17 98 68 276 
6 101 92 6 173 
9 87 29 48 258 
38 11 38 88 358 
10 3 62 68 244 
7 102 61 28 125 
43 68 47 83 377 
70 67 24 42 390 
92 81 35 31 395 
10 18 40 86 398 
50 97 25 70 364 
8 57 32 9 256 
6 43 65 75 8 
42 41 48 56 387 
72 89 98 93 398 
30 70 33 71 213 
91 64 77 31 336 
48 46 79 94 354 
16 37 17 80 373 
52 18 61 30 232 
70 72 86 91 112 
63 101 34 73 249 
40 26 63 57 301 
45 68 37 93 229 
99 65 56 69 332 
37 75 20 101 196 
14 11 6 15 342 
21 80 88 4 89 
49 14 8 33 201 
92 77 62 6 200 
86 83 70 74 246 
8 18 19 9 375 
90 83 35 25 200 
