2 2
100
27 13 192 
79 68 178 
37 96 43 
66 5 103 
34 101 279 
67 30 252 
72 72 388 
11 18 157 
82 19 324 
33 84 362 
58 74 286 
3 101 329 
88 8 211 
55 29 405 
71 41 178 
70 70 194 
26 37 216 
19 37 283 
42 18 388 
11 99 200 
66 7 51 
23 11 129 
57 33 407 
90 82 91 
12 20 176 
98 42 316 
97 14 202 
34 8 193 
38 41 152 
3 64 342 
88 79 38 
5 91 94 
89 50 124 
14 15 153 
49 39 228 
33 9 70 
28 46 308 
20 16 348 
102 34 402 
67 87 286 
96 56 281 
18 4 11 
15 9 121 
22 10 378 
49 85 406 
14 87 284 
93 7 131 
22 76 75 
10 70 260 
26 5 233 
26 24 254 
62 20 240 
70 33 144 
55 19 406 
89 8 147 
85 72 129 
88 89 194 
31 76 327 
40 76 325 
53 10 139 
41 91 20 
74 98 352 
32 89 264 
43 46 218 
36 40 359 
34 35 280 
84 28 400 
34 40 65 
12 97 198 
84 24 181 
81 19 98 
3 17 116 
97 17 42 
51 54 339 
69 46 179 
96 97 149 
94 8 169 
13 71 335 
38 8 210 
91 65 6 
40 50 267 
22 64 109 
32 35 95 
62 39 74 
61 35 300 
17 68 383 
74 18 5 
14 92 69 
5 70 200 
43 67 37 
79 8 214 
11 14 18 
20 48 336 
19 66 250 
15 34 279 
25 54 147 
11 23 167 
59 19 194 
2 28 238 
51 19 385 
