6 4
100
20 73 70 74 15 60 664 
58 78 53 50 38 96 660 
78 4 28 6 19 11 502 
32 100 67 73 52 56 536 
10 86 32 49 35 21 220 
28 85 74 86 63 18 717 
23 35 10 76 53 17 485 
58 22 28 100 6 24 724 
75 4 3 65 6 18 390 
95 23 3 4 77 56 407 
21 56 23 58 96 76 72 
67 59 99 101 41 8 423 
66 6 51 32 99 40 438 
82 73 22 59 102 42 233 
14 10 74 78 63 12 304 
67 7 44 12 50 82 65 
47 6 67 67 11 98 236 
19 54 75 80 18 98 318 
85 2 101 96 35 82 436 
51 27 24 80 99 17 807 
101 9 21 50 60 48 288 
69 58 94 93 46 102 770 
58 101 100 47 15 100 668 
7 46 19 17 102 56 784 
80 45 89 15 83 32 150 
47 55 32 60 52 6 132 
47 9 5 91 83 61 764 
28 26 36 86 18 19 770 
65 5 35 60 94 41 727 
15 7 80 65 72 78 86 
48 70 89 65 96 68 491 
39 16 28 21 97 4 424 
20 55 31 67 15 26 672 
53 99 2 61 67 29 259 
3 27 28 13 85 85 659 
59 49 22 24 53 36 215 
91 9 41 98 39 39 775 
54 51 100 59 54 30 776 
72 89 6 32 41 31 290 
90 102 11 15 21 73 501 
8 11 45 63 92 58 502 
92 63 65 30 92 39 403 
78 30 55 32 57 88 706 
63 18 94 15 8 93 8 
9 32 86 20 68 36 379 
43 57 98 65 74 36 655 
27 44 4 51 94 88 103 
73 57 84 66 87 77 371 
94 53 51 86 67 63 675 
33 81 12 25 5 5 291 
75 59 70 85 54 8 290 
77 92 65 16 7 90 295 
77 3 56 83 61 3 394 
6 49 81 8 75 99 767 
65 94 28 91 85 79 802 
100 17 82 35 70 12 146 
63 87 72 63 74 49 463 
80 58 45 46 4 89 563 
12 91 79 81 11 43 100 
100 40 26 23 13 40 626 
89 76 49 93 93 33 358 
64 11 48 3 53 39 694 
38 85 47 83 92 31 716 
28 5 57 62 71 8 507 
49 48 41 63 11 82 740 
84 97 55 13 59 27 394 
82 34 80 60 6 29 513 
57 81 42 24 10 91 499 
73 95 33 24 27 84 120 
65 8 42 44 59 96 438 
90 94 72 35 6 42 378 
74 78 3 67 81 101 757 
68 101 41 3 93 32 94 
5 24 91 34 45 36 137 
27 41 18 48 35 11 549 
90 72 91 6 51 17 810 
18 32 60 48 84 24 789 
9 2 43 69 67 44 693 
71 83 3 63 8 32 377 
40 87 20 48 92 28 644 
31 52 99 44 17 14 705 
95 33 88 63 14 22 150 
40 77 82 70 69 84 151 
91 90 45 45 87 55 642 
47 42 3 94 98 20 643 
52 46 27 52 32 101 624 
53 17 102 96 12 30 812 
12 40 80 25 45 63 324 
64 56 100 31 61 10 396 
93 87 71 17 4 41 720 
34 57 20 39 86 44 313 
74 45 51 78 27 81 286 
3 25 71 55 59 41 714 
92 29 23 73 93 30 487 
33 33 81 9 91 13 637 
85 62 88 62 21 3 735 
13 51 56 36 31 15 732 
64 101 64 47 2 3 340 
30 99 68 95 16 81 344 
14 72 70 39 70 59 149 
