2 2
100
45 58 215 
23 37 301 
29 101 75 
32 17 133 
60 6 343 
46 36 104 
26 78 351 
33 11 186 
14 98 311 
74 54 359 
51 66 173 
94 94 319 
31 52 263 
60 55 332 
93 18 316 
19 36 335 
22 13 67 
61 89 405 
44 14 192 
9 11 159 
100 57 192 
32 83 211 
92 69 51 
8 16 342 
63 69 94 
7 42 377 
70 97 252 
96 54 171 
74 92 314 
45 51 326 
33 24 169 
28 62 401 
36 63 145 
28 29 277 
72 16 394 
34 100 83 
79 39 296 
56 41 56 
79 5 14 
7 60 372 
77 49 72 
34 77 374 
45 37 29 
26 72 323 
59 44 278 
96 26 156 
47 42 376 
59 68 51 
9 79 341 
30 51 232 
97 31 14 
46 53 327 
52 40 162 
7 92 258 
15 54 275 
95 99 394 
47 85 324 
67 62 76 
101 20 331 
7 27 399 
10 17 351 
52 31 169 
78 15 372 
90 46 353 
101 42 205 
31 45 59 
47 16 326 
89 85 270 
79 33 282 
87 47 138 
101 47 54 
44 99 306 
79 65 97 
28 19 342 
7 59 162 
95 68 83 
70 72 303 
69 62 46 
20 23 133 
22 75 401 
74 93 279 
60 91 401 
75 59 180 
77 54 327 
93 21 395 
98 84 105 
29 86 264 
51 19 307 
61 34 347 
4 26 308 
45 59 370 
27 56 107 
18 50 278 
43 21 39 
78 95 74 
96 78 170 
16 24 163 
9 96 360 
36 25 305 
95 100 233 
