6 6
100
7 34 71 55 21 26 228 
73 69 27 91 46 13 825 
21 34 9 42 3 68 818 
24 74 73 30 33 99 910 
9 11 40 101 19 102 934 
34 91 31 17 76 34 200 
40 87 101 97 101 69 467 
72 39 102 31 38 74 1020 
62 101 27 90 28 46 784 
61 90 92 29 14 93 1064 
45 80 27 29 36 53 1027 
89 74 35 34 32 38 451 
74 40 72 83 29 95 885 
93 6 29 50 89 54 972 
100 11 70 89 78 53 329 
60 76 4 4 24 101 885 
29 94 57 98 10 29 1062 
52 23 47 86 100 17 646 
77 100 80 49 100 6 1100 
65 66 47 56 87 12 165 
66 70 82 8 96 102 781 
13 74 55 82 27 95 587 
90 25 5 80 39 76 1023 
78 26 57 25 97 84 778 
30 12 43 25 19 75 1054 
55 67 81 7 17 91 781 
28 28 69 76 14 44 923 
43 44 79 50 38 32 1066 
46 27 84 100 20 2 1015 
64 13 59 10 21 64 429 
60 26 75 24 87 22 617 
101 90 52 85 42 90 1068 
70 67 76 83 46 101 118 
43 98 8 99 91 83 790 
16 12 68 95 82 42 1018 
20 5 29 53 12 39 552 
39 35 17 79 14 98 1146 
49 84 28 78 65 27 214 
30 69 27 98 41 88 1034 
80 86 93 62 50 6 612 
63 50 33 36 64 66 47 
66 93 22 79 87 73 825 
30 42 19 19 17 68 1103 
38 4 56 73 53 63 724 
51 27 19 66 94 46 1044 
37 98 44 2 63 16 789 
78 7 22 56 17 19 612 
46 76 45 35 40 62 314 
48 78 64 14 6 47 180 
68 5 15 96 29 84 1140 
46 77 19 56 54 28 728 
99 37 19 38 45 11 64 
53 76 33 55 86 62 1084 
21 82 91 59 71 52 131 
4 9 62 90 37 59 1218 
101 28 81 88 36 68 607 
43 47 78 63 37 11 181 
31 83 42 45 24 7 307 
97 30 99 85 78 51 1162 
30 59 50 10 54 8 645 
50 54 69 52 96 41 956 
37 15 98 36 42 98 887 
28 22 46 15 54 77 45 
100 84 5 60 19 57 167 
90 30 54 85 6 64 995 
31 75 96 31 67 49 742 
17 2 52 38 55 24 25 
39 6 97 102 33 51 619 
72 67 94 78 86 67 570 
87 46 52 38 36 93 1188 
49 53 86 89 30 45 1007 
84 55 25 66 34 14 625 
26 59 85 75 15 33 718 
10 4 54 83 84 16 369 
58 101 101 21 33 7 1102 
55 13 15 5 8 70 1085 
14 71 14 54 55 97 751 
89 69 66 23 62 40 476 
51 34 8 47 31 54 311 
56 26 47 3 9 63 871 
47 72 72 9 65 72 1185 
35 42 31 31 21 71 846 
34 38 100 73 68 53 53 
82 9 60 79 18 65 709 
47 69 53 48 36 92 514 
99 96 16 100 70 44 192 
94 79 18 12 86 58 265 
90 49 32 43 12 69 805 
65 14 32 48 9 41 1075 
75 79 85 86 80 29 430 
44 86 75 100 11 91 1077 
32 44 69 35 9 38 703 
22 23 7 27 25 78 422 
84 86 53 64 5 30 233 
2 35 28 7 31 88 570 
65 59 45 3 80 80 403 
72 65 16 102 4 32 642 
58 80 61 57 53 3 723 
102 24 38 8 63 71 368 
11 43 30 80 52 13 710 
