2 4
100
94 17 228 
21 13 463 
67 52 579 
64 38 579 
82 29 775 
21 47 178 
47 15 643 
80 52 200 
93 49 412 
17 3 237 
38 58 192 
12 67 431 
24 80 269 
94 19 652 
32 33 286 
9 16 359 
16 10 802 
18 38 132 
14 16 537 
5 30 524 
8 53 400 
44 28 659 
50 72 506 
44 99 551 
91 56 787 
101 50 156 
91 86 272 
8 3 757 
33 23 164 
9 100 420 
89 20 403 
71 87 537 
33 90 43 
56 62 358 
84 74 92 
33 29 670 
22 15 536 
49 16 363 
33 102 410 
58 13 43 
63 42 589 
13 57 645 
20 22 560 
33 70 493 
16 37 201 
91 27 240 
84 102 765 
40 90 698 
88 42 38 
7 40 699 
18 77 624 
2 95 159 
74 73 135 
34 15 55 
15 91 364 
7 35 644 
22 44 614 
23 77 98 
13 25 429 
89 27 125 
77 15 675 
85 17 763 
86 16 341 
7 20 435 
15 52 710 
89 26 808 
43 83 59 
28 87 783 
12 97 2 
67 91 576 
69 87 381 
3 60 813 
26 33 601 
53 23 159 
39 17 198 
24 10 206 
27 26 804 
55 48 363 
10 51 230 
89 75 167 
95 21 205 
73 40 267 
9 14 751 
89 65 766 
27 92 484 
90 90 576 
74 90 710 
77 42 528 
74 15 323 
4 95 72 
74 39 475 
55 60 19 
96 68 623 
94 17 784 
35 39 497 
7 30 456 
87 22 496 
60 17 687 
35 21 649 
62 101 206 
