6 2
100
64 30 88 20 23 18 216 
54 29 4 45 37 19 71 
89 36 17 84 47 51 344 
47 90 6 90 66 35 19 
64 6 22 13 94 2 137 
34 20 66 86 48 5 399 
61 65 66 11 45 22 215 
11 28 82 82 51 101 74 
41 84 31 59 84 51 364 
26 84 34 45 19 86 229 
18 53 100 101 48 88 350 
27 42 81 23 15 54 218 
79 42 33 45 3 17 376 
38 36 29 66 56 10 145 
84 34 69 28 38 99 380 
77 84 83 5 15 34 60 
44 52 38 71 99 38 190 
43 3 102 18 71 66 327 
19 73 37 94 80 53 179 
10 14 96 79 57 62 11 
61 52 42 90 86 80 383 
86 93 97 59 74 91 165 
33 69 12 70 35 15 238 
12 47 13 37 83 73 139 
40 44 94 44 78 46 338 
52 62 31 87 88 88 137 
83 43 37 8 64 6 314 
47 86 11 24 49 46 199 
7 31 55 4 9 62 186 
51 5 17 99 47 59 331 
9 84 85 49 29 27 122 
7 78 31 22 69 59 381 
60 84 22 30 102 36 187 
33 78 85 81 28 90 132 
40 22 11 19 48 98 154 
5 29 78 23 21 21 3 
55 25 85 42 5 54 371 
22 97 70 47 25 37 314 
8 102 70 3 39 99 273 
57 22 4 23 63 58 225 
58 46 10 82 17 47 316 
54 2 40 25 38 43 73 
27 43 74 25 62 63 396 
29 9 22 84 24 35 401 
5 82 21 44 98 38 265 
53 63 66 10 92 101 218 
102 32 79 3 58 51 126 
82 32 100 3 97 60 118 
39 90 100 96 14 81 203 
22 21 83 42 7 55 300 
82 10 17 72 63 46 113 
80 45 83 67 86 70 96 
52 23 43 2 80 38 62 
75 68 16 80 22 6 325 
13 98 63 53 99 59 407 
24 85 33 36 16 3 242 
47 19 30 30 13 28 287 
100 43 42 29 18 61 31 
44 3 94 43 42 50 274 
49 23 16 89 13 25 113 
40 12 68 66 37 58 115 
52 88 52 11 79 11 52 
57 23 26 83 100 94 331 
84 41 95 76 55 94 401 
98 16 43 3 5 45 248 
33 75 66 83 5 81 375 
17 43 34 65 41 57 373 
102 92 8 14 33 48 226 
73 75 91 84 65 32 220 
73 12 10 76 68 54 102 
50 62 102 97 15 91 275 
99 64 14 17 39 9 393 
26 36 91 74 99 7 243 
2 76 101 42 52 40 181 
34 26 91 74 5 69 213 
32 9 19 20 59 90 302 
13 80 69 28 24 59 194 
77 21 4 72 48 67 194 
88 3 58 65 53 25 269 
40 25 45 37 42 46 383 
30 74 56 41 19 87 363 
99 34 16 29 83 99 231 
6 88 4 58 3 7 180 
8 63 57 8 67 10 301 
57 26 93 84 15 55 195 
50 50 33 31 82 60 365 
70 44 38 72 29 11 138 
38 42 80 41 41 52 90 
13 101 35 55 79 17 172 
10 24 47 70 45 11 233 
40 74 29 23 49 57 155 
21 21 39 40 101 42 76 
86 15 45 76 5 28 152 
51 100 78 5 45 49 248 
22 93 4 85 2 79 401 
70 53 20 95 98 86 373 
82 98 16 80 77 26 97 
11 4 96 42 85 22 364 
76 53 20 5 9 79 406 
30 36 57 101 65 22 66 
