2 8
100
22 16 561 
70 64 1357 
44 49 451 
3 8 1174 
73 20 1227 
9 96 113 
25 50 617 
67 81 214 
102 11 717 
97 38 36 
37 35 1472 
80 74 1050 
34 25 1055 
67 37 1070 
44 66 1186 
100 61 885 
64 60 1481 
4 58 1547 
101 57 584 
23 70 869 
41 48 194 
27 67 1186 
84 95 748 
13 77 1166 
44 59 219 
74 25 238 
42 3 814 
92 36 1268 
13 36 1250 
97 80 289 
31 13 885 
13 28 1439 
56 19 1615 
2 19 1082 
10 53 1360 
21 62 1615 
84 29 516 
23 83 1093 
5 52 205 
36 16 518 
98 88 240 
30 84 1044 
19 33 514 
27 20 106 
18 42 1387 
86 83 1356 
96 94 1209 
80 16 835 
88 9 487 
89 10 1247 
78 22 46 
69 6 493 
54 82 1119 
21 4 471 
70 58 147 
27 8 665 
84 22 1115 
31 42 361 
60 21 1185 
65 44 1221 
36 32 374 
57 51 1611 
6 50 595 
57 34 20 
17 77 1469 
47 12 938 
44 63 31 
91 7 1438 
10 48 1305 
83 12 1394 
60 90 624 
96 87 1175 
8 15 117 
12 23 939 
6 29 1436 
69 17 1059 
34 14 141 
17 23 1325 
75 47 407 
37 49 52 
21 25 628 
53 99 715 
65 23 1462 
20 41 1589 
52 34 646 
46 87 1276 
2 43 516 
17 51 1591 
79 44 1092 
59 23 659 
49 73 1074 
6 93 1605 
21 55 488 
46 6 1534 
77 16 1191 
13 67 1457 
44 31 984 
49 37 98 
74 6 1215 
43 76 897 
