8 8
100
80 99 37 15 6 56 88 85 1063 
13 8 17 84 87 99 80 92 902 
80 102 65 17 14 32 18 48 1458 
93 13 14 6 86 15 44 48 1498 
15 65 99 26 25 60 71 84 1313 
95 89 82 13 71 88 78 99 777 
40 65 87 7 99 60 67 97 1166 
55 9 23 5 41 41 8 67 446 
60 56 78 7 48 32 52 25 962 
12 82 44 27 30 89 67 7 1368 
9 11 68 41 61 30 88 18 1227 
61 93 50 43 7 7 61 20 700 
73 35 19 58 57 76 101 57 250 
31 30 81 36 39 37 57 101 910 
63 22 97 50 21 32 56 93 528 
13 71 77 39 68 12 46 96 1174 
69 53 56 94 41 6 15 59 1434 
98 27 55 15 87 8 51 100 1601 
49 25 16 89 3 66 43 90 1407 
42 94 64 72 92 46 65 90 785 
3 71 82 94 37 63 44 60 1075 
81 100 86 71 91 70 14 99 1153 
60 81 52 93 53 54 19 75 1066 
28 28 37 12 52 99 60 49 478 
20 58 90 55 47 45 100 64 1459 
4 73 5 95 60 95 75 7 150 
100 13 20 31 77 64 98 18 526 
32 72 50 89 13 43 41 96 676 
85 7 36 9 95 91 64 17 29 
64 35 70 45 39 47 90 62 598 
13 91 83 28 59 32 13 70 1514 
43 17 62 64 56 66 53 92 5 
77 93 20 31 68 62 63 36 1358 
66 89 35 5 101 53 7 30 79 
62 59 50 6 98 27 98 23 1625 
44 2 80 6 94 48 47 15 1121 
20 84 25 24 67 25 48 49 1308 
62 40 18 11 59 29 61 93 549 
54 73 97 95 35 47 62 21 554 
7 61 98 89 60 89 85 89 744 
84 41 94 28 60 52 47 38 1363 
85 35 45 54 47 3 15 95 684 
76 27 51 79 64 48 91 44 1427 
86 75 81 31 28 73 83 79 853 
44 28 15 47 51 99 64 79 1412 
93 55 17 97 76 68 47 11 1009 
99 7 79 48 39 18 64 62 1033 
6 56 8 74 73 69 51 73 1084 
31 31 78 54 18 87 61 100 1443 
75 91 101 16 87 20 11 86 1187 
77 98 92 99 85 90 36 60 369 
82 21 84 49 49 5 101 18 1305 
88 47 91 94 89 41 30 91 1162 
67 92 71 91 65 88 97 76 1231 
79 34 48 90 20 60 64 81 1292 
8 28 45 97 17 71 40 25 649 
86 85 11 53 71 96 19 71 1097 
55 93 57 98 54 75 30 25 1364 
36 100 29 33 32 9 62 24 1042 
30 71 78 3 53 42 49 13 1483 
69 28 66 54 73 51 93 11 1441 
26 12 75 72 69 94 87 5 415 
15 55 55 3 93 49 32 91 1628 
93 55 42 17 51 43 84 63 1581 
22 84 29 80 42 22 21 38 195 
93 61 4 86 17 50 17 36 947 
40 67 37 19 24 84 51 102 927 
51 10 63 34 90 8 97 67 354 
100 37 15 34 84 57 37 41 490 
100 9 39 94 3 18 85 46 1564 
64 5 61 47 31 42 66 73 451 
53 61 73 98 91 52 28 19 1615 
47 7 85 81 84 85 54 53 1507 
22 59 10 47 50 46 12 35 1025 
64 55 8 75 71 13 30 86 1313 
61 4 21 89 68 86 19 41 632 
14 85 23 78 95 80 50 46 230 
22 8 12 29 87 58 89 66 1034 
95 73 39 74 54 101 5 95 804 
76 34 93 26 30 12 7 100 813 
44 88 63 30 28 27 99 10 1260 
72 34 19 64 2 4 23 26 1099 
4 43 33 24 75 102 31 76 193 
25 98 80 2 24 89 8 47 1274 
5 67 48 14 77 46 23 35 1003 
35 13 34 92 5 7 44 5 937 
21 22 15 63 101 54 15 76 198 
101 72 12 31 58 57 25 20 948 
23 92 68 89 3 43 40 98 1019 
81 35 95 76 60 21 32 90 404 
67 44 68 96 101 2 34 25 1027 
54 5 57 79 68 87 49 23 219 
93 33 22 74 25 5 91 35 671 
21 27 14 92 101 70 32 60 1245 
94 29 92 68 58 80 80 88 1513 
9 4 69 9 29 39 8 41 924 
7 95 21 66 7 68 61 14 1594 
53 64 6 89 49 10 11 57 1529 
25 27 78 44 96 39 12 84 514 
76 14 100 77 86 62 14 27 1060 
