2 6
100
63 19 1055 
20 10 717 
14 92 536 
84 36 708 
32 73 475 
68 95 379 
32 71 178 
60 72 996 
45 73 25 
85 26 967 
42 44 339 
19 31 321 
32 76 1078 
69 13 513 
42 98 881 
48 89 938 
51 21 493 
30 88 961 
63 5 572 
7 77 449 
59 30 808 
67 45 1131 
32 14 513 
15 38 234 
45 66 705 
75 20 902 
11 99 1031 
27 36 67 
41 14 680 
51 58 316 
81 27 1211 
53 12 1014 
78 77 658 
82 18 911 
37 38 1017 
23 87 278 
23 91 1045 
75 97 961 
54 33 1150 
63 28 374 
39 83 695 
18 35 130 
22 93 656 
77 99 529 
22 32 997 
12 93 1201 
24 20 332 
35 30 819 
42 8 368 
22 101 963 
91 17 601 
25 45 423 
20 21 42 
75 3 1147 
71 48 1129 
44 55 803 
99 45 500 
98 40 104 
5 6 650 
92 78 327 
83 102 1129 
77 88 997 
96 99 1068 
49 94 882 
97 52 204 
35 66 1001 
77 100 656 
66 25 693 
40 95 942 
43 22 474 
83 30 526 
79 94 20 
3 96 742 
13 50 690 
80 52 619 
71 3 1084 
94 72 493 
73 17 950 
75 18 934 
38 39 1135 
6 55 941 
51 68 786 
31 20 708 
17 34 853 
23 66 614 
99 88 897 
8 71 1128 
90 51 610 
100 12 156 
67 5 931 
27 68 701 
70 8 1158 
81 32 1036 
88 42 1013 
33 79 469 
73 52 631 
29 78 367 
5 32 831 
3 18 58 
29 52 679 
