8 2
100
99 87 27 101 30 33 55 33 276 
82 93 71 46 20 20 37 26 265 
48 26 26 52 39 79 91 97 194 
22 56 28 37 62 58 50 88 289 
7 45 30 95 56 24 60 75 245 
56 28 82 8 75 44 32 3 268 
41 49 50 50 11 35 85 35 313 
44 47 33 15 98 34 50 32 332 
39 56 72 3 94 66 19 38 282 
69 16 83 86 7 61 93 10 159 
25 59 35 97 11 23 48 18 118 
31 43 33 50 61 45 63 95 194 
97 40 57 87 33 76 66 18 78 
98 60 41 74 24 90 95 27 298 
50 45 46 52 57 78 37 90 386 
40 21 58 39 25 14 14 98 287 
86 40 28 61 33 95 4 52 238 
91 59 21 45 57 36 73 15 207 
5 47 85 80 52 45 81 28 397 
65 60 37 29 62 28 19 11 355 
49 91 14 54 50 7 20 48 131 
77 97 66 24 69 12 64 11 206 
89 8 90 85 82 7 97 41 375 
25 64 99 95 28 48 49 26 99 
41 53 100 80 62 6 13 6 125 
35 43 93 27 67 53 78 32 17 
101 65 11 9 58 11 15 97 343 
37 84 72 20 77 45 88 25 238 
54 12 48 87 75 78 77 64 398 
2 100 99 48 19 98 44 50 248 
17 34 97 91 66 67 22 78 90 
63 17 68 50 41 44 95 25 83 
60 16 93 35 34 96 13 15 399 
89 91 67 76 78 29 84 73 371 
65 65 48 83 67 99 56 16 192 
33 54 61 57 55 96 78 86 142 
72 84 3 3 80 53 69 34 354 
58 89 41 41 68 70 53 32 246 
76 79 50 96 81 19 49 82 251 
41 35 38 74 100 94 95 14 363 
92 64 87 97 16 35 12 100 114 
9 95 88 92 5 25 35 4 30 
88 78 5 85 55 100 92 30 405 
53 86 91 50 48 56 81 63 275 
77 81 65 17 86 83 92 42 356 
78 51 32 15 40 98 87 9 150 
88 9 11 89 7 89 36 61 56 
41 62 48 34 13 44 58 60 97 
46 73 94 24 96 15 13 16 321 
72 40 48 95 64 42 19 96 221 
60 90 75 79 83 27 70 53 329 
43 46 40 89 59 82 75 43 146 
47 66 15 98 78 93 10 66 90 
69 48 99 9 16 19 90 100 289 
52 69 92 69 56 45 35 72 288 
43 85 83 68 23 23 6 75 124 
42 65 14 84 71 19 5 2 23 
85 36 31 23 101 61 11 25 304 
48 79 11 73 65 8 23 69 332 
42 3 27 78 5 43 89 50 145 
61 70 100 75 66 56 39 51 150 
43 22 86 25 59 100 49 61 390 
23 72 101 8 63 3 38 65 403 
82 9 33 90 35 53 25 52 223 
78 75 15 57 35 16 71 82 195 
100 20 47 29 32 46 48 69 320 
38 55 9 99 39 4 57 59 175 
7 55 88 35 101 8 45 72 351 
85 67 38 88 39 83 56 40 184 
56 55 79 89 44 69 75 89 399 
49 81 38 13 2 78 73 66 111 
63 67 20 41 86 61 60 65 9 
44 52 18 28 45 100 59 3 21 
67 20 13 22 62 14 10 98 372 
52 74 67 62 17 75 56 95 301 
29 17 71 20 31 81 67 33 153 
84 23 38 40 56 101 73 8 189 
18 43 6 9 32 90 70 10 374 
39 84 38 44 74 52 27 32 351 
38 49 90 34 57 32 77 29 307 
57 14 19 68 91 11 29 40 210 
71 22 87 83 52 23 89 30 201 
4 41 51 88 15 26 15 37 241 
60 86 89 77 34 6 15 15 391 
76 73 94 29 17 36 101 58 44 
3 56 99 69 47 29 83 75 355 
29 71 101 95 55 56 52 72 223 
67 96 90 83 71 39 27 15 235 
59 77 26 16 89 59 15 14 330 
64 93 41 62 96 61 19 88 184 
98 83 20 41 79 48 82 36 250 
25 22 88 62 44 34 71 26 399 
65 14 83 44 82 43 75 90 322 
18 6 2 31 66 85 94 31 131 
42 20 100 80 36 55 98 93 374 
97 4 51 9 93 72 63 56 300 
66 56 3 79 68 92 69 66 123 
63 96 58 5 70 15 2 32 28 
102 86 80 30 48 91 52 80 347 
32 11 16 32 69 12 11 31 305 
