2 8
100
41 68 1000 
82 89 941 
28 13 567 
4 101 436 
13 10 481 
70 49 1188 
9 15 1231 
82 4 717 
37 37 392 
11 63 332 
59 14 259 
12 61 446 
15 30 757 
19 62 1090 
54 40 674 
78 70 580 
19 11 848 
6 89 829 
91 60 1045 
19 47 843 
36 19 816 
16 47 1415 
13 3 801 
4 57 308 
28 92 874 
11 31 1047 
5 62 1093 
90 94 851 
70 55 409 
67 23 7 
65 97 1360 
97 86 700 
19 39 1508 
57 67 1107 
88 17 876 
35 80 1583 
99 82 482 
102 17 1386 
87 47 407 
100 48 1511 
64 48 1299 
51 41 980 
37 34 110 
13 94 1498 
74 50 1553 
101 4 1254 
100 37 1225 
30 70 666 
73 65 1314 
100 12 627 
20 21 1486 
102 95 311 
90 40 1246 
96 100 748 
92 89 1445 
40 30 1090 
92 87 705 
50 101 180 
20 36 1273 
41 80 1231 
82 39 356 
70 95 1189 
3 74 900 
78 13 1051 
3 7 612 
31 40 1326 
54 35 576 
16 11 402 
97 72 322 
82 84 967 
43 51 977 
3 16 991 
26 24 1531 
18 39 920 
14 16 1218 
81 50 1544 
75 90 1569 
99 89 731 
42 68 465 
99 75 374 
55 23 1463 
98 37 1005 
7 102 1481 
79 7 253 
89 38 1572 
81 4 1552 
52 18 367 
27 9 1534 
65 46 1024 
17 63 790 
34 29 801 
73 65 266 
69 18 1281 
15 76 783 
6 99 1356 
83 11 821 
50 63 1040 
35 49 927 
2 30 231 
98 35 1484 
