6 8
100
5 84 45 91 90 89 1049 
65 89 24 20 64 9 1093 
83 24 98 8 48 87 580 
75 89 67 73 64 26 568 
31 82 51 20 11 68 818 
47 23 27 15 90 20 1396 
8 87 67 80 58 30 1456 
79 93 95 80 76 24 488 
97 80 21 28 65 32 551 
8 76 3 55 43 19 574 
3 73 95 60 69 52 1102 
4 102 94 8 98 47 844 
91 58 42 38 46 22 821 
45 8 89 26 91 54 1627 
13 66 27 16 13 56 1239 
22 102 22 8 74 64 1528 
80 28 21 69 86 84 275 
20 63 19 99 99 87 959 
66 7 36 81 100 70 1472 
38 69 94 87 93 78 1131 
58 22 31 74 60 59 1051 
82 70 59 7 72 85 1531 
5 10 19 17 71 19 917 
96 88 29 76 96 5 693 
62 29 85 95 8 50 1003 
43 90 27 41 30 96 1371 
39 79 76 30 87 98 535 
60 77 72 24 61 15 1009 
37 4 100 65 55 24 336 
43 76 14 65 37 34 1018 
22 94 78 43 25 74 930 
10 55 48 12 9 12 23 
55 15 73 50 36 102 105 
88 29 77 77 74 65 1579 
5 64 67 52 66 72 621 
84 96 83 38 43 7 429 
51 54 56 48 14 21 1437 
63 43 18 3 35 58 562 
67 3 68 52 11 62 83 
93 83 62 45 41 65 1149 
20 92 14 95 97 82 611 
77 23 31 62 46 11 688 
23 52 51 33 16 6 288 
96 17 88 34 47 23 948 
74 96 5 75 58 20 702 
54 6 10 40 78 99 1460 
81 39 92 66 53 65 1135 
33 13 14 27 62 55 404 
77 28 63 52 61 81 63 
29 28 89 90 93 101 1134 
48 43 95 40 9 30 238 
80 97 70 95 60 91 664 
85 93 50 98 67 20 1258 
79 48 90 19 20 88 847 
14 5 78 62 66 2 1389 
72 21 89 55 27 12 1585 
33 95 59 2 93 65 734 
36 42 94 28 83 94 1123 
97 8 23 91 44 65 1078 
95 94 35 97 90 58 200 
75 63 45 42 10 82 755 
55 33 19 29 25 9 1259 
65 86 36 85 10 18 1235 
15 68 66 84 50 33 622 
3 26 8 4 10 35 1008 
81 51 88 75 15 25 678 
77 7 64 22 58 91 494 
10 101 14 83 41 38 977 
97 81 60 63 51 10 850 
9 13 26 17 76 17 1370 
37 50 12 97 96 36 623 
63 4 65 94 44 10 1516 
27 96 24 70 98 4 1362 
72 30 14 66 16 91 1114 
96 40 6 83 75 48 1205 
53 4 88 48 4 24 562 
79 97 71 9 2 61 1325 
19 5 49 80 16 3 1051 
22 100 33 81 47 72 1101 
66 60 12 71 64 21 1219 
94 38 25 96 82 51 1520 
36 45 59 16 32 89 1253 
37 60 5 62 48 11 511 
5 56 68 60 54 69 214 
39 60 40 41 42 8 400 
69 26 86 35 53 73 1402 
57 76 67 17 85 93 476 
3 9 11 18 12 45 1452 
83 58 38 30 84 82 1584 
87 21 77 92 83 54 1110 
35 21 28 96 40 47 796 
82 3 45 71 78 86 586 
53 31 25 32 65 37 1397 
70 50 7 71 93 91 1138 
57 92 26 4 40 63 1099 
90 84 24 74 100 42 23 
57 95 61 8 98 63 554 
93 55 62 20 19 84 1073 
74 23 27 49 58 81 417 
13 21 69 40 25 70 1035 
