2 2
100
63 71 384 
35 23 272 
4 95 222 
47 35 87 
73 53 113 
87 12 326 
92 6 57 
92 94 168 
30 52 120 
27 96 320 
84 23 66 
47 47 147 
23 18 320 
34 73 267 
9 18 130 
63 25 126 
26 66 189 
15 26 308 
9 72 311 
55 7 290 
39 79 406 
78 64 49 
7 28 28 
94 67 386 
4 60 138 
50 85 313 
11 69 113 
101 4 124 
34 71 395 
42 40 306 
61 69 45 
9 96 382 
68 33 220 
22 58 394 
26 34 404 
53 13 271 
44 60 354 
102 46 158 
46 41 309 
72 45 378 
17 67 359 
33 34 397 
86 96 261 
42 84 213 
25 91 48 
33 76 285 
33 83 238 
32 101 326 
90 62 97 
74 66 227 
20 98 359 
63 7 370 
11 95 406 
4 69 72 
5 4 311 
37 79 224 
29 15 264 
8 41 255 
37 87 271 
10 45 296 
76 14 125 
11 24 352 
66 64 344 
23 24 333 
72 31 57 
43 30 395 
6 55 340 
71 47 209 
93 14 236 
28 28 85 
26 2 203 
29 30 228 
89 96 326 
92 73 62 
72 8 370 
85 38 41 
51 96 232 
72 6 368 
91 7 272 
81 20 44 
31 40 146 
66 98 90 
34 45 5 
60 56 139 
19 16 336 
71 100 161 
62 10 310 
50 79 134 
66 57 392 
61 40 96 
91 9 311 
71 63 135 
81 9 41 
71 53 379 
11 93 163 
25 55 369 
10 23 28 
29 21 43 
36 83 250 
5 102 171 
