4 6
100
48 39 58 24 407 
71 52 23 55 196 
98 90 25 27 116 
45 44 74 46 125 
33 19 54 91 1043 
47 47 7 37 777 
51 65 36 65 1195 
39 91 92 3 1208 
98 20 43 37 390 
11 96 77 19 958 
33 37 95 52 804 
31 87 69 39 1085 
26 47 89 92 816 
35 56 62 30 880 
56 54 73 47 175 
15 78 19 59 930 
53 72 91 59 401 
16 71 86 99 834 
54 24 55 15 912 
53 33 53 70 1206 
57 36 49 47 294 
81 67 50 37 650 
55 71 13 63 462 
56 58 32 59 643 
66 71 65 62 242 
35 101 60 73 775 
83 27 50 60 254 
19 24 46 35 660 
52 23 51 46 181 
86 13 94 77 246 
97 3 96 18 424 
88 73 90 27 1118 
82 9 79 74 881 
30 22 54 43 251 
34 15 99 5 37 
45 22 21 47 443 
23 9 85 53 841 
82 33 34 26 424 
48 37 20 43 905 
45 46 79 74 1056 
65 61 54 57 1076 
84 6 93 15 1124 
68 54 45 91 857 
75 26 29 5 1128 
99 90 30 8 905 
99 96 58 31 737 
101 45 49 61 893 
64 57 30 65 1062 
78 42 21 34 843 
97 94 31 73 9 
21 19 76 82 1088 
77 33 48 83 1108 
90 50 63 55 1137 
25 7 86 18 96 
20 98 66 19 200 
59 71 99 39 969 
8 67 87 31 508 
84 72 69 72 1197 
34 11 49 74 1211 
30 81 68 41 567 
92 9 15 66 1009 
25 55 59 66 389 
8 36 10 4 1039 
25 65 35 14 137 
55 39 17 20 930 
11 51 94 20 1077 
80 5 60 93 1090 
100 54 23 48 229 
31 15 6 40 1122 
100 3 48 89 932 
67 48 57 30 1141 
55 95 97 90 902 
76 64 41 78 652 
5 78 20 15 1061 
73 44 88 95 1009 
42 36 79 29 956 
10 5 6 44 279 
34 50 32 100 447 
7 59 35 75 545 
69 75 30 87 1080 
23 85 35 3 66 
26 62 64 48 649 
21 18 70 12 807 
73 60 100 55 256 
57 49 22 78 996 
16 10 16 51 190 
69 8 94 41 694 
26 72 5 38 1212 
75 88 86 47 220 
91 92 26 9 900 
12 78 77 66 404 
77 66 59 21 1122 
17 48 15 32 1055 
15 27 31 55 510 
3 56 63 56 591 
71 65 77 60 1130 
26 86 9 77 73 
93 33 30 8 1002 
63 16 86 47 1022 
28 75 56 61 67 
