2 2
100
10 46 385 
51 26 27 
19 15 136 
13 8 182 
59 7 166 
51 32 307 
54 31 115 
27 86 278 
86 47 295 
98 97 207 
75 58 400 
16 25 356 
41 56 185 
39 86 141 
13 66 327 
12 8 369 
33 25 374 
79 10 305 
27 86 247 
28 67 321 
36 23 78 
85 40 204 
48 46 335 
55 12 313 
32 17 186 
96 16 82 
90 76 160 
84 67 292 
61 98 198 
25 90 161 
29 15 360 
68 5 257 
17 30 108 
32 65 257 
10 80 57 
17 48 379 
31 34 285 
43 40 372 
42 54 229 
49 26 171 
3 25 226 
45 28 395 
90 66 50 
84 80 351 
96 60 46 
78 75 358 
60 46 204 
58 96 233 
71 88 304 
99 29 209 
9 70 18 
86 31 167 
10 67 211 
19 29 338 
83 49 218 
86 49 330 
82 65 322 
70 91 328 
94 48 119 
100 76 163 
25 93 151 
63 77 44 
84 11 118 
72 71 35 
38 43 71 
69 76 193 
6 88 162 
96 19 260 
74 41 321 
25 95 339 
14 11 375 
14 96 145 
48 22 292 
45 4 155 
54 12 386 
73 34 197 
65 27 292 
84 97 358 
2 31 304 
75 91 151 
34 61 70 
48 61 243 
18 27 193 
84 23 222 
77 63 344 
4 43 30 
71 3 30 
32 62 277 
14 32 62 
6 13 266 
63 75 130 
37 13 176 
23 9 210 
37 56 32 
3 84 19 
19 9 139 
6 100 358 
69 6 356 
32 3 402 
51 36 120 
