2 2
100
19 97 236 
81 19 132 
49 43 40 
18 18 406 
66 9 209 
96 28 338 
39 25 94 
3 22 241 
34 44 253 
25 11 167 
41 6 357 
47 59 112 
20 47 86 
85 57 352 
31 62 360 
25 66 25 
92 56 144 
48 69 379 
75 18 306 
101 49 309 
72 26 135 
71 79 53 
14 21 208 
26 78 332 
64 56 277 
39 74 245 
73 11 316 
58 34 222 
8 95 150 
97 74 167 
54 22 399 
47 14 126 
55 62 340 
77 13 185 
57 69 322 
56 86 55 
27 38 178 
17 30 160 
100 16 376 
80 65 344 
78 19 193 
12 74 229 
86 19 171 
39 85 51 
79 97 397 
34 3 269 
77 54 38 
25 71 147 
99 39 374 
61 49 400 
40 77 398 
101 101 383 
100 47 387 
25 72 273 
73 90 218 
33 40 136 
43 68 57 
28 5 46 
77 55 196 
13 15 142 
66 27 288 
46 101 35 
17 79 391 
6 36 228 
73 54 335 
44 54 334 
85 68 403 
61 20 330 
87 14 295 
89 26 191 
48 89 134 
62 61 186 
98 30 363 
47 19 250 
39 40 131 
60 57 207 
31 35 6 
68 31 192 
38 8 31 
92 61 354 
38 30 219 
51 60 194 
25 13 383 
39 48 100 
95 40 201 
40 23 326 
51 29 234 
24 60 370 
48 82 238 
88 27 217 
40 9 282 
4 11 363 
10 90 328 
86 37 184 
59 94 358 
79 75 371 
100 100 344 
30 43 132 
32 16 287 
65 6 317 
