2 4
100
63 71 767 
35 23 544 
4 95 443 
47 35 172 
73 53 225 
87 12 651 
92 6 112 
92 94 334 
30 52 239 
27 96 640 
84 23 130 
47 47 292 
23 18 639 
34 73 534 
9 18 259 
63 25 251 
26 66 376 
15 26 615 
9 72 622 
55 7 579 
39 79 812 
78 64 96 
7 28 54 
94 67 772 
4 60 274 
50 85 626 
11 69 224 
101 4 246 
34 71 789 
42 40 612 
61 69 88 
9 96 763 
68 33 439 
22 58 788 
26 34 809 
53 13 542 
44 60 709 
102 46 314 
46 41 618 
72 45 756 
17 67 718 
33 34 793 
86 96 521 
42 84 425 
25 91 95 
33 76 569 
33 83 475 
32 101 652 
90 62 193 
74 66 452 
20 98 719 
63 7 740 
11 95 812 
4 69 142 
5 4 621 
37 79 447 
29 15 528 
8 41 509 
37 87 542 
10 45 591 
76 14 249 
11 24 703 
66 64 688 
23 24 666 
72 31 113 
43 30 789 
6 55 680 
71 47 417 
93 14 470 
28 28 169 
26 2 404 
29 30 455 
89 96 651 
92 73 122 
72 8 741 
85 38 81 
51 96 463 
72 6 736 
91 7 542 
81 20 86 
31 40 291 
66 98 178 
34 45 9 
60 56 278 
19 16 672 
71 100 322 
62 10 620 
50 79 268 
66 57 785 
61 40 191 
91 9 622 
71 63 269 
81 9 80 
71 53 759 
11 93 326 
25 55 738 
10 23 55 
29 21 85 
36 83 499 
5 102 341 
