8 4
100
99 87 27 101 30 33 55 33 550 
82 93 71 46 20 20 37 26 530 
48 26 26 52 39 79 91 97 387 
22 56 28 37 62 58 50 88 578 
7 45 30 95 56 24 60 75 489 
56 28 82 8 75 44 32 3 536 
41 49 50 50 11 35 85 35 626 
44 47 33 15 98 34 50 32 664 
39 56 72 3 94 66 19 38 562 
69 16 83 86 7 61 93 10 317 
25 59 35 97 11 23 48 18 234 
31 43 33 50 61 45 63 95 386 
97 40 57 87 33 76 66 18 155 
98 60 41 74 24 90 95 27 595 
50 45 46 52 57 78 37 90 771 
40 21 58 39 25 14 14 98 574 
86 40 28 61 33 95 4 52 474 
91 59 21 45 57 36 73 15 413 
5 47 85 80 52 45 81 28 794 
65 60 37 29 62 28 19 11 710 
49 91 14 54 50 7 20 48 260 
77 97 66 24 69 12 64 11 411 
89 8 90 85 82 7 97 41 749 
25 64 99 95 28 48 49 26 197 
41 53 100 80 62 6 13 6 248 
35 43 93 27 67 53 78 32 32 
101 65 11 9 58 11 15 97 686 
37 84 72 20 77 45 88 25 475 
54 12 48 87 75 78 77 64 796 
2 100 99 48 19 98 44 50 496 
17 34 97 91 66 67 22 78 178 
63 17 68 50 41 44 95 25 164 
60 16 93 35 34 96 13 15 798 
89 91 67 76 78 29 84 73 742 
65 65 48 83 67 99 56 16 382 
33 54 61 57 55 96 78 86 282 
72 84 3 3 80 53 69 34 707 
58 89 41 41 68 70 53 32 492 
76 79 50 96 81 19 49 82 501 
41 35 38 74 100 94 95 14 725 
92 64 87 97 16 35 12 100 227 
9 95 88 92 5 25 35 4 57 
88 78 5 85 55 100 92 30 811 
53 86 91 50 48 56 81 63 550 
77 81 65 17 86 83 92 42 711 
78 51 32 15 40 98 87 9 298 
88 9 11 89 7 89 36 61 111 
41 62 48 34 13 44 58 60 192 
46 73 94 24 96 15 13 16 642 
72 40 48 95 64 42 19 96 441 
60 90 75 79 83 27 70 53 657 
43 46 40 89 59 82 75 43 290 
47 66 15 98 78 93 10 66 178 
69 48 99 9 16 19 90 100 577 
52 69 92 69 56 45 35 72 575 
43 85 83 68 23 23 6 75 246 
42 65 14 84 71 19 5 2 44 
85 36 31 23 101 61 11 25 608 
48 79 11 73 65 8 23 69 664 
42 3 27 78 5 43 89 50 289 
61 70 100 75 66 56 39 51 299 
43 22 86 25 59 100 49 61 780 
23 72 101 8 63 3 38 65 806 
82 9 33 90 35 53 25 52 446 
78 75 15 57 35 16 71 82 389 
100 20 47 29 32 46 48 69 639 
38 55 9 99 39 4 57 59 348 
7 55 88 35 101 8 45 72 701 
85 67 38 88 39 83 56 40 368 
56 55 79 89 44 69 75 89 797 
49 81 38 13 2 78 73 66 221 
63 67 20 41 86 61 60 65 16 
44 52 18 28 45 100 59 3 41 
67 20 13 22 62 14 10 98 744 
52 74 67 62 17 75 56 95 602 
29 17 71 20 31 81 67 33 306 
84 23 38 40 56 101 73 8 377 
18 43 6 9 32 90 70 10 748 
39 84 38 44 74 52 27 32 702 
38 49 90 34 57 32 77 29 613 
57 14 19 68 91 11 29 40 419 
71 22 87 83 52 23 89 30 401 
4 41 51 88 15 26 15 37 482 
60 86 89 77 34 6 15 15 783 
76 73 94 29 17 36 101 58 87 
3 56 99 69 47 29 83 75 711 
29 71 101 95 55 56 52 72 445 
67 96 90 83 71 39 27 15 469 
59 77 26 16 89 59 15 14 661 
64 93 41 62 96 61 19 88 366 
98 83 20 41 79 48 82 36 499 
25 22 88 62 44 34 71 26 798 
65 14 83 44 82 43 75 90 644 
18 6 2 31 66 85 94 31 261 
42 20 100 80 36 55 98 93 748 
97 4 51 9 93 72 63 56 600 
66 56 3 79 68 92 69 66 245 
63 96 58 5 70 15 2 32 53 
102 86 80 30 48 91 52 80 695 
32 11 16 32 69 12 11 31 610 
