8 4
100
34 15 63 62 50 17 92 87 451 
3 89 102 63 71 73 84 6 567 
83 45 13 57 28 92 71 53 811 
73 60 3 40 5 3 23 8 508 
98 63 85 68 78 30 91 57 366 
76 7 51 24 79 97 35 14 787 
73 79 89 73 93 99 18 21 220 
56 65 86 101 42 65 11 88 349 
88 17 70 85 69 73 47 97 377 
53 52 83 8 7 94 7 52 238 
77 27 72 88 52 59 3 37 751 
63 77 67 87 14 93 54 48 792 
31 90 12 19 28 98 53 67 567 
48 49 60 94 96 91 36 37 497 
75 3 67 13 83 34 81 86 167 
83 68 39 92 56 61 97 78 506 
21 60 102 76 37 87 89 57 716 
36 71 83 78 53 80 32 82 373 
34 20 9 80 40 44 78 72 810 
34 58 95 100 100 21 29 18 625 
63 101 68 82 26 28 46 46 125 
42 7 17 61 62 76 16 64 472 
57 43 22 60 100 67 88 57 812 
97 38 73 64 50 37 3 71 658 
82 55 96 83 36 95 28 38 532 
86 75 98 21 87 37 63 74 612 
58 5 3 3 96 71 28 52 73 
46 79 59 82 60 93 96 36 77 
65 76 9 29 34 64 102 3 672 
5 78 53 38 3 78 62 47 538 
81 81 61 28 57 86 87 85 479 
10 7 16 8 27 53 28 100 800 
70 31 74 41 4 94 88 25 600 
60 10 78 83 22 15 27 17 449 
52 40 22 24 45 51 5 93 791 
70 100 53 2 12 6 80 94 134 
96 42 79 69 42 34 13 29 609 
84 30 87 3 83 12 98 78 490 
80 48 88 25 38 12 97 20 207 
24 60 100 74 5 30 99 33 609 
80 85 100 90 14 18 76 23 519 
14 68 19 43 6 35 46 102 377 
32 74 6 69 74 23 8 91 566 
78 12 27 59 7 52 38 20 759 
64 92 36 73 50 18 49 85 425 
10 83 56 67 31 5 84 69 483 
73 13 14 79 84 25 48 100 89 
41 57 64 69 8 88 42 84 78 
14 61 25 90 22 90 71 100 68 
18 13 83 24 78 39 93 67 65 
83 87 11 14 27 52 7 10 233 
92 43 77 70 27 49 96 72 68 
38 84 93 25 10 85 17 33 712 
31 19 81 26 78 43 80 61 791 
3 2 36 75 85 14 62 81 469 
35 50 89 37 30 8 31 57 674 
19 60 79 27 99 96 65 78 743 
51 68 67 36 92 68 52 95 571 
76 64 101 81 65 31 28 84 677 
3 96 91 76 97 23 60 63 7 
22 78 5 42 13 10 23 13 112 
95 101 59 23 87 36 38 57 758 
86 41 97 51 101 17 13 64 663 
4 77 73 46 78 32 67 32 144 
69 36 54 93 60 54 17 36 672 
28 82 11 57 40 42 30 77 181 
7 73 79 90 31 51 29 21 292 
45 51 26 30 58 57 19 71 178 
43 95 83 45 36 67 35 88 671 
74 49 39 33 18 3 10 62 487 
43 81 7 5 66 40 18 74 693 
61 100 26 57 40 71 20 89 670 
43 64 39 13 57 45 69 57 593 
100 14 35 25 22 98 97 78 734 
19 41 30 45 29 64 83 77 717 
60 19 11 70 15 31 21 69 795 
25 31 27 64 38 11 68 20 492 
54 38 80 30 62 64 81 3 391 
56 100 38 77 33 82 57 10 311 
66 32 101 5 6 56 101 74 384 
67 57 5 21 79 10 4 30 318 
12 33 59 49 91 14 83 67 558 
64 50 101 46 8 30 73 4 718 
63 51 34 26 31 89 17 16 377 
47 36 23 29 76 4 43 47 634 
83 19 43 89 24 41 87 39 202 
50 23 51 77 50 77 22 42 650 
9 89 4 72 34 77 68 38 252 
49 37 76 98 5 63 52 93 694 
49 76 29 95 40 94 65 68 758 
99 72 89 48 9 35 25 36 479 
78 13 87 68 24 88 10 40 22 
52 54 20 90 27 59 92 76 543 
55 17 50 12 9 68 84 71 545 
46 3 30 43 75 71 4 76 654 
2 83 54 43 86 2 91 14 117 
77 11 46 32 58 35 69 72 159 
12 67 5 21 85 55 21 66 307 
76 12 81 50 87 53 79 92 754 
16 14 32 50 23 97 54 9 487 
