6 6
100
98 80 82 97 67 96 733 
39 82 29 74 39 60 997 
6 52 101 13 89 79 935 
32 13 15 82 87 24 910 
96 70 27 48 3 75 548 
34 40 40 73 60 8 1158 
82 80 45 22 40 40 843 
46 62 94 97 77 27 810 
68 68 16 83 74 87 523 
14 4 29 38 87 39 878 
14 63 42 31 73 84 603 
36 73 62 49 87 7 614 
11 35 52 28 50 81 802 
74 26 93 88 22 54 837 
77 18 86 55 3 99 397 
101 54 68 6 45 19 403 
98 56 35 89 82 95 43 
72 78 12 39 60 8 485 
39 51 45 53 32 83 714 
57 78 96 86 10 20 121 
82 86 24 6 64 35 935 
71 59 100 42 61 67 72 
42 76 17 45 93 95 757 
5 25 55 16 38 77 499 
80 41 5 74 77 96 1091 
94 90 35 99 76 65 831 
94 47 12 72 18 55 187 
4 81 43 19 27 50 949 
63 71 93 28 60 38 1117 
20 97 71 86 73 19 584 
88 84 48 19 32 96 137 
80 45 45 22 24 28 929 
62 64 57 52 48 14 386 
20 44 73 17 29 79 901 
52 44 88 46 38 69 195 
99 98 102 97 56 68 1008 
28 50 7 38 12 17 717 
35 16 36 28 7 18 833 
42 77 4 4 19 40 349 
3 59 78 88 60 62 773 
68 57 57 94 47 51 1130 
96 68 81 19 63 17 212 
30 54 21 33 53 50 693 
23 100 95 39 31 56 307 
93 32 52 54 57 97 813 
61 81 36 62 69 78 561 
11 25 87 58 25 13 899 
8 59 57 9 14 9 563 
59 64 57 18 97 69 51 
38 31 67 8 22 53 843 
74 86 73 86 74 13 139 
77 10 83 8 45 54 1040 
75 97 47 45 91 22 24 
19 81 46 74 10 44 899 
96 22 52 5 62 7 411 
75 86 24 42 98 37 1011 
56 76 12 55 18 21 777 
36 22 65 33 32 69 670 
7 30 15 66 71 40 989 
90 33 5 84 49 54 1221 
13 25 4 95 88 21 772 
7 36 21 95 25 12 733 
2 89 74 32 40 81 829 
59 12 79 29 99 4 817 
46 9 72 71 70 66 285 
99 63 39 47 50 94 1223 
96 95 73 48 30 23 1069 
46 33 54 11 75 34 666 
15 28 69 91 19 98 753 
29 51 26 57 48 39 46 
28 37 87 92 89 70 767 
19 8 82 71 83 81 3 
78 20 61 97 34 71 1025 
37 73 58 32 97 40 820 
46 49 93 83 86 86 214 
98 69 22 88 66 94 1179 
22 88 22 39 19 63 628 
33 66 62 17 70 22 1118 
67 32 61 94 31 98 884 
61 91 90 98 98 85 981 
53 42 11 69 79 89 185 
86 38 96 80 79 18 168 
85 33 69 19 66 28 382 
39 62 96 37 98 26 753 
99 34 42 23 81 73 977 
26 53 50 93 34 78 985 
96 67 15 54 82 61 925 
60 23 82 34 59 51 174 
81 17 34 83 65 56 1064 
5 56 59 100 47 36 717 
81 21 28 33 52 53 526 
97 83 85 18 67 88 476 
13 62 91 24 24 68 552 
38 18 12 71 25 96 1112 
14 58 56 37 27 19 969 
4 56 3 9 100 73 1032 
36 51 67 100 70 50 1124 
95 70 78 25 70 15 528 
5 18 64 29 59 54 1022 
27 31 83 43 71 62 117 
