6 2
100
96 22 101 18 31 37 52 
24 85 16 26 20 30 186 
72 72 48 93 67 75 105 
96 81 64 81 46 80 95 
72 81 68 98 97 47 385 
29 76 12 31 98 91 308 
37 44 94 51 6 45 47 
15 52 12 4 38 99 408 
43 40 40 86 59 92 214 
6 50 30 26 85 53 178 
97 38 64 71 86 52 243 
39 71 32 42 38 14 233 
31 58 96 61 49 96 349 
38 74 47 41 102 25 127 
95 66 27 23 94 70 73 
16 50 35 54 49 43 19 
71 10 46 23 80 97 306 
94 36 67 38 59 60 242 
65 19 32 86 29 31 181 
7 7 21 46 46 41 62 
10 63 8 2 56 83 278 
67 3 20 24 30 58 5 
33 62 87 37 12 61 209 
33 5 71 23 14 62 259 
5 27 79 36 58 62 344 
74 61 38 5 78 93 403 
19 14 64 101 75 45 304 
47 35 11 36 83 66 316 
60 40 82 44 23 7 254 
77 43 90 74 98 19 240 
3 52 34 36 70 54 59 
94 9 24 41 19 91 234 
94 70 2 77 98 9 60 
23 58 63 57 88 39 170 
73 76 29 79 29 18 183 
86 79 102 15 14 65 270 
33 60 4 7 18 7 340 
74 90 99 102 12 46 327 
96 73 81 83 18 75 86 
35 97 64 92 75 15 35 
94 2 64 87 45 50 368 
100 61 52 73 34 60 403 
88 32 79 19 73 67 368 
8 23 34 98 93 47 398 
65 42 17 44 94 77 329 
89 37 17 68 98 92 390 
14 31 12 86 16 24 193 
67 87 75 4 50 20 350 
81 32 91 55 5 95 144 
21 37 31 41 85 20 404 
97 64 53 77 77 97 383 
94 24 14 79 25 53 401 
57 45 43 47 59 97 33 
8 28 16 96 99 63 381 
96 84 47 33 6 50 288 
25 24 29 75 25 94 357 
10 79 78 81 44 39 262 
94 90 97 28 25 93 364 
38 39 84 80 36 3 399 
42 69 47 22 4 30 131 
23 16 73 36 5 22 399 
51 40 16 57 26 31 11 
96 52 7 82 59 83 353 
87 47 98 91 93 92 276 
12 33 61 42 11 34 291 
76 25 94 22 73 93 356 
102 69 24 12 73 98 191 
19 42 42 48 49 47 149 
71 78 47 14 33 32 162 
9 57 18 17 99 33 83 
29 16 62 87 92 101 348 
79 75 82 22 96 23 379 
93 22 96 64 89 37 20 
49 49 10 42 63 50 379 
15 9 97 76 66 29 367 
28 82 62 58 48 53 375 
4 67 94 39 12 49 66 
37 24 55 12 98 17 325 
68 53 47 31 54 94 264 
69 87 48 31 96 5 265 
42 35 8 43 86 15 185 
84 19 6 53 3 79 317 
87 44 66 70 13 12 246 
31 17 29 96 61 29 147 
82 48 9 18 45 53 389 
91 49 72 14 5 36 342 
37 43 80 53 17 89 336 
45 84 63 85 95 7 48 
20 81 49 27 87 12 12 
73 98 38 60 28 84 391 
97 96 58 11 78 78 383 
76 51 46 45 42 55 150 
65 48 35 53 48 86 290 
70 25 89 19 27 83 261 
47 45 95 91 7 88 200 
90 7 76 19 30 20 180 
31 5 84 47 58 68 33 
52 4 9 82 101 27 109 
73 71 93 53 97 32 119 
9 53 56 38 69 90 306 
