4 8
100
14 79 52 66 588 
4 91 62 91 127 
16 81 88 66 1231 
78 20 56 43 344 
3 59 91 72 1418 
27 48 79 55 1425 
65 20 4 59 1073 
101 98 59 21 1265 
30 39 26 69 1469 
93 96 22 86 1154 
97 77 16 43 1299 
57 90 83 79 175 
58 13 9 4 735 
99 78 31 100 1252 
82 64 36 66 1510 
67 35 25 82 1569 
34 28 96 84 1505 
90 5 63 80 170 
13 17 82 11 356 
19 32 24 24 1524 
16 67 24 9 1481 
35 43 53 51 244 
24 67 3 83 1287 
32 20 27 12 939 
95 17 53 90 1073 
67 84 27 44 1234 
37 14 3 88 1334 
69 5 89 93 960 
49 55 15 65 1439 
48 16 101 32 1494 
101 7 14 66 2 
101 16 36 43 422 
53 17 10 75 1301 
13 66 17 101 194 
29 32 36 53 179 
43 5 90 102 326 
53 85 98 53 1243 
33 102 39 88 1346 
55 71 48 68 122 
33 46 42 85 1265 
84 101 102 20 1057 
71 73 63 55 968 
99 28 37 23 1222 
70 22 60 99 802 
13 29 30 19 955 
60 87 70 46 1301 
99 65 7 24 625 
54 86 79 88 118 
62 41 86 29 1399 
30 36 27 93 639 
13 88 45 36 1085 
57 73 85 62 111 
86 5 19 76 1025 
36 23 15 85 383 
87 44 74 92 1458 
74 45 3 33 506 
26 62 79 7 1117 
12 22 72 58 1366 
82 3 20 81 371 
59 24 12 66 847 
8 24 44 69 889 
71 16 55 47 1538 
13 72 54 31 1351 
27 27 14 7 859 
16 53 59 101 702 
86 27 95 69 530 
52 35 39 81 405 
4 20 12 52 1624 
98 69 27 64 1186 
13 51 91 98 1601 
33 11 7 14 621 
57 67 44 26 1152 
46 23 88 15 717 
80 35 74 6 1312 
8 17 64 8 925 
49 28 97 29 528 
37 38 98 71 17 
43 30 27 43 1138 
40 78 88 82 902 
76 83 15 20 1548 
80 79 87 18 1498 
18 49 102 57 1484 
31 72 17 94 586 
11 27 19 14 48 
52 10 33 36 699 
32 32 85 52 1341 
68 15 79 34 890 
60 52 82 79 1384 
96 31 72 52 663 
70 63 96 46 759 
51 65 3 17 739 
72 48 53 75 1006 
88 67 51 75 403 
18 94 85 40 1270 
60 47 42 29 148 
23 39 83 96 1222 
71 38 41 6 537 
5 15 65 89 1374 
15 102 9 18 1606 
31 82 99 28 408 
