8 6
100
91 71 63 21 99 64 46 36 257 
73 101 17 91 64 98 79 52 1048 
95 52 18 4 76 25 4 16 1021 
33 99 25 53 66 88 88 20 844 
69 78 79 5 52 64 31 16 845 
99 44 76 40 92 79 64 15 780 
80 90 97 40 19 85 80 15 457 
100 22 37 31 5 45 29 13 901 
10 91 2 56 75 62 56 7 874 
12 95 9 48 91 53 24 9 378 
76 31 61 96 27 39 27 33 1151 
36 70 41 33 13 81 5 56 287 
65 26 17 37 86 13 14 70 247 
32 53 33 86 9 98 14 55 1003 
16 16 66 65 31 44 68 22 461 
34 81 84 30 45 37 30 61 1020 
18 40 46 50 85 59 19 97 981 
65 52 63 46 20 60 99 91 492 
61 102 97 75 72 67 76 82 1094 
40 4 10 97 58 49 14 98 182 
40 68 33 10 49 35 64 4 852 
78 91 63 26 33 56 97 71 726 
90 45 71 81 76 5 69 81 1143 
74 70 96 16 33 24 45 62 280 
11 53 55 64 13 70 97 100 1113 
30 16 73 56 102 89 90 26 653 
48 61 94 30 42 70 42 92 416 
77 64 59 41 83 73 33 88 219 
8 28 34 3 86 78 14 41 789 
24 20 71 9 28 9 71 99 14 
32 83 13 87 24 24 36 22 435 
35 91 36 102 25 16 71 84 1206 
24 47 77 18 17 3 5 20 883 
67 70 39 53 72 86 72 3 61 
9 22 6 12 69 66 43 81 609 
33 24 96 57 40 45 10 49 638 
28 16 68 11 84 6 52 70 640 
101 85 21 52 32 24 11 64 758 
97 14 80 13 78 39 54 75 1171 
80 12 31 95 44 25 34 46 1065 
41 100 40 102 62 101 14 44 1174 
33 83 94 74 48 78 84 16 428 
76 18 40 31 59 11 10 74 712 
25 8 42 97 20 88 37 72 790 
25 97 54 81 101 36 43 23 1121 
5 8 66 55 14 31 91 59 341 
50 12 42 31 93 90 43 91 442 
57 37 65 8 39 79 14 60 232 
85 97 19 7 91 38 20 7 813 
96 72 96 14 9 63 60 89 737 
26 96 6 66 40 12 100 87 1051 
31 99 71 89 43 55 12 8 760 
12 46 23 6 13 88 24 49 235 
44 46 30 4 50 52 18 90 780 
17 21 59 10 9 5 52 91 107 
100 9 31 43 4 3 101 50 529 
41 22 85 20 44 94 93 58 508 
59 29 51 21 73 55 92 97 1061 
7 5 38 20 55 24 79 26 490 
92 3 44 29 5 2 9 79 823 
82 100 79 67 19 53 64 95 755 
62 81 38 77 53 9 17 96 550 
9 23 69 63 42 20 54 3 677 
101 32 27 50 14 96 88 11 1187 
12 42 88 87 58 62 63 19 550 
6 17 52 37 15 11 58 2 689 
2 21 60 60 15 18 98 65 769 
39 14 69 44 91 44 12 7 661 
61 23 67 9 3 25 75 49 1050 
8 66 20 18 95 13 39 88 1103 
41 54 28 72 91 95 100 26 72 
79 64 28 10 27 10 57 99 967 
93 95 21 37 87 68 33 92 1206 
47 23 21 58 7 5 54 73 651 
29 91 34 74 11 79 19 98 1042 
62 100 41 12 63 98 34 48 1138 
73 6 69 63 41 101 97 55 35 
89 23 60 25 58 56 57 29 96 
49 21 86 44 20 91 83 72 1130 
62 37 62 25 26 60 12 82 814 
89 69 52 35 79 59 76 32 914 
29 40 44 87 57 36 90 87 335 
11 32 88 80 82 71 9 37 212 
45 65 100 102 15 78 90 70 740 
60 16 44 29 70 90 16 56 403 
52 77 83 28 37 40 33 3 622 
82 11 89 83 28 44 42 33 822 
79 30 27 68 99 89 75 33 873 
87 84 64 100 65 28 38 59 739 
39 19 30 62 71 14 27 10 726 
75 78 90 2 90 38 23 39 320 
10 86 80 96 54 7 69 48 237 
91 84 48 63 48 71 83 5 170 
41 19 61 15 43 91 29 2 665 
85 87 96 28 80 28 102 30 888 
84 45 67 25 95 25 95 38 319 
16 14 33 21 21 87 25 84 246 
69 97 45 92 69 54 52 86 747 
27 65 6 22 63 20 99 102 737 
51 18 27 38 23 7 65 16 1084 
