6 2
100
39 26 98 53 69 39 394 
65 3 73 101 3 63 291 
51 51 17 15 43 59 10 
47 63 36 16 33 29 193 
79 68 75 71 74 99 346 
5 30 47 62 90 61 185 
18 24 79 17 74 38 338 
79 17 47 9 63 24 374 
65 63 39 37 12 51 353 
37 100 32 31 67 88 189 
22 72 55 55 101 59 121 
41 60 101 62 93 66 406 
53 31 64 14 77 95 166 
69 10 27 80 11 61 333 
26 49 88 9 52 39 234 
47 93 56 64 67 64 98 
6 40 78 21 87 89 343 
71 71 19 91 95 8 218 
64 31 77 92 100 50 63 
13 15 55 43 29 45 24 
39 9 52 12 33 19 259 
72 51 60 26 74 100 226 
80 71 20 58 33 6 341 
64 81 74 69 17 11 379 
27 25 80 60 46 80 131 
63 69 81 64 91 92 375 
82 18 68 28 52 62 137 
46 37 87 98 41 24 306 
30 80 46 18 10 72 185 
28 82 68 30 21 25 68 
4 41 96 45 16 94 337 
65 8 43 66 51 62 330 
90 96 64 8 59 59 137 
92 38 48 83 21 49 220 
38 102 100 33 38 19 174 
99 93 55 26 32 94 267 
73 5 54 61 13 66 159 
89 7 24 65 69 85 50 
5 50 64 97 47 31 110 
9 45 35 15 45 40 371 
5 10 83 28 66 70 78 
35 96 23 11 84 17 204 
97 78 71 72 36 33 382 
44 93 32 87 66 41 264 
62 21 49 70 28 50 341 
98 43 38 4 17 95 287 
56 43 88 65 16 79 50 
69 66 45 11 10 99 249 
19 54 44 3 31 56 298 
77 77 42 59 69 68 402 
37 35 70 21 40 26 359 
53 45 24 52 64 55 380 
56 6 62 20 53 25 326 
91 97 3 88 41 99 324 
68 48 8 48 13 15 131 
34 77 92 72 76 75 269 
10 21 53 69 4 82 86 
73 83 41 19 46 21 187 
40 68 35 101 28 11 348 
99 18 6 54 41 63 93 
30 72 50 79 52 16 332 
77 53 21 39 20 61 387 
67 70 31 69 97 88 383 
11 58 73 49 66 83 46 
5 49 18 65 20 100 175 
12 93 42 96 6 66 257 
17 17 63 11 52 92 132 
50 77 87 46 77 31 80 
16 79 32 88 35 72 295 
6 5 77 101 62 54 225 
79 91 75 92 24 33 382 
44 12 41 16 92 81 224 
74 33 20 45 71 25 394 
16 12 10 73 96 93 49 
14 89 11 92 40 79 292 
87 13 56 56 100 28 295 
69 93 74 45 94 19 131 
74 58 58 93 31 60 258 
81 67 21 30 42 84 124 
25 32 26 54 4 85 355 
22 67 92 74 100 27 194 
22 38 30 4 75 82 163 
33 55 101 11 21 10 27 
48 36 28 59 45 44 178 
63 50 93 92 36 47 215 
93 69 21 33 36 18 244 
31 94 27 69 4 92 378 
78 28 44 85 77 83 300 
32 66 16 56 84 6 239 
90 39 14 42 37 89 161 
88 81 80 87 94 49 71 
45 3 93 43 54 53 346 
24 51 9 61 66 81 249 
5 7 79 53 14 3 168 
57 15 29 70 5 55 367 
49 66 100 85 36 59 358 
65 26 15 32 55 76 272 
90 7 83 73 10 80 340 
76 3 35 83 47 78 358 
90 65 75 51 100 97 308 
