6 6
100
92 52 89 38 11 19 1052 
9 63 96 31 95 64 182 
86 72 45 66 25 77 427 
85 18 49 47 73 67 463 
19 84 100 9 28 8 127 
69 86 69 13 34 32 397 
64 83 73 22 58 27 1182 
76 3 3 95 48 41 90 
36 42 93 39 54 50 1105 
80 98 24 70 58 7 211 
88 78 55 93 47 4 261 
38 78 27 18 42 43 532 
84 99 16 82 69 5 403 
46 78 76 82 84 44 1027 
86 51 54 101 23 81 1073 
27 50 4 3 38 88 1204 
66 68 24 14 9 49 1179 
101 10 90 91 4 86 519 
2 81 13 65 62 39 631 
29 75 18 22 64 58 701 
52 14 80 33 19 37 972 
12 54 70 77 97 90 1041 
43 66 12 21 97 47 300 
71 94 41 78 51 49 458 
94 8 94 47 93 41 603 
97 12 60 87 52 65 1104 
29 44 89 67 52 68 1051 
11 8 3 69 12 35 996 
23 41 57 70 90 44 219 
48 78 32 6 51 38 561 
56 54 36 47 84 36 507 
51 54 13 101 82 53 1016 
102 94 81 83 8 70 914 
72 6 18 64 23 74 991 
69 59 63 3 33 42 673 
56 68 23 30 101 42 879 
90 46 71 9 93 37 570 
86 53 25 44 70 73 1030 
51 20 85 63 64 62 1007 
96 52 100 52 13 30 565 
27 59 54 10 30 5 1009 
62 49 57 32 40 36 1015 
8 40 61 65 71 73 65 
51 40 69 39 82 91 1148 
96 73 59 81 9 2 716 
96 73 37 42 70 4 1089 
72 30 33 26 28 101 1078 
14 41 89 44 59 43 941 
22 88 73 50 15 91 800 
78 100 53 33 36 26 152 
69 26 25 3 71 18 958 
12 38 15 56 92 8 1009 
34 72 39 51 62 84 910 
87 66 94 57 15 26 1153 
33 82 95 94 77 78 554 
17 66 43 90 27 101 123 
52 60 97 25 85 85 542 
29 16 83 76 45 40 999 
62 33 48 58 95 86 967 
58 22 63 17 32 39 209 
8 97 63 37 85 66 433 
8 99 34 32 43 52 45 
68 14 20 34 40 66 676 
35 98 34 34 17 33 1151 
40 35 10 55 48 29 258 
21 22 42 62 76 48 659 
37 16 28 54 36 77 1105 
10 46 85 94 76 64 898 
102 31 5 70 35 43 830 
65 26 79 97 25 85 575 
94 80 74 66 19 3 1202 
83 8 82 83 57 6 376 
92 27 63 74 67 50 231 
93 39 94 42 7 88 875 
93 50 59 13 95 45 200 
68 14 30 58 62 77 232 
25 24 90 80 39 39 902 
101 19 25 59 37 30 8 
43 82 26 14 17 29 1105 
60 26 71 65 62 16 291 
15 35 18 7 75 102 835 
17 6 64 70 51 100 1125 
34 36 56 60 17 18 304 
34 6 46 47 50 31 796 
101 20 17 79 25 52 1051 
86 9 54 64 30 34 327 
78 64 46 69 31 100 322 
92 17 6 47 101 101 998 
31 73 62 26 73 5 196 
88 49 93 28 50 8 582 
28 4 98 89 85 100 685 
44 102 80 21 32 41 108 
5 13 34 26 53 6 681 
38 94 40 59 31 13 1099 
17 56 43 83 94 81 782 
15 11 60 17 3 28 1060 
73 84 7 43 66 9 1012 
38 61 4 99 4 94 1102 
12 59 32 56 89 68 330 
48 40 40 40 62 47 1102 
