2 6
100
22 16 421 
70 64 1018 
44 49 338 
3 8 881 
73 20 920 
9 96 85 
25 50 463 
67 81 161 
102 11 538 
97 38 28 
37 35 1104 
80 74 788 
34 25 792 
67 37 803 
44 66 890 
100 61 664 
64 60 1111 
4 58 1161 
101 57 438 
23 70 652 
41 48 146 
27 67 890 
84 95 561 
13 77 875 
44 59 164 
74 25 179 
42 3 610 
92 36 951 
13 36 937 
97 80 217 
31 13 664 
13 28 1080 
56 19 1211 
2 19 812 
10 53 1020 
21 62 1212 
84 29 388 
23 83 820 
5 52 154 
36 16 389 
98 88 180 
30 84 783 
19 33 386 
27 20 80 
18 42 1040 
86 83 1017 
96 94 907 
80 16 626 
88 9 366 
89 10 936 
78 22 35 
69 6 370 
54 82 839 
21 4 354 
70 58 111 
27 8 499 
84 22 836 
31 42 271 
60 21 889 
65 44 916 
36 32 281 
57 51 1209 
6 50 446 
57 34 15 
17 77 1102 
47 12 703 
44 63 24 
91 7 1079 
10 48 979 
83 12 1046 
60 90 468 
96 87 882 
8 15 88 
12 23 704 
6 29 1077 
69 17 795 
34 14 106 
17 23 994 
75 47 305 
37 49 39 
21 25 472 
53 99 536 
65 23 1097 
20 41 1192 
52 34 485 
46 87 957 
2 43 387 
17 51 1193 
79 44 819 
59 23 494 
49 73 805 
6 93 1204 
21 55 366 
46 6 1150 
77 16 894 
13 67 1093 
44 31 738 
49 37 74 
74 6 912 
43 76 673 
