8 4
100
92 49 14 23 86 48 6 84 148 
41 99 10 93 81 28 63 39 633 
78 78 65 67 29 11 22 58 621 
25 91 16 15 88 101 59 89 431 
14 9 19 97 14 89 98 10 702 
50 69 59 24 99 58 42 59 271 
96 27 22 4 2 30 72 83 755 
6 28 13 11 36 95 75 51 246 
63 83 65 78 71 22 25 75 728 
21 3 94 60 75 31 68 66 504 
35 11 9 91 27 33 96 94 665 
77 41 35 67 50 50 28 81 622 
72 20 58 3 81 29 41 54 652 
2 48 55 84 45 72 33 43 326 
25 74 58 34 84 78 40 50 278 
59 56 55 46 34 96 55 98 375 
7 34 33 82 52 75 54 96 377 
30 96 98 64 35 10 10 5 59 
22 40 38 82 65 33 95 84 795 
29 58 16 61 31 48 27 28 73 
11 45 24 85 82 90 32 12 442 
40 96 23 47 38 30 89 35 480 
12 28 71 101 89 70 78 27 312 
34 71 67 51 40 10 101 101 496 
87 39 59 50 51 55 79 57 716 
79 84 22 88 74 98 90 17 3 
41 12 58 56 9 58 52 101 334 
91 91 59 15 48 39 70 4 780 
3 64 78 19 24 33 82 101 349 
20 48 98 72 64 25 9 62 727 
7 34 32 4 100 53 14 90 544 
33 65 38 84 20 73 2 88 430 
26 24 89 27 75 10 15 33 435 
46 21 29 36 8 88 50 65 572 
67 102 66 28 7 36 67 52 297 
9 38 29 28 71 77 72 86 305 
4 82 61 25 90 69 99 70 565 
42 99 59 51 36 57 3 37 705 
91 100 20 55 62 26 73 8 778 
28 21 52 54 65 24 51 49 683 
13 45 14 99 30 39 67 27 428 
81 60 4 74 27 37 91 83 696 
22 51 21 37 53 84 74 73 400 
21 90 36 37 102 89 73 91 753 
77 94 72 82 90 37 73 94 399 
95 56 96 17 65 84 39 32 800 
67 78 93 32 27 59 90 47 305 
21 46 60 17 3 38 44 16 730 
17 41 62 86 66 61 35 81 146 
57 6 27 54 99 72 91 9 107 
3 47 69 15 94 45 100 54 392 
93 80 55 60 75 50 94 24 740 
40 83 15 34 99 49 41 35 336 
14 69 49 89 28 96 25 43 567 
25 4 49 20 88 13 13 44 10 
67 99 34 79 61 77 82 53 214 
2 71 50 22 76 61 4 88 699 
3 6 54 61 38 33 81 72 169 
46 22 97 3 23 57 48 76 298 
11 37 10 74 10 77 70 24 593 
23 4 29 90 18 102 28 12 312 
51 8 63 2 100 92 57 38 256 
33 101 50 96 77 102 25 94 415 
80 31 98 79 93 15 61 60 550 
95 58 6 98 77 13 19 98 562 
77 11 39 20 19 74 46 39 193 
27 30 30 29 67 25 51 50 665 
44 75 17 50 44 42 24 64 655 
29 37 25 39 79 80 33 50 683 
15 62 14 26 35 56 92 36 248 
41 68 92 83 49 30 31 77 194 
56 29 69 99 98 58 94 19 15 
102 90 53 52 98 20 42 37 718 
72 19 42 62 61 10 12 85 782 
92 48 91 98 10 4 57 79 172 
19 18 66 58 35 18 55 92 378 
82 92 72 75 43 13 42 62 469 
86 96 70 61 89 15 62 4 577 
15 6 82 50 97 21 99 25 160 
26 15 87 25 10 71 64 32 759 
28 19 7 79 58 50 47 73 680 
55 60 31 53 99 33 48 42 698 
69 33 97 52 78 20 94 18 381 
75 63 88 101 99 59 22 36 691 
68 38 50 33 6 26 38 46 534 
93 75 18 55 80 70 85 97 811 
100 78 43 89 87 42 4 74 87 
100 55 63 74 33 65 49 82 36 
39 37 30 73 17 34 55 3 348 
32 21 85 19 18 4 60 24 473 
45 81 52 10 31 33 15 40 740 
7 21 44 55 9 100 66 48 489 
74 29 63 11 36 86 100 74 430 
30 82 40 61 16 10 7 5 11 
56 32 8 98 60 78 43 50 673 
2 79 15 87 55 72 44 88 780 
99 36 46 68 12 60 81 88 475 
55 48 6 36 50 6 99 12 135 
56 78 71 87 70 89 4 100 776 
42 45 29 70 18 31 15 10 564 
