6 8
100
45 45 74 44 78 91 607 
92 60 51 18 17 31 1535 
83 8 38 56 37 17 986 
85 4 12 92 78 75 553 
59 49 40 34 94 66 1352 
41 73 72 99 89 78 1029 
33 74 41 61 20 53 320 
99 68 23 33 97 67 982 
43 64 54 3 18 5 539 
14 13 86 25 67 13 678 
38 68 60 50 41 99 850 
32 73 33 60 24 16 988 
83 19 4 99 100 25 1605 
11 20 98 73 74 32 309 
63 57 38 55 42 80 1001 
102 65 85 58 70 10 179 
92 23 45 96 91 74 510 
96 84 28 69 91 45 431 
50 64 79 69 69 35 1128 
18 97 7 84 38 101 1317 
56 21 43 33 17 89 309 
99 55 78 85 60 90 1089 
75 12 88 53 37 37 842 
3 7 91 3 77 44 1213 
27 40 14 55 75 52 650 
65 86 38 76 58 10 838 
11 3 85 12 48 4 702 
87 21 33 3 66 31 870 
15 54 32 42 48 47 1174 
17 66 33 87 39 29 166 
28 51 79 81 29 2 1508 
7 8 93 31 41 33 654 
21 84 53 11 23 88 812 
34 8 36 12 65 81 1523 
39 54 27 10 77 35 971 
72 56 24 39 31 63 144 
48 41 12 8 15 34 1579 
84 81 78 18 43 62 1524 
45 45 71 66 23 101 1109 
56 68 23 66 101 83 798 
30 31 74 94 28 43 1408 
70 26 6 52 49 99 890 
75 51 94 37 74 68 439 
13 55 74 10 64 43 1509 
75 91 44 17 53 50 887 
52 5 26 17 21 9 1231 
21 67 17 75 5 15 1318 
19 31 31 28 16 24 280 
78 102 86 66 2 96 1546 
37 64 37 98 51 2 368 
48 71 22 55 61 53 1508 
90 60 37 61 29 14 920 
63 15 91 39 28 39 1218 
6 41 53 21 15 83 1364 
6 81 79 56 15 60 1152 
62 11 75 57 73 27 1436 
44 52 7 75 84 40 1214 
51 49 61 25 65 50 691 
32 71 36 48 73 11 1375 
80 59 7 16 55 88 18 
6 18 83 57 15 89 1007 
91 49 48 33 44 11 897 
35 20 33 52 12 30 489 
42 41 12 102 18 6 1040 
94 101 61 31 55 75 736 
33 80 69 52 63 83 659 
24 90 16 31 102 31 746 
41 76 65 45 59 73 1033 
79 74 58 99 85 100 1583 
49 89 5 92 38 12 31 
43 66 2 51 50 92 300 
54 97 73 18 76 20 874 
27 97 88 97 4 84 889 
8 14 56 80 85 45 1221 
2 14 41 66 21 46 1603 
12 65 96 12 84 47 409 
78 86 82 10 82 45 364 
94 19 96 36 30 49 569 
55 49 73 67 48 45 841 
85 34 55 57 76 57 252 
34 94 87 23 39 31 485 
29 75 72 5 102 55 135 
97 46 32 93 99 65 936 
19 25 47 37 3 75 1517 
54 30 55 8 90 9 975 
27 11 15 93 20 7 417 
75 3 64 48 93 45 1441 
90 25 66 80 94 60 256 
70 42 87 37 58 39 1225 
47 19 99 14 48 50 1139 
37 19 2 81 60 34 707 
25 85 91 13 32 7 1049 
7 92 30 98 51 46 931 
71 29 58 64 70 52 457 
86 67 37 47 97 21 860 
7 65 101 35 28 74 744 
60 98 27 28 34 13 658 
29 71 17 99 6 15 1087 
92 46 18 92 83 17 637 
19 56 67 37 88 14 1632 
