2 2
100
90 33 290 
31 11 310 
95 3 406 
8 66 204 
12 44 287 
59 64 238 
89 71 370 
16 87 356 
80 45 27 
23 24 193 
75 66 20 
8 52 253 
15 15 32 
19 100 16 
3 16 156 
83 92 188 
71 28 210 
46 11 289 
33 76 187 
86 53 272 
72 73 323 
54 35 407 
47 6 375 
10 46 204 
53 73 289 
89 15 293 
51 99 216 
62 54 391 
98 31 225 
36 77 313 
18 31 252 
43 49 111 
26 51 332 
40 38 352 
56 63 333 
3 95 157 
2 46 249 
76 36 220 
16 11 82 
85 58 15 
47 13 117 
17 94 63 
90 12 97 
46 65 260 
92 13 253 
68 8 370 
16 96 150 
19 36 131 
18 44 387 
10 29 157 
9 43 379 
80 95 101 
60 41 283 
69 15 339 
17 58 329 
99 85 95 
94 50 13 
31 71 253 
69 30 316 
98 101 203 
22 82 339 
87 38 90 
73 15 76 
40 10 277 
23 50 331 
55 4 317 
53 21 242 
74 18 323 
38 80 297 
33 13 265 
49 64 162 
22 49 137 
2 32 83 
61 29 289 
7 56 162 
37 10 88 
83 16 110 
102 47 330 
92 50 260 
6 52 239 
51 42 9 
55 93 192 
30 4 6 
50 55 294 
60 94 376 
90 69 255 
42 3 288 
53 52 397 
40 49 68 
60 31 401 
72 98 328 
64 12 355 
71 53 259 
95 9 27 
22 35 248 
57 44 217 
91 4 332 
3 66 201 
90 100 364 
6 17 180 
