8 8
150
68 71 9 63 13 13 98 52 547 
28 34 31 99 94 36 73 69 1136 
50 36 35 4 96 78 90 60 313 
11 48 92 91 22 92 80 23 345 
68 92 3 54 18 2 48 61 185 
30 72 15 30 77 102 28 67 1451 
20 66 76 33 74 55 94 89 71 
46 39 15 41 21 72 15 7 1261 
70 98 20 35 57 37 67 62 1442 
8 83 73 92 65 57 3 62 939 
49 37 20 51 62 31 98 5 360 
101 91 53 45 17 72 25 60 1118 
73 87 11 41 68 14 66 89 100 
35 56 76 60 40 61 15 69 1134 
61 22 38 91 39 55 16 69 1169 
39 65 68 3 69 7 89 32 1229 
51 10 71 8 86 75 25 65 804 
50 43 53 94 32 50 3 65 629 
34 84 50 58 27 101 42 29 393 
42 34 88 70 73 10 86 66 958 
2 56 37 65 68 76 5 67 424 
23 47 35 20 2 6 69 56 789 
30 95 85 72 67 59 51 85 505 
65 82 72 45 10 68 91 3 157 
5 71 18 76 55 62 75 22 1333 
93 23 34 84 4 19 61 58 1170 
78 32 90 80 16 85 45 42 1389 
58 79 39 69 31 101 97 66 1403 
35 56 42 24 99 48 78 60 1009 
101 84 81 55 86 54 96 15 1156 
23 27 56 34 32 15 77 19 692 
47 26 94 34 89 40 33 29 37 
34 56 35 44 5 59 24 46 958 
8 5 95 87 75 17 31 75 631 
34 3 26 29 49 82 6 33 553 
71 69 97 43 24 60 52 64 976 
40 81 25 99 13 88 56 71 225 
51 62 53 79 6 15 101 101 426 
81 7 8 55 41 74 25 54 1267 
66 68 83 38 37 13 58 93 1540 
18 36 92 40 75 81 68 56 1158 
85 94 65 83 43 25 34 74 939 
55 87 42 53 77 60 10 92 49 
34 15 27 42 24 15 21 85 1053 
38 43 34 30 89 86 3 42 981 
17 85 26 60 6 65 55 4 100 
56 67 62 33 31 85 78 36 671 
48 45 73 52 64 60 61 97 500 
28 28 100 58 52 36 100 96 121 
81 76 11 64 89 21 9 67 295 
7 7 14 51 54 55 45 57 1590 
91 66 22 68 101 11 35 30 1248 
10 100 17 27 35 37 78 99 970 
34 86 58 53 45 99 42 56 1479 
21 79 76 47 15 97 39 11 479 
89 14 77 3 31 61 45 101 1092 
5 81 74 78 75 57 96 14 1165 
44 40 23 25 28 47 20 16 820 
5 65 87 22 90 26 8 91 1385 
86 33 56 99 10 46 32 40 1228 
21 44 7 21 54 3 26 97 1153 
10 66 89 32 85 17 11 42 594 
83 84 93 50 72 86 72 11 1316 
19 47 32 79 95 90 72 101 1168 
48 85 13 86 99 95 56 100 417 
100 56 50 41 90 70 10 51 905 
87 73 74 23 51 44 22 9 824 
43 33 73 100 62 85 46 65 928 
27 99 87 100 96 74 60 73 901 
34 80 59 64 71 46 35 87 457 
101 27 36 70 66 92 45 15 1089 
57 102 96 67 97 26 13 85 847 
72 89 79 2 65 80 89 90 465 
95 81 65 29 68 77 58 47 636 
25 59 35 97 57 83 7 5 1168 
63 70 85 35 53 88 94 65 1606 
53 101 64 58 83 78 64 52 557 
6 30 36 21 11 52 87 91 423 
21 77 34 98 97 61 8 28 337 
47 61 30 79 37 5 79 7 742 
79 69 78 59 35 8 49 4 1235 
39 44 60 35 50 64 62 75 1428 
69 57 7 4 52 57 57 19 1470 
8 29 95 34 44 6 7 10 361 
52 63 44 28 51 95 86 71 1365 
64 14 13 68 19 64 17 12 819 
43 77 19 23 4 18 17 43 1216 
85 8 2 56 30 42 42 12 196 
47 42 8 14 21 83 74 95 71 
81 42 12 33 18 34 56 66 547 
7 32 61 28 13 10 21 3 1040 
86 10 87 73 28 9 52 72 1137 
46 31 58 38 51 11 14 39 23 
66 53 91 70 102 66 9 37 1313 
54 21 32 100 95 20 19 90 1384 
22 10 16 5 84 48 65 12 573 
79 71 82 53 16 76 8 56 812 
76 18 11 23 66 93 28 99 833 
42 48 38 40 21 63 26 94 471 
89 63 72 45 7 92 31 31 1071 
2 4 7 58 94 41 70 45 1180 
78 101 46 25 79 86 97 25 1043 
101 41 52 21 29 24 47 21 1521 
82 33 13 21 94 37 28 28 1557 
48 86 56 99 72 79 91 50 1524 
87 67 86 87 50 84 28 32 1469 
18 83 77 85 12 75 48 90 190 
64 59 9 11 99 52 91 51 626 
12 4 71 75 32 81 30 62 887 
11 97 85 30 95 64 47 12 748 
22 65 76 83 54 84 67 29 1479 
89 79 70 36 98 101 46 18 462 
23 45 52 98 57 52 21 39 1521 
31 35 66 46 66 89 7 71 1407 
66 30 52 89 10 5 90 44 1363 
89 77 101 86 86 79 36 26 1098 
98 26 10 26 65 17 91 38 1530 
28 45 15 83 31 29 15 82 1437 
80 36 37 49 10 15 69 34 1009 
96 47 51 89 12 42 22 11 738 
80 42 68 37 100 73 11 64 1618 
73 8 48 74 73 6 91 58 1472 
34 51 17 97 59 33 55 97 1491 
46 41 35 75 63 22 84 37 649 
25 46 38 65 39 49 16 98 425 
18 25 76 47 100 56 51 89 989 
32 85 85 37 84 6 82 67 368 
68 99 47 27 91 38 66 68 200 
56 71 13 71 83 63 7 39 1169 
19 101 43 81 26 75 62 54 853 
59 90 64 34 85 74 26 49 1618 
83 93 35 41 83 34 44 97 300 
51 63 3 24 32 47 34 65 1077 
84 90 75 74 67 39 86 10 1283 
52 24 88 41 47 36 64 26 751 
40 80 20 11 39 31 57 12 1493 
53 37 60 20 2 22 8 44 969 
28 10 28 98 57 75 56 94 1194 
35 13 18 69 62 8 101 96 1385 
50 75 53 46 19 57 48 34 1192 
23 34 23 68 34 4 77 38 261 
22 44 25 47 57 47 58 24 1623 
77 86 77 54 21 9 37 61 1131 
10 85 93 73 53 25 102 35 974 
54 69 81 16 94 27 92 80 847 
64 4 20 9 90 97 58 73 793 
100 71 15 17 32 75 35 69 866 
27 52 93 2 47 24 87 6 907 
23 63 94 52 64 43 57 76 924 
53 3 97 99 17 82 76 4 1043 
