8 8
150
63 57 9 34 47 6 29 5 783 
93 60 26 9 19 9 98 23 1431 
83 88 30 73 31 40 42 19 1391 
42 67 53 46 66 16 13 92 1066 
69 35 25 15 38 19 51 84 1574 
7 86 26 46 72 42 90 101 1229 
47 92 29 71 94 30 21 89 617 
99 50 96 12 98 30 43 31 1446 
66 70 52 14 24 49 43 37 535 
63 98 98 13 58 67 41 67 1624 
40 100 43 98 96 51 81 54 551 
5 97 90 99 4 43 53 26 507 
27 36 71 82 30 59 97 60 1486 
44 88 94 31 73 33 30 5 508 
50 71 75 4 35 72 15 41 651 
47 66 96 56 62 34 36 16 521 
33 61 72 85 2 38 60 39 1065 
43 76 26 59 71 101 12 5 902 
60 25 3 100 69 91 19 52 1529 
99 90 29 63 97 59 101 99 727 
63 66 70 39 46 98 7 74 1061 
18 90 98 97 46 58 78 79 1478 
33 35 94 83 68 52 45 63 801 
40 83 81 69 60 73 56 51 634 
89 23 81 7 96 97 26 4 1028 
100 3 45 72 86 20 68 70 1056 
54 82 100 21 96 85 49 68 1490 
88 51 31 26 43 98 20 92 915 
13 27 41 99 59 66 89 47 978 
8 70 98 63 3 92 9 4 1123 
42 70 29 98 61 29 5 40 864 
36 76 62 50 55 97 64 57 696 
28 57 25 36 34 51 25 43 1603 
97 26 50 41 20 41 29 79 353 
31 17 69 14 96 20 14 55 1166 
102 60 18 4 102 47 50 83 769 
47 8 39 79 75 20 31 10 234 
7 97 58 23 23 77 75 34 663 
78 16 63 7 24 81 80 25 1353 
85 95 27 5 93 39 94 83 1156 
87 54 43 51 85 88 6 9 944 
18 81 39 42 31 69 7 74 1094 
88 42 86 60 101 52 37 48 255 
91 4 6 21 31 42 6 90 1309 
101 28 33 77 3 18 23 64 730 
48 44 66 60 100 21 72 8 669 
89 29 55 94 17 39 72 17 80 
55 99 52 100 38 43 89 8 751 
38 13 41 71 39 39 7 91 68 
53 34 6 88 51 25 101 20 994 
29 10 13 97 7 88 13 70 1073 
97 50 8 25 73 94 75 36 1540 
4 20 92 18 88 28 34 21 1350 
3 70 49 28 101 20 82 62 1601 
37 43 9 55 60 71 74 12 664 
100 30 63 14 15 17 31 99 1626 
73 14 23 87 64 88 6 12 3 
20 71 51 90 45 13 96 40 1512 
90 50 62 23 46 78 87 37 1476 
24 91 56 34 99 4 21 11 779 
79 51 81 22 51 50 71 55 675 
93 12 87 52 20 77 25 43 795 
41 52 70 47 2 29 98 84 346 
48 88 74 50 71 36 66 19 1455 
15 69 101 14 53 93 37 96 409 
7 74 73 82 11 58 55 81 967 
82 33 51 54 27 69 29 26 1091 
72 46 42 53 89 2 88 11 1206 
52 29 101 79 13 8 4 92 174 
52 68 79 18 97 92 77 86 1404 
42 63 45 34 87 29 26 67 827 
87 56 87 73 96 2 84 6 847 
62 5 23 45 52 37 59 79 943 
92 56 51 52 78 5 16 48 782 
33 20 44 73 55 47 57 20 591 
28 81 74 79 36 93 41 16 1317 
67 99 14 10 77 11 72 36 189 
4 37 80 84 59 50 54 53 1400 
12 91 52 78 90 34 100 33 1598 
87 15 22 60 13 64 24 51 795 
38 25 45 35 4 20 36 56 1352 
60 45 24 26 27 85 7 31 413 
33 92 11 82 12 46 13 86 354 
94 46 26 18 62 10 101 18 447 
45 79 89 34 44 36 51 42 1435 
78 63 90 39 55 85 39 94 972 
41 58 16 101 25 19 99 44 159 
61 45 85 17 27 11 58 64 847 
40 101 50 77 33 72 58 37 379 
36 57 93 43 81 70 50 62 983 
15 46 56 72 37 101 27 92 1583 
7 63 38 81 83 92 33 101 1516 
14 67 27 46 45 90 96 65 1430 
20 20 66 17 69 67 51 44 296 
100 70 66 51 52 43 75 53 1208 
89 57 76 3 12 81 77 39 1556 
37 71 3 69 78 74 14 8 1166 
35 91 97 74 33 41 74 35 516 
31 65 16 86 74 94 16 9 141 
16 19 10 87 42 32 71 15 1193 
19 33 94 94 39 46 72 42 1012 
81 17 26 37 31 79 50 49 1205 
83 54 99 12 55 70 65 100 1458 
65 50 52 67 4 19 68 57 36 
42 38 28 73 16 34 32 36 1510 
86 81 90 33 39 95 58 90 1009 
78 9 80 25 31 41 56 9 1509 
14 17 15 9 71 75 77 10 168 
50 12 40 68 82 21 78 81 306 
3 34 12 59 11 16 58 92 786 
26 19 9 88 18 9 41 19 317 
82 80 12 17 59 31 85 10 1278 
26 12 30 61 49 53 23 55 1226 
84 58 8 101 53 81 27 53 1489 
5 64 96 32 28 64 102 98 21 
11 88 77 83 76 3 38 33 1310 
23 67 71 58 68 65 34 59 1008 
15 83 28 33 92 8 40 82 759 
86 96 85 67 62 53 52 14 1100 
2 3 84 8 65 22 101 7 1405 
24 49 98 33 100 71 3 88 251 
77 80 98 71 45 96 56 53 612 
99 57 7 20 9 56 98 34 909 
82 10 19 8 34 87 22 18 541 
53 55 98 16 67 75 38 77 556 
73 33 61 90 53 14 85 4 806 
83 6 42 44 38 68 16 23 1287 
100 71 48 14 51 28 63 5 1597 
44 85 93 34 84 34 22 27 16 
99 93 58 7 26 32 38 41 208 
95 11 20 32 2 46 97 40 96 
90 61 84 34 30 50 16 43 319 
60 52 23 10 23 13 67 19 487 
25 95 47 18 78 13 16 70 1536 
82 14 84 49 39 46 29 34 1066 
21 66 66 10 93 85 13 79 1454 
93 88 90 9 66 86 16 74 745 
63 74 85 73 21 62 56 36 469 
39 13 14 79 83 92 48 48 858 
68 17 4 65 7 101 24 24 1339 
8 75 50 101 36 67 101 68 972 
84 50 48 6 56 59 56 75 1079 
79 16 7 100 63 20 33 50 927 
46 100 69 87 52 98 80 50 997 
83 41 80 49 80 17 32 66 1605 
9 65 63 47 11 34 35 47 129 
79 10 14 32 70 88 11 57 1111 
94 99 100 51 28 8 98 75 569 
91 32 38 92 70 99 22 26 1388 
98 101 91 37 54 7 91 3 649 
