8 4
150
82 42 78 54 4 32 45 48 426 
51 79 64 20 65 47 81 83 149 
39 90 48 90 55 22 68 47 303 
75 33 37 67 51 94 3 10 145 
71 97 80 58 83 19 2 58 519 
19 72 69 73 55 5 33 95 785 
11 94 90 59 88 59 95 72 129 
19 86 31 71 18 57 30 11 706 
42 83 9 31 90 99 58 51 614 
72 4 79 34 36 58 98 94 128 
32 15 11 22 65 13 3 85 590 
37 50 55 14 45 46 18 93 94 
92 82 6 93 3 39 84 25 559 
40 87 52 75 75 26 42 100 790 
79 22 20 98 29 7 26 23 7 
24 60 61 35 18 45 47 9 98 
13 41 14 74 40 42 44 65 798 
24 64 77 31 74 48 49 41 577 
95 96 55 101 69 81 38 62 531 
12 7 71 9 30 68 14 31 479 
87 7 84 80 56 66 9 4 486 
27 94 88 15 88 80 74 53 110 
60 14 74 34 38 80 78 35 472 
31 16 36 11 19 46 89 64 274 
91 18 42 91 94 66 22 13 555 
81 99 22 93 37 78 55 56 141 
88 55 71 5 4 23 8 80 719 
27 18 77 44 28 26 46 85 292 
75 71 21 10 14 27 12 98 296 
40 40 81 60 58 66 28 3 79 
66 88 16 21 85 16 78 97 771 
95 39 72 98 49 54 43 82 690 
100 80 42 46 95 8 87 70 331 
11 70 62 13 18 27 16 82 796 
24 56 88 7 34 20 32 19 481 
68 44 93 29 19 78 81 31 186 
71 22 94 10 36 17 76 69 220 
36 84 24 47 84 69 57 21 207 
100 94 48 24 16 78 49 21 214 
52 84 53 86 34 89 5 47 495 
7 16 22 73 34 67 93 98 292 
39 23 62 26 74 100 53 83 301 
78 49 8 19 63 17 91 26 695 
78 52 51 37 44 39 8 52 46 
7 29 62 84 33 20 42 12 803 
68 28 12 55 35 53 52 29 803 
57 91 55 7 84 10 81 17 379 
88 4 80 25 20 25 94 48 440 
78 96 17 90 78 53 19 25 802 
77 25 19 100 87 18 40 53 499 
55 102 47 54 4 18 73 56 68 
22 44 10 89 63 88 100 76 265 
85 69 14 4 91 61 12 6 754 
31 90 19 65 87 69 64 42 383 
11 26 94 101 19 24 45 99 660 
93 90 64 33 2 13 85 57 692 
51 53 13 87 44 100 26 44 535 
93 59 59 43 27 23 42 90 405 
42 86 52 92 61 94 80 21 128 
33 100 90 7 82 32 84 15 723 
38 26 84 95 77 77 59 54 325 
25 51 65 43 93 14 64 45 578 
37 61 94 21 9 25 85 95 363 
80 88 79 29 61 15 35 6 525 
70 49 11 77 35 9 54 57 571 
54 92 9 78 46 39 61 49 441 
98 19 19 60 12 84 32 81 537 
64 98 92 52 10 90 50 96 781 
63 62 28 87 69 54 55 33 30 
40 4 44 43 70 14 61 38 707 
49 12 39 29 47 56 44 92 483 
82 4 84 21 30 52 43 100 712 
30 14 52 67 7 82 80 95 633 
25 24 30 80 94 74 3 3 690 
61 36 17 74 45 79 95 75 234 
23 21 76 95 101 73 27 33 202 
38 84 6 59 51 55 78 20 557 
33 4 12 12 20 29 67 84 521 
75 58 70 76 75 34 53 59 604 
6 33 24 59 54 63 49 67 157 
82 4 87 64 97 27 10 63 581 
20 13 3 49 30 19 9 55 605 
58 64 11 75 8 94 81 75 714 
48 76 52 51 65 55 10 87 651 
81 13 63 45 68 13 62 35 374 
75 59 5 7 52 102 89 93 24 
12 9 99 95 85 24 40 65 709 
23 71 50 50 41 45 40 30 345 
15 15 99 100 14 74 48 7 134 
86 43 26 53 64 74 52 100 636 
85 88 29 41 8 5 27 41 524 
100 28 20 62 69 24 59 76 639 
8 14 97 26 48 80 8 55 179 
65 73 9 78 99 43 67 57 342 
17 76 9 96 75 75 10 51 649 
100 26 75 4 95 90 96 46 701 
85 61 42 51 35 55 83 64 563 
59 24 30 79 98 15 83 45 816 
73 14 41 24 18 100 101 10 239 
50 63 79 21 83 55 57 83 782 
4 68 44 56 14 13 6 53 216 
53 23 30 62 23 53 90 25 262 
49 63 45 44 52 27 26 35 7 
93 40 43 77 24 16 19 81 626 
60 19 102 30 20 67 73 49 708 
3 90 42 29 33 61 23 10 165 
55 61 17 19 32 82 13 15 105 
87 78 101 16 45 44 76 32 45 
34 21 46 80 73 5 40 25 368 
63 66 10 84 56 17 96 66 161 
63 44 89 22 19 7 54 88 585 
90 89 47 100 55 3 55 91 724 
78 78 90 14 81 10 37 52 394 
7 5 23 86 22 81 25 15 720 
20 14 4 41 27 87 33 52 292 
2 65 13 8 31 67 28 20 722 
33 51 65 81 88 69 59 49 678 
52 6 69 67 77 43 15 37 629 
88 40 52 5 83 31 74 36 713 
39 101 76 58 60 4 93 94 520 
27 41 28 38 84 80 4 83 376 
70 37 90 73 95 96 90 42 657 
40 30 70 36 9 54 81 22 399 
11 96 48 68 76 85 79 90 780 
53 53 58 74 4 102 85 6 805 
101 68 7 82 70 21 23 55 523 
98 94 34 76 58 64 31 95 711 
2 5 63 7 96 8 100 39 726 
27 68 28 70 53 5 55 82 444 
46 31 28 29 46 23 21 83 782 
65 79 96 96 45 11 15 85 11 
39 97 74 101 83 32 32 99 713 
40 29 43 31 23 78 9 87 522 
63 75 60 42 87 15 12 37 495 
97 33 24 20 58 70 4 18 694 
85 46 50 98 100 50 36 83 441 
57 36 58 20 89 60 47 54 84 
45 99 12 61 91 48 72 37 539 
67 22 74 75 30 7 93 27 336 
18 67 77 13 8 6 61 57 14 
7 79 46 66 75 6 60 61 152 
77 26 57 3 28 64 84 71 498 
84 84 8 52 29 64 19 30 709 
37 34 93 8 2 36 47 67 479 
24 3 50 70 17 70 89 18 12 
88 17 41 15 31 40 45 79 599 
97 57 52 84 49 46 19 25 221 
29 72 25 23 59 63 6 62 555 
15 17 69 40 65 13 63 33 112 
50 24 5 55 65 26 63 52 83 
