6 4
150
100 76 102 101 74 27 140 
11 44 57 25 53 38 743 
13 20 34 72 95 58 231 
52 52 67 62 80 19 737 
97 6 96 88 35 95 243 
95 57 16 24 100 69 49 
27 73 8 31 53 39 199 
18 52 2 87 43 95 397 
26 37 41 96 10 29 115 
39 62 40 20 45 63 147 
65 20 50 97 91 24 202 
82 61 33 29 81 68 648 
57 96 2 94 101 83 562 
22 77 30 92 42 94 719 
12 70 13 10 78 8 433 
34 54 92 54 73 26 364 
77 9 69 31 63 36 675 
68 39 28 46 82 51 354 
45 23 8 50 32 38 566 
93 23 21 6 62 28 190 
45 13 42 30 59 26 364 
70 63 63 82 59 7 361 
32 87 66 98 59 12 725 
33 86 5 43 89 77 687 
89 50 27 3 10 62 192 
29 87 18 25 27 101 612 
62 47 71 75 33 27 498 
37 58 10 4 19 36 97 
29 39 90 72 51 62 664 
15 38 80 51 48 23 32 
102 50 75 35 13 16 580 
41 37 69 58 52 25 420 
94 19 101 93 27 14 3 
50 30 55 77 40 96 388 
11 92 26 87 7 59 290 
10 37 72 8 22 43 713 
4 22 15 101 39 32 166 
20 81 60 23 11 6 422 
22 21 59 74 22 26 246 
46 46 73 47 68 18 693 
84 31 87 7 73 15 377 
10 42 78 3 66 29 742 
13 68 67 97 56 86 716 
18 14 36 2 19 59 475 
78 44 56 73 16 37 298 
52 75 18 40 93 7 97 
82 83 73 59 98 41 273 
80 9 52 14 34 99 539 
19 54 7 56 58 90 260 
100 24 32 52 94 57 498 
95 51 59 65 80 78 298 
33 64 45 23 20 27 802 
37 6 61 84 40 72 271 
23 13 86 37 19 82 667 
61 43 9 6 86 74 696 
60 95 51 56 23 32 701 
91 63 35 39 65 35 510 
20 73 70 56 86 30 588 
40 75 30 63 98 57 588 
24 38 18 36 55 15 635 
14 12 30 19 43 49 259 
51 53 100 56 49 21 339 
72 41 52 2 46 15 159 
22 23 95 27 77 16 554 
27 19 5 13 22 87 53 
64 42 39 45 83 42 727 
24 32 9 51 37 33 425 
99 68 36 10 102 61 751 
90 37 94 68 35 66 198 
36 96 46 28 37 37 66 
101 15 59 66 75 32 796 
93 89 78 41 85 18 231 
53 72 5 23 28 16 599 
8 48 80 49 79 67 717 
38 65 25 3 98 46 800 
55 79 46 29 30 96 791 
50 18 29 52 50 98 682 
26 43 8 11 23 37 763 
69 81 18 98 67 12 456 
26 55 41 90 74 32 794 
95 60 96 100 22 78 471 
32 53 99 31 71 6 93 
24 20 94 77 12 7 704 
100 30 33 65 87 43 199 
65 90 65 78 68 88 257 
85 14 13 3 60 38 304 
30 21 70 98 7 47 20 
37 49 15 64 28 13 780 
32 65 37 37 37 35 544 
65 37 54 6 20 82 315 
8 83 76 53 71 51 566 
11 65 69 82 99 24 234 
43 52 16 42 77 38 435 
50 78 68 25 5 72 531 
87 17 95 89 67 66 235 
67 41 13 59 64 28 172 
2 70 58 41 13 40 181 
87 40 65 45 46 87 472 
7 10 31 68 81 6 201 
50 77 94 34 60 102 621 
12 5 85 15 12 34 392 
11 12 86 93 34 45 814 
79 31 46 23 80 73 491 
34 84 93 85 24 98 430 
95 65 9 55 40 48 607 
37 82 32 36 55 12 788 
99 46 77 48 63 27 579 
47 50 13 82 31 18 644 
23 95 32 90 38 97 129 
49 79 40 96 99 27 344 
51 16 88 27 63 66 282 
40 18 39 63 74 84 389 
17 98 75 11 32 97 113 
89 102 49 19 16 83 408 
69 39 54 66 101 31 787 
36 27 57 70 54 46 682 
79 95 29 66 16 70 267 
83 67 87 69 32 30 503 
17 41 10 49 85 87 575 
81 87 99 75 55 53 660 
73 21 43 80 53 32 87 
8 22 55 3 15 19 704 
74 69 99 71 2 37 158 
87 48 23 72 62 15 802 
10 32 93 63 19 54 81 
48 46 92 81 100 53 70 
21 57 48 71 69 86 57 
20 102 5 55 18 64 703 
74 22 10 93 19 14 802 
92 64 42 98 68 79 210 
26 9 92 4 86 13 538 
94 77 2 95 31 94 737 
32 90 10 2 92 26 608 
25 84 90 83 41 12 241 
95 8 75 4 10 83 770 
95 15 52 35 53 22 656 
47 10 101 90 22 10 490 
76 34 98 78 55 53 5 
27 4 23 47 3 39 806 
72 29 93 23 12 98 305 
76 60 70 41 5 96 637 
76 91 95 21 4 71 155 
75 79 28 57 32 96 550 
13 31 90 52 86 84 615 
82 10 69 12 14 25 813 
77 30 39 52 59 24 419 
15 30 28 101 69 82 787 
52 67 69 82 4 72 517 
30 82 91 22 14 5 766 
84 28 10 92 49 21 806 
