4 8
150
76 6 54 36 1588 
95 36 67 43 1418 
35 21 100 91 1570 
85 62 39 55 758 
24 62 26 30 1461 
42 62 93 29 209 
40 69 6 98 1618 
82 18 9 75 1106 
101 76 69 16 251 
70 85 82 22 1150 
22 43 72 52 793 
15 82 26 46 944 
35 45 40 30 799 
68 17 4 92 259 
69 55 66 88 779 
50 95 12 15 358 
59 81 73 58 1513 
99 99 56 50 1400 
3 94 64 17 572 
57 38 41 68 812 
55 82 92 6 66 
69 79 86 4 5 
22 72 14 25 17 
55 75 84 37 855 
70 63 57 7 245 
77 93 51 53 1508 
15 56 46 65 1131 
79 91 68 55 423 
21 15 54 49 1068 
33 82 42 16 1332 
85 56 6 15 1330 
94 27 88 91 476 
78 31 36 12 1426 
69 27 51 55 397 
66 8 31 11 544 
57 11 9 41 1366 
97 53 36 71 162 
61 52 33 84 1264 
53 6 79 25 814 
92 81 45 62 1613 
8 33 88 92 287 
78 26 97 82 430 
85 20 48 8 561 
27 97 66 102 461 
19 96 69 78 1193 
62 31 8 62 703 
78 68 49 42 1268 
65 67 46 54 545 
37 57 53 57 1536 
35 59 73 91 407 
98 17 45 34 1338 
14 66 12 19 934 
49 20 37 39 823 
19 73 8 30 1157 
62 53 15 68 1520 
64 45 14 84 654 
5 60 19 37 775 
63 25 17 60 1075 
101 56 29 96 1404 
19 22 16 7 1253 
64 53 45 20 1054 
47 4 78 41 326 
71 54 31 79 885 
91 3 3 92 1460 
96 58 50 64 1170 
8 26 20 82 1246 
45 31 9 7 1272 
54 17 101 72 44 
61 49 78 40 1581 
49 28 52 42 1578 
18 21 27 17 1348 
8 6 83 49 954 
23 86 98 65 1264 
42 47 26 101 42 
77 5 32 89 500 
49 81 11 67 404 
83 76 80 86 992 
26 6 94 24 1168 
50 36 54 14 1334 
77 53 16 63 926 
4 4 52 40 363 
15 91 40 87 577 
29 96 17 24 1270 
49 8 14 4 880 
38 56 3 30 887 
42 53 21 7 905 
98 67 50 11 375 
81 26 42 64 781 
37 68 9 89 726 
56 21 32 36 576 
71 41 14 9 338 
50 3 25 86 1333 
64 72 34 31 639 
64 48 9 101 1616 
25 67 52 56 309 
72 49 16 85 7 
24 22 87 72 1403 
59 55 43 90 1221 
80 3 59 82 1394 
67 36 79 50 1349 
10 14 33 37 208 
6 91 60 90 832 
3 89 41 85 978 
44 87 64 46 1336 
10 7 20 26 344 
23 11 72 71 878 
38 72 68 3 1505 
12 91 52 59 1338 
70 97 55 39 1204 
93 64 75 22 710 
82 74 36 68 1211 
5 96 9 16 1492 
97 20 92 37 252 
33 23 41 93 820 
55 37 7 64 220 
15 54 83 53 484 
61 37 52 27 1204 
66 38 102 28 1453 
18 85 38 68 1415 
52 8 20 24 693 
73 25 84 72 1482 
47 69 74 55 993 
53 14 58 86 524 
62 70 66 63 844 
97 23 14 4 560 
72 102 41 77 1033 
10 36 61 10 963 
38 55 82 36 477 
99 66 49 68 619 
5 28 53 36 439 
84 43 59 72 772 
52 13 82 38 340 
47 31 99 92 865 
19 55 50 27 1563 
9 90 32 34 900 
33 76 49 66 504 
46 50 7 50 1330 
69 79 91 63 156 
27 75 46 16 1374 
70 69 59 15 337 
52 80 28 40 326 
96 13 28 17 264 
77 66 18 7 1257 
99 26 51 10 1405 
43 66 89 18 1150 
36 46 19 50 1421 
66 19 36 46 1315 
68 24 68 30 1433 
58 53 76 47 560 
63 58 41 39 1426 
