4 4
150
18 39 23 89 292 
21 44 46 52 448 
66 102 50 5 340 
27 19 11 33 494 
66 11 48 43 359 
63 24 35 23 82 
51 69 64 58 747 
35 5 68 89 450 
11 41 33 28 597 
98 36 82 51 479 
19 60 64 86 149 
9 93 82 45 611 
99 10 25 42 50 
98 40 95 13 74 
24 52 24 78 418 
27 80 22 70 392 
29 43 87 64 759 
92 8 79 40 687 
44 25 25 14 476 
3 17 93 22 628 
60 44 71 42 298 
68 39 88 35 759 
32 73 14 97 395 
57 26 63 49 129 
92 63 57 29 550 
101 29 12 19 411 
12 89 101 93 736 
87 74 47 28 218 
56 22 46 47 447 
72 13 31 65 25 
79 56 46 7 707 
99 89 44 74 308 
41 28 71 85 679 
45 74 23 7 520 
85 81 37 22 504 
72 19 12 74 794 
89 100 49 16 597 
58 44 96 6 761 
100 33 75 90 712 
29 53 63 63 98 
100 92 26 102 164 
100 21 26 45 135 
82 79 72 77 412 
43 82 56 12 225 
2 80 19 13 539 
54 8 49 35 280 
21 58 51 63 811 
99 76 49 97 611 
39 21 53 90 112 
23 63 100 40 380 
50 99 53 36 94 
22 75 15 36 553 
94 74 93 11 792 
25 30 11 78 435 
68 35 62 37 739 
84 29 31 100 370 
93 11 11 89 705 
24 8 17 51 648 
26 64 15 29 676 
67 30 44 93 736 
94 54 24 87 653 
17 39 18 46 242 
95 46 17 91 625 
85 65 6 25 610 
20 16 62 98 239 
7 22 35 54 211 
56 86 41 10 432 
41 89 26 9 584 
87 92 73 22 701 
83 49 26 52 811 
4 26 22 18 592 
81 95 28 58 615 
97 6 65 20 618 
11 7 9 38 308 
99 41 99 53 732 
30 45 42 12 397 
60 98 85 55 197 
32 67 25 37 607 
48 63 71 33 626 
83 29 55 46 627 
77 41 90 15 24 
65 29 71 28 365 
38 55 17 9 143 
101 24 12 96 375 
46 85 74 64 744 
37 72 68 76 74 
3 92 98 36 597 
20 10 72 52 500 
5 98 98 93 316 
96 48 63 16 636 
61 18 61 100 266 
95 69 29 24 550 
94 63 96 20 356 
48 59 83 36 806 
93 54 62 35 349 
50 88 84 25 796 
91 11 54 99 407 
87 32 99 3 654 
53 83 50 85 562 
44 4 81 49 754 
39 67 29 17 707 
9 58 29 58 689 
9 88 6 26 636 
86 11 100 70 479 
18 62 82 56 390 
12 6 79 66 4 
48 10 37 33 498 
27 83 39 12 349 
31 6 44 19 600 
67 79 26 7 696 
35 7 13 90 625 
79 87 75 70 623 
6 81 65 57 316 
101 53 75 65 434 
4 74 90 27 246 
14 20 65 83 672 
35 81 74 81 546 
43 99 48 56 686 
42 10 71 36 320 
52 43 88 80 610 
16 6 63 54 679 
63 19 88 60 528 
61 23 95 87 353 
26 9 86 91 793 
4 7 21 81 108 
96 5 56 88 655 
73 34 87 8 557 
31 20 22 97 49 
27 13 90 92 207 
21 17 86 92 121 
45 59 100 83 595 
11 87 84 41 728 
60 65 102 80 766 
29 38 89 19 118 
9 89 90 85 594 
92 19 31 56 769 
81 22 66 73 308 
15 36 6 35 483 
46 38 83 8 394 
64 14 11 98 800 
84 30 68 78 68 
58 71 17 10 673 
94 58 30 47 85 
40 101 30 43 658 
95 34 56 60 576 
73 8 84 37 90 
81 10 36 58 98 
53 55 89 65 669 
46 21 98 53 552 
90 9 38 98 87 
