4 8
150
13 3 34 55 1356 
84 45 31 4 707 
4 32 97 17 757 
14 14 47 5 253 
57 81 3 95 838 
42 16 87 29 960 
87 38 77 43 1483 
70 29 11 44 859 
100 27 26 84 1304 
26 39 85 31 1052 
24 28 91 3 872 
34 102 41 4 709 
71 59 4 45 959 
69 57 56 26 1278 
88 5 6 53 289 
33 58 21 15 446 
4 33 58 64 608 
60 49 76 90 967 
70 89 9 100 1370 
42 24 83 26 219 
71 85 61 53 1287 
20 24 40 85 374 
78 83 28 76 670 
40 3 42 8 12 
22 82 68 67 165 
100 99 8 69 1262 
10 77 97 102 945 
21 74 7 85 312 
38 10 93 67 1358 
89 63 34 59 754 
41 84 77 25 1525 
91 19 97 43 1316 
24 19 73 8 238 
3 88 28 19 359 
68 98 59 89 1060 
13 92 3 83 371 
39 66 51 23 626 
28 2 74 8 1124 
4 79 66 5 1591 
21 39 87 53 1344 
3 37 18 37 1309 
45 27 90 60 1339 
101 18 15 20 713 
59 70 53 70 1438 
3 16 22 50 328 
91 34 56 91 749 
76 6 53 101 346 
4 51 15 43 1555 
3 14 16 26 1133 
88 66 48 61 658 
53 89 19 64 1334 
90 17 70 17 1495 
13 73 101 14 129 
97 67 16 99 676 
11 57 12 74 1419 
90 2 98 80 559 
27 88 97 51 1546 
90 89 90 19 548 
90 83 100 51 1369 
32 16 3 19 1213 
22 52 51 20 520 
99 78 47 77 1523 
89 21 91 83 1094 
28 78 52 20 329 
10 79 99 66 878 
30 58 63 90 928 
77 101 81 6 228 
77 39 79 19 1602 
13 44 15 26 752 
71 94 19 84 947 
56 66 86 98 1082 
45 55 87 66 70 
42 17 59 21 304 
91 41 87 69 1505 
91 101 34 21 146 
68 67 75 20 1386 
38 41 81 32 46 
13 17 85 40 1156 
24 54 15 15 948 
98 87 96 7 935 
31 8 52 92 1124 
57 34 66 90 1630 
80 82 70 81 1114 
3 38 28 18 127 
76 58 49 98 1145 
40 88 21 63 213 
83 72 70 62 906 
32 92 91 64 775 
81 52 97 40 1508 
44 86 36 47 937 
62 61 80 100 1359 
75 61 55 22 511 
72 14 5 77 306 
10 14 9 26 633 
13 49 67 70 465 
26 63 11 6 455 
56 53 76 6 869 
24 94 72 79 1346 
72 39 72 32 1269 
69 50 23 21 1378 
32 79 12 8 761 
15 96 12 71 976 
14 52 51 94 1268 
20 40 101 23 1569 
18 44 32 43 1117 
76 79 36 93 1004 
78 42 92 22 1591 
79 43 70 60 658 
30 85 3 19 1152 
22 90 80 55 972 
31 51 101 25 1122 
90 49 71 40 1181 
38 62 21 10 1367 
74 62 31 96 19 
79 72 43 83 1109 
35 43 14 73 785 
89 101 84 33 533 
29 43 69 53 153 
32 74 32 87 73 
70 66 95 36 1615 
62 60 86 54 1343 
61 9 20 57 583 
49 37 101 92 1398 
39 80 90 77 920 
33 96 80 87 1167 
8 41 58 79 1627 
71 51 81 74 1434 
31 18 32 51 1200 
22 25 13 17 1020 
97 75 43 102 1104 
92 78 20 79 1117 
69 82 101 82 1253 
22 53 43 58 1083 
100 58 29 4 932 
23 51 41 4 591 
10 84 65 25 1247 
34 101 59 11 165 
95 33 3 5 347 
51 19 52 74 881 
71 83 58 51 1049 
41 48 41 44 758 
43 39 18 43 989 
86 19 78 6 724 
23 96 34 48 1192 
69 56 26 83 136 
6 101 68 50 1093 
29 28 16 60 607 
88 62 16 65 1124 
58 17 62 45 600 
34 43 48 30 542 
