4 6
150
82 14 30 22 615 
34 23 64 42 318 
59 45 83 9 1016 
19 71 13 80 1019 
64 91 35 52 1093 
85 63 68 53 239 
32 24 82 42 186 
42 23 97 12 1040 
4 47 46 25 1089 
80 47 3 41 1091 
30 85 66 18 881 
93 81 81 33 822 
73 57 13 23 1174 
37 64 43 94 526 
99 76 3 95 993 
19 46 12 63 141 
40 61 30 64 1115 
49 60 66 70 297 
63 44 66 45 171 
49 36 26 29 659 
18 6 11 98 1134 
56 84 73 37 677 
49 71 20 22 355 
14 29 51 32 595 
79 100 75 70 1006 
56 12 59 81 414 
84 23 85 9 1173 
37 52 34 71 450 
67 89 31 15 949 
94 26 47 16 24 
22 87 96 80 942 
20 32 43 15 469 
47 27 94 3 891 
28 88 13 26 1154 
64 97 82 95 1021 
92 71 63 93 1108 
32 67 45 79 163 
100 29 7 32 959 
6 11 21 33 1127 
42 97 30 42 633 
8 15 23 22 489 
28 7 3 97 1070 
51 72 52 25 100 
81 84 18 90 921 
101 83 83 47 1101 
55 78 51 3 527 
97 43 23 41 1035 
19 46 25 39 1071 
94 28 12 45 365 
37 61 98 25 155 
60 81 42 67 646 
27 34 78 32 1068 
52 58 102 54 1135 
10 51 13 40 1116 
37 61 80 3 1014 
74 73 40 18 677 
95 83 27 91 1035 
17 3 58 88 725 
87 71 95 52 466 
38 29 60 52 273 
88 50 59 34 946 
102 3 41 84 983 
57 96 62 77 1149 
71 33 13 70 948 
8 95 26 81 82 
69 68 31 65 574 
48 15 91 95 851 
47 25 95 13 1040 
17 64 76 8 56 
93 11 20 58 845 
7 18 92 74 199 
95 26 80 27 131 
35 74 78 37 426 
44 7 68 7 601 
48 39 102 85 770 
46 21 20 77 195 
60 50 75 96 513 
32 24 18 79 938 
23 47 70 3 631 
44 88 41 73 762 
87 44 15 9 286 
69 18 10 12 888 
76 8 5 12 644 
87 102 85 95 65 
22 91 91 31 347 
2 71 101 33 253 
59 82 49 15 372 
18 37 68 72 911 
15 16 9 7 33 
17 44 60 50 810 
45 5 48 68 517 
98 55 86 81 281 
100 19 79 91 186 
96 61 92 81 451 
52 36 14 21 1124 
8 85 86 28 164 
60 13 53 67 951 
56 36 83 72 417 
65 54 89 50 934 
98 39 19 92 101 
58 54 81 13 200 
11 93 29 76 445 
16 71 60 67 790 
89 69 14 13 749 
63 80 22 47 909 
100 49 67 45 1173 
71 67 97 20 702 
9 34 41 51 841 
65 9 8 36 248 
96 96 24 85 1093 
31 27 8 31 581 
80 34 36 39 222 
64 28 87 81 827 
51 76 41 10 708 
57 30 65 45 1204 
56 74 88 27 987 
6 27 84 55 816 
45 61 68 73 977 
77 100 4 33 81 
38 24 29 69 875 
21 57 15 27 419 
4 64 65 32 1142 
7 48 10 59 171 
39 47 33 14 296 
92 11 71 30 1013 
59 28 35 38 761 
34 47 21 56 752 
52 14 58 21 794 
84 98 38 80 914 
31 92 47 19 850 
93 93 17 45 1001 
13 88 87 45 947 
78 31 29 70 751 
62 29 56 97 787 
27 91 14 49 522 
96 75 93 56 656 
69 82 18 69 866 
43 32 78 74 622 
66 29 16 44 1085 
54 71 69 18 178 
4 38 52 55 539 
5 81 70 2 1075 
40 97 33 91 130 
98 16 62 99 248 
33 53 84 47 11 
101 77 72 61 1107 
27 7 77 41 629 
33 32 65 25 832 
65 63 78 86 160 
71 97 26 33 1135 
