6 4
150
92 52 89 38 11 19 701 
9 63 96 31 95 64 122 
86 72 45 66 25 77 285 
85 18 49 47 73 67 309 
19 84 100 9 28 8 85 
69 86 69 13 34 32 265 
64 83 73 22 58 27 788 
76 3 3 95 48 41 61 
36 42 93 39 54 50 737 
80 98 24 70 58 7 141 
88 78 55 93 47 4 175 
38 78 27 18 42 43 355 
84 99 16 82 69 5 269 
46 78 76 82 84 44 685 
86 51 54 101 23 81 715 
27 50 4 3 38 88 803 
66 68 24 14 9 49 786 
101 10 90 91 4 86 347 
2 81 13 65 62 39 421 
29 75 18 22 64 58 468 
52 14 80 33 19 37 648 
12 54 70 77 97 90 694 
43 66 12 21 97 47 200 
71 94 41 78 51 49 306 
94 8 94 47 93 41 403 
97 12 60 87 52 65 736 
29 44 89 67 52 68 701 
11 8 3 69 12 35 664 
23 41 57 70 90 44 147 
48 78 32 6 51 38 374 
56 54 36 47 84 36 339 
51 54 13 101 82 53 678 
102 94 81 83 8 70 609 
72 6 18 64 23 74 660 
69 59 63 3 33 42 449 
56 68 23 30 101 42 586 
90 46 71 9 93 37 380 
86 53 25 44 70 73 687 
51 20 85 63 64 62 672 
96 52 100 52 13 30 377 
27 59 54 10 30 5 673 
62 49 57 32 40 36 677 
8 40 61 65 71 73 44 
51 40 69 39 82 91 765 
96 73 59 81 9 2 478 
96 73 37 42 70 4 726 
72 30 33 26 28 101 718 
14 41 89 44 59 43 628 
22 88 73 50 15 91 534 
78 100 53 33 36 26 102 
69 26 25 3 71 18 639 
12 38 15 56 92 8 673 
34 72 39 51 62 84 607 
87 66 94 57 15 26 769 
33 82 95 94 77 78 369 
17 66 43 90 27 101 83 
52 60 97 25 85 85 362 
29 16 83 76 45 40 666 
62 33 48 58 95 86 645 
58 22 63 17 32 39 140 
8 97 63 37 85 66 289 
8 99 34 32 43 52 30 
68 14 20 34 40 66 451 
35 98 34 34 17 33 768 
40 35 10 55 48 29 173 
21 22 42 62 76 48 440 
37 16 28 54 36 77 737 
10 46 85 94 76 64 599 
102 31 5 70 35 43 554 
65 26 79 97 25 85 384 
94 80 74 66 19 3 801 
83 8 82 83 57 6 251 
92 27 63 74 67 50 155 
93 39 94 42 7 88 584 
93 50 59 13 95 45 134 
68 14 30 58 62 77 155 
25 24 90 80 39 39 602 
101 19 25 59 37 30 6 
43 82 26 14 17 29 737 
60 26 71 65 62 16 195 
15 35 18 7 75 102 557 
17 6 64 70 51 100 750 
34 36 56 60 17 18 203 
34 6 46 47 50 31 531 
101 20 17 79 25 52 701 
86 9 54 64 30 34 219 
78 64 46 69 31 100 215 
92 17 6 47 101 101 665 
31 73 62 26 73 5 131 
88 49 93 28 50 8 388 
28 4 98 89 85 100 457 
44 102 80 21 32 41 73 
5 13 34 26 53 6 455 
38 94 40 59 31 13 733 
17 56 43 83 94 81 522 
15 11 60 17 3 28 707 
73 84 7 43 66 9 675 
38 61 4 99 4 94 734 
12 59 32 56 89 68 220 
48 40 40 40 62 47 735 
4 76 11 52 81 71 529 
13 36 18 67 6 9 649 
97 41 86 92 89 76 30 
53 30 63 15 61 62 208 
46 68 5 6 64 95 274 
87 95 49 25 25 27 809 
26 16 92 86 61 49 418 
101 56 50 75 73 89 416 
48 50 39 21 11 41 547 
69 15 62 43 16 48 85 
48 40 69 66 51 6 226 
16 73 32 2 14 76 362 
14 57 33 93 8 85 318 
47 12 6 15 88 34 463 
3 32 44 47 3 43 439 
18 82 11 24 84 25 266 
79 9 21 99 67 25 449 
60 31 52 10 65 73 11 
30 66 53 65 74 73 101 
43 89 58 13 35 93 783 
77 24 71 26 61 8 548 
5 87 19 23 11 4 359 
3 95 38 40 72 55 723 
19 60 62 12 55 22 297 
22 65 88 34 34 61 673 
9 83 86 6 67 36 205 
81 36 44 65 71 70 332 
97 21 75 66 40 9 479 
66 11 16 9 88 33 678 
24 33 91 79 45 63 768 
14 54 35 7 21 66 308 
26 20 49 86 54 98 207 
46 14 70 96 54 26 350 
74 73 100 81 5 44 469 
5 55 88 28 9 48 679 
70 42 61 21 46 23 323 
93 68 25 36 37 60 636 
21 23 85 93 40 53 325 
83 38 28 17 24 82 175 
67 64 59 47 51 44 622 
74 11 77 10 5 5 658 
6 77 47 70 86 82 689 
34 5 37 71 97 45 706 
6 35 6 24 43 20 216 
7 68 91 88 18 4 379 
13 10 85 37 50 61 627 
63 83 49 40 3 39 268 
61 24 78 56 101 92 556 
79 73 88 64 87 56 813 
11 57 84 70 80 40 175 
