2 2
150
41 68 251 
82 89 236 
28 13 143 
4 101 110 
13 10 121 
70 49 298 
9 15 308 
82 4 180 
37 37 99 
11 63 84 
59 14 66 
12 61 113 
15 30 190 
19 62 273 
54 40 169 
78 70 146 
19 11 213 
6 89 208 
91 60 262 
19 47 212 
36 19 205 
16 47 354 
13 3 201 
4 57 78 
28 92 219 
11 31 262 
5 62 274 
90 94 213 
70 55 103 
67 23 3 
65 97 340 
97 86 176 
19 39 377 
57 67 277 
88 17 220 
35 80 396 
99 82 122 
102 17 347 
87 47 103 
100 48 378 
64 48 325 
51 41 246 
37 34 29 
13 94 375 
74 50 388 
101 4 314 
100 37 307 
30 70 167 
73 65 329 
100 12 158 
20 21 372 
102 95 79 
90 40 312 
96 100 188 
92 89 361 
40 30 273 
92 87 177 
50 101 46 
20 36 319 
41 80 308 
82 39 90 
70 95 298 
3 74 226 
78 13 263 
3 7 154 
31 40 332 
54 35 145 
16 11 102 
97 72 82 
82 84 242 
43 51 245 
3 16 248 
26 24 383 
18 39 231 
14 16 305 
81 50 386 
75 90 392 
99 89 184 
42 68 117 
99 75 95 
55 23 366 
98 37 252 
7 102 370 
79 7 65 
89 38 393 
81 4 388 
52 18 93 
27 9 384 
65 46 256 
17 63 198 
34 29 201 
73 65 68 
69 18 320 
15 76 196 
6 99 339 
83 11 206 
50 63 261 
35 49 232 
2 30 59 
98 35 371 
101 91 160 
44 46 320 
68 18 302 
82 14 353 
19 39 173 
77 23 42 
13 84 144 
14 69 406 
87 101 326 
94 73 141 
4 73 339 
90 16 346 
11 63 214 
7 16 379 
78 70 201 
79 19 43 
17 28 30 
6 87 207 
58 88 94 
41 60 186 
101 76 188 
42 80 170 
5 31 95 
59 68 244 
60 8 278 
44 38 402 
53 9 336 
72 80 183 
29 100 352 
34 33 115 
64 72 17 
9 8 165 
49 39 368 
10 76 358 
89 59 247 
49 49 321 
85 16 206 
26 91 207 
65 31 394 
3 14 327 
57 73 398 
97 97 392 
58 53 407 
30 97 406 
10 45 138 
97 84 84 
86 82 210 
10 52 72 
79 40 329 
55 46 316 
