4 2
150
70 69 70 98 22 
7 76 46 56 289 
47 24 29 5 211 
15 92 76 58 250 
92 92 69 33 289 
58 51 52 77 372 
6 34 14 34 340 
81 82 82 30 262 
24 14 33 57 321 
5 22 35 99 323 
91 26 9 12 313 
80 2 39 27 200 
58 25 71 65 272 
15 12 96 22 297 
35 12 48 94 162 
80 61 14 55 275 
38 17 56 98 9 
82 27 4 58 23 
81 45 57 81 34 
100 45 70 90 269 
96 28 16 26 187 
82 80 17 73 402 
21 90 86 60 56 
43 72 75 64 351 
90 10 41 16 384 
92 56 69 86 169 
37 93 26 89 301 
12 4 32 52 91 
4 12 33 59 351 
93 62 99 68 275 
31 72 8 4 318 
88 89 101 32 227 
27 13 33 32 260 
30 66 99 86 17 
41 42 25 41 342 
80 79 84 31 16 
33 59 3 19 53 
67 87 24 11 358 
24 4 102 97 395 
94 80 3 95 237 
29 65 15 64 116 
90 49 69 20 407 
11 8 73 28 103 
70 11 17 19 401 
45 44 89 99 333 
39 42 30 45 376 
102 77 90 73 312 
70 46 41 91 100 
21 21 5 12 321 
18 34 75 72 118 
84 66 86 97 63 
87 78 18 83 374 
50 21 26 28 408 
36 20 102 52 235 
26 72 28 95 325 
26 40 80 20 266 
7 69 60 16 42 
38 93 95 58 371 
94 30 61 99 310 
102 97 79 12 184 
101 34 25 15 22 
14 40 93 18 370 
49 100 100 18 354 
84 62 12 19 261 
44 27 46 61 268 
98 13 31 19 325 
32 63 70 75 270 
75 45 47 11 399 
100 2 79 67 180 
96 32 45 12 385 
42 87 62 48 12 
76 89 66 49 39 
3 11 76 38 250 
88 32 27 52 58 
40 17 3 21 269 
44 50 81 17 292 
68 70 21 25 165 
47 3 24 73 376 
88 81 100 2 396 
91 28 43 6 238 
66 6 95 99 230 
27 86 43 82 248 
29 10 51 78 176 
34 93 53 98 67 
87 9 57 60 115 
61 19 3 24 314 
17 8 78 59 31 
64 77 24 69 65 
63 62 44 12 268 
80 32 24 59 264 
100 77 48 90 299 
59 52 38 71 397 
10 85 21 5 185 
22 34 94 71 331 
60 71 86 82 226 
27 67 47 94 206 
30 96 45 60 321 
42 63 90 86 205 
14 41 55 71 34 
80 42 41 67 186 
47 41 56 78 30 
32 93 67 35 196 
94 7 46 20 283 
16 42 64 27 23 
62 46 9 21 283 
21 17 17 74 317 
87 28 82 49 21 
91 43 69 53 200 
51 97 57 38 238 
9 97 37 2 385 
40 81 17 62 350 
3 34 37 9 361 
16 78 95 57 257 
68 28 99 16 326 
75 75 13 78 230 
66 91 73 63 256 
26 83 17 80 165 
8 13 22 63 17 
60 7 62 64 142 
75 4 2 76 375 
83 100 23 22 89 
67 70 41 6 89 
14 63 76 47 264 
36 63 17 17 232 
57 8 38 12 91 
69 15 51 43 340 
64 91 99 71 334 
28 62 97 59 308 
40 74 18 42 376 
99 33 18 100 5 
14 89 87 19 151 
77 63 13 100 221 
54 21 100 22 244 
25 65 8 65 158 
76 68 61 42 76 
85 92 99 20 104 
38 99 53 42 292 
77 6 83 34 29 
67 51 98 5 96 
22 76 98 82 284 
36 27 55 61 110 
48 31 48 101 220 
87 67 95 75 73 
57 70 60 51 346 
21 85 76 58 301 
28 72 58 19 402 
11 96 18 51 373 
13 46 94 16 107 
48 60 84 80 88 
2 58 25 87 278 
