6 6
150
20 73 70 74 15 60 996 
58 78 53 50 38 96 990 
78 4 28 6 19 11 752 
32 100 67 73 52 56 804 
10 86 32 49 35 21 329 
28 85 74 86 63 18 1075 
23 35 10 76 53 17 726 
58 22 28 100 6 24 1086 
75 4 3 65 6 18 584 
95 23 3 4 77 56 610 
21 56 23 58 96 76 107 
67 59 99 101 41 8 634 
66 6 51 32 99 40 657 
82 73 22 59 102 42 349 
14 10 74 78 63 12 455 
67 7 44 12 50 82 96 
47 6 67 67 11 98 353 
19 54 75 80 18 98 477 
85 2 101 96 35 82 654 
51 27 24 80 99 17 1211 
101 9 21 50 60 48 431 
69 58 94 93 46 102 1155 
58 101 100 47 15 100 1001 
7 46 19 17 102 56 1175 
80 45 89 15 83 32 224 
47 55 32 60 52 6 198 
47 9 5 91 83 61 1147 
28 26 36 86 18 19 1155 
65 5 35 60 94 41 1091 
15 7 80 65 72 78 128 
48 70 89 65 96 68 736 
39 16 28 21 97 4 635 
20 55 31 67 15 26 1008 
53 99 2 61 67 29 387 
3 27 28 13 85 85 989 
59 49 22 24 53 36 322 
91 9 41 98 39 39 1163 
54 51 100 59 54 30 1164 
72 89 6 32 41 31 435 
90 102 11 15 21 73 751 
8 11 45 63 92 58 752 
92 63 65 30 92 39 604 
78 30 55 32 57 88 1060 
63 18 94 15 8 93 11 
9 32 86 20 68 36 567 
43 57 98 65 74 36 982 
27 44 4 51 94 88 154 
73 57 84 66 87 77 555 
94 53 51 86 67 63 1012 
33 81 12 25 5 5 436 
75 59 70 85 54 8 434 
77 92 65 16 7 90 441 
77 3 56 83 61 3 591 
6 49 81 8 75 99 1151 
65 94 28 91 85 79 1203 
100 17 82 35 70 12 218 
63 87 72 63 74 49 694 
80 58 45 46 4 89 844 
12 91 79 81 11 43 149 
100 40 26 23 13 40 939 
89 76 49 93 93 33 537 
64 11 48 3 53 39 1040 
38 85 47 83 92 31 1074 
28 5 57 62 71 8 760 
49 48 41 63 11 82 1110 
84 97 55 13 59 27 590 
82 34 80 60 6 29 769 
57 81 42 24 10 91 748 
73 95 33 24 27 84 180 
65 8 42 44 59 96 657 
90 94 72 35 6 42 566 
74 78 3 67 81 101 1135 
68 101 41 3 93 32 141 
5 24 91 34 45 36 205 
27 41 18 48 35 11 823 
90 72 91 6 51 17 1215 
18 32 60 48 84 24 1183 
9 2 43 69 67 44 1040 
71 83 3 63 8 32 566 
40 87 20 48 92 28 966 
31 52 99 44 17 14 1057 
95 33 88 63 14 22 224 
40 77 82 70 69 84 225 
91 90 45 45 87 55 963 
47 42 3 94 98 20 964 
52 46 27 52 32 101 936 
53 17 102 96 12 30 1218 
12 40 80 25 45 63 485 
64 56 100 31 61 10 593 
93 87 71 17 4 41 1080 
34 57 20 39 86 44 469 
74 45 51 78 27 81 429 
3 25 71 55 59 41 1072 
92 29 23 73 93 30 731 
33 33 81 9 91 13 955 
85 62 88 62 21 3 1102 
13 51 56 36 31 15 1098 
64 101 64 47 2 3 510 
30 99 68 95 16 81 515 
14 72 70 39 70 59 223 
65 85 95 40 40 100 970 
79 69 40 64 17 72 837 
34 18 64 90 13 38 674 
64 23 69 7 25 50 1212 
81 87 99 63 58 74 1214 
18 71 9 64 5 64 623 
32 30 32 101 11 76 976 
56 8 50 59 22 65 10 
64 29 35 17 51 82 1207 
84 43 3 60 100 71 195 
50 58 28 9 76 6 394 
95 38 8 16 76 21 309 
81 51 6 38 11 101 662 
44 75 49 56 84 54 592 
89 31 43 12 7 66 78 
52 25 52 48 61 71 849 
92 30 3 77 63 75 38 
94 100 24 92 73 64 66 
84 80 56 94 54 86 70 
10 67 6 72 58 21 351 
28 56 92 52 32 87 640 
48 48 81 23 81 47 1168 
33 21 23 36 4 3 836 
46 98 57 9 87 66 1011 
65 99 7 7 57 76 807 
46 35 42 43 79 55 446 
34 77 72 75 41 12 937 
48 85 38 55 20 62 1003 
59 37 45 47 23 72 1018 
51 75 18 26 73 31 1062 
88 83 95 27 50 34 146 
23 86 36 48 56 8 210 
16 71 54 39 16 86 1065 
100 99 97 58 85 55 1024 
4 56 51 70 83 92 728 
4 45 31 72 30 72 442 
53 11 101 69 66 68 420 
6 66 89 59 47 102 1087 
85 100 71 67 81 30 244 
32 87 81 75 18 60 149 
29 25 69 88 16 53 575 
90 98 91 22 89 51 1192 
92 64 13 37 92 73 236 
47 62 7 52 44 18 253 
27 22 96 49 11 24 951 
43 22 73 34 51 44 1167 
3 82 47 94 81 24 498 
25 70 40 28 89 95 998 
65 64 38 74 37 28 776 
78 97 74 81 29 22 593 
