6 8
150
46 98 38 88 71 24 1349 
37 57 38 56 46 61 1354 
2 48 5 8 14 36 1522 
67 19 27 64 39 49 1265 
86 69 47 47 101 63 1224 
52 26 101 19 34 76 48 
74 20 18 44 28 32 1203 
27 61 12 30 58 79 1292 
80 13 27 34 77 7 831 
90 92 11 47 100 10 818 
24 7 91 82 63 92 1518 
101 11 22 14 19 6 958 
10 37 19 45 86 98 1173 
15 76 87 59 70 54 1371 
29 9 99 30 24 26 51 
57 23 50 97 89 88 1288 
4 6 22 60 3 94 1306 
57 94 4 16 14 80 159 
32 7 25 94 40 11 1179 
4 26 86 97 82 58 863 
17 71 50 99 12 95 185 
72 66 101 69 62 6 1180 
18 97 16 12 47 95 399 
18 28 4 50 79 9 1623 
83 39 65 23 39 29 658 
25 56 19 4 87 100 990 
42 25 27 81 7 102 1412 
31 72 87 37 64 31 1609 
45 48 51 35 88 14 1457 
30 38 48 25 79 34 1518 
43 99 10 62 97 66 1237 
4 79 72 74 9 15 841 
69 81 89 76 101 44 1294 
10 70 72 101 89 73 210 
89 82 58 30 70 95 1446 
75 79 77 69 67 25 670 
70 82 63 82 101 40 991 
59 61 51 80 92 16 525 
32 40 63 10 94 65 249 
99 16 46 41 21 65 1541 
4 14 9 36 21 40 654 
90 11 21 90 36 54 488 
23 9 52 80 82 59 702 
41 15 61 74 62 28 1160 
68 19 43 81 77 68 911 
49 44 46 74 77 94 677 
31 44 23 61 13 87 1254 
9 96 63 42 8 53 1019 
101 50 63 61 15 71 370 
94 80 10 61 88 76 1202 
67 8 8 6 66 4 175 
73 40 16 51 42 96 952 
25 82 42 71 17 95 786 
96 85 14 65 25 21 592 
66 14 2 27 13 5 695 
90 57 37 44 52 54 451 
12 50 12 74 77 66 1133 
101 71 92 73 83 28 1157 
25 96 43 43 85 76 127 
28 15 26 31 93 18 570 
27 6 29 67 44 23 1376 
37 4 93 50 57 69 1063 
45 12 56 33 80 74 1067 
63 96 3 69 79 22 1360 
36 89 45 86 51 37 1206 
67 66 8 41 7 89 1432 
93 53 95 30 10 45 1355 
5 71 100 15 46 72 1032 
12 28 100 66 3 3 12 
18 50 67 8 34 93 1284 
49 50 94 75 87 80 1145 
45 10 41 72 79 2 508 
19 46 72 6 67 13 887 
40 10 77 6 88 89 1239 
5 30 24 77 53 6 929 
23 9 43 61 94 95 1096 
20 61 96 25 3 72 1600 
5 97 4 69 83 26 144 
42 19 70 102 92 96 661 
82 19 96 28 98 76 1578 
40 32 47 75 20 89 331 
52 82 83 87 20 80 1623 
35 23 10 73 82 50 1314 
92 74 62 3 101 29 611 
44 2 99 7 97 3 1075 
67 58 96 65 39 91 1481 
38 89 17 75 18 43 766 
98 88 57 18 28 18 771 
59 88 74 21 62 85 131 
82 86 82 24 79 36 1118 
66 16 10 45 62 92 884 
87 47 31 85 88 92 738 
16 44 91 71 87 21 128 
73 24 46 79 8 85 911 
6 37 53 42 9 80 528 
75 50 75 69 28 95 1177 
43 45 38 77 94 65 1091 
43 93 55 93 17 63 1528 
93 65 68 56 9 100 1330 
12 80 45 80 14 15 672 
97 18 5 61 28 38 487 
81 10 4 15 22 91 1016 
45 100 50 94 20 41 1323 
86 9 15 21 97 93 498 
67 95 98 82 52 28 764 
77 52 35 91 27 66 199 
57 66 43 89 11 21 1095 
82 96 88 96 76 62 170 
11 92 41 33 47 101 236 
17 8 35 72 65 17 1108 
49 18 5 95 77 71 483 
45 74 35 87 73 65 1380 
101 12 88 78 68 38 1090 
62 95 61 82 67 100 653 
60 9 19 48 6 101 543 
80 85 4 101 93 83 1073 
20 9 47 76 38 32 256 
98 49 97 100 81 3 1422 
24 46 15 12 73 92 1384 
67 18 41 69 66 53 342 
29 87 78 77 58 3 689 
89 15 8 31 70 26 1024 
63 24 50 27 100 48 915 
41 91 91 22 93 83 871 
93 8 8 74 80 97 1119 
64 20 25 25 2 47 585 
33 8 84 5 67 24 68 
96 93 44 68 7 67 1436 
98 89 57 66 22 91 1563 
9 102 59 92 32 96 1602 
6 28 4 100 3 22 131 
84 9 18 28 61 51 1586 
17 66 8 75 32 83 1090 
33 70 61 82 58 42 395 
9 27 16 38 30 8 1468 
67 43 70 6 47 82 218 
82 41 40 63 42 101 1494 
38 53 19 102 16 33 1183 
60 45 20 47 82 86 1236 
84 5 93 33 45 9 821 
25 40 71 87 2 56 847 
31 23 21 19 43 35 1157 
76 99 38 16 76 19 125 
100 52 61 66 98 40 1585 
38 50 32 98 93 43 210 
15 50 17 15 80 23 462 
24 101 30 41 53 7 131 
8 57 19 71 92 45 404 
90 11 23 6 18 57 1529 
75 91 22 52 93 60 1010 
