4 6
150
2 46 63 92 1224 
14 10 24 97 718 
24 14 72 39 612 
61 15 26 77 1111 
14 85 13 40 168 
92 91 56 93 993 
55 60 94 6 846 
69 98 21 58 1224 
76 59 14 91 707 
18 5 52 30 408 
96 23 13 61 1178 
19 35 25 78 119 
24 57 33 16 68 
66 22 68 70 1010 
65 97 70 77 206 
58 73 24 82 1196 
90 42 28 60 1061 
34 49 36 10 639 
36 75 44 48 950 
21 28 100 85 1142 
98 38 84 47 862 
102 55 38 44 496 
47 13 45 81 270 
85 31 75 29 897 
20 88 60 18 590 
91 54 24 99 1193 
32 75 41 89 26 
53 60 82 89 1062 
81 13 93 70 83 
25 33 66 26 1160 
92 54 73 12 927 
11 80 68 99 991 
50 34 41 47 127 
74 75 58 79 866 
27 51 88 42 1156 
9 97 93 11 307 
61 90 99 4 94 
80 4 30 13 1135 
75 94 85 8 477 
49 74 49 59 425 
53 76 89 56 854 
43 68 33 18 844 
16 89 58 74 272 
62 36 38 39 398 
72 46 47 86 1195 
35 68 82 3 580 
37 50 35 77 911 
87 3 46 35 817 
14 73 15 44 960 
88 38 12 86 970 
15 37 12 27 794 
8 31 5 58 453 
77 88 32 70 417 
68 56 83 100 460 
61 93 6 72 256 
101 33 5 8 149 
99 58 98 24 423 
102 40 10 12 833 
57 100 90 98 1128 
27 43 46 10 151 
34 57 14 49 251 
24 34 41 6 811 
77 28 100 46 490 
21 93 10 36 423 
30 48 73 32 1004 
63 5 10 80 1170 
59 89 97 95 986 
44 46 51 4 153 
70 101 6 46 1139 
31 102 46 58 901 
37 36 12 76 1034 
88 85 84 67 723 
21 26 63 11 114 
90 33 7 65 1193 
77 44 8 24 817 
31 43 30 39 645 
64 61 54 7 748 
25 79 23 11 1158 
61 63 86 45 1138 
46 40 98 37 63 
100 97 83 60 1206 
95 30 91 9 685 
46 58 47 14 1192 
62 74 58 50 1051 
14 12 98 71 469 
16 59 65 31 283 
92 48 95 34 665 
68 80 95 8 836 
97 90 16 55 615 
6 18 74 47 400 
74 84 50 51 1144 
91 102 14 22 1036 
37 67 62 86 803 
101 65 15 60 379 
84 81 52 81 1107 
26 97 45 21 424 
100 87 20 98 629 
10 100 46 41 803 
69 69 75 24 404 
33 29 33 89 633 
43 4 16 16 619 
95 34 71 60 852 
95 59 95 88 1057 
52 49 66 35 704 
3 21 77 94 783 
18 7 30 48 728 
99 67 57 69 1145 
98 73 5 48 714 
78 31 88 71 883 
12 75 89 37 1016 
86 65 100 32 623 
24 29 24 53 429 
90 6 25 101 894 
31 4 28 94 1105 
81 45 21 76 1000 
74 35 8 22 662 
44 20 95 65 920 
35 69 27 18 872 
71 51 55 13 867 
74 8 89 98 531 
10 49 97 47 54 
43 47 26 50 967 
91 23 3 99 1136 
71 13 61 26 485 
64 79 12 23 262 
31 92 10 6 121 
67 48 12 79 563 
97 25 50 61 416 
91 45 79 39 1001 
50 50 58 20 17 
63 49 65 58 996 
33 39 76 26 917 
53 39 22 41 168 
45 13 27 53 1198 
49 65 2 92 621 
21 102 75 41 900 
83 36 92 4 597 
20 85 56 98 180 
60 51 26 86 1015 
54 25 40 26 473 
39 25 8 22 669 
100 49 75 8 767 
33 66 37 52 1144 
19 48 20 92 1169 
62 59 31 38 492 
100 40 18 9 1204 
97 64 51 3 450 
60 30 72 50 618 
73 12 50 35 1019 
96 16 76 93 806 
