2 6
150
67 32 564 
20 73 1007 
52 45 141 
98 25 1040 
65 64 218 
64 93 75 
21 11 740 
32 21 771 
68 40 303 
28 57 228 
55 30 1009 
11 59 1048 
9 5 116 
65 63 246 
19 32 258 
7 8 1099 
98 90 834 
66 51 571 
52 38 134 
85 54 403 
60 27 1070 
95 45 1166 
5 55 64 
34 57 1073 
99 58 589 
42 15 1091 
44 63 394 
37 31 829 
52 91 963 
38 61 257 
77 26 629 
79 7 439 
35 26 1059 
28 4 640 
87 66 398 
82 69 1140 
101 12 284 
24 43 1114 
3 25 1167 
22 45 666 
19 69 1152 
86 59 386 
38 22 618 
14 10 1081 
5 18 721 
82 52 802 
37 72 272 
87 39 611 
100 55 1014 
62 78 1013 
42 15 1001 
34 11 437 
60 3 84 
3 46 574 
45 88 22 
37 21 304 
34 23 889 
32 86 891 
34 33 360 
46 88 54 
51 78 544 
70 74 1164 
9 72 90 
25 24 608 
61 36 316 
77 45 626 
50 65 416 
60 30 672 
12 13 349 
11 102 955 
8 16 176 
4 54 834 
4 77 178 
9 30 598 
19 11 1214 
25 73 615 
49 59 1082 
80 98 286 
72 93 588 
92 60 752 
69 100 862 
31 19 98 
37 58 1004 
60 75 828 
39 44 428 
87 43 236 
58 89 483 
80 64 529 
92 30 219 
93 34 758 
22 15 217 
55 42 376 
80 90 1126 
93 90 183 
70 91 1028 
23 44 668 
90 87 611 
31 36 862 
24 91 437 
29 42 1088 
92 46 299 
22 40 737 
52 86 23 
6 9 643 
29 66 1219 
27 12 890 
61 71 1059 
65 5 573 
14 93 966 
49 33 630 
97 53 595 
5 3 529 
93 50 634 
26 73 710 
55 86 963 
99 4 853 
73 99 961 
65 70 868 
4 29 513 
80 10 569 
83 5 644 
52 11 681 
6 26 773 
58 36 759 
23 37 1200 
31 13 229 
70 17 1097 
11 78 414 
75 34 1017 
80 3 911 
3 15 490 
7 45 832 
7 4 915 
25 96 949 
9 16 776 
19 44 402 
75 76 202 
25 11 1146 
59 74 326 
21 80 946 
74 28 289 
91 57 260 
24 18 1136 
32 25 101 
46 47 258 
14 5 759 
72 58 1102 
52 7 329 
60 80 44 
48 51 864 
