2 6
150
72 4 1055 
71 59 718 
45 70 1040 
86 41 685 
7 24 1187 
37 89 1205 
4 12 505 
36 85 757 
26 66 383 
90 60 536 
46 92 16 
13 7 953 
18 4 1033 
68 53 1200 
32 81 150 
52 22 702 
11 8 320 
90 93 9 
82 37 236 
26 48 1138 
29 57 120 
43 42 592 
57 96 209 
21 22 1033 
16 38 734 
45 7 51 
52 75 538 
76 82 643 
20 58 1214 
3 33 858 
61 93 692 
93 40 1173 
90 91 477 
66 98 316 
42 91 1052 
44 76 670 
43 38 380 
17 77 891 
51 56 919 
59 26 1026 
51 56 772 
49 62 352 
30 25 1202 
66 57 197 
67 88 949 
20 36 1104 
69 78 1000 
47 62 1160 
41 46 204 
86 44 1037 
23 33 797 
57 17 510 
65 95 357 
59 16 634 
58 79 999 
17 52 1088 
97 33 246 
87 93 582 
4 7 1153 
70 10 208 
14 46 984 
16 45 291 
53 12 871 
38 58 493 
63 11 764 
32 90 1019 
15 26 1145 
30 90 142 
67 38 496 
20 55 126 
49 96 1049 
14 47 851 
73 45 410 
60 66 489 
20 61 924 
82 26 998 
87 74 203 
13 57 1023 
25 86 684 
71 51 91 
85 35 700 
63 91 749 
56 51 784 
95 61 554 
52 57 737 
56 12 356 
38 87 152 
61 34 990 
96 38 482 
4 91 746 
16 4 1153 
28 77 377 
85 59 869 
16 27 917 
20 94 167 
73 63 1223 
25 72 912 
29 35 782 
97 26 13 
78 69 639 
24 54 734 
5 81 688 
53 26 985 
31 73 651 
60 24 730 
39 43 493 
69 24 922 
41 81 238 
88 89 852 
32 33 620 
32 9 1097 
21 95 893 
17 16 161 
59 22 460 
21 96 1208 
23 71 139 
6 60 1013 
63 11 551 
79 84 904 
43 19 1132 
89 23 1132 
32 102 788 
66 41 359 
89 24 332 
29 12 27 
40 22 1036 
23 67 220 
60 28 901 
70 71 1196 
47 44 125 
101 76 1198 
23 73 1219 
47 92 1156 
36 60 365 
84 20 431 
58 36 1209 
45 41 766 
91 22 631 
77 30 1160 
21 64 375 
69 21 1189 
21 90 590 
31 9 483 
4 95 373 
92 88 91 
90 78 104 
41 14 436 
101 4 40 
50 12 667 
48 48 522 
