8 4
150
35 64 57 62 54 48 63 12 436 
68 83 88 43 25 29 100 77 389 
41 38 75 19 48 46 22 22 107 
67 79 82 11 19 63 71 77 707 
29 92 28 33 77 43 90 89 381 
30 30 63 64 42 31 9 9 582 
58 18 19 12 42 34 36 98 272 
75 59 65 27 74 50 42 73 692 
23 10 63 34 31 61 100 94 748 
54 4 39 53 5 12 92 15 482 
72 19 52 96 100 82 10 17 247 
85 5 59 15 24 71 46 87 810 
12 26 89 60 15 50 42 84 765 
98 24 56 55 38 61 91 72 444 
36 29 12 83 26 16 31 16 732 
37 41 82 71 9 20 13 81 724 
74 14 6 5 56 18 88 14 759 
78 32 69 100 26 54 17 12 475 
91 31 102 74 31 100 60 7 355 
16 29 17 38 44 59 72 19 475 
53 34 75 96 97 14 23 55 687 
25 39 17 29 56 99 62 24 409 
91 102 85 7 46 51 74 74 693 
80 42 91 12 30 8 96 66 638 
87 97 36 90 53 79 16 37 560 
30 89 75 21 79 22 9 83 142 
77 47 89 26 24 25 29 46 107 
98 15 11 11 35 92 21 76 221 
18 3 51 8 93 11 83 46 697 
14 61 65 71 5 49 91 21 156 
93 64 75 12 62 10 66 21 183 
62 22 56 85 2 5 95 93 653 
71 71 56 80 45 80 40 18 689 
52 29 12 64 21 16 73 30 101 
56 8 43 43 44 74 89 23 200 
34 30 61 62 78 15 69 23 404 
67 15 21 97 74 46 25 16 749 
15 100 2 41 14 74 93 41 694 
41 29 29 84 93 24 56 8 715 
28 92 53 99 97 101 67 8 124 
95 61 35 99 20 31 83 76 185 
26 95 18 88 72 39 30 30 761 
24 85 24 99 43 68 59 100 197 
43 17 5 3 76 8 59 99 653 
54 44 12 100 3 19 102 32 114 
74 41 22 17 72 69 8 44 192 
95 99 20 69 42 22 7 42 482 
21 25 20 12 31 74 59 78 703 
86 26 84 7 99 14 54 87 478 
6 28 48 38 98 34 85 66 8 
64 87 4 91 95 63 60 83 56 
98 64 12 50 60 96 83 24 151 
43 90 102 8 17 57 64 3 118 
15 85 29 88 29 67 74 96 743 
87 96 33 23 49 18 7 59 189 
50 58 70 54 57 76 16 43 618 
3 58 72 48 30 94 49 47 795 
81 12 37 47 79 66 5 98 228 
90 23 43 86 3 60 34 15 373 
48 63 30 55 74 88 91 73 315 
23 41 69 40 76 5 21 28 386 
90 5 81 6 51 61 48 28 170 
37 19 57 14 16 16 49 2 681 
72 28 39 51 58 8 27 84 473 
63 51 49 40 67 78 13 46 84 
68 44 14 71 9 48 67 57 438 
86 11 27 54 94 75 21 51 812 
12 41 49 75 81 69 3 87 628 
76 98 54 81 3 71 6 82 474 
73 3 21 93 86 3 54 44 595 
35 11 60 75 21 18 78 3 46 
65 95 66 47 70 25 71 93 479 
3 7 10 58 50 13 17 50 395 
83 21 57 48 23 39 96 70 618 
21 2 79 39 5 3 66 44 712 
96 29 35 98 24 95 45 53 303 
67 79 63 49 60 73 69 97 666 
53 18 74 28 52 101 49 52 742 
84 67 4 9 94 8 26 23 175 
17 87 99 64 6 72 2 31 743 
16 75 45 7 71 10 21 15 208 
17 70 78 36 51 74 4 63 703 
37 60 87 57 25 39 52 54 85 
86 91 15 4 28 23 10 35 631 
50 78 98 96 90 81 83 11 433 
47 83 38 28 62 45 86 67 582 
8 61 52 8 57 19 100 37 200 
15 15 44 57 28 18 96 56 690 
92 43 72 9 76 16 86 7 584 
76 60 31 72 20 63 52 5 598 
29 45 23 81 98 55 56 70 778 
13 92 57 22 33 8 60 96 193 
3 101 87 38 24 52 47 26 624 
97 45 98 83 7 25 45 69 91 
65 13 47 19 54 8 21 75 126 
18 56 29 25 13 26 40 50 34 
90 93 23 73 36 75 79 61 207 
102 32 86 34 79 66 97 97 672 
80 87 48 81 20 51 37 31 573 
51 75 34 73 45 59 21 57 621 
92 94 79 74 42 96 83 21 348 
33 86 78 65 29 18 44 61 521 
60 11 76 74 38 7 4 30 702 
95 30 89 29 15 25 90 7 25 
7 8 47 55 100 101 9 6 365 
96 88 48 18 32 86 95 64 373 
5 21 58 74 72 14 10 89 740 
57 5 73 55 77 24 15 39 436 
21 7 13 77 67 34 63 10 338 
42 80 101 5 36 53 79 88 705 
48 35 38 35 47 13 10 53 10 
75 43 14 25 4 95 32 76 463 
37 30 56 27 13 63 73 69 81 
94 54 71 22 78 91 38 69 35 
19 88 62 2 69 16 33 89 553 
32 19 78 8 75 62 97 44 473 
35 24 23 77 64 80 3 18 809 
34 56 67 24 90 37 91 15 720 
99 36 63 42 96 26 96 43 410 
36 88 81 12 27 36 33 5 368 
85 45 27 83 101 53 17 101 276 
5 9 31 42 19 62 73 100 68 
99 95 30 99 83 22 30 69 245 
22 24 31 33 93 87 92 8 576 
65 18 37 12 27 97 92 93 279 
23 96 71 21 40 29 28 36 85 
19 87 64 6 55 34 23 97 626 
7 74 18 47 52 13 91 10 672 
75 90 70 35 9 92 88 9 596 
63 3 86 4 7 59 76 76 173 
11 61 64 5 90 33 20 87 152 
20 78 46 60 32 32 47 55 380 
44 85 80 74 20 48 61 62 764 
94 5 69 62 73 78 92 83 400 
22 72 101 39 17 24 74 71 259 
31 5 73 56 59 55 12 34 737 
45 39 43 18 45 30 39 28 670 
54 60 7 70 70 51 83 27 675 
49 7 70 58 2 51 17 33 470 
25 40 48 16 51 41 88 49 360 
10 6 29 73 2 91 42 22 89 
28 62 37 24 75 34 72 65 219 
24 89 38 93 3 15 73 16 712 
38 39 11 69 85 23 7 75 168 
58 78 7 81 18 82 41 90 577 
24 3 68 16 46 88 14 66 489 
10 19 5 16 2 88 4 6 675 
4 61 79 16 18 102 14 16 708 
23 45 73 58 55 15 44 50 112 
24 24 95 24 57 21 63 100 463 
