4 4
150
98 74 59 43 451 
99 97 85 18 60 
98 95 57 7 189 
17 84 54 102 574 
56 46 99 3 572 
11 38 74 36 142 
42 39 37 8 10 
78 9 11 40 427 
43 51 54 93 597 
31 18 54 51 300 
69 34 43 47 47 
54 77 58 73 377 
63 25 51 101 547 
61 60 51 6 383 
10 75 16 50 241 
7 95 8 30 334 
95 86 25 100 409 
10 98 92 2 400 
3 52 40 94 745 
20 3 54 26 115 
73 69 50 4 233 
96 20 95 18 7 
61 72 30 32 438 
79 102 53 51 480 
65 70 51 57 377 
60 37 24 58 93 
6 42 84 16 567 
28 37 23 71 459 
92 5 77 102 731 
33 24 10 41 116 
21 52 5 67 413 
6 20 95 58 576 
61 98 39 7 787 
21 90 16 63 230 
44 81 83 95 560 
63 95 52 68 122 
38 29 85 44 755 
56 39 18 66 537 
10 44 66 101 794 
96 68 72 5 576 
45 10 50 13 588 
42 71 12 99 732 
13 70 30 44 286 
34 16 96 14 347 
84 74 53 97 167 
102 17 85 98 611 
97 25 49 97 583 
30 81 74 72 433 
88 30 21 76 450 
42 17 25 66 535 
82 74 60 63 726 
74 59 55 93 590 
27 88 16 24 773 
89 24 35 72 60 
55 44 26 61 465 
56 54 79 42 659 
87 94 21 32 774 
25 67 88 8 814 
72 29 83 100 228 
102 15 99 81 552 
20 84 55 59 107 
40 50 101 6 286 
21 83 15 12 711 
35 69 86 29 582 
24 38 29 72 300 
28 63 28 33 467 
43 57 100 74 513 
5 41 64 19 463 
78 68 84 73 655 
92 16 73 13 770 
35 32 72 10 371 
84 57 84 22 710 
80 24 70 49 770 
67 85 43 49 685 
96 7 68 73 779 
58 55 57 92 383 
14 91 17 39 201 
13 87 92 29 656 
50 59 44 32 646 
56 101 37 79 128 
9 75 26 29 816 
29 65 102 14 730 
31 2 94 75 612 
90 9 33 24 680 
82 95 16 69 296 
40 66 38 93 339 
59 20 81 77 329 
41 67 90 39 792 
50 87 79 40 420 
50 67 70 57 740 
49 70 15 95 290 
15 62 60 93 510 
66 29 10 73 264 
13 24 19 35 296 
26 22 96 27 291 
97 18 78 17 721 
75 97 83 3 771 
91 7 87 41 220 
81 9 98 77 273 
23 78 8 7 331 
28 50 37 21 547 
29 76 90 60 327 
99 86 44 5 733 
71 48 10 78 353 
8 39 80 8 466 
19 25 21 94 121 
21 12 73 77 509 
27 62 63 36 549 
17 19 29 101 242 
98 66 96 87 529 
76 71 32 64 281 
92 72 31 64 409 
6 57 98 45 173 
90 15 70 42 529 
10 87 76 11 233 
92 12 81 79 502 
54 31 36 29 329 
52 82 10 43 594 
57 34 101 86 515 
61 22 86 80 343 
85 99 55 22 462 
91 97 23 36 365 
82 93 54 3 796 
77 23 71 5 577 
10 6 29 70 78 
79 88 92 48 564 
71 28 2 37 642 
57 78 16 72 415 
58 61 76 98 757 
66 82 100 88 721 
40 53 83 10 279 
80 72 88 13 653 
6 6 77 67 615 
56 93 19 24 345 
100 9 101 54 124 
51 32 33 77 369 
99 89 6 60 251 
20 47 94 3 4 
88 93 6 92 385 
53 87 12 23 315 
75 65 78 46 734 
34 54 30 95 695 
50 41 13 68 681 
18 2 19 36 465 
11 101 18 24 462 
10 5 10 7 521 
66 22 12 39 587 
35 13 62 70 806 
68 19 102 18 424 
49 82 40 9 253 
