2 6
150
78 49 325 
71 72 1123 
61 66 1177 
99 86 1122 
98 65 6 
19 48 80 
37 72 1044 
93 92 656 
6 41 268 
42 12 625 
36 70 899 
83 68 289 
87 90 792 
9 15 781 
45 26 1006 
21 24 166 
67 100 616 
48 50 1139 
59 87 697 
75 67 386 
72 21 654 
47 65 199 
20 18 1189 
79 34 707 
44 30 705 
24 51 804 
73 88 214 
10 77 145 
3 90 254 
82 26 985 
69 15 292 
35 39 1148 
12 99 749 
68 3 75 
18 90 819 
95 6 240 
37 37 445 
93 4 967 
16 64 539 
44 46 918 
98 40 1125 
19 12 235 
36 11 1117 
66 13 630 
7 7 1041 
13 94 1068 
47 10 1027 
3 47 1080 
46 77 136 
47 21 922 
52 71 651 
88 73 769 
16 102 954 
50 61 1172 
30 74 299 
87 89 1179 
96 5 851 
59 99 444 
93 96 1137 
6 74 425 
10 91 1095 
18 16 521 
100 20 427 
24 99 1133 
11 99 608 
90 75 897 
66 61 1088 
17 53 202 
8 95 881 
19 97 933 
72 12 333 
45 42 850 
8 14 708 
84 89 835 
64 74 69 
79 49 1220 
89 5 264 
22 42 164 
48 96 470 
75 12 257 
73 83 288 
61 54 1063 
67 68 704 
82 84 742 
17 84 889 
23 55 971 
13 31 560 
74 32 1127 
57 52 865 
16 100 565 
33 35 28 
39 13 67 
47 5 236 
21 13 997 
44 8 261 
63 6 707 
43 27 496 
61 64 996 
77 100 625 
33 6 30 
18 54 839 
13 51 595 
60 81 866 
69 78 616 
62 94 215 
66 32 295 
73 96 564 
15 75 887 
8 74 870 
23 64 161 
56 15 1212 
19 4 733 
15 33 703 
75 4 316 
89 75 603 
92 101 857 
66 13 837 
29 62 125 
58 5 960 
98 8 941 
79 40 207 
60 15 765 
53 45 1100 
60 53 1214 
69 100 1119 
22 28 1223 
25 18 898 
3 59 623 
47 29 649 
91 63 1213 
83 19 310 
82 97 793 
11 31 740 
89 41 681 
82 8 729 
71 62 764 
21 38 947 
80 75 1103 
6 78 990 
68 15 1048 
11 64 1012 
93 78 425 
76 88 37 
29 13 1184 
42 39 939 
20 23 619 
93 78 822 
93 72 303 
24 5 540 
37 79 232 
