8 4
150
48 78 8 60 74 4 69 80 485 
96 49 54 96 15 47 37 27 329 
9 84 35 7 80 18 46 56 434 
68 61 68 29 38 41 100 64 666 
45 68 44 63 57 95 93 27 714 
92 26 70 29 92 21 76 22 266 
52 43 100 91 15 20 50 4 153 
95 69 13 15 99 53 65 94 480 
101 48 29 42 16 54 31 56 245 
87 41 71 49 55 18 8 49 174 
86 56 55 26 15 55 76 100 472 
78 79 30 19 65 99 62 77 606 
7 12 28 48 63 61 90 66 512 
51 48 17 97 9 51 32 82 319 
8 77 35 76 68 19 97 54 627 
4 70 78 74 89 79 44 3 306 
97 40 95 96 38 51 93 27 422 
45 83 72 80 89 86 60 56 7 
43 33 46 12 53 10 85 88 784 
89 79 61 39 55 8 14 37 341 
48 14 41 86 85 43 67 54 579 
8 26 83 94 16 35 79 2 568 
95 87 89 87 13 52 55 6 392 
95 8 30 66 68 53 44 14 343 
64 59 50 5 46 101 39 78 504 
17 96 65 27 63 55 38 21 410 
56 63 3 90 33 81 95 74 375 
45 44 60 32 52 3 93 17 353 
23 93 43 90 49 37 91 40 79 
87 70 47 77 30 49 3 89 419 
43 75 28 71 11 74 55 97 281 
6 87 46 64 36 48 12 17 229 
11 69 16 69 102 95 72 11 38 
3 69 16 12 31 65 52 53 342 
19 54 84 71 36 55 2 87 430 
67 24 36 101 68 15 22 94 173 
39 76 75 35 101 3 70 55 223 
22 96 59 83 14 85 6 95 515 
48 42 34 63 69 17 43 6 704 
73 3 4 3 93 39 44 15 629 
70 86 55 83 3 84 28 82 745 
98 86 12 52 98 75 52 75 422 
91 78 9 61 94 97 16 99 422 
28 21 5 22 41 102 8 38 72 
12 67 42 52 37 89 26 47 167 
78 22 8 30 53 19 87 55 297 
72 12 94 60 69 6 32 2 495 
90 78 47 13 46 62 67 41 66 
14 40 43 23 37 49 77 40 627 
48 99 70 88 37 88 65 38 213 
19 55 101 38 22 37 28 37 562 
78 67 78 48 66 14 12 75 121 
97 51 77 47 85 30 29 86 27 
94 5 43 60 50 10 36 50 706 
11 78 20 8 96 102 80 101 599 
3 2 35 58 78 64 74 70 709 
53 74 72 72 11 38 34 36 265 
30 19 19 70 13 18 27 2 789 
99 91 57 77 68 86 57 28 685 
72 38 29 81 89 82 23 85 622 
18 41 69 84 76 63 70 53 671 
58 34 91 19 33 78 67 77 642 
34 79 7 89 17 84 54 64 797 
8 50 32 40 49 31 42 11 503 
31 17 18 96 9 18 3 101 768 
97 55 7 53 16 14 3 91 51 
73 32 25 87 32 14 65 64 22 
54 20 87 62 80 24 16 38 494 
65 40 72 92 87 18 90 59 81 
95 56 36 21 39 60 25 71 646 
40 46 87 6 33 47 15 52 663 
11 37 77 85 39 80 53 40 419 
38 83 47 9 98 74 4 72 64 
70 35 83 29 39 11 45 78 748 
77 61 9 27 79 38 37 81 181 
37 12 19 58 70 101 9 89 719 
36 33 50 15 4 63 39 47 137 
2 84 100 68 41 63 89 78 644 
46 13 6 11 74 19 52 69 490 
92 15 67 84 22 53 23 11 365 
46 64 59 48 90 34 21 37 795 
26 71 73 58 71 94 22 65 614 
86 27 61 33 64 37 3 49 262 
53 21 64 49 48 33 19 45 111 
24 100 26 74 92 39 22 28 802 
91 36 46 75 63 59 78 39 681 
87 15 2 23 48 43 2 70 133 
37 79 25 42 41 28 81 100 529 
53 14 37 25 13 38 39 14 104 
90 80 60 7 73 11 49 33 245 
15 3 54 85 74 25 23 86 401 
77 51 97 20 97 65 94 26 206 
50 65 4 66 86 36 30 14 729 
61 32 8 16 95 10 98 67 792 
14 70 42 15 4 29 89 64 516 
20 72 86 97 14 49 86 101 562 
30 51 19 21 57 62 35 64 440 
45 64 58 89 24 31 68 82 456 
88 37 63 77 79 24 72 13 342 
8 66 20 60 32 96 41 70 132 
82 96 15 81 81 41 75 46 815 
10 33 51 56 31 34 94 101 521 
10 55 74 97 50 47 20 30 802 
38 87 34 64 50 56 15 88 707 
45 8 58 24 4 35 24 65 653 
95 54 37 88 69 33 32 33 124 
46 87 47 71 63 54 43 39 482 
70 48 85 97 43 45 48 51 755 
10 88 53 41 74 87 67 27 621 
65 52 20 3 34 18 41 72 8 
43 76 47 6 82 66 76 57 143 
99 100 13 95 42 20 41 24 370 
66 7 15 62 6 38 78 80 716 
43 69 16 68 58 73 44 6 614 
50 6 8 89 67 20 70 69 221 
67 72 11 102 64 11 73 77 528 
90 83 72 11 31 4 79 35 716 
5 33 44 42 53 38 45 93 154 
41 79 42 97 94 39 11 12 72 
80 43 7 7 97 83 9 56 189 
8 41 77 6 12 34 32 67 297 
87 28 21 75 59 73 93 34 798 
26 94 91 35 102 20 95 100 749 
85 101 38 62 35 99 15 39 428 
46 38 69 11 67 29 3 26 692 
92 7 86 35 16 65 86 84 505 
36 75 41 59 12 14 42 49 538 
2 27 94 24 62 22 21 49 784 
33 18 29 64 34 78 35 6 759 
10 52 87 75 79 53 37 81 527 
16 89 27 57 71 21 64 3 813 
94 70 47 66 16 69 69 55 542 
37 74 43 65 25 9 21 34 791 
83 30 50 43 89 83 57 7 492 
73 78 49 10 2 34 78 43 291 
50 45 37 20 7 26 87 2 63 
26 52 65 20 38 38 24 83 595 
54 53 83 66 11 11 9 98 630 
21 29 73 11 89 84 73 73 727 
64 65 24 26 59 88 76 34 450 
99 55 41 12 88 22 61 26 737 
56 86 36 28 14 11 49 67 601 
38 17 65 83 49 68 49 62 150 
53 30 96 97 92 79 56 12 355 
40 11 42 54 53 65 94 19 705 
57 37 53 15 79 93 15 40 140 
94 18 8 76 65 28 3 10 787 
98 61 96 59 74 4 68 11 462 
35 86 66 2 91 32 81 95 205 
69 39 53 5 84 55 62 64 764 
