6 6
150
31 62 28 59 12 10 687 
53 70 9 9 80 18 367 
52 77 33 36 82 12 381 
68 51 16 79 15 52 894 
20 70 6 93 70 78 500 
9 47 87 31 44 5 1125 
64 13 76 87 29 97 687 
85 72 70 5 97 5 779 
12 14 82 99 60 85 414 
102 5 18 12 42 91 528 
32 48 7 41 9 41 49 
40 41 95 88 58 19 426 
100 38 91 75 75 79 1188 
35 7 34 86 22 60 757 
10 60 77 90 7 15 655 
26 65 66 90 66 62 884 
75 89 13 5 68 101 21 
69 29 39 69 14 48 1181 
43 75 57 89 83 44 369 
83 20 100 52 6 83 914 
76 27 86 10 19 27 737 
20 23 83 55 61 62 508 
33 39 22 95 69 59 1017 
92 11 3 85 20 44 1124 
71 15 54 64 20 29 1142 
5 55 61 97 23 38 277 
53 76 36 24 84 91 616 
83 80 59 39 26 94 1027 
17 86 27 102 85 70 602 
11 31 93 43 35 50 343 
86 64 101 48 23 63 468 
37 69 63 38 56 44 1082 
37 97 27 95 37 11 1071 
71 35 97 40 70 75 523 
47 45 83 50 42 24 1178 
18 60 93 6 33 48 985 
19 66 66 31 29 63 907 
35 68 50 100 41 42 188 
31 6 10 55 89 98 1098 
26 83 90 15 21 94 234 
39 36 92 6 66 9 641 
71 33 11 43 15 71 149 
79 35 52 4 84 83 1066 
56 85 53 46 52 93 1137 
86 78 18 10 71 57 1173 
33 60 96 77 35 65 731 
75 100 13 76 29 80 576 
50 39 14 39 13 34 1020 
53 40 63 15 18 61 1045 
57 95 36 46 15 18 559 
76 59 28 51 20 29 994 
87 42 71 25 15 48 439 
41 7 72 60 25 15 986 
22 35 64 19 5 76 223 
7 80 32 15 64 3 904 
82 87 90 95 6 4 807 
100 93 92 5 16 52 195 
90 65 89 92 6 67 660 
26 67 34 17 55 65 975 
65 41 12 54 47 64 718 
21 84 67 21 12 17 272 
44 73 16 92 27 4 209 
16 46 25 60 38 22 697 
22 59 80 53 41 88 438 
54 82 54 71 90 59 846 
83 24 74 95 52 34 1000 
95 20 27 30 63 65 592 
97 89 96 10 44 4 1211 
27 88 69 73 30 88 1100 
93 64 23 39 47 50 405 
24 54 67 88 90 77 334 
41 55 25 80 26 89 697 
96 60 63 48 57 72 689 
38 6 24 24 47 94 30 
57 6 93 18 17 17 900 
37 31 24 56 29 74 1052 
35 46 95 7 101 35 1189 
6 62 93 92 80 79 1056 
49 45 66 45 85 27 1025 
52 33 65 11 74 85 721 
31 40 94 31 100 72 34 
62 31 19 48 61 7 629 
46 2 28 39 41 89 1071 
88 61 13 45 49 4 1021 
15 32 98 29 52 40 920 
24 102 63 81 8 86 1075 
16 49 98 27 22 34 74 
33 39 74 35 98 73 524 
82 82 88 53 70 21 573 
100 23 21 11 69 78 268 
2 67 60 34 6 102 888 
14 17 20 29 72 80 1000 
96 26 96 55 69 34 518 
21 77 30 40 67 43 190 
27 79 18 55 58 86 379 
74 16 3 95 74 72 829 
67 69 26 100 44 67 61 
99 28 58 102 46 82 994 
92 31 96 41 61 59 1061 
40 5 76 16 96 53 269 
12 94 63 97 64 77 661 
10 6 42 25 78 13 347 
53 62 55 14 7 52 1001 
87 9 56 15 15 83 337 
67 52 87 50 16 85 1070 
35 97 7 84 7 29 1010 
28 56 18 85 49 60 1063 
45 23 3 91 3 42 307 
87 9 84 51 96 29 524 
56 58 77 64 30 43 219 
67 51 33 102 24 101 725 
56 39 32 68 25 43 272 
31 85 61 15 45 64 595 
89 24 35 13 3 42 879 
100 43 23 21 20 71 948 
74 72 91 81 43 68 379 
72 54 85 73 88 23 305 
74 18 51 87 80 71 953 
28 100 90 24 61 89 688 
98 12 49 7 74 47 694 
15 72 36 4 99 20 218 
72 52 42 17 21 49 314 
28 74 36 41 102 102 565 
74 3 59 83 80 77 901 
44 37 68 16 78 70 724 
48 16 85 84 54 62 686 
50 50 9 42 42 33 865 
40 15 68 74 47 13 508 
71 79 22 20 45 46 346 
17 76 2 45 81 68 975 
60 53 59 50 41 92 287 
55 52 43 40 46 5 57 
24 2 45 33 60 20 946 
39 64 66 11 18 30 415 
76 9 99 64 66 93 982 
64 10 25 8 22 20 192 
30 81 82 101 43 26 1134 
76 59 14 23 51 4 254 
91 96 42 25 64 92 975 
45 46 78 82 14 26 741 
94 21 27 39 102 64 117 
85 86 12 77 6 43 1215 
51 87 43 18 91 62 889 
17 86 85 60 31 38 1034 
38 6 21 31 101 34 1011 
40 89 86 51 43 13 74 
12 32 50 60 50 82 1148 
60 38 66 25 67 90 941 
38 44 81 73 28 27 581 
82 92 48 7 11 19 139 
