8 6
150
63 57 9 34 47 6 29 5 588 
93 60 26 9 19 9 98 23 1073 
83 88 30 73 31 40 42 19 1043 
42 67 53 46 66 16 13 92 800 
69 35 25 15 38 19 51 84 1181 
7 86 26 46 72 42 90 101 922 
47 92 29 71 94 30 21 89 463 
99 50 96 12 98 30 43 31 1084 
66 70 52 14 24 49 43 37 402 
63 98 98 13 58 67 41 67 1218 
40 100 43 98 96 51 81 54 414 
5 97 90 99 4 43 53 26 381 
27 36 71 82 30 59 97 60 1114 
44 88 94 31 73 33 30 5 381 
50 71 75 4 35 72 15 41 488 
47 66 96 56 62 34 36 16 391 
33 61 72 85 2 38 60 39 799 
43 76 26 59 71 101 12 5 676 
60 25 3 100 69 91 19 52 1146 
99 90 29 63 97 59 101 99 546 
63 66 70 39 46 98 7 74 796 
18 90 98 97 46 58 78 79 1109 
33 35 94 83 68 52 45 63 601 
40 83 81 69 60 73 56 51 476 
89 23 81 7 96 97 26 4 771 
100 3 45 72 86 20 68 70 792 
54 82 100 21 96 85 49 68 1117 
88 51 31 26 43 98 20 92 686 
13 27 41 99 59 66 89 47 734 
8 70 98 63 3 92 9 4 843 
42 70 29 98 61 29 5 40 648 
36 76 62 50 55 97 64 57 523 
28 57 25 36 34 51 25 43 1203 
97 26 50 41 20 41 29 79 265 
31 17 69 14 96 20 14 55 874 
102 60 18 4 102 47 50 83 577 
47 8 39 79 75 20 31 10 176 
7 97 58 23 23 77 75 34 498 
78 16 63 7 24 81 80 25 1015 
85 95 27 5 93 39 94 83 867 
87 54 43 51 85 88 6 9 708 
18 81 39 42 31 69 7 74 820 
88 42 86 60 101 52 37 48 192 
91 4 6 21 31 42 6 90 982 
101 28 33 77 3 18 23 64 548 
48 44 66 60 100 21 72 8 502 
89 29 55 94 17 39 72 17 61 
55 99 52 100 38 43 89 8 563 
38 13 41 71 39 39 7 91 52 
53 34 6 88 51 25 101 20 746 
29 10 13 97 7 88 13 70 805 
97 50 8 25 73 94 75 36 1155 
4 20 92 18 88 28 34 21 1013 
3 70 49 28 101 20 82 62 1201 
37 43 9 55 60 71 74 12 498 
100 30 63 14 15 17 31 99 1220 
73 14 23 87 64 88 6 12 2 
20 71 51 90 45 13 96 40 1134 
90 50 62 23 46 78 87 37 1107 
24 91 56 34 99 4 21 11 585 
79 51 81 22 51 50 71 55 507 
93 12 87 52 20 77 25 43 596 
41 52 70 47 2 29 98 84 260 
48 88 74 50 71 36 66 19 1091 
15 69 101 14 53 93 37 96 307 
7 74 73 82 11 58 55 81 726 
82 33 51 54 27 69 29 26 818 
72 46 42 53 89 2 88 11 904 
52 29 101 79 13 8 4 92 131 
52 68 79 18 97 92 77 86 1053 
42 63 45 34 87 29 26 67 621 
87 56 87 73 96 2 84 6 635 
62 5 23 45 52 37 59 79 707 
92 56 51 52 78 5 16 48 587 
33 20 44 73 55 47 57 20 444 
28 81 74 79 36 93 41 16 988 
67 99 14 10 77 11 72 36 142 
4 37 80 84 59 50 54 53 1050 
12 91 52 78 90 34 100 33 1198 
87 15 22 60 13 64 24 51 597 
38 25 45 35 4 20 36 56 1014 
60 45 24 26 27 85 7 31 310 
33 92 11 82 12 46 13 86 266 
94 46 26 18 62 10 101 18 336 
45 79 89 34 44 36 51 42 1076 
78 63 90 39 55 85 39 94 729 
41 58 16 101 25 19 99 44 120 
61 45 85 17 27 11 58 64 635 
40 101 50 77 33 72 58 37 285 
36 57 93 43 81 70 50 62 738 
15 46 56 72 37 101 27 92 1188 
7 63 38 81 83 92 33 101 1137 
14 67 27 46 45 90 96 65 1072 
20 20 66 17 69 67 51 44 222 
100 70 66 51 52 43 75 53 906 
89 57 76 3 12 81 77 39 1167 
37 71 3 69 78 74 14 8 875 
35 91 97 74 33 41 74 35 388 
31 65 16 86 74 94 16 9 106 
16 19 10 87 42 32 71 15 895 
19 33 94 94 39 46 72 42 759 
81 17 26 37 31 79 50 49 904 
83 54 99 12 55 70 65 100 1093 
65 50 52 67 4 19 68 57 27 
42 38 28 73 16 34 32 36 1132 
86 81 90 33 39 95 58 90 757 
78 9 80 25 31 41 56 9 1132 
14 17 15 9 71 75 77 10 127 
50 12 40 68 82 21 78 81 230 
3 34 12 59 11 16 58 92 590 
26 19 9 88 18 9 41 19 238 
82 80 12 17 59 31 85 10 959 
26 12 30 61 49 53 23 55 920 
84 58 8 101 53 81 27 53 1117 
5 64 96 32 28 64 102 98 16 
11 88 77 83 76 3 38 33 982 
23 67 71 58 68 65 34 59 757 
15 83 28 33 92 8 40 82 570 
86 96 85 67 62 53 52 14 825 
2 3 84 8 65 22 101 7 1054 
24 49 98 33 100 71 3 88 188 
77 80 98 71 45 96 56 53 459 
99 57 7 20 9 56 98 34 682 
82 10 19 8 34 87 22 18 406 
53 55 98 16 67 75 38 77 417 
73 33 61 90 53 14 85 4 604 
83 6 42 44 38 68 16 23 966 
100 71 48 14 51 28 63 5 1198 
44 85 93 34 84 34 22 27 12 
99 93 58 7 26 32 38 41 157 
95 11 20 32 2 46 97 40 72 
90 61 84 34 30 50 16 43 239 
60 52 23 10 23 13 67 19 366 
25 95 47 18 78 13 16 70 1152 
82 14 84 49 39 46 29 34 800 
21 66 66 10 93 85 13 79 1091 
93 88 90 9 66 86 16 74 559 
63 74 85 73 21 62 56 36 352 
39 13 14 79 83 92 48 48 644 
68 17 4 65 7 101 24 24 1004 
8 75 50 101 36 67 101 68 729 
84 50 48 6 56 59 56 75 810 
79 16 7 100 63 20 33 50 695 
46 100 69 87 52 98 80 50 748 
83 41 80 49 80 17 32 66 1204 
9 65 63 47 11 34 35 47 97 
79 10 14 32 70 88 11 57 834 
94 99 100 51 28 8 98 75 427 
91 32 38 92 70 99 22 26 1041 
98 101 91 37 54 7 91 3 487 
