4 8
150
4 14 30 72 105 
84 79 12 24 1097 
37 76 3 4 1360 
60 12 17 19 693 
8 53 16 60 1332 
34 61 13 75 1387 
87 56 59 20 221 
62 19 25 21 1500 
72 6 65 12 423 
89 87 55 34 1441 
56 102 45 85 1161 
52 100 73 90 1216 
25 68 39 39 1348 
83 19 85 91 378 
43 89 99 27 1178 
4 90 6 34 1539 
48 9 81 86 501 
87 13 76 48 1031 
64 48 37 46 1131 
6 68 28 29 739 
72 4 66 11 775 
70 5 20 13 1127 
64 96 41 96 460 
18 89 55 8 1599 
72 45 39 27 998 
97 54 55 58 1108 
38 63 79 89 393 
46 45 72 39 1028 
83 95 65 79 14 
70 9 43 18 876 
19 16 22 31 1230 
29 67 41 50 862 
17 53 64 45 544 
3 19 55 72 1371 
75 18 18 45 273 
79 83 61 27 1520 
90 13 38 4 823 
24 43 50 13 1581 
81 6 24 86 776 
33 33 21 46 1630 
53 56 73 34 1321 
3 100 79 14 1606 
48 8 16 57 1064 
6 16 61 95 182 
62 71 43 75 87 
70 96 33 98 1403 
48 64 17 27 684 
35 43 6 24 807 
26 66 38 15 823 
75 92 70 21 711 
18 74 28 35 657 
85 15 100 29 207 
9 69 83 29 860 
87 93 91 15 524 
65 12 40 46 1417 
98 35 31 25 530 
80 28 14 54 1136 
76 38 84 87 969 
22 45 79 11 693 
60 85 11 62 1069 
84 3 57 89 1310 
8 36 84 48 731 
51 86 77 97 565 
83 56 31 59 1286 
51 11 7 56 196 
22 35 31 3 478 
15 26 71 59 820 
79 73 27 74 1031 
42 55 38 42 162 
38 70 85 76 1006 
5 56 54 83 267 
76 99 3 77 979 
76 7 83 19 524 
27 18 20 46 942 
12 31 59 96 638 
98 75 67 46 1244 
54 52 56 42 423 
61 74 89 43 1249 
82 72 52 14 1456 
36 75 21 10 1377 
22 52 41 19 849 
76 98 60 44 336 
3 34 60 101 125 
26 53 43 93 1192 
56 31 79 70 1264 
42 81 47 7 76 
25 56 59 61 919 
4 13 40 90 844 
65 16 47 22 1232 
50 14 53 6 1061 
86 34 29 37 504 
93 75 73 41 198 
97 53 56 40 1588 
49 77 100 45 86 
15 15 55 42 173 
42 86 59 94 476 
30 30 43 42 343 
94 28 24 31 1061 
31 43 100 78 926 
13 62 9 25 464 
75 16 10 101 848 
72 80 90 26 1483 
10 18 80 12 1372 
69 13 16 19 96 
23 55 72 80 1235 
75 17 79 85 1620 
82 78 35 66 911 
16 22 43 90 825 
15 41 100 40 934 
15 64 90 94 1470 
3 48 92 19 127 
22 46 32 26 1295 
58 3 7 27 182 
33 85 16 56 1137 
48 71 28 68 1511 
84 57 34 23 1023 
12 29 88 95 1608 
36 88 18 58 581 
73 92 20 10 1548 
14 36 75 29 421 
32 50 36 24 713 
34 22 26 27 418 
67 14 12 63 1127 
31 17 14 29 1261 
48 69 60 21 1613 
59 53 20 74 1313 
50 85 8 97 532 
64 95 65 51 1093 
16 64 93 33 1155 
61 82 59 41 1075 
99 24 48 51 1308 
65 92 17 25 1421 
82 4 55 46 1260 
84 8 17 31 111 
38 54 65 62 1034 
86 78 29 50 647 
78 97 81 8 1365 
29 39 58 17 1133 
74 80 42 64 1415 
14 11 49 56 1452 
55 67 30 35 487 
47 61 88 88 1571 
90 65 69 86 176 
88 25 49 63 826 
47 52 2 61 565 
60 14 3 75 839 
77 31 75 61 1409 
13 68 48 78 634 
70 53 72 21 1336 
11 13 58 54 19 
