8 4
150
15 62 76 33 24 101 26 60 28 
48 39 38 10 84 45 23 78 384 
90 20 19 24 42 8 61 83 680 
35 37 59 46 20 57 2 25 322 
17 28 51 84 17 8 51 90 686 
56 51 7 97 18 99 29 34 781 
76 93 22 70 75 43 18 93 190 
48 4 20 83 10 61 6 8 409 
100 8 4 13 74 54 24 7 257 
81 40 21 63 19 88 61 28 261 
21 49 56 9 68 26 85 6 702 
68 74 43 48 93 12 49 31 218 
95 65 21 70 48 70 12 39 432 
6 87 88 35 24 84 29 87 485 
98 93 42 80 30 71 68 58 269 
92 35 50 11 16 90 61 68 509 
15 53 3 88 99 31 73 81 153 
2 35 52 61 21 8 53 53 308 
89 17 37 52 5 92 37 22 39 
7 97 73 100 75 58 22 16 277 
60 12 96 13 9 52 52 67 191 
85 33 16 43 60 65 52 75 420 
29 65 50 13 54 79 26 68 678 
49 5 62 96 41 7 74 94 336 
46 78 10 88 102 40 68 54 723 
93 66 39 10 49 3 7 95 415 
88 49 60 19 89 43 68 5 512 
65 90 95 11 71 68 24 9 791 
46 43 66 12 47 101 91 36 18 
48 41 57 61 92 47 56 89 369 
85 29 91 68 21 99 77 5 523 
98 84 97 73 88 43 6 63 429 
89 77 4 61 30 55 41 23 521 
9 6 101 50 57 85 23 41 654 
10 80 23 69 37 44 37 95 427 
9 77 55 16 58 31 95 69 93 
45 26 101 38 29 101 35 70 807 
67 50 29 14 52 49 63 98 679 
33 22 42 62 25 37 3 34 375 
12 95 50 72 57 89 73 80 123 
84 74 53 25 36 70 45 72 368 
27 97 27 9 56 62 48 64 384 
73 85 3 65 38 96 55 25 609 
53 98 95 42 43 74 34 81 200 
34 10 88 74 19 55 92 78 305 
23 5 41 91 26 95 43 2 773 
16 20 38 58 72 13 95 95 606 
54 88 56 55 77 77 38 15 436 
63 101 69 50 75 62 59 34 159 
37 64 74 102 101 43 79 20 497 
90 78 41 77 81 26 81 40 733 
85 70 30 66 55 13 42 82 13 
30 68 47 78 101 40 94 60 253 
5 54 89 16 77 59 16 49 308 
17 88 22 45 70 37 72 76 520 
93 73 11 63 62 21 41 51 426 
18 14 79 3 85 23 95 79 701 
5 71 95 73 52 8 75 27 767 
83 87 100 12 8 27 76 3 708 
24 44 95 70 77 28 7 100 287 
63 16 5 101 52 94 51 69 45 
73 22 23 5 90 36 27 60 524 
57 7 8 54 29 84 36 73 286 
95 37 97 69 68 54 73 14 98 
93 84 37 8 63 41 21 5 665 
68 21 56 61 44 18 64 52 760 
31 11 88 23 67 81 59 58 259 
13 6 55 71 34 77 25 36 621 
31 51 46 70 34 26 2 70 427 
83 37 95 80 7 18 61 44 29 
27 71 19 58 51 8 9 11 815 
30 99 88 81 38 10 42 35 15 
51 63 79 65 23 98 29 78 175 
41 35 100 39 12 92 74 99 529 
61 75 102 40 63 26 26 74 585 
68 4 101 87 40 74 16 11 664 
29 65 50 23 32 75 86 70 623 
3 93 88 98 9 41 46 83 492 
4 13 2 55 41 52 27 63 606 
25 56 97 28 25 3 11 47 285 
19 40 45 29 56 94 49 24 659 
87 72 97 62 43 58 14 14 799 
83 76 26 101 98 71 101 64 121 
83 77 70 87 89 64 6 29 353 
19 77 60 10 8 18 71 42 746 
81 65 15 41 16 12 5 30 584 
13 20 45 77 30 94 80 68 387 
14 102 84 35 58 16 15 97 306 
42 75 70 9 32 58 79 21 808 
4 45 63 60 84 62 92 95 73 
3 45 49 68 32 42 71 58 325 
11 48 9 100 28 21 75 65 445 
5 6 90 88 99 11 95 78 189 
88 57 20 24 45 65 8 14 428 
92 77 45 30 40 75 18 70 598 
94 5 19 44 87 21 7 89 727 
22 16 47 40 75 56 19 85 17 
24 89 5 46 95 15 69 85 718 
13 77 68 17 72 31 37 3 591 
8 47 72 100 19 58 76 87 802 
9 54 4 91 13 57 74 97 665 
72 50 13 6 77 4 33 96 96 
25 8 46 18 5 74 84 13 311 
34 26 71 49 72 10 17 62 253 
88 25 66 12 45 77 50 68 429 
64 4 72 69 69 26 47 53 650 
56 93 51 32 8 2 20 41 579 
14 25 81 5 91 17 73 48 578 
50 15 64 71 70 39 21 23 76 
70 67 59 48 5 21 30 63 561 
84 57 19 66 95 6 7 38 351 
76 61 15 57 98 23 55 99 308 
19 87 25 14 13 88 93 52 606 
16 68 22 61 77 30 48 92 737 
56 86 22 60 66 34 96 47 506 
98 15 71 38 95 8 83 13 617 
48 72 46 33 75 45 32 92 569 
25 16 86 87 11 8 33 101 110 
19 61 23 93 19 68 26 97 305 
7 81 75 17 80 66 55 3 160 
48 25 13 80 31 76 65 74 254 
80 13 6 65 7 96 94 66 422 
57 57 55 80 9 79 8 27 98 
98 10 38 21 34 10 89 87 617 
4 42 32 49 30 47 37 47 682 
36 44 76 81 24 16 15 100 372 
68 70 18 36 74 6 64 68 520 
96 61 81 97 79 22 21 92 203 
23 9 29 10 45 64 96 74 680 
40 19 88 25 8 36 65 22 142 
61 70 70 29 87 64 84 42 703 
6 40 67 56 62 34 91 94 739 
20 61 26 57 42 102 23 26 400 
80 74 55 47 34 58 5 61 184 
59 97 24 68 28 5 77 92 276 
20 85 59 56 36 17 46 47 506 
95 7 30 70 8 63 15 6 562 
35 61 8 11 54 3 12 34 792 
70 54 35 23 81 52 68 4 335 
94 26 40 40 3 89 96 12 448 
96 91 91 64 55 24 36 44 249 
30 11 34 58 46 4 20 78 754 
31 74 27 80 4 6 22 23 653 
33 97 60 21 17 44 48 17 351 
10 8 101 12 89 39 22 40 757 
11 38 81 38 23 28 97 67 311 
31 18 89 87 44 34 44 5 387 
75 11 97 92 12 31 61 11 567 
95 21 87 90 60 65 13 13 694 
3 97 76 34 26 52 6 19 809 
