4 6
150
4 14 30 72 79 
84 79 12 24 823 
37 76 3 4 1020 
60 12 17 19 520 
8 53 16 60 999 
34 61 13 75 1040 
87 56 59 20 166 
62 19 25 21 1125 
72 6 65 12 318 
89 87 55 34 1081 
56 102 45 85 871 
52 100 73 90 912 
25 68 39 39 1011 
83 19 85 91 284 
43 89 99 27 884 
4 90 6 34 1154 
48 9 81 86 376 
87 13 76 48 773 
64 48 37 46 849 
6 68 28 29 555 
72 4 66 11 582 
70 5 20 13 845 
64 96 41 96 346 
18 89 55 8 1199 
72 45 39 27 749 
97 54 55 58 831 
38 63 79 89 295 
46 45 72 39 772 
83 95 65 79 11 
70 9 43 18 657 
19 16 22 31 923 
29 67 41 50 647 
17 53 64 45 408 
3 19 55 72 1028 
75 18 18 45 205 
79 83 61 27 1140 
90 13 38 4 618 
24 43 50 13 1186 
81 6 24 86 583 
33 33 21 46 1222 
53 56 73 34 991 
3 100 79 14 1205 
48 8 16 57 798 
6 16 61 95 137 
62 71 43 75 66 
70 96 33 98 1052 
48 64 17 27 514 
35 43 6 24 605 
26 66 38 15 618 
75 92 70 21 534 
18 74 28 35 493 
85 15 100 29 155 
9 69 83 29 646 
87 93 91 15 393 
65 12 40 46 1063 
98 35 31 25 397 
80 28 14 54 852 
76 38 84 87 727 
22 45 79 11 520 
60 85 11 62 802 
84 3 57 89 983 
8 36 84 48 548 
51 86 77 97 424 
83 56 31 59 965 
51 11 7 56 147 
22 35 31 3 359 
15 26 71 59 615 
79 73 27 74 773 
42 55 38 42 122 
38 70 85 76 754 
5 56 54 83 200 
76 99 3 77 735 
76 7 83 19 393 
27 18 20 46 707 
12 31 59 96 479 
98 75 67 46 933 
54 52 56 42 318 
61 74 89 43 937 
82 72 52 14 1092 
36 75 21 10 1033 
22 52 41 19 637 
76 98 60 44 252 
3 34 60 101 94 
26 53 43 93 894 
56 31 79 70 948 
42 81 47 7 57 
25 56 59 61 690 
4 13 40 90 633 
65 16 47 22 924 
50 14 53 6 796 
86 34 29 37 378 
93 75 73 41 149 
97 53 56 40 1191 
49 77 100 45 65 
15 15 55 42 130 
42 86 59 94 357 
30 30 43 42 257 
94 28 24 31 796 
31 43 100 78 695 
13 62 9 25 348 
75 16 10 101 636 
72 80 90 26 1113 
10 18 80 12 1029 
69 13 16 19 72 
23 55 72 80 927 
75 17 79 85 1215 
82 78 35 66 684 
16 22 43 90 619 
15 41 100 40 701 
15 64 90 94 1103 
3 48 92 19 95 
22 46 32 26 972 
58 3 7 27 137 
33 85 16 56 853 
48 71 28 68 1133 
84 57 34 23 767 
12 29 88 95 1206 
36 88 18 58 436 
73 92 20 10 1161 
14 36 75 29 316 
32 50 36 24 535 
34 22 26 27 314 
67 14 12 63 846 
31 17 14 29 946 
48 69 60 21 1210 
59 53 20 74 985 
50 85 8 97 399 
64 95 65 51 820 
16 64 93 33 867 
61 82 59 41 807 
99 24 48 51 981 
65 92 17 25 1066 
82 4 55 46 945 
84 8 17 31 84 
38 54 65 62 776 
86 78 29 50 486 
78 97 81 8 1024 
29 39 58 17 850 
74 80 42 64 1061 
14 11 49 56 1089 
55 67 30 35 366 
47 61 88 88 1178 
90 65 69 86 132 
88 25 49 63 620 
47 52 2 61 424 
60 14 3 75 630 
77 31 75 61 1057 
13 68 48 78 476 
70 53 72 21 1002 
11 13 58 54 15 
