4 8
150
2 46 63 92 1632 
14 10 24 97 957 
24 14 72 39 815 
61 15 26 77 1482 
14 85 13 40 223 
92 91 56 93 1324 
55 60 94 6 1128 
69 98 21 58 1631 
76 59 14 91 942 
18 5 52 30 544 
96 23 13 61 1571 
19 35 25 78 158 
24 57 33 16 90 
66 22 68 70 1346 
65 97 70 77 274 
58 73 24 82 1595 
90 42 28 60 1415 
34 49 36 10 851 
36 75 44 48 1267 
21 28 100 85 1522 
98 38 84 47 1149 
102 55 38 44 660 
47 13 45 81 359 
85 31 75 29 1196 
20 88 60 18 787 
91 54 24 99 1590 
32 75 41 89 34 
53 60 82 89 1416 
81 13 93 70 110 
25 33 66 26 1547 
92 54 73 12 1236 
11 80 68 99 1322 
50 34 41 47 168 
74 75 58 79 1154 
27 51 88 42 1541 
9 97 93 11 409 
61 90 99 4 124 
80 4 30 13 1513 
75 94 85 8 636 
49 74 49 59 566 
53 76 89 56 1139 
43 68 33 18 1126 
16 89 58 74 362 
62 36 38 39 530 
72 46 47 86 1594 
35 68 82 3 773 
37 50 35 77 1215 
87 3 46 35 1089 
14 73 15 44 1280 
88 38 12 86 1293 
15 37 12 27 1058 
8 31 5 58 603 
77 88 32 70 556 
68 56 83 100 613 
61 93 6 72 341 
101 33 5 8 198 
99 58 98 24 564 
102 40 10 12 1111 
57 100 90 98 1504 
27 43 46 10 201 
34 57 14 49 334 
24 34 41 6 1082 
77 28 100 46 653 
21 93 10 36 564 
30 48 73 32 1339 
63 5 10 80 1560 
59 89 97 95 1314 
44 46 51 4 203 
70 101 6 46 1518 
31 102 46 58 1201 
37 36 12 76 1378 
88 85 84 67 964 
21 26 63 11 151 
90 33 7 65 1591 
77 44 8 24 1090 
31 43 30 39 859 
64 61 54 7 997 
25 79 23 11 1544 
61 63 86 45 1518 
46 40 98 37 83 
100 97 83 60 1608 
95 30 91 9 912 
46 58 47 14 1589 
62 74 58 50 1402 
14 12 98 71 625 
16 59 65 31 376 
92 48 95 34 886 
68 80 95 8 1115 
97 90 16 55 820 
6 18 74 47 533 
74 84 50 51 1526 
91 102 14 22 1381 
37 67 62 86 1071 
101 65 15 60 505 
84 81 52 81 1475 
26 97 45 21 564 
100 87 20 98 838 
10 100 46 41 1070 
69 69 75 24 539 
33 29 33 89 843 
43 4 16 16 824 
95 34 71 60 1136 
95 59 95 88 1410 
52 49 66 35 939 
3 21 77 94 1044 
18 7 30 48 971 
99 67 57 69 1527 
98 73 5 48 952 
78 31 88 71 1177 
12 75 89 37 1354 
86 65 100 32 831 
24 29 24 53 572 
90 6 25 101 1192 
31 4 28 94 1473 
81 45 21 76 1333 
74 35 8 22 882 
44 20 95 65 1226 
35 69 27 18 1163 
71 51 55 13 1155 
74 8 89 98 708 
10 49 97 47 71 
43 47 26 50 1290 
91 23 3 99 1515 
71 13 61 26 647 
64 79 12 23 349 
31 92 10 6 161 
67 48 12 79 750 
97 25 50 61 554 
91 45 79 39 1335 
50 50 58 20 23 
63 49 65 58 1327 
33 39 76 26 1222 
53 39 22 41 224 
45 13 27 53 1598 
49 65 2 92 828 
21 102 75 41 1199 
83 36 92 4 796 
20 85 56 98 239 
60 51 26 86 1353 
54 25 40 26 630 
39 25 8 22 892 
100 49 75 8 1023 
33 66 37 52 1525 
19 48 20 92 1559 
62 59 31 38 656 
100 40 18 9 1605 
97 64 51 3 599 
60 30 72 50 824 
73 12 50 35 1358 
96 16 76 93 1074 
