6 2
150
29 53 95 76 34 52 160 
21 57 4 76 85 35 308 
69 75 98 19 49 99 343 
78 44 96 97 66 81 263 
47 44 42 38 96 31 184 
22 11 67 56 91 59 407 
63 89 7 44 90 90 393 
57 21 54 84 31 72 211 
11 101 81 70 73 77 301 
15 64 39 90 6 32 191 
67 34 65 59 42 86 62 
57 91 54 78 93 70 369 
25 91 56 67 61 95 48 
12 88 88 20 85 28 198 
27 70 56 86 60 52 368 
89 91 27 91 88 39 223 
12 29 95 82 9 85 367 
75 85 25 47 39 37 225 
48 79 41 59 60 68 121 
23 100 93 35 20 2 145 
102 31 78 75 58 59 407 
61 95 40 78 45 60 213 
87 33 41 23 17 37 169 
14 88 35 29 72 27 365 
30 3 50 90 85 57 301 
56 49 74 83 80 57 356 
86 4 82 18 10 79 148 
69 55 14 5 67 96 357 
45 45 48 88 34 12 126 
94 92 90 62 6 80 125 
86 69 42 39 82 56 118 
86 54 14 64 50 55 252 
51 38 87 20 62 88 47 
6 28 97 48 47 59 376 
14 94 58 6 101 8 337 
88 74 69 87 42 61 243 
93 36 26 86 59 71 176 
56 5 43 45 94 21 330 
42 47 92 37 99 38 295 
62 58 60 51 50 81 256 
66 20 36 22 30 54 52 
94 73 64 90 90 51 235 
91 17 63 9 89 4 188 
29 78 51 45 24 89 130 
80 68 37 11 92 82 370 
87 10 25 66 70 70 196 
77 30 49 11 89 17 289 
43 99 44 63 79 19 152 
43 86 79 8 66 83 61 
7 30 81 100 71 69 17 
9 40 45 21 35 100 212 
50 4 36 37 74 63 150 
71 95 50 15 65 56 180 
25 48 61 5 90 35 287 
2 71 13 20 50 69 143 
61 101 44 46 21 87 380 
85 45 72 94 22 80 147 
37 32 88 8 15 62 341 
94 86 18 48 67 84 197 
35 25 19 26 96 4 41 
95 9 71 47 70 53 167 
5 90 13 70 57 36 267 
41 28 14 37 9 53 277 
17 28 100 56 6 47 203 
22 55 70 27 78 28 171 
26 19 63 47 11 45 361 
98 7 79 11 49 85 386 
99 8 91 89 53 44 320 
82 72 93 67 8 93 338 
37 45 45 81 10 26 63 
11 52 92 100 10 81 79 
23 23 47 58 64 57 95 
49 80 40 27 86 65 177 
49 73 82 5 54 8 249 
64 37 32 41 61 82 362 
57 101 92 45 65 61 243 
51 48 10 46 38 62 358 
67 7 56 26 62 74 254 
81 12 96 58 76 60 244 
88 17 20 5 77 36 376 
81 50 85 24 6 86 396 
27 74 61 17 48 75 394 
32 78 16 101 10 28 309 
91 97 88 91 3 102 259 
33 93 43 63 28 98 352 
59 73 5 58 90 67 223 
40 37 43 30 87 65 231 
40 5 7 70 10 18 367 
55 98 35 5 86 36 383 
83 21 57 22 80 12 298 
7 14 45 22 63 23 208 
62 47 63 18 38 9 380 
90 38 95 20 81 98 19 
77 72 55 5 33 63 236 
18 89 10 10 55 86 136 
93 64 49 49 97 41 377 
53 73 89 50 29 3 381 
85 63 5 101 16 71 126 
43 92 19 32 63 95 182 
61 56 10 86 25 62 393 
76 48 73 86 59 14 98 
101 67 58 6 62 66 137 
27 7 11 41 17 4 205 
74 33 19 36 48 50 377 
20 81 66 6 43 99 37 
17 33 17 59 59 9 174 
26 63 28 3 31 13 137 
51 101 47 11 60 48 10 
17 57 52 13 66 33 332 
88 94 2 21 69 27 43 
76 96 84 60 97 10 197 
72 93 35 19 39 61 282 
82 21 97 85 53 9 3 
79 67 48 95 78 63 156 
71 27 84 64 88 25 307 
7 66 53 64 40 56 184 
66 18 96 29 74 14 29 
75 7 38 18 20 12 395 
31 37 66 22 48 12 5 
67 53 58 53 38 96 305 
57 46 23 15 55 58 54 
51 54 69 6 51 33 394 
22 48 47 71 16 81 309 
30 89 45 94 46 46 402 
67 40 78 38 21 34 73 
63 17 6 67 56 86 329 
85 99 18 99 81 6 186 
7 12 84 24 17 101 112 
59 80 23 11 13 16 341 
16 93 70 32 101 81 242 
33 44 6 61 97 97 185 
92 29 96 67 42 55 247 
30 95 16 5 35 92 17 
39 85 58 45 71 99 281 
8 50 69 82 27 88 300 
70 81 65 23 6 84 276 
53 28 46 74 63 25 353 
100 56 29 68 90 57 387 
61 50 19 27 100 78 342 
82 29 87 16 69 89 243 
17 53 85 31 10 38 349 
59 14 73 10 76 84 35 
96 42 16 39 33 80 42 
33 48 97 7 8 86 293 
101 62 60 96 38 29 340 
5 46 39 82 21 11 9 
38 48 19 27 96 78 351 
89 73 79 39 11 52 341 
7 90 26 5 55 16 239 
54 15 16 40 58 27 371 
