8 2
150
82 42 78 54 4 32 45 48 213 
51 79 64 20 65 47 81 83 75 
39 90 48 90 55 22 68 47 152 
75 33 37 67 51 94 3 10 73 
71 97 80 58 83 19 2 58 260 
19 72 69 73 55 5 33 95 393 
11 94 90 59 88 59 95 72 65 
19 86 31 71 18 57 30 11 353 
42 83 9 31 90 99 58 51 307 
72 4 79 34 36 58 98 94 65 
32 15 11 22 65 13 3 85 295 
37 50 55 14 45 46 18 93 48 
92 82 6 93 3 39 84 25 280 
40 87 52 75 75 26 42 100 395 
79 22 20 98 29 7 26 23 4 
24 60 61 35 18 45 47 9 50 
13 41 14 74 40 42 44 65 399 
24 64 77 31 74 48 49 41 289 
95 96 55 101 69 81 38 62 266 
12 7 71 9 30 68 14 31 240 
87 7 84 80 56 66 9 4 243 
27 94 88 15 88 80 74 53 56 
60 14 74 34 38 80 78 35 236 
31 16 36 11 19 46 89 64 138 
91 18 42 91 94 66 22 13 278 
81 99 22 93 37 78 55 56 71 
88 55 71 5 4 23 8 80 360 
27 18 77 44 28 26 46 85 147 
75 71 21 10 14 27 12 98 149 
40 40 81 60 58 66 28 3 40 
66 88 16 21 85 16 78 97 386 
95 39 72 98 49 54 43 82 345 
100 80 42 46 95 8 87 70 166 
11 70 62 13 18 27 16 82 398 
24 56 88 7 34 20 32 19 241 
68 44 93 29 19 78 81 31 94 
71 22 94 10 36 17 76 69 111 
36 84 24 47 84 69 57 21 104 
100 94 48 24 16 78 49 21 108 
52 84 53 86 34 89 5 47 248 
7 16 22 73 34 67 93 98 147 
39 23 62 26 74 100 53 83 151 
78 49 8 19 63 17 91 26 348 
78 52 51 37 44 39 8 52 24 
7 29 62 84 33 20 42 12 401 
68 28 12 55 35 53 52 29 402 
57 91 55 7 84 10 81 17 190 
88 4 80 25 20 25 94 48 221 
78 96 17 90 78 53 19 25 401 
77 25 19 100 87 18 40 53 250 
55 102 47 54 4 18 73 56 35 
22 44 10 89 63 88 100 76 133 
85 69 14 4 91 61 12 6 377 
31 90 19 65 87 69 64 42 192 
11 26 94 101 19 24 45 99 330 
93 90 64 33 2 13 85 57 346 
51 53 13 87 44 100 26 44 268 
93 59 59 43 27 23 42 90 203 
42 86 52 92 61 94 80 21 65 
33 100 90 7 82 32 84 15 362 
38 26 84 95 77 77 59 54 163 
25 51 65 43 93 14 64 45 289 
37 61 94 21 9 25 85 95 182 
80 88 79 29 61 15 35 6 263 
70 49 11 77 35 9 54 57 286 
54 92 9 78 46 39 61 49 221 
98 19 19 60 12 84 32 81 269 
64 98 92 52 10 90 50 96 391 
63 62 28 87 69 54 55 33 16 
40 4 44 43 70 14 61 38 354 
49 12 39 29 47 56 44 92 242 
82 4 84 21 30 52 43 100 356 
30 14 52 67 7 82 80 95 317 
25 24 30 80 94 74 3 3 345 
61 36 17 74 45 79 95 75 118 
23 21 76 95 101 73 27 33 102 
38 84 6 59 51 55 78 20 279 
33 4 12 12 20 29 67 84 261 
75 58 70 76 75 34 53 59 302 
6 33 24 59 54 63 49 67 79 
82 4 87 64 97 27 10 63 291 
20 13 3 49 30 19 9 55 303 
58 64 11 75 8 94 81 75 357 
48 76 52 51 65 55 10 87 326 
81 13 63 45 68 13 62 35 188 
75 59 5 7 52 102 89 93 13 
12 9 99 95 85 24 40 65 355 
23 71 50 50 41 45 40 30 173 
15 15 99 100 14 74 48 7 68 
86 43 26 53 64 74 52 100 318 
85 88 29 41 8 5 27 41 262 
100 28 20 62 69 24 59 76 320 
8 14 97 26 48 80 8 55 90 
65 73 9 78 99 43 67 57 171 
17 76 9 96 75 75 10 51 325 
100 26 75 4 95 90 96 46 351 
85 61 42 51 35 55 83 64 282 
59 24 30 79 98 15 83 45 408 
73 14 41 24 18 100 101 10 120 
50 63 79 21 83 55 57 83 391 
4 68 44 56 14 13 6 53 109 
53 23 30 62 23 53 90 25 132 
49 63 45 44 52 27 26 35 5 
93 40 43 77 24 16 19 81 313 
60 19 102 30 20 67 73 49 354 
3 90 42 29 33 61 23 10 83 
55 61 17 19 32 82 13 15 53 
87 78 101 16 45 44 76 32 24 
34 21 46 80 73 5 40 25 185 
63 66 10 84 56 17 96 66 81 
63 44 89 22 19 7 54 88 293 
90 89 47 100 55 3 55 91 362 
78 78 90 14 81 10 37 52 197 
7 5 23 86 22 81 25 15 360 
20 14 4 41 27 87 33 52 147 
2 65 13 8 31 67 28 20 361 
33 51 65 81 88 69 59 49 339 
52 6 69 67 77 43 15 37 315 
88 40 52 5 83 31 74 36 356 
39 101 76 58 60 4 93 94 260 
27 41 28 38 84 80 4 83 188 
70 37 90 73 95 96 90 42 329 
40 30 70 36 9 54 81 22 200 
11 96 48 68 76 85 79 90 390 
53 53 58 74 4 102 85 6 403 
101 68 7 82 70 21 23 55 262 
98 94 34 76 58 64 31 95 356 
2 5 63 7 96 8 100 39 363 
27 68 28 70 53 5 55 82 223 
46 31 28 29 46 23 21 83 391 
65 79 96 96 45 11 15 85 7 
39 97 74 101 83 32 32 99 356 
40 29 43 31 23 78 9 87 261 
63 75 60 42 87 15 12 37 248 
97 33 24 20 58 70 4 18 347 
85 46 50 98 100 50 36 83 221 
57 36 58 20 89 60 47 54 43 
45 99 12 61 91 48 72 37 270 
67 22 74 75 30 7 93 27 169 
18 67 77 13 8 6 61 57 8 
7 79 46 66 75 6 60 61 77 
77 26 57 3 28 64 84 71 250 
84 84 8 52 29 64 19 30 355 
37 34 93 8 2 36 47 67 240 
24 3 50 70 17 70 89 18 7 
88 17 41 15 31 40 45 79 300 
97 57 52 84 49 46 19 25 111 
29 72 25 23 59 63 6 62 278 
15 17 69 40 65 13 63 33 57 
50 24 5 55 65 26 63 52 43 
