4 4
150
100 10 67 86 30 
14 14 52 31 800 
83 70 46 91 153 
26 49 65 15 588 
2 56 17 18 460 
36 30 35 97 234 
68 68 68 25 350 
88 34 29 19 361 
59 46 24 68 485 
34 46 55 44 455 
99 101 14 2 114 
46 95 51 29 570 
85 81 57 3 262 
17 4 23 48 267 
94 22 48 71 120 
58 34 51 59 203 
91 78 93 41 257 
69 56 68 11 804 
95 85 101 49 498 
81 91 24 36 359 
31 25 9 12 522 
79 55 45 88 476 
15 46 94 5 657 
10 89 18 71 528 
64 39 14 50 323 
10 22 101 10 292 
68 12 17 15 780 
68 71 83 77 443 
17 13 82 53 702 
51 94 99 69 435 
93 75 54 72 671 
94 13 61 72 454 
59 56 37 52 750 
4 31 81 9 117 
41 8 43 17 408 
53 58 63 64 735 
19 26 34 57 362 
95 60 47 33 27 
57 12 13 22 795 
63 78 32 61 681 
22 14 92 55 120 
87 34 39 22 256 
38 52 99 82 316 
35 24 81 8 805 
47 86 50 6 481 
31 97 23 20 728 
77 28 3 80 570 
6 36 81 43 482 
63 22 27 101 547 
7 15 33 83 525 
41 99 26 63 317 
38 66 88 96 701 
92 12 22 33 462 
12 51 21 12 280 
101 45 41 49 306 
26 61 51 39 443 
18 67 42 55 414 
80 4 43 42 278 
42 50 87 57 565 
53 3 96 45 465 
58 96 22 49 532 
98 60 80 25 117 
79 17 51 42 575 
27 72 68 82 641 
11 11 81 79 766 
53 60 86 80 706 
26 67 8 82 804 
23 47 96 90 451 
22 26 19 28 467 
27 101 47 86 359 
83 36 16 66 396 
49 17 45 55 116 
40 76 2 39 738 
14 11 71 43 403 
83 78 80 27 476 
87 93 55 21 562 
54 14 102 36 49 
91 53 44 34 421 
8 3 43 76 144 
49 26 83 37 373 
18 32 6 37 516 
6 59 91 8 520 
58 64 26 86 506 
27 76 68 33 10 
63 70 39 92 357 
82 38 6 10 96 
63 13 20 76 431 
24 10 67 73 13 
35 64 37 70 780 
46 79 59 14 751 
75 59 52 36 692 
50 95 17 93 681 
71 55 84 97 24 
47 46 52 33 331 
19 11 98 32 557 
101 34 71 96 815 
5 81 93 18 314 
6 63 86 91 37 
30 95 76 89 268 
82 82 43 67 411 
102 29 27 74 609 
67 64 22 68 701 
18 27 23 94 659 
92 64 68 58 809 
86 62 63 29 102 
26 37 11 99 722 
21 94 6 46 2 
78 56 21 43 601 
44 43 20 5 720 
5 75 84 8 353 
20 16 86 68 539 
42 68 100 62 414 
32 55 25 80 548 
26 23 79 93 42 
38 45 27 85 468 
45 44 60 41 74 
53 55 4 56 575 
6 10 39 80 490 
12 58 62 92 359 
91 20 43 38 522 
84 98 93 4 64 
77 91 3 11 188 
100 10 61 53 812 
79 53 71 9 513 
19 86 101 34 774 
81 85 37 41 557 
27 3 24 77 218 
57 64 3 48 776 
17 9 30 57 502 
4 99 11 93 548 
40 51 35 75 387 
101 99 61 9 231 
94 57 64 43 798 
99 88 86 26 365 
16 52 25 14 390 
12 57 46 72 758 
84 76 46 74 247 
78 70 50 30 229 
60 5 96 20 25 
62 46 90 59 524 
18 15 86 48 431 
90 28 23 28 306 
45 56 91 16 375 
20 13 92 13 179 
32 40 58 98 711 
13 58 7 11 714 
68 70 89 8 631 
71 92 99 21 344 
52 49 25 93 691 
6 16 82 74 693 
