6 8
150
62 67 59 57 46 91 1399 
73 22 86 49 56 7 903 
53 21 66 44 71 92 1589 
8 17 37 64 43 34 1478 
2 68 82 32 83 89 528 
14 27 50 50 101 81 1321 
31 91 31 18 23 101 656 
7 98 54 62 13 10 884 
53 24 95 5 59 97 1164 
56 6 18 75 19 25 641 
96 18 96 72 12 18 1252 
28 9 48 22 35 52 1547 
71 30 72 72 81 80 996 
5 57 47 44 86 12 1232 
86 14 44 5 78 3 182 
83 60 93 3 94 79 402 
17 49 85 27 47 78 1376 
79 48 6 41 47 80 1492 
63 51 30 28 9 3 681 
96 6 18 58 52 86 1450 
71 82 70 89 3 38 1435 
10 64 19 42 35 93 129 
68 41 67 33 25 22 317 
11 65 77 87 78 85 339 
45 69 70 97 95 97 120 
69 37 54 46 44 6 876 
89 13 88 76 12 36 460 
67 54 27 29 66 72 982 
19 95 3 27 56 69 1056 
97 51 46 43 98 3 1628 
6 15 89 83 18 68 359 
54 91 14 68 51 95 1273 
17 45 70 31 28 49 813 
44 53 22 90 38 91 1508 
64 44 35 16 35 30 1002 
41 40 48 50 6 40 1057 
6 92 60 7 77 89 1304 
7 78 14 72 55 52 1006 
64 70 95 82 79 32 1469 
49 81 54 18 66 19 1242 
8 25 82 24 11 87 627 
63 63 85 64 4 15 927 
68 23 47 82 80 102 1260 
72 55 70 29 11 77 922 
13 9 91 12 72 6 1626 
55 34 50 47 67 25 16 
9 11 20 76 19 35 1328 
59 9 38 88 19 101 585 
71 14 97 2 12 84 815 
57 96 53 34 11 59 207 
92 99 37 15 78 78 1035 
46 52 55 94 43 77 877 
101 55 27 55 7 66 1370 
21 55 46 57 43 53 847 
17 69 44 10 78 71 1109 
12 3 74 42 25 74 423 
64 44 10 71 9 98 905 
43 29 81 6 95 31 1144 
46 93 61 37 27 14 472 
85 12 85 67 8 88 1453 
55 54 15 84 93 60 941 
12 38 88 37 57 98 1201 
42 65 7 85 42 100 1077 
12 16 7 99 63 99 1284 
34 27 6 2 12 68 1448 
76 68 23 4 73 14 560 
57 75 3 73 17 57 701 
49 81 84 68 90 25 699 
41 10 87 33 63 81 1272 
13 84 36 46 32 87 1078 
99 85 83 71 87 34 901 
43 7 29 48 44 38 1392 
48 23 36 24 45 48 584 
60 38 73 11 36 58 713 
93 68 28 87 72 79 809 
98 3 99 4 93 90 1602 
5 61 87 21 45 95 1061 
63 2 24 89 41 32 639 
49 12 62 54 77 14 813 
40 2 63 73 61 38 821 
22 39 22 54 60 40 903 
80 89 92 92 66 81 486 
68 6 100 34 49 12 800 
94 39 52 18 78 50 1057 
60 26 50 86 59 17 674 
65 4 37 83 95 86 1132 
25 72 64 14 35 22 1176 
98 65 42 14 27 3 461 
2 72 38 84 91 93 318 
65 44 8 9 66 90 56 
4 65 53 56 29 82 1123 
69 91 6 45 30 95 1011 
63 11 74 33 15 15 1023 
34 101 100 6 95 52 976 
30 57 7 71 34 71 1534 
102 91 61 101 24 61 547 
83 34 41 63 100 60 44 
35 36 78 53 77 43 1143 
66 55 52 35 32 11 630 
35 102 76 99 26 70 991 
22 15 35 94 56 31 844 
69 61 45 98 94 59 1555 
23 31 20 58 30 26 581 
38 11 68 94 52 97 771 
34 67 66 76 92 44 214 
23 45 61 24 13 20 1588 
96 9 40 39 54 45 201 
72 58 43 98 46 27 1375 
7 69 102 5 36 6 570 
96 81 24 5 17 84 7 
88 61 36 19 8 40 690 
4 30 57 101 54 37 1008 
11 25 80 48 19 31 270 
78 61 20 79 16 64 1622 
29 18 37 39 63 14 1373 
98 8 82 40 89 44 47 
41 47 7 85 71 75 1388 
58 46 59 100 55 86 174 
2 18 41 94 78 45 1214 
14 22 64 93 25 80 211 
19 100 9 32 89 16 598 
17 16 97 46 91 16 1161 
73 79 40 9 30 76 1571 
92 42 49 13 101 30 442 
27 45 94 48 98 74 650 
48 52 71 69 72 76 1396 
4 47 49 89 30 5 667 
45 26 85 97 6 19 431 
60 63 21 90 87 12 1469 
73 5 100 96 44 33 409 
30 71 43 60 102 13 1437 
97 101 27 73 27 88 1335 
21 11 53 94 58 15 1446 
91 52 81 87 66 98 515 
44 51 95 88 74 18 245 
56 45 39 6 8 40 1019 
64 96 19 62 25 10 845 
96 49 4 88 20 38 643 
22 64 75 37 17 59 871 
52 34 86 55 72 69 1059 
68 16 89 52 77 28 438 
58 64 27 43 89 82 782 
5 93 102 56 81 78 567 
83 66 71 93 84 11 197 
64 35 9 55 43 89 463 
34 17 38 45 12 15 1043 
102 50 96 30 79 7 769 
43 86 101 93 93 32 1390 
52 20 61 95 19 17 1522 
31 20 90 48 95 22 1151 
