2 8
150
21 72 1145 
50 9 324 
34 87 1036 
13 26 1023 
49 45 1172 
82 76 1484 
91 96 95 
62 10 960 
26 61 1229 
82 25 158 
35 85 1584 
73 48 453 
92 20 1111 
9 8 1193 
18 60 1386 
70 33 1082 
15 95 445 
25 65 939 
38 61 1015 
13 26 784 
46 54 1026 
56 79 668 
68 78 1586 
46 92 925 
25 84 1445 
35 46 819 
76 59 453 
11 69 477 
84 12 318 
42 37 1429 
68 80 1529 
22 64 882 
12 65 1308 
46 4 902 
71 71 51 
73 102 1320 
71 6 245 
14 39 1099 
22 37 1389 
36 73 1094 
23 28 671 
12 81 199 
65 5 331 
37 24 1325 
72 32 891 
74 42 1595 
28 14 175 
41 73 512 
75 56 668 
28 102 439 
71 79 1488 
15 25 1242 
16 61 1478 
93 10 1582 
63 36 1326 
36 44 126 
15 50 1559 
89 9 973 
58 85 905 
12 39 409 
73 39 54 
95 68 748 
92 59 120 
80 60 1314 
9 37 71 
16 80 593 
52 41 191 
35 16 846 
33 84 1129 
34 59 649 
23 6 368 
68 22 1159 
96 69 1122 
37 46 1389 
2 36 1463 
17 82 1180 
57 45 83 
21 62 1601 
15 40 377 
53 64 1373 
79 60 4 
70 60 879 
60 44 255 
35 22 175 
70 17 1554 
28 35 1295 
64 18 25 
99 78 230 
37 4 732 
26 54 1335 
50 44 88 
87 61 1392 
87 35 1250 
38 59 631 
59 24 373 
96 54 737 
5 89 85 
46 91 746 
85 82 1342 
88 35 917 
11 36 1457 
36 87 1268 
7 85 910 
12 44 1631 
5 28 970 
65 42 885 
93 42 818 
102 23 1068 
79 6 867 
62 4 1291 
5 101 4 
22 29 380 
51 25 601 
47 91 1119 
91 95 741 
7 43 1027 
88 22 649 
30 97 1509 
8 11 204 
26 59 1325 
27 48 1325 
79 9 698 
102 84 1624 
38 15 280 
19 48 837 
84 12 464 
22 73 1033 
92 75 1337 
41 77 67 
10 16 287 
13 27 1076 
58 23 710 
89 15 1408 
5 7 957 
65 52 108 
25 13 795 
43 27 1617 
86 6 1398 
20 36 1180 
101 39 519 
41 94 1111 
84 27 1436 
53 64 421 
10 96 1592 
44 19 1080 
7 29 382 
77 19 1052 
57 68 1466 
20 29 355 
82 40 1405 
