4 2
150
100 10 67 86 16 
14 14 52 31 400 
83 70 46 91 77 
26 49 65 15 294 
2 56 17 18 230 
36 30 35 97 118 
68 68 68 25 176 
88 34 29 19 181 
59 46 24 68 243 
34 46 55 44 228 
99 101 14 2 58 
46 95 51 29 285 
85 81 57 3 132 
17 4 23 48 134 
94 22 48 71 61 
58 34 51 59 102 
91 78 93 41 129 
69 56 68 11 402 
95 85 101 49 249 
81 91 24 36 180 
31 25 9 12 262 
79 55 45 88 238 
15 46 94 5 329 
10 89 18 71 264 
64 39 14 50 162 
10 22 101 10 147 
68 12 17 15 390 
68 71 83 77 222 
17 13 82 53 351 
51 94 99 69 218 
93 75 54 72 336 
94 13 61 72 227 
59 56 37 52 375 
4 31 81 9 59 
41 8 43 17 204 
53 58 63 64 368 
19 26 34 57 181 
95 60 47 33 15 
57 12 13 22 397 
63 78 32 61 341 
22 14 92 55 61 
87 34 39 22 129 
38 52 99 82 159 
35 24 81 8 403 
47 86 50 6 241 
31 97 23 20 364 
77 28 3 80 285 
6 36 81 43 242 
63 22 27 101 274 
7 15 33 83 263 
41 99 26 63 159 
38 66 88 96 351 
92 12 22 33 231 
12 51 21 12 141 
101 45 41 49 154 
26 61 51 39 222 
18 67 42 55 208 
80 4 43 42 139 
42 50 87 57 283 
53 3 96 45 233 
58 96 22 49 266 
98 60 80 25 59 
79 17 51 42 288 
27 72 68 82 321 
11 11 81 79 383 
53 60 86 80 353 
26 67 8 82 402 
23 47 96 90 226 
22 26 19 28 234 
27 101 47 86 180 
83 36 16 66 198 
49 17 45 55 59 
40 76 2 39 369 
14 11 71 43 202 
83 78 80 27 238 
87 93 55 21 281 
54 14 102 36 25 
91 53 44 34 211 
8 3 43 76 73 
49 26 83 37 187 
18 32 6 37 258 
6 59 91 8 261 
58 64 26 86 254 
27 76 68 33 6 
63 70 39 92 179 
82 38 6 10 49 
63 13 20 76 216 
24 10 67 73 8 
35 64 37 70 390 
46 79 59 14 376 
75 59 52 36 346 
50 95 17 93 341 
71 55 84 97 13 
47 46 52 33 166 
19 11 98 32 279 
101 34 71 96 408 
5 81 93 18 157 
6 63 86 91 19 
30 95 76 89 135 
82 82 43 67 206 
102 29 27 74 305 
67 64 22 68 351 
18 27 23 94 330 
92 64 68 58 405 
86 62 63 29 52 
26 37 11 99 361 
21 94 6 46 2 
78 56 21 43 301 
44 43 20 5 360 
5 75 84 8 177 
20 16 86 68 270 
42 68 100 62 208 
32 55 25 80 275 
26 23 79 93 22 
38 45 27 85 234 
45 44 60 41 38 
53 55 4 56 288 
6 10 39 80 245 
12 58 62 92 180 
91 20 43 38 261 
84 98 93 4 33 
77 91 3 11 95 
100 10 61 53 406 
79 53 71 9 257 
19 86 101 34 387 
81 85 37 41 279 
27 3 24 77 110 
57 64 3 48 388 
17 9 30 57 251 
4 99 11 93 275 
40 51 35 75 194 
101 99 61 9 116 
94 57 64 43 399 
99 88 86 26 183 
16 52 25 14 196 
12 57 46 72 379 
84 76 46 74 124 
78 70 50 30 115 
60 5 96 20 13 
62 46 90 59 262 
18 15 86 48 216 
90 28 23 28 154 
45 56 91 16 188 
20 13 92 13 90 
32 40 58 98 356 
13 58 7 11 357 
68 70 89 8 316 
71 92 99 21 173 
52 49 25 93 346 
6 16 82 74 347 
