6 2
150
61 9 58 61 62 94 297 
98 58 96 21 30 98 14 
88 59 88 64 45 31 48 
21 39 24 51 100 9 172 
76 100 16 25 67 13 398 
26 5 44 60 74 41 81 
22 45 37 72 32 19 52 
44 87 30 64 17 83 164 
72 35 12 63 88 33 92 
60 82 97 65 87 7 251 
56 47 6 73 93 94 402 
96 90 81 70 92 31 132 
15 87 64 52 32 60 222 
72 34 99 88 10 99 254 
65 41 8 47 14 53 358 
42 27 93 26 91 43 309 
48 33 95 98 3 92 184 
97 36 15 57 50 9 342 
15 9 87 85 96 39 131 
50 75 25 80 80 46 299 
62 73 28 42 18 80 102 
3 6 92 9 9 19 278 
8 95 92 66 46 6 114 
20 8 43 97 7 46 398 
60 72 20 25 48 74 141 
65 89 17 33 31 61 48 
5 97 78 89 22 66 174 
81 36 16 36 42 48 174 
68 88 47 14 36 29 179 
36 74 86 64 47 36 177 
9 76 35 17 47 18 65 
12 67 10 87 82 57 320 
38 6 90 7 28 94 396 
3 72 22 96 34 70 282 
26 95 27 76 32 101 297 
61 84 21 97 31 29 227 
23 39 29 56 74 67 399 
70 97 58 21 44 48 26 
7 15 23 15 50 49 354 
74 85 13 52 58 8 314 
24 71 12 99 67 44 327 
34 95 42 62 5 73 228 
99 71 57 91 55 69 224 
71 101 84 83 82 71 201 
57 18 6 18 61 23 187 
28 48 24 79 6 28 296 
22 83 55 48 77 33 304 
16 58 63 5 41 24 219 
72 30 18 87 75 33 317 
79 38 46 45 52 12 291 
25 35 14 51 43 84 199 
20 31 37 7 40 77 169 
62 45 15 23 101 94 229 
20 8 94 33 97 97 176 
47 11 5 27 23 5 370 
24 51 56 100 42 7 215 
101 83 82 37 58 38 71 
95 33 25 54 20 17 21 
29 22 20 48 89 8 298 
22 35 82 19 73 53 156 
96 61 25 60 89 5 79 
28 14 98 40 61 28 215 
79 82 75 4 90 88 389 
31 38 54 55 101 82 324 
50 102 20 87 88 81 404 
75 2 95 33 14 88 8 
10 24 10 31 82 22 174 
55 9 17 85 66 45 264 
25 73 8 90 26 42 318 
14 80 55 75 49 55 22 
82 82 73 78 3 96 86 
16 46 26 22 61 39 387 
95 6 4 23 38 36 204 
31 90 45 90 48 25 392 
47 57 58 35 69 39 299 
29 45 9 66 51 46 38 
29 84 70 67 5 85 82 
76 53 54 13 21 57 207 
94 30 90 57 72 27 284 
91 70 89 94 102 24 267 
62 96 59 90 92 43 10 
8 77 25 45 42 78 289 
5 6 24 50 84 25 146 
18 21 11 80 21 41 157 
16 83 75 5 64 56 57 
59 96 25 30 16 50 351 
55 67 14 32 50 101 350 
66 67 46 20 101 32 184 
77 50 11 73 3 66 376 
96 53 42 81 24 59 189 
12 101 22 70 76 51 257 
57 99 50 73 43 55 206 
18 31 87 64 26 71 337 
48 16 59 15 87 96 239 
16 74 53 28 44 42 219 
69 26 52 27 83 84 83 
53 63 3 63 13 44 321 
24 57 18 100 90 66 262 
87 65 56 91 57 7 168 
28 99 46 101 15 99 201 
7 37 39 46 89 65 389 
55 59 54 76 54 82 377 
19 37 31 56 78 91 334 
64 98 38 27 79 81 103 
66 58 64 100 47 32 71 
21 81 56 3 3 71 132 
8 4 18 6 27 51 38 
64 18 47 39 10 69 178 
42 4 20 12 86 72 362 
3 92 77 9 52 77 399 
58 76 54 77 22 52 227 
95 22 24 54 32 18 11 
42 18 63 39 64 76 324 
79 38 93 19 101 45 24 
14 43 99 77 75 13 25 
44 95 64 89 20 90 191 
84 99 60 55 56 88 247 
76 16 72 90 4 20 324 
41 63 59 24 8 52 334 
81 27 79 59 7 99 402 
25 101 52 46 88 35 386 
41 36 66 46 59 47 155 
28 29 89 73 95 28 14 
34 7 68 13 40 67 15 
74 82 98 51 92 64 207 
17 22 45 18 87 87 407 
30 95 79 51 7 46 217 
100 92 88 14 73 98 374 
96 86 35 50 70 94 274 
55 70 97 69 85 89 46 
9 46 58 9 43 5 19 
14 90 64 35 23 52 302 
92 13 39 21 68 61 88 
37 13 70 19 95 35 303 
27 84 84 24 59 44 370 
49 32 7 31 95 89 337 
98 73 17 50 43 95 261 
60 61 50 19 30 92 295 
35 90 92 50 72 32 353 
8 82 13 65 10 85 176 
82 33 92 75 73 41 160 
42 54 72 54 42 12 276 
25 36 6 31 54 20 58 
44 17 83 24 59 98 369 
93 6 86 35 12 23 315 
29 60 46 59 53 35 381 
37 22 99 33 22 21 338 
48 9 36 58 67 31 157 
18 11 53 16 44 51 200 
50 88 21 32 92 92 391 
