8 4
150
69 26 63 32 55 59 99 54 754 
77 54 76 55 68 55 25 46 810 
48 52 41 98 89 14 38 96 750 
73 91 22 17 30 25 22 21 703 
33 47 37 92 54 58 77 74 726 
69 7 41 55 68 6 24 27 341 
78 73 39 52 96 61 67 27 514 
75 62 26 53 35 49 69 94 806 
66 59 100 85 23 17 25 71 725 
55 20 25 18 95 5 84 47 394 
51 83 53 78 27 28 95 4 99 
67 18 74 94 88 76 7 59 560 
45 94 52 24 29 26 72 14 63 
42 59 68 23 71 90 101 20 90 
49 90 34 74 92 21 5 60 436 
19 62 34 51 13 38 37 40 429 
101 29 56 29 8 15 21 55 368 
47 46 48 86 96 70 65 60 562 
39 74 4 32 20 72 73 56 425 
77 93 49 32 88 33 38 2 742 
59 22 84 21 55 40 76 60 110 
9 34 68 66 88 55 69 100 545 
52 70 11 86 58 54 63 46 504 
100 17 60 17 50 96 79 8 308 
88 20 21 66 58 63 59 66 174 
88 13 7 96 65 91 67 87 262 
84 75 66 32 60 11 78 78 351 
57 94 86 75 89 82 17 83 648 
50 88 14 50 29 94 33 77 267 
58 7 54 71 52 65 64 97 272 
75 58 63 12 90 82 20 3 588 
39 15 26 28 81 84 11 19 809 
22 36 48 74 101 84 79 22 582 
93 88 44 23 13 95 48 44 202 
21 40 100 34 33 28 22 96 514 
11 32 28 72 62 36 66 44 494 
90 3 60 80 35 71 11 29 131 
32 19 3 33 81 39 59 92 639 
4 90 6 22 54 7 21 70 729 
47 23 27 10 58 71 34 61 334 
69 43 8 31 25 6 12 92 632 
64 80 53 91 15 72 57 64 442 
59 70 51 55 61 67 81 66 54 
92 24 62 34 100 23 98 92 407 
75 75 67 2 11 65 29 60 732 
40 58 10 58 55 96 17 78 742 
94 16 84 42 51 61 99 22 548 
19 32 82 32 95 24 22 85 731 
91 59 60 88 28 3 77 43 62 
101 37 72 68 18 25 32 6 624 
70 34 26 8 5 92 98 12 231 
12 10 65 87 37 72 6 28 156 
34 9 90 83 67 10 54 101 694 
99 53 15 59 3 91 48 54 411 
68 86 56 71 92 17 75 67 273 
46 15 101 102 64 92 6 99 794 
90 89 69 17 56 6 7 101 484 
17 55 9 77 41 85 22 40 350 
67 66 19 75 10 102 77 10 696 
88 99 91 25 55 6 94 60 536 
85 53 32 52 66 93 58 60 101 
28 71 76 18 82 25 50 41 274 
83 17 80 70 43 48 21 21 12 
72 94 2 5 85 83 19 39 716 
15 17 102 28 19 52 89 50 317 
13 72 19 68 78 16 72 13 351 
89 17 12 86 33 47 92 88 541 
14 25 88 95 101 46 38 37 199 
36 57 100 30 82 94 9 10 404 
86 6 18 88 35 74 41 32 178 
80 31 86 56 38 33 86 77 208 
54 21 73 75 32 43 92 38 457 
47 61 37 20 79 26 98 8 669 
52 28 92 16 56 71 24 60 46 
42 82 22 69 46 7 69 57 725 
81 13 76 77 98 99 18 96 581 
89 62 54 62 61 32 51 36 403 
37 40 67 4 54 74 38 51 465 
38 80 17 32 53 24 37 19 775 
10 77 32 96 100 62 99 37 804 
55 82 23 92 20 12 58 34 139 
26 79 61 4 42 49 42 82 133 
58 59 10 32 27 43 37 43 484 
21 44 42 7 7 18 75 84 564 
38 49 61 8 76 22 7 13 333 
38 8 37 85 56 21 46 44 638 
92 25 57 82 57 79 52 38 736 
79 21 74 45 30 59 80 6 270 
59 52 85 91 27 17 3 101 287 
26 39 90 23 63 65 40 85 487 
16 58 94 84 57 39 31 30 744 
71 95 80 80 7 52 88 89 745 
97 4 100 42 81 58 44 29 815 
5 59 61 11 6 47 99 66 389 
43 77 97 48 61 99 26 34 51 
59 47 33 39 37 75 74 45 665 
64 76 79 38 42 30 40 29 581 
34 62 91 34 83 44 5 47 102 
98 51 45 3 18 49 52 87 662 
70 67 24 88 39 63 66 38 727 
72 7 37 69 10 34 28 93 591 
19 27 67 92 37 92 63 78 767 
41 63 60 32 88 57 49 71 503 
51 49 25 30 70 47 54 35 328 
79 31 43 12 77 27 77 34 488 
18 81 33 34 26 64 69 27 611 
33 42 21 83 22 41 73 79 366 
52 92 59 22 39 4 52 86 382 
55 31 89 35 58 56 97 33 739 
33 19 24 63 63 46 72 23 757 
24 98 11 4 41 100 82 27 349 
5 99 43 31 84 42 17 16 783 
90 100 86 67 88 91 50 42 486 
24 91 31 15 51 18 11 30 719 
39 52 91 91 55 33 13 94 278 
51 4 37 84 48 48 50 84 196 
11 59 12 23 56 101 40 60 295 
15 92 50 27 22 56 54 80 523 
9 102 46 55 55 96 57 101 315 
26 42 45 85 67 69 94 2 583 
80 19 98 92 52 97 97 100 18 
88 26 84 84 32 71 84 43 673 
81 58 6 18 68 57 63 16 143 
95 32 27 82 35 21 84 76 499 
70 18 51 51 60 57 94 71 611 
58 45 13 76 3 26 87 15 362 
70 63 53 44 31 38 80 4 552 
79 8 93 65 101 57 9 17 205 
35 32 100 50 26 99 82 6 586 
9 21 31 3 97 22 77 17 109 
12 28 89 15 73 58 90 17 510 
85 96 45 57 69 88 101 54 674 
48 21 39 56 64 27 66 73 675 
40 79 13 73 89 87 44 99 723 
40 22 61 44 62 12 37 99 88 
30 54 54 45 3 45 40 31 776 
78 59 66 64 51 101 75 52 312 
53 14 9 61 15 72 100 63 258 
25 5 61 29 21 67 16 38 162 
32 97 77 70 36 60 92 68 333 
26 78 74 62 71 13 74 85 689 
6 72 41 85 47 42 14 16 212 
38 51 40 102 50 15 82 45 443 
65 86 81 50 71 49 31 76 697 
62 65 36 50 57 37 82 12 540 
83 49 52 37 58 21 34 55 141 
5 27 30 61 82 28 59 11 812 
8 58 3 95 56 73 57 54 420 
94 90 96 4 21 39 48 101 780 
6 30 30 61 18 18 31 28 401 
