2 6
150
19 97 705 
81 19 394 
49 43 115 
18 18 1217 
66 9 624 
96 28 1012 
39 25 280 
3 22 720 
34 44 757 
25 11 499 
41 6 1071 
47 59 332 
20 47 254 
85 57 1055 
31 62 1079 
25 66 73 
92 56 430 
48 69 1137 
75 18 916 
101 49 926 
72 26 401 
71 79 157 
14 21 621 
26 78 996 
64 56 830 
39 74 733 
73 11 948 
58 34 665 
8 95 448 
97 74 500 
54 22 1196 
47 14 374 
55 62 1020 
77 13 554 
57 69 965 
56 86 162 
27 38 533 
17 30 476 
100 16 1127 
80 65 1030 
78 19 578 
12 74 685 
86 19 512 
39 85 149 
79 97 1192 
34 3 807 
77 54 111 
25 71 440 
99 39 1122 
61 49 1201 
40 77 1193 
101 101 1149 
100 47 1162 
25 72 819 
73 90 651 
33 40 405 
43 68 166 
28 5 135 
77 55 586 
13 15 423 
66 27 862 
46 101 100 
17 79 1173 
6 36 682 
73 54 1005 
44 54 1000 
85 68 1209 
61 20 988 
87 14 883 
89 26 570 
48 89 400 
62 61 555 
98 30 1089 
47 19 749 
39 40 391 
60 57 619 
31 35 13 
68 31 573 
38 8 90 
92 61 1060 
38 30 656 
51 60 581 
25 13 1149 
39 48 297 
95 40 602 
40 23 976 
51 29 699 
24 60 1110 
48 82 713 
88 27 650 
40 9 845 
4 11 1087 
10 90 983 
86 37 549 
59 94 1072 
79 75 1114 
100 100 1030 
30 43 393 
32 16 859 
65 6 951 
91 39 1050 
43 101 475 
57 92 349 
62 32 413 
101 67 1130 
14 67 808 
5 71 82 
69 90 329 
71 12 810 
39 75 1161 
21 47 1030 
5 97 1191 
61 18 1138 
51 24 1016 
65 39 833 
53 30 933 
42 19 606 
6 62 428 
73 24 603 
61 74 1082 
75 20 218 
36 44 1044 
52 99 849 
97 55 601 
75 56 580 
26 7 623 
61 20 1008 
92 99 680 
47 17 1042 
51 33 896 
50 2 540 
7 78 44 
67 31 1172 
85 3 385 
9 47 784 
2 33 69 
90 50 215 
100 2 656 
8 85 257 
64 90 333 
2 2 800 
98 49 653 
7 70 955 
46 60 926 
57 78 214 
53 85 645 
94 47 1022 
82 64 1027 
58 52 1221 
92 100 1146 
