6 6
150
62 67 59 57 46 91 1050 
73 22 86 49 56 7 677 
53 21 66 44 71 92 1192 
8 17 37 64 43 34 1108 
2 68 82 32 83 89 397 
14 27 50 50 101 81 991 
31 91 31 18 23 101 492 
7 98 54 62 13 10 663 
53 24 95 5 59 97 873 
56 6 18 75 19 25 481 
96 18 96 72 12 18 939 
28 9 48 22 35 52 1161 
71 30 72 72 81 80 747 
5 57 47 44 86 12 924 
86 14 44 5 78 3 137 
83 60 93 3 94 79 302 
17 49 85 27 47 78 1032 
79 48 6 41 47 80 1119 
63 51 30 28 9 3 511 
96 6 18 58 52 86 1088 
71 82 70 89 3 38 1076 
10 64 19 42 35 93 97 
68 41 67 33 25 22 238 
11 65 77 87 78 85 254 
45 69 70 97 95 97 90 
69 37 54 46 44 6 657 
89 13 88 76 12 36 345 
67 54 27 29 66 72 737 
19 95 3 27 56 69 792 
97 51 46 43 98 3 1221 
6 15 89 83 18 68 269 
54 91 14 68 51 95 954 
17 45 70 31 28 49 610 
44 53 22 90 38 91 1131 
64 44 35 16 35 30 752 
41 40 48 50 6 40 793 
6 92 60 7 77 89 978 
7 78 14 72 55 52 755 
64 70 95 82 79 32 1102 
49 81 54 18 66 19 932 
8 25 82 24 11 87 471 
63 63 85 64 4 15 695 
68 23 47 82 80 102 945 
72 55 70 29 11 77 692 
13 9 91 12 72 6 1219 
55 34 50 47 67 25 12 
9 11 20 76 19 35 996 
59 9 38 88 19 101 439 
71 14 97 2 12 84 611 
57 96 53 34 11 59 156 
92 99 37 15 78 78 776 
46 52 55 94 43 77 658 
101 55 27 55 7 66 1027 
21 55 46 57 43 53 636 
17 69 44 10 78 71 832 
12 3 74 42 25 74 317 
64 44 10 71 9 98 679 
43 29 81 6 95 31 858 
46 93 61 37 27 14 354 
85 12 85 67 8 88 1090 
55 54 15 84 93 60 706 
12 38 88 37 57 98 901 
42 65 7 85 42 100 808 
12 16 7 99 63 99 963 
34 27 6 2 12 68 1086 
76 68 23 4 73 14 420 
57 75 3 73 17 57 526 
49 81 84 68 90 25 525 
41 10 87 33 63 81 954 
13 84 36 46 32 87 809 
99 85 83 71 87 34 676 
43 7 29 48 44 38 1044 
48 23 36 24 45 48 438 
60 38 73 11 36 58 535 
93 68 28 87 72 79 607 
98 3 99 4 93 90 1202 
5 61 87 21 45 95 796 
63 2 24 89 41 32 480 
49 12 62 54 77 14 610 
40 2 63 73 61 38 616 
22 39 22 54 60 40 677 
80 89 92 92 66 81 365 
68 6 100 34 49 12 600 
94 39 52 18 78 50 793 
60 26 50 86 59 17 506 
65 4 37 83 95 86 849 
25 72 64 14 35 22 882 
98 65 42 14 27 3 346 
2 72 38 84 91 93 239 
65 44 8 9 66 90 43 
4 65 53 56 29 82 842 
69 91 6 45 30 95 758 
63 11 74 33 15 15 768 
34 101 100 6 95 52 732 
30 57 7 71 34 71 1151 
102 91 61 101 24 61 411 
83 34 41 63 100 60 34 
35 36 78 53 77 43 857 
66 55 52 35 32 11 473 
35 102 76 99 26 70 744 
22 15 35 94 56 31 633 
69 61 45 98 94 59 1166 
23 31 20 58 30 26 436 
38 11 68 94 52 97 579 
34 67 66 76 92 44 161 
23 45 61 24 13 20 1191 
96 9 40 39 54 45 151 
72 58 43 98 46 27 1031 
7 69 102 5 36 6 428 
96 81 24 5 17 84 5 
88 61 36 19 8 40 518 
4 30 57 101 54 37 756 
11 25 80 48 19 31 203 
78 61 20 79 16 64 1217 
29 18 37 39 63 14 1030 
98 8 82 40 89 44 35 
41 47 7 85 71 75 1041 
58 46 59 100 55 86 131 
2 18 41 94 78 45 910 
14 22 64 93 25 80 159 
19 100 9 32 89 16 449 
17 16 97 46 91 16 871 
73 79 40 9 30 76 1178 
92 42 49 13 101 30 332 
27 45 94 48 98 74 488 
48 52 71 69 72 76 1047 
4 47 49 89 30 5 501 
45 26 85 97 6 19 324 
60 63 21 90 87 12 1102 
73 5 100 96 44 33 307 
30 71 43 60 102 13 1078 
97 101 27 73 27 88 1001 
21 11 53 94 58 15 1085 
91 52 81 87 66 98 387 
44 51 95 88 74 18 184 
56 45 39 6 8 40 764 
64 96 19 62 25 10 634 
96 49 4 88 20 38 483 
22 64 75 37 17 59 654 
52 34 86 55 72 69 795 
68 16 89 52 77 28 329 
58 64 27 43 89 82 587 
5 93 102 56 81 78 426 
83 66 71 93 84 11 148 
64 35 9 55 43 89 347 
34 17 38 45 12 15 783 
102 50 96 30 79 7 577 
43 86 101 93 93 32 1042 
52 20 61 95 19 17 1141 
31 20 90 48 95 22 864 
