6 8
150
33 55 11 13 92 30 1136 
55 52 97 15 75 82 1402 
94 21 52 3 3 27 1491 
37 19 42 81 46 72 1081 
101 60 66 98 92 67 1175 
24 69 78 6 25 2 1415 
35 90 47 38 54 87 1135 
43 72 29 100 34 90 1571 
38 71 34 48 60 5 880 
94 33 20 85 17 16 1134 
54 76 99 80 27 7 43 
31 97 45 94 87 99 951 
90 39 99 60 78 78 1406 
99 46 60 67 99 35 665 
59 29 55 40 74 2 1443 
97 32 22 9 86 96 115 
76 92 56 75 9 98 63 
95 22 27 40 40 85 894 
33 41 15 30 74 64 1185 
70 91 56 15 99 72 1515 
9 79 53 95 84 81 382 
56 6 94 92 39 39 1034 
9 31 101 35 19 36 1059 
93 9 81 14 34 36 105 
2 2 62 12 28 13 1404 
45 75 47 58 6 33 1246 
37 23 40 37 27 11 995 
63 57 82 82 38 30 273 
72 75 83 52 47 19 884 
5 34 82 13 28 79 1046 
57 56 79 15 4 91 908 
88 43 79 9 27 47 643 
48 82 32 92 85 71 1186 
3 66 8 61 16 24 521 
91 60 25 101 34 99 94 
3 5 69 36 41 63 1374 
34 6 45 22 74 17 944 
54 51 24 45 10 93 889 
91 73 55 90 68 26 1592 
84 55 10 95 51 36 730 
80 65 58 45 10 91 1124 
62 65 41 45 9 76 592 
11 4 58 26 7 53 190 
33 16 48 75 39 89 808 
53 37 29 25 83 15 1221 
88 68 102 102 5 88 477 
10 16 47 61 52 63 1205 
54 54 71 45 84 35 756 
51 12 72 73 4 21 159 
30 14 22 28 63 63 367 
38 58 27 5 68 84 377 
102 3 16 90 27 78 1616 
85 60 82 101 82 31 602 
58 31 30 3 68 21 1312 
4 27 35 91 102 53 254 
98 46 42 19 53 25 812 
11 58 85 79 46 13 742 
56 42 30 83 35 88 1309 
29 98 4 101 65 45 1603 
78 84 101 27 26 86 1405 
16 42 84 31 7 89 773 
75 47 26 25 11 37 770 
87 7 10 69 68 37 1140 
50 41 19 90 83 53 536 
77 86 53 21 29 61 665 
2 48 54 30 100 35 873 
53 79 79 56 10 53 1477 
79 93 60 61 50 18 1070 
3 66 43 27 38 17 1611 
63 75 5 84 78 8 1392 
61 58 41 69 4 18 1585 
63 43 36 75 2 44 1596 
95 95 63 81 45 77 1620 
84 13 5 65 20 57 1478 
7 76 74 34 47 7 290 
38 21 93 48 102 70 646 
26 9 54 37 74 3 1103 
82 44 5 35 33 88 1265 
47 39 6 86 64 9 927 
69 64 43 58 39 82 933 
76 72 35 45 9 62 944 
6 53 30 48 56 25 406 
33 72 101 15 21 42 1488 
84 89 64 40 64 85 930 
48 13 82 37 23 12 92 
75 72 92 27 28 22 672 
88 79 40 10 86 34 578 
94 44 44 20 42 68 1505 
85 74 7 47 79 3 945 
42 50 13 35 15 21 960 
102 12 91 95 22 52 1567 
12 26 32 80 53 24 877 
71 39 19 83 47 15 1470 
100 87 82 51 21 85 755 
31 29 77 73 15 79 1505 
34 56 27 21 18 98 1186 
50 77 69 28 81 6 1151 
13 96 54 70 8 71 30 
27 11 46 4 69 52 1326 
99 57 9 40 47 63 608 
85 94 64 31 19 19 822 
12 15 25 42 81 78 292 
36 25 5 9 10 92 120 
47 83 20 51 48 93 839 
21 62 90 36 45 35 453 
3 92 41 91 53 53 243 
98 22 64 90 76 65 1029 
34 6 33 39 73 32 634 
13 46 82 73 28 101 1484 
55 37 7 38 44 92 528 
35 66 20 59 41 94 791 
63 58 63 74 30 90 1418 
57 58 99 74 5 91 1472 
49 62 20 27 54 26 699 
87 59 53 34 75 33 1629 
42 16 83 34 39 92 819 
90 20 100 100 13 6 1598 
81 10 67 41 3 44 1399 
6 102 33 89 71 8 1238 
101 12 42 57 60 89 248 
45 19 42 68 101 42 966 
44 22 29 44 22 47 105 
50 89 95 74 91 16 598 
16 51 47 71 87 76 1441 
10 60 45 55 19 85 588 
94 27 75 5 4 29 1015 
82 6 47 51 63 72 834 
25 50 85 71 75 80 474 
69 96 99 16 68 73 546 
64 86 91 5 64 72 925 
64 22 71 89 90 76 554 
48 3 22 26 7 39 1391 
12 62 86 46 6 9 402 
33 78 91 38 58 31 303 
21 58 48 101 101 96 997 
30 16 84 87 6 97 352 
95 79 92 63 36 50 835 
26 7 61 60 65 34 514 
46 82 52 34 48 17 433 
47 76 27 8 45 26 1353 
48 4 61 2 14 5 608 
101 101 77 24 83 69 1547 
53 89 43 38 64 32 1364 
36 34 55 60 82 97 792 
5 67 57 93 26 70 1277 
5 2 59 54 31 96 740 
83 77 12 67 50 34 1535 
89 86 72 82 97 101 206 
71 8 44 34 10 91 1568 
36 22 33 59 101 19 780 
