2 8
150
90 33 1158 
31 11 1237 
95 3 1622 
8 66 812 
12 44 1144 
59 64 951 
89 71 1480 
16 87 1424 
80 45 103 
23 24 770 
75 66 76 
8 52 1010 
15 15 124 
19 100 57 
3 16 619 
83 92 749 
71 28 837 
46 11 1153 
33 76 744 
86 53 1088 
72 73 1290 
54 35 1630 
47 6 1499 
10 46 813 
53 73 1152 
89 15 1170 
51 99 859 
62 54 1566 
98 31 897 
36 77 1251 
18 31 1007 
43 49 440 
26 51 1325 
40 38 1408 
56 63 1332 
3 95 626 
2 46 994 
76 36 876 
16 11 322 
85 58 56 
47 13 463 
17 94 245 
90 12 382 
46 65 1039 
92 13 1011 
68 8 1478 
16 96 594 
19 36 521 
18 44 1548 
10 29 625 
9 43 1517 
80 95 397 
60 41 1130 
69 15 1356 
17 58 1316 
99 85 377 
94 50 45 
31 71 1010 
69 30 1264 
98 101 809 
22 82 1355 
87 38 355 
73 15 299 
40 10 1106 
23 50 1324 
55 4 1265 
53 21 964 
74 18 1293 
38 80 1184 
33 13 1058 
49 64 643 
22 49 546 
2 32 326 
61 29 1156 
7 56 643 
37 10 346 
83 16 436 
102 47 1319 
92 50 1039 
6 52 953 
51 42 29 
55 93 765 
30 4 18 
50 55 1173 
60 94 1503 
90 69 1018 
42 3 1150 
53 52 1587 
40 49 269 
60 31 1606 
72 98 1310 
64 12 1418 
71 53 1033 
95 9 100 
22 35 988 
57 44 864 
91 4 1326 
3 66 801 
90 100 1457 
6 17 716 
32 72 1184 
5 80 931 
94 98 1345 
7 21 257 
101 49 1535 
66 33 285 
39 85 79 
65 72 441 
19 70 527 
33 76 201 
100 67 591 
21 64 599 
36 19 898 
5 65 754 
72 86 1357 
68 4 274 
57 26 1084 
74 70 520 
41 69 4 
48 87 158 
27 62 368 
72 10 889 
81 82 1392 
59 33 227 
64 35 334 
61 95 1408 
46 54 1082 
18 78 818 
48 28 1584 
6 82 1552 
39 90 524 
47 81 46 
26 2 1239 
31 88 369 
33 100 1513 
55 11 562 
13 82 1208 
16 4 554 
45 11 1373 
74 26 1337 
59 77 1620 
92 23 701 
84 19 892 
20 37 1514 
12 17 1070 
46 86 1286 
59 95 267 
65 95 1630 
23 25 1408 
100 4 1134 
