2 8
150
19 97 940 
81 19 524 
49 43 153 
18 18 1623 
66 9 831 
96 28 1350 
39 25 372 
3 22 960 
34 44 1009 
25 11 665 
41 6 1428 
47 59 442 
20 47 338 
85 57 1406 
31 62 1439 
25 66 96 
92 56 572 
48 69 1516 
75 18 1221 
101 49 1235 
72 26 534 
71 79 209 
14 21 828 
26 78 1328 
64 56 1107 
39 74 977 
73 11 1264 
58 34 886 
8 95 597 
97 74 666 
54 22 1595 
47 14 499 
55 62 1360 
77 13 738 
57 69 1287 
56 86 216 
27 38 710 
17 30 634 
100 16 1502 
80 65 1374 
78 19 770 
12 74 913 
86 19 682 
39 85 199 
79 97 1590 
34 3 1075 
77 54 147 
25 71 586 
99 39 1495 
61 49 1601 
40 77 1591 
101 101 1532 
100 47 1549 
25 72 1091 
73 90 868 
33 40 540 
43 68 221 
28 5 179 
77 55 781 
13 15 563 
66 27 1149 
46 101 133 
17 79 1564 
6 36 909 
73 54 1340 
44 54 1334 
85 68 1612 
61 20 1318 
87 14 1177 
89 26 760 
48 89 532 
62 61 739 
98 30 1452 
47 19 998 
39 40 521 
60 57 825 
31 35 16 
68 31 764 
38 8 120 
92 61 1414 
38 30 874 
51 60 775 
25 13 1531 
39 48 395 
95 40 802 
40 23 1301 
51 29 932 
24 60 1480 
48 82 951 
88 27 867 
40 9 1126 
4 11 1450 
10 90 1311 
86 37 731 
59 94 1430 
79 75 1485 
100 100 1374 
30 43 523 
32 16 1145 
65 6 1268 
91 39 1399 
43 101 633 
57 92 465 
62 32 550 
101 67 1506 
14 67 1078 
5 71 108 
69 90 438 
71 12 1080 
39 75 1548 
21 47 1373 
5 97 1588 
61 18 1518 
51 24 1354 
65 39 1110 
53 30 1244 
42 19 808 
6 62 570 
73 24 804 
61 74 1443 
75 20 289 
36 44 1391 
52 99 1132 
97 55 801 
75 56 773 
26 7 830 
61 20 1344 
92 99 907 
47 17 1389 
51 33 1194 
50 2 719 
7 78 58 
67 31 1562 
85 3 514 
9 47 1045 
2 33 91 
90 50 286 
100 2 874 
8 85 342 
64 90 443 
2 2 1066 
98 49 871 
7 70 1273 
46 60 1234 
57 78 285 
53 85 859 
94 47 1362 
82 64 1370 
58 52 1628 
92 100 1528 
