6 2
150
86 45 26 24 23 34 261 
56 41 95 61 32 12 309 
49 79 100 26 3 98 271 
47 31 3 82 91 22 188 
33 4 93 27 57 54 91 
65 57 52 77 44 44 149 
80 80 90 6 6 36 384 
100 48 11 91 28 101 164 
16 24 44 34 14 20 98 
38 4 36 77 60 56 344 
24 50 51 61 56 32 273 
54 16 78 87 87 54 133 
59 84 38 31 56 84 201 
35 10 46 31 26 15 171 
78 55 31 49 83 12 312 
99 63 32 73 70 75 254 
10 68 49 29 68 93 324 
23 101 48 6 73 37 363 
42 7 32 32 20 27 310 
63 49 40 6 44 58 243 
23 8 60 87 11 89 102 
44 99 4 60 23 64 226 
56 85 45 11 77 90 234 
58 102 43 53 50 88 195 
21 10 25 26 38 22 407 
95 90 21 65 50 66 401 
10 30 74 98 65 23 28 
66 98 97 69 70 4 267 
8 19 37 63 3 79 94 
91 81 35 87 44 57 251 
97 26 49 28 25 61 195 
74 71 57 88 67 43 228 
15 30 59 69 20 37 355 
73 86 4 50 89 78 81 
51 41 13 22 67 47 281 
73 50 43 47 46 20 141 
50 82 77 37 38 69 311 
53 78 20 27 23 76 100 
42 47 81 38 85 30 97 
32 46 68 102 98 89 169 
83 18 25 76 19 55 94 
6 29 15 53 11 45 399 
65 95 97 47 73 47 129 
5 64 10 63 92 13 78 
38 11 37 42 82 37 287 
62 98 53 6 24 4 149 
20 68 88 76 87 28 274 
53 72 57 27 45 12 317 
56 16 15 29 44 6 277 
20 79 13 31 10 29 13 
99 46 43 51 45 97 349 
99 25 88 7 87 54 350 
41 82 17 39 27 95 27 
83 40 79 82 100 70 406 
90 77 47 79 100 66 219 
28 17 78 102 17 94 235 
93 29 24 59 54 84 322 
100 98 94 85 37 99 67 
9 66 71 47 29 88 35 
50 44 30 89 89 34 56 
67 41 39 13 3 51 368 
13 56 25 47 88 23 370 
81 55 96 66 69 39 79 
53 9 56 90 8 51 177 
87 96 72 67 52 68 133 
59 57 74 36 50 28 392 
12 48 2 42 67 19 282 
91 36 26 22 97 96 61 
35 85 25 97 102 49 105 
62 56 82 39 57 60 93 
100 23 32 21 14 25 168 
62 56 50 43 34 76 393 
62 48 47 57 73 20 100 
74 52 41 50 81 73 204 
95 22 6 12 61 48 372 
15 96 2 85 73 76 295 
31 77 56 70 75 31 408 
10 37 84 86 43 100 109 
74 93 73 35 54 93 277 
37 46 32 75 30 7 193 
54 47 74 102 46 54 175 
76 87 83 8 44 52 346 
87 24 28 20 50 67 169 
5 31 52 21 85 7 385 
33 26 97 47 26 55 228 
92 12 86 98 49 86 398 
8 92 28 12 43 85 205 
24 6 56 82 43 8 202 
17 23 83 64 49 50 177 
63 88 64 20 99 31 385 
14 44 24 4 83 46 394 
41 26 11 43 24 46 39 
22 43 67 85 49 8 307 
90 5 37 101 37 57 187 
7 67 95 46 56 58 43 
64 34 80 62 64 55 311 
99 74 22 28 6 36 169 
47 98 37 52 25 21 98 
41 89 4 48 91 53 142 
61 18 99 70 91 101 237 
10 89 26 87 56 101 371 
33 17 75 33 23 6 244 
70 60 96 33 38 88 93 
47 78 16 75 3 44 157 
58 25 60 17 37 85 150 
12 13 67 71 22 35 36 
75 31 16 70 49 77 370 
60 5 39 54 15 38 260 
13 12 13 55 59 55 306 
94 18 18 88 23 25 240 
49 31 64 18 56 16 296 
49 102 7 57 69 50 399 
22 23 65 24 50 75 403 
3 56 18 65 82 35 331 
15 100 85 27 54 34 49 
76 77 38 61 23 93 260 
12 8 100 93 7 79 293 
96 56 65 76 52 62 185 
78 48 55 76 83 93 140 
4 24 31 17 18 88 190 
49 28 66 28 84 37 374 
49 20 74 77 58 11 78 
46 21 54 4 74 68 400 
31 85 87 43 102 32 35 
86 70 78 92 93 27 197 
29 102 50 70 27 56 118 
30 83 101 26 84 17 236 
5 80 15 45 22 50 75 
45 80 87 84 8 85 258 
52 99 87 67 86 73 70 
22 6 35 50 15 71 6 
4 89 18 20 16 52 331 
93 64 48 73 79 32 343 
23 64 88 21 72 68 317 
86 15 61 100 46 43 339 
76 82 98 9 81 19 169 
94 71 66 93 35 84 243 
37 41 96 9 43 35 403 
44 49 31 45 6 26 76 
75 59 23 72 12 100 71 
84 52 66 100 15 45 121 
95 24 30 39 86 20 203 
76 67 92 6 10 86 130 
35 69 66 77 95 25 77 
14 45 23 26 86 44 215 
91 31 11 30 92 71 200 
27 3 7 22 7 71 406 
94 32 68 4 16 87 200 
85 2 25 22 22 13 332 
81 9 16 102 78 99 346 
