4 6
150
96 14 59 98 363 
65 16 82 11 775 
4 5 59 45 927 
74 80 64 52 433 
27 51 23 70 1199 
37 72 39 17 321 
33 28 16 99 1038 
6 79 11 73 849 
24 33 40 47 1078 
70 90 97 24 1094 
48 92 89 5 56 
47 93 91 100 1156 
95 78 66 85 398 
78 91 61 60 884 
97 71 93 82 162 
96 14 77 82 364 
49 77 18 28 979 
43 41 13 95 486 
14 90 14 79 931 
48 69 56 15 144 
81 31 38 51 1160 
79 101 8 92 129 
36 18 11 70 582 
20 62 40 5 1119 
40 81 68 21 736 
8 59 16 6 824 
29 59 65 70 623 
20 40 68 33 33 
44 34 23 85 76 
98 81 45 32 705 
87 30 53 23 907 
2 65 20 91 1081 
22 87 4 24 1018 
78 55 43 19 362 
82 96 9 3 605 
7 59 86 15 782 
29 16 86 49 1002 
101 8 44 96 620 
57 23 79 45 1009 
59 32 101 101 367 
45 40 28 2 949 
93 23 52 74 845 
45 81 7 28 748 
8 3 57 42 1032 
72 13 49 69 908 
61 19 66 20 1134 
77 61 86 85 254 
91 90 86 71 1108 
80 58 72 27 98 
78 18 53 84 931 
58 77 60 17 735 
34 93 61 28 223 
76 59 34 81 1152 
86 97 24 7 880 
21 19 88 52 81 
16 44 24 61 1200 
46 68 85 44 452 
102 2 71 25 1088 
100 30 60 53 200 
23 26 93 33 291 
83 96 48 12 704 
41 91 10 11 564 
92 72 3 30 913 
11 76 92 44 1155 
86 28 101 18 906 
92 61 37 36 1045 
92 53 93 37 212 
52 21 75 87 1198 
13 94 62 79 1208 
30 30 32 79 94 
49 36 50 39 488 
57 97 32 38 824 
82 56 77 25 688 
41 81 67 13 305 
91 4 7 46 1023 
94 68 24 19 562 
64 30 60 28 470 
57 5 56 97 767 
57 91 38 20 215 
58 19 39 23 729 
51 65 22 54 223 
47 32 6 55 586 
90 75 15 92 62 
54 98 50 87 11 
38 27 72 50 856 
3 67 89 29 334 
77 31 3 60 1185 
102 10 8 10 1137 
28 101 3 50 908 
84 78 48 15 798 
62 71 54 22 285 
26 95 74 84 217 
82 45 79 28 895 
61 73 57 95 64 
46 92 42 94 920 
39 27 24 76 1073 
27 21 76 64 824 
8 80 83 37 898 
9 39 26 93 154 
85 24 77 77 186 
13 23 55 10 262 
72 31 62 47 1052 
101 72 100 96 1139 
64 70 17 61 827 
83 92 22 22 1198 
9 68 52 82 1130 
17 52 50 61 938 
6 68 69 43 1196 
79 20 39 51 914 
39 41 32 100 625 
16 10 18 9 414 
23 2 35 12 177 
5 81 82 55 871 
50 25 41 20 1093 
97 4 76 63 1113 
65 55 74 48 749 
70 39 54 31 954 
9 37 43 27 678 
5 35 59 28 1157 
99 40 86 80 322 
16 3 14 10 680 
14 36 57 18 864 
70 31 89 51 573 
69 29 53 77 785 
16 84 15 64 1054 
64 47 50 69 1149 
27 71 96 21 578 
69 27 46 75 802 
75 82 27 57 1067 
76 48 10 82 344 
72 89 11 15 152 
34 89 51 24 1145 
69 88 90 24 561 
101 37 70 4 978 
44 86 80 11 1110 
36 60 61 77 144 
18 39 70 41 297 
39 62 83 9 188 
82 77 24 82 1203 
89 94 4 11 1081 
42 81 9 102 1056 
88 12 2 25 958 
76 30 76 13 954 
32 20 51 100 103 
41 56 63 88 5 
68 64 100 13 43 
44 57 52 89 880 
39 33 70 54 468 
30 62 60 31 502 
53 3 13 4 836 
