2 2
150
21 24 181 
52 26 311 
66 81 284 
20 27 297 
75 25 38 
26 57 257 
19 84 270 
21 21 24 
17 10 289 
12 11 309 
97 79 387 
57 37 108 
92 77 95 
32 3 254 
9 64 177 
79 57 154 
51 55 364 
30 31 368 
57 2 13 
41 37 66 
8 56 288 
96 25 198 
80 20 361 
85 36 327 
42 89 333 
6 14 233 
64 40 215 
35 64 230 
89 69 196 
7 2 142 
25 53 163 
9 26 191 
94 15 161 
97 101 154 
51 68 76 
11 90 171 
11 53 362 
48 78 397 
65 74 377 
16 9 228 
2 75 74 
56 62 340 
42 35 258 
37 14 402 
20 70 162 
17 86 392 
40 80 322 
8 98 203 
48 79 307 
44 46 214 
56 79 25 
85 96 105 
22 97 26 
37 71 229 
81 76 158 
92 30 36 
60 50 358 
98 78 123 
79 96 316 
70 10 337 
10 100 363 
13 83 144 
95 36 300 
16 97 366 
92 5 38 
25 30 93 
13 57 203 
69 87 389 
67 60 6 
78 8 3 
50 53 354 
26 29 288 
69 70 379 
6 100 382 
37 46 217 
100 8 300 
23 56 272 
57 59 216 
35 43 57 
96 48 93 
36 19 115 
75 68 180 
5 69 311 
40 58 245 
31 9 237 
58 34 167 
44 69 213 
30 57 215 
36 95 384 
36 93 349 
59 75 90 
73 72 330 
68 64 318 
11 97 163 
99 85 400 
9 27 205 
97 79 41 
75 53 325 
72 8 254 
77 41 298 
52 71 311 
92 83 338 
40 61 155 
79 92 285 
65 35 292 
14 32 296 
57 29 277 
46 41 56 
78 86 92 
44 2 260 
21 92 94 
7 61 107 
66 9 7 
17 70 272 
14 20 356 
42 12 75 
10 60 309 
92 23 51 
7 8 124 
65 17 396 
63 98 241 
76 61 407 
49 60 301 
48 51 98 
73 41 240 
3 34 89 
28 38 304 
6 36 173 
90 31 284 
13 102 220 
98 3 377 
6 57 297 
10 40 241 
89 95 214 
46 65 40 
54 21 333 
55 6 303 
11 39 322 
25 58 253 
19 88 122 
32 38 237 
22 52 197 
33 69 346 
88 95 381 
65 41 175 
24 62 292 
35 38 45 
90 59 391 
82 89 262 
16 83 401 
