8 6
150
83 31 22 74 10 101 42 67 80 
7 45 66 93 64 5 83 14 613 
72 54 43 42 68 60 40 10 1146 
56 60 38 73 25 34 32 34 1098 
76 48 34 40 9 40 18 40 682 
17 84 98 26 29 93 84 11 679 
82 43 65 65 36 3 7 88 97 
72 36 22 34 62 32 15 9 804 
20 33 47 5 26 30 4 25 317 
100 31 32 47 92 16 78 52 1119 
29 14 14 33 35 23 32 48 56 
38 85 23 68 14 22 27 66 946 
13 79 19 37 63 13 77 9 700 
79 27 46 8 58 12 40 88 1164 
56 89 100 26 75 80 25 68 495 
6 34 20 12 22 28 39 68 902 
76 94 53 3 58 28 65 55 257 
62 32 29 13 30 28 27 74 943 
81 89 6 41 13 96 72 73 920 
42 69 7 20 71 92 38 66 1141 
46 54 33 74 63 22 60 65 450 
16 95 6 94 87 51 51 60 968 
72 38 83 59 33 87 53 26 1049 
18 44 63 39 77 66 35 83 236 
48 9 28 86 83 50 60 59 950 
73 50 84 58 71 13 13 69 342 
14 89 24 47 23 39 36 43 262 
78 79 20 42 61 6 31 5 623 
55 87 57 35 101 76 10 82 932 
5 63 74 53 27 10 38 23 1157 
99 3 89 91 52 42 29 84 978 
62 33 91 81 28 69 62 60 998 
75 81 89 50 40 42 63 33 987 
51 27 54 11 5 41 11 34 24 
66 66 37 17 8 19 96 50 598 
89 26 36 8 93 69 29 65 510 
9 52 65 48 31 21 61 80 699 
30 52 30 52 72 96 67 98 1154 
48 60 75 72 56 92 94 75 82 
48 45 36 86 85 42 99 4 1010 
41 20 37 18 58 30 62 68 1196 
23 39 56 42 43 97 75 82 69 
71 39 98 76 56 57 15 15 425 
25 46 70 90 55 70 14 29 950 
61 33 4 46 12 90 94 73 442 
54 9 5 41 13 4 37 30 796 
89 67 65 82 5 45 96 39 263 
32 35 86 88 30 16 20 16 611 
5 26 29 9 84 86 21 63 79 
34 86 35 68 55 27 5 27 756 
16 81 30 62 53 74 69 64 463 
54 68 81 91 23 99 54 33 48 
40 82 85 82 63 44 38 64 654 
90 66 82 61 85 5 54 6 434 
24 45 75 57 42 22 48 69 1164 
30 45 65 39 15 24 23 67 558 
81 36 20 87 25 91 21 81 1194 
60 95 84 78 39 20 63 32 1077 
32 85 41 65 36 95 49 11 230 
93 53 53 60 40 20 59 75 847 
19 39 22 86 38 63 25 90 917 
15 54 9 47 77 85 36 93 1007 
8 18 3 27 40 17 72 30 338 
49 2 57 66 20 65 51 46 1138 
70 48 49 80 42 48 21 36 696 
14 47 78 69 26 49 38 53 702 
71 95 101 8 16 9 36 78 1073 
22 51 36 45 99 33 92 68 553 
37 30 78 57 8 6 60 60 1015 
53 81 78 10 30 69 8 82 628 
96 64 34 42 46 66 60 100 1047 
25 71 51 47 79 60 4 3 281 
83 16 89 98 50 58 26 85 1183 
13 15 23 68 40 19 82 99 50 
15 97 86 14 99 10 20 37 1097 
36 9 4 21 8 29 46 26 811 
67 100 16 78 17 63 70 49 1047 
67 59 33 34 67 82 56 91 74 
40 72 19 81 80 15 68 92 930 
96 95 9 96 24 15 52 18 1201 
91 39 82 25 46 52 24 55 952 
61 4 44 24 67 19 23 8 671 
51 88 23 3 12 27 87 75 665 
80 73 37 20 84 51 84 66 639 
28 18 28 69 59 26 37 10 1089 
36 74 30 93 75 18 60 3 368 
79 90 28 57 39 73 97 46 1007 
45 43 21 95 42 2 67 97 1107 
31 84 31 99 68 5 38 54 18 
28 90 100 21 61 83 21 7 933 
28 74 80 57 74 14 44 95 819 
71 43 34 29 28 80 28 31 242 
3 83 24 26 21 88 71 71 690 
86 26 83 41 76 37 26 41 286 
14 76 12 19 56 75 38 69 134 
71 101 64 23 95 32 63 20 298 
56 4 55 94 88 5 58 60 843 
88 33 69 99 5 89 57 15 680 
12 86 28 51 90 54 77 2 855 
97 65 33 53 79 58 13 73 448 
72 22 90 9 62 98 6 52 439 
46 74 98 77 68 82 76 53 418 
100 7 17 3 19 88 35 64 1166 
40 36 55 13 89 34 53 86 1138 
69 5 26 32 47 39 18 33 352 
76 22 99 53 79 28 24 15 809 
24 71 5 5 76 101 3 68 198 
84 35 87 66 26 84 89 9 591 
12 70 61 80 87 88 59 62 510 
100 90 59 29 91 76 68 31 188 
92 67 31 27 31 81 23 36 1201 
46 12 98 17 66 72 80 14 550 
9 46 86 19 48 16 59 4 960 
61 57 46 13 100 97 69 99 521 
21 87 40 82 58 53 90 15 610 
47 85 26 90 51 80 31 62 1040 
33 74 21 17 70 29 3 65 961 
56 35 14 4 50 68 29 61 324 
8 28 90 35 32 34 66 14 237 
56 73 8 68 83 40 12 38 305 
25 6 19 14 82 96 75 35 979 
40 46 37 59 63 92 53 25 414 
99 100 45 89 53 58 10 48 1124 
74 90 54 77 94 15 44 6 682 
11 97 48 96 63 98 55 29 836 
86 99 12 18 17 60 6 14 469 
84 39 55 64 6 36 4 2 552 
30 65 54 24 18 59 36 44 343 
90 6 39 49 36 26 90 25 603 
84 58 76 95 73 81 76 62 823 
5 49 93 14 94 63 53 26 781 
19 64 83 55 84 74 33 18 112 
3 37 5 31 76 82 87 22 537 
73 37 95 74 50 58 92 33 1164 
39 77 14 78 97 12 62 73 752 
70 31 77 3 65 56 72 75 299 
67 76 75 13 30 73 19 82 1100 
73 46 16 27 66 52 79 96 506 
99 27 42 95 70 5 21 19 1124 
71 72 74 40 4 77 34 27 701 
24 28 49 43 61 17 22 91 328 
49 45 67 26 26 71 15 76 583 
86 74 8 73 94 13 81 50 124 
20 35 45 41 95 40 95 57 828 
96 58 68 27 75 82 78 74 899 
29 47 48 4 27 30 30 50 655 
53 53 37 38 64 14 7 4 688 
86 10 52 29 33 71 4 21 214 
83 62 101 28 96 22 40 55 34 
66 18 9 16 13 47 87 44 56 
