4 8
150
98 35 7 56 941 
75 90 42 80 506 
52 82 11 86 926 
89 36 39 100 1611 
79 100 78 101 890 
60 65 84 2 1248 
63 85 63 29 297 
71 72 30 61 717 
9 43 6 4 1558 
70 75 7 59 1591 
47 82 29 24 1583 
101 59 8 102 1630 
11 8 42 3 1143 
69 21 84 68 1434 
19 8 81 56 1493 
38 95 76 6 1418 
86 60 27 5 509 
83 57 41 32 318 
14 67 30 61 564 
3 3 5 34 464 
51 94 42 71 1314 
41 3 75 32 996 
7 85 4 15 253 
54 83 39 72 1455 
14 82 54 48 1243 
55 80 22 22 1473 
37 92 44 78 624 
95 20 57 24 1498 
82 84 11 71 232 
30 65 18 45 1355 
22 65 35 45 271 
71 42 95 95 458 
64 83 55 42 421 
17 43 28 77 367 
35 28 17 80 155 
32 73 84 34 779 
92 64 79 39 1150 
74 60 102 61 1131 
55 27 64 96 491 
101 31 70 45 1619 
90 39 43 23 814 
96 50 56 35 1420 
99 60 63 47 628 
102 6 18 72 880 
59 43 69 8 1132 
10 66 23 50 171 
2 5 41 35 983 
55 23 58 89 1251 
26 5 69 74 1173 
98 67 19 58 495 
97 15 100 92 684 
48 72 37 54 686 
32 29 8 25 1414 
96 21 30 87 1402 
80 50 31 95 493 
56 77 97 36 1205 
45 49 68 20 248 
89 7 51 93 228 
84 88 7 47 760 
99 99 46 88 1265 
79 39 34 72 847 
50 86 7 62 1430 
74 78 3 80 1611 
85 63 90 10 1619 
92 71 38 73 61 
94 45 86 49 543 
59 33 11 58 1580 
8 17 98 68 1100 
6 101 92 6 690 
9 87 29 48 1031 
38 11 38 88 1432 
10 3 62 68 972 
7 102 61 28 497 
43 68 47 83 1508 
70 67 24 42 1559 
92 81 35 31 1581 
10 18 40 86 1591 
50 97 25 70 1454 
8 57 32 9 1021 
6 43 65 75 28 
42 41 48 56 1548 
72 89 98 93 1590 
30 70 33 71 848 
91 64 77 31 1342 
48 46 79 94 1416 
16 37 17 80 1491 
52 18 61 30 925 
70 72 86 91 443 
63 101 34 73 995 
40 26 63 57 1201 
45 68 37 93 913 
99 65 56 69 1327 
37 75 20 101 782 
14 11 6 15 1365 
21 80 88 4 352 
49 14 8 33 802 
92 77 62 6 797 
86 83 70 74 980 
8 18 19 9 1501 
90 83 35 25 796 
31 22 50 73 891 
67 82 35 72 155 
87 59 25 20 1492 
62 15 16 53 1048 
33 42 34 55 1273 
5 63 81 12 544 
67 81 85 84 330 
72 29 91 52 1371 
6 51 101 64 1224 
51 95 101 18 518 
78 70 84 61 294 
91 90 97 95 838 
6 3 25 38 721 
8 76 43 100 354 
36 26 66 69 979 
84 44 72 80 479 
13 64 65 80 942 
100 99 26 66 516 
84 33 97 100 1309 
5 28 64 20 1126 
76 54 3 96 1600 
54 5 17 101 584 
49 21 20 66 663 
43 40 47 81 758 
11 53 79 68 653 
4 30 68 88 923 
59 82 53 11 897 
61 64 70 82 97 
96 84 26 31 1383 
65 15 34 60 634 
68 83 85 74 979 
26 77 36 57 1561 
25 40 31 45 1289 
69 69 11 11 1329 
82 72 67 75 852 
29 28 50 84 1255 
91 99 10 50 1484 
78 98 82 51 514 
86 30 16 87 1345 
59 55 84 52 289 
98 6 24 78 967 
98 18 13 22 535 
99 29 54 80 111 
29 32 83 54 49 
73 90 62 80 1585 
54 58 82 93 1559 
76 47 100 66 1322 
87 76 33 91 1550 
62 88 62 18 562 
60 77 38 80 911 
