8 2
150
15 62 76 33 24 101 26 60 15 
48 39 38 10 84 45 23 78 192 
90 20 19 24 42 8 61 83 340 
35 37 59 46 20 57 2 25 162 
17 28 51 84 17 8 51 90 343 
56 51 7 97 18 99 29 34 390 
76 93 22 70 75 43 18 93 96 
48 4 20 83 10 61 6 8 205 
100 8 4 13 74 54 24 7 129 
81 40 21 63 19 88 61 28 131 
21 49 56 9 68 26 85 6 351 
68 74 43 48 93 12 49 31 110 
95 65 21 70 48 70 12 39 217 
6 87 88 35 24 84 29 87 243 
98 93 42 80 30 71 68 58 135 
92 35 50 11 16 90 61 68 255 
15 53 3 88 99 31 73 81 77 
2 35 52 61 21 8 53 53 155 
89 17 37 52 5 92 37 22 20 
7 97 73 100 75 58 22 16 139 
60 12 96 13 9 52 52 67 97 
85 33 16 43 60 65 52 75 210 
29 65 50 13 54 79 26 68 339 
49 5 62 96 41 7 74 94 169 
46 78 10 88 102 40 68 54 362 
93 66 39 10 49 3 7 95 208 
88 49 60 19 89 43 68 5 256 
65 90 95 11 71 68 24 9 395 
46 43 66 12 47 101 91 36 10 
48 41 57 61 92 47 56 89 185 
85 29 91 68 21 99 77 5 262 
98 84 97 73 88 43 6 63 215 
89 77 4 61 30 55 41 23 261 
9 6 101 50 57 85 23 41 327 
10 80 23 69 37 44 37 95 214 
9 77 55 16 58 31 95 69 47 
45 26 101 38 29 101 35 70 403 
67 50 29 14 52 49 63 98 340 
33 22 42 62 25 37 3 34 188 
12 95 50 72 57 89 73 80 62 
84 74 53 25 36 70 45 72 184 
27 97 27 9 56 62 48 64 193 
73 85 3 65 38 96 55 25 305 
53 98 95 42 43 74 34 81 101 
34 10 88 74 19 55 92 78 153 
23 5 41 91 26 95 43 2 387 
16 20 38 58 72 13 95 95 303 
54 88 56 55 77 77 38 15 219 
63 101 69 50 75 62 59 34 80 
37 64 74 102 101 43 79 20 249 
90 78 41 77 81 26 81 40 367 
85 70 30 66 55 13 42 82 7 
30 68 47 78 101 40 94 60 127 
5 54 89 16 77 59 16 49 155 
17 88 22 45 70 37 72 76 260 
93 73 11 63 62 21 41 51 213 
18 14 79 3 85 23 95 79 351 
5 71 95 73 52 8 75 27 384 
83 87 100 12 8 27 76 3 354 
24 44 95 70 77 28 7 100 144 
63 16 5 101 52 94 51 69 23 
73 22 23 5 90 36 27 60 262 
57 7 8 54 29 84 36 73 144 
95 37 97 69 68 54 73 14 50 
93 84 37 8 63 41 21 5 333 
68 21 56 61 44 18 64 52 380 
31 11 88 23 67 81 59 58 130 
13 6 55 71 34 77 25 36 311 
31 51 46 70 34 26 2 70 214 
83 37 95 80 7 18 61 44 15 
27 71 19 58 51 8 9 11 407 
30 99 88 81 38 10 42 35 9 
51 63 79 65 23 98 29 78 88 
41 35 100 39 12 92 74 99 265 
61 75 102 40 63 26 26 74 293 
68 4 101 87 40 74 16 11 332 
29 65 50 23 32 75 86 70 312 
3 93 88 98 9 41 46 83 247 
4 13 2 55 41 52 27 63 303 
25 56 97 28 25 3 11 47 143 
19 40 45 29 56 94 49 24 330 
87 72 97 62 43 58 14 14 400 
83 76 26 101 98 71 101 64 61 
83 77 70 87 89 64 6 29 177 
19 77 60 10 8 18 71 42 373 
81 65 15 41 16 12 5 30 292 
13 20 45 77 30 94 80 68 194 
14 102 84 35 58 16 15 97 154 
42 75 70 9 32 58 79 21 404 
4 45 63 60 84 62 92 95 38 
3 45 49 68 32 42 71 58 163 
11 48 9 100 28 21 75 65 223 
5 6 90 88 99 11 95 78 95 
88 57 20 24 45 65 8 14 215 
92 77 45 30 40 75 18 70 299 
94 5 19 44 87 21 7 89 363 
22 16 47 40 75 56 19 85 9 
24 89 5 46 95 15 69 85 359 
13 77 68 17 72 31 37 3 296 
8 47 72 100 19 58 76 87 401 
9 54 4 91 13 57 74 97 332 
72 50 13 6 77 4 33 96 49 
25 8 46 18 5 74 84 13 156 
34 26 71 49 72 10 17 62 127 
88 25 66 12 45 77 50 68 215 
64 4 72 69 69 26 47 53 325 
56 93 51 32 8 2 20 41 290 
14 25 81 5 91 17 73 48 289 
50 15 64 71 70 39 21 23 39 
70 67 59 48 5 21 30 63 281 
84 57 19 66 95 6 7 38 176 
76 61 15 57 98 23 55 99 155 
19 87 25 14 13 88 93 52 303 
16 68 22 61 77 30 48 92 369 
56 86 22 60 66 34 96 47 254 
98 15 71 38 95 8 83 13 309 
48 72 46 33 75 45 32 92 285 
25 16 86 87 11 8 33 101 56 
19 61 23 93 19 68 26 97 153 
7 81 75 17 80 66 55 3 81 
48 25 13 80 31 76 65 74 127 
80 13 6 65 7 96 94 66 211 
57 57 55 80 9 79 8 27 50 
98 10 38 21 34 10 89 87 309 
4 42 32 49 30 47 37 47 341 
36 44 76 81 24 16 15 100 187 
68 70 18 36 74 6 64 68 261 
96 61 81 97 79 22 21 92 102 
23 9 29 10 45 64 96 74 340 
40 19 88 25 8 36 65 22 72 
61 70 70 29 87 64 84 42 352 
6 40 67 56 62 34 91 94 370 
20 61 26 57 42 102 23 26 201 
80 74 55 47 34 58 5 61 93 
59 97 24 68 28 5 77 92 139 
20 85 59 56 36 17 46 47 253 
95 7 30 70 8 63 15 6 281 
35 61 8 11 54 3 12 34 396 
70 54 35 23 81 52 68 4 168 
94 26 40 40 3 89 96 12 224 
96 91 91 64 55 24 36 44 125 
30 11 34 58 46 4 20 78 377 
31 74 27 80 4 6 22 23 327 
33 97 60 21 17 44 48 17 176 
10 8 101 12 89 39 22 40 379 
11 38 81 38 23 28 97 67 156 
31 18 89 87 44 34 44 5 194 
75 11 97 92 12 31 61 11 284 
95 21 87 90 60 65 13 13 347 
3 97 76 34 26 52 6 19 405 
