6 2
150
100 76 102 101 74 27 71 
11 44 57 25 53 38 372 
13 20 34 72 95 58 116 
52 52 67 62 80 19 368 
97 6 96 88 35 95 122 
95 57 16 24 100 69 25 
27 73 8 31 53 39 100 
18 52 2 87 43 95 199 
26 37 41 96 10 29 58 
39 62 40 20 45 63 74 
65 20 50 97 91 24 102 
82 61 33 29 81 68 324 
57 96 2 94 101 83 281 
22 77 30 92 42 94 360 
12 70 13 10 78 8 217 
34 54 92 54 73 26 182 
77 9 69 31 63 36 338 
68 39 28 46 82 51 178 
45 23 8 50 32 38 283 
93 23 21 6 62 28 96 
45 13 42 30 59 26 182 
70 63 63 82 59 7 181 
32 87 66 98 59 12 362 
33 86 5 43 89 77 343 
89 50 27 3 10 62 97 
29 87 18 25 27 101 306 
62 47 71 75 33 27 249 
37 58 10 4 19 36 50 
29 39 90 72 51 62 332 
15 38 80 51 48 23 17 
102 50 75 35 13 16 290 
41 37 69 58 52 25 210 
94 19 101 93 27 14 3 
50 30 55 77 40 96 194 
11 92 26 87 7 59 145 
10 37 72 8 22 43 357 
4 22 15 101 39 32 84 
20 81 60 23 11 6 211 
22 21 59 74 22 26 124 
46 46 73 47 68 18 347 
84 31 87 7 73 15 189 
10 42 78 3 66 29 371 
13 68 67 97 56 86 358 
18 14 36 2 19 59 238 
78 44 56 73 16 37 150 
52 75 18 40 93 7 50 
82 83 73 59 98 41 137 
80 9 52 14 34 99 270 
19 54 7 56 58 90 131 
100 24 32 52 94 57 249 
95 51 59 65 80 78 150 
33 64 45 23 20 27 401 
37 6 61 84 40 72 136 
23 13 86 37 19 82 334 
61 43 9 6 86 74 348 
60 95 51 56 23 32 350 
91 63 35 39 65 35 255 
20 73 70 56 86 30 294 
40 75 30 63 98 57 294 
24 38 18 36 55 15 318 
14 12 30 19 43 49 130 
51 53 100 56 49 21 170 
72 41 52 2 46 15 80 
22 23 95 27 77 16 277 
27 19 5 13 22 87 27 
64 42 39 45 83 42 364 
24 32 9 51 37 33 213 
99 68 36 10 102 61 375 
90 37 94 68 35 66 100 
36 96 46 28 37 37 34 
101 15 59 66 75 32 398 
93 89 78 41 85 18 116 
53 72 5 23 28 16 300 
8 48 80 49 79 67 359 
38 65 25 3 98 46 400 
55 79 46 29 30 96 396 
50 18 29 52 50 98 341 
26 43 8 11 23 37 381 
69 81 18 98 67 12 228 
26 55 41 90 74 32 397 
95 60 96 100 22 78 236 
32 53 99 31 71 6 47 
24 20 94 77 12 7 352 
100 30 33 65 87 43 100 
65 90 65 78 68 88 129 
85 14 13 3 60 38 153 
30 21 70 98 7 47 11 
37 49 15 64 28 13 390 
32 65 37 37 37 35 273 
65 37 54 6 20 82 158 
8 83 76 53 71 51 283 
11 65 69 82 99 24 118 
43 52 16 42 77 38 218 
50 78 68 25 5 72 266 
87 17 95 89 67 66 118 
67 41 13 59 64 28 87 
2 70 58 41 13 40 91 
87 40 65 45 46 87 236 
7 10 31 68 81 6 101 
50 77 94 34 60 102 311 
12 5 85 15 12 34 197 
11 12 86 93 34 45 407 
79 31 46 23 80 73 246 
34 84 93 85 24 98 216 
95 65 9 55 40 48 304 
37 82 32 36 55 12 394 
99 46 77 48 63 27 290 
47 50 13 82 31 18 322 
23 95 32 90 38 97 65 
49 79 40 96 99 27 173 
51 16 88 27 63 66 142 
40 18 39 63 74 84 195 
17 98 75 11 32 97 57 
89 102 49 19 16 83 204 
69 39 54 66 101 31 393 
36 27 57 70 54 46 341 
79 95 29 66 16 70 134 
83 67 87 69 32 30 252 
17 41 10 49 85 87 288 
81 87 99 75 55 53 330 
73 21 43 80 53 32 44 
8 22 55 3 15 19 352 
74 69 99 71 2 37 80 
87 48 23 72 62 15 401 
10 32 93 63 19 54 41 
48 46 92 81 100 53 36 
21 57 48 71 69 86 29 
20 102 5 55 18 64 352 
74 22 10 93 19 14 401 
92 64 42 98 68 79 106 
26 9 92 4 86 13 270 
94 77 2 95 31 94 369 
32 90 10 2 92 26 304 
25 84 90 83 41 12 121 
95 8 75 4 10 83 385 
95 15 52 35 53 22 328 
47 10 101 90 22 10 245 
76 34 98 78 55 53 4 
27 4 23 47 3 39 403 
72 29 93 23 12 98 153 
76 60 70 41 5 96 319 
76 91 95 21 4 71 78 
75 79 28 57 32 96 275 
13 31 90 52 86 84 308 
82 10 69 12 14 25 407 
77 30 39 52 59 24 210 
15 30 28 101 69 82 394 
52 67 69 82 4 72 259 
30 82 91 22 14 5 383 
84 28 10 92 49 21 403 
