8 6
150
68 71 9 63 13 13 98 52 411 
28 34 31 99 94 36 73 69 852 
50 36 35 4 96 78 90 60 235 
11 48 92 91 22 92 80 23 259 
68 92 3 54 18 2 48 61 139 
30 72 15 30 77 102 28 67 1088 
20 66 76 33 74 55 94 89 53 
46 39 15 41 21 72 15 7 946 
70 98 20 35 57 37 67 62 1082 
8 83 73 92 65 57 3 62 704 
49 37 20 51 62 31 98 5 270 
101 91 53 45 17 72 25 60 839 
73 87 11 41 68 14 66 89 76 
35 56 76 60 40 61 15 69 851 
61 22 38 91 39 55 16 69 877 
39 65 68 3 69 7 89 32 922 
51 10 71 8 86 75 25 65 603 
50 43 53 94 32 50 3 65 472 
34 84 50 58 27 101 42 29 295 
42 34 88 70 73 10 86 66 719 
2 56 37 65 68 76 5 67 318 
23 47 35 20 2 6 69 56 592 
30 95 85 72 67 59 51 85 379 
65 82 72 45 10 68 91 3 118 
5 71 18 76 55 62 75 22 1000 
93 23 34 84 4 19 61 58 877 
78 32 90 80 16 85 45 42 1041 
58 79 39 69 31 101 97 66 1052 
35 56 42 24 99 48 78 60 757 
101 84 81 55 86 54 96 15 867 
23 27 56 34 32 15 77 19 519 
47 26 94 34 89 40 33 29 29 
34 56 35 44 5 59 24 46 719 
8 5 95 87 75 17 31 75 473 
34 3 26 29 49 82 6 33 415 
71 69 97 43 24 60 52 64 733 
40 81 25 99 13 88 56 71 169 
51 62 53 79 6 15 101 101 320 
81 7 8 55 41 74 25 54 951 
66 68 83 38 37 13 58 93 1155 
18 36 92 40 75 81 68 56 869 
85 94 65 83 43 25 34 74 704 
55 87 42 53 77 60 10 92 37 
34 15 27 42 24 15 21 85 790 
38 43 34 30 89 86 3 42 736 
17 85 26 60 6 65 55 4 75 
56 67 62 33 31 85 78 36 504 
48 45 73 52 64 60 61 97 375 
28 28 100 58 52 36 100 96 91 
81 76 11 64 89 21 9 67 221 
7 7 14 51 54 55 45 57 1193 
91 66 22 68 101 11 35 30 936 
10 100 17 27 35 37 78 99 728 
34 86 58 53 45 99 42 56 1109 
21 79 76 47 15 97 39 11 359 
89 14 77 3 31 61 45 101 819 
5 81 74 78 75 57 96 14 874 
44 40 23 25 28 47 20 16 616 
5 65 87 22 90 26 8 91 1039 
86 33 56 99 10 46 32 40 921 
21 44 7 21 54 3 26 97 865 
10 66 89 32 85 17 11 42 446 
83 84 93 50 72 86 72 11 987 
19 47 32 79 95 90 72 101 876 
48 85 13 86 99 95 56 100 313 
100 56 50 41 90 70 10 51 679 
87 73 74 23 51 44 22 9 618 
43 33 73 100 62 85 46 65 696 
27 99 87 100 96 74 60 73 676 
34 80 59 64 71 46 35 87 343 
101 27 36 70 66 92 45 15 817 
57 102 96 67 97 26 13 85 636 
72 89 79 2 65 80 89 90 349 
95 81 65 29 68 77 58 47 477 
25 59 35 97 57 83 7 5 876 
63 70 85 35 53 88 94 65 1204 
53 101 64 58 83 78 64 52 418 
6 30 36 21 11 52 87 91 318 
21 77 34 98 97 61 8 28 253 
47 61 30 79 37 5 79 7 557 
79 69 78 59 35 8 49 4 926 
39 44 60 35 50 64 62 75 1071 
69 57 7 4 52 57 57 19 1103 
8 29 95 34 44 6 7 10 271 
52 63 44 28 51 95 86 71 1024 
64 14 13 68 19 64 17 12 615 
43 77 19 23 4 18 17 43 912 
85 8 2 56 30 42 42 12 147 
47 42 8 14 21 83 74 95 54 
81 42 12 33 18 34 56 66 411 
7 32 61 28 13 10 21 3 780 
86 10 87 73 28 9 52 72 853 
46 31 58 38 51 11 14 39 18 
66 53 91 70 102 66 9 37 985 
54 21 32 100 95 20 19 90 1038 
22 10 16 5 84 48 65 12 430 
79 71 82 53 16 76 8 56 609 
76 18 11 23 66 93 28 99 625 
42 48 38 40 21 63 26 94 354 
89 63 72 45 7 92 31 31 803 
2 4 7 58 94 41 70 45 885 
78 101 46 25 79 86 97 25 782 
101 41 52 21 29 24 47 21 1141 
82 33 13 21 94 37 28 28 1168 
48 86 56 99 72 79 91 50 1143 
87 67 86 87 50 84 28 32 1102 
18 83 77 85 12 75 48 90 143 
64 59 9 11 99 52 91 51 470 
12 4 71 75 32 81 30 62 665 
11 97 85 30 95 64 47 12 561 
22 65 76 83 54 84 67 29 1109 
89 79 70 36 98 101 46 18 347 
23 45 52 98 57 52 21 39 1141 
31 35 66 46 66 89 7 71 1056 
66 30 52 89 10 5 90 44 1022 
89 77 101 86 86 79 36 26 824 
98 26 10 26 65 17 91 38 1148 
28 45 15 83 31 29 15 82 1078 
80 36 37 49 10 15 69 34 757 
96 47 51 89 12 42 22 11 554 
80 42 68 37 100 73 11 64 1213 
73 8 48 74 73 6 91 58 1104 
34 51 17 97 59 33 55 97 1118 
46 41 35 75 63 22 84 37 487 
25 46 38 65 39 49 16 98 319 
18 25 76 47 100 56 51 89 742 
32 85 85 37 84 6 82 67 276 
68 99 47 27 91 38 66 68 150 
56 71 13 71 83 63 7 39 877 
19 101 43 81 26 75 62 54 640 
59 90 64 34 85 74 26 49 1214 
83 93 35 41 83 34 44 97 225 
51 63 3 24 32 47 34 65 808 
84 90 75 74 67 39 86 10 962 
52 24 88 41 47 36 64 26 564 
40 80 20 11 39 31 57 12 1120 
53 37 60 20 2 22 8 44 727 
28 10 28 98 57 75 56 94 895 
35 13 18 69 62 8 101 96 1039 
50 75 53 46 19 57 48 34 894 
23 34 23 68 34 4 77 38 196 
22 44 25 47 57 47 58 24 1218 
77 86 77 54 21 9 37 61 849 
10 85 93 73 53 25 102 35 731 
54 69 81 16 94 27 92 80 636 
64 4 20 9 90 97 58 73 595 
100 71 15 17 32 75 35 69 650 
27 52 93 2 47 24 87 6 681 
23 63 94 52 64 43 57 76 694 
53 3 97 99 17 82 76 4 782 
