8 8
150
41 62 20 62 35 7 59 84 1197 
32 84 90 47 14 62 18 83 870 
49 42 73 64 6 36 14 42 1514 
13 39 9 36 62 84 20 59 134 
14 100 51 13 102 88 47 68 1444 
81 9 67 91 65 80 83 90 940 
45 79 59 86 50 95 15 48 724 
68 98 24 7 28 57 54 6 1344 
7 38 42 87 19 40 47 35 550 
30 24 77 31 55 74 27 78 1313 
53 30 52 58 101 56 44 80 1146 
68 76 82 12 39 60 98 78 849 
19 60 62 21 41 17 61 87 390 
72 40 45 52 82 53 77 3 1254 
35 51 39 88 45 41 70 81 973 
55 19 87 18 35 79 22 10 296 
23 34 91 36 99 15 32 74 665 
30 18 95 32 38 38 84 65 452 
17 33 17 23 54 62 58 8 1109 
41 55 7 68 32 75 35 56 1124 
90 100 54 26 58 73 100 42 1023 
68 26 84 51 37 71 51 7 1254 
5 2 82 31 81 93 47 94 306 
37 64 88 23 99 84 69 96 1067 
78 93 77 46 24 14 99 91 1332 
88 92 21 38 19 27 98 31 869 
90 60 22 62 80 66 54 65 1280 
78 48 29 101 84 43 6 75 236 
4 62 80 71 34 91 12 61 31 
102 101 47 63 27 70 31 81 577 
48 17 14 13 93 61 35 23 715 
57 89 10 80 34 46 13 96 1136 
77 22 28 32 53 21 64 55 1040 
36 17 23 61 72 5 7 60 945 
4 93 70 21 38 14 47 57 1175 
96 24 69 3 53 33 100 56 967 
11 17 67 95 50 41 98 101 91 
25 97 19 7 75 76 88 11 58 
3 58 86 16 87 97 49 71 506 
99 35 66 92 63 18 46 98 696 
95 11 44 31 25 38 8 24 979 
57 91 51 95 17 44 29 99 1598 
77 97 32 71 48 82 10 101 1090 
43 35 36 2 63 78 34 95 1625 
63 74 35 50 10 65 38 94 1304 
84 6 20 24 65 66 21 71 21 
14 26 65 65 23 27 71 67 1463 
28 57 30 74 63 24 45 68 407 
67 29 89 70 36 55 102 28 1544 
51 21 72 72 84 94 77 22 1127 
38 101 53 10 80 45 75 12 605 
54 12 45 97 81 99 42 55 673 
16 46 92 12 65 97 32 22 753 
22 58 75 37 99 43 55 8 1104 
76 59 51 47 97 26 18 50 271 
53 56 42 75 32 30 53 63 1226 
81 28 38 57 80 60 99 55 873 
65 19 14 4 44 75 31 67 1566 
94 71 52 68 96 17 81 81 1086 
8 48 28 47 86 38 68 76 1314 
34 21 81 93 50 43 73 55 508 
6 51 14 69 46 67 34 61 1502 
27 15 34 23 78 101 94 92 120 
29 20 35 78 38 70 95 99 751 
19 3 23 10 97 43 86 77 484 
57 42 4 63 15 27 46 43 993 
50 13 45 82 102 60 36 46 565 
100 30 15 46 76 49 21 18 950 
73 19 20 94 39 3 72 39 822 
7 68 8 10 35 97 9 46 1414 
5 38 4 65 76 53 8 88 768 
18 12 68 57 44 99 69 75 385 
44 58 76 44 13 64 10 31 1267 
31 93 97 20 39 32 62 18 1300 
59 10 45 69 88 54 56 55 436 
87 53 25 11 43 62 74 67 1438 
15 63 28 41 57 47 76 79 1549 
54 100 75 38 96 28 19 12 1066 
82 77 73 24 89 59 38 25 1274 
56 21 52 38 49 75 44 49 897 
56 20 54 100 95 10 59 5 906 
55 51 58 99 94 33 96 93 1455 
19 93 76 70 5 34 69 22 949 
47 18 53 3 96 49 74 65 1507 
15 85 84 65 67 87 4 84 1216 
24 59 29 21 43 57 85 26 918 
83 88 17 22 32 75 52 13 1413 
6 55 56 11 27 31 41 83 145 
9 57 28 91 69 23 60 48 1018 
33 29 77 98 19 72 93 92 1264 
80 95 54 11 15 56 100 100 482 
22 14 34 100 82 62 49 79 1135 
32 94 21 96 64 87 13 21 1384 
14 10 38 86 21 37 54 63 1437 
59 100 44 74 93 71 93 40 547 
32 35 49 16 51 42 3 62 1599 
60 86 33 69 100 96 71 88 1460 
96 38 96 99 48 21 74 92 1288 
29 60 4 52 4 26 53 83 1405 
40 99 61 97 85 60 39 95 1252 
59 91 102 50 5 6 82 100 21 
42 35 89 29 44 62 64 75 36 
98 10 84 9 18 19 9 33 1451 
33 100 55 38 62 55 45 17 8 
81 81 57 99 73 7 25 14 777 
101 13 57 101 36 12 58 43 1390 
97 52 76 85 43 74 17 51 1620 
50 6 75 36 87 29 61 85 1538 
49 101 40 79 86 6 72 10 331 
36 33 67 45 81 21 69 50 1066 
29 98 40 85 84 24 8 77 123 
76 67 28 30 42 53 18 11 683 
49 20 68 71 15 35 54 84 285 
37 7 27 56 69 39 64 34 1410 
58 66 19 18 73 10 99 97 713 
96 8 94 15 30 72 80 22 481 
101 60 85 8 33 2 6 73 1155 
85 22 100 90 68 9 67 62 746 
27 33 49 60 74 20 91 59 1242 
28 23 79 57 78 49 10 65 1224 
6 53 34 19 14 2 40 16 1220 
48 8 41 86 50 70 26 55 1449 
85 43 87 67 19 76 26 81 807 
96 30 46 53 82 6 35 63 148 
15 10 22 48 22 60 45 45 837 
39 44 75 11 32 25 60 28 362 
92 41 36 61 94 35 53 46 1406 
32 97 28 38 54 89 61 13 728 
71 38 22 29 23 75 25 89 603 
78 87 100 23 95 57 83 45 368 
77 57 18 88 97 79 74 15 792 
27 3 92 88 51 21 81 91 1460 
4 65 20 63 38 7 98 77 952 
90 12 4 73 56 11 67 86 926 
31 85 43 45 57 10 27 99 1405 
49 92 38 81 44 6 67 82 1299 
7 16 20 13 92 23 21 86 56 
49 56 49 83 24 67 64 52 99 
51 60 10 11 38 41 21 52 1382 
24 11 70 100 8 77 31 62 1140 
40 20 95 22 27 73 7 80 708 
41 68 71 73 19 94 100 19 348 
73 97 81 82 94 42 38 98 1216 
37 51 50 74 54 64 97 26 526 
15 30 35 39 6 59 98 82 1369 
18 54 95 78 101 91 55 60 1049 
93 61 29 54 86 31 98 72 478 
97 69 16 9 77 95 61 87 1439 
90 36 93 23 86 14 59 22 731 
84 61 52 60 21 96 100 6 1065 
