8 8
150
95 91 10 78 65 82 38 78 290 
4 81 67 65 30 94 69 68 1480 
79 65 22 57 15 11 63 31 418 
100 79 25 48 25 48 32 23 742 
38 69 69 89 97 86 56 28 378 
30 9 21 79 93 59 50 32 558 
100 40 79 101 17 36 56 40 1623 
96 58 58 21 35 9 48 33 1626 
26 93 71 38 2 88 88 35 361 
8 23 88 69 100 95 14 35 1349 
71 39 53 35 35 58 87 62 1152 
69 11 76 14 32 62 59 26 645 
68 64 40 93 16 85 14 50 283 
15 30 60 66 9 2 26 80 1526 
50 93 60 14 53 42 18 21 381 
50 96 93 28 11 76 55 48 1160 
47 80 25 71 23 87 41 74 528 
15 5 4 76 90 55 69 11 536 
83 55 13 100 77 97 61 66 868 
29 89 20 85 12 63 31 82 1629 
72 81 72 75 75 81 10 5 259 
23 75 9 40 61 2 44 74 1518 
62 49 5 31 11 59 34 15 1378 
16 32 95 44 47 10 55 99 486 
65 10 82 34 92 75 81 40 1483 
48 91 30 20 44 40 70 71 536 
99 43 72 14 43 62 97 96 1195 
25 81 30 101 87 65 72 81 1037 
15 31 59 32 52 73 69 88 389 
59 97 90 56 76 78 77 58 906 
62 53 69 22 39 97 101 58 965 
65 49 6 67 50 65 77 57 659 
77 69 93 101 48 58 39 40 1614 
87 70 7 53 26 31 9 13 453 
98 95 94 64 33 96 14 6 623 
22 94 49 27 82 21 38 102 1445 
66 63 7 14 85 100 98 16 1428 
56 14 26 77 60 39 38 81 1014 
50 15 39 99 89 44 19 19 764 
54 63 91 89 17 26 42 45 812 
25 86 12 96 68 19 8 60 1500 
16 46 36 12 91 3 59 90 1417 
54 69 76 65 96 68 54 47 871 
101 69 98 102 37 17 90 15 1543 
54 57 49 22 93 30 52 5 1189 
15 43 74 90 32 30 39 90 1247 
78 62 92 46 44 23 65 10 1493 
98 17 12 21 24 78 8 7 540 
42 34 78 48 15 93 95 40 56 
84 12 39 71 65 48 40 14 871 
7 10 15 28 59 85 39 57 1441 
65 96 21 97 84 27 97 99 922 
3 32 49 100 53 6 20 84 1593 
56 29 54 65 82 12 25 4 1571 
22 16 77 95 10 60 5 32 719 
86 88 30 14 76 67 92 40 1334 
8 8 59 11 10 77 87 85 459 
38 2 16 11 75 82 31 76 1366 
83 10 24 91 97 23 62 36 1558 
71 45 54 89 75 45 31 19 1556 
41 14 8 3 9 28 32 69 485 
32 77 16 50 85 2 83 11 486 
62 19 13 38 51 76 81 18 655 
78 51 29 73 82 58 87 92 1021 
80 82 3 98 62 30 94 32 952 
84 23 62 54 8 66 15 71 1628 
86 5 64 33 23 93 88 56 299 
5 60 97 60 65 95 40 5 469 
31 66 59 85 46 21 18 100 1550 
82 25 45 65 61 13 58 3 1422 
2 49 61 12 12 7 12 91 1165 
65 26 60 69 17 4 38 86 79 
44 4 61 45 17 26 98 8 506 
77 42 102 86 3 64 7 40 929 
72 21 56 54 75 58 50 55 1197 
39 15 11 43 29 76 9 16 1617 
31 59 33 37 16 7 76 37 796 
73 81 25 98 64 79 47 68 1065 
53 92 31 5 97 64 52 61 1515 
24 36 15 27 79 90 65 79 1315 
28 36 7 51 80 40 9 79 1210 
52 42 53 34 97 63 11 58 385 
72 28 64 71 87 57 14 54 10 
37 48 4 37 35 87 98 22 520 
62 4 15 93 98 20 90 102 313 
44 92 41 54 18 24 66 95 840 
21 59 51 52 39 27 39 73 500 
75 17 9 68 37 78 31 51 884 
13 81 31 46 83 87 38 72 1012 
64 85 32 82 73 43 35 80 1028 
84 12 66 89 55 27 90 18 1384 
14 78 57 65 25 69 70 55 220 
24 77 78 66 17 70 65 78 1441 
3 95 46 68 35 60 15 49 636 
92 25 28 6 58 67 2 25 1534 
9 100 62 65 14 20 29 13 46 
89 20 97 99 26 79 39 89 374 
43 48 45 99 52 79 30 80 489 
89 20 22 13 66 93 76 58 1266 
31 40 82 28 41 23 57 28 468 
46 95 101 51 70 70 44 61 1268 
53 12 50 85 36 37 90 42 1530 
85 78 56 6 25 70 102 10 807 
44 17 8 24 44 27 50 87 1373 
33 41 52 53 70 7 16 25 759 
32 48 5 48 40 101 29 74 812 
77 41 73 33 51 62 21 2 720 
73 31 69 25 37 52 53 60 19 
46 34 10 51 92 102 23 72 1020 
48 99 80 9 97 73 77 75 740 
16 101 92 92 34 70 63 44 1540 
81 9 13 56 97 82 100 85 650 
44 28 51 73 12 80 99 75 55 
68 66 36 99 50 63 7 39 955 
13 56 102 42 90 50 8 44 1040 
54 94 4 100 11 13 33 35 772 
98 45 91 14 95 61 67 97 1278 
63 84 60 51 51 60 23 90 482 
42 4 40 3 67 70 17 48 1316 
4 71 57 25 68 17 16 10 1535 
71 101 63 42 77 95 72 47 985 
7 4 45 46 78 23 84 93 504 
11 97 80 23 99 49 81 65 425 
25 40 18 45 37 43 66 54 1443 
70 102 30 47 33 22 9 11 712 
39 60 94 36 43 77 86 7 210 
18 50 4 16 64 13 69 49 118 
46 64 69 4 82 26 35 16 1484 
5 66 66 60 16 90 5 43 95 
36 91 99 43 61 32 30 50 66 
88 56 40 19 80 86 15 65 770 
79 37 80 70 3 29 86 83 677 
50 60 36 17 13 22 7 35 946 
12 5 6 39 76 34 23 49 981 
55 88 88 82 47 53 42 29 104 
30 68 90 72 58 79 91 82 1464 
72 74 45 20 13 46 28 5 975 
46 42 63 48 49 57 69 34 1549 
57 70 15 85 76 86 16 79 1100 
72 41 49 28 50 96 44 53 1222 
19 37 77 44 56 44 93 99 1418 
47 84 21 35 6 27 85 35 191 
79 88 100 61 6 36 79 58 1036 
15 20 94 69 5 98 82 52 1586 
22 16 17 72 94 79 99 71 1554 
50 39 38 24 45 17 85 68 1050 
79 61 32 43 66 100 81 80 1294 
97 80 81 25 55 56 29 65 315 
99 8 96 22 63 38 41 31 314 
29 92 76 79 86 40 34 5 1485 
