2 2
150
22 97 97 
43 7 389 
76 7 41 
50 45 333 
32 30 189 
15 92 23 
87 58 95 
63 43 362 
21 24 48 
31 52 382 
69 51 250 
31 49 216 
18 83 93 
87 87 386 
89 79 154 
87 46 279 
43 18 349 
4 67 406 
51 61 223 
37 25 341 
86 47 223 
18 83 383 
23 3 332 
95 100 39 
85 2 290 
30 76 260 
53 36 319 
45 90 142 
10 67 344 
64 82 359 
100 83 238 
41 3 164 
42 73 392 
45 66 176 
89 50 75 
78 21 266 
31 22 344 
93 86 363 
7 43 236 
22 10 67 
12 61 84 
95 97 72 
53 46 405 
33 90 15 
69 10 285 
37 58 163 
18 34 189 
21 35 246 
6 9 397 
71 36 245 
84 22 259 
82 36 23 
25 96 217 
3 27 307 
68 100 132 
83 25 310 
21 72 346 
20 6 310 
72 92 108 
62 92 358 
22 84 43 
41 51 279 
42 89 302 
67 15 257 
89 18 30 
73 55 145 
30 25 343 
23 52 260 
77 67 69 
89 12 178 
81 64 18 
67 83 177 
67 29 201 
66 43 149 
4 56 236 
24 33 359 
71 101 153 
93 34 274 
6 101 132 
48 66 343 
54 55 314 
32 88 205 
61 23 143 
66 8 110 
88 66 333 
50 21 390 
8 55 138 
30 21 49 
8 90 124 
39 64 336 
13 21 255 
67 14 361 
61 74 281 
9 65 42 
55 7 380 
13 7 279 
88 58 325 
39 42 48 
53 25 140 
67 26 398 
22 24 244 
54 55 355 
66 23 213 
95 90 195 
29 101 367 
26 77 56 
21 98 341 
64 53 27 
5 77 321 
53 17 362 
56 96 194 
73 89 168 
52 3 215 
8 48 342 
18 94 275 
34 12 171 
23 29 199 
23 49 119 
16 60 290 
55 52 320 
10 15 28 
65 41 385 
2 57 47 
51 75 303 
63 14 201 
102 48 240 
41 73 264 
39 32 357 
42 36 195 
20 59 122 
72 99 210 
76 100 138 
79 55 220 
75 34 223 
33 75 220 
76 62 141 
82 17 53 
14 17 322 
16 73 340 
21 25 22 
49 84 401 
84 81 313 
25 89 61 
18 24 378 
7 68 162 
12 8 235 
36 68 302 
15 41 175 
19 60 336 
75 63 109 
