4 8
150
40 14 89 51 821 
85 91 46 55 658 
6 40 83 83 792 
52 72 20 35 1108 
57 98 98 35 374 
87 42 85 89 995 
69 31 42 69 38 
66 63 15 47 431 
43 9 20 45 1145 
32 34 83 33 1366 
63 6 71 78 1045 
44 18 56 28 1072 
45 7 59 94 1199 
76 100 16 81 1383 
90 59 75 9 441 
50 80 55 65 1511 
55 60 54 5 2 
65 63 66 5 985 
50 10 89 81 1354 
37 52 28 72 1561 
35 20 5 48 1557 
6 32 64 52 264 
66 65 93 36 216 
87 56 56 94 174 
16 36 13 20 597 
83 72 96 26 1493 
100 54 85 69 981 
37 58 8 10 1563 
34 101 16 89 1573 
88 19 55 68 1600 
84 98 36 61 1334 
101 9 86 12 241 
36 38 40 60 299 
14 81 25 76 1283 
31 50 48 98 1276 
17 21 27 24 833 
66 19 30 28 158 
4 20 26 88 1000 
30 73 98 95 1003 
98 62 58 70 1379 
8 96 81 90 1126 
36 52 39 83 1083 
82 84 64 61 831 
19 10 15 50 269 
96 58 40 15 829 
60 54 55 37 1339 
57 65 58 39 733 
72 40 42 59 1234 
54 83 45 21 1334 
48 11 39 44 721 
90 49 10 54 1480 
53 58 69 39 185 
84 99 4 101 183 
19 28 27 16 1316 
81 70 58 75 1053 
15 15 20 33 82 
51 17 13 93 1538 
10 57 6 49 1539 
16 73 5 47 1528 
57 80 46 10 1064 
22 86 25 64 1056 
22 93 37 90 1267 
40 40 38 34 1020 
69 88 14 7 53 
64 24 80 22 1083 
10 67 13 81 157 
37 71 12 68 1388 
67 94 51 28 1215 
19 22 18 71 924 
79 38 73 85 438 
71 69 41 7 60 
100 8 5 97 926 
57 82 58 80 698 
71 29 72 49 1595 
77 39 87 32 1407 
44 7 11 65 1462 
74 95 30 55 666 
70 32 7 64 1420 
61 91 56 71 313 
39 66 40 28 1434 
51 68 26 87 851 
34 83 10 21 1011 
95 99 42 8 1379 
64 54 5 39 1214 
40 24 10 62 635 
88 86 18 13 811 
79 69 85 77 658 
8 71 45 2 153 
89 24 88 2 1542 
64 51 50 87 930 
86 63 3 54 807 
29 60 66 48 1080 
50 67 99 71 1380 
27 16 67 68 1274 
95 12 5 30 1423 
19 38 10 68 1251 
39 38 33 56 1070 
18 68 32 28 219 
50 6 98 36 1002 
24 27 19 18 1128 
50 86 84 9 1038 
76 60 75 67 536 
93 53 101 72 471 
14 36 45 6 1113 
61 86 41 54 484 
91 16 70 69 1064 
94 21 94 98 468 
56 55 26 93 1489 
60 95 67 95 371 
100 7 29 8 804 
90 84 15 50 164 
66 46 32 79 1216 
63 92 8 102 668 
73 61 4 43 1225 
61 12 54 15 165 
68 20 48 32 519 
86 89 65 20 1262 
12 8 46 88 1051 
11 25 49 18 499 
70 89 68 54 841 
41 5 87 32 1476 
80 32 2 40 720 
48 100 2 48 1484 
76 29 91 25 508 
67 17 18 79 1073 
37 66 37 84 679 
81 55 96 80 1510 
83 4 34 29 1627 
82 8 9 44 302 
13 25 3 27 927 
44 101 45 23 1417 
27 89 11 67 899 
16 97 20 98 1068 
95 7 24 55 170 
74 96 63 25 841 
61 10 76 60 896 
14 65 12 27 1630 
82 12 75 93 1110 
96 95 70 74 1400 
87 90 12 79 414 
8 3 50 17 1382 
49 39 22 72 461 
18 16 52 12 696 
53 87 95 98 1395 
85 34 33 87 276 
81 29 91 39 1089 
73 100 99 35 794 
14 17 97 43 858 
45 92 5 65 842 
82 45 60 32 564 
