2 8
150
42 35 1376 
63 37 1432 
61 10 1175 
2 83 1444 
3 11 1201 
85 85 1245 
81 21 33 
25 2 874 
95 55 1425 
22 54 1283 
16 68 1530 
64 52 1464 
21 32 671 
4 102 1620 
89 38 494 
96 51 1544 
6 90 845 
26 81 1322 
32 19 531 
33 69 1345 
2 41 912 
95 89 246 
97 42 960 
86 66 877 
37 79 324 
5 38 1044 
25 101 64 
95 18 1045 
29 91 1426 
15 34 531 
59 91 1017 
61 3 990 
45 95 812 
17 101 155 
38 22 397 
100 91 35 
63 29 1326 
71 10 1111 
81 10 369 
94 68 1588 
30 84 125 
28 29 1230 
93 79 1235 
61 61 699 
16 10 1629 
96 59 1571 
42 31 3 
87 54 83 
53 91 1323 
96 82 1529 
40 54 440 
54 90 285 
4 12 1526 
51 9 209 
28 4 1110 
40 56 1625 
70 86 829 
28 54 616 
99 44 499 
5 77 619 
96 99 1574 
84 23 124 
18 64 334 
84 95 774 
5 93 363 
89 61 808 
39 15 564 
83 28 1565 
45 14 1627 
91 57 741 
89 101 565 
58 57 156 
18 46 1322 
62 25 1509 
81 88 1495 
5 25 998 
18 12 1359 
83 67 1017 
5 15 1161 
3 41 153 
10 29 111 
77 98 1522 
15 49 594 
15 73 240 
70 79 1471 
44 4 659 
6 42 1442 
41 76 738 
64 8 553 
74 54 682 
40 18 90 
74 55 1566 
88 6 1471 
100 93 1246 
27 5 636 
71 15 1452 
74 63 173 
33 98 1623 
23 71 866 
64 15 1464 
61 43 1550 
97 76 904 
11 99 391 
96 58 1603 
52 8 801 
14 16 1155 
8 95 1523 
47 2 1482 
33 10 318 
8 53 1362 
45 26 1488 
2 41 816 
83 32 468 
86 61 260 
67 80 87 
14 83 1476 
52 11 907 
84 57 321 
98 17 661 
6 65 1090 
38 5 750 
42 53 523 
9 52 1093 
101 33 1363 
44 25 557 
80 82 365 
88 21 441 
31 58 686 
30 63 1126 
74 6 399 
12 79 1093 
64 50 916 
72 27 437 
75 7 505 
25 53 1275 
74 42 533 
88 21 569 
20 21 726 
42 9 780 
6 14 1477 
65 37 747 
45 92 876 
19 82 1226 
80 10 900 
98 14 225 
98 8 71 
66 58 338 
38 88 1391 
92 93 955 
25 24 664 
