4 4
150
70 69 70 98 41 
7 76 46 56 578 
47 24 29 5 420 
15 92 76 58 500 
92 92 69 33 577 
58 51 52 77 744 
6 34 14 34 681 
81 82 82 30 524 
24 14 33 57 642 
5 22 35 99 645 
91 26 9 12 625 
80 2 39 27 400 
58 25 71 65 543 
15 12 96 22 594 
35 12 48 94 323 
80 61 14 55 550 
38 17 56 98 17 
82 27 4 58 44 
81 45 57 81 66 
100 45 70 90 536 
96 28 16 26 372 
82 80 17 73 805 
21 90 86 60 110 
43 72 75 64 703 
90 10 41 16 768 
92 56 69 86 337 
37 93 26 89 601 
12 4 32 52 181 
4 12 33 59 701 
93 62 99 68 549 
31 72 8 4 636 
88 89 101 32 453 
27 13 33 32 520 
30 66 99 86 32 
41 42 25 41 683 
80 79 84 31 29 
33 59 3 19 104 
67 87 24 11 716 
24 4 102 97 789 
94 80 3 95 473 
29 65 15 64 231 
90 49 69 20 814 
11 8 73 28 204 
70 11 17 19 802 
45 44 89 99 665 
39 42 30 45 751 
102 77 90 73 623 
70 46 41 91 198 
21 21 5 12 641 
18 34 75 72 235 
84 66 86 97 125 
87 78 18 83 748 
50 21 26 28 815 
36 20 102 52 469 
26 72 28 95 650 
26 40 80 20 531 
7 69 60 16 82 
38 93 95 58 742 
94 30 61 99 619 
102 97 79 12 367 
101 34 25 15 42 
14 40 93 18 741 
49 100 100 18 708 
84 62 12 19 522 
44 27 46 61 535 
98 13 31 19 650 
32 63 70 75 540 
75 45 47 11 797 
100 2 79 67 359 
96 32 45 12 770 
42 87 62 48 23 
76 89 66 49 76 
3 11 76 38 499 
88 32 27 52 113 
40 17 3 21 538 
44 50 81 17 583 
68 70 21 25 329 
47 3 24 73 751 
88 81 100 2 791 
91 28 43 6 474 
66 6 95 99 460 
27 86 43 82 495 
29 10 51 78 351 
34 93 53 98 133 
87 9 57 60 229 
61 19 3 24 628 
17 8 78 59 59 
64 77 24 69 129 
63 62 44 12 536 
80 32 24 59 527 
100 77 48 90 597 
59 52 38 71 795 
10 85 21 5 369 
22 34 94 71 662 
60 71 86 82 451 
27 67 47 94 410 
30 96 45 60 641 
42 63 90 86 410 
14 41 55 71 66 
80 42 41 67 370 
47 41 56 78 59 
32 93 67 35 391 
94 7 46 20 564 
16 42 64 27 44 
62 46 9 21 564 
21 17 17 74 634 
87 28 82 49 40 
91 43 69 53 400 
51 97 57 38 475 
9 97 37 2 770 
40 81 17 62 699 
3 34 37 9 721 
16 78 95 57 514 
68 28 99 16 651 
75 75 13 78 459 
66 91 73 63 511 
26 83 17 80 328 
8 13 22 63 32 
60 7 62 64 283 
75 4 2 76 750 
83 100 23 22 176 
67 70 41 6 176 
14 63 76 47 528 
36 63 17 17 464 
57 8 38 12 181 
69 15 51 43 680 
64 91 99 71 667 
28 62 97 59 615 
40 74 18 42 751 
99 33 18 100 8 
14 89 87 19 301 
77 63 13 100 441 
54 21 100 22 486 
25 65 8 65 314 
76 68 61 42 150 
85 92 99 20 206 
38 99 53 42 583 
77 6 83 34 56 
67 51 98 5 190 
22 76 98 82 567 
36 27 55 61 218 
48 31 48 101 438 
87 67 95 75 144 
57 70 60 51 692 
21 85 76 58 601 
28 72 58 19 805 
11 96 18 51 745 
13 46 94 16 212 
48 60 84 80 175 
2 58 25 87 556 
