2 8
150
47 32 212 
31 21 320 
86 80 740 
23 75 526 
40 52 488 
46 13 137 
48 91 1497 
95 73 701 
52 69 1285 
48 34 1423 
19 31 522 
30 61 1590 
61 24 926 
43 62 74 
33 13 1165 
51 52 1502 
5 78 898 
99 94 1384 
50 54 951 
72 81 862 
43 40 759 
60 6 723 
2 12 1481 
34 87 1462 
54 7 478 
89 64 977 
74 3 282 
89 45 911 
34 22 603 
49 82 121 
41 91 697 
6 2 366 
60 75 131 
29 51 647 
3 72 1489 
67 47 1421 
58 63 1470 
100 100 1267 
38 56 1540 
93 28 1364 
9 55 492 
85 95 1555 
49 50 72 
9 31 1447 
54 46 861 
80 87 1194 
67 69 1217 
52 93 314 
19 43 1486 
67 70 754 
30 69 772 
26 22 1558 
11 20 1256 
98 21 1597 
85 51 515 
3 48 881 
27 60 1125 
23 28 963 
11 60 1007 
13 68 859 
6 84 1294 
60 81 1012 
43 30 405 
59 70 1100 
98 71 790 
79 69 699 
90 18 1538 
39 42 172 
79 9 672 
90 17 1016 
36 101 847 
26 94 599 
21 27 1141 
72 62 310 
31 70 1465 
4 27 940 
13 34 1477 
21 25 821 
60 69 682 
71 83 1177 
23 55 202 
65 25 1136 
18 74 1255 
14 60 694 
75 20 914 
77 10 1184 
23 78 1335 
86 80 1355 
74 17 1230 
4 68 404 
97 52 714 
100 51 112 
9 69 722 
22 88 869 
83 101 1213 
50 48 86 
96 85 967 
71 50 87 
92 39 1233 
31 93 141 
96 16 95 
54 19 136 
101 77 1134 
51 71 673 
30 2 1465 
31 5 1285 
11 26 1126 
72 9 1358 
67 28 30 
40 9 187 
33 79 1239 
38 28 1176 
49 31 1341 
68 51 1157 
38 47 233 
20 43 779 
18 64 564 
99 22 1096 
42 26 110 
25 89 1485 
8 62 1104 
60 20 1491 
67 95 1216 
20 83 1213 
99 45 1216 
100 37 1017 
71 49 1386 
56 25 747 
79 36 931 
11 98 33 
67 27 682 
93 62 1450 
5 80 444 
25 55 787 
75 100 1318 
62 2 1269 
95 43 1461 
46 56 645 
8 54 613 
24 83 1365 
36 59 1576 
75 54 917 
35 7 1357 
88 97 930 
37 48 1545 
39 83 411 
67 19 556 
81 18 893 
14 23 1167 
4 87 118 
