2 8
150
19 11 954 
48 28 1207 
7 22 1224 
13 40 1601 
4 97 502 
2 40 1606 
22 78 1025 
87 27 592 
10 7 373 
53 85 1591 
58 71 495 
87 90 342 
70 25 741 
12 33 391 
10 42 1489 
83 20 1587 
50 97 1211 
28 31 906 
7 34 1381 
24 39 344 
53 56 595 
79 57 1133 
70 18 129 
12 35 248 
55 12 721 
41 79 1383 
47 30 1417 
28 5 1440 
25 32 656 
77 82 911 
38 48 1395 
26 61 1264 
89 32 1381 
24 15 30 
91 40 1016 
61 75 308 
13 68 889 
102 79 160 
36 28 828 
50 56 412 
31 95 591 
54 76 1423 
32 31 835 
69 53 768 
2 25 244 
87 38 1070 
28 66 932 
23 65 231 
3 38 1114 
78 92 545 
29 41 1246 
61 95 326 
68 39 1049 
77 32 723 
70 47 243 
9 102 884 
97 51 1460 
87 24 1467 
70 10 484 
24 53 607 
21 56 630 
20 42 201 
73 43 501 
97 22 1612 
3 53 568 
15 56 309 
101 96 601 
16 83 672 
46 44 279 
88 93 1380 
92 45 1415 
29 58 1236 
8 52 77 
5 39 962 
26 102 484 
93 86 1164 
57 57 887 
13 25 928 
2 7 1190 
99 76 1607 
97 86 808 
48 7 1241 
14 76 1548 
61 9 63 
16 99 933 
80 93 1324 
14 55 942 
48 33 588 
32 82 339 
32 29 837 
5 10 1242 
8 9 858 
11 79 1553 
56 81 161 
78 98 789 
53 98 427 
102 24 234 
94 88 338 
43 51 866 
16 18 411 
57 84 773 
46 58 1611 
30 10 1459 
7 70 217 
88 60 1219 
50 71 573 
90 82 1357 
97 32 72 
39 13 369 
57 67 945 
102 98 1007 
72 100 1572 
64 35 654 
52 25 1443 
39 97 884 
3 8 455 
48 95 1309 
20 28 590 
44 63 851 
45 9 737 
78 74 699 
34 7 1183 
54 18 978 
80 87 597 
97 40 929 
97 60 574 
52 38 87 
97 12 1181 
80 84 1144 
28 30 611 
46 21 427 
97 75 827 
48 7 1469 
84 52 1469 
70 70 125 
46 25 1434 
81 49 49 
19 95 1156 
42 84 1024 
72 56 386 
4 28 1432 
25 36 1077 
12 2 1057 
8 51 862 
47 71 1410 
17 29 686 
67 36 956 
84 48 1321 
36 29 437 
57 57 1499 
