6 8
150
20 73 70 74 15 60 1329 
58 78 53 50 38 96 1320 
78 4 28 6 19 11 1003 
32 100 67 73 52 56 1072 
10 86 32 49 35 21 438 
28 85 74 86 63 18 1434 
23 35 10 76 53 17 968 
58 22 28 100 6 24 1447 
75 4 3 65 6 18 778 
95 23 3 4 77 56 813 
21 56 23 58 96 76 142 
67 59 99 101 41 8 845 
66 6 51 32 99 40 876 
82 73 22 59 102 42 465 
14 10 74 78 63 12 606 
67 7 44 12 50 82 128 
47 6 67 67 11 98 470 
19 54 75 80 18 98 636 
85 2 101 96 35 82 872 
51 27 24 80 99 17 1614 
101 9 21 50 60 48 574 
69 58 94 93 46 102 1540 
58 101 100 47 15 100 1335 
7 46 19 17 102 56 1567 
80 45 89 15 83 32 299 
47 55 32 60 52 6 263 
47 9 5 91 83 61 1529 
28 26 36 86 18 19 1540 
65 5 35 60 94 41 1454 
15 7 80 65 72 78 170 
48 70 89 65 96 68 982 
39 16 28 21 97 4 847 
20 55 31 67 15 26 1344 
53 99 2 61 67 29 516 
3 27 28 13 85 85 1318 
59 49 22 24 53 36 428 
91 9 41 98 39 39 1550 
54 51 100 59 54 30 1552 
72 89 6 32 41 31 579 
90 102 11 15 21 73 1001 
8 11 45 63 92 58 1003 
92 63 65 30 92 39 805 
78 30 55 32 57 88 1413 
63 18 94 15 8 93 14 
9 32 86 20 68 36 756 
43 57 98 65 74 36 1309 
27 44 4 51 94 88 205 
73 57 84 66 87 77 740 
94 53 51 86 67 63 1350 
33 81 12 25 5 5 581 
75 59 70 85 54 8 578 
77 92 65 16 7 90 588 
77 3 56 83 61 3 788 
6 49 81 8 75 99 1534 
65 94 28 91 85 79 1605 
100 17 82 35 70 12 290 
63 87 72 63 74 49 925 
80 58 45 46 4 89 1125 
12 91 79 81 11 43 198 
100 40 26 23 13 40 1252 
89 76 49 93 93 33 715 
64 11 48 3 53 39 1387 
38 85 47 83 92 31 1433 
28 5 57 62 71 8 1013 
49 48 41 63 11 82 1479 
84 97 55 13 59 27 787 
82 34 80 60 6 29 1025 
57 81 42 24 10 91 997 
73 95 33 24 27 84 239 
65 8 42 44 59 96 875 
90 94 72 35 6 42 754 
74 78 3 67 81 101 1513 
68 101 41 3 93 32 187 
5 24 91 34 45 36 273 
27 41 18 48 35 11 1097 
90 72 91 6 51 17 1620 
18 32 60 48 84 24 1578 
9 2 43 69 67 44 1386 
71 83 3 63 8 32 754 
40 87 20 48 92 28 1288 
31 52 99 44 17 14 1409 
95 33 88 63 14 22 298 
40 77 82 70 69 84 299 
91 90 45 45 87 55 1283 
47 42 3 94 98 20 1285 
52 46 27 52 32 101 1247 
53 17 102 96 12 30 1624 
12 40 80 25 45 63 647 
64 56 100 31 61 10 790 
93 87 71 17 4 41 1441 
34 57 20 39 86 44 625 
74 45 51 78 27 81 572 
3 25 71 55 59 41 1429 
92 29 23 73 93 30 974 
33 33 81 9 91 13 1273 
85 62 88 62 21 3 1469 
13 51 56 36 31 15 1464 
64 101 64 47 2 3 679 
30 99 68 95 16 81 686 
14 72 70 39 70 59 297 
65 85 95 40 40 100 1293 
79 69 40 64 17 72 1115 
34 18 64 90 13 38 899 
64 23 69 7 25 50 1617 
81 87 99 63 58 74 1619 
18 71 9 64 5 64 830 
32 30 32 101 11 76 1301 
56 8 50 59 22 65 13 
64 29 35 17 51 82 1609 
84 43 3 60 100 71 260 
50 58 28 9 76 6 525 
95 38 8 16 76 21 411 
81 51 6 38 11 101 883 
44 75 49 56 84 54 789 
89 31 43 12 7 66 104 
52 25 52 48 61 71 1132 
92 30 3 77 63 75 50 
94 100 24 92 73 64 87 
84 80 56 94 54 86 92 
10 67 6 72 58 21 467 
28 56 92 52 32 87 853 
48 48 81 23 81 47 1557 
33 21 23 36 4 3 1115 
46 98 57 9 87 66 1348 
65 99 7 7 57 76 1076 
46 35 42 43 79 55 594 
34 77 72 75 41 12 1249 
48 85 38 55 20 62 1337 
59 37 45 47 23 72 1357 
51 75 18 26 73 31 1416 
88 83 95 27 50 34 195 
23 86 36 48 56 8 279 
16 71 54 39 16 86 1420 
100 99 97 58 85 55 1365 
4 56 51 70 83 92 971 
4 45 31 72 30 72 588 
53 11 101 69 66 68 560 
6 66 89 59 47 102 1449 
85 100 71 67 81 30 324 
32 87 81 75 18 60 197 
29 25 69 88 16 53 767 
90 98 91 22 89 51 1590 
92 64 13 37 92 73 314 
47 62 7 52 44 18 336 
27 22 96 49 11 24 1268 
43 22 73 34 51 44 1556 
3 82 47 94 81 24 663 
25 70 40 28 89 95 1331 
65 64 38 74 37 28 1035 
78 97 74 81 29 22 791 
