4 2
150
27 11 29 38 318 
92 86 55 35 97 
41 69 41 45 98 
27 26 70 95 27 
32 72 70 39 173 
11 76 52 57 25 
58 46 8 78 204 
35 86 9 37 388 
71 39 34 40 349 
52 21 32 77 372 
81 53 15 49 191 
56 43 93 96 283 
18 37 101 30 277 
97 62 65 96 368 
44 19 35 100 152 
95 40 32 53 376 
92 46 77 66 109 
7 33 61 31 389 
95 95 16 68 325 
36 40 7 72 370 
92 58 38 87 203 
64 20 17 12 221 
18 12 41 3 323 
73 62 37 3 257 
65 3 36 100 399 
50 5 68 21 12 
56 35 62 63 12 
36 10 92 16 262 
89 19 51 77 323 
84 56 14 89 35 
76 5 6 9 113 
90 24 40 89 7 
61 54 98 9 406 
85 52 81 101 183 
65 72 23 39 311 
49 54 61 21 65 
97 93 81 13 117 
53 31 55 35 60 
15 72 5 15 24 
37 23 44 78 391 
34 77 15 44 184 
6 85 68 33 330 
38 64 20 74 29 
69 75 87 81 199 
56 99 48 87 131 
95 69 10 34 171 
28 12 86 26 340 
22 80 39 68 100 
70 65 23 54 318 
52 54 33 8 156 
64 38 65 29 172 
37 31 30 13 212 
39 77 37 92 225 
28 81 97 90 355 
91 38 21 57 328 
93 78 96 9 333 
43 38 4 96 325 
92 49 58 84 199 
93 52 29 16 356 
95 30 34 99 211 
73 59 45 21 199 
28 18 10 49 210 
61 37 23 31 45 
3 75 43 12 265 
81 24 15 42 392 
41 11 7 70 356 
64 46 98 57 43 
86 95 84 47 218 
76 42 12 32 365 
58 30 99 6 352 
22 89 24 34 298 
51 46 5 25 39 
19 13 42 62 363 
17 41 68 21 109 
10 93 98 59 372 
41 15 85 52 166 
13 14 3 83 275 
77 24 66 85 250 
42 92 61 38 147 
64 102 52 44 305 
19 65 80 79 319 
31 94 67 43 140 
38 63 55 85 401 
8 12 61 94 58 
95 77 85 60 352 
21 34 61 23 119 
41 64 43 78 98 
50 35 26 5 156 
85 60 25 51 102 
81 39 79 40 123 
54 43 60 30 335 
44 81 23 93 243 
100 34 45 14 388 
76 22 79 61 204 
75 88 57 56 127 
37 54 37 35 31 
84 57 24 94 313 
100 6 15 96 333 
71 14 35 46 166 
53 16 13 56 207 
61 62 20 90 233 
68 88 6 99 194 
92 46 89 86 317 
45 13 54 38 397 
72 9 85 80 329 
62 54 13 16 328 
22 43 83 85 197 
24 39 36 37 43 
13 3 18 48 372 
27 27 51 69 399 
42 65 77 58 329 
54 79 42 9 393 
16 77 92 19 111 
51 65 6 38 228 
7 79 19 27 351 
71 92 39 88 228 
37 5 47 18 167 
60 68 27 4 390 
47 99 28 40 393 
38 13 102 22 173 
64 23 15 13 378 
64 48 51 72 48 
64 42 56 54 251 
13 33 75 78 283 
85 40 4 42 43 
10 53 80 31 204 
60 93 19 46 383 
16 92 36 26 319 
14 19 57 93 139 
8 46 76 79 349 
8 40 26 52 244 
26 21 75 3 347 
14 70 22 22 219 
73 24 12 60 193 
23 99 52 100 235 
68 85 13 9 20 
66 79 3 46 182 
22 69 69 86 286 
97 19 35 41 272 
46 99 36 40 255 
85 36 18 32 263 
10 90 27 95 384 
43 10 68 98 87 
37 69 78 78 137 
6 57 27 90 212 
6 66 13 34 58 
71 51 75 46 87 
32 62 73 81 148 
34 44 76 92 120 
89 53 38 20 130 
