4 2
150
53 74 50 75 97 
25 95 44 22 118 
10 22 33 89 286 
5 42 67 45 324 
29 67 6 32 182 
55 49 53 69 56 
98 44 67 62 9 
94 8 29 70 256 
85 83 36 59 87 
20 37 8 28 281 
29 53 30 44 42 
88 70 20 31 289 
78 45 77 9 136 
68 57 73 87 317 
99 15 99 82 392 
48 33 48 11 108 
20 43 27 100 354 
47 16 25 52 68 
27 90 100 99 352 
42 7 29 26 225 
65 66 22 50 292 
16 56 49 48 261 
56 23 10 4 216 
37 20 79 22 361 
54 34 23 71 217 
11 17 2 96 228 
43 6 24 56 259 
56 23 79 29 298 
93 69 79 88 253 
5 82 98 47 209 
25 30 9 38 15 
33 45 53 97 256 
101 56 56 93 96 
53 101 56 41 402 
16 42 53 49 397 
87 58 37 9 203 
31 21 57 45 135 
14 98 88 53 134 
13 72 84 66 302 
39 15 88 65 47 
6 28 59 48 151 
85 80 62 41 77 
77 10 46 47 139 
82 100 13 60 46 
56 15 5 9 356 
47 60 89 75 245 
73 72 73 98 186 
5 64 11 8 206 
37 38 49 35 235 
5 28 39 32 382 
41 5 30 54 233 
93 25 52 61 376 
27 93 89 81 194 
7 39 50 2 126 
20 91 7 10 311 
20 69 72 51 344 
21 23 58 82 85 
71 44 21 41 223 
82 14 53 16 106 
45 51 70 87 213 
68 80 39 102 308 
53 100 22 78 160 
26 55 3 77 300 
6 37 9 61 321 
66 20 11 47 207 
8 40 92 84 136 
71 101 87 99 76 
43 86 59 6 285 
72 23 45 2 125 
29 13 78 43 90 
10 44 11 9 360 
50 71 94 51 282 
15 10 40 45 287 
28 70 5 58 133 
22 80 5 91 35 
44 77 11 17 96 
97 64 52 62 101 
29 91 80 11 287 
74 94 9 37 234 
65 85 101 32 21 
61 10 21 10 9 
32 41 23 101 189 
75 62 78 28 304 
52 60 80 21 177 
39 92 96 88 247 
30 73 70 34 186 
61 78 81 13 261 
89 45 43 61 385 
90 71 81 65 397 
14 18 83 63 30 
7 8 83 89 278 
72 16 35 50 302 
61 73 91 55 357 
99 84 68 64 358 
10 18 21 27 225 
70 12 33 91 200 
14 92 8 27 166 
55 97 94 44 384 
75 12 96 87 144 
19 82 28 78 4 
32 52 21 75 405 
91 89 58 34 408 
61 85 46 101 253 
72 67 66 15 142 
4 92 26 70 63 
100 25 36 92 157 
90 86 58 91 78 
64 73 35 28 212 
68 41 62 44 143 
92 67 97 25 268 
54 18 15 43 403 
42 28 53 60 6 
68 55 68 96 49 
77 29 58 82 405 
101 34 40 63 281 
64 32 83 35 104 
35 30 13 26 353 
75 74 16 92 321 
38 22 77 27 352 
15 75 68 33 245 
65 12 16 26 272 
22 79 54 74 151 
12 47 19 35 279 
39 44 44 9 159 
5 15 68 4 258 
81 59 16 77 229 
91 66 52 76 255 
25 16 89 60 273 
98 22 44 55 279 
93 5 43 58 201 
73 33 61 94 232 
52 46 14 63 357 
64 66 79 19 195 
48 97 46 73 186 
25 57 87 43 177 
85 73 15 35 294 
78 18 59 28 347 
60 7 60 19 51 
81 4 28 72 19 
34 45 28 8 92 
98 61 72 13 106 
18 48 20 51 299 
81 33 81 91 47 
48 8 52 33 364 
43 39 29 61 271 
23 31 17 38 48 
42 47 9 13 309 
20 48 48 2 283 
14 89 11 46 135 
50 25 39 61 237 
