2 6
150
42 35 1032 
63 37 1074 
61 10 881 
2 83 1083 
3 11 901 
85 85 934 
81 21 25 
25 2 656 
95 55 1069 
22 54 963 
16 68 1147 
64 52 1098 
21 32 504 
4 102 1215 
89 38 371 
96 51 1158 
6 90 634 
26 81 991 
32 19 399 
33 69 1009 
2 41 684 
95 89 185 
97 42 720 
86 66 658 
37 79 243 
5 38 783 
25 101 48 
95 18 784 
29 91 1069 
15 34 399 
59 91 763 
61 3 743 
45 95 610 
17 101 116 
38 22 298 
100 91 26 
63 29 994 
71 10 833 
81 10 277 
94 68 1191 
30 84 94 
28 29 922 
93 79 927 
61 61 524 
16 10 1222 
96 59 1179 
42 31 2 
87 54 63 
53 91 992 
96 82 1147 
40 54 331 
54 90 214 
4 12 1145 
51 9 157 
28 4 832 
40 56 1218 
70 86 622 
28 54 463 
99 44 375 
5 77 465 
96 99 1181 
84 23 93 
18 64 251 
84 95 581 
5 93 273 
89 61 607 
39 15 423 
83 28 1174 
45 14 1220 
91 57 556 
89 101 424 
58 57 118 
18 46 992 
62 25 1132 
81 88 1122 
5 25 749 
18 12 1020 
83 67 763 
5 15 871 
3 41 115 
10 29 84 
77 98 1142 
15 49 446 
15 73 181 
70 79 1104 
44 4 495 
6 42 1082 
41 76 554 
64 8 415 
74 54 512 
40 18 68 
74 55 1175 
88 6 1103 
100 93 934 
27 5 478 
71 15 1089 
74 63 131 
33 98 1217 
23 71 650 
64 15 1098 
61 43 1163 
97 76 678 
11 99 293 
96 58 1202 
52 8 601 
14 16 867 
8 95 1143 
47 2 1111 
33 10 239 
8 53 1022 
45 26 1116 
2 41 612 
83 32 351 
86 61 195 
67 80 65 
14 83 1107 
52 11 680 
84 57 241 
98 17 496 
6 65 818 
38 5 563 
42 53 393 
9 52 820 
101 33 1022 
44 25 418 
80 82 274 
88 21 331 
31 58 515 
30 63 845 
74 6 300 
12 79 820 
64 50 687 
72 27 328 
75 7 379 
25 53 957 
74 42 400 
88 21 427 
20 21 545 
42 9 586 
6 14 1108 
65 37 561 
45 92 657 
19 82 919 
80 10 675 
98 14 169 
98 8 54 
66 58 254 
38 88 1043 
92 93 717 
25 24 498 
