2 4
150
67 20 484 
44 90 365 
36 23 390 
79 75 149 
2 74 518 
73 51 14 
58 87 525 
8 39 694 
31 95 328 
72 42 618 
5 6 813 
93 39 68 
68 52 350 
50 73 540 
43 93 616 
36 46 64 
3 46 645 
91 81 204 
50 61 660 
76 14 777 
7 66 654 
74 76 569 
20 11 286 
57 8 805 
61 10 112 
100 68 379 
12 97 403 
34 71 788 
99 16 207 
77 45 637 
29 93 310 
50 46 63 
88 71 139 
8 18 286 
75 48 314 
82 32 576 
13 52 762 
36 67 142 
48 74 774 
86 77 493 
46 46 540 
59 30 118 
63 13 525 
8 14 790 
32 6 645 
16 62 188 
60 18 685 
57 66 757 
87 95 219 
23 4 585 
15 4 764 
58 63 591 
71 18 148 
26 22 155 
8 7 310 
99 7 499 
40 34 103 
74 27 480 
78 92 653 
75 74 290 
90 42 80 
95 95 82 
5 75 346 
9 48 359 
7 36 791 
67 50 476 
57 90 717 
68 84 573 
61 43 629 
37 82 584 
94 97 358 
85 38 648 
11 16 101 
30 95 261 
21 34 701 
70 69 744 
64 13 341 
24 21 685 
50 24 471 
41 35 428 
35 70 760 
73 16 412 
2 24 798 
20 58 283 
48 29 775 
58 49 417 
86 93 603 
88 75 562 
32 73 627 
62 37 118 
24 72 657 
62 97 204 
41 50 143 
38 70 365 
95 46 452 
9 78 748 
91 94 614 
9 57 348 
81 49 779 
26 43 357 
75 42 714 
86 98 703 
56 88 261 
72 19 808 
36 51 185 
31 95 235 
15 25 774 
87 73 355 
41 17 121 
40 83 393 
31 16 58 
76 64 230 
59 12 397 
71 55 731 
62 21 605 
78 75 54 
22 51 446 
69 13 151 
51 90 567 
46 46 659 
74 18 42 
86 43 28 
94 62 708 
97 74 676 
82 46 569 
7 27 427 
71 65 343 
10 20 263 
96 65 28 
91 27 603 
61 15 534 
70 100 303 
87 78 637 
73 86 110 
22 28 631 
74 89 545 
51 46 513 
19 77 665 
41 65 802 
75 92 639 
2 5 287 
15 38 482 
19 14 381 
35 22 405 
76 100 644 
31 91 753 
57 24 619 
38 42 663 
13 43 313 
86 31 282 
