4 6
150
40 14 89 51 616 
85 91 46 55 494 
6 40 83 83 594 
52 72 20 35 831 
57 98 98 35 281 
87 42 85 89 747 
69 31 42 69 29 
66 63 15 47 324 
43 9 20 45 859 
32 34 83 33 1025 
63 6 71 78 784 
44 18 56 28 804 
45 7 59 94 899 
76 100 16 81 1037 
90 59 75 9 331 
50 80 55 65 1133 
55 60 54 5 2 
65 63 66 5 739 
50 10 89 81 1016 
37 52 28 72 1171 
35 20 5 48 1168 
6 32 64 52 198 
66 65 93 36 162 
87 56 56 94 131 
16 36 13 20 448 
83 72 96 26 1120 
100 54 85 69 736 
37 58 8 10 1172 
34 101 16 89 1180 
88 19 55 68 1200 
84 98 36 61 1001 
101 9 86 12 181 
36 38 40 60 225 
14 81 25 76 962 
31 50 48 98 957 
17 21 27 24 625 
66 19 30 28 119 
4 20 26 88 750 
30 73 98 95 753 
98 62 58 70 1034 
8 96 81 90 844 
36 52 39 83 813 
82 84 64 61 624 
19 10 15 50 202 
96 58 40 15 622 
60 54 55 37 1004 
57 65 58 39 550 
72 40 42 59 925 
54 83 45 21 1001 
48 11 39 44 541 
90 49 10 54 1110 
53 58 69 39 139 
84 99 4 101 137 
19 28 27 16 987 
81 70 58 75 790 
15 15 20 33 62 
51 17 13 93 1154 
10 57 6 49 1155 
16 73 5 47 1146 
57 80 46 10 798 
22 86 25 64 793 
22 93 37 90 950 
40 40 38 34 766 
69 88 14 7 40 
64 24 80 22 812 
10 67 13 81 118 
37 71 12 68 1041 
67 94 51 28 911 
19 22 18 71 693 
79 38 73 85 329 
71 69 41 7 45 
100 8 5 97 695 
57 82 58 80 523 
71 29 72 49 1197 
77 39 87 32 1055 
44 7 11 65 1096 
74 95 30 55 500 
70 32 7 64 1065 
61 91 56 71 236 
39 66 40 28 1076 
51 68 26 87 638 
34 83 10 21 758 
95 99 42 8 1034 
64 54 5 39 911 
40 24 10 62 476 
88 86 18 13 608 
79 69 85 77 494 
8 71 45 2 115 
89 24 88 2 1157 
64 51 50 87 698 
86 63 3 54 606 
29 60 66 48 810 
50 67 99 71 1035 
27 16 67 68 955 
95 12 5 30 1067 
19 38 10 68 938 
39 38 33 56 802 
18 68 32 28 164 
50 6 98 36 752 
24 27 19 18 846 
50 86 84 9 778 
76 60 75 67 402 
93 53 101 72 354 
14 36 45 6 835 
61 86 41 54 364 
91 16 70 69 798 
94 21 94 98 351 
56 55 26 93 1117 
60 95 67 95 279 
100 7 29 8 603 
90 84 15 50 123 
66 46 32 79 912 
63 92 8 102 501 
73 61 4 43 919 
61 12 54 15 124 
68 20 48 32 389 
86 89 65 20 947 
12 8 46 88 788 
11 25 49 18 374 
70 89 68 54 631 
41 5 87 32 1107 
80 32 2 40 540 
48 100 2 48 1113 
76 29 91 25 381 
67 17 18 79 805 
37 66 37 84 510 
81 55 96 80 1133 
83 4 34 29 1221 
82 8 9 44 227 
13 25 3 27 695 
44 101 45 23 1063 
27 89 11 67 675 
16 97 20 98 801 
95 7 24 55 128 
74 96 63 25 631 
61 10 76 60 672 
14 65 12 27 1222 
82 12 75 93 833 
96 95 70 74 1050 
87 90 12 79 311 
8 3 50 17 1036 
49 39 22 72 346 
18 16 52 12 523 
53 87 95 98 1046 
85 34 33 87 208 
81 29 91 39 817 
73 100 99 35 596 
14 17 97 43 644 
45 92 5 65 632 
82 45 60 32 423 
