8 4
150
33 27 91 84 18 94 43 68 317 
36 13 51 30 69 79 72 90 366 
45 27 71 4 53 12 100 56 140 
86 50 80 81 68 75 72 29 304 
51 41 65 88 17 49 22 63 610 
49 25 28 60 18 13 5 41 223 
61 31 75 80 86 64 77 59 152 
62 57 48 78 60 42 42 23 402 
83 60 12 25 84 92 38 52 257 
93 29 33 69 78 29 48 13 799 
66 72 57 4 13 60 30 62 50 
31 74 67 88 20 98 64 23 662 
19 38 49 85 45 36 33 86 245 
89 96 81 20 32 49 44 78 412 
96 82 49 53 97 25 86 8 643 
68 7 11 38 7 57 48 30 610 
53 82 30 24 73 29 30 43 540 
29 13 44 20 46 44 47 70 343 
37 68 43 26 101 38 57 66 648 
23 53 91 26 74 4 74 93 782 
25 74 10 21 25 56 58 59 782 
39 51 63 68 92 39 15 14 510 
35 29 83 94 69 9 50 9 732 
79 5 40 42 47 55 48 25 781 
36 17 45 90 70 44 42 20 125 
21 57 63 54 13 63 41 41 523 
17 33 8 3 74 18 66 81 444 
59 99 6 10 22 70 43 81 787 
21 47 61 41 53 51 94 31 426 
31 27 94 79 3 8 91 34 745 
92 34 45 29 26 90 90 85 169 
13 12 37 95 13 34 66 22 767 
7 78 82 59 11 44 66 37 446 
65 82 98 100 21 90 79 53 382 
55 94 23 73 53 70 31 83 155 
19 38 15 62 15 83 14 86 454 
13 36 25 3 65 90 36 27 27 
26 16 93 49 18 63 87 14 224 
74 35 27 14 30 31 26 49 815 
43 5 69 17 88 37 35 67 142 
25 54 31 35 39 28 67 7 547 
30 72 21 55 76 4 56 41 415 
33 101 8 97 79 18 91 95 184 
38 11 30 58 16 53 45 64 488 
100 41 98 101 49 25 64 98 624 
83 91 30 67 64 49 86 4 542 
14 31 76 15 46 47 5 31 782 
41 74 59 70 11 15 44 58 816 
57 33 54 84 35 83 42 10 35 
96 73 49 83 74 13 87 34 273 
87 87 97 53 98 20 29 24 200 
22 15 81 18 25 8 49 32 581 
16 31 97 95 75 38 43 11 473 
51 60 2 47 85 79 81 58 582 
7 5 37 36 57 13 59 22 777 
27 80 49 43 36 44 42 72 24 
40 95 13 61 13 89 63 81 520 
26 76 31 4 38 69 37 44 218 
38 83 76 86 38 55 43 18 255 
12 9 26 60 7 15 77 43 523 
62 48 95 51 75 78 49 35 375 
68 25 44 82 9 95 17 6 729 
30 56 59 60 20 96 57 52 581 
42 68 71 18 29 97 5 77 779 
36 89 10 100 39 5 10 77 762 
91 32 3 33 45 3 26 48 715 
9 4 31 100 95 25 7 10 549 
79 52 97 49 79 34 99 83 144 
84 33 19 56 52 44 3 68 166 
72 10 24 70 94 83 9 98 590 
69 37 96 87 95 31 37 33 207 
100 45 55 70 36 64 85 44 129 
73 55 54 88 99 29 5 37 811 
47 11 60 16 41 84 62 32 377 
26 99 40 90 21 21 19 5 193 
70 4 77 63 87 52 68 39 350 
22 83 40 68 84 60 32 93 181 
69 86 5 73 10 5 18 61 374 
80 85 36 35 71 96 6 37 268 
27 86 26 10 51 4 41 42 408 
10 60 17 82 61 30 100 52 158 
22 99 96 73 47 27 6 90 444 
10 90 13 46 65 49 27 7 56 
100 61 37 3 34 71 56 10 18 
33 100 26 9 37 22 77 86 318 
41 56 41 101 6 63 50 32 426 
41 66 97 70 56 56 23 101 737 
86 21 66 27 19 39 25 75 735 
32 4 55 94 71 81 10 88 416 
70 101 57 77 55 4 19 17 357 
9 65 45 72 87 38 31 93 525 
77 16 38 4 77 33 73 20 236 
101 49 97 18 62 70 5 56 3 
37 11 69 64 10 4 96 18 83 
49 62 18 19 65 80 17 35 586 
16 68 26 26 6 37 75 19 559 
50 93 5 77 69 34 37 96 668 
100 14 8 36 10 61 23 26 470 
15 84 86 20 3 29 99 91 715 
78 13 7 34 91 93 36 47 207 
9 73 95 86 84 70 98 19 173 
67 82 60 67 5 82 79 63 287 
86 32 92 78 81 81 46 62 685 
78 68 25 18 2 65 36 16 432 
66 30 3 18 24 86 8 33 69 
32 13 9 28 57 31 58 51 124 
37 34 95 17 42 24 86 21 422 
100 52 82 97 34 91 29 15 266 
36 70 11 8 71 49 72 16 401 
79 53 13 96 62 53 50 101 671 
62 52 90 81 34 5 34 10 667 
30 36 81 20 101 44 98 24 662 
8 31 64 47 46 28 75 10 562 
42 6 92 31 50 35 9 69 519 
46 57 39 8 76 63 68 44 653 
72 61 54 72 100 40 72 43 574 
22 17 7 64 8 26 36 94 34 
94 101 89 48 13 34 80 54 541 
46 2 56 3 82 4 48 5 398 
19 73 9 53 62 8 64 89 427 
60 84 52 15 74 84 59 75 354 
95 26 50 22 93 48 74 27 334 
18 21 37 5 18 5 77 19 172 
99 43 41 82 86 25 82 22 569 
19 34 30 74 45 8 61 55 646 
2 99 81 63 81 36 68 48 554 
19 58 68 49 39 58 63 62 267 
6 15 42 27 42 74 78 58 764 
15 46 78 30 46 66 26 77 163 
43 38 64 7 17 39 58 64 523 
6 72 97 75 12 85 76 57 326 
41 77 59 10 87 25 43 55 21 
94 91 14 4 25 64 38 22 196 
73 101 100 5 71 80 10 74 699 
101 42 36 95 57 91 26 87 815 
65 36 53 40 66 64 37 66 599 
54 4 49 35 39 92 61 5 460 
44 38 8 81 102 15 40 44 104 
71 101 36 25 80 40 64 75 703 
75 34 36 38 70 8 7 58 574 
40 69 5 45 35 54 34 84 397 
96 87 36 40 2 25 52 68 529 
41 31 26 11 72 66 6 89 575 
24 8 70 2 76 46 45 101 613 
11 27 67 85 93 98 91 70 719 
54 37 34 13 88 4 43 68 224 
48 31 98 41 41 49 83 12 619 
82 96 12 92 97 3 50 42 334 
101 59 40 30 22 4 78 54 427 
40 12 22 69 61 10 19 99 573 
