2 4
150
21 24 360 
52 26 622 
66 81 568 
20 27 593 
75 25 75 
26 57 513 
19 84 539 
21 21 47 
17 10 577 
12 11 617 
97 79 773 
57 37 214 
92 77 189 
32 3 507 
9 64 352 
79 57 306 
51 55 727 
30 31 736 
57 2 25 
41 37 131 
8 56 575 
96 25 394 
80 20 723 
85 36 654 
42 89 667 
6 14 466 
64 40 429 
35 64 459 
89 69 391 
7 2 283 
25 53 324 
9 26 382 
94 15 321 
97 101 306 
51 68 150 
11 90 340 
11 53 724 
48 78 793 
65 74 753 
16 9 456 
2 75 146 
56 62 679 
42 35 514 
37 14 804 
20 70 322 
17 86 784 
40 80 643 
8 98 404 
48 79 613 
44 46 428 
56 79 49 
85 96 209 
22 97 50 
37 71 456 
81 76 316 
92 30 70 
60 50 716 
98 78 245 
79 96 632 
70 10 673 
10 100 726 
13 83 287 
95 36 599 
16 97 732 
92 5 75 
25 30 185 
13 57 404 
69 87 778 
67 60 11 
78 8 4 
50 53 707 
26 29 576 
69 70 759 
6 100 764 
37 46 434 
100 8 599 
23 56 543 
57 59 431 
35 43 112 
96 48 185 
36 19 229 
75 68 359 
5 69 621 
40 58 489 
31 9 474 
58 34 333 
44 69 425 
30 57 429 
36 95 768 
36 93 699 
59 75 179 
73 72 659 
68 64 636 
11 97 324 
99 85 799 
9 27 409 
97 79 81 
75 53 650 
72 8 507 
77 41 595 
52 71 621 
92 83 675 
40 61 308 
79 92 569 
65 35 584 
14 32 591 
57 29 553 
46 41 110 
78 86 182 
44 2 519 
21 92 187 
7 61 213 
66 9 12 
17 70 543 
14 20 712 
42 12 149 
10 60 618 
92 23 100 
7 8 247 
65 17 792 
63 98 481 
76 61 814 
49 60 602 
48 51 194 
73 41 480 
3 34 177 
28 38 607 
6 36 344 
90 31 568 
13 102 440 
98 3 753 
6 57 593 
10 40 482 
89 95 427 
46 65 77 
54 21 665 
55 6 605 
11 39 643 
25 58 506 
19 88 243 
32 38 473 
22 52 392 
33 69 691 
88 95 761 
65 41 349 
24 62 584 
35 38 87 
90 59 783 
82 89 524 
16 83 802 
