8 6
150
32 77 81 65 22 51 3 78 561 
86 102 27 37 70 29 84 51 602 
46 43 53 43 29 6 70 84 245 
23 71 55 61 19 65 59 71 586 
80 80 47 30 59 79 83 81 934 
88 49 65 39 32 67 71 40 215 
69 92 50 77 96 40 31 83 87 
94 27 85 64 80 101 81 6 863 
6 18 86 75 62 50 29 84 425 
59 86 41 90 92 81 47 92 970 
102 5 86 9 101 79 72 90 664 
95 26 71 65 59 28 97 67 271 
36 96 32 2 50 14 5 74 1180 
69 6 37 6 18 90 22 82 14 
89 99 19 9 5 74 96 36 712 
67 96 29 16 95 27 59 14 1179 
51 101 57 74 6 29 82 5 1031 
21 91 10 83 46 80 27 10 833 
7 28 93 60 8 16 56 40 963 
72 56 13 12 49 7 94 73 986 
48 17 95 93 29 102 89 77 546 
52 86 52 51 91 87 59 54 1044 
8 93 95 43 19 68 50 13 602 
75 11 44 5 92 75 99 81 1137 
77 16 101 93 73 33 71 6 661 
31 22 67 27 56 97 21 88 978 
89 7 100 30 45 19 53 16 813 
4 49 96 79 54 12 94 84 467 
88 17 22 64 74 16 14 21 1103 
86 50 57 49 86 6 95 12 908 
97 49 73 85 42 59 67 69 697 
62 53 70 58 35 74 59 35 875 
62 28 35 86 18 25 28 69 809 
13 58 65 93 87 45 37 99 429 
69 5 76 65 99 7 59 54 836 
24 30 17 85 91 53 34 35 1027 
43 13 33 50 59 75 93 56 137 
96 71 69 28 22 38 39 92 375 
99 99 31 31 29 66 57 6 480 
53 30 69 14 61 54 61 97 1058 
6 21 48 3 74 45 96 65 1019 
4 98 10 81 49 101 22 37 445 
57 14 85 69 95 54 36 42 314 
46 84 12 17 69 28 51 35 872 
86 98 26 88 37 67 83 55 103 
34 74 84 70 94 25 17 6 1009 
5 38 29 96 69 35 20 51 994 
75 89 31 84 32 16 30 38 484 
14 71 79 21 89 41 46 4 827 
46 78 91 89 102 65 45 49 1182 
46 92 30 94 70 88 86 10 819 
81 52 45 70 42 58 86 5 429 
7 86 52 90 52 67 67 76 892 
94 88 89 68 40 85 19 85 562 
13 22 3 93 37 81 74 67 643 
27 78 38 35 5 98 30 40 763 
49 59 42 65 29 97 15 94 269 
82 15 14 62 53 59 12 75 1019 
36 16 51 72 17 88 15 42 1193 
39 60 85 92 40 2 23 72 324 
8 50 95 8 80 45 59 94 633 
43 67 27 81 25 32 15 96 300 
15 79 44 56 53 88 99 78 410 
41 92 77 13 41 83 33 6 308 
92 31 37 8 15 25 36 74 919 
74 60 38 54 79 46 78 9 1144 
87 54 99 9 10 4 12 20 35 
78 31 28 47 50 20 7 25 797 
91 10 65 21 22 81 13 27 229 
100 89 14 34 38 34 89 48 644 
30 85 22 35 98 97 22 60 516 
51 29 12 19 49 56 81 89 1220 
32 68 33 20 98 85 85 14 389 
92 47 96 97 60 4 68 79 500 
47 57 14 71 100 65 39 65 1199 
11 82 41 61 55 51 34 59 977 
23 12 89 39 52 85 65 32 160 
50 56 72 10 54 72 15 36 387 
89 63 70 71 83 35 87 76 392 
94 34 94 47 65 2 24 47 817 
56 10 7 31 7 70 52 91 106 
30 3 31 71 47 21 19 46 1172 
14 54 32 55 54 78 53 73 1200 
23 5 93 71 87 9 5 61 326 
28 61 58 102 21 94 27 59 893 
5 25 88 75 30 20 7 12 1130 
39 3 57 32 79 36 72 31 1047 
19 61 18 24 68 88 94 93 1051 
42 14 35 40 31 97 5 50 589 
14 50 78 75 67 77 17 69 718 
73 98 83 24 31 92 8 9 1201 
59 83 59 2 83 38 35 67 1203 
61 101 74 62 29 31 88 61 997 
12 47 96 43 9 101 30 23 1159 
7 20 85 46 34 23 99 48 824 
93 14 68 41 42 102 78 58 834 
89 13 72 54 37 73 11 98 770 
6 17 76 60 74 62 44 30 574 
18 17 68 53 65 83 64 97 579 
17 73 7 96 67 54 33 43 129 
27 54 85 14 37 38 60 95 379 
95 36 41 8 100 14 55 63 495 
4 38 49 91 92 42 25 95 317 
60 12 52 24 28 33 52 19 926 
66 5 82 33 94 72 52 70 756 
10 11 75 95 43 6 13 32 62 
65 38 64 45 91 44 12 2 1019 
83 73 9 10 58 83 38 91 707 
62 73 46 79 41 24 80 17 1031 
55 68 71 48 13 98 28 89 985 
16 23 16 41 23 94 89 71 1186 
56 102 55 94 58 54 48 53 719 
63 88 99 42 67 75 59 59 423 
17 36 63 13 84 72 2 25 835 
45 23 52 54 92 72 27 26 194 
33 62 12 19 2 61 40 67 9 
85 76 58 43 83 65 60 75 431 
38 46 20 85 94 35 86 5 371 
10 11 98 30 17 43 60 28 1187 
27 100 36 3 75 18 71 19 599 
14 4 42 89 96 19 37 91 985 
100 50 71 78 35 99 31 32 692 
6 58 61 18 85 57 68 35 917 
3 37 72 3 16 77 87 74 15 
92 23 17 81 95 28 62 62 950 
30 51 67 39 74 45 62 67 754 
92 98 21 87 23 64 44 36 663 
12 98 36 96 94 63 98 41 107 
44 27 64 36 57 26 80 40 1032 
12 66 65 29 43 51 15 97 931 
85 8 2 55 39 61 73 52 781 
45 37 59 6 43 35 37 20 488 
101 58 43 97 9 85 79 34 858 
93 85 57 87 83 99 87 15 409 
11 91 90 5 64 7 62 37 42 
30 8 24 31 94 25 11 16 482 
38 90 101 19 78 7 91 82 825 
11 60 56 62 21 30 102 28 358 
54 98 95 37 37 74 82 52 321 
50 64 93 33 78 68 59 51 318 
37 94 15 85 16 84 40 53 942 
51 70 89 96 32 68 96 60 223 
48 2 54 29 39 28 81 44 222 
78 79 84 89 4 72 4 67 426 
18 70 84 13 100 86 97 32 1007 
41 56 34 27 39 20 50 13 604 
76 10 57 90 7 74 66 63 899 
97 64 67 19 94 66 33 81 1097 
38 37 4 70 33 9 46 42 1074 
88 53 42 66 41 93 22 31 705 
