4 6
150
13 3 34 55 1017 
84 45 31 4 530 
4 32 97 17 568 
14 14 47 5 190 
57 81 3 95 629 
42 16 87 29 720 
87 38 77 43 1112 
70 29 11 44 645 
100 27 26 84 978 
26 39 85 31 789 
24 28 91 3 654 
34 102 41 4 532 
71 59 4 45 720 
69 57 56 26 959 
88 5 6 53 217 
33 58 21 15 335 
4 33 58 64 457 
60 49 76 90 725 
70 89 9 100 1027 
42 24 83 26 165 
71 85 61 53 965 
20 24 40 85 281 
78 83 28 76 503 
40 3 42 8 9 
22 82 68 67 124 
100 99 8 69 947 
10 77 97 102 709 
21 74 7 85 235 
38 10 93 67 1019 
89 63 34 59 566 
41 84 77 25 1144 
91 19 97 43 987 
24 19 73 8 179 
3 88 28 19 269 
68 98 59 89 795 
13 92 3 83 278 
39 66 51 23 470 
28 2 74 8 843 
4 79 66 5 1193 
21 39 87 53 1008 
3 37 18 37 982 
45 27 90 60 1004 
101 18 15 20 535 
59 70 53 70 1079 
3 16 22 50 246 
91 34 56 91 562 
76 6 53 101 260 
4 51 15 43 1166 
3 14 16 26 850 
88 66 48 61 494 
53 89 19 64 1000 
90 17 70 17 1121 
13 73 101 14 97 
97 67 16 99 508 
11 57 12 74 1064 
90 2 98 80 419 
27 88 97 51 1160 
90 89 90 19 412 
90 83 100 51 1027 
32 16 3 19 910 
22 52 51 20 390 
99 78 47 77 1143 
89 21 91 83 821 
28 78 52 20 247 
10 79 99 66 659 
30 58 63 90 696 
77 101 81 6 171 
77 39 79 19 1202 
13 44 15 26 565 
71 94 19 84 711 
56 66 86 98 811 
45 55 87 66 53 
42 17 59 21 229 
91 41 87 69 1128 
91 101 34 21 110 
68 67 75 20 1039 
38 41 81 32 35 
13 17 85 40 868 
24 54 15 15 711 
98 87 96 7 701 
31 8 52 92 843 
57 34 66 90 1223 
80 82 70 81 836 
3 38 28 18 96 
76 58 49 98 859 
40 88 21 63 160 
83 72 70 62 680 
32 92 91 64 582 
81 52 97 40 1131 
44 86 36 47 703 
62 61 80 100 1019 
75 61 55 22 384 
72 14 5 77 230 
10 14 9 26 475 
13 49 67 70 349 
26 63 11 6 342 
56 53 76 6 652 
24 94 72 79 1010 
72 39 72 32 952 
69 50 23 21 1033 
32 79 12 8 571 
15 96 12 71 732 
14 52 51 94 951 
20 40 101 23 1177 
18 44 32 43 838 
76 79 36 93 753 
78 42 92 22 1194 
79 43 70 60 494 
30 85 3 19 864 
22 90 80 55 729 
31 51 101 25 842 
90 49 71 40 886 
38 62 21 10 1025 
74 62 31 96 15 
79 72 43 83 832 
35 43 14 73 589 
89 101 84 33 400 
29 43 69 53 115 
32 74 32 87 56 
70 66 95 36 1212 
62 60 86 54 1007 
61 9 20 57 438 
49 37 101 92 1048 
39 80 90 77 690 
33 96 80 87 875 
8 41 58 79 1221 
71 51 81 74 1075 
31 18 32 51 900 
22 25 13 17 765 
97 75 43 102 828 
92 78 20 79 838 
69 82 101 82 940 
22 53 43 58 812 
100 58 29 4 699 
23 51 41 4 444 
10 84 65 25 936 
34 101 59 11 124 
95 33 3 5 261 
51 19 52 74 661 
71 83 58 51 787 
41 48 41 44 569 
43 39 18 43 742 
86 19 78 6 543 
23 96 34 48 894 
69 56 26 83 103 
6 101 68 50 820 
29 28 16 60 456 
88 62 16 65 843 
58 17 62 45 450 
34 43 48 30 407 
