2 2
150
17 33 109 
17 85 370 
97 69 169 
2 59 240 
69 87 342 
15 101 226 
73 50 336 
61 72 242 
58 21 245 
68 101 210 
94 11 42 
42 10 377 
55 24 341 
22 39 230 
43 79 156 
20 3 161 
39 48 350 
98 31 388 
52 58 252 
69 61 261 
33 31 279 
92 10 196 
51 29 314 
93 62 313 
74 53 46 
28 20 380 
23 40 74 
23 31 218 
68 99 329 
17 93 213 
33 88 256 
22 91 35 
90 54 281 
92 71 305 
64 47 351 
11 26 317 
86 26 157 
70 48 89 
48 12 3 
17 26 48 
69 36 148 
27 62 302 
16 54 252 
5 40 269 
26 33 280 
45 61 342 
69 59 297 
5 33 273 
16 65 164 
43 76 324 
10 75 114 
59 25 146 
41 39 346 
14 97 294 
18 84 351 
74 46 63 
55 5 211 
19 50 276 
41 66 15 
71 13 399 
36 75 319 
84 97 265 
40 69 33 
35 6 89 
101 57 251 
3 89 201 
83 43 78 
27 90 291 
30 93 104 
62 21 242 
34 72 106 
89 80 93 
96 36 354 
23 36 314 
9 22 401 
32 20 380 
8 40 315 
56 90 287 
81 11 346 
9 56 17 
41 80 198 
51 3 143 
98 14 313 
41 9 218 
64 62 30 
44 19 278 
75 100 300 
34 56 331 
84 80 334 
57 10 283 
40 89 325 
85 84 229 
31 61 80 
66 36 25 
19 69 128 
26 94 117 
65 39 374 
19 36 230 
32 9 101 
69 68 96 
55 42 19 
9 3 82 
76 81 318 
53 15 239 
51 11 262 
70 18 354 
52 60 350 
55 94 289 
80 23 218 
25 55 305 
33 63 377 
98 13 383 
4 11 268 
13 52 54 
53 14 99 
35 70 102 
94 65 374 
40 19 36 
39 102 198 
36 32 329 
68 52 109 
5 22 213 
68 54 403 
72 68 28 
23 41 34 
75 5 327 
49 46 217 
31 33 367 
85 96 181 
86 61 46 
47 70 325 
87 47 3 
88 49 377 
74 69 65 
28 24 395 
87 19 321 
2 66 396 
70 89 349 
30 40 78 
38 22 108 
10 84 381 
90 27 400 
29 38 383 
10 89 227 
90 77 315 
39 5 40 
95 100 315 
67 86 387 
16 79 330 
96 59 30 
