8 8
150
43 76 78 42 16 86 60 53 1037 
31 101 2 100 94 42 62 59 937 
19 78 15 90 16 56 73 29 727 
63 62 84 89 44 50 19 49 507 
29 24 6 9 67 20 19 20 651 
28 35 34 49 85 51 74 90 332 
32 55 62 24 71 89 41 100 1481 
83 44 59 54 83 47 11 35 564 
55 12 13 97 73 98 17 47 1544 
14 16 80 35 17 57 30 90 1547 
73 8 55 19 69 69 30 38 1237 
85 75 54 89 40 52 17 21 1263 
11 37 83 66 9 25 94 29 1369 
15 50 29 4 27 95 52 40 445 
83 38 45 46 69 38 22 34 1178 
45 27 78 30 21 98 79 21 854 
16 8 101 32 27 43 85 17 1425 
50 82 50 61 40 101 25 36 1353 
37 66 70 47 46 77 53 52 29 
10 87 32 34 27 8 43 38 525 
30 53 14 4 63 54 51 74 844 
26 86 89 79 7 87 15 45 888 
86 70 64 26 81 77 41 78 487 
60 19 57 44 19 3 69 96 1347 
73 35 5 18 99 74 25 29 1070 
16 33 81 47 21 85 54 59 1107 
72 7 74 39 65 87 25 93 902 
99 84 69 88 12 13 4 43 168 
53 70 74 92 2 53 11 27 731 
52 15 99 75 93 62 36 99 1461 
12 37 71 20 95 8 19 29 748 
101 30 23 70 44 80 74 3 1455 
98 82 6 23 29 40 43 74 1275 
60 26 93 8 54 14 24 94 115 
43 35 77 68 74 76 8 13 1578 
25 84 73 22 2 92 73 40 276 
87 91 9 33 79 23 30 62 49 
57 94 78 11 48 52 73 34 1112 
17 32 10 33 17 19 43 19 1469 
9 40 26 3 37 17 98 39 51 
102 11 57 55 40 15 73 53 302 
23 16 38 23 51 71 24 59 126 
11 56 76 92 92 62 33 22 356 
81 55 59 63 15 12 49 73 365 
15 63 94 97 62 67 100 23 49 
56 89 91 57 82 81 9 89 1343 
31 11 22 97 24 20 93 93 1593 
63 62 3 28 76 80 48 11 1554 
18 15 96 11 94 71 59 79 547 
35 26 75 80 56 29 29 20 1005 
5 19 41 75 6 71 69 39 990 
4 30 15 12 11 73 86 93 1200 
90 22 19 52 40 47 87 60 1096 
26 85 8 76 101 58 19 46 1496 
58 45 11 27 44 57 11 57 803 
22 25 18 5 97 65 55 41 1595 
46 55 81 96 90 48 4 45 874 
56 30 31 59 96 67 81 30 789 
66 65 80 64 43 85 98 66 581 
54 23 91 45 23 61 60 74 1485 
14 64 56 65 26 102 4 56 454 
22 65 31 53 25 69 16 91 1249 
22 84 13 98 100 26 13 52 349 
67 13 8 72 101 23 76 69 1075 
96 3 41 80 62 89 57 78 16 
9 3 100 24 31 34 85 40 1475 
82 18 65 32 55 75 80 39 705 
23 52 67 9 79 59 3 23 1429 
39 44 24 26 43 24 25 6 805 
25 45 84 76 89 63 33 96 830 
5 66 51 68 102 26 46 36 429 
38 101 26 43 23 10 47 48 1571 
71 58 77 43 9 51 26 57 1534 
63 50 65 6 78 84 8 101 931 
41 73 44 100 82 10 98 89 74 
27 84 24 76 31 44 66 64 626 
78 64 59 102 44 47 32 85 1404 
66 34 25 44 37 24 53 8 1216 
56 73 78 69 47 22 46 101 1191 
74 89 21 23 42 16 46 32 606 
2 41 31 99 71 99 24 35 903 
84 85 48 3 25 25 69 12 1495 
64 11 19 39 58 45 74 60 1566 
69 44 94 11 100 8 87 53 1096 
47 60 4 81 47 14 67 65 269 
28 73 67 98 56 32 25 84 331 
22 66 85 88 27 13 3 56 1473 
65 75 87 43 18 74 58 24 855 
92 85 66 7 74 95 28 48 1419 
33 74 91 64 88 18 88 67 1425 
86 61 35 93 80 93 24 3 1468 
33 88 57 95 42 34 80 35 1604 
58 17 93 93 62 81 26 72 1353 
4 3 89 71 57 53 86 74 1030 
21 100 7 76 86 73 5 97 976 
34 40 34 59 86 55 20 32 816 
98 95 101 56 70 11 10 22 1628 
5 65 33 6 11 70 71 60 568 
95 84 33 22 90 67 21 94 508 
53 47 19 36 53 27 3 90 1287 
66 67 33 99 68 66 73 102 525 
31 29 32 66 90 28 20 27 783 
21 77 7 36 37 78 79 58 1220 
84 72 14 8 5 22 91 7 1515 
6 98 18 70 51 90 35 92 1058 
3 90 60 93 17 27 79 84 213 
75 33 33 57 21 12 91 91 491 
22 25 26 11 77 85 35 16 475 
34 53 28 19 3 46 13 78 1122 
19 93 56 89 31 23 9 18 1209 
64 51 79 8 81 62 60 15 1104 
43 94 15 77 60 3 98 47 513 
89 58 32 89 46 45 43 74 1596 
78 35 96 5 4 61 11 73 1062 
54 28 74 68 61 89 79 72 1374 
58 44 35 56 92 86 92 23 974 
46 77 7 36 67 9 65 85 1313 
76 40 92 56 68 89 38 46 310 
61 23 99 44 12 76 61 87 481 
67 24 44 12 15 83 101 67 1560 
62 20 63 67 5 79 9 5 521 
96 3 78 47 20 48 67 33 1627 
65 4 67 33 77 82 80 99 990 
40 65 27 11 57 3 94 78 422 
60 96 20 22 37 9 44 67 1373 
55 22 6 98 47 84 84 38 1029 
32 31 46 83 89 8 18 71 650 
9 87 48 77 55 44 23 9 593 
84 45 68 61 91 12 98 27 1261 
58 44 20 45 29 21 40 64 767 
84 79 9 14 6 69 69 38 1296 
40 80 69 65 78 40 48 102 1526 
99 74 42 36 88 65 30 62 440 
24 66 60 29 39 93 97 41 499 
31 72 41 102 93 55 33 60 766 
12 95 68 82 99 29 27 43 1472 
8 50 93 46 86 46 42 47 1170 
23 13 43 78 70 39 10 19 495 
57 99 82 90 5 30 18 20 1083 
62 44 69 33 4 98 3 90 1476 
42 87 88 97 62 48 83 11 769 
8 37 27 31 74 82 99 73 721 
12 21 47 64 31 68 80 81 58 
6 92 11 47 76 82 49 70 525 
46 62 39 36 8 96 83 12 1363 
43 33 72 90 36 33 53 93 1130 
48 79 58 22 19 82 44 79 318 
41 63 62 47 85 6 49 55 171 
9 78 15 53 83 21 84 39 790 
35 18 58 79 96 85 13 3 1478 
