2 8
150
3 86 382 
54 100 16 
22 69 1299 
101 18 436 
74 19 266 
45 6 189 
35 45 460 
98 71 1074 
87 50 203 
54 10 1261 
23 71 392 
21 17 371 
43 17 1097 
20 87 680 
52 45 1111 
16 36 1356 
9 20 1235 
95 27 644 
58 6 246 
60 69 829 
91 69 960 
4 80 771 
5 55 48 
96 4 1459 
46 17 936 
88 49 424 
100 73 229 
31 47 1471 
4 30 721 
87 65 168 
10 86 790 
18 32 296 
85 49 1067 
23 13 1315 
82 16 256 
88 50 162 
84 72 947 
91 62 1555 
39 61 363 
71 3 807 
5 20 1476 
95 88 302 
43 30 1388 
41 6 1618 
63 79 980 
35 51 513 
77 17 1304 
36 4 1520 
54 21 390 
55 82 1151 
98 16 761 
18 20 1520 
92 90 456 
99 47 338 
27 45 1079 
61 31 1355 
37 5 168 
93 96 1395 
72 71 257 
99 42 1099 
97 90 788 
17 45 1460 
55 47 964 
69 45 1004 
6 79 1145 
61 12 975 
29 95 1470 
43 20 1244 
62 7 330 
63 48 801 
79 95 770 
63 5 935 
74 12 1622 
79 8 1371 
26 70 983 
51 89 274 
17 12 968 
58 72 768 
79 56 1146 
74 56 628 
71 93 1601 
12 91 823 
16 45 1222 
15 89 1622 
62 52 1422 
8 19 808 
18 14 291 
5 48 591 
92 23 372 
2 85 798 
89 2 911 
63 9 245 
88 16 1288 
12 36 725 
44 4 385 
62 98 323 
62 73 603 
23 58 700 
23 68 744 
64 22 1110 
30 16 973 
28 28 1411 
46 101 706 
74 22 50 
73 8 1260 
75 63 712 
15 32 422 
5 42 202 
14 68 724 
15 42 676 
71 26 1530 
13 84 330 
87 18 1248 
39 18 1573 
79 90 831 
36 52 816 
68 49 74 
4 51 1473 
44 27 1208 
49 16 974 
44 33 963 
4 5 1573 
11 62 393 
59 91 745 
69 78 226 
31 28 859 
63 80 263 
96 49 1518 
39 69 1216 
5 71 938 
48 39 32 
19 97 1397 
39 77 1386 
56 27 1480 
28 10 960 
61 37 1203 
78 15 1604 
23 88 589 
46 50 1358 
68 67 578 
24 8 1484 
69 13 834 
46 52 1319 
30 94 846 
70 9 873 
27 70 637 
36 80 533 
3 29 911 
61 27 842 
68 75 770 
