8 6
150
93 92 30 40 43 29 50 87 410 
17 13 60 75 25 17 81 60 3 
68 71 100 83 98 101 11 51 511 
29 23 33 7 15 62 18 82 850 
16 43 64 20 16 82 37 80 967 
27 69 46 93 55 89 84 54 246 
41 11 96 31 31 95 88 23 787 
5 12 101 101 59 45 48 68 202 
41 50 56 20 48 20 22 86 997 
100 38 70 46 24 63 42 78 867 
77 86 15 71 34 95 18 35 825 
82 29 12 3 47 89 72 46 50 
68 23 66 78 12 46 13 90 1047 
98 61 90 40 61 83 74 73 996 
6 72 17 63 4 15 53 41 707 
73 99 92 83 76 81 59 76 675 
9 102 77 70 60 46 10 22 908 
81 45 70 31 31 77 8 68 904 
90 7 21 52 27 72 89 42 1119 
97 17 87 11 83 87 28 67 870 
9 38 14 73 55 84 41 74 1183 
92 44 70 18 77 9 7 70 849 
38 59 77 6 83 20 55 15 60 
91 72 64 85 5 66 6 101 377 
64 19 53 39 13 55 76 99 1197 
26 81 42 80 6 14 18 92 96 
98 4 57 96 20 43 79 52 20 
37 10 41 5 14 77 79 45 627 
20 100 48 23 33 87 22 31 408 
66 14 68 51 69 15 58 9 1186 
78 69 101 12 62 63 54 41 1090 
61 22 69 67 3 63 63 99 1128 
64 77 74 72 76 91 10 15 467 
37 88 43 27 49 7 81 2 932 
54 10 40 87 71 94 98 63 109 
68 102 13 7 90 71 23 97 392 
27 8 95 12 5 49 25 19 650 
50 36 75 64 88 3 87 11 1096 
56 79 8 82 76 16 82 44 164 
29 32 100 73 6 54 75 55 1152 
85 44 7 92 63 55 41 49 330 
37 6 15 12 23 81 82 69 216 
28 47 34 81 31 63 36 98 1060 
57 79 32 23 91 35 8 3 818 
86 66 18 55 43 29 89 47 458 
2 19 11 21 93 40 37 49 104 
64 6 15 46 58 67 68 85 864 
99 16 17 82 6 22 14 98 34 
4 75 6 7 94 86 26 36 969 
80 39 87 94 88 44 26 46 1193 
56 42 10 52 89 60 58 92 375 
24 22 15 91 9 98 37 35 906 
6 59 13 31 23 24 88 91 575 
87 7 30 76 58 61 24 60 686 
97 53 88 48 51 5 56 4 177 
68 90 32 92 59 55 70 22 1077 
88 27 21 88 66 100 13 73 1032 
4 50 66 56 69 50 42 42 998 
89 60 9 11 77 21 10 22 11 
19 97 50 77 8 38 73 38 411 
39 11 89 91 37 80 21 53 661 
52 14 23 84 52 19 74 82 759 
83 79 52 3 80 46 99 96 925 
38 29 44 30 84 33 17 5 385 
96 101 25 31 92 25 67 59 96 
82 37 48 34 5 28 76 93 721 
85 38 33 45 93 44 5 85 296 
14 24 32 91 69 49 87 79 996 
41 54 89 29 38 23 38 19 715 
32 6 26 18 56 93 74 33 823 
2 53 9 83 28 10 101 55 430 
79 93 71 101 48 28 47 37 480 
74 59 2 12 9 76 85 75 960 
102 98 70 41 19 37 82 87 326 
76 60 27 82 29 85 88 61 325 
92 33 60 101 73 22 54 3 914 
69 93 46 35 100 56 31 102 696 
69 40 76 35 21 63 101 73 933 
16 94 31 19 26 50 50 96 510 
23 3 26 50 89 19 63 14 1155 
85 43 63 74 52 30 28 21 251 
55 59 14 98 101 3 46 40 103 
47 52 68 98 87 6 14 11 1202 
34 21 54 59 74 9 69 19 370 
17 44 44 4 92 7 30 97 451 
32 26 4 26 6 50 10 18 761 
30 89 57 59 62 44 32 96 1220 
71 98 87 7 31 85 73 30 1180 
68 46 62 63 70 92 69 84 1033 
98 10 17 5 51 58 47 41 364 
77 61 84 2 74 98 8 61 1212 
54 26 97 21 55 78 54 44 884 
4 69 21 67 91 79 59 35 1048 
87 67 49 30 63 92 55 98 850 
16 68 73 66 57 11 93 17 711 
92 79 57 40 54 9 86 44 886 
13 12 71 7 45 41 13 23 1149 
54 26 66 7 68 59 9 40 924 
3 40 14 12 76 76 21 70 685 
32 49 16 42 46 20 20 45 1056 
2 11 26 35 55 37 17 41 1118 
96 87 14 100 33 16 34 85 50 
63 3 38 97 88 77 85 82 905 
82 14 82 48 89 25 73 9 352 
54 70 87 79 97 36 85 27 1018 
46 34 18 102 10 63 16 59 513 
52 7 25 51 52 75 63 37 341 
13 51 100 91 29 26 87 82 190 
20 85 8 4 14 63 94 41 590 
60 82 5 21 33 32 83 23 23 
7 5 20 15 18 62 8 74 936 
87 58 7 93 17 31 47 98 902 
38 50 95 65 59 13 27 4 668 
26 94 19 70 9 8 25 82 945 
99 8 69 48 98 42 86 8 1017 
45 69 68 77 76 38 58 47 891 
11 44 47 9 90 16 8 84 974 
61 20 50 101 71 37 53 50 1102 
9 93 55 55 81 53 30 84 435 
91 52 20 84 14 64 35 16 463 
34 92 19 55 42 16 63 27 1084 
37 46 100 33 25 28 48 52 669 
22 58 66 96 81 8 81 19 397 
64 80 8 88 68 57 99 22 719 
75 56 53 41 94 56 65 95 467 
39 60 28 94 38 64 10 15 710 
76 40 12 13 76 25 83 101 582 
85 51 80 46 36 6 69 75 1172 
6 83 66 12 34 88 70 44 722 
8 72 44 46 80 54 99 25 1005 
51 64 82 30 60 95 8 82 545 
62 95 26 25 27 65 68 6 397 
96 66 8 26 45 35 66 77 360 
8 41 72 27 49 13 24 21 142 
18 78 25 74 6 54 44 10 593 
37 85 47 81 80 77 22 5 726 
78 27 21 49 65 85 65 2 508 
76 37 48 15 3 8 53 52 336 
11 24 62 56 84 36 86 31 1126 
86 29 63 98 7 46 54 47 1147 
94 71 15 42 10 6 12 70 903 
4 24 84 41 29 29 49 13 991 
102 24 45 87 65 36 93 81 898 
82 81 31 4 63 58 14 61 989 
16 71 16 58 46 16 62 84 84 
12 47 102 36 50 97 65 54 289 
52 9 9 81 52 31 33 32 1091 
47 2 63 28 29 70 49 35 513 
69 46 80 31 27 83 29 83 427 
76 49 33 37 41 11 34 64 634 
