8 6
150
43 76 78 42 16 86 60 53 778 
31 101 2 100 94 42 62 59 703 
19 78 15 90 16 56 73 29 546 
63 62 84 89 44 50 19 49 380 
29 24 6 9 67 20 19 20 488 
28 35 34 49 85 51 74 90 250 
32 55 62 24 71 89 41 100 1111 
83 44 59 54 83 47 11 35 423 
55 12 13 97 73 98 17 47 1158 
14 16 80 35 17 57 30 90 1160 
73 8 55 19 69 69 30 38 928 
85 75 54 89 40 52 17 21 948 
11 37 83 66 9 25 94 29 1027 
15 50 29 4 27 95 52 40 334 
83 38 45 46 69 38 22 34 884 
45 27 78 30 21 98 79 21 641 
16 8 101 32 27 43 85 17 1069 
50 82 50 61 40 101 25 36 1015 
37 66 70 47 46 77 53 52 22 
10 87 32 34 27 8 43 38 394 
30 53 14 4 63 54 51 74 633 
26 86 89 79 7 87 15 45 666 
86 70 64 26 81 77 41 78 366 
60 19 57 44 19 3 69 96 1010 
73 35 5 18 99 74 25 29 802 
16 33 81 47 21 85 54 59 830 
72 7 74 39 65 87 25 93 677 
99 84 69 88 12 13 4 43 126 
53 70 74 92 2 53 11 27 548 
52 15 99 75 93 62 36 99 1096 
12 37 71 20 95 8 19 29 561 
101 30 23 70 44 80 74 3 1091 
98 82 6 23 29 40 43 74 956 
60 26 93 8 54 14 24 94 86 
43 35 77 68 74 76 8 13 1184 
25 84 73 22 2 92 73 40 207 
87 91 9 33 79 23 30 62 37 
57 94 78 11 48 52 73 34 834 
17 32 10 33 17 19 43 19 1102 
9 40 26 3 37 17 98 39 39 
102 11 57 55 40 15 73 53 227 
23 16 38 23 51 71 24 59 95 
11 56 76 92 92 62 33 22 267 
81 55 59 63 15 12 49 73 274 
15 63 94 97 62 67 100 23 37 
56 89 91 57 82 81 9 89 1007 
31 11 22 97 24 20 93 93 1195 
63 62 3 28 76 80 48 11 1166 
18 15 96 11 94 71 59 79 411 
35 26 75 80 56 29 29 20 754 
5 19 41 75 6 71 69 39 742 
4 30 15 12 11 73 86 93 900 
90 22 19 52 40 47 87 60 822 
26 85 8 76 101 58 19 46 1122 
58 45 11 27 44 57 11 57 603 
22 25 18 5 97 65 55 41 1197 
46 55 81 96 90 48 4 45 656 
56 30 31 59 96 67 81 30 592 
66 65 80 64 43 85 98 66 436 
54 23 91 45 23 61 60 74 1114 
14 64 56 65 26 102 4 56 341 
22 65 31 53 25 69 16 91 937 
22 84 13 98 100 26 13 52 262 
67 13 8 72 101 23 76 69 806 
96 3 41 80 62 89 57 78 12 
9 3 100 24 31 34 85 40 1106 
82 18 65 32 55 75 80 39 529 
23 52 67 9 79 59 3 23 1072 
39 44 24 26 43 24 25 6 604 
25 45 84 76 89 63 33 96 623 
5 66 51 68 102 26 46 36 322 
38 101 26 43 23 10 47 48 1179 
71 58 77 43 9 51 26 57 1151 
63 50 65 6 78 84 8 101 698 
41 73 44 100 82 10 98 89 56 
27 84 24 76 31 44 66 64 470 
78 64 59 102 44 47 32 85 1053 
66 34 25 44 37 24 53 8 912 
56 73 78 69 47 22 46 101 893 
74 89 21 23 42 16 46 32 455 
2 41 31 99 71 99 24 35 678 
84 85 48 3 25 25 69 12 1122 
64 11 19 39 58 45 74 60 1175 
69 44 94 11 100 8 87 53 822 
47 60 4 81 47 14 67 65 202 
28 73 67 98 56 32 25 84 249 
22 66 85 88 27 13 3 56 1105 
65 75 87 43 18 74 58 24 641 
92 85 66 7 74 95 28 48 1064 
33 74 91 64 88 18 88 67 1069 
86 61 35 93 80 93 24 3 1101 
33 88 57 95 42 34 80 35 1203 
58 17 93 93 62 81 26 72 1015 
4 3 89 71 57 53 86 74 773 
21 100 7 76 86 73 5 97 732 
34 40 34 59 86 55 20 32 613 
98 95 101 56 70 11 10 22 1221 
5 65 33 6 11 70 71 60 427 
95 84 33 22 90 67 21 94 382 
53 47 19 36 53 27 3 90 966 
66 67 33 99 68 66 73 102 394 
31 29 32 66 90 28 20 27 588 
21 77 7 36 37 78 79 58 915 
84 72 14 8 5 22 91 7 1136 
6 98 18 70 51 90 35 92 793 
3 90 60 93 17 27 79 84 160 
75 33 33 57 21 12 91 91 368 
22 25 26 11 77 85 35 16 356 
34 53 28 19 3 46 13 78 842 
19 93 56 89 31 23 9 18 907 
64 51 79 8 81 62 60 15 828 
43 94 15 77 60 3 98 47 385 
89 58 32 89 46 45 43 74 1197 
78 35 96 5 4 61 11 73 797 
54 28 74 68 61 89 79 72 1031 
58 44 35 56 92 86 92 23 731 
46 77 7 36 67 9 65 85 985 
76 40 92 56 68 89 38 46 233 
61 23 99 44 12 76 61 87 361 
67 24 44 12 15 83 101 67 1170 
62 20 63 67 5 79 9 5 391 
96 3 78 47 20 48 67 33 1220 
65 4 67 33 77 82 80 99 743 
40 65 27 11 57 3 94 78 317 
60 96 20 22 37 9 44 67 1030 
55 22 6 98 47 84 84 38 772 
32 31 46 83 89 8 18 71 488 
9 87 48 77 55 44 23 9 445 
84 45 68 61 91 12 98 27 946 
58 44 20 45 29 21 40 64 576 
84 79 9 14 6 69 69 38 972 
40 80 69 65 78 40 48 102 1145 
99 74 42 36 88 65 30 62 330 
24 66 60 29 39 93 97 41 375 
31 72 41 102 93 55 33 60 575 
12 95 68 82 99 29 27 43 1104 
8 50 93 46 86 46 42 47 878 
23 13 43 78 70 39 10 19 371 
57 99 82 90 5 30 18 20 813 
62 44 69 33 4 98 3 90 1107 
42 87 88 97 62 48 83 11 577 
8 37 27 31 74 82 99 73 541 
12 21 47 64 31 68 80 81 44 
6 92 11 47 76 82 49 70 394 
46 62 39 36 8 96 83 12 1022 
43 33 72 90 36 33 53 93 848 
48 79 58 22 19 82 44 79 239 
41 63 62 47 85 6 49 55 129 
9 78 15 53 83 21 84 39 592 
35 18 58 79 96 85 13 3 1109 
