2 4
150
72 51 608 
57 69 368 
89 83 520 
73 88 792 
52 54 105 
24 38 728 
3 87 229 
11 37 483 
83 44 178 
80 15 400 
63 28 725 
41 76 740 
25 19 747 
79 69 21 
44 2 530 
43 93 657 
48 58 374 
4 67 753 
87 63 119 
17 76 207 
25 10 555 
17 12 496 
10 12 633 
24 101 155 
100 26 148 
28 69 279 
96 42 412 
43 35 466 
5 61 496 
99 56 110 
78 10 350 
68 56 484 
36 29 736 
6 34 661 
5 26 470 
29 7 335 
76 62 766 
82 23 278 
77 84 616 
13 13 422 
2 14 460 
66 48 738 
78 33 576 
61 93 326 
46 92 67 
71 40 75 
102 78 442 
22 24 771 
21 98 712 
11 93 583 
86 26 130 
41 6 170 
27 40 640 
69 53 600 
72 18 560 
56 38 254 
28 8 359 
69 13 289 
100 82 730 
64 47 404 
5 69 327 
101 77 553 
26 7 701 
89 47 815 
33 35 209 
83 51 55 
28 67 488 
58 85 701 
30 19 101 
83 43 197 
33 65 763 
31 66 682 
36 73 333 
3 32 255 
47 41 497 
46 38 643 
12 19 253 
85 38 651 
92 49 690 
56 73 473 
57 45 525 
64 58 668 
8 4 562 
44 49 638 
68 27 289 
31 13 363 
27 86 663 
35 73 198 
95 50 222 
16 41 139 
101 82 815 
85 47 707 
69 85 672 
81 40 281 
12 70 572 
55 19 91 
46 63 295 
42 31 716 
79 24 594 
42 71 66 
57 95 510 
54 45 551 
80 85 649 
51 64 229 
64 48 378 
49 26 27 
56 42 257 
18 71 638 
83 61 415 
14 8 193 
16 29 118 
76 26 368 
74 60 203 
5 77 277 
33 98 811 
10 80 677 
44 32 803 
72 88 236 
79 41 191 
86 73 688 
19 68 630 
58 37 288 
16 90 179 
3 77 536 
80 53 536 
100 87 601 
81 75 657 
70 73 623 
27 46 332 
87 100 698 
24 90 708 
42 88 71 
59 78 499 
66 96 740 
63 42 447 
35 93 284 
65 81 444 
52 7 803 
6 51 780 
3 33 739 
97 30 732 
38 81 714 
81 40 536 
59 43 75 
15 17 640 
92 9 247 
24 94 433 
8 24 156 
33 74 670 
90 39 303 
