4 2
150
14 79 52 66 148 
4 91 62 91 33 
16 81 88 66 308 
78 20 56 43 87 
3 59 91 72 355 
27 48 79 55 356 
65 20 4 59 269 
101 98 59 21 317 
30 39 26 69 367 
93 96 22 86 289 
97 77 16 43 325 
57 90 83 79 45 
58 13 9 4 185 
99 78 31 100 313 
82 64 36 66 378 
67 35 25 82 392 
34 28 96 84 376 
90 5 63 80 44 
13 17 82 11 90 
19 32 24 24 381 
16 67 24 9 370 
35 43 53 51 62 
24 67 3 83 322 
32 20 27 12 235 
95 17 53 90 269 
67 84 27 44 309 
37 14 3 88 334 
69 5 89 93 241 
49 55 15 65 360 
48 16 101 32 374 
101 7 14 66 2 
101 16 36 43 107 
53 17 10 75 325 
13 66 17 101 50 
29 32 36 53 46 
43 5 90 102 83 
53 85 98 53 311 
33 102 39 88 337 
55 71 48 68 32 
33 46 42 85 317 
84 101 102 20 265 
71 73 63 55 243 
99 28 37 23 306 
70 22 60 99 201 
13 29 30 19 239 
60 87 70 46 326 
99 65 7 24 157 
54 86 79 88 31 
62 41 86 29 350 
30 36 27 93 161 
13 88 45 36 272 
57 73 85 62 29 
86 5 19 76 257 
36 23 15 85 97 
87 44 74 92 365 
74 45 3 33 128 
26 62 79 7 280 
12 22 72 58 342 
82 3 20 81 94 
59 24 12 66 212 
8 24 44 69 223 
71 16 55 47 385 
13 72 54 31 338 
27 27 14 7 215 
16 53 59 101 176 
86 27 95 69 134 
52 35 39 81 102 
4 20 12 52 406 
98 69 27 64 297 
13 51 91 98 400 
33 11 7 14 156 
57 67 44 26 289 
46 23 88 15 180 
80 35 74 6 328 
8 17 64 8 232 
49 28 97 29 133 
37 38 98 71 6 
43 30 27 43 285 
40 78 88 82 226 
76 83 15 20 387 
80 79 87 18 375 
18 49 102 57 371 
31 72 17 94 148 
11 27 19 14 13 
52 10 33 36 176 
32 32 85 52 336 
68 15 79 34 223 
60 52 82 79 346 
96 31 72 52 167 
70 63 96 46 190 
51 65 3 17 186 
72 48 53 75 252 
88 67 51 75 102 
18 94 85 40 318 
60 47 42 29 38 
23 39 83 96 306 
71 38 41 6 135 
5 15 65 89 344 
15 102 9 18 402 
31 82 99 28 103 
78 79 58 68 360 
7 25 76 8 100 
35 67 59 101 376 
52 28 47 42 90 
5 32 99 55 267 
61 40 27 30 326 
43 42 57 71 404 
94 82 75 18 117 
82 41 59 64 210 
50 45 10 25 198 
5 36 59 6 90 
48 82 4 3 121 
69 101 48 28 338 
95 12 90 101 408 
72 55 31 14 173 
67 75 36 4 73 
18 32 3 82 313 
9 85 53 49 217 
14 80 74 89 253 
83 95 33 82 238 
40 56 11 25 320 
52 7 47 64 234 
75 48 2 85 55 
39 100 67 52 310 
12 61 43 49 360 
94 83 45 52 250 
74 44 57 46 324 
64 23 80 4 110 
4 39 91 92 325 
68 80 91 75 102 
85 30 83 6 196 
81 15 64 37 353 
71 65 97 3 349 
33 93 58 6 210 
18 22 65 25 302 
75 72 53 69 93 
16 95 71 27 318 
46 63 53 98 407 
51 60 44 18 238 
41 44 90 7 200 
76 24 86 24 35 
66 66 60 32 307 
12 64 98 15 295 
78 95 72 25 170 
72 43 61 6 12 
60 79 50 67 142 
33 84 49 20 198 
94 10 49 19 60 
82 5 23 23 368 
89 65 32 45 337 
