4 8
150
96 14 59 98 483 
65 16 82 11 1033 
4 5 59 45 1235 
74 80 64 52 577 
27 51 23 70 1599 
37 72 39 17 427 
33 28 16 99 1384 
6 79 11 73 1132 
24 33 40 47 1437 
70 90 97 24 1459 
48 92 89 5 74 
47 93 91 100 1542 
95 78 66 85 531 
78 91 61 60 1178 
97 71 93 82 216 
96 14 77 82 486 
49 77 18 28 1305 
43 41 13 95 648 
14 90 14 79 1241 
48 69 56 15 191 
81 31 38 51 1546 
79 101 8 92 171 
36 18 11 70 776 
20 62 40 5 1492 
40 81 68 21 981 
8 59 16 6 1099 
29 59 65 70 830 
20 40 68 33 43 
44 34 23 85 101 
98 81 45 32 940 
87 30 53 23 1209 
2 65 20 91 1442 
22 87 4 24 1358 
78 55 43 19 482 
82 96 9 3 807 
7 59 86 15 1042 
29 16 86 49 1337 
101 8 44 96 827 
57 23 79 45 1345 
59 32 101 101 489 
45 40 28 2 1265 
93 23 52 74 1126 
45 81 7 28 997 
8 3 57 42 1376 
72 13 49 69 1210 
61 19 66 20 1512 
77 61 86 85 339 
91 90 86 71 1477 
80 58 72 27 130 
78 18 53 84 1241 
58 77 60 17 979 
34 93 61 28 297 
76 59 34 81 1536 
86 97 24 7 1173 
21 19 88 52 107 
16 44 24 61 1600 
46 68 85 44 603 
102 2 71 25 1450 
100 30 60 53 266 
23 26 93 33 388 
83 96 48 12 938 
41 91 10 11 752 
92 72 3 30 1217 
11 76 92 44 1539 
86 28 101 18 1207 
92 61 37 36 1393 
92 53 93 37 282 
52 21 75 87 1597 
13 94 62 79 1611 
30 30 32 79 125 
49 36 50 39 650 
57 97 32 38 1098 
82 56 77 25 917 
41 81 67 13 407 
91 4 7 46 1364 
94 68 24 19 748 
64 30 60 28 627 
57 5 56 97 1022 
57 91 38 20 286 
58 19 39 23 972 
51 65 22 54 297 
47 32 6 55 780 
90 75 15 92 82 
54 98 50 87 14 
38 27 72 50 1142 
3 67 89 29 445 
77 31 3 60 1580 
102 10 8 10 1516 
28 101 3 50 1210 
84 78 48 15 1063 
62 71 54 22 380 
26 95 74 84 289 
82 45 79 28 1193 
61 73 57 95 85 
46 92 42 94 1227 
39 27 24 76 1431 
27 21 76 64 1098 
8 80 83 37 1197 
9 39 26 93 205 
85 24 77 77 248 
13 23 55 10 349 
72 31 62 47 1403 
101 72 100 96 1519 
64 70 17 61 1103 
83 92 22 22 1598 
9 68 52 82 1506 
17 52 50 61 1250 
6 68 69 43 1594 
79 20 39 51 1218 
39 41 32 100 832 
16 10 18 9 552 
23 2 35 12 235 
5 81 82 55 1162 
50 25 41 20 1458 
97 4 76 63 1484 
65 55 74 48 999 
70 39 54 31 1272 
9 37 43 27 903 
5 35 59 28 1542 
99 40 86 80 429 
16 3 14 10 907 
14 36 57 18 1152 
70 31 89 51 764 
69 29 53 77 1047 
16 84 15 64 1405 
64 47 50 69 1532 
27 71 96 21 770 
69 27 46 75 1069 
75 82 27 57 1423 
76 48 10 82 458 
72 89 11 15 202 
34 89 51 24 1527 
69 88 90 24 747 
101 37 70 4 1304 
44 86 80 11 1480 
36 60 61 77 191 
18 39 70 41 396 
39 62 83 9 250 
82 77 24 82 1604 
89 94 4 11 1441 
42 81 9 102 1407 
88 12 2 25 1277 
76 30 76 13 1272 
32 20 51 100 137 
41 56 63 88 6 
68 64 100 13 56 
44 57 52 89 1173 
39 33 70 54 623 
30 62 60 31 669 
53 3 13 4 1114 
