8 8
150
32 77 81 65 22 51 3 78 748 
86 102 27 37 70 29 84 51 803 
46 43 53 43 29 6 70 84 326 
23 71 55 61 19 65 59 71 780 
80 80 47 30 59 79 83 81 1245 
88 49 65 39 32 67 71 40 286 
69 92 50 77 96 40 31 83 115 
94 27 85 64 80 101 81 6 1150 
6 18 86 75 62 50 29 84 567 
59 86 41 90 92 81 47 92 1294 
102 5 86 9 101 79 72 90 885 
95 26 71 65 59 28 97 67 361 
36 96 32 2 50 14 5 74 1573 
69 6 37 6 18 90 22 82 18 
89 99 19 9 5 74 96 36 949 
67 96 29 16 95 27 59 14 1572 
51 101 57 74 6 29 82 5 1374 
21 91 10 83 46 80 27 10 1111 
7 28 93 60 8 16 56 40 1284 
72 56 13 12 49 7 94 73 1314 
48 17 95 93 29 102 89 77 727 
52 86 52 51 91 87 59 54 1392 
8 93 95 43 19 68 50 13 802 
75 11 44 5 92 75 99 81 1516 
77 16 101 93 73 33 71 6 881 
31 22 67 27 56 97 21 88 1304 
89 7 100 30 45 19 53 16 1083 
4 49 96 79 54 12 94 84 622 
88 17 22 64 74 16 14 21 1471 
86 50 57 49 86 6 95 12 1210 
97 49 73 85 42 59 67 69 929 
62 53 70 58 35 74 59 35 1167 
62 28 35 86 18 25 28 69 1078 
13 58 65 93 87 45 37 99 571 
69 5 76 65 99 7 59 54 1115 
24 30 17 85 91 53 34 35 1369 
43 13 33 50 59 75 93 56 182 
96 71 69 28 22 38 39 92 500 
99 99 31 31 29 66 57 6 640 
53 30 69 14 61 54 61 97 1410 
6 21 48 3 74 45 96 65 1359 
4 98 10 81 49 101 22 37 593 
57 14 85 69 95 54 36 42 418 
46 84 12 17 69 28 51 35 1162 
86 98 26 88 37 67 83 55 137 
34 74 84 70 94 25 17 6 1345 
5 38 29 96 69 35 20 51 1325 
75 89 31 84 32 16 30 38 645 
14 71 79 21 89 41 46 4 1102 
46 78 91 89 102 65 45 49 1576 
46 92 30 94 70 88 86 10 1091 
81 52 45 70 42 58 86 5 572 
7 86 52 90 52 67 67 76 1189 
94 88 89 68 40 85 19 85 749 
13 22 3 93 37 81 74 67 857 
27 78 38 35 5 98 30 40 1017 
49 59 42 65 29 97 15 94 358 
82 15 14 62 53 59 12 75 1359 
36 16 51 72 17 88 15 42 1590 
39 60 85 92 40 2 23 72 431 
8 50 95 8 80 45 59 94 844 
43 67 27 81 25 32 15 96 399 
15 79 44 56 53 88 99 78 547 
41 92 77 13 41 83 33 6 410 
92 31 37 8 15 25 36 74 1225 
74 60 38 54 79 46 78 9 1526 
87 54 99 9 10 4 12 20 46 
78 31 28 47 50 20 7 25 1063 
91 10 65 21 22 81 13 27 305 
100 89 14 34 38 34 89 48 859 
30 85 22 35 98 97 22 60 688 
51 29 12 19 49 56 81 89 1626 
32 68 33 20 98 85 85 14 518 
92 47 96 97 60 4 68 79 667 
47 57 14 71 100 65 39 65 1599 
11 82 41 61 55 51 34 59 1303 
23 12 89 39 52 85 65 32 212 
50 56 72 10 54 72 15 36 515 
89 63 70 71 83 35 87 76 522 
94 34 94 47 65 2 24 47 1089 
56 10 7 31 7 70 52 91 141 
30 3 31 71 47 21 19 46 1563 
14 54 32 55 54 78 53 73 1600 
23 5 93 71 87 9 5 61 434 
28 61 58 102 21 94 27 59 1190 
5 25 88 75 30 20 7 12 1507 
39 3 57 32 79 36 72 31 1396 
19 61 18 24 68 88 94 93 1401 
42 14 35 40 31 97 5 50 785 
14 50 78 75 67 77 17 69 957 
73 98 83 24 31 92 8 9 1601 
59 83 59 2 83 38 35 67 1605 
61 101 74 62 29 31 88 61 1330 
12 47 96 43 9 101 30 23 1546 
7 20 85 46 34 23 99 48 1098 
93 14 68 41 42 102 78 58 1111 
89 13 72 54 37 73 11 98 1026 
6 17 76 60 74 62 44 30 764 
18 17 68 53 65 83 64 97 771 
17 73 7 96 67 54 33 43 172 
27 54 85 14 37 38 60 95 505 
95 36 41 8 100 14 55 63 659 
4 38 49 91 92 42 25 95 422 
60 12 52 24 28 33 52 19 1235 
66 5 82 33 94 72 52 70 1008 
10 11 75 95 43 6 13 32 82 
65 38 64 45 91 44 12 2 1358 
83 73 9 10 58 83 38 91 942 
62 73 46 79 41 24 80 17 1375 
55 68 71 48 13 98 28 89 1314 
16 23 16 41 23 94 89 71 1581 
56 102 55 94 58 54 48 53 959 
63 88 99 42 67 75 59 59 563 
17 36 63 13 84 72 2 25 1113 
45 23 52 54 92 72 27 26 257 
33 62 12 19 2 61 40 67 11 
85 76 58 43 83 65 60 75 574 
38 46 20 85 94 35 86 5 494 
10 11 98 30 17 43 60 28 1582 
27 100 36 3 75 18 71 19 798 
14 4 42 89 96 19 37 91 1313 
100 50 71 78 35 99 31 32 922 
6 58 61 18 85 57 68 35 1223 
3 37 72 3 16 77 87 74 19 
92 23 17 81 95 28 62 62 1266 
30 51 67 39 74 45 62 67 1005 
92 98 21 87 23 64 44 36 884 
12 98 36 96 94 63 98 41 142 
44 27 64 36 57 26 80 40 1376 
12 66 65 29 43 51 15 97 1242 
85 8 2 55 39 61 73 52 1041 
45 37 59 6 43 35 37 20 650 
101 58 43 97 9 85 79 34 1144 
93 85 57 87 83 99 87 15 545 
11 91 90 5 64 7 62 37 56 
30 8 24 31 94 25 11 16 642 
38 90 101 19 78 7 91 82 1100 
11 60 56 62 21 30 102 28 476 
54 98 95 37 37 74 82 52 427 
50 64 93 33 78 68 59 51 423 
37 94 15 85 16 84 40 53 1255 
51 70 89 96 32 68 96 60 297 
48 2 54 29 39 28 81 44 296 
78 79 84 89 4 72 4 67 567 
18 70 84 13 100 86 97 32 1342 
41 56 34 27 39 20 50 13 805 
76 10 57 90 7 74 66 63 1199 
97 64 67 19 94 66 33 81 1463 
38 37 4 70 33 9 46 42 1433 
88 53 42 66 41 93 22 31 940 
