6 4
150
18 5 49 76 69 40 781 
70 5 31 83 25 66 424 
100 25 87 92 35 43 560 
21 45 32 94 11 7 245 
82 66 75 46 61 43 518 
43 73 17 18 82 77 453 
34 4 23 46 54 37 416 
25 18 21 5 41 63 796 
62 19 84 60 35 68 716 
41 58 38 65 25 91 468 
53 72 77 55 68 15 711 
43 11 50 59 72 81 461 
50 56 43 23 82 68 662 
57 35 60 49 12 70 759 
48 87 83 31 48 96 589 
48 46 52 75 50 12 149 
9 36 3 65 89 33 742 
3 97 44 45 25 78 789 
39 19 8 58 47 96 776 
27 69 29 26 87 86 13 
12 93 50 33 57 65 387 
101 58 86 25 38 4 370 
92 40 88 26 20 77 79 
29 47 19 5 18 25 674 
69 76 41 4 49 92 742 
6 97 14 69 15 51 310 
63 23 36 11 94 52 289 
31 43 2 70 11 94 676 
48 33 30 41 42 67 261 
85 48 23 91 14 56 700 
46 76 58 6 28 74 546 
26 85 96 26 75 49 313 
34 41 36 40 100 10 471 
65 86 30 75 87 8 635 
78 15 22 82 98 51 695 
69 46 65 85 22 18 186 
51 36 17 69 19 96 412 
9 89 53 17 48 30 659 
92 30 33 43 68 91 393 
72 76 46 79 100 55 533 
97 72 57 79 94 37 120 
52 15 8 69 14 29 561 
27 70 67 51 23 6 628 
17 34 44 57 29 77 639 
62 73 91 22 42 87 99 
19 98 40 56 95 68 332 
18 27 76 55 64 81 367 
8 82 30 79 51 90 651 
40 15 25 67 62 38 735 
44 19 50 74 44 59 73 
74 29 97 30 40 38 812 
9 70 3 67 97 35 438 
93 63 45 94 99 34 639 
85 17 91 35 32 52 603 
10 28 83 21 25 38 279 
54 35 50 13 54 82 258 
47 23 102 67 5 38 414 
58 7 82 47 27 32 726 
14 8 97 10 88 28 807 
44 22 48 75 99 22 319 
30 97 83 47 54 49 314 
96 91 69 29 16 25 429 
23 3 76 100 8 47 329 
29 55 4 68 57 34 21 
3 56 95 7 19 14 223 
12 101 2 75 86 53 151 
19 30 83 74 5 48 177 
21 74 77 94 77 101 16 
44 81 81 99 16 38 757 
37 77 24 99 13 27 90 
4 76 27 24 96 24 84 
27 23 96 54 88 83 670 
84 20 16 44 15 28 559 
22 23 77 71 17 28 663 
55 61 77 93 23 13 141 
100 51 72 82 79 94 138 
60 87 48 30 57 13 434 
58 10 57 100 102 44 666 
55 52 55 82 98 31 585 
64 21 63 67 72 67 693 
71 46 64 38 36 54 513 
37 32 43 62 17 30 791 
54 22 95 23 70 38 363 
101 19 2 83 65 47 782 
68 87 66 87 48 70 715 
66 95 64 68 93 21 147 
23 14 22 83 3 77 84 
101 70 45 4 32 43 570 
29 64 58 73 9 69 564 
47 79 77 71 62 11 717 
29 33 58 80 19 29 641 
7 82 101 64 73 88 548 
19 22 85 18 30 20 300 
33 9 97 86 54 51 619 
37 48 14 43 67 24 590 
39 90 26 15 16 93 182 
84 58 11 38 83 4 229 
59 94 55 34 94 53 785 
26 63 96 67 80 5 573 
37 89 23 7 65 97 652 
35 61 5 16 28 17 401 
52 88 50 73 49 50 638 
56 61 11 76 73 78 107 
29 33 50 38 91 54 386 
71 89 33 20 9 50 198 
35 52 21 67 39 49 605 
77 48 96 33 57 94 661 
30 15 33 94 21 69 49 
30 57 79 40 65 4 661 
100 19 55 42 102 56 168 
11 92 11 37 31 41 426 
87 56 7 36 62 68 338 
77 101 28 90 83 20 44 
96 43 29 76 47 95 624 
31 43 93 57 40 63 155 
25 25 60 92 30 56 356 
4 74 6 5 38 42 196 
19 29 54 21 38 17 123 
51 83 62 86 48 78 454 
15 16 81 24 8 25 424 
79 70 100 55 67 64 758 
71 26 74 12 55 55 97 
16 41 38 4 47 6 603 
43 99 8 84 80 90 726 
60 26 83 32 19 74 333 
62 56 68 73 56 24 654 
60 91 76 94 25 46 806 
77 45 21 63 21 80 291 
73 94 73 89 76 6 91 
102 93 82 38 83 73 443 
88 72 33 94 84 96 683 
10 35 92 57 46 92 679 
83 63 71 101 96 7 727 
64 97 86 82 20 71 476 
100 96 58 45 75 47 728 
75 90 71 39 86 54 507 
61 82 34 31 16 30 154 
32 13 40 89 68 67 193 
77 49 13 66 27 27 89 
41 36 14 73 47 96 64 
75 2 64 12 55 29 28 
17 54 53 6 43 41 555 
85 20 58 9 82 68 800 
43 60 75 62 28 53 168 
48 22 60 70 36 13 464 
13 78 79 14 40 22 492 
97 63 62 85 88 45 453 
18 58 66 68 30 12 264 
45 91 52 29 78 85 564 
35 95 38 10 30 13 594 
