2 2
150
33 69 239 
83 43 397 
66 29 368 
52 84 38 
50 3 54 
70 69 305 
15 24 325 
48 5 96 
65 74 113 
90 101 194 
88 24 176 
75 47 242 
72 94 136 
85 9 221 
17 64 373 
16 67 172 
76 94 31 
11 65 374 
61 87 266 
37 19 283 
72 78 117 
45 66 245 
68 78 229 
56 100 307 
43 32 59 
28 33 165 
34 51 28 
88 16 32 
42 80 243 
53 16 244 
96 37 303 
66 15 131 
28 74 402 
34 50 365 
88 22 383 
34 69 135 
79 35 220 
27 5 279 
65 86 253 
23 5 352 
3 17 253 
98 62 257 
3 80 74 
84 102 243 
44 2 7 
19 102 381 
15 10 45 
29 76 331 
8 71 130 
8 3 117 
72 7 282 
14 33 138 
30 91 249 
33 33 365 
17 97 136 
96 85 14 
69 48 345 
70 10 387 
78 76 167 
83 93 368 
33 97 314 
92 14 389 
92 31 283 
70 91 45 
35 85 313 
23 14 322 
50 13 351 
31 41 225 
46 4 395 
76 39 234 
95 49 402 
73 102 150 
15 27 339 
40 6 221 
36 101 232 
76 38 104 
20 56 255 
64 35 324 
6 5 229 
24 48 46 
101 18 379 
14 77 173 
14 64 339 
42 11 352 
98 12 33 
34 97 162 
100 72 269 
74 58 335 
97 33 61 
21 68 395 
83 92 325 
74 41 358 
63 24 102 
17 64 301 
44 80 188 
78 68 92 
74 74 34 
18 26 310 
47 29 246 
13 19 180 
30 95 391 
88 62 76 
9 26 291 
22 73 299 
17 86 35 
94 32 319 
38 21 264 
94 50 385 
91 66 272 
6 29 52 
30 52 19 
83 89 283 
80 58 77 
30 71 175 
53 54 6 
37 4 166 
70 55 396 
84 76 403 
81 38 184 
3 99 390 
54 5 393 
61 94 85 
71 36 396 
41 16 301 
62 11 202 
24 43 392 
95 56 256 
28 38 304 
17 48 311 
7 3 209 
26 79 241 
25 78 271 
48 94 244 
83 68 276 
45 31 160 
25 24 269 
52 59 386 
51 10 176 
35 27 275 
24 46 190 
46 66 135 
48 16 154 
17 39 134 
85 78 201 
39 15 362 
97 85 29 
38 94 99 
12 58 181 
59 78 279 
18 92 208 
