4 6
150
89 76 71 14 468 
28 50 73 28 1122 
5 51 44 4 597 
20 31 26 47 1157 
44 28 50 12 759 
60 72 43 85 876 
85 30 5 32 1116 
52 85 49 82 603 
39 4 88 32 432 
15 10 31 39 789 
98 31 82 32 1167 
64 28 61 52 982 
59 9 91 56 104 
77 48 14 13 1214 
37 84 46 98 701 
42 42 20 77 597 
52 42 6 20 922 
56 50 75 36 364 
26 26 99 102 1132 
32 15 34 24 736 
69 98 21 40 356 
16 87 87 75 680 
24 10 86 3 372 
19 5 72 81 664 
30 75 80 83 926 
14 87 47 5 330 
29 10 98 17 998 
56 23 68 91 747 
71 65 102 81 96 
17 42 98 71 930 
29 45 55 70 400 
96 20 40 64 214 
32 42 83 48 354 
16 14 71 22 935 
97 40 83 20 1038 
66 75 101 75 739 
74 90 77 29 1221 
86 56 30 85 1069 
38 85 5 74 384 
31 84 56 52 1142 
5 73 79 95 986 
91 64 37 85 834 
23 21 67 4 559 
43 67 56 48 552 
62 86 88 34 497 
14 36 11 89 684 
85 21 51 82 703 
3 14 84 49 130 
24 21 47 16 810 
19 20 3 28 1102 
66 30 9 7 410 
21 87 46 54 835 
57 54 50 29 1046 
4 72 87 47 552 
31 85 9 38 281 
43 41 74 68 291 
96 35 85 99 1123 
57 14 46 48 475 
18 70 32 81 681 
72 73 20 31 787 
49 35 58 83 743 
83 23 73 84 1136 
81 15 80 31 905 
24 71 54 37 376 
92 27 41 8 361 
64 55 30 82 651 
72 24 45 4 937 
63 79 4 38 130 
36 42 64 56 729 
5 92 3 7 418 
2 21 84 100 910 
24 96 52 54 1211 
30 94 93 31 285 
60 72 78 54 157 
47 70 17 27 1182 
52 65 87 49 329 
74 54 26 48 646 
52 41 46 30 670 
69 29 52 39 1005 
44 51 35 33 23 
34 15 51 94 1095 
35 6 59 4 304 
61 11 6 27 330 
78 71 47 78 895 
21 28 51 100 560 
20 20 80 45 674 
2 32 57 47 1155 
61 5 34 59 246 
48 84 45 5 1174 
60 25 27 12 71 
75 7 59 59 1018 
8 67 53 48 874 
17 28 17 49 303 
31 57 61 33 836 
75 39 90 58 331 
39 85 48 4 1076 
97 95 70 39 1005 
97 75 99 64 1077 
96 54 87 87 62 
22 69 98 80 821 
5 66 96 44 399 
38 19 3 33 568 
25 21 51 61 930 
24 60 79 67 359 
58 60 99 45 914 
23 54 4 53 83 
72 90 69 37 1039 
34 101 28 7 568 
81 74 69 17 796 
76 5 29 12 1017 
65 92 33 51 137 
47 68 53 69 145 
86 16 51 26 940 
37 54 16 76 542 
25 34 75 20 621 
86 93 84 80 6 
19 27 95 70 541 
82 59 20 26 486 
67 50 61 95 767 
66 25 45 41 365 
24 91 55 67 740 
33 19 14 100 336 
56 86 75 69 1153 
60 24 83 82 1190 
80 36 93 36 965 
76 75 81 58 1059 
63 51 45 50 954 
31 75 30 10 166 
64 46 22 98 1046 
83 77 93 101 55 
45 44 65 43 630 
91 100 21 88 1052 
59 40 59 14 819 
8 43 27 91 804 
88 96 75 68 432 
36 15 96 51 1197 
101 84 83 53 540 
20 88 4 99 1089 
32 56 43 24 689 
26 90 10 31 979 
42 52 4 35 231 
51 72 98 8 216 
77 6 72 91 1061 
77 59 7 70 597 
22 41 30 2 431 
34 55 53 12 137 
48 7 67 71 707 
51 82 49 35 1169 
50 92 98 81 167 
29 86 54 37 989 
