2 8
150
72 4 1406 
71 59 957 
45 70 1386 
86 41 913 
7 24 1582 
37 89 1606 
4 12 674 
36 85 1009 
26 66 510 
90 60 714 
46 92 21 
13 7 1271 
18 4 1377 
68 53 1600 
32 81 199 
52 22 935 
11 8 426 
90 93 12 
82 37 314 
26 48 1517 
29 57 160 
43 42 788 
57 96 278 
21 22 1378 
16 38 978 
45 7 68 
52 75 717 
76 82 857 
20 58 1618 
3 33 1144 
61 93 923 
93 40 1564 
90 91 635 
66 98 421 
42 91 1403 
44 76 893 
43 38 506 
17 77 1188 
51 56 1225 
59 26 1368 
51 56 1029 
49 62 468 
30 25 1603 
66 57 262 
67 88 1265 
20 36 1472 
69 78 1333 
47 62 1547 
41 46 272 
86 44 1383 
23 33 1062 
57 17 680 
65 95 476 
59 16 844 
58 79 1332 
17 52 1450 
97 33 328 
87 93 776 
4 7 1538 
70 10 277 
14 46 1311 
16 45 387 
53 12 1161 
38 58 656 
63 11 1019 
32 90 1359 
15 26 1527 
30 90 188 
67 38 661 
20 55 168 
49 96 1398 
14 47 1135 
73 45 547 
60 66 652 
20 61 1231 
82 26 1330 
87 74 271 
13 57 1364 
25 86 912 
71 51 120 
85 35 933 
63 91 998 
56 51 1044 
95 61 738 
52 57 982 
56 12 474 
38 87 202 
61 34 1320 
96 38 643 
4 91 995 
16 4 1537 
28 77 503 
85 59 1158 
16 27 1222 
20 94 222 
73 63 1630 
25 72 1215 
29 35 1043 
97 26 17 
78 69 851 
24 54 979 
5 81 917 
53 26 1313 
31 73 867 
60 24 973 
39 43 657 
69 24 1229 
41 81 317 
88 89 1136 
32 33 826 
32 9 1462 
21 95 1191 
17 16 214 
59 22 612 
21 96 1611 
23 71 184 
6 60 1351 
63 11 734 
79 84 1205 
43 19 1510 
89 23 1510 
32 102 1051 
66 41 478 
89 24 442 
29 12 35 
40 22 1381 
23 67 293 
60 28 1202 
70 71 1594 
47 44 166 
101 76 1598 
23 73 1625 
47 92 1542 
36 60 486 
84 20 574 
58 36 1612 
45 41 1021 
91 22 840 
77 30 1546 
21 64 500 
69 21 1586 
21 90 786 
31 9 643 
4 95 497 
92 88 121 
90 78 138 
41 14 581 
101 4 52 
50 12 889 
48 48 696 
