6 6
150
33 55 11 13 92 30 852 
55 52 97 15 75 82 1051 
94 21 52 3 3 27 1119 
37 19 42 81 46 72 811 
101 60 66 98 92 67 882 
24 69 78 6 25 2 1061 
35 90 47 38 54 87 852 
43 72 29 100 34 90 1178 
38 71 34 48 60 5 660 
94 33 20 85 17 16 851 
54 76 99 80 27 7 33 
31 97 45 94 87 99 714 
90 39 99 60 78 78 1054 
99 46 60 67 99 35 499 
59 29 55 40 74 2 1083 
97 32 22 9 86 96 86 
76 92 56 75 9 98 48 
95 22 27 40 40 85 671 
33 41 15 30 74 64 889 
70 91 56 15 99 72 1137 
9 79 53 95 84 81 287 
56 6 94 92 39 39 775 
9 31 101 35 19 36 795 
93 9 81 14 34 36 79 
2 2 62 12 28 13 1053 
45 75 47 58 6 33 934 
37 23 40 37 27 11 746 
63 57 82 82 38 30 205 
72 75 83 52 47 19 663 
5 34 82 13 28 79 785 
57 56 79 15 4 91 681 
88 43 79 9 27 47 482 
48 82 32 92 85 71 890 
3 66 8 61 16 24 391 
91 60 25 101 34 99 71 
3 5 69 36 41 63 1030 
34 6 45 22 74 17 708 
54 51 24 45 10 93 667 
91 73 55 90 68 26 1194 
84 55 10 95 51 36 548 
80 65 58 45 10 91 843 
62 65 41 45 9 76 445 
11 4 58 26 7 53 143 
33 16 48 75 39 89 606 
53 37 29 25 83 15 916 
88 68 102 102 5 88 358 
10 16 47 61 52 63 904 
54 54 71 45 84 35 567 
51 12 72 73 4 21 120 
30 14 22 28 63 63 276 
38 58 27 5 68 84 283 
102 3 16 90 27 78 1212 
85 60 82 101 82 31 452 
58 31 30 3 68 21 984 
4 27 35 91 102 53 191 
98 46 42 19 53 25 609 
11 58 85 79 46 13 556 
56 42 30 83 35 88 982 
29 98 4 101 65 45 1202 
78 84 101 27 26 86 1054 
16 42 84 31 7 89 580 
75 47 26 25 11 37 578 
87 7 10 69 68 37 855 
50 41 19 90 83 53 402 
77 86 53 21 29 61 499 
2 48 54 30 100 35 655 
53 79 79 56 10 53 1108 
79 93 60 61 50 18 803 
3 66 43 27 38 17 1208 
63 75 5 84 78 8 1044 
61 58 41 69 4 18 1189 
63 43 36 75 2 44 1197 
95 95 63 81 45 77 1215 
84 13 5 65 20 57 1108 
7 76 74 34 47 7 218 
38 21 93 48 102 70 485 
26 9 54 37 74 3 828 
82 44 5 35 33 88 949 
47 39 6 86 64 9 695 
69 64 43 58 39 82 700 
76 72 35 45 9 62 708 
6 53 30 48 56 25 305 
33 72 101 15 21 42 1116 
84 89 64 40 64 85 698 
48 13 82 37 23 12 70 
75 72 92 27 28 22 505 
88 79 40 10 86 34 434 
94 44 44 20 42 68 1129 
85 74 7 47 79 3 709 
42 50 13 35 15 21 720 
102 12 91 95 22 52 1176 
12 26 32 80 53 24 658 
71 39 19 83 47 15 1102 
100 87 82 51 21 85 567 
31 29 77 73 15 79 1128 
34 56 27 21 18 98 890 
50 77 69 28 81 6 864 
13 96 54 70 8 71 23 
27 11 46 4 69 52 994 
99 57 9 40 47 63 456 
85 94 64 31 19 19 616 
12 15 25 42 81 78 220 
36 25 5 9 10 92 90 
47 83 20 51 48 93 629 
21 62 90 36 45 35 340 
3 92 41 91 53 53 182 
98 22 64 90 76 65 772 
34 6 33 39 73 32 476 
13 46 82 73 28 101 1113 
55 37 7 38 44 92 397 
35 66 20 59 41 94 594 
63 58 63 74 30 90 1064 
57 58 99 74 5 91 1104 
49 62 20 27 54 26 525 
87 59 53 34 75 33 1222 
42 16 83 34 39 92 614 
90 20 100 100 13 6 1199 
81 10 67 41 3 44 1049 
6 102 33 89 71 8 928 
101 12 42 57 60 89 186 
45 19 42 68 101 42 725 
44 22 29 44 22 47 79 
50 89 95 74 91 16 449 
16 51 47 71 87 76 1081 
10 60 45 55 19 85 441 
94 27 75 5 4 29 762 
82 6 47 51 63 72 626 
25 50 85 71 75 80 356 
69 96 99 16 68 73 410 
64 86 91 5 64 72 694 
64 22 71 89 90 76 416 
48 3 22 26 7 39 1044 
12 62 86 46 6 9 302 
33 78 91 38 58 31 228 
21 58 48 101 101 96 748 
30 16 84 87 6 97 264 
95 79 92 63 36 50 626 
26 7 61 60 65 34 386 
46 82 52 34 48 17 325 
47 76 27 8 45 26 1015 
48 4 61 2 14 5 456 
101 101 77 24 83 69 1160 
53 89 43 38 64 32 1023 
36 34 55 60 82 97 594 
5 67 57 93 26 70 958 
5 2 59 54 31 96 555 
83 77 12 67 50 34 1151 
89 86 72 82 97 101 155 
71 8 44 34 10 91 1176 
36 22 33 59 101 19 585 
