6 6
150
16 81 12 34 43 78 1087 
51 92 58 99 81 72 302 
16 83 9 6 39 95 403 
30 24 70 8 10 21 228 
82 58 94 82 51 4 577 
70 81 64 60 25 4 943 
25 56 82 47 27 68 892 
101 54 56 86 34 17 1060 
59 45 28 35 59 72 842 
36 67 18 32 70 79 569 
4 47 48 16 92 58 65 
69 90 63 85 55 48 1000 
6 39 98 19 89 62 137 
38 39 27 67 34 10 1087 
92 65 17 59 90 28 1189 
10 10 72 44 61 83 1092 
56 67 52 6 27 89 373 
29 22 15 82 19 37 798 
10 23 51 60 49 18 954 
27 48 29 67 21 87 1175 
31 28 77 30 81 24 1004 
74 77 63 9 23 60 762 
45 3 79 73 93 34 1218 
89 23 85 14 67 13 365 
20 25 41 7 4 36 1199 
96 40 54 40 16 85 442 
48 90 53 28 60 18 1001 
47 52 96 30 55 99 521 
7 94 18 16 13 54 658 
54 24 4 21 26 66 595 
65 27 35 79 51 65 500 
35 35 88 9 98 50 902 
75 48 79 52 40 58 1095 
48 38 26 5 33 84 1155 
68 51 9 36 53 35 995 
27 62 53 6 35 4 882 
61 33 9 17 6 82 962 
78 27 71 88 11 61 215 
91 11 76 20 83 48 822 
86 80 75 46 17 94 589 
87 28 48 7 56 19 1061 
7 19 90 28 4 18 1096 
26 41 50 45 76 66 443 
53 78 88 54 57 7 926 
55 35 73 92 90 32 1115 
101 25 83 57 44 33 1036 
94 88 94 81 33 80 735 
41 28 3 43 31 14 419 
52 63 55 100 15 13 633 
86 19 39 17 87 100 311 
18 68 90 34 35 53 729 
92 96 75 27 29 18 167 
10 72 51 61 21 59 596 
64 31 58 31 22 35 97 
71 57 66 47 81 37 287 
61 15 10 98 63 77 736 
69 82 76 87 97 40 932 
50 90 58 69 43 79 665 
40 33 5 15 20 54 255 
41 11 81 50 83 92 595 
58 43 66 60 84 91 1164 
51 85 46 26 97 34 268 
69 10 81 40 60 71 264 
84 7 84 44 25 41 337 
72 96 39 16 50 30 1119 
49 94 11 61 90 61 1088 
51 62 91 26 22 101 889 
3 3 12 25 23 29 907 
38 83 18 61 51 70 963 
90 8 12 49 6 32 240 
18 72 81 72 12 35 411 
47 95 20 5 42 57 852 
95 29 94 29 2 19 139 
13 95 102 41 94 12 737 
56 81 79 18 71 55 1034 
33 34 55 13 96 43 1114 
90 100 59 11 15 11 1164 
81 20 22 6 15 10 70 
79 81 33 20 24 75 1119 
16 44 89 74 4 87 762 
98 40 17 8 79 22 275 
97 45 32 81 3 67 913 
63 58 14 57 47 81 666 
55 24 95 74 69 102 917 
58 72 39 13 26 35 1020 
82 7 100 38 90 85 999 
38 3 41 23 10 19 640 
87 77 18 59 8 10 529 
18 24 36 11 23 49 484 
75 95 70 79 34 93 999 
53 17 21 59 98 75 204 
23 56 53 61 85 25 865 
97 22 56 20 27 42 776 
85 66 29 70 38 44 767 
10 74 46 78 28 73 415 
62 99 2 13 37 29 1163 
70 85 52 40 27 71 958 
75 16 62 9 53 20 841 
53 94 91 62 33 56 171 
84 9 85 59 54 39 434 
25 56 9 92 16 70 179 
83 79 32 13 75 86 425 
60 86 71 77 54 67 110 
8 14 53 7 75 83 1056 
78 69 83 75 34 45 612 
62 55 19 39 52 56 860 
17 61 51 59 72 81 298 
25 16 85 102 74 29 213 
44 58 87 43 89 30 58 
12 51 40 43 43 87 1194 
34 53 39 5 13 41 1113 
55 4 49 5 4 64 658 
54 100 75 62 18 35 226 
99 34 99 65 28 68 56 
12 12 18 30 96 29 1113 
65 47 99 63 90 28 1094 
55 40 40 87 68 53 710 
53 67 83 27 54 81 427 
21 43 42 87 75 89 526 
94 33 77 9 37 65 1093 
55 78 101 30 8 31 532 
96 61 79 62 17 49 715 
47 37 5 44 49 58 539 
7 59 78 17 42 48 751 
8 65 80 33 90 71 1209 
91 84 99 48 52 93 306 
84 65 27 60 42 87 580 
99 74 67 90 9 47 584 
22 26 15 69 84 84 1077 
98 101 31 29 80 62 685 
55 8 99 99 67 21 285 
96 53 59 102 64 16 122 
93 15 45 83 25 53 851 
60 85 81 70 11 39 1048 
66 98 33 64 27 93 531 
68 70 93 44 28 26 316 
75 58 69 23 70 80 69 
88 88 47 57 10 88 1167 
25 20 31 57 84 40 371 
57 28 40 39 25 69 307 
47 54 42 99 29 46 1041 
29 14 49 43 61 82 946 
12 88 10 19 7 50 523 
52 63 88 46 89 98 227 
33 31 86 48 14 82 511 
36 8 60 84 45 12 1177 
8 84 16 25 59 55 545 
42 32 22 20 21 84 1155 
93 55 55 42 50 69 1179 
85 65 98 49 102 38 934 
