2 6
150
19 11 716 
48 28 905 
7 22 918 
13 40 1201 
4 97 377 
2 40 1204 
22 78 769 
87 27 444 
10 7 280 
53 85 1193 
58 71 372 
87 90 257 
70 25 556 
12 33 293 
10 42 1117 
83 20 1190 
50 97 908 
28 31 680 
7 34 1036 
24 39 258 
53 56 447 
79 57 850 
70 18 97 
12 35 186 
55 12 541 
41 79 1038 
47 30 1063 
28 5 1080 
25 32 492 
77 82 683 
38 48 1047 
26 61 948 
89 32 1036 
24 15 23 
91 40 762 
61 75 231 
13 68 667 
102 79 121 
36 28 622 
50 56 309 
31 95 444 
54 76 1068 
32 31 626 
69 53 576 
2 25 184 
87 38 803 
28 66 699 
23 65 174 
3 38 836 
78 92 409 
29 41 935 
61 95 245 
68 39 787 
77 32 543 
70 47 182 
9 102 663 
97 51 1095 
87 24 1101 
70 10 363 
24 53 455 
21 56 473 
20 42 151 
73 43 376 
97 22 1209 
3 53 426 
15 56 232 
101 96 451 
16 83 505 
46 44 210 
88 93 1035 
92 45 1061 
29 58 927 
8 52 59 
5 39 722 
26 102 363 
93 86 873 
57 57 665 
13 25 696 
2 7 893 
99 76 1205 
97 86 606 
48 7 931 
14 76 1161 
61 9 48 
16 99 700 
80 93 993 
14 55 706 
48 33 441 
32 82 255 
32 29 628 
5 10 932 
8 9 644 
11 79 1165 
56 81 121 
78 98 592 
53 98 321 
102 24 176 
94 88 254 
43 51 650 
16 18 308 
57 84 580 
46 58 1208 
30 10 1094 
7 70 163 
88 60 915 
50 71 430 
90 82 1018 
97 32 55 
39 13 277 
57 67 709 
102 98 755 
72 100 1179 
64 35 491 
52 25 1082 
39 97 663 
3 8 342 
48 95 982 
20 28 443 
44 63 638 
45 9 553 
78 74 524 
34 7 887 
54 18 734 
80 87 448 
97 40 697 
97 60 431 
52 38 65 
97 12 886 
80 84 858 
28 30 459 
46 21 321 
97 75 621 
48 7 1102 
84 52 1102 
70 70 94 
46 25 1075 
81 49 37 
19 95 867 
42 84 768 
72 56 290 
4 28 1074 
25 36 808 
12 2 793 
8 51 646 
47 71 1057 
17 29 515 
67 36 717 
84 48 991 
36 29 328 
57 57 1124 
