6 2
150
18 5 49 76 69 40 390 
70 5 31 83 25 66 213 
100 25 87 92 35 43 280 
21 45 32 94 11 7 123 
82 66 75 46 61 43 259 
43 73 17 18 82 77 227 
34 4 23 46 54 37 209 
25 18 21 5 41 63 398 
62 19 84 60 35 68 358 
41 58 38 65 25 91 234 
53 72 77 55 68 15 356 
43 11 50 59 72 81 231 
50 56 43 23 82 68 331 
57 35 60 49 12 70 379 
48 87 83 31 48 96 295 
48 46 52 75 50 12 76 
9 36 3 65 89 33 371 
3 97 44 45 25 78 395 
39 19 8 58 47 96 388 
27 69 29 26 87 86 8 
12 93 50 33 57 65 194 
101 58 86 25 38 4 186 
92 40 88 26 20 77 40 
29 47 19 5 18 25 337 
69 76 41 4 49 92 371 
6 97 14 69 15 51 156 
63 23 36 11 94 52 145 
31 43 2 70 11 94 338 
48 33 30 41 42 67 131 
85 48 23 91 14 56 350 
46 76 58 6 28 74 273 
26 85 96 26 75 49 157 
34 41 36 40 100 10 236 
65 86 30 75 87 8 318 
78 15 22 82 98 51 347 
69 46 65 85 22 18 94 
51 36 17 69 19 96 207 
9 89 53 17 48 30 330 
92 30 33 43 68 91 197 
72 76 46 79 100 55 267 
97 72 57 79 94 37 61 
52 15 8 69 14 29 281 
27 70 67 51 23 6 314 
17 34 44 57 29 77 320 
62 73 91 22 42 87 50 
19 98 40 56 95 68 166 
18 27 76 55 64 81 184 
8 82 30 79 51 90 326 
40 15 25 67 62 38 368 
44 19 50 74 44 59 37 
74 29 97 30 40 38 406 
9 70 3 67 97 35 220 
93 63 45 94 99 34 320 
85 17 91 35 32 52 302 
10 28 83 21 25 38 140 
54 35 50 13 54 82 129 
47 23 102 67 5 38 208 
58 7 82 47 27 32 363 
14 8 97 10 88 28 404 
44 22 48 75 99 22 160 
30 97 83 47 54 49 158 
96 91 69 29 16 25 215 
23 3 76 100 8 47 165 
29 55 4 68 57 34 12 
3 56 95 7 19 14 112 
12 101 2 75 86 53 76 
19 30 83 74 5 48 89 
21 74 77 94 77 101 9 
44 81 81 99 16 38 379 
37 77 24 99 13 27 46 
4 76 27 24 96 24 43 
27 23 96 54 88 83 335 
84 20 16 44 15 28 280 
22 23 77 71 17 28 332 
55 61 77 93 23 13 71 
100 51 72 82 79 94 70 
60 87 48 30 57 13 218 
58 10 57 100 102 44 333 
55 52 55 82 98 31 293 
64 21 63 67 72 67 347 
71 46 64 38 36 54 257 
37 32 43 62 17 30 396 
54 22 95 23 70 38 182 
101 19 2 83 65 47 391 
68 87 66 87 48 70 358 
66 95 64 68 93 21 74 
23 14 22 83 3 77 43 
101 70 45 4 32 43 285 
29 64 58 73 9 69 282 
47 79 77 71 62 11 359 
29 33 58 80 19 29 320 
7 82 101 64 73 88 274 
19 22 85 18 30 20 151 
33 9 97 86 54 51 310 
37 48 14 43 67 24 295 
39 90 26 15 16 93 92 
84 58 11 38 83 4 115 
59 94 55 34 94 53 393 
26 63 96 67 80 5 287 
37 89 23 7 65 97 326 
35 61 5 16 28 17 201 
52 88 50 73 49 50 319 
56 61 11 76 73 78 54 
29 33 50 38 91 54 194 
71 89 33 20 9 50 100 
35 52 21 67 39 49 303 
77 48 96 33 57 94 331 
30 15 33 94 21 69 25 
30 57 79 40 65 4 331 
100 19 55 42 102 56 85 
11 92 11 37 31 41 213 
87 56 7 36 62 68 170 
77 101 28 90 83 20 23 
96 43 29 76 47 95 312 
31 43 93 57 40 63 78 
25 25 60 92 30 56 179 
4 74 6 5 38 42 99 
19 29 54 21 38 17 62 
51 83 62 86 48 78 227 
15 16 81 24 8 25 213 
79 70 100 55 67 64 379 
71 26 74 12 55 55 49 
16 41 38 4 47 6 302 
43 99 8 84 80 90 363 
60 26 83 32 19 74 167 
62 56 68 73 56 24 327 
60 91 76 94 25 46 403 
77 45 21 63 21 80 146 
73 94 73 89 76 6 46 
102 93 82 38 83 73 222 
88 72 33 94 84 96 342 
10 35 92 57 46 92 340 
83 63 71 101 96 7 364 
64 97 86 82 20 71 238 
100 96 58 45 75 47 364 
75 90 71 39 86 54 254 
61 82 34 31 16 30 78 
32 13 40 89 68 67 97 
77 49 13 66 27 27 45 
41 36 14 73 47 96 33 
75 2 64 12 55 29 15 
17 54 53 6 43 41 278 
85 20 58 9 82 68 400 
43 60 75 62 28 53 85 
48 22 60 70 36 13 233 
13 78 79 14 40 22 246 
97 63 62 85 88 45 227 
18 58 66 68 30 12 133 
45 91 52 29 78 85 282 
35 95 38 10 30 13 297 
