4 8
150
89 76 71 14 624 
28 50 73 28 1496 
5 51 44 4 796 
20 31 26 47 1543 
44 28 50 12 1012 
60 72 43 85 1168 
85 30 5 32 1488 
52 85 49 82 804 
39 4 88 32 576 
15 10 31 39 1052 
98 31 82 32 1557 
64 28 61 52 1309 
59 9 91 56 138 
77 48 14 13 1618 
37 84 46 98 934 
42 42 20 77 796 
52 42 6 20 1230 
56 50 75 36 485 
26 26 99 102 1510 
32 15 34 24 981 
69 98 21 40 474 
16 87 87 75 906 
24 10 86 3 495 
19 5 72 81 884 
30 75 80 83 1235 
14 87 47 5 439 
29 10 98 17 1330 
56 23 68 91 996 
71 65 102 81 128 
17 42 98 71 1239 
29 45 55 70 532 
96 20 40 64 284 
32 42 83 48 471 
16 14 71 22 1246 
97 40 83 20 1384 
66 75 101 75 985 
74 90 77 29 1628 
86 56 30 85 1425 
38 85 5 74 511 
31 84 56 52 1523 
5 73 79 95 1314 
91 64 37 85 1112 
23 21 67 4 745 
43 67 56 48 735 
62 86 88 34 662 
14 36 11 89 911 
85 21 51 82 937 
3 14 84 49 172 
24 21 47 16 1080 
19 20 3 28 1469 
66 30 9 7 546 
21 87 46 54 1113 
57 54 50 29 1394 
4 72 87 47 736 
31 85 9 38 374 
43 41 74 68 387 
96 35 85 99 1498 
57 14 46 48 633 
18 70 32 81 908 
72 73 20 31 1050 
49 35 58 83 990 
83 23 73 84 1514 
81 15 80 31 1207 
24 71 54 37 501 
92 27 41 8 480 
64 55 30 82 867 
72 24 45 4 1249 
63 79 4 38 173 
36 42 64 56 971 
5 92 3 7 557 
2 21 84 100 1213 
24 96 52 54 1615 
30 94 93 31 380 
60 72 78 54 208 
47 70 17 27 1577 
52 65 87 49 438 
74 54 26 48 861 
52 41 46 30 893 
69 29 52 39 1340 
44 51 35 33 30 
34 15 51 94 1460 
35 6 59 4 405 
61 11 6 27 440 
78 71 47 78 1193 
21 28 51 100 746 
20 20 80 45 898 
2 32 57 47 1540 
61 5 34 59 327 
48 84 45 5 1566 
60 25 27 12 94 
75 7 59 59 1357 
8 67 53 48 1165 
17 28 17 49 404 
31 57 61 33 1115 
75 39 90 58 441 
39 85 48 4 1434 
97 95 70 39 1340 
97 75 99 64 1435 
96 54 87 87 83 
22 69 98 80 1095 
5 66 96 44 531 
38 19 3 33 757 
25 21 51 61 1240 
24 60 79 67 478 
58 60 99 45 1219 
23 54 4 53 109 
72 90 69 37 1385 
34 101 28 7 757 
81 74 69 17 1061 
76 5 29 12 1356 
65 92 33 51 182 
47 68 53 69 193 
86 16 51 26 1254 
37 54 16 76 723 
25 34 75 20 828 
86 93 84 80 7 
19 27 95 70 720 
82 59 20 26 647 
67 50 61 95 1022 
66 25 45 41 486 
24 91 55 67 986 
33 19 14 100 448 
56 86 75 69 1538 
60 24 83 82 1587 
80 36 93 36 1287 
76 75 81 58 1413 
63 51 45 50 1271 
31 75 30 10 221 
64 46 22 98 1395 
83 77 93 101 73 
45 44 65 43 839 
91 100 21 88 1403 
59 40 59 14 1092 
8 43 27 91 1071 
88 96 75 68 575 
36 15 96 51 1596 
101 84 83 53 719 
20 88 4 99 1452 
32 56 43 24 918 
26 90 10 31 1305 
42 52 4 35 308 
51 72 98 8 287 
77 6 72 91 1415 
77 59 7 70 796 
22 41 30 2 575 
34 55 53 12 182 
48 7 67 71 943 
51 82 49 35 1558 
50 92 98 81 222 
29 86 54 37 1319 
