2 6
150
90 33 868 
31 11 928 
95 3 1217 
8 66 609 
12 44 858 
59 64 714 
89 71 1110 
16 87 1068 
80 45 78 
23 24 578 
75 66 57 
8 52 758 
15 15 94 
19 100 43 
3 16 465 
83 92 562 
71 28 628 
46 11 865 
33 76 558 
86 53 816 
72 73 968 
54 35 1222 
47 6 1124 
10 46 610 
53 73 864 
89 15 878 
51 99 645 
62 54 1174 
98 31 673 
36 77 938 
18 31 756 
43 49 330 
26 51 994 
40 38 1056 
56 63 999 
3 95 470 
2 46 745 
76 36 657 
16 11 242 
85 58 42 
47 13 348 
17 94 184 
90 12 287 
46 65 779 
92 13 759 
68 8 1109 
16 96 446 
19 36 391 
18 44 1161 
10 29 469 
9 43 1137 
80 95 298 
60 41 848 
69 15 1017 
17 58 987 
99 85 283 
94 50 34 
31 71 758 
69 30 948 
98 101 607 
22 82 1017 
87 38 267 
73 15 225 
40 10 830 
23 50 993 
55 4 949 
53 21 723 
74 18 970 
38 80 888 
33 13 794 
49 64 483 
22 49 410 
2 32 245 
61 29 867 
7 56 483 
37 10 260 
83 16 327 
102 47 990 
92 50 780 
6 52 715 
51 42 22 
55 93 574 
30 4 14 
50 55 880 
60 94 1127 
90 69 764 
42 3 863 
53 52 1190 
40 49 202 
60 31 1204 
72 98 982 
64 12 1064 
71 53 775 
95 9 76 
22 35 741 
57 44 648 
91 4 994 
3 66 601 
90 100 1093 
6 17 537 
32 72 888 
5 80 699 
94 98 1009 
7 21 193 
101 49 1151 
66 33 214 
39 85 60 
65 72 331 
19 70 396 
33 76 151 
100 67 444 
21 64 450 
36 19 673 
5 65 566 
72 86 1018 
68 4 206 
57 26 813 
74 70 390 
41 69 4 
48 87 119 
27 62 277 
72 10 667 
81 82 1044 
59 33 171 
64 35 251 
61 95 1056 
46 54 812 
18 78 614 
48 28 1188 
6 82 1164 
39 90 394 
47 81 35 
26 2 930 
31 88 277 
33 100 1135 
55 11 422 
13 82 906 
16 4 416 
45 11 1030 
74 26 1003 
59 77 1215 
92 23 526 
84 19 669 
20 37 1135 
12 17 803 
46 86 965 
59 95 201 
65 95 1223 
23 25 1056 
100 4 850 
