6 8
150
16 81 12 34 43 78 1450 
51 92 58 99 81 72 402 
16 83 9 6 39 95 537 
30 24 70 8 10 21 304 
82 58 94 82 51 4 768 
70 81 64 60 25 4 1258 
25 56 82 47 27 68 1190 
101 54 56 86 34 17 1413 
59 45 28 35 59 72 1123 
36 67 18 32 70 79 759 
4 47 48 16 92 58 86 
69 90 63 85 55 48 1334 
6 39 98 19 89 62 182 
38 39 27 67 34 10 1450 
92 65 17 59 90 28 1585 
10 10 72 44 61 83 1456 
56 67 52 6 27 89 497 
29 22 15 82 19 37 1063 
10 23 51 60 49 18 1272 
27 48 29 67 21 87 1567 
31 28 77 30 81 24 1338 
74 77 63 9 23 60 1016 
45 3 79 73 93 34 1624 
89 23 85 14 67 13 486 
20 25 41 7 4 36 1599 
96 40 54 40 16 85 589 
48 90 53 28 60 18 1335 
47 52 96 30 55 99 694 
7 94 18 16 13 54 877 
54 24 4 21 26 66 793 
65 27 35 79 51 65 666 
35 35 88 9 98 50 1202 
75 48 79 52 40 58 1460 
48 38 26 5 33 84 1540 
68 51 9 36 53 35 1326 
27 62 53 6 35 4 1175 
61 33 9 17 6 82 1282 
78 27 71 88 11 61 286 
91 11 76 20 83 48 1096 
86 80 75 46 17 94 785 
87 28 48 7 56 19 1415 
7 19 90 28 4 18 1461 
26 41 50 45 76 66 590 
53 78 88 54 57 7 1234 
55 35 73 92 90 32 1486 
101 25 83 57 44 33 1381 
94 88 94 81 33 80 979 
41 28 3 43 31 14 558 
52 63 55 100 15 13 844 
86 19 39 17 87 100 414 
18 68 90 34 35 53 972 
92 96 75 27 29 18 222 
10 72 51 61 21 59 794 
64 31 58 31 22 35 129 
71 57 66 47 81 37 382 
61 15 10 98 63 77 980 
69 82 76 87 97 40 1243 
50 90 58 69 43 79 887 
40 33 5 15 20 54 339 
41 11 81 50 83 92 793 
58 43 66 60 84 91 1552 
51 85 46 26 97 34 357 
69 10 81 40 60 71 352 
84 7 84 44 25 41 449 
72 96 39 16 50 30 1491 
49 94 11 61 90 61 1450 
51 62 91 26 22 101 1185 
3 3 12 25 23 29 1209 
38 83 18 61 51 70 1284 
90 8 12 49 6 32 320 
18 72 81 72 12 35 547 
47 95 20 5 42 57 1136 
95 29 94 29 2 19 184 
13 95 102 41 94 12 983 
56 81 79 18 71 55 1378 
33 34 55 13 96 43 1486 
90 100 59 11 15 11 1552 
81 20 22 6 15 10 93 
79 81 33 20 24 75 1492 
16 44 89 74 4 87 1016 
98 40 17 8 79 22 366 
97 45 32 81 3 67 1217 
63 58 14 57 47 81 887 
55 24 95 74 69 102 1223 
58 72 39 13 26 35 1360 
82 7 100 38 90 85 1332 
38 3 41 23 10 19 853 
87 77 18 59 8 10 705 
18 24 36 11 23 49 645 
75 95 70 79 34 93 1332 
53 17 21 59 98 75 271 
23 56 53 61 85 25 1153 
97 22 56 20 27 42 1035 
85 66 29 70 38 44 1022 
10 74 46 78 28 73 552 
62 99 2 13 37 29 1550 
70 85 52 40 27 71 1277 
75 16 62 9 53 20 1121 
53 94 91 62 33 56 228 
84 9 85 59 54 39 578 
25 56 9 92 16 70 238 
83 79 32 13 75 86 567 
60 86 71 77 54 67 146 
8 14 53 7 75 83 1408 
78 69 83 75 34 45 816 
62 55 19 39 52 56 1147 
17 61 51 59 72 81 397 
25 16 85 102 74 29 283 
44 58 87 43 89 30 76 
12 51 40 43 43 87 1592 
34 53 39 5 13 41 1485 
55 4 49 5 4 64 877 
54 100 75 62 18 35 301 
99 34 99 65 28 68 74 
12 12 18 30 96 29 1484 
65 47 99 63 90 28 1459 
55 40 40 87 68 53 946 
53 67 83 27 54 81 568 
21 43 42 87 75 89 701 
94 33 77 9 37 65 1457 
55 78 101 30 8 31 709 
96 61 79 62 17 49 953 
47 37 5 44 49 58 718 
7 59 78 17 42 48 1001 
8 65 80 33 90 71 1612 
91 84 99 48 52 93 407 
84 65 27 60 42 87 773 
99 74 67 90 9 47 778 
22 26 15 69 84 84 1436 
98 101 31 29 80 62 913 
55 8 99 99 67 21 380 
96 53 59 102 64 16 163 
93 15 45 83 25 53 1134 
60 85 81 70 11 39 1397 
66 98 33 64 27 93 707 
68 70 93 44 28 26 421 
75 58 69 23 70 80 91 
88 88 47 57 10 88 1556 
25 20 31 57 84 40 494 
57 28 40 39 25 69 409 
47 54 42 99 29 46 1388 
29 14 49 43 61 82 1261 
12 88 10 19 7 50 697 
52 63 88 46 89 98 302 
33 31 86 48 14 82 681 
36 8 60 84 45 12 1569 
8 84 16 25 59 55 726 
42 32 22 20 21 84 1540 
93 55 55 42 50 69 1572 
85 65 98 49 102 38 1245 
