8 8
150
45 82 35 23 20 50 29 75 406 
32 73 60 96 79 81 3 58 511 
23 49 53 72 27 51 86 26 49 
33 85 81 29 73 12 91 95 1386 
73 34 95 101 35 58 75 95 677 
29 29 69 11 52 90 91 38 314 
12 75 57 86 39 96 47 98 1464 
48 5 2 50 7 86 96 32 401 
40 24 16 97 98 34 9 58 1587 
38 24 35 92 40 37 93 80 337 
32 88 97 101 56 39 68 29 1467 
43 81 23 85 17 22 66 52 236 
7 18 78 25 79 83 99 11 1200 
59 58 67 67 59 29 65 66 715 
32 42 70 79 30 71 44 68 1259 
78 55 9 15 28 90 23 88 1022 
46 9 11 16 3 47 66 12 1161 
27 79 24 96 21 53 78 36 174 
48 30 89 9 83 13 6 23 909 
68 46 32 80 46 74 67 21 926 
36 18 40 25 15 21 100 20 1459 
57 84 36 58 38 94 79 76 934 
77 39 29 100 12 82 91 100 1066 
43 49 35 53 32 102 96 44 290 
74 25 18 71 11 65 24 51 647 
24 12 10 40 3 72 16 91 1346 
32 38 9 60 36 17 55 59 1157 
59 6 54 36 64 96 76 7 834 
44 9 30 66 79 63 43 69 1425 
59 6 48 65 38 42 19 66 105 
13 16 91 2 17 54 94 67 728 
90 90 51 16 65 98 20 75 1349 
56 68 61 48 19 69 30 98 874 
27 96 70 13 19 99 90 65 1485 
64 43 94 78 74 14 18 55 1305 
41 45 42 53 47 65 60 65 1607 
49 67 98 25 74 21 100 69 1164 
78 78 73 53 29 102 7 59 517 
93 80 96 49 32 66 89 91 880 
15 76 51 7 56 56 101 42 1608 
97 41 71 75 80 6 43 42 1256 
11 90 18 42 48 90 34 69 1388 
6 2 37 34 38 85 67 87 1522 
24 73 24 19 55 89 3 12 287 
65 20 2 92 8 92 89 80 29 
40 75 30 63 75 89 71 96 652 
66 64 5 88 10 95 13 20 1121 
57 94 37 31 41 38 72 71 791 
87 17 96 47 47 60 83 29 199 
67 63 100 37 51 60 49 40 780 
16 79 12 9 80 90 23 35 1401 
69 11 36 95 93 6 41 86 1301 
48 21 20 47 6 83 83 48 933 
73 21 45 79 85 3 90 58 1502 
40 80 38 8 26 14 74 17 291 
80 74 73 95 99 67 81 3 316 
32 71 75 31 28 34 33 53 226 
45 92 28 34 7 36 14 2 94 
45 42 97 8 75 92 66 5 1208 
88 79 24 80 100 84 84 60 1426 
21 11 54 6 77 75 100 32 404 
93 48 70 39 83 98 61 37 998 
26 26 98 85 67 25 60 46 1197 
93 67 94 47 52 49 49 95 1486 
56 41 66 24 10 45 67 74 926 
8 52 98 28 21 65 23 60 559 
93 38 46 31 48 33 102 9 1062 
35 49 98 23 92 90 7 8 1566 
99 4 18 55 20 95 69 54 1540 
79 67 48 31 26 94 15 58 925 
49 27 95 35 24 4 80 34 424 
63 87 62 10 23 15 69 26 905 
21 40 20 54 64 96 39 24 673 
21 6 24 5 10 36 34 61 1313 
5 66 82 16 77 88 69 8 1083 
36 71 47 35 64 2 39 96 290 
40 97 65 101 98 102 62 61 457 
6 60 79 28 78 64 35 66 980 
77 7 65 34 87 58 30 5 871 
99 88 44 24 68 16 18 95 1043 
19 6 69 82 56 18 60 65 784 
91 10 95 85 2 99 42 64 1459 
57 9 12 9 73 96 48 66 1188 
87 84 94 65 12 85 100 18 983 
95 97 53 49 76 24 10 41 1548 
63 16 88 47 84 6 27 64 1412 
56 11 35 76 36 92 45 75 1331 
58 29 100 11 86 87 39 50 1089 
40 10 35 90 101 34 101 88 816 
89 42 2 89 39 50 99 46 102 
29 21 63 63 6 3 43 54 197 
99 53 32 3 10 36 40 89 882 
56 69 12 3 77 50 42 58 531 
83 71 91 51 14 42 81 12 467 
7 79 6 34 49 50 22 4 562 
22 88 35 68 51 53 96 45 1265 
98 28 46 15 24 49 70 61 1346 
25 50 41 91 25 100 7 34 162 
52 24 22 64 83 75 16 21 1155 
102 17 22 41 57 71 65 84 1380 
86 94 57 59 66 90 67 100 882 
97 33 65 37 63 19 43 46 353 
60 36 47 74 102 4 78 70 720 
65 86 95 72 29 42 15 23 657 
57 95 60 34 99 86 21 20 1446 
10 67 56 5 100 12 50 7 793 
42 14 95 55 82 97 46 5 223 
63 27 6 25 24 42 79 88 840 
65 28 39 63 55 83 16 71 59 
92 62 88 84 25 24 94 75 144 
50 4 15 65 90 96 72 60 1525 
86 87 45 16 28 13 61 86 1281 
14 81 62 13 41 14 94 56 705 
29 81 4 85 33 51 33 31 1385 
41 2 41 45 93 97 90 31 1373 
62 78 35 77 25 40 45 82 1541 
51 38 64 3 74 36 53 45 1289 
93 4 55 96 85 99 29 22 1371 
42 71 89 67 26 12 29 33 1273 
12 55 57 66 41 53 56 84 1513 
25 39 31 7 94 51 18 99 450 
33 68 95 38 50 5 56 5 190 
9 86 15 54 76 42 58 43 1468 
26 29 64 4 42 3 6 6 1354 
57 37 79 41 51 29 85 99 1061 
87 75 6 54 11 38 42 49 1605 
82 73 66 90 51 53 61 94 1134 
67 30 28 95 34 46 22 101 1123 
37 70 37 88 72 79 77 73 1110 
88 73 20 29 65 94 4 27 544 
21 69 87 28 82 59 59 20 1118 
41 94 43 62 34 12 69 7 1294 
65 96 3 89 15 81 85 75 349 
54 40 67 36 92 9 13 3 524 
85 11 90 81 31 54 11 39 1280 
29 28 41 10 62 60 15 41 502 
34 35 56 9 45 9 37 8 1291 
5 7 4 36 51 34 80 86 1561 
93 87 67 51 80 78 2 58 773 
85 46 81 9 23 53 79 81 1110 
80 79 68 83 45 25 75 7 522 
78 95 79 9 31 78 65 24 886 
67 85 57 80 9 89 62 55 1010 
2 98 86 53 59 72 66 2 117 
32 12 43 45 78 75 46 26 1039 
72 78 17 5 46 101 99 13 1565 
15 102 72 81 24 93 63 75 156 
50 28 37 9 45 31 71 35 204 
15 25 9 84 36 85 25 91 1252 
49 99 54 87 56 48 76 53 15 
