6 6
150
64 86 101 24 93 46 1003 
74 39 94 72 9 72 391 
67 97 40 54 6 69 818 
25 16 45 94 56 86 220 
52 79 92 60 99 11 1079 
35 101 34 23 51 70 1062 
21 85 13 25 59 25 915 
20 48 43 87 74 95 485 
72 58 31 39 62 66 272 
62 4 15 12 63 46 402 
98 8 34 57 101 82 55 
33 34 71 99 63 45 389 
33 51 74 27 17 51 768 
45 5 85 91 6 67 720 
84 101 15 97 81 44 268 
42 12 32 75 15 37 484 
26 62 43 101 23 92 359 
54 43 87 48 97 72 655 
6 50 68 97 17 48 600 
35 58 3 84 3 12 1114 
42 44 53 4 15 25 231 
44 45 92 85 76 32 360 
60 30 51 86 74 70 440 
63 66 81 100 92 92 1117 
6 41 19 22 82 40 154 
100 36 46 84 49 37 757 
8 78 13 43 18 22 918 
30 54 99 31 44 57 962 
81 75 6 26 35 30 466 
5 75 66 96 93 19 731 
96 7 5 27 36 76 682 
89 69 59 76 73 18 929 
89 22 92 41 85 36 245 
63 42 60 16 9 26 30 
5 50 49 27 5 17 421 
49 96 6 10 83 25 1117 
7 49 52 64 13 64 198 
55 76 57 10 85 42 406 
67 47 13 29 52 55 1031 
22 11 51 70 3 44 497 
27 88 33 4 13 31 683 
94 9 54 98 64 88 610 
76 95 18 22 78 3 995 
51 95 83 33 72 9 1048 
40 3 96 12 22 78 342 
90 26 8 74 13 79 895 
40 61 33 91 69 36 558 
19 34 50 27 42 61 934 
94 52 73 43 24 72 665 
8 60 88 43 13 24 1059 
71 12 50 66 26 10 142 
37 53 44 4 75 42 265 
71 48 87 82 18 54 1166 
76 37 32 92 9 21 392 
2 47 49 59 15 61 587 
24 2 63 18 53 67 708 
101 31 41 51 32 35 452 
15 3 63 96 72 93 1155 
77 19 77 19 91 82 421 
8 97 48 62 83 76 576 
47 26 66 67 89 39 926 
8 93 43 79 88 97 1073 
46 88 64 44 70 56 575 
85 88 102 63 87 26 1140 
36 95 91 51 61 92 826 
79 100 31 85 56 21 847 
28 36 42 5 86 49 752 
11 86 20 15 22 2 766 
39 66 6 4 16 84 886 
100 54 30 29 7 22 825 
90 35 61 16 37 80 694 
55 62 60 3 79 34 302 
12 73 38 41 92 7 487 
36 27 84 42 38 99 346 
84 14 79 81 28 96 260 
52 61 101 87 24 8 1038 
6 48 3 39 53 50 1080 
83 94 90 18 17 30 666 
11 79 76 101 83 30 864 
50 84 24 53 40 5 732 
14 39 56 69 101 57 364 
81 83 5 88 51 42 13 
21 91 66 13 68 69 509 
84 27 89 44 79 16 686 
66 81 88 15 46 30 848 
58 36 50 18 75 27 364 
98 73 15 34 91 72 355 
95 60 42 73 39 20 364 
13 69 28 23 43 76 180 
4 18 75 7 13 34 777 
57 17 96 96 44 14 1060 
56 76 12 91 47 29 876 
23 49 44 10 12 42 544 
69 25 97 34 53 17 1144 
57 42 29 79 40 67 470 
45 47 80 97 8 45 708 
96 18 35 98 49 45 997 
72 33 99 3 94 21 1074 
95 101 63 93 99 95 1211 
35 85 14 9 64 35 952 
4 66 15 6 99 89 898 
9 64 38 6 74 14 1043 
11 32 78 48 48 53 619 
48 18 6 11 52 61 739 
35 23 92 87 12 6 830 
69 86 99 98 34 16 1053 
39 27 89 27 83 16 293 
55 38 63 17 85 29 689 
50 11 97 49 30 15 895 
44 48 21 64 10 19 519 
47 81 52 16 38 66 107 
93 19 86 71 47 38 987 
87 31 72 29 78 14 241 
77 5 51 7 3 15 1164 
81 69 65 75 98 84 94 
59 12 3 48 65 50 696 
94 12 80 85 79 94 702 
20 52 37 34 8 25 857 
78 4 11 37 54 16 146 
52 24 98 51 57 75 333 
20 70 83 16 66 65 1021 
95 73 24 27 22 40 752 
20 30 43 93 61 40 999 
11 94 14 13 36 47 518 
91 84 36 24 21 32 1214 
83 56 20 44 62 89 1021 
33 89 12 33 78 52 392 
96 57 60 98 38 47 121 
78 71 4 32 20 43 51 
90 90 5 3 10 64 452 
76 24 51 101 53 100 953 
7 3 82 60 97 12 1163 
29 78 27 86 87 91 58 
87 18 14 44 47 81 522 
101 9 32 70 90 97 241 
35 11 99 87 49 34 878 
70 24 74 25 33 11 752 
14 80 19 25 75 34 1090 
8 39 59 7 21 37 68 
96 52 92 8 17 77 1154 
69 30 101 40 59 35 211 
96 42 21 17 72 83 1070 
31 15 48 18 65 33 324 
75 43 81 30 99 68 898 
74 83 19 17 36 69 558 
52 20 87 17 101 74 157 
98 39 93 50 56 20 797 
39 47 93 54 47 70 1148 
89 22 11 63 69 46 266 
61 4 101 39 16 44 977 
