2 6
150
21 72 859 
50 9 244 
34 87 777 
13 26 767 
49 45 879 
82 76 1113 
91 96 72 
62 10 720 
26 61 922 
82 25 119 
35 85 1188 
73 48 340 
92 20 833 
9 8 895 
18 60 1039 
70 33 812 
15 95 334 
25 65 705 
38 61 761 
13 26 589 
46 54 769 
56 79 501 
68 78 1189 
46 92 694 
25 84 1084 
35 46 615 
76 59 340 
11 69 358 
84 12 239 
42 37 1072 
68 80 1147 
22 64 662 
12 65 981 
46 4 677 
71 71 39 
73 102 990 
71 6 184 
14 39 824 
22 37 1041 
36 73 821 
23 28 503 
12 81 150 
65 5 249 
37 24 994 
72 32 669 
74 42 1196 
28 14 132 
41 73 385 
75 56 502 
28 102 330 
71 79 1116 
15 25 932 
16 61 1109 
93 10 1186 
63 36 995 
36 44 95 
15 50 1169 
89 9 730 
58 85 679 
12 39 307 
73 39 41 
95 68 561 
92 59 90 
80 60 986 
9 37 54 
16 80 445 
52 41 144 
35 16 635 
33 84 847 
34 59 487 
23 6 276 
68 22 869 
96 69 841 
37 46 1042 
2 36 1097 
17 82 885 
57 45 63 
21 62 1201 
15 40 283 
53 64 1030 
79 60 4 
70 60 659 
60 44 191 
35 22 131 
70 17 1165 
28 35 971 
64 18 19 
99 78 173 
37 4 549 
26 54 1001 
50 44 67 
87 61 1044 
87 35 937 
38 59 474 
59 24 280 
96 54 553 
5 89 65 
46 91 560 
85 82 1006 
88 35 688 
11 36 1093 
36 87 951 
7 85 683 
12 44 1223 
5 28 728 
65 42 664 
93 42 614 
102 23 801 
79 6 651 
62 4 968 
5 101 3 
22 29 285 
51 25 451 
47 91 840 
91 95 556 
7 43 771 
88 22 487 
30 97 1132 
8 11 153 
26 59 994 
27 48 994 
79 9 523 
102 84 1218 
38 15 210 
19 48 628 
84 12 348 
22 73 775 
92 75 1003 
41 77 51 
10 16 216 
13 27 807 
58 23 533 
89 15 1056 
5 7 718 
65 52 82 
25 13 597 
43 27 1212 
86 6 1049 
20 36 885 
101 39 389 
41 94 833 
84 27 1077 
53 64 316 
10 96 1194 
44 19 810 
7 29 287 
77 19 789 
57 68 1099 
20 29 267 
82 40 1054 
