6 8
150
31 62 28 59 12 10 916 
53 70 9 9 80 18 489 
52 77 33 36 82 12 508 
68 51 16 79 15 52 1192 
20 70 6 93 70 78 666 
9 47 87 31 44 5 1499 
64 13 76 87 29 97 916 
85 72 70 5 97 5 1038 
12 14 82 99 60 85 552 
102 5 18 12 42 91 704 
32 48 7 41 9 41 65 
40 41 95 88 58 19 568 
100 38 91 75 75 79 1584 
35 7 34 86 22 60 1010 
10 60 77 90 7 15 873 
26 65 66 90 66 62 1178 
75 89 13 5 68 101 27 
69 29 39 69 14 48 1575 
43 75 57 89 83 44 491 
83 20 100 52 6 83 1219 
76 27 86 10 19 27 982 
20 23 83 55 61 62 678 
33 39 22 95 69 59 1356 
92 11 3 85 20 44 1499 
71 15 54 64 20 29 1522 
5 55 61 97 23 38 369 
53 76 36 24 84 91 821 
83 80 59 39 26 94 1369 
17 86 27 102 85 70 802 
11 31 93 43 35 50 456 
86 64 101 48 23 63 624 
37 69 63 38 56 44 1443 
37 97 27 95 37 11 1428 
71 35 97 40 70 75 697 
47 45 83 50 42 24 1571 
18 60 93 6 33 48 1314 
19 66 66 31 29 63 1209 
35 68 50 100 41 42 250 
31 6 10 55 89 98 1464 
26 83 90 15 21 94 311 
39 36 92 6 66 9 855 
71 33 11 43 15 71 198 
79 35 52 4 84 83 1422 
56 85 53 46 52 93 1516 
86 78 18 10 71 57 1565 
33 60 96 77 35 65 975 
75 100 13 76 29 80 768 
50 39 14 39 13 34 1360 
53 40 63 15 18 61 1394 
57 95 36 46 15 18 746 
76 59 28 51 20 29 1325 
87 42 71 25 15 48 585 
41 7 72 60 25 15 1314 
22 35 64 19 5 76 297 
7 80 32 15 64 3 1205 
82 87 90 95 6 4 1075 
100 93 92 5 16 52 259 
90 65 89 92 6 67 880 
26 67 34 17 55 65 1299 
65 41 12 54 47 64 957 
21 84 67 21 12 17 362 
44 73 16 92 27 4 279 
16 46 25 60 38 22 929 
22 59 80 53 41 88 583 
54 82 54 71 90 59 1128 
83 24 74 95 52 34 1333 
95 20 27 30 63 65 789 
97 89 96 10 44 4 1615 
27 88 69 73 30 88 1467 
93 64 23 39 47 50 539 
24 54 67 88 90 77 444 
41 55 25 80 26 89 928 
96 60 63 48 57 72 918 
38 6 24 24 47 94 39 
57 6 93 18 17 17 1199 
37 31 24 56 29 74 1403 
35 46 95 7 101 35 1586 
6 62 93 92 80 79 1408 
49 45 66 45 85 27 1366 
52 33 65 11 74 85 961 
31 40 94 31 100 72 44 
62 31 19 48 61 7 838 
46 2 28 39 41 89 1428 
88 61 13 45 49 4 1362 
15 32 98 29 52 40 1227 
24 102 63 81 8 86 1433 
16 49 98 27 22 34 97 
33 39 74 35 98 73 699 
82 82 88 53 70 21 763 
100 23 21 11 69 78 357 
2 67 60 34 6 102 1184 
14 17 20 29 72 80 1333 
96 26 96 55 69 34 691 
21 77 30 40 67 43 252 
27 79 18 55 58 86 505 
74 16 3 95 74 72 1105 
67 69 26 100 44 67 81 
99 28 58 102 46 82 1325 
92 31 96 41 61 59 1414 
40 5 76 16 96 53 359 
12 94 63 97 64 77 881 
10 6 42 25 78 13 462 
53 62 55 14 7 52 1334 
87 9 56 15 15 83 448 
67 52 87 50 16 85 1426 
35 97 7 84 7 29 1347 
28 56 18 85 49 60 1417 
45 23 3 91 3 42 409 
87 9 84 51 96 29 699 
56 58 77 64 30 43 292 
67 51 33 102 24 101 966 
56 39 32 68 25 43 362 
31 85 61 15 45 64 794 
89 24 35 13 3 42 1172 
100 43 23 21 20 71 1263 
74 72 91 81 43 68 505 
72 54 85 73 88 23 407 
74 18 51 87 80 71 1271 
28 100 90 24 61 89 918 
98 12 49 7 74 47 925 
15 72 36 4 99 20 290 
72 52 42 17 21 49 418 
28 74 36 41 102 102 753 
74 3 59 83 80 77 1201 
44 37 68 16 78 70 965 
48 16 85 84 54 62 915 
50 50 9 42 42 33 1154 
40 15 68 74 47 13 677 
71 79 22 20 45 46 461 
17 76 2 45 81 68 1300 
60 53 59 50 41 92 382 
55 52 43 40 46 5 76 
24 2 45 33 60 20 1261 
39 64 66 11 18 30 552 
76 9 99 64 66 93 1309 
64 10 25 8 22 20 255 
30 81 82 101 43 26 1512 
76 59 14 23 51 4 338 
91 96 42 25 64 92 1300 
45 46 78 82 14 26 988 
94 21 27 39 102 64 155 
85 86 12 77 6 43 1620 
51 87 43 18 91 62 1185 
17 86 85 60 31 38 1378 
38 6 21 31 101 34 1348 
40 89 86 51 43 13 99 
12 32 50 60 50 82 1531 
60 38 66 25 67 90 1254 
38 44 81 73 28 27 775 
82 92 48 7 11 19 185 
