6 4
150
12 35 68 33 74 81 588 
15 83 86 76 9 49 151 
74 16 49 19 7 99 58 
95 86 35 24 39 52 604 
100 58 82 85 53 67 458 
14 35 23 16 55 69 368 
7 22 30 84 32 75 218 
31 58 73 16 85 33 136 
51 35 11 37 31 100 123 
27 6 93 57 85 64 489 
83 29 5 54 32 64 720 
66 7 42 9 80 49 569 
2 11 71 71 36 42 516 
101 14 81 26 71 32 654 
18 39 29 50 12 69 389 
31 70 64 55 71 30 694 
30 71 31 53 53 47 203 
97 24 89 51 25 99 665 
17 26 30 63 34 10 392 
70 15 61 69 83 24 584 
43 9 18 67 13 80 585 
44 52 75 21 87 57 174 
17 42 101 90 72 68 115 
46 36 94 39 22 39 489 
58 72 86 72 25 55 444 
17 73 86 14 20 12 594 
76 57 44 49 55 29 436 
75 62 82 13 58 60 784 
75 25 30 93 43 14 703 
82 91 51 64 4 69 813 
71 17 78 53 58 43 576 
80 52 92 69 12 8 679 
11 6 61 69 98 60 344 
50 58 23 79 100 89 763 
69 95 87 52 62 56 37 
47 6 61 102 19 28 773 
75 40 26 33 7 5 582 
87 92 97 9 11 60 175 
62 57 76 60 56 79 98 
59 8 19 52 55 81 524 
2 102 69 81 35 49 610 
20 99 48 95 86 24 667 
6 92 46 53 98 85 697 
50 87 43 64 51 85 130 
34 9 83 54 26 9 692 
92 29 30 78 12 49 343 
60 30 67 73 57 32 438 
18 75 101 59 98 81 423 
16 28 19 86 66 61 702 
92 68 42 62 17 99 113 
65 18 78 88 38 46 734 
59 78 93 96 55 64 134 
35 84 98 30 31 35 617 
3 13 94 48 90 58 556 
64 27 13 42 35 42 435 
59 25 73 62 37 64 465 
52 28 93 13 99 72 466 
86 47 34 88 66 40 502 
8 86 42 51 90 24 778 
53 82 56 22 24 65 624 
61 26 70 95 73 21 417 
87 3 37 93 88 13 642 
82 81 56 71 4 94 420 
41 34 13 50 42 64 812 
47 39 93 76 9 83 203 
22 65 95 94 21 12 169 
85 7 60 4 13 19 575 
3 2 52 22 73 27 162 
95 60 48 34 59 53 325 
66 45 19 81 32 56 490 
18 62 79 85 83 33 462 
29 55 48 31 47 31 364 
39 43 56 38 57 7 227 
8 49 63 64 61 83 153 
64 43 24 83 65 12 691 
42 75 40 92 96 65 541 
6 102 5 14 24 97 225 
4 64 46 77 51 34 89 
15 18 22 25 52 40 531 
14 26 50 84 21 62 792 
70 18 48 63 44 64 12 
50 60 52 39 88 93 485 
81 80 8 16 80 76 219 
59 19 69 46 27 3 754 
78 56 32 6 37 32 285 
48 100 16 9 73 12 536 
60 72 88 66 49 8 273 
47 45 71 42 88 72 85 
101 81 19 19 62 11 585 
6 22 35 52 63 26 268 
83 94 9 10 66 63 810 
49 83 82 80 98 61 250 
14 63 65 51 62 27 385 
21 99 92 12 3 96 443 
52 55 16 88 83 3 530 
53 64 35 24 11 13 424 
99 39 40 67 52 43 753 
61 72 3 3 102 88 499 
97 18 99 66 69 47 796 
30 68 94 16 60 68 497 
101 32 30 53 16 97 183 
62 54 48 53 55 64 739 
85 15 87 83 17 6 457 
47 38 60 44 68 56 561 
73 48 52 93 78 33 488 
42 75 52 88 92 41 285 
66 54 15 16 85 9 371 
55 9 35 45 64 7 442 
96 72 10 50 43 56 731 
8 97 62 79 33 33 356 
42 37 97 27 67 23 660 
86 47 30 85 49 25 148 
41 19 50 16 29 8 370 
5 44 41 51 87 47 477 
58 55 39 54 78 4 102 
74 40 21 99 86 75 85 
27 82 66 96 32 74 550 
80 14 66 6 27 100 307 
95 58 78 82 78 24 229 
95 93 33 73 23 8 542 
81 31 19 45 34 37 640 
64 76 57 57 76 93 642 
43 75 50 53 6 77 650 
84 45 19 10 53 84 261 
91 36 25 11 68 3 803 
85 49 63 95 65 61 254 
84 22 26 4 33 51 427 
20 84 22 20 33 89 795 
88 102 37 84 55 49 593 
42 35 48 10 92 82 472 
29 89 60 42 18 51 3 
25 95 8 21 35 82 584 
54 5 93 37 16 3 788 
49 28 13 12 14 60 339 
90 80 96 44 71 97 741 
97 63 79 17 40 99 520 
9 31 64 22 69 3 724 
32 58 75 78 81 63 652 
63 49 32 5 92 61 288 
17 14 80 66 87 83 464 
44 15 22 78 6 35 332 
99 51 93 47 59 55 472 
24 23 68 92 35 13 279 
16 50 14 50 41 30 745 
20 87 58 84 22 34 719 
44 55 101 77 30 41 521 
101 41 60 35 8 79 759 
92 14 76 54 72 25 228 
68 10 31 67 6 51 649 
66 37 65 39 23 72 654 
