6 6
150
46 98 38 88 71 24 1012 
37 57 38 56 46 61 1016 
2 48 5 8 14 36 1141 
67 19 27 64 39 49 949 
86 69 47 47 101 63 918 
52 26 101 19 34 76 37 
74 20 18 44 28 32 903 
27 61 12 30 58 79 969 
80 13 27 34 77 7 623 
90 92 11 47 100 10 614 
24 7 91 82 63 92 1139 
101 11 22 14 19 6 718 
10 37 19 45 86 98 880 
15 76 87 59 70 54 1028 
29 9 99 30 24 26 39 
57 23 50 97 89 88 966 
4 6 22 60 3 94 980 
57 94 4 16 14 80 120 
32 7 25 94 40 11 885 
4 26 86 97 82 58 648 
17 71 50 99 12 95 140 
72 66 101 69 62 6 885 
18 97 16 12 47 95 299 
18 28 4 50 79 9 1217 
83 39 65 23 39 29 494 
25 56 19 4 87 100 743 
42 25 27 81 7 102 1059 
31 72 87 37 64 31 1207 
45 48 51 35 88 14 1093 
30 38 48 25 79 34 1138 
43 99 10 62 97 66 928 
4 79 72 74 9 15 631 
69 81 89 76 101 44 971 
10 70 72 101 89 73 158 
89 82 58 30 70 95 1085 
75 79 77 69 67 25 503 
70 82 63 82 101 40 744 
59 61 51 80 92 16 394 
32 40 63 10 94 65 187 
99 16 46 41 21 65 1155 
4 14 9 36 21 40 490 
90 11 21 90 36 54 366 
23 9 52 80 82 59 527 
41 15 61 74 62 28 870 
68 19 43 81 77 68 683 
49 44 46 74 77 94 508 
31 44 23 61 13 87 941 
9 96 63 42 8 53 765 
101 50 63 61 15 71 278 
94 80 10 61 88 76 902 
67 8 8 6 66 4 132 
73 40 16 51 42 96 714 
25 82 42 71 17 95 590 
96 85 14 65 25 21 444 
66 14 2 27 13 5 521 
90 57 37 44 52 54 339 
12 50 12 74 77 66 850 
101 71 92 73 83 28 868 
25 96 43 43 85 76 96 
28 15 26 31 93 18 428 
27 6 29 67 44 23 1032 
37 4 93 50 57 69 797 
45 12 56 33 80 74 801 
63 96 3 69 79 22 1020 
36 89 45 86 51 37 904 
67 66 8 41 7 89 1074 
93 53 95 30 10 45 1016 
5 71 100 15 46 72 775 
12 28 100 66 3 3 9 
18 50 67 8 34 93 963 
49 50 94 75 87 80 859 
45 10 41 72 79 2 381 
19 46 72 6 67 13 665 
40 10 77 6 88 89 929 
5 30 24 77 53 6 697 
23 9 43 61 94 95 822 
20 61 96 25 3 72 1200 
5 97 4 69 83 26 109 
42 19 70 102 92 96 496 
82 19 96 28 98 76 1184 
40 32 47 75 20 89 249 
52 82 83 87 20 80 1217 
35 23 10 73 82 50 986 
92 74 62 3 101 29 459 
44 2 99 7 97 3 806 
67 58 96 65 39 91 1111 
38 89 17 75 18 43 575 
98 88 57 18 28 18 579 
59 88 74 21 62 85 99 
82 86 82 24 79 36 838 
66 16 10 45 62 92 664 
87 47 31 85 88 92 554 
16 44 91 71 87 21 96 
73 24 46 79 8 85 684 
6 37 53 42 9 80 397 
75 50 75 69 28 95 883 
43 45 38 77 94 65 818 
43 93 55 93 17 63 1146 
93 65 68 56 9 100 998 
12 80 45 80 14 15 504 
97 18 5 61 28 38 366 
81 10 4 15 22 91 762 
45 100 50 94 20 41 993 
86 9 15 21 97 93 374 
67 95 98 82 52 28 574 
77 52 35 91 27 66 149 
57 66 43 89 11 21 822 
82 96 88 96 76 62 128 
11 92 41 33 47 101 177 
17 8 35 72 65 17 831 
49 18 5 95 77 71 363 
45 74 35 87 73 65 1035 
101 12 88 78 68 38 817 
62 95 61 82 67 100 490 
60 9 19 48 6 101 407 
80 85 4 101 93 83 805 
20 9 47 76 38 32 193 
98 49 97 100 81 3 1067 
24 46 15 12 73 92 1038 
67 18 41 69 66 53 257 
29 87 78 77 58 3 517 
89 15 8 31 70 26 768 
63 24 50 27 100 48 686 
41 91 91 22 93 83 654 
93 8 8 74 80 97 840 
64 20 25 25 2 47 439 
33 8 84 5 67 24 52 
96 93 44 68 7 67 1077 
98 89 57 66 22 91 1173 
9 102 59 92 32 96 1202 
6 28 4 100 3 22 99 
84 9 18 28 61 51 1189 
17 66 8 75 32 83 818 
33 70 61 82 58 42 297 
9 27 16 38 30 8 1101 
67 43 70 6 47 82 164 
82 41 40 63 42 101 1120 
38 53 19 102 16 33 887 
60 45 20 47 82 86 927 
84 5 93 33 45 9 616 
25 40 71 87 2 56 635 
31 23 21 19 43 35 868 
76 99 38 16 76 19 94 
100 52 61 66 98 40 1189 
38 50 32 98 93 43 158 
15 50 17 15 80 23 346 
24 101 30 41 53 7 99 
8 57 19 71 92 45 304 
90 11 23 6 18 57 1147 
75 91 22 52 93 60 758 
