4 6
150
101 82 32 3 1167 
89 17 76 100 818 
11 96 72 60 1135 
92 19 97 21 1006 
27 69 18 102 971 
88 31 62 68 1160 
87 70 86 65 828 
50 95 20 30 388 
48 84 101 7 207 
101 58 56 51 113 
7 86 81 7 377 
35 65 32 24 117 
59 57 10 5 1002 
42 11 8 93 543 
100 101 68 90 444 
45 69 13 85 989 
32 77 13 59 1099 
3 91 81 35 428 
87 65 98 21 909 
93 76 98 25 934 
91 52 65 7 141 
8 20 93 71 1076 
68 54 49 43 976 
84 46 53 15 988 
53 32 76 58 724 
37 5 49 15 554 
71 73 90 9 1122 
82 14 7 48 1023 
86 100 13 47 850 
35 18 57 41 1128 
49 25 85 45 305 
61 78 10 48 938 
6 72 80 26 238 
96 66 42 51 1222 
72 41 7 32 1189 
56 21 31 88 319 
20 50 10 23 1206 
47 90 47 84 401 
6 6 61 71 978 
16 21 89 27 918 
71 79 8 41 272 
10 20 55 47 869 
42 49 23 22 714 
58 64 59 27 908 
8 21 60 19 1174 
68 81 38 52 1024 
36 34 6 13 696 
44 44 71 101 1112 
29 38 102 13 1139 
59 85 41 13 293 
54 65 64 53 844 
53 21 91 45 691 
30 84 5 64 448 
9 45 12 65 206 
16 95 60 36 579 
72 21 48 26 478 
85 42 27 28 392 
74 72 54 45 77 
24 55 28 45 765 
47 35 40 77 1051 
16 75 78 96 122 
61 7 30 6 1206 
34 75 67 6 902 
90 59 78 32 792 
39 93 69 59 1154 
63 69 17 74 32 
39 82 74 40 310 
12 66 33 18 895 
69 44 51 46 907 
52 91 23 71 906 
90 59 10 12 601 
25 8 21 102 603 
93 92 58 4 750 
54 3 29 81 786 
27 27 62 59 1195 
96 44 25 85 545 
74 48 48 100 176 
83 74 64 91 29 
6 47 34 69 999 
79 88 49 85 276 
51 64 44 7 605 
65 98 53 14 670 
83 84 38 57 945 
47 46 60 89 985 
81 41 40 79 741 
82 95 95 77 251 
10 97 43 63 1167 
12 6 43 50 629 
86 23 52 36 263 
23 11 79 92 447 
35 30 62 4 527 
12 26 67 46 851 
72 6 78 94 573 
88 44 77 62 821 
43 5 12 38 1177 
61 91 5 58 479 
73 19 5 41 1065 
82 38 40 20 1042 
88 42 99 81 1000 
83 47 60 90 439 
82 35 19 25 1171 
33 20 26 8 1034 
23 23 11 7 1202 
55 3 39 7 818 
52 5 60 77 992 
3 8 33 56 192 
16 33 18 22 727 
40 2 82 45 692 
64 14 34 35 784 
67 33 93 83 356 
82 10 55 23 1050 
79 77 44 44 1159 
26 89 71 93 868 
92 7 91 48 737 
54 23 96 50 64 
40 73 27 13 192 
72 17 52 27 441 
8 81 97 36 1013 
65 60 40 51 396 
76 45 44 64 910 
63 44 47 23 937 
60 16 6 18 585 
8 53 33 28 300 
11 39 46 57 800 
13 12 57 65 1194 
96 86 47 18 376 
98 31 64 38 673 
31 72 32 51 949 
93 76 81 88 943 
14 29 13 26 283 
39 101 89 99 774 
53 88 84 25 1010 
77 71 90 87 640 
79 91 97 74 1171 
41 10 97 79 907 
39 33 71 88 1049 
69 74 23 95 1141 
99 44 67 75 54 
44 90 8 68 34 
24 88 96 36 7 
25 35 42 30 1025 
32 5 12 25 320 
22 20 98 39 194 
5 50 97 94 678 
37 25 23 69 654 
53 3 31 77 638 
53 39 36 88 764 
36 35 95 11 778 
95 34 44 49 1034 
26 95 71 53 1223 
