8 6
150
102 84 65 38 10 42 83 19 659 
90 8 81 3 38 11 28 93 842 
3 73 93 14 74 90 60 61 914 
6 64 69 102 48 63 57 60 972 
60 19 86 14 63 30 79 13 668 
57 54 75 89 92 91 38 10 183 
76 90 11 76 81 52 68 79 671 
89 90 62 19 48 80 31 69 897 
87 92 12 65 37 63 36 4 84 
4 19 74 80 66 40 49 83 860 
72 86 41 36 48 87 76 92 280 
97 40 8 97 60 24 18 53 229 
7 13 54 50 43 79 45 66 734 
84 10 26 24 73 67 10 61 1025 
37 52 46 27 91 47 40 41 786 
3 9 61 52 65 15 21 44 856 
20 24 45 64 93 84 27 93 1000 
100 75 69 43 89 101 40 83 16 
77 82 24 9 12 4 14 44 704 
3 34 47 14 4 31 97 92 456 
43 75 61 64 3 100 66 42 803 
99 62 22 63 14 84 13 47 762 
49 13 14 43 52 51 27 26 723 
38 89 73 40 48 99 63 100 101 
44 15 81 27 45 72 38 18 1002 
40 42 23 65 2 60 69 50 970 
27 102 25 12 39 79 41 30 655 
96 61 16 25 101 16 76 71 385 
85 25 70 45 7 36 69 89 1027 
40 75 88 16 73 100 19 39 1201 
87 35 78 4 88 17 18 44 698 
69 16 43 9 92 33 28 86 308 
13 84 97 91 44 52 95 2 673 
69 83 89 18 8 65 18 91 449 
57 83 38 55 29 65 79 102 892 
45 34 85 57 90 90 75 8 667 
6 98 92 28 12 88 63 51 750 
72 53 10 80 93 3 97 73 36 
91 61 58 33 14 44 79 52 839 
74 14 95 101 45 102 10 14 1144 
48 31 73 53 94 80 4 9 598 
67 67 43 85 63 19 87 87 581 
101 74 85 50 51 62 19 91 455 
70 72 10 10 72 80 9 50 512 
33 40 69 80 31 7 96 15 1045 
29 91 53 78 16 61 55 11 492 
12 100 82 13 35 5 43 36 449 
43 58 96 65 77 14 77 56 571 
83 23 45 80 56 38 76 92 1219 
88 94 58 52 58 63 40 99 611 
63 22 7 66 39 98 71 55 688 
93 66 16 41 3 63 14 74 1083 
99 34 46 46 39 45 6 57 514 
82 93 3 35 27 80 65 15 413 
44 19 85 49 11 3 82 85 314 
88 49 93 98 40 86 74 43 793 
8 20 85 63 62 85 56 90 758 
57 60 42 37 78 90 29 72 674 
7 52 25 45 66 56 20 20 97 
53 87 56 19 63 86 16 59 1173 
53 82 59 3 95 23 41 27 316 
88 52 73 5 71 69 31 70 1112 
44 65 56 31 46 44 77 4 45 
10 41 99 58 24 21 94 78 1097 
100 6 59 4 5 41 30 34 828 
39 51 18 88 90 95 95 74 1151 
44 23 39 17 28 93 19 33 1054 
31 32 30 53 13 94 80 33 776 
36 42 61 17 4 14 77 40 658 
89 24 53 6 65 52 27 52 676 
55 86 80 68 86 74 55 101 33 
41 88 40 26 10 59 32 61 393 
37 28 22 27 42 90 39 32 112 
37 27 68 80 28 62 39 27 579 
87 70 57 89 65 5 11 37 640 
18 65 16 95 76 7 20 93 293 
37 29 46 92 31 56 65 19 901 
38 63 61 80 89 85 12 47 1109 
79 50 66 19 18 6 38 24 816 
97 44 54 64 63 38 39 4 1196 
6 97 42 3 26 47 31 75 916 
95 40 79 33 85 31 16 43 527 
62 20 13 41 56 9 90 70 922 
24 77 2 26 43 87 87 8 610 
53 78 26 21 90 45 32 45 1029 
92 66 61 25 50 21 95 79 1021 
88 66 43 35 15 58 72 9 1202 
77 71 99 93 47 79 81 65 807 
21 43 32 70 12 13 25 100 48 
19 101 29 83 33 67 4 101 515 
11 20 64 70 50 83 47 57 912 
89 101 21 84 46 87 55 76 433 
55 21 57 32 12 18 54 55 108 
73 96 39 34 91 49 37 72 555 
6 53 95 51 24 56 38 37 1209 
87 37 56 44 30 60 31 51 981 
89 81 10 49 18 97 74 76 753 
39 58 12 74 49 76 41 52 281 
44 6 98 2 96 77 19 69 226 
56 31 68 82 5 43 68 50 1122 
40 59 36 100 79 51 95 101 976 
91 14 91 82 5 80 37 89 541 
86 89 87 35 32 51 79 20 548 
97 59 55 71 8 101 84 4 1135 
91 46 30 50 9 96 97 30 671 
32 76 28 90 47 18 99 85 752 
9 7 29 87 23 61 6 100 515 
29 22 8 92 100 3 87 48 524 
18 38 81 92 39 4 97 49 538 
20 9 15 39 74 25 39 78 1182 
67 5 25 71 46 12 54 71 89 
50 42 78 27 5 100 75 82 567 
84 18 70 27 93 76 17 88 1103 
31 92 50 85 55 24 7 22 527 
22 49 95 71 40 71 97 48 92 
70 95 7 16 66 94 79 57 727 
30 42 15 51 56 60 22 25 968 
61 67 89 56 23 85 57 55 404 
56 15 80 101 32 46 69 49 1137 
87 17 27 59 8 100 65 78 975 
32 73 95 37 52 17 92 38 993 
23 16 74 24 61 13 61 26 514 
83 31 12 70 84 9 67 36 97 
56 4 61 91 92 47 5 27 1012 
41 21 65 65 12 96 65 48 401 
23 66 59 16 100 84 58 84 577 
72 64 90 88 71 17 9 38 420 
24 34 26 29 20 35 30 21 57 
80 20 21 18 7 38 76 46 863 
53 42 6 79 34 10 100 36 779 
96 55 52 50 58 76 62 44 174 
11 96 47 25 87 80 80 80 785 
30 56 58 54 14 27 47 58 1171 
32 47 102 18 31 87 72 36 814 
57 32 64 47 58 66 24 68 614 
27 30 56 28 101 57 46 72 981 
9 44 43 26 5 102 81 32 1187 
16 95 67 63 55 53 14 25 581 
4 85 99 95 32 48 77 22 345 
43 6 47 47 73 61 7 65 1130 
27 33 29 64 68 29 69 10 889 
87 66 77 5 16 79 9 44 1061 
85 17 14 97 51 86 74 39 317 
54 72 24 8 58 93 61 88 1130 
22 42 19 73 28 25 76 92 681 
55 40 92 70 39 31 75 24 589 
83 33 83 45 93 31 3 17 465 
53 81 10 86 46 30 86 89 36 
72 14 91 91 23 61 30 20 1217 
38 85 34 95 35 36 45 80 681 
