6 4
150
61 9 58 61 62 94 593 
98 58 96 21 30 98 25 
88 59 88 64 45 31 93 
21 39 24 51 100 9 343 
76 100 16 25 67 13 796 
26 5 44 60 74 41 161 
22 45 37 72 32 19 103 
44 87 30 64 17 83 327 
72 35 12 63 88 33 182 
60 82 97 65 87 7 501 
56 47 6 73 93 94 805 
96 90 81 70 92 31 263 
15 87 64 52 32 60 443 
72 34 99 88 10 99 507 
65 41 8 47 14 53 715 
42 27 93 26 91 43 618 
48 33 95 98 3 92 368 
97 36 15 57 50 9 683 
15 9 87 85 96 39 260 
50 75 25 80 80 46 597 
62 73 28 42 18 80 203 
3 6 92 9 9 19 555 
8 95 92 66 46 6 226 
20 8 43 97 7 46 796 
60 72 20 25 48 74 281 
65 89 17 33 31 61 94 
5 97 78 89 22 66 346 
81 36 16 36 42 48 346 
68 88 47 14 36 29 356 
36 74 86 64 47 36 353 
9 76 35 17 47 18 127 
12 67 10 87 82 57 640 
38 6 90 7 28 94 792 
3 72 22 96 34 70 563 
26 95 27 76 32 101 593 
61 84 21 97 31 29 452 
23 39 29 56 74 67 797 
70 97 58 21 44 48 49 
7 15 23 15 50 49 708 
74 85 13 52 58 8 628 
24 71 12 99 67 44 654 
34 95 42 62 5 73 456 
99 71 57 91 55 69 446 
71 101 84 83 82 71 401 
57 18 6 18 61 23 373 
28 48 24 79 6 28 591 
22 83 55 48 77 33 608 
16 58 63 5 41 24 438 
72 30 18 87 75 33 633 
79 38 46 45 52 12 582 
25 35 14 51 43 84 398 
20 31 37 7 40 77 338 
62 45 15 23 101 94 457 
20 8 94 33 97 97 352 
47 11 5 27 23 5 740 
24 51 56 100 42 7 429 
101 83 82 37 58 38 140 
95 33 25 54 20 17 39 
29 22 20 48 89 8 595 
22 35 82 19 73 53 310 
96 61 25 60 89 5 157 
28 14 98 40 61 28 428 
79 82 75 4 90 88 777 
31 38 54 55 101 82 648 
50 102 20 87 88 81 808 
75 2 95 33 14 88 13 
10 24 10 31 82 22 347 
55 9 17 85 66 45 528 
25 73 8 90 26 42 637 
14 80 55 75 49 55 42 
82 82 73 78 3 96 171 
16 46 26 22 61 39 774 
95 6 4 23 38 36 406 
31 90 45 90 48 25 783 
47 57 58 35 69 39 597 
29 45 9 66 51 46 74 
29 84 70 67 5 85 162 
76 53 54 13 21 57 414 
94 30 90 57 72 27 567 
91 70 89 94 102 24 534 
62 96 59 90 92 43 19 
8 77 25 45 42 78 577 
5 6 24 50 84 25 290 
18 21 11 80 21 41 313 
16 83 75 5 64 56 113 
59 96 25 30 16 50 702 
55 67 14 32 50 101 699 
66 67 46 20 101 32 366 
77 50 11 73 3 66 752 
96 53 42 81 24 59 377 
12 101 22 70 76 51 514 
57 99 50 73 43 55 411 
18 31 87 64 26 71 673 
48 16 59 15 87 96 477 
16 74 53 28 44 42 436 
69 26 52 27 83 84 164 
53 63 3 63 13 44 642 
24 57 18 100 90 66 524 
87 65 56 91 57 7 335 
28 99 46 101 15 99 401 
7 37 39 46 89 65 778 
55 59 54 76 54 82 753 
19 37 31 56 78 91 667 
64 98 38 27 79 81 205 
66 58 64 100 47 32 140 
21 81 56 3 3 71 263 
8 4 18 6 27 51 74 
64 18 47 39 10 69 354 
42 4 20 12 86 72 724 
3 92 77 9 52 77 798 
58 76 54 77 22 52 454 
95 22 24 54 32 18 21 
42 18 63 39 64 76 648 
79 38 93 19 101 45 46 
14 43 99 77 75 13 47 
44 95 64 89 20 90 380 
84 99 60 55 56 88 494 
76 16 72 90 4 20 648 
41 63 59 24 8 52 667 
81 27 79 59 7 99 805 
25 101 52 46 88 35 773 
41 36 66 46 59 47 308 
28 29 89 73 95 28 25 
34 7 68 13 40 67 27 
74 82 98 51 92 64 414 
17 22 45 18 87 87 814 
30 95 79 51 7 46 432 
100 92 88 14 73 98 748 
96 86 35 50 70 94 547 
55 70 97 69 85 89 91 
9 46 58 9 43 5 36 
14 90 64 35 23 52 604 
92 13 39 21 68 61 175 
37 13 70 19 95 35 605 
27 84 84 24 59 44 739 
49 32 7 31 95 89 675 
98 73 17 50 43 95 520 
60 61 50 19 30 92 589 
35 90 92 50 72 32 706 
8 82 13 65 10 85 351 
82 33 92 75 73 41 318 
42 54 72 54 42 12 551 
25 36 6 31 54 20 115 
44 17 83 24 59 98 737 
93 6 86 35 12 23 630 
29 60 46 59 53 35 761 
37 22 99 33 22 21 676 
48 9 36 58 67 31 313 
18 11 53 16 44 51 399 
50 88 21 32 92 92 782 
