2 8
150
78 49 432 
71 72 1497 
61 66 1569 
99 86 1496 
98 65 7 
19 48 106 
37 72 1392 
93 92 874 
6 41 357 
42 12 833 
36 70 1199 
83 68 385 
87 90 1056 
9 15 1041 
45 26 1341 
21 24 220 
67 100 821 
48 50 1518 
59 87 928 
75 67 515 
72 21 872 
47 65 265 
20 18 1586 
79 34 942 
44 30 940 
24 51 1072 
73 88 285 
10 77 193 
3 90 338 
82 26 1314 
69 15 389 
35 39 1530 
12 99 998 
68 3 100 
18 90 1092 
95 6 319 
37 37 594 
93 4 1289 
16 64 718 
44 46 1224 
98 40 1500 
19 12 313 
36 11 1489 
66 13 839 
7 7 1388 
13 94 1423 
47 10 1369 
3 47 1440 
46 77 180 
47 21 1229 
52 71 867 
88 73 1025 
16 102 1272 
50 61 1563 
30 74 398 
87 89 1572 
96 5 1135 
59 99 591 
93 96 1516 
6 74 566 
10 91 1460 
18 16 694 
100 20 569 
24 99 1511 
11 99 811 
90 75 1196 
66 61 1451 
17 53 268 
8 95 1174 
19 97 1244 
72 12 443 
45 42 1134 
8 14 944 
84 89 1114 
64 74 91 
79 49 1627 
89 5 352 
22 42 218 
48 96 626 
75 12 342 
73 83 383 
61 54 1418 
67 68 939 
82 84 989 
17 84 1185 
23 55 1294 
13 31 746 
74 32 1503 
57 52 1153 
16 100 753 
33 35 37 
39 13 88 
47 5 314 
21 13 1329 
44 8 348 
63 6 943 
43 27 660 
61 64 1328 
77 100 833 
33 6 39 
18 54 1119 
13 51 792 
60 81 1155 
69 78 821 
62 94 286 
66 32 393 
73 96 751 
15 75 1183 
8 74 1160 
23 64 214 
56 15 1616 
19 4 977 
15 33 937 
75 4 421 
89 75 804 
92 101 1143 
66 13 1116 
29 62 166 
58 5 1280 
98 8 1255 
79 40 276 
60 15 1020 
53 45 1466 
60 53 1618 
69 100 1493 
22 28 1631 
25 18 1197 
3 59 830 
47 29 865 
91 63 1617 
83 19 413 
82 97 1057 
11 31 986 
89 41 908 
82 8 972 
71 62 1018 
21 38 1263 
80 75 1470 
6 78 1320 
68 15 1397 
11 64 1349 
93 78 566 
76 88 49 
29 13 1578 
42 39 1252 
20 23 825 
93 78 1096 
93 72 403 
24 5 719 
37 79 309 
