4 6
150
76 6 54 36 1191 
95 36 67 43 1063 
35 21 100 91 1177 
85 62 39 55 568 
24 62 26 30 1096 
42 62 93 29 157 
40 69 6 98 1214 
82 18 9 75 829 
101 76 69 16 189 
70 85 82 22 862 
22 43 72 52 595 
15 82 26 46 708 
35 45 40 30 599 
68 17 4 92 195 
69 55 66 88 584 
50 95 12 15 269 
59 81 73 58 1135 
99 99 56 50 1050 
3 94 64 17 429 
57 38 41 68 610 
55 82 92 6 50 
69 79 86 4 4 
22 72 14 25 13 
55 75 84 37 642 
70 63 57 7 184 
77 93 51 53 1131 
15 56 46 65 848 
79 91 68 55 318 
21 15 54 49 801 
33 82 42 16 999 
85 56 6 15 998 
94 27 88 91 357 
78 31 36 12 1069 
69 27 51 55 298 
66 8 31 11 408 
57 11 9 41 1024 
97 53 36 71 122 
61 52 33 84 948 
53 6 79 25 610 
92 81 45 62 1210 
8 33 88 92 216 
78 26 97 82 323 
85 20 48 8 421 
27 97 66 102 346 
19 96 69 78 895 
62 31 8 62 527 
78 68 49 42 951 
65 67 46 54 409 
37 57 53 57 1152 
35 59 73 91 305 
98 17 45 34 1004 
14 66 12 19 701 
49 20 37 39 618 
19 73 8 30 868 
62 53 15 68 1140 
64 45 14 84 491 
5 60 19 37 581 
63 25 17 60 806 
101 56 29 96 1053 
19 22 16 7 940 
64 53 45 20 791 
47 4 78 41 245 
71 54 31 79 664 
91 3 3 92 1095 
96 58 50 64 877 
8 26 20 82 934 
45 31 9 7 954 
54 17 101 72 33 
61 49 78 40 1186 
49 28 52 42 1183 
18 21 27 17 1011 
8 6 83 49 716 
23 86 98 65 948 
42 47 26 101 32 
77 5 32 89 375 
49 81 11 67 303 
83 76 80 86 744 
26 6 94 24 876 
50 36 54 14 1000 
77 53 16 63 695 
4 4 52 40 272 
15 91 40 87 433 
29 96 17 24 953 
49 8 14 4 660 
38 56 3 30 665 
42 53 21 7 679 
98 67 50 11 282 
81 26 42 64 586 
37 68 9 89 545 
56 21 32 36 432 
71 41 14 9 254 
50 3 25 86 1000 
64 72 34 31 479 
64 48 9 101 1212 
25 67 52 56 232 
72 49 16 85 6 
24 22 87 72 1052 
59 55 43 90 916 
80 3 59 82 1046 
67 36 79 50 1012 
10 14 33 37 157 
6 91 60 90 624 
3 89 41 85 734 
44 87 64 46 1002 
10 7 20 26 258 
23 11 72 71 658 
38 72 68 3 1129 
12 91 52 59 1003 
70 97 55 39 903 
93 64 75 22 533 
82 74 36 68 908 
5 96 9 16 1119 
97 20 92 37 189 
33 23 41 93 616 
55 37 7 64 165 
15 54 83 53 363 
61 37 52 27 903 
66 38 102 28 1090 
18 85 38 68 1062 
52 8 20 24 520 
73 25 84 72 1112 
47 69 74 55 745 
53 14 58 86 393 
62 70 66 63 633 
97 23 14 4 421 
72 102 41 77 775 
10 36 61 10 722 
38 55 82 36 358 
99 66 49 68 464 
5 28 53 36 330 
84 43 59 72 579 
52 13 82 38 256 
47 31 99 92 649 
19 55 50 27 1173 
9 90 32 34 675 
33 76 49 66 378 
46 50 7 50 998 
69 79 91 63 117 
27 75 46 16 1030 
70 69 59 15 253 
52 80 28 40 245 
96 13 28 17 198 
77 66 18 7 943 
99 26 51 10 1054 
43 66 89 18 863 
36 46 19 50 1066 
66 19 36 46 986 
68 24 68 30 1075 
58 53 76 47 420 
63 58 41 39 1070 
