4 4
150
14 79 52 66 295 
4 91 62 91 64 
16 81 88 66 616 
78 20 56 43 173 
3 59 91 72 709 
27 48 79 55 712 
65 20 4 59 537 
101 98 59 21 633 
30 39 26 69 734 
93 96 22 86 577 
97 77 16 43 649 
57 90 83 79 88 
58 13 9 4 368 
99 78 31 100 626 
82 64 36 66 755 
67 35 25 82 784 
34 28 96 84 752 
90 5 63 80 86 
13 17 82 11 179 
19 32 24 24 762 
16 67 24 9 741 
35 43 53 51 123 
24 67 3 83 644 
32 20 27 12 470 
95 17 53 90 537 
67 84 27 44 617 
37 14 3 88 667 
69 5 89 93 481 
49 55 15 65 719 
48 16 101 32 747 
101 7 14 66 2 
101 16 36 43 212 
53 17 10 75 651 
13 66 17 101 98 
29 32 36 53 91 
43 5 90 102 164 
53 85 98 53 622 
33 102 39 88 673 
55 71 48 68 62 
33 46 42 85 633 
84 101 102 20 529 
71 73 63 55 485 
99 28 37 23 611 
70 22 60 99 401 
13 29 30 19 478 
60 87 70 46 651 
99 65 7 24 313 
54 86 79 88 60 
62 41 86 29 700 
30 36 27 93 320 
13 88 45 36 543 
57 73 85 62 56 
86 5 19 76 513 
36 23 15 85 192 
87 44 74 92 729 
74 45 3 33 254 
26 62 79 7 559 
12 22 72 58 683 
82 3 20 81 187 
59 24 12 66 424 
8 24 44 69 445 
71 16 55 47 769 
13 72 54 31 675 
27 27 14 7 430 
16 53 59 101 351 
86 27 95 69 266 
52 35 39 81 203 
4 20 12 52 812 
98 69 27 64 593 
13 51 91 98 800 
33 11 7 14 311 
57 67 44 26 576 
46 23 88 15 359 
80 35 74 6 656 
8 17 64 8 463 
49 28 97 29 265 
37 38 98 71 10 
43 30 27 43 569 
40 78 88 82 451 
76 83 15 20 774 
80 79 87 18 749 
18 49 102 57 742 
31 72 17 94 294 
11 27 19 14 25 
52 10 33 36 350 
32 32 85 52 671 
68 15 79 34 445 
60 52 82 79 692 
96 31 72 52 332 
70 63 96 46 380 
51 65 3 17 370 
72 48 53 75 504 
88 67 51 75 202 
18 94 85 40 635 
60 47 42 29 75 
23 39 83 96 611 
71 38 41 6 269 
5 15 65 89 687 
15 102 9 18 803 
31 82 99 28 205 
78 79 58 68 719 
7 25 76 8 199 
35 67 59 101 752 
52 28 47 42 178 
5 32 99 55 533 
61 40 27 30 651 
43 42 57 71 809 
94 82 75 18 232 
82 41 59 64 418 
50 45 10 25 394 
5 36 59 6 179 
48 82 4 3 241 
69 101 48 28 676 
95 12 90 101 815 
72 55 31 14 344 
67 75 36 4 144 
18 32 3 82 625 
9 85 53 49 433 
14 80 74 89 504 
83 95 33 82 475 
40 56 11 25 640 
52 7 47 64 467 
75 48 2 85 109 
39 100 67 52 619 
12 61 43 49 719 
94 83 45 52 500 
74 44 57 46 647 
64 23 80 4 219 
4 39 91 92 650 
68 80 91 75 203 
85 30 83 6 392 
81 15 64 37 705 
71 65 97 3 697 
33 93 58 6 419 
18 22 65 25 603 
75 72 53 69 185 
16 95 71 27 636 
46 63 53 98 814 
51 60 44 18 475 
41 44 90 7 398 
76 24 86 24 69 
66 66 60 32 613 
12 64 98 15 590 
78 95 72 25 338 
72 43 61 6 22 
60 79 50 67 283 
33 84 49 20 394 
94 10 49 19 119 
82 5 23 23 736 
89 65 32 45 673 
