6 4
150
86 45 26 24 23 34 520 
56 41 95 61 32 12 617 
49 79 100 26 3 98 542 
47 31 3 82 91 22 374 
33 4 93 27 57 54 181 
65 57 52 77 44 44 297 
80 80 90 6 6 36 767 
100 48 11 91 28 101 327 
16 24 44 34 14 20 194 
38 4 36 77 60 56 687 
24 50 51 61 56 32 545 
54 16 78 87 87 54 264 
59 84 38 31 56 84 401 
35 10 46 31 26 15 342 
78 55 31 49 83 12 624 
99 63 32 73 70 75 508 
10 68 49 29 68 93 648 
23 101 48 6 73 37 726 
42 7 32 32 20 27 620 
63 49 40 6 44 58 486 
23 8 60 87 11 89 203 
44 99 4 60 23 64 450 
56 85 45 11 77 90 466 
58 102 43 53 50 88 389 
21 10 25 26 38 22 814 
95 90 21 65 50 66 802 
10 30 74 98 65 23 54 
66 98 97 69 70 4 533 
8 19 37 63 3 79 186 
91 81 35 87 44 57 500 
97 26 49 28 25 61 389 
74 71 57 88 67 43 456 
15 30 59 69 20 37 709 
73 86 4 50 89 78 160 
51 41 13 22 67 47 561 
73 50 43 47 46 20 280 
50 82 77 37 38 69 622 
53 78 20 27 23 76 198 
42 47 81 38 85 30 192 
32 46 68 102 98 89 337 
83 18 25 76 19 55 185 
6 29 15 53 11 45 798 
65 95 97 47 73 47 257 
5 64 10 63 92 13 153 
38 11 37 42 82 37 574 
62 98 53 6 24 4 296 
20 68 88 76 87 28 548 
53 72 57 27 45 12 633 
56 16 15 29 44 6 553 
20 79 13 31 10 29 25 
99 46 43 51 45 97 698 
99 25 88 7 87 54 699 
41 82 17 39 27 95 51 
83 40 79 82 100 70 812 
90 77 47 79 100 66 437 
28 17 78 102 17 94 469 
93 29 24 59 54 84 644 
100 98 94 85 37 99 132 
9 66 71 47 29 88 68 
50 44 30 89 89 34 110 
67 41 39 13 3 51 736 
13 56 25 47 88 23 741 
81 55 96 66 69 39 157 
53 9 56 90 8 51 354 
87 96 72 67 52 68 266 
59 57 74 36 50 28 784 
12 48 2 42 67 19 563 
91 36 26 22 97 96 121 
35 85 25 97 102 49 209 
62 56 82 39 57 60 185 
100 23 32 21 14 25 335 
62 56 50 43 34 76 786 
62 48 47 57 73 20 198 
74 52 41 50 81 73 408 
95 22 6 12 61 48 743 
15 96 2 85 73 76 590 
31 77 56 70 75 31 815 
10 37 84 86 43 100 217 
74 93 73 35 54 93 553 
37 46 32 75 30 7 384 
54 47 74 102 46 54 349 
76 87 83 8 44 52 692 
87 24 28 20 50 67 337 
5 31 52 21 85 7 770 
33 26 97 47 26 55 455 
92 12 86 98 49 86 797 
8 92 28 12 43 85 408 
24 6 56 82 43 8 402 
17 23 83 64 49 50 352 
63 88 64 20 99 31 769 
14 44 24 4 83 46 789 
41 26 11 43 24 46 76 
22 43 67 85 49 8 613 
90 5 37 101 37 57 373 
7 67 95 46 56 58 84 
64 34 80 62 64 55 622 
99 74 22 28 6 36 336 
47 98 37 52 25 21 195 
41 89 4 48 91 53 283 
61 18 99 70 91 101 474 
10 89 26 87 56 101 742 
33 17 75 33 23 6 488 
70 60 96 33 38 88 184 
47 78 16 75 3 44 314 
58 25 60 17 37 85 299 
12 13 67 71 22 35 70 
75 31 16 70 49 77 740 
60 5 39 54 15 38 519 
13 12 13 55 59 55 612 
94 18 18 88 23 25 480 
49 31 64 18 56 16 591 
49 102 7 57 69 50 798 
22 23 65 24 50 75 807 
3 56 18 65 82 35 662 
15 100 85 27 54 34 97 
76 77 38 61 23 93 520 
12 8 100 93 7 79 585 
96 56 65 76 52 62 370 
78 48 55 76 83 93 278 
4 24 31 17 18 88 379 
49 28 66 28 84 37 747 
49 20 74 77 58 11 155 
46 21 54 4 74 68 800 
31 85 87 43 102 32 68 
86 70 78 92 93 27 392 
29 102 50 70 27 56 235 
30 83 101 26 84 17 472 
5 80 15 45 22 50 148 
45 80 87 84 8 85 515 
52 99 87 67 86 73 139 
22 6 35 50 15 71 10 
4 89 18 20 16 52 663 
93 64 48 73 79 32 685 
23 64 88 21 72 68 633 
86 15 61 100 46 43 678 
76 82 98 9 81 19 336 
94 71 66 93 35 84 486 
37 41 96 9 43 35 806 
44 49 31 45 6 26 151 
75 59 23 72 12 100 141 
84 52 66 100 15 45 241 
95 24 30 39 86 20 405 
76 67 92 6 10 86 260 
35 69 66 77 95 25 153 
14 45 23 26 86 44 430 
91 31 11 30 92 71 400 
27 3 7 22 7 71 811 
94 32 68 4 16 87 399 
85 2 25 22 22 13 663 
81 9 16 102 78 99 692 
