4 6
150
98 35 7 56 706 
75 90 42 80 380 
52 82 11 86 695 
89 36 39 100 1208 
79 100 78 101 668 
60 65 84 2 936 
63 85 63 29 223 
71 72 30 61 538 
9 43 6 4 1168 
70 75 7 59 1194 
47 82 29 24 1187 
101 59 8 102 1222 
11 8 42 3 858 
69 21 84 68 1075 
19 8 81 56 1120 
38 95 76 6 1063 
86 60 27 5 382 
83 57 41 32 239 
14 67 30 61 424 
3 3 5 34 348 
51 94 42 71 985 
41 3 75 32 747 
7 85 4 15 190 
54 83 39 72 1092 
14 82 54 48 933 
55 80 22 22 1105 
37 92 44 78 468 
95 20 57 24 1124 
82 84 11 71 174 
30 65 18 45 1016 
22 65 35 45 204 
71 42 95 95 344 
64 83 55 42 316 
17 43 28 77 276 
35 28 17 80 117 
32 73 84 34 585 
92 64 79 39 863 
74 60 102 61 849 
55 27 64 96 369 
101 31 70 45 1214 
90 39 43 23 611 
96 50 56 35 1065 
99 60 63 47 472 
102 6 18 72 660 
59 43 69 8 849 
10 66 23 50 129 
2 5 41 35 737 
55 23 58 89 938 
26 5 69 74 880 
98 67 19 58 372 
97 15 100 92 514 
48 72 37 54 515 
32 29 8 25 1061 
96 21 30 87 1052 
80 50 31 95 370 
56 77 97 36 904 
45 49 68 20 187 
89 7 51 93 171 
84 88 7 47 570 
99 99 46 88 949 
79 39 34 72 635 
50 86 7 62 1073 
74 78 3 80 1208 
85 63 90 10 1215 
92 71 38 73 46 
94 45 86 49 408 
59 33 11 58 1185 
8 17 98 68 825 
6 101 92 6 518 
9 87 29 48 773 
38 11 38 88 1074 
10 3 62 68 730 
7 102 61 28 373 
43 68 47 83 1131 
70 67 24 42 1169 
92 81 35 31 1186 
10 18 40 86 1193 
50 97 25 70 1091 
8 57 32 9 766 
6 43 65 75 21 
42 41 48 56 1161 
72 89 98 93 1192 
30 70 33 71 636 
91 64 77 31 1006 
48 46 79 94 1062 
16 37 17 80 1118 
52 18 61 30 694 
70 72 86 91 332 
63 101 34 73 746 
40 26 63 57 901 
45 68 37 93 685 
99 65 56 69 996 
37 75 20 101 587 
14 11 6 15 1024 
21 80 88 4 264 
49 14 8 33 602 
92 77 62 6 598 
86 83 70 74 735 
8 18 19 9 1126 
90 83 35 25 597 
31 22 50 73 669 
67 82 35 72 117 
87 59 25 20 1119 
62 15 16 53 786 
33 42 34 55 955 
5 63 81 12 408 
67 81 85 84 248 
72 29 91 52 1028 
6 51 101 64 918 
51 95 101 18 389 
78 70 84 61 221 
91 90 97 95 629 
6 3 25 38 541 
8 76 43 100 266 
36 26 66 69 735 
84 44 72 80 360 
13 64 65 80 706 
100 99 26 66 387 
84 33 97 100 982 
5 28 64 20 845 
76 54 3 96 1200 
54 5 17 101 438 
49 21 20 66 498 
43 40 47 81 569 
11 53 79 68 490 
4 30 68 88 692 
59 82 53 11 673 
61 64 70 82 74 
96 84 26 31 1038 
65 15 34 60 476 
68 83 85 74 735 
26 77 36 57 1171 
25 40 31 45 967 
69 69 11 11 997 
82 72 67 75 639 
29 28 50 84 941 
91 99 10 50 1113 
78 98 82 51 386 
86 30 16 87 1009 
59 55 84 52 217 
98 6 24 78 725 
98 18 13 22 401 
99 29 54 80 83 
29 32 83 54 37 
73 90 62 80 1188 
54 58 82 93 1170 
76 47 100 66 992 
87 76 33 91 1162 
62 88 62 18 422 
60 77 38 80 683 
