2 6
150
47 32 159 
31 21 241 
86 80 555 
23 75 394 
40 52 367 
46 13 103 
48 91 1122 
95 73 526 
52 69 964 
48 34 1068 
19 31 392 
30 61 1192 
61 24 695 
43 62 56 
33 13 874 
51 52 1127 
5 78 673 
99 94 1038 
50 54 714 
72 81 647 
43 40 570 
60 6 542 
2 12 1111 
34 87 1096 
54 7 359 
89 64 733 
74 3 212 
89 45 683 
34 22 452 
49 82 91 
41 91 523 
6 2 275 
60 75 98 
29 51 485 
3 72 1116 
67 47 1066 
58 63 1102 
100 100 950 
38 56 1155 
93 28 1023 
9 55 369 
85 95 1166 
49 50 54 
9 31 1086 
54 46 646 
80 87 896 
67 69 913 
52 93 236 
19 43 1114 
67 70 566 
30 69 579 
26 22 1169 
11 20 942 
98 21 1198 
85 51 387 
3 48 661 
27 60 844 
23 28 723 
11 60 755 
13 68 644 
6 84 970 
60 81 759 
43 30 304 
59 70 825 
98 71 593 
79 69 525 
90 18 1154 
39 42 130 
79 9 504 
90 17 762 
36 101 635 
26 94 450 
21 27 856 
72 62 233 
31 70 1099 
4 27 706 
13 34 1108 
21 25 616 
60 69 512 
71 83 883 
23 55 152 
65 25 852 
18 74 941 
14 60 521 
75 20 686 
77 10 888 
23 78 1001 
86 80 1017 
74 17 922 
4 68 303 
97 52 535 
100 51 85 
9 69 542 
22 88 652 
83 101 910 
50 48 65 
96 85 726 
71 50 66 
92 39 925 
31 93 106 
96 16 72 
54 19 102 
101 77 851 
51 71 505 
30 2 1098 
31 5 964 
11 26 845 
72 9 1019 
67 28 23 
40 9 141 
33 79 929 
38 28 882 
49 31 1006 
68 51 868 
38 47 175 
20 43 584 
18 64 424 
99 22 822 
42 26 83 
25 89 1114 
8 62 828 
60 20 1118 
67 95 912 
20 83 910 
99 45 912 
100 37 763 
71 49 1040 
56 25 560 
79 36 698 
11 98 25 
67 27 512 
93 62 1087 
5 80 333 
25 55 591 
75 100 988 
62 2 952 
95 43 1096 
46 56 484 
8 54 460 
24 83 1024 
36 59 1182 
75 54 688 
35 7 1018 
88 97 698 
37 48 1159 
39 83 309 
67 19 418 
81 18 670 
14 23 875 
4 87 89 
