4 4
150
65 75 62 14 534 
91 97 25 31 519 
21 43 84 74 239 
66 73 34 80 134 
37 82 17 98 806 
90 11 44 21 441 
22 61 21 56 513 
8 8 21 41 129 
3 48 21 12 189 
69 67 93 56 598 
93 88 3 51 698 
86 60 66 16 631 
82 55 6 77 357 
61 24 30 11 191 
60 54 96 65 127 
91 62 7 75 264 
25 20 90 48 517 
36 60 72 70 644 
50 44 7 63 288 
50 44 46 68 523 
47 39 83 32 128 
41 94 41 36 788 
26 55 93 83 446 
64 66 60 14 81 
3 54 62 32 615 
18 49 35 29 548 
49 18 41 11 711 
87 39 60 33 200 
44 21 38 74 450 
97 52 26 9 594 
86 86 34 58 514 
95 80 53 57 813 
94 62 14 69 407 
10 15 85 96 566 
28 8 29 90 557 
84 18 90 77 654 
67 25 28 57 679 
64 85 85 48 765 
9 87 5 33 263 
84 9 71 24 385 
84 70 31 39 383 
80 59 47 90 660 
80 92 78 77 282 
71 36 59 86 713 
27 33 39 3 505 
42 5 98 57 704 
77 49 68 30 803 
100 95 90 10 45 
7 40 97 67 131 
19 11 30 99 512 
50 53 87 37 185 
53 32 31 78 54 
76 63 91 4 53 
33 26 50 79 300 
78 47 51 81 670 
88 38 74 87 363 
33 78 102 95 313 
26 63 33 8 386 
69 67 15 3 253 
46 51 94 61 691 
95 64 53 62 707 
5 4 9 55 298 
17 60 46 33 616 
101 63 99 66 673 
72 95 44 32 566 
13 35 49 50 308 
39 46 16 2 418 
71 26 42 8 292 
24 57 80 71 262 
11 23 83 28 262 
85 54 31 78 121 
2 22 24 93 615 
72 56 61 17 810 
74 46 46 82 52 
76 23 92 30 491 
17 17 74 100 491 
93 53 23 18 443 
87 17 40 87 418 
51 5 51 33 536 
70 98 65 72 493 
67 79 3 22 470 
64 64 2 18 811 
87 49 26 33 690 
21 35 45 63 120 
59 9 60 31 465 
74 74 61 65 751 
22 54 4 39 776 
16 52 4 60 752 
25 16 24 88 539 
4 81 21 48 384 
37 54 4 58 31 
60 20 74 65 701 
92 5 40 26 652 
35 47 89 37 574 
71 33 87 71 749 
44 87 74 65 449 
95 55 15 18 462 
69 51 48 36 300 
98 80 40 74 19 
22 79 99 8 267 
59 94 85 78 640 
6 69 35 66 501 
75 48 11 10 759 
39 92 24 70 105 
86 101 55 101 606 
92 95 15 69 585 
68 90 68 33 800 
3 72 39 39 429 
102 18 84 74 517 
52 72 32 81 535 
32 57 32 96 398 
60 40 86 4 719 
13 56 69 95 782 
88 82 80 12 749 
68 55 87 17 106 
70 18 83 38 197 
22 64 36 3 337 
13 60 74 84 328 
65 88 37 51 336 
48 51 92 78 631 
72 94 22 89 808 
79 72 17 83 658 
44 59 51 80 552 
51 23 67 53 694 
30 9 98 72 239 
83 20 37 76 548 
21 29 7 60 438 
30 44 48 4 520 
43 45 94 3 803 
7 39 59 84 751 
27 86 40 93 401 
65 98 52 60 152 
61 37 43 16 505 
17 55 93 27 321 
9 76 65 90 362 
88 18 96 74 194 
46 64 56 84 343 
37 90 15 11 738 
34 94 90 86 39 
8 4 80 42 680 
55 48 34 45 697 
53 23 53 49 518 
49 4 80 37 610 
100 83 61 74 219 
29 41 83 36 60 
16 88 81 85 313 
85 40 57 90 577 
99 31 13 99 743 
17 40 68 48 353 
32 16 55 11 59 
