4 2
150
97 94 32 43 370 
83 15 13 6 220 
23 45 4 17 324 
93 100 82 79 79 
89 69 12 82 281 
35 77 51 41 396 
27 27 13 76 224 
64 65 10 79 151 
64 28 58 49 317 
24 21 8 18 117 
59 38 77 39 272 
30 83 51 74 235 
8 66 74 9 120 
98 35 31 63 72 
31 92 5 42 231 
63 13 66 5 190 
16 71 35 13 164 
90 52 76 9 109 
83 16 37 21 127 
100 56 51 20 332 
92 92 47 101 406 
69 35 37 82 24 
20 20 48 28 176 
39 33 63 69 168 
48 60 23 36 150 
17 57 86 11 238 
9 64 48 23 231 
26 26 36 13 297 
57 17 96 4 38 
65 69 11 78 382 
69 95 83 79 143 
33 71 13 64 345 
14 51 28 24 404 
58 74 27 72 79 
15 100 53 97 350 
34 66 22 27 301 
50 47 10 17 372 
16 82 70 89 103 
57 15 74 28 247 
8 90 74 5 217 
93 44 42 59 327 
72 44 89 93 14 
69 51 87 91 150 
69 43 13 33 348 
77 6 41 47 262 
3 28 26 37 324 
45 94 19 74 339 
8 8 53 37 89 
74 96 79 86 236 
8 30 85 92 381 
68 80 43 19 317 
89 5 97 95 325 
46 20 54 14 243 
77 34 15 8 125 
63 92 77 12 58 
84 29 57 89 239 
75 45 36 43 58 
68 53 102 97 393 
5 13 60 58 318 
55 44 67 26 337 
75 16 79 62 133 
78 4 34 6 391 
62 50 10 37 28 
3 86 13 100 382 
26 35 20 11 114 
52 34 21 34 246 
42 63 33 7 348 
61 68 77 11 156 
65 21 98 101 149 
56 5 25 52 316 
72 33 69 32 239 
42 98 70 34 335 
45 85 2 46 227 
101 20 5 52 196 
37 11 4 62 125 
7 39 21 75 300 
49 12 72 56 369 
12 96 2 48 184 
65 100 45 29 386 
82 21 54 45 154 
39 102 75 4 175 
63 31 9 2 219 
5 79 97 60 144 
36 15 48 55 188 
6 19 59 7 348 
39 68 77 67 205 
88 87 78 38 152 
49 39 70 14 122 
83 89 2 95 170 
88 5 86 94 249 
69 75 101 100 136 
21 45 70 19 24 
97 56 44 52 277 
20 2 61 24 359 
99 47 36 26 265 
19 19 66 66 404 
36 84 85 7 339 
14 88 81 5 74 
6 71 53 8 144 
29 48 52 27 95 
88 46 65 6 262 
23 42 77 35 67 
4 81 6 20 292 
15 73 39 69 227 
35 24 58 6 342 
30 96 30 91 153 
73 69 41 43 57 
92 21 81 43 252 
75 12 48 89 66 
28 67 36 37 92 
58 11 85 72 368 
66 90 61 22 149 
29 14 89 98 183 
37 41 65 6 332 
96 94 98 7 337 
24 78 71 90 238 
65 62 95 68 330 
64 86 71 53 204 
4 62 60 6 141 
63 26 52 44 330 
88 3 32 55 117 
66 14 80 89 278 
90 21 73 64 298 
69 21 22 17 335 
53 72 15 56 323 
36 36 94 73 89 
101 28 29 9 293 
64 33 41 40 69 
52 8 84 85 255 
86 91 98 34 275 
44 5 37 62 123 
19 90 78 76 385 
32 22 8 68 284 
63 94 66 93 46 
39 82 84 100 132 
47 90 32 94 389 
47 40 63 6 325 
98 93 69 79 226 
76 57 67 46 354 
32 2 18 15 6 
94 27 7 23 126 
64 23 39 30 348 
31 60 86 81 203 
94 62 4 88 302 
72 27 88 37 153 
84 17 41 14 11 
47 73 19 93 14 
22 35 42 75 72 
77 56 41 94 108 
18 73 88 96 387 
