2 2
150
72 51 304 
57 69 185 
89 83 260 
73 88 396 
52 54 53 
24 38 364 
3 87 115 
11 37 242 
83 44 90 
80 15 200 
63 28 363 
41 76 370 
25 19 374 
79 69 12 
44 2 266 
43 93 328 
48 58 187 
4 67 377 
87 63 60 
17 76 104 
25 10 278 
17 12 248 
10 12 317 
24 101 78 
100 26 75 
28 69 140 
96 42 206 
43 35 234 
5 61 248 
99 56 56 
78 10 175 
68 56 242 
36 29 368 
6 34 331 
5 26 235 
29 7 168 
76 62 383 
82 23 140 
77 84 308 
13 13 211 
2 14 230 
66 48 369 
78 33 288 
61 93 164 
46 92 35 
71 40 38 
102 78 221 
22 24 385 
21 98 356 
11 93 292 
86 26 66 
41 6 86 
27 40 320 
69 53 300 
72 18 280 
56 38 128 
28 8 180 
69 13 145 
100 82 365 
64 47 203 
5 69 164 
101 77 277 
26 7 351 
89 47 408 
33 35 105 
83 51 29 
28 67 244 
58 85 351 
30 19 52 
83 43 99 
33 65 382 
31 66 341 
36 73 167 
3 32 128 
47 41 249 
46 38 322 
12 19 127 
85 38 326 
92 49 345 
56 73 237 
57 45 263 
64 58 334 
8 4 281 
44 49 319 
68 27 145 
31 13 182 
27 86 332 
35 73 100 
95 50 112 
16 41 70 
101 82 407 
85 47 353 
69 85 336 
81 40 141 
12 70 286 
55 19 47 
46 63 148 
42 31 358 
79 24 297 
42 71 34 
57 95 256 
54 45 276 
80 85 325 
51 64 115 
64 48 189 
49 26 14 
56 42 129 
18 71 319 
83 61 208 
14 8 97 
16 29 60 
76 26 185 
74 60 102 
5 77 139 
33 98 405 
10 80 339 
44 32 402 
72 88 119 
79 41 96 
86 73 344 
19 68 315 
58 37 144 
16 90 90 
3 77 268 
80 53 268 
100 87 301 
81 75 329 
70 73 312 
27 46 167 
87 100 349 
24 90 354 
42 88 36 
59 78 250 
66 96 370 
63 42 224 
35 93 143 
65 81 222 
52 7 402 
6 51 390 
3 33 370 
97 30 366 
38 81 357 
81 40 268 
59 43 39 
15 17 320 
92 9 124 
24 94 217 
8 24 79 
33 74 335 
90 39 152 
