2 2
150
92 64 243 
7 59 90 
10 70 324 
53 101 388 
75 16 118 
49 8 34 
79 67 142 
64 92 72 
7 50 121 
23 89 337 
13 55 210 
63 28 371 
48 6 341 
101 21 321 
82 98 404 
91 10 327 
8 84 90 
60 86 271 
16 30 292 
44 102 36 
94 89 329 
99 43 189 
46 15 361 
40 3 13 
26 80 189 
58 84 385 
20 18 168 
51 17 22 
63 54 281 
87 48 401 
21 6 18 
77 8 134 
100 86 228 
55 48 387 
94 70 332 
21 36 29 
22 61 188 
79 26 344 
69 45 293 
78 38 360 
79 61 271 
92 20 394 
101 51 292 
16 60 401 
41 67 286 
48 60 193 
26 44 76 
64 67 358 
54 44 329 
22 10 259 
63 25 195 
69 78 353 
31 3 204 
87 22 347 
37 9 5 
50 41 241 
16 23 350 
27 54 384 
72 17 386 
81 40 311 
18 81 169 
10 55 145 
53 73 365 
86 19 230 
99 41 90 
35 29 237 
89 7 17 
24 7 353 
80 38 289 
56 99 248 
94 52 260 
76 71 168 
46 29 221 
67 99 276 
71 33 18 
31 29 53 
74 39 360 
39 93 136 
75 96 301 
57 32 70 
67 99 302 
31 94 276 
95 26 289 
83 91 407 
6 24 34 
38 54 306 
85 50 38 
60 83 247 
75 57 240 
32 3 303 
69 91 394 
39 3 407 
96 43 159 
38 39 16 
44 93 196 
90 35 285 
27 38 173 
101 74 336 
10 8 66 
15 58 150 
11 64 95 
98 16 407 
5 69 87 
10 44 49 
38 48 49 
8 18 367 
15 86 95 
91 7 264 
34 70 73 
16 32 385 
86 82 346 
4 29 304 
83 48 318 
50 87 269 
51 19 384 
33 65 106 
73 4 368 
28 3 294 
16 22 233 
60 66 186 
84 91 154 
29 26 253 
29 36 79 
39 27 289 
14 66 404 
59 42 361 
72 4 25 
94 46 113 
6 60 325 
15 91 31 
20 24 332 
35 68 393 
30 24 379 
34 6 119 
9 36 315 
21 16 149 
75 59 326 
70 90 257 
42 92 186 
12 24 270 
84 16 185 
14 22 13 
91 82 402 
5 31 76 
98 40 398 
79 87 42 
52 87 182 
45 42 133 
29 51 142 
20 95 309 
