4 8
150
82 14 30 22 819 
34 23 64 42 423 
59 45 83 9 1354 
19 71 13 80 1358 
64 91 35 52 1457 
85 63 68 53 319 
32 24 82 42 247 
42 23 97 12 1387 
4 47 46 25 1452 
80 47 3 41 1455 
30 85 66 18 1175 
93 81 81 33 1096 
73 57 13 23 1565 
37 64 43 94 701 
99 76 3 95 1324 
19 46 12 63 188 
40 61 30 64 1486 
49 60 66 70 395 
63 44 66 45 228 
49 36 26 29 878 
18 6 11 98 1511 
56 84 73 37 903 
49 71 20 22 473 
14 29 51 32 793 
79 100 75 70 1342 
56 12 59 81 551 
84 23 85 9 1564 
37 52 34 71 600 
67 89 31 15 1265 
94 26 47 16 32 
22 87 96 80 1256 
20 32 43 15 625 
47 27 94 3 1188 
28 88 13 26 1539 
64 97 82 95 1361 
92 71 63 93 1478 
32 67 45 79 217 
100 29 7 32 1279 
6 11 21 33 1502 
42 97 30 42 843 
8 15 23 22 652 
28 7 3 97 1427 
51 72 52 25 133 
81 84 18 90 1228 
101 83 83 47 1468 
55 78 51 3 703 
97 43 23 41 1380 
19 46 25 39 1428 
94 28 12 45 486 
37 61 98 25 207 
60 81 42 67 861 
27 34 78 32 1423 
52 58 102 54 1514 
10 51 13 40 1488 
37 61 80 3 1352 
74 73 40 18 902 
95 83 27 91 1380 
17 3 58 88 966 
87 71 95 52 621 
38 29 60 52 364 
88 50 59 34 1261 
102 3 41 84 1310 
57 96 62 77 1532 
71 33 13 70 1263 
8 95 26 81 109 
69 68 31 65 765 
48 15 91 95 1134 
47 25 95 13 1387 
17 64 76 8 74 
93 11 20 58 1127 
7 18 92 74 265 
95 26 80 27 174 
35 74 78 37 568 
44 7 68 7 801 
48 39 102 85 1026 
46 21 20 77 259 
60 50 75 96 684 
32 24 18 79 1251 
23 47 70 3 841 
44 88 41 73 1016 
87 44 15 9 381 
69 18 10 12 1184 
76 8 5 12 858 
87 102 85 95 86 
22 91 91 31 462 
2 71 101 33 336 
59 82 49 15 496 
18 37 68 72 1214 
15 16 9 7 43 
17 44 60 50 1080 
45 5 48 68 689 
98 55 86 81 374 
100 19 79 91 248 
96 61 92 81 601 
52 36 14 21 1499 
8 85 86 28 218 
60 13 53 67 1268 
56 36 83 72 555 
65 54 89 50 1246 
98 39 19 92 134 
58 54 81 13 266 
11 93 29 76 592 
16 71 60 67 1053 
89 69 14 13 998 
63 80 22 47 1212 
100 49 67 45 1564 
71 67 97 20 936 
9 34 41 51 1122 
65 9 8 36 330 
96 96 24 85 1457 
31 27 8 31 774 
80 34 36 39 295 
64 28 87 81 1103 
51 76 41 10 943 
57 30 65 45 1605 
56 74 88 27 1316 
6 27 84 55 1087 
45 61 68 73 1302 
77 100 4 33 107 
38 24 29 69 1166 
21 57 15 27 558 
4 64 65 32 1523 
7 48 10 59 227 
39 47 33 14 394 
92 11 71 30 1350 
59 28 35 38 1014 
34 47 21 56 1003 
52 14 58 21 1059 
84 98 38 80 1218 
31 92 47 19 1133 
93 93 17 45 1335 
13 88 87 45 1262 
78 31 29 70 1002 
62 29 56 97 1049 
27 91 14 49 696 
96 75 93 56 875 
69 82 18 69 1154 
43 32 78 74 828 
66 29 16 44 1447 
54 71 69 18 237 
4 38 52 55 719 
5 81 70 2 1433 
40 97 33 91 173 
98 16 62 99 330 
33 53 84 47 14 
101 77 72 61 1476 
27 7 77 41 838 
33 32 65 25 1109 
65 63 78 86 213 
71 97 26 33 1514 
