6 4
150
87 96 15 75 85 12 366 
67 98 23 32 14 34 650 
84 4 55 27 55 51 298 
29 14 28 98 87 62 491 
88 19 7 30 97 101 252 
55 48 31 70 9 102 691 
96 32 26 47 23 32 777 
51 86 49 23 43 7 475 
83 89 78 101 52 87 649 
81 17 4 19 35 51 237 
59 26 59 48 51 54 272 
85 4 53 66 32 67 296 
35 61 9 56 96 75 586 
61 55 71 59 17 7 125 
17 24 30 90 83 68 758 
62 91 78 93 56 27 805 
86 27 37 22 22 45 374 
59 97 65 41 78 59 796 
73 90 90 36 49 20 556 
82 25 78 50 101 45 592 
71 33 65 42 50 75 609 
29 36 39 97 64 71 474 
29 67 51 7 11 97 729 
3 89 59 9 9 33 34 
4 61 74 23 2 75 712 
66 102 101 31 86 25 359 
56 53 41 87 51 12 441 
60 29 45 91 50 85 556 
46 8 35 43 45 73 205 
78 67 76 63 98 73 509 
67 52 78 27 74 48 388 
38 20 24 60 23 52 362 
34 30 34 54 92 21 170 
96 68 90 43 54 21 640 
88 67 25 54 41 94 759 
79 69 66 78 40 23 62 
90 13 84 24 23 83 356 
39 44 11 8 54 44 582 
86 91 86 22 29 71 414 
55 101 8 83 60 53 452 
63 70 79 54 101 15 52 
57 8 21 34 40 37 396 
25 16 48 89 52 24 757 
80 83 57 13 53 59 281 
14 78 43 64 31 90 620 
77 34 56 55 30 67 235 
85 66 91 90 36 4 251 
86 62 96 11 31 65 677 
89 23 43 49 59 74 354 
32 81 71 11 49 74 395 
84 94 36 24 59 66 781 
18 69 25 19 56 6 229 
18 49 56 102 28 95 715 
13 14 8 74 95 87 434 
88 21 81 90 32 84 19 
70 61 89 75 100 89 578 
56 21 32 4 70 17 113 
34 17 11 23 81 63 582 
82 30 52 66 81 45 250 
50 45 31 27 23 28 394 
89 69 29 29 8 19 461 
96 78 72 27 72 41 441 
6 73 69 52 23 33 717 
33 39 11 22 47 42 59 
77 3 79 49 92 67 364 
51 84 96 76 46 17 705 
54 82 41 10 5 78 358 
75 64 76 2 97 62 460 
32 20 9 63 79 51 150 
77 94 80 83 76 12 451 
91 75 79 79 18 3 643 
59 73 13 43 66 65 23 
40 5 49 97 7 90 158 
66 88 14 69 67 70 629 
90 62 30 31 69 91 685 
91 100 25 81 61 80 593 
50 98 22 15 88 18 304 
91 34 88 71 23 38 207 
89 66 12 52 35 4 563 
12 85 14 99 77 21 400 
7 26 17 48 13 48 133 
92 95 57 81 55 42 807 
31 44 62 48 55 61 22 
35 14 31 28 78 6 305 
15 10 18 13 99 90 684 
10 73 25 13 92 11 788 
73 57 73 83 64 72 667 
44 54 53 24 62 49 587 
14 89 22 37 45 81 635 
87 41 70 58 54 17 173 
73 40 37 65 52 8 507 
59 59 47 16 36 57 578 
58 67 91 39 44 14 783 
86 4 78 49 32 21 704 
19 5 27 12 57 63 577 
16 19 61 12 43 12 446 
32 78 23 11 25 9 242 
76 81 21 12 5 27 713 
38 61 18 21 89 78 332 
56 22 6 80 97 2 342 
50 32 29 3 4 43 443 
29 57 40 9 14 59 346 
27 8 2 54 38 85 639 
60 45 93 55 36 16 616 
58 19 33 31 9 90 217 
51 94 11 3 86 35 76 
5 81 15 77 21 100 242 
15 6 28 61 19 66 734 
89 37 50 70 29 81 579 
41 9 80 7 71 18 619 
16 93 53 54 52 71 446 
66 81 80 17 18 48 347 
15 6 72 92 26 38 506 
59 63 35 59 56 40 529 
74 36 72 52 84 56 809 
15 77 9 69 96 37 185 
59 72 55 13 35 31 213 
4 10 17 47 81 16 471 
32 20 97 98 33 92 754 
46 10 68 36 94 45 816 
31 64 25 32 3 41 815 
94 82 47 24 12 41 568 
28 57 7 5 42 43 676 
59 14 73 65 48 32 106 
64 89 80 42 87 28 600 
48 94 17 80 77 60 313 
40 52 76 23 53 25 149 
55 63 33 55 4 19 584 
53 54 69 57 11 89 244 
95 69 83 26 15 98 655 
65 91 26 67 86 47 161 
64 99 44 97 9 97 77 
28 49 90 85 11 4 778 
43 50 25 67 73 10 368 
85 95 99 40 29 40 734 
73 8 90 20 75 54 726 
56 27 63 4 94 23 544 
22 95 43 6 96 87 180 
43 3 2 15 38 77 642 
6 47 58 82 59 21 449 
43 2 67 38 52 8 706 
25 64 65 80 90 80 515 
101 58 36 35 55 70 250 
7 90 7 39 79 12 410 
83 6 24 37 3 14 647 
95 77 70 46 80 37 146 
41 39 37 50 98 18 41 
90 25 50 6 53 26 291 
15 63 102 75 98 38 350 
60 43 45 89 69 86 53 
