2 8
150
67 32 752 
20 73 1343 
52 45 188 
98 25 1386 
65 64 290 
64 93 99 
21 11 987 
32 21 1028 
68 40 404 
28 57 303 
55 30 1345 
11 59 1397 
9 5 154 
65 63 328 
19 32 343 
7 8 1465 
98 90 1112 
66 51 761 
52 38 178 
85 54 537 
60 27 1427 
95 45 1554 
5 55 85 
34 57 1430 
99 58 785 
42 15 1454 
44 63 524 
37 31 1105 
52 91 1284 
38 61 343 
77 26 838 
79 7 585 
35 26 1412 
28 4 853 
87 66 530 
82 69 1520 
101 12 378 
24 43 1486 
3 25 1556 
22 45 887 
19 69 1536 
86 59 515 
38 22 823 
14 10 1441 
5 18 961 
82 52 1069 
37 72 362 
87 39 814 
100 55 1352 
62 78 1350 
42 15 1334 
34 11 582 
60 3 111 
3 46 764 
45 88 29 
37 21 405 
34 23 1186 
32 86 1187 
34 33 480 
46 88 72 
51 78 725 
70 74 1552 
9 72 120 
25 24 811 
61 36 421 
77 45 835 
50 65 554 
60 30 896 
12 13 464 
11 102 1273 
8 16 234 
4 54 1111 
4 77 237 
9 30 797 
19 11 1619 
25 73 820 
49 59 1443 
80 98 381 
72 93 784 
92 60 1002 
69 100 1149 
31 19 130 
37 58 1338 
60 75 1104 
39 44 571 
87 43 314 
58 89 644 
80 64 705 
92 30 292 
93 34 1010 
22 15 289 
55 42 501 
80 90 1501 
93 90 243 
70 91 1370 
23 44 890 
90 87 815 
31 36 1150 
24 91 582 
29 42 1451 
92 46 398 
22 40 982 
52 86 30 
6 9 857 
29 66 1625 
27 12 1186 
61 71 1412 
65 5 764 
14 93 1288 
49 33 839 
97 53 793 
5 3 705 
93 50 845 
26 73 946 
55 86 1284 
99 4 1137 
73 99 1281 
65 70 1157 
4 29 683 
80 10 758 
83 5 858 
52 11 907 
6 26 1030 
58 36 1012 
23 37 1600 
31 13 305 
70 17 1462 
11 78 552 
75 34 1356 
80 3 1214 
3 15 653 
7 45 1109 
7 4 1220 
25 96 1265 
9 16 1034 
19 44 536 
75 76 268 
25 11 1528 
59 74 434 
21 80 1261 
74 28 385 
91 57 346 
24 18 1514 
32 25 134 
46 47 344 
14 5 1012 
72 58 1469 
52 7 439 
60 80 58 
48 51 1152 
