2 2
150
27 8 380 
12 35 337 
45 7 205 
3 93 106 
49 65 355 
29 11 367 
56 56 171 
64 23 351 
65 61 239 
80 36 340 
6 97 405 
22 7 99 
69 41 148 
28 6 315 
60 96 341 
35 77 50 
97 11 133 
66 86 289 
63 66 344 
9 49 303 
26 67 290 
69 100 394 
28 29 239 
65 62 286 
56 30 206 
67 6 113 
4 32 345 
49 85 106 
53 42 45 
30 61 170 
42 62 373 
64 4 161 
8 93 394 
89 9 198 
56 34 200 
64 12 229 
22 98 245 
59 7 73 
92 79 332 
47 18 234 
88 100 276 
19 26 406 
80 94 107 
13 61 54 
33 17 94 
38 95 212 
79 91 127 
57 10 257 
84 85 228 
76 74 102 
60 63 307 
42 3 38 
83 39 35 
51 86 74 
32 11 155 
49 28 364 
97 55 345 
31 70 112 
28 33 367 
7 37 167 
46 6 82 
3 55 399 
40 93 59 
16 58 231 
46 30 22 
15 26 404 
27 37 232 
68 81 79 
42 30 378 
50 15 287 
21 78 7 
69 7 324 
100 31 228 
42 11 145 
77 83 399 
30 88 166 
24 15 29 
93 82 5 
86 80 105 
3 63 104 
7 92 319 
46 97 325 
57 78 94 
28 17 389 
45 87 105 
23 93 399 
23 14 175 
54 28 407 
66 30 394 
3 85 113 
56 99 279 
32 37 81 
59 33 354 
20 75 41 
20 99 402 
13 50 385 
77 65 353 
30 81 198 
84 55 262 
80 82 273 
85 57 380 
97 74 73 
29 15 206 
8 66 244 
13 5 164 
35 36 120 
3 54 328 
4 27 85 
43 28 75 
22 50 335 
57 81 210 
22 37 74 
19 25 103 
83 86 144 
46 71 402 
29 18 311 
10 51 78 
37 79 114 
89 83 122 
74 56 187 
101 9 265 
70 53 349 
10 93 280 
24 19 50 
6 22 279 
47 60 230 
24 16 43 
44 14 402 
65 22 9 
26 35 220 
90 46 279 
81 84 315 
72 78 77 
15 21 103 
10 88 135 
9 33 234 
62 43 96 
75 52 166 
37 59 390 
68 7 126 
86 87 238 
17 36 296 
45 27 157 
93 77 336 
40 11 389 
87 36 104 
68 58 365 
47 66 376 
33 17 382 
30 46 101 
