8 4
150
28 4 37 3 32 24 25 65 347 
66 81 73 45 33 9 7 24 710 
12 8 22 39 8 98 40 71 541 
37 24 48 54 100 55 88 47 472 
93 53 89 42 56 81 88 50 298 
88 75 9 83 6 55 28 64 652 
98 91 98 41 66 63 58 90 336 
99 15 82 19 60 88 52 16 582 
102 72 54 43 53 60 62 54 785 
61 56 20 95 28 38 75 91 456 
64 55 89 28 86 68 40 91 292 
58 71 17 23 33 92 84 28 759 
30 57 40 40 81 14 67 99 278 
25 6 89 47 46 71 32 90 500 
86 76 87 88 6 64 24 6 678 
83 41 25 30 13 2 45 47 278 
20 26 76 77 63 89 34 17 699 
51 13 27 48 92 46 31 100 425 
10 45 54 79 18 76 31 86 474 
13 96 95 89 4 101 37 15 523 
89 10 15 100 56 91 78 75 759 
60 37 50 81 102 15 50 37 21 
84 43 10 102 49 79 32 23 171 
95 65 11 28 14 79 82 44 732 
41 12 91 65 3 45 83 73 405 
12 34 96 81 40 69 99 54 589 
58 90 64 39 70 35 70 85 88 
86 35 25 73 102 60 26 11 212 
15 22 42 67 20 78 29 22 728 
28 16 26 45 31 61 7 26 441 
30 4 43 59 97 20 34 100 310 
29 41 34 38 58 31 43 85 270 
34 92 72 88 11 51 45 44 566 
88 43 6 66 67 78 6 98 59 
87 59 27 24 35 22 40 2 663 
59 92 60 97 4 48 28 75 272 
86 44 95 95 15 55 50 48 463 
36 65 75 58 34 62 24 58 221 
10 12 59 51 50 11 69 88 424 
13 93 41 60 39 94 45 22 438 
16 94 45 74 76 89 66 6 308 
10 3 59 100 75 48 21 20 519 
78 37 97 86 27 29 3 39 447 
19 78 27 83 15 15 8 10 523 
85 39 38 72 87 46 73 61 696 
96 15 20 96 41 21 30 69 690 
61 32 69 19 72 39 35 48 230 
14 29 90 47 94 68 84 37 665 
30 8 52 53 15 68 43 9 199 
39 26 39 8 55 48 30 49 633 
99 69 69 102 39 41 17 61 269 
99 51 23 54 14 6 40 3 496 
36 10 20 3 77 65 14 98 186 
93 8 76 44 19 47 90 87 560 
17 30 71 13 38 55 35 46 471 
5 87 14 35 70 54 87 96 322 
62 98 94 5 89 43 18 26 436 
61 58 35 79 66 29 37 25 596 
94 25 74 67 70 33 7 11 93 
13 61 40 24 58 25 7 30 723 
79 13 43 30 97 14 102 76 721 
27 29 22 86 99 47 81 96 575 
69 97 30 62 100 80 32 8 533 
17 39 101 12 73 38 41 60 96 
34 66 30 63 67 96 45 83 675 
93 28 64 95 45 64 55 41 268 
63 19 15 65 100 91 48 86 301 
91 17 57 86 48 41 36 49 248 
44 8 33 35 19 19 97 41 646 
6 25 96 39 59 35 6 80 341 
100 71 68 41 17 82 60 56 535 
29 9 83 25 61 98 34 12 268 
4 30 101 98 70 60 12 45 505 
45 54 60 25 82 70 99 38 634 
66 5 93 53 77 65 54 70 268 
100 83 66 100 7 49 102 4 408 
44 4 4 10 31 74 20 17 21 
9 6 28 15 28 26 21 70 60 
44 53 54 38 46 102 28 14 504 
100 47 49 13 25 81 20 57 275 
78 59 77 21 34 62 63 47 518 
8 87 57 42 81 39 42 60 412 
100 8 60 4 84 19 13 22 575 
58 98 84 50 97 73 92 44 94 
34 25 21 94 77 101 38 21 221 
9 60 67 11 74 67 30 22 395 
77 76 77 60 10 14 92 7 396 
84 61 92 86 52 39 28 9 294 
33 7 34 61 67 64 92 6 507 
7 48 27 19 21 77 25 16 556 
39 76 16 9 4 71 53 56 495 
39 25 10 30 86 66 31 99 122 
19 19 11 14 71 7 52 87 483 
26 67 42 16 63 38 71 91 273 
24 26 5 64 10 13 4 54 664 
56 79 65 62 90 24 62 8 797 
61 26 7 12 59 19 12 29 730 
23 25 63 74 61 96 33 9 594 
13 56 11 100 13 18 25 98 68 
98 65 79 20 56 57 40 12 533 
30 14 69 88 54 82 23 83 241 
22 84 19 70 31 83 51 51 425 
91 63 15 91 88 63 11 16 522 
15 5 71 8 36 51 31 5 772 
7 27 4 31 79 32 89 5 119 
93 30 36 98 70 7 5 51 404 
54 41 28 8 79 40 19 11 634 
62 16 49 70 41 28 89 46 197 
52 62 86 86 4 85 49 20 700 
32 19 37 66 5 87 102 79 522 
71 101 50 67 14 70 54 29 729 
69 24 91 9 11 26 83 55 730 
67 70 39 45 62 61 54 88 749 
45 98 12 64 70 64 65 20 368 
78 87 50 18 34 77 96 81 784 
99 25 10 13 85 52 98 37 78 
28 28 41 91 14 28 78 11 250 
81 7 56 29 47 93 81 7 559 
44 51 38 65 51 82 65 58 522 
86 34 15 62 68 36 54 38 751 
8 89 75 24 42 24 46 17 605 
44 71 80 19 34 80 84 56 695 
75 66 79 61 28 59 64 94 635 
19 20 41 22 77 11 101 76 147 
98 22 12 16 20 36 8 23 706 
88 68 102 37 81 15 51 81 592 
17 48 62 18 62 49 47 29 787 
37 23 96 71 20 60 63 88 280 
78 61 48 45 55 8 72 78 214 
80 85 42 28 74 98 38 86 224 
59 82 61 64 72 93 39 73 811 
95 19 50 44 76 95 80 75 169 
29 73 95 57 48 87 23 69 360 
59 11 52 100 35 36 33 5 49 
77 15 91 56 8 84 8 80 479 
80 38 11 48 50 101 77 11 106 
36 4 36 77 43 5 49 82 507 
52 96 86 16 13 73 90 6 486 
33 75 67 13 51 70 28 45 249 
37 13 63 53 25 26 23 99 9 
73 102 75 88 9 28 22 58 681 
76 66 28 41 61 46 41 46 299 
50 25 56 69 51 99 74 15 569 
3 101 73 63 95 16 72 18 34 
89 47 68 41 93 94 86 53 651 
7 98 54 18 13 81 89 76 599 
49 7 53 77 16 96 58 21 470 
14 16 73 14 71 45 43 55 811 
72 10 35 64 84 99 20 70 133 
20 87 90 94 76 21 43 25 96 
