2 4
150
92 64 484 
7 59 178 
10 70 649 
53 101 777 
75 16 235 
49 8 66 
79 67 283 
64 92 142 
7 50 240 
23 89 675 
13 55 419 
63 28 741 
48 6 683 
101 21 642 
82 98 808 
91 10 654 
8 84 179 
60 86 542 
16 30 583 
44 102 69 
94 89 658 
99 43 376 
46 15 722 
40 3 24 
26 80 377 
58 84 769 
20 18 335 
51 17 43 
63 54 562 
87 48 801 
21 6 34 
77 8 267 
100 86 456 
55 48 774 
94 70 663 
21 36 56 
22 61 375 
79 26 688 
69 45 586 
78 38 721 
79 61 542 
92 20 788 
101 51 583 
16 60 802 
41 67 572 
48 60 385 
26 44 150 
64 67 717 
54 44 657 
22 10 517 
63 25 390 
69 78 705 
31 3 406 
87 22 694 
37 9 7 
50 41 480 
16 23 699 
27 54 767 
72 17 771 
81 40 622 
18 81 336 
10 55 290 
53 73 729 
86 19 459 
99 41 179 
35 29 474 
89 7 32 
24 7 706 
80 38 578 
56 99 496 
94 52 519 
76 71 335 
46 29 440 
67 99 552 
71 33 34 
31 29 104 
74 39 720 
39 93 271 
75 96 602 
57 32 137 
67 99 602 
31 94 552 
95 26 577 
83 91 815 
6 24 67 
38 54 612 
85 50 75 
60 83 493 
75 57 478 
32 3 606 
69 91 788 
39 3 814 
96 43 318 
38 39 30 
44 93 391 
90 35 569 
27 38 344 
101 74 672 
10 8 130 
15 58 299 
11 64 188 
98 16 813 
5 69 173 
10 44 95 
38 48 96 
8 18 734 
15 86 188 
91 7 528 
34 70 145 
16 32 770 
86 82 692 
4 29 608 
83 48 635 
50 87 536 
51 19 768 
33 65 211 
73 4 736 
28 3 588 
16 22 465 
60 66 370 
84 91 306 
29 26 506 
29 36 156 
39 27 577 
14 66 808 
59 42 722 
72 4 49 
94 46 225 
6 60 650 
15 91 61 
20 24 663 
35 68 786 
30 24 757 
34 6 237 
9 36 630 
21 16 298 
75 59 652 
70 90 513 
42 92 370 
12 24 539 
84 16 369 
14 22 24 
91 82 804 
5 31 151 
98 40 797 
79 87 83 
52 87 363 
45 42 264 
29 51 283 
20 95 618 
