6 2
150
92 52 89 38 11 19 351 
9 63 96 31 95 64 62 
86 72 45 66 25 77 143 
85 18 49 47 73 67 155 
19 84 100 9 28 8 43 
69 86 69 13 34 32 133 
64 83 73 22 58 27 394 
76 3 3 95 48 41 31 
36 42 93 39 54 50 369 
80 98 24 70 58 7 71 
88 78 55 93 47 4 88 
38 78 27 18 42 43 178 
84 99 16 82 69 5 135 
46 78 76 82 84 44 343 
86 51 54 101 23 81 358 
27 50 4 3 38 88 401 
66 68 24 14 9 49 393 
101 10 90 91 4 86 174 
2 81 13 65 62 39 211 
29 75 18 22 64 58 234 
52 14 80 33 19 37 324 
12 54 70 77 97 90 347 
43 66 12 21 97 47 101 
71 94 41 78 51 49 154 
94 8 94 47 93 41 202 
97 12 60 87 52 65 368 
29 44 89 67 52 68 351 
11 8 3 69 12 35 332 
23 41 57 70 90 44 74 
48 78 32 6 51 38 188 
56 54 36 47 84 36 170 
51 54 13 101 82 53 339 
102 94 81 83 8 70 305 
72 6 18 64 23 74 330 
69 59 63 3 33 42 225 
56 68 23 30 101 42 293 
90 46 71 9 93 37 191 
86 53 25 44 70 73 343 
51 20 85 63 64 62 336 
96 52 100 52 13 30 189 
27 59 54 10 30 5 337 
62 49 57 32 40 36 339 
8 40 61 65 71 73 23 
51 40 69 39 82 91 383 
96 73 59 81 9 2 239 
96 73 37 42 70 4 363 
72 30 33 26 28 101 359 
14 41 89 44 59 43 314 
22 88 73 50 15 91 267 
78 100 53 33 36 26 52 
69 26 25 3 71 18 319 
12 38 15 56 92 8 337 
34 72 39 51 62 84 304 
87 66 94 57 15 26 384 
33 82 95 94 77 78 185 
17 66 43 90 27 101 42 
52 60 97 25 85 85 181 
29 16 83 76 45 40 333 
62 33 48 58 95 86 323 
58 22 63 17 32 39 71 
8 97 63 37 85 66 145 
8 99 34 32 43 52 16 
68 14 20 34 40 66 226 
35 98 34 34 17 33 384 
40 35 10 55 48 29 87 
21 22 42 62 76 48 220 
37 16 28 54 36 77 369 
10 46 85 94 76 64 300 
102 31 5 70 35 43 277 
65 26 79 97 25 85 192 
94 80 74 66 19 3 401 
83 8 82 83 57 6 126 
92 27 63 74 67 50 78 
93 39 94 42 7 88 292 
93 50 59 13 95 45 68 
68 14 30 58 62 77 79 
25 24 90 80 39 39 301 
101 19 25 59 37 30 4 
43 82 26 14 17 29 368 
60 26 71 65 62 16 98 
15 35 18 7 75 102 279 
17 6 64 70 51 100 375 
34 36 56 60 17 18 102 
34 6 46 47 50 31 266 
101 20 17 79 25 52 350 
86 9 54 64 30 34 110 
78 64 46 69 31 100 108 
92 17 6 47 101 101 333 
31 73 62 26 73 5 66 
88 49 93 28 50 8 195 
28 4 98 89 85 100 229 
44 102 80 21 32 41 37 
5 13 34 26 53 6 228 
38 94 40 59 31 13 367 
17 56 43 83 94 81 261 
15 11 60 17 3 28 353 
73 84 7 43 66 9 338 
38 61 4 99 4 94 367 
12 59 32 56 89 68 111 
48 40 40 40 62 47 367 
4 76 11 52 81 71 265 
13 36 18 67 6 9 325 
97 41 86 92 89 76 16 
53 30 63 15 61 62 105 
46 68 5 6 64 95 138 
87 95 49 25 25 27 405 
26 16 92 86 61 49 210 
101 56 50 75 73 89 209 
48 50 39 21 11 41 274 
69 15 62 43 16 48 43 
48 40 69 66 51 6 114 
16 73 32 2 14 76 182 
14 57 33 93 8 85 160 
47 12 6 15 88 34 232 
3 32 44 47 3 43 220 
18 82 11 24 84 25 134 
79 9 21 99 67 25 225 
60 31 52 10 65 73 6 
30 66 53 65 74 73 51 
43 89 58 13 35 93 392 
77 24 71 26 61 8 274 
5 87 19 23 11 4 180 
3 95 38 40 72 55 362 
19 60 62 12 55 22 149 
22 65 88 34 34 61 337 
9 83 86 6 67 36 103 
81 36 44 65 71 70 166 
97 21 75 66 40 9 240 
66 11 16 9 88 33 339 
24 33 91 79 45 63 384 
14 54 35 7 21 66 155 
26 20 49 86 54 98 104 
46 14 70 96 54 26 176 
74 73 100 81 5 44 235 
5 55 88 28 9 48 340 
70 42 61 21 46 23 162 
93 68 25 36 37 60 318 
21 23 85 93 40 53 163 
83 38 28 17 24 82 89 
67 64 59 47 51 44 311 
74 11 77 10 5 5 329 
6 77 47 70 86 82 345 
34 5 37 71 97 45 353 
6 35 6 24 43 20 109 
7 68 91 88 18 4 190 
13 10 85 37 50 61 314 
63 83 49 40 3 39 135 
61 24 78 56 101 92 279 
79 73 88 64 87 56 406 
11 57 84 70 80 40 88 
