4 4
150
14 16 93 93 627 
47 98 39 70 264 
34 20 58 101 251 
33 64 64 35 637 
23 81 43 86 87 
94 27 62 63 547 
63 40 19 70 97 
47 90 14 63 271 
15 92 54 81 319 
8 79 17 37 798 
99 52 24 88 397 
34 76 9 83 692 
22 38 77 3 582 
96 3 90 89 696 
45 52 3 2 535 
32 30 64 47 36 
17 12 28 65 574 
13 17 33 21 650 
74 83 33 78 107 
79 17 53 10 369 
7 91 30 51 448 
49 51 24 23 152 
7 14 64 79 574 
12 12 14 33 492 
81 72 71 9 112 
64 21 27 89 723 
17 78 56 102 807 
27 84 79 11 192 
64 95 12 3 612 
62 20 56 8 23 
69 5 23 50 544 
37 23 22 38 754 
30 26 37 34 28 
30 59 65 80 369 
30 35 6 9 798 
87 63 70 34 435 
46 67 21 87 175 
14 58 9 35 521 
7 64 43 18 779 
41 60 80 100 383 
5 58 78 63 607 
36 101 15 52 664 
77 55 90 85 396 
65 6 52 13 741 
74 52 31 16 331 
69 94 89 14 482 
29 85 72 88 411 
90 91 61 12 710 
15 44 59 54 729 
54 75 60 70 265 
37 10 69 9 607 
55 28 64 22 65 
44 14 4 93 446 
94 85 4 34 491 
76 48 42 26 635 
32 95 79 27 722 
95 36 22 81 200 
20 18 65 13 797 
64 29 40 5 368 
3 43 68 99 798 
71 73 28 10 473 
91 71 45 31 363 
61 51 39 34 120 
10 94 24 68 297 
77 21 93 37 801 
50 9 39 81 624 
91 29 82 29 157 
24 10 14 24 289 
51 76 36 69 316 
15 91 8 90 302 
11 21 2 63 187 
52 82 93 12 83 
84 34 65 55 452 
34 71 12 15 754 
2 82 2 33 709 
3 87 26 98 696 
61 3 51 44 549 
72 29 21 6 565 
44 19 5 14 438 
19 13 83 14 54 
46 81 95 98 301 
31 20 71 76 177 
67 57 97 26 419 
82 85 23 87 694 
7 52 8 46 409 
85 80 91 79 567 
93 6 15 92 339 
82 10 55 8 312 
54 60 46 85 39 
89 23 80 63 598 
36 91 98 29 12 
95 75 52 48 436 
54 32 93 7 254 
63 45 8 85 583 
74 32 17 49 272 
49 8 25 41 515 
64 101 30 6 290 
3 10 88 90 393 
9 60 9 54 707 
24 69 42 54 360 
46 18 97 91 8 
6 76 51 95 443 
90 52 12 85 745 
54 4 89 71 245 
54 59 19 37 528 
16 25 65 63 93 
82 68 73 97 156 
48 6 41 6 261 
29 62 94 36 494 
59 50 26 63 281 
22 82 72 24 747 
89 101 63 27 707 
82 13 90 84 602 
23 81 17 66 369 
51 64 86 40 24 
95 66 85 76 67 
68 101 4 29 741 
3 98 51 6 260 
49 45 17 19 422 
18 74 12 63 321 
80 35 62 18 700 
60 98 34 21 805 
25 18 88 19 169 
83 11 63 94 596 
27 32 13 34 797 
7 50 69 88 706 
23 56 24 37 249 
35 41 88 43 268 
7 66 32 7 74 
33 59 100 99 576 
9 13 21 90 118 
50 23 30 20 655 
12 31 48 35 635 
71 96 53 88 711 
44 25 22 61 557 
63 2 8 25 542 
51 52 72 18 646 
12 37 36 23 675 
14 12 70 63 186 
77 19 99 29 329 
39 7 14 11 231 
87 92 62 22 433 
49 17 7 54 259 
62 61 33 56 553 
35 61 32 6 614 
34 57 62 38 757 
46 6 81 85 236 
45 40 63 89 771 
22 77 17 70 292 
99 8 18 31 511 
