8 6
150
95 91 10 78 65 82 38 78 218 
4 81 67 65 30 94 69 68 1110 
79 65 22 57 15 11 63 31 314 
100 79 25 48 25 48 32 23 557 
38 69 69 89 97 86 56 28 284 
30 9 21 79 93 59 50 32 419 
100 40 79 101 17 36 56 40 1217 
96 58 58 21 35 9 48 33 1219 
26 93 71 38 2 88 88 35 271 
8 23 88 69 100 95 14 35 1012 
71 39 53 35 35 58 87 62 864 
69 11 76 14 32 62 59 26 484 
68 64 40 93 16 85 14 50 212 
15 30 60 66 9 2 26 80 1145 
50 93 60 14 53 42 18 21 286 
50 96 93 28 11 76 55 48 870 
47 80 25 71 23 87 41 74 396 
15 5 4 76 90 55 69 11 402 
83 55 13 100 77 97 61 66 651 
29 89 20 85 12 63 31 82 1222 
72 81 72 75 75 81 10 5 195 
23 75 9 40 61 2 44 74 1138 
62 49 5 31 11 59 34 15 1034 
16 32 95 44 47 10 55 99 365 
65 10 82 34 92 75 81 40 1112 
48 91 30 20 44 40 70 71 402 
99 43 72 14 43 62 97 96 896 
25 81 30 101 87 65 72 81 778 
15 31 59 32 52 73 69 88 292 
59 97 90 56 76 78 77 58 680 
62 53 69 22 39 97 101 58 724 
65 49 6 67 50 65 77 57 495 
77 69 93 101 48 58 39 40 1211 
87 70 7 53 26 31 9 13 340 
98 95 94 64 33 96 14 6 467 
22 94 49 27 82 21 38 102 1084 
66 63 7 14 85 100 98 16 1071 
56 14 26 77 60 39 38 81 761 
50 15 39 99 89 44 19 19 573 
54 63 91 89 17 26 42 45 610 
25 86 12 96 68 19 8 60 1125 
16 46 36 12 91 3 59 90 1063 
54 69 76 65 96 68 54 47 653 
101 69 98 102 37 17 90 15 1157 
54 57 49 22 93 30 52 5 892 
15 43 74 90 32 30 39 90 936 
78 62 92 46 44 23 65 10 1120 
98 17 12 21 24 78 8 7 406 
42 34 78 48 15 93 95 40 42 
84 12 39 71 65 48 40 14 653 
7 10 15 28 59 85 39 57 1081 
65 96 21 97 84 27 97 99 692 
3 32 49 100 53 6 20 84 1195 
56 29 54 65 82 12 25 4 1178 
22 16 77 95 10 60 5 32 540 
86 88 30 14 76 67 92 40 1001 
8 8 59 11 10 77 87 85 344 
38 2 16 11 75 82 31 76 1024 
83 10 24 91 97 23 62 36 1169 
71 45 54 89 75 45 31 19 1167 
41 14 8 3 9 28 32 69 364 
32 77 16 50 85 2 83 11 365 
62 19 13 38 51 76 81 18 492 
78 51 29 73 82 58 87 92 766 
80 82 3 98 62 30 94 32 715 
84 23 62 54 8 66 15 71 1221 
86 5 64 33 23 93 88 56 225 
5 60 97 60 65 95 40 5 352 
31 66 59 85 46 21 18 100 1163 
82 25 45 65 61 13 58 3 1066 
2 49 61 12 12 7 12 91 874 
65 26 60 69 17 4 38 86 59 
44 4 61 45 17 26 98 8 380 
77 42 102 86 3 64 7 40 697 
72 21 56 54 75 58 50 55 898 
39 15 11 43 29 76 9 16 1213 
31 59 33 37 16 7 76 37 597 
73 81 25 98 64 79 47 68 799 
53 92 31 5 97 64 52 61 1136 
24 36 15 27 79 90 65 79 987 
28 36 7 51 80 40 9 79 908 
52 42 53 34 97 63 11 58 289 
72 28 64 71 87 57 14 54 8 
37 48 4 37 35 87 98 22 391 
62 4 15 93 98 20 90 102 235 
44 92 41 54 18 24 66 95 630 
21 59 51 52 39 27 39 73 375 
75 17 9 68 37 78 31 51 663 
13 81 31 46 83 87 38 72 759 
64 85 32 82 73 43 35 80 771 
84 12 66 89 55 27 90 18 1038 
14 78 57 65 25 69 70 55 165 
24 77 78 66 17 70 65 78 1080 
3 95 46 68 35 60 15 49 477 
92 25 28 6 58 67 2 25 1151 
9 100 62 65 14 20 29 13 35 
89 20 97 99 26 79 39 89 281 
43 48 45 99 52 79 30 80 367 
89 20 22 13 66 93 76 58 950 
31 40 82 28 41 23 57 28 351 
46 95 101 51 70 70 44 61 951 
53 12 50 85 36 37 90 42 1148 
85 78 56 6 25 70 102 10 605 
44 17 8 24 44 27 50 87 1030 
33 41 52 53 70 7 16 25 570 
32 48 5 48 40 101 29 74 609 
77 41 73 33 51 62 21 2 540 
73 31 69 25 37 52 53 60 15 
46 34 10 51 92 102 23 72 765 
48 99 80 9 97 73 77 75 555 
16 101 92 92 34 70 63 44 1155 
81 9 13 56 97 82 100 85 488 
44 28 51 73 12 80 99 75 42 
68 66 36 99 50 63 7 39 717 
13 56 102 42 90 50 8 44 780 
54 94 4 100 11 13 33 35 579 
98 45 91 14 95 61 67 97 959 
63 84 60 51 51 60 23 90 362 
42 4 40 3 67 70 17 48 987 
4 71 57 25 68 17 16 10 1152 
71 101 63 42 77 95 72 47 739 
7 4 45 46 78 23 84 93 378 
11 97 80 23 99 49 81 65 319 
25 40 18 45 37 43 66 54 1082 
70 102 30 47 33 22 9 11 534 
39 60 94 36 43 77 86 7 158 
18 50 4 16 64 13 69 49 89 
46 64 69 4 82 26 35 16 1113 
5 66 66 60 16 90 5 43 72 
36 91 99 43 61 32 30 50 50 
88 56 40 19 80 86 15 65 578 
79 37 80 70 3 29 86 83 508 
50 60 36 17 13 22 7 35 709 
12 5 6 39 76 34 23 49 736 
55 88 88 82 47 53 42 29 79 
30 68 90 72 58 79 91 82 1098 
72 74 45 20 13 46 28 5 732 
46 42 63 48 49 57 69 34 1161 
57 70 15 85 76 86 16 79 825 
72 41 49 28 50 96 44 53 917 
19 37 77 44 56 44 93 99 1063 
47 84 21 35 6 27 85 35 143 
79 88 100 61 6 36 79 58 777 
15 20 94 69 5 98 82 52 1189 
22 16 17 72 94 79 99 71 1165 
50 39 38 24 45 17 85 68 787 
79 61 32 43 66 100 81 80 971 
97 80 81 25 55 56 29 65 237 
99 8 96 22 63 38 41 31 236 
29 92 76 79 86 40 34 5 1114 
