2 4
150
41 68 500 
82 89 471 
28 13 284 
4 101 219 
13 10 241 
70 49 594 
9 15 616 
82 4 359 
37 37 197 
11 63 167 
59 14 131 
12 61 224 
15 30 379 
19 62 545 
54 40 338 
78 70 291 
19 11 425 
6 89 415 
91 60 523 
19 47 422 
36 19 408 
16 47 707 
13 3 401 
4 57 155 
28 92 438 
11 31 524 
5 62 547 
90 94 426 
70 55 205 
67 23 4 
65 97 680 
97 86 350 
19 39 754 
57 67 554 
88 17 439 
35 80 792 
99 82 242 
102 17 693 
87 47 204 
100 48 756 
64 48 650 
51 41 491 
37 34 56 
13 94 749 
74 50 776 
101 4 627 
100 37 613 
30 70 333 
73 65 657 
100 12 314 
20 21 743 
102 95 157 
90 40 623 
96 100 375 
92 89 723 
40 30 545 
92 87 353 
50 101 91 
20 36 637 
41 80 616 
82 39 179 
70 95 595 
3 74 451 
78 13 526 
3 7 307 
31 40 663 
54 35 289 
16 11 202 
97 72 162 
82 84 484 
43 51 489 
3 16 496 
26 24 766 
18 39 460 
14 16 609 
81 50 772 
75 90 785 
99 89 366 
42 68 233 
99 75 188 
55 23 732 
98 37 503 
7 102 740 
79 7 127 
89 38 786 
81 4 776 
52 18 184 
27 9 767 
65 46 512 
17 63 395 
34 29 401 
73 65 134 
69 18 641 
15 76 392 
6 99 678 
83 11 411 
50 63 520 
35 49 464 
2 30 117 
98 35 742 
101 91 319 
44 46 639 
68 18 604 
82 14 705 
19 39 344 
77 23 82 
13 84 286 
14 69 812 
87 101 651 
94 73 282 
4 73 677 
90 16 693 
11 63 428 
7 16 758 
78 70 400 
79 19 85 
17 28 59 
6 87 413 
58 88 187 
41 60 372 
101 76 375 
42 80 338 
5 31 188 
59 68 488 
60 8 555 
44 38 803 
53 9 672 
72 80 365 
29 100 704 
34 33 228 
64 72 33 
9 8 330 
49 39 736 
10 76 715 
89 59 494 
49 49 642 
85 16 411 
26 91 412 
65 31 787 
3 14 654 
57 73 797 
97 97 783 
58 53 815 
30 97 811 
10 45 274 
97 84 166 
86 82 420 
10 52 143 
79 40 658 
55 46 631 
