6 4
200
75 21 24 17 21 60 40 
50 36 42 80 82 44 540 
53 20 30 84 48 5 347 
6 6 31 95 9 38 627 
17 80 84 86 13 67 799 
65 75 69 73 10 18 384 
86 95 74 60 77 55 678 
47 98 21 39 43 11 561 
17 95 23 14 25 30 267 
58 60 95 71 80 70 723 
47 63 12 40 89 97 165 
13 59 37 34 85 96 576 
84 65 49 72 57 31 394 
82 47 61 87 91 16 227 
38 81 92 99 86 96 813 
37 10 102 56 16 51 30 
38 88 82 42 36 64 610 
96 48 100 24 41 42 534 
18 53 54 100 83 94 618 
80 48 37 101 101 73 384 
57 50 19 44 83 47 359 
61 81 47 57 54 55 340 
35 93 77 48 56 36 152 
59 49 57 35 58 30 473 
43 47 43 36 93 30 320 
100 83 83 60 98 23 472 
74 9 46 31 41 36 366 
56 62 55 48 39 30 798 
3 63 11 26 19 88 147 
36 6 22 63 27 4 289 
12 96 89 60 15 63 699 
42 14 6 19 96 15 708 
87 90 91 56 101 43 793 
22 74 36 81 38 42 306 
5 25 69 16 34 11 360 
68 68 89 26 70 14 497 
52 7 10 25 75 33 408 
18 33 9 28 63 40 737 
24 56 81 79 23 50 301 
91 39 5 64 6 45 150 
25 4 32 34 31 38 573 
69 28 58 65 11 89 716 
94 63 90 73 73 56 365 
14 10 49 49 66 26 499 
70 7 63 71 90 34 756 
32 79 96 34 4 22 445 
30 26 16 14 63 51 788 
78 17 93 34 91 76 92 
95 86 87 67 14 11 810 
23 96 96 23 58 97 508 
86 96 41 72 35 92 688 
86 34 37 5 77 66 753 
92 72 39 101 60 84 297 
95 12 69 91 13 57 53 
32 23 93 7 56 36 750 
23 55 64 58 85 29 77 
53 52 64 39 47 9 255 
26 59 24 100 16 28 744 
86 74 82 24 37 80 446 
13 46 100 23 32 2 569 
19 77 45 76 57 29 340 
62 7 54 69 50 77 48 
66 72 9 42 10 3 297 
83 84 36 50 51 57 328 
8 66 18 17 9 63 56 
84 80 26 61 101 52 202 
69 30 58 89 5 51 386 
76 93 83 24 102 35 300 
95 12 28 8 74 3 438 
43 38 54 43 16 101 670 
93 85 84 11 53 14 112 
56 80 64 48 8 95 266 
75 37 95 9 30 72 731 
71 100 55 29 50 73 219 
94 6 48 91 52 67 673 
10 101 14 51 24 25 318 
34 66 62 69 11 23 557 
3 61 36 88 31 94 185 
88 31 85 5 43 89 505 
76 18 59 58 30 52 527 
38 83 61 8 49 53 304 
35 95 62 42 52 60 740 
47 13 5 23 75 62 183 
72 31 48 83 38 79 470 
51 5 13 83 73 6 535 
80 78 82 84 44 87 430 
38 25 65 93 30 73 243 
7 56 37 57 92 44 535 
54 15 27 13 76 82 691 
92 51 61 81 57 27 541 
38 25 41 33 77 72 281 
8 85 93 10 8 30 360 
51 77 28 83 63 2 220 
65 57 73 70 8 70 378 
75 6 14 76 48 65 563 
33 98 26 17 75 33 369 
32 36 5 70 54 43 336 
76 35 100 95 27 41 593 
70 70 65 71 4 90 271 
81 81 36 62 66 77 145 
81 3 68 91 71 84 272 
23 70 2 56 29 7 811 
73 16 82 23 26 98 520 
31 63 49 73 45 14 419 
57 71 10 90 68 25 774 
34 34 7 58 60 41 377 
102 64 17 76 85 36 63 
67 56 41 42 81 56 414 
42 21 20 28 72 84 543 
101 95 68 64 84 7 323 
85 77 66 68 59 19 238 
101 33 99 62 81 46 737 
17 70 49 89 71 46 748 
14 89 32 90 59 82 5 
72 51 14 3 31 70 671 
81 77 76 24 39 24 336 
90 23 68 93 40 78 690 
26 21 77 14 62 50 573 
90 36 80 102 40 31 241 
85 87 61 52 78 10 294 
95 75 67 35 24 53 202 
68 67 99 21 5 18 369 
31 39 91 70 22 14 741 
43 98 24 101 95 14 44 
38 9 43 65 70 51 256 
48 12 81 40 99 48 178 
71 83 82 37 15 86 436 
49 72 83 57 98 47 429 
79 45 36 31 41 21 248 
59 58 59 37 69 16 677 
29 12 32 25 68 71 584 
17 44 66 82 30 54 726 
39 62 9 74 5 81 571 
69 47 11 61 28 93 100 
27 26 101 48 72 72 164 
62 53 34 32 78 83 500 
3 72 51 13 70 43 164 
97 51 65 66 37 15 492 
67 24 66 42 80 61 736 
20 67 37 59 83 71 634 
12 77 45 29 100 11 541 
77 61 49 61 52 94 245 
77 38 84 37 59 62 778 
31 70 91 100 24 73 677 
7 17 56 88 74 44 700 
76 22 38 39 6 96 728 
65 19 84 30 69 62 354 
30 55 24 26 11 84 661 
9 55 31 78 40 85 574 
46 95 74 80 52 46 7 
18 48 100 55 68 8 539 
53 10 73 56 12 42 626 
64 34 64 65 62 7 546 
69 9 63 68 13 21 151 
26 11 52 19 18 45 102 
9 27 73 46 78 17 464 
48 60 24 29 46 96 672 
64 12 17 92 41 36 403 
40 38 89 57 89 50 219 
100 23 39 96 99 66 451 
9 93 21 86 92 12 174 
51 41 41 69 27 38 509 
101 37 30 79 11 65 561 
90 86 91 91 69 32 390 
40 87 35 49 31 29 447 
21 98 8 52 26 30 731 
99 50 89 64 14 66 809 
88 11 19 90 3 88 154 
9 32 97 24 82 75 93 
56 8 23 98 11 10 651 
41 24 29 87 37 81 745 
38 4 29 58 68 50 423 
78 18 61 30 43 38 104 
68 12 29 46 57 80 348 
44 69 68 5 59 21 384 
89 92 5 68 9 29 574 
30 70 68 16 27 61 644 
92 64 70 70 74 69 596 
14 102 44 82 3 51 770 
37 63 55 11 31 7 722 
28 58 64 35 11 44 309 
44 63 31 32 21 66 429 
7 100 37 87 54 76 616 
92 63 88 9 81 78 764 
10 15 7 98 57 92 519 
8 8 37 65 27 37 571 
41 15 53 84 87 44 248 
65 20 27 79 33 15 295 
97 78 29 32 68 46 281 
50 26 36 66 75 91 802 
94 2 24 29 41 7 419 
50 37 27 95 36 65 364 
97 82 21 26 79 30 93 
32 10 35 61 93 38 745 
90 19 19 14 55 34 581 
20 5 52 94 10 87 384 
43 3 39 34 83 92 427 
46 17 43 98 63 89 505 
94 91 70 50 72 62 489 
20 10 84 83 33 75 631 
