2 4
200
40 84 340 
53 87 360 
46 48 350 
80 79 398 
58 11 119 
44 41 408 
17 68 444 
13 8 478 
54 99 694 
16 71 521 
18 10 53 
84 101 501 
43 55 631 
58 76 279 
10 86 633 
29 43 310 
33 81 541 
12 46 773 
72 29 617 
85 101 718 
61 32 627 
81 64 570 
44 75 90 
55 2 705 
75 61 748 
22 5 183 
83 27 461 
49 85 734 
100 7 521 
14 15 584 
88 60 441 
91 99 361 
59 31 180 
10 87 550 
29 80 645 
82 40 691 
5 51 200 
55 4 606 
34 14 382 
89 83 465 
8 33 493 
41 69 346 
35 85 509 
50 65 601 
2 75 325 
91 22 44 
13 20 551 
81 11 521 
49 34 458 
82 60 693 
99 72 391 
67 4 443 
9 90 87 
39 49 446 
24 57 703 
53 55 237 
37 45 751 
44 78 521 
91 29 183 
99 94 289 
88 55 210 
79 52 758 
28 37 583 
88 84 263 
97 76 576 
15 59 434 
80 98 647 
29 47 125 
95 58 770 
86 77 612 
34 12 783 
77 53 770 
31 47 45 
95 27 146 
60 51 495 
62 49 17 
95 79 572 
71 21 779 
58 61 66 
12 86 770 
100 44 490 
98 56 586 
38 22 193 
78 86 98 
50 86 584 
64 72 784 
57 35 76 
95 93 808 
7 65 745 
2 21 747 
89 20 496 
13 97 681 
60 63 777 
91 26 224 
80 19 755 
60 23 284 
26 96 730 
14 58 420 
87 8 415 
63 93 744 
82 38 5 
34 92 537 
53 39 730 
90 6 71 
3 68 78 
84 16 603 
9 49 337 
59 78 203 
4 77 511 
11 28 727 
35 99 569 
6 10 718 
29 48 226 
29 9 691 
47 38 740 
83 13 735 
44 6 746 
79 56 366 
52 26 486 
78 32 122 
5 44 92 
2 57 59 
41 99 471 
23 57 556 
48 82 324 
59 13 331 
36 23 522 
75 69 182 
100 58 347 
27 56 689 
31 53 135 
15 26 534 
76 47 657 
86 44 118 
34 23 399 
25 33 610 
7 95 103 
21 44 74 
53 33 608 
91 5 814 
67 16 347 
75 95 31 
54 36 459 
76 85 545 
62 52 644 
52 42 382 
75 76 206 
70 22 498 
74 12 80 
9 64 759 
93 87 344 
83 21 233 
74 61 227 
47 73 792 
21 33 86 
48 61 745 
32 3 739 
30 18 233 
77 99 768 
84 3 681 
96 46 587 
65 85 803 
27 81 257 
52 80 661 
21 30 25 
30 51 726 
53 28 414 
20 79 493 
4 65 564 
16 8 182 
36 92 474 
46 53 223 
27 57 388 
14 23 649 
62 82 195 
12 11 714 
27 49 391 
7 33 612 
35 78 547 
13 63 168 
31 13 601 
11 18 713 
25 77 627 
78 5 765 
43 41 45 
73 60 798 
39 95 445 
84 90 483 
76 31 485 
85 14 619 
62 16 772 
29 84 84 
8 53 519 
38 89 278 
13 52 359 
56 66 754 
72 63 142 
71 77 555 
68 50 187 
17 37 710 
