6 8
200
73 29 16 50 32 10 278 
29 14 81 75 76 11 1175 
47 97 98 89 75 71 1467 
89 84 73 50 34 100 1406 
7 62 90 37 96 89 1275 
59 102 34 65 92 18 601 
83 60 34 96 79 4 44 
101 67 90 32 15 28 1366 
47 44 2 101 12 33 362 
54 93 39 82 23 96 1436 
97 67 26 85 55 55 98 
26 41 56 56 98 86 103 
97 3 8 83 64 96 207 
59 33 66 82 87 17 486 
69 97 16 58 10 17 64 
2 66 49 62 75 80 332 
5 49 47 16 49 18 923 
92 34 101 61 101 77 614 
35 62 5 70 40 78 937 
46 42 100 90 71 4 1550 
39 61 23 91 19 94 883 
86 22 68 40 101 75 1253 
66 17 99 10 41 68 1088 
5 46 95 36 4 65 971 
9 48 28 80 15 64 871 
75 81 72 85 85 85 802 
42 39 31 42 5 83 1312 
27 4 82 32 38 30 549 
17 30 57 17 31 97 1262 
75 42 62 87 14 25 1485 
38 29 27 58 85 20 1029 
9 65 96 101 84 81 1345 
47 48 51 79 35 22 937 
53 17 70 56 91 74 1095 
100 72 56 93 59 91 1446 
77 57 76 55 13 73 144 
67 63 19 49 18 97 471 
95 13 10 80 6 36 1392 
14 60 5 96 48 98 146 
96 42 9 27 92 96 1136 
94 77 26 24 51 51 1410 
56 53 8 75 79 40 71 
60 48 15 55 58 5 1034 
99 73 61 67 77 102 1157 
23 11 24 28 3 61 33 
38 86 58 57 87 101 943 
8 98 23 71 60 7 578 
96 96 74 36 93 8 1545 
6 67 59 77 51 18 544 
44 86 50 78 81 4 360 
65 59 101 73 6 8 1476 
77 40 98 19 97 38 442 
17 53 94 12 55 9 531 
21 101 82 38 85 27 1055 
14 75 95 80 4 15 509 
39 75 65 88 3 6 475 
28 63 60 56 82 8 437 
36 58 67 28 97 91 716 
60 21 36 23 83 28 1027 
67 5 40 95 24 98 1271 
80 30 26 54 5 5 1507 
39 24 85 5 20 40 1280 
19 30 54 9 26 89 1290 
56 31 67 22 80 68 1000 
60 21 63 60 12 51 909 
29 43 76 94 88 53 341 
99 54 20 65 90 86 781 
78 88 88 100 11 101 399 
101 61 35 27 39 33 1298 
5 24 48 10 91 25 1470 
88 80 17 40 38 60 929 
79 50 59 92 84 15 1344 
35 77 62 4 52 33 459 
84 43 70 51 22 43 1528 
31 74 57 101 64 60 1455 
10 73 62 75 43 69 361 
13 78 36 58 20 99 1144 
50 88 8 41 93 64 73 
39 49 91 17 19 65 782 
78 4 94 22 58 95 415 
6 101 31 11 66 8 1159 
67 36 95 5 46 26 1337 
88 51 62 72 98 87 1149 
26 73 59 26 6 76 580 
76 44 38 64 6 47 718 
88 79 32 30 58 35 1178 
16 98 15 75 42 68 1461 
55 34 52 62 10 57 1306 
30 74 88 62 34 38 1486 
93 60 43 42 81 40 1631 
74 32 45 42 53 100 162 
77 47 53 67 10 48 346 
13 88 4 97 92 66 945 
7 46 70 26 100 83 373 
40 74 35 63 30 92 1323 
4 9 22 59 59 72 872 
29 37 97 26 92 72 1313 
74 41 47 91 76 44 1092 
88 77 18 55 19 89 601 
75 20 6 82 58 42 149 
81 84 40 35 96 6 1270 
11 75 3 10 13 44 1085 
35 90 74 56 49 16 249 
34 7 6 42 85 19 887 
19 93 45 35 32 73 1520 
59 9 58 82 40 91 1270 
4 17 47 8 47 72 657 
33 34 29 11 28 96 760 
79 37 95 12 90 25 1500 
83 59 77 83 73 75 1230 
83 18 75 12 27 39 495 
92 60 36 40 48 16 1408 
62 19 26 6 80 49 1314 
74 65 72 52 68 88 339 
60 72 27 76 99 67 807 
18 55 101 3 58 18 1423 
78 62 74 44 11 8 356 
43 53 79 95 29 97 153 
55 5 62 61 54 12 525 
90 11 67 51 51 39 712 
65 27 5 23 32 95 1562 
5 100 10 58 82 101 277 
21 49 83 72 72 42 1029 
52 41 43 7 9 57 1434 
53 9 94 62 71 80 1264 
28 76 74 98 4 16 819 
7 54 5 73 13 17 1127 
64 86 81 81 99 83 220 
88 64 18 26 40 10 855 
93 18 98 14 23 41 1528 
75 10 76 71 29 15 728 
89 40 36 98 42 21 1448 
25 15 83 74 100 66 648 
15 58 74 65 8 100 244 
38 9 62 92 78 77 1455 
78 7 13 72 70 71 1610 
26 84 30 100 91 66 1098 
5 17 42 25 77 56 980 
54 4 7 23 17 32 845 
33 76 8 66 45 102 779 
11 72 4 32 97 43 1455 
76 46 67 19 36 50 536 
94 22 69 2 23 31 381 
5 8 51 55 41 49 1510 
10 24 36 48 66 22 1539 
47 40 95 82 15 73 1286 
60 42 6 83 84 21 644 
56 42 66 24 72 26 99 
66 54 79 58 96 99 1066 
25 33 73 72 30 40 754 
84 75 22 10 60 46 738 
67 47 74 59 30 55 885 
84 72 26 96 97 90 1324 
88 18 26 21 76 16 568 
11 35 13 56 83 95 1182 
68 45 16 14 82 63 1615 
9 8 101 68 46 13 669 
63 49 79 35 52 67 1566 
59 99 91 86 33 12 918 
13 63 5 49 62 84 255 
29 12 83 17 30 84 1280 
12 26 55 33 4 96 795 
88 36 23 32 30 78 149 
49 27 30 51 52 45 1565 
47 99 21 86 31 27 549 
39 97 19 25 85 20 771 
74 38 55 31 19 10 416 
29 83 19 34 7 8 1310 
87 55 68 79 41 85 1073 
30 36 49 75 70 17 795 
40 6 10 47 61 64 1217 
90 77 22 36 37 73 282 
17 4 54 26 21 55 853 
44 53 47 46 37 83 727 
4 8 58 50 94 79 1450 
79 11 88 48 47 8 1582 
80 48 45 6 14 51 204 
35 97 51 51 64 98 1571 
55 65 4 26 82 32 1413 
70 67 87 45 96 30 619 
95 68 80 76 50 57 1040 
7 4 41 25 35 34 1127 
13 9 101 33 82 95 404 
49 87 24 66 78 12 168 
83 60 63 20 22 77 658 
31 73 77 16 43 35 781 
63 64 3 50 100 20 929 
60 89 14 15 38 15 751 
83 57 12 74 47 56 385 
46 80 7 15 59 31 1340 
38 26 18 41 62 79 1402 
25 24 19 80 95 55 387 
74 51 7 86 63 96 795 
18 67 44 98 81 26 278 
86 98 37 43 91 77 363 
65 98 76 78 38 62 950 
36 96 96 54 2 102 1179 
31 102 30 98 36 35 325 
61 76 45 83 55 71 629 
27 84 39 6 80 3 147 
