6 2
200
37 41 36 60 7 92 321 
79 56 12 96 33 46 382 
65 58 53 58 80 88 406 
47 46 100 98 38 88 48 
100 90 36 38 68 93 332 
78 94 40 41 102 51 26 
3 15 36 25 26 82 267 
31 60 13 12 95 63 368 
97 38 64 71 6 69 321 
69 78 61 67 55 14 356 
66 16 19 80 39 96 182 
32 67 75 15 8 48 283 
31 25 28 75 32 93 329 
58 78 71 98 84 29 141 
40 77 60 72 70 80 266 
47 96 33 58 69 48 266 
74 91 59 100 23 11 154 
55 35 94 25 23 9 34 
40 50 85 58 68 12 377 
92 17 44 40 70 6 346 
31 96 19 65 48 17 345 
89 15 99 62 20 99 347 
44 68 49 49 74 59 30 
48 51 102 3 37 75 335 
76 16 62 56 7 55 100 
41 77 63 78 93 25 206 
37 88 98 50 15 9 195 
51 97 94 98 49 80 336 
48 19 64 12 44 5 56 
100 39 8 15 46 63 17 
92 88 73 82 36 59 47 
65 6 55 24 68 36 103 
21 70 60 60 77 44 379 
60 101 68 51 23 39 154 
50 91 37 71 49 46 241 
12 23 18 15 23 73 338 
15 11 90 79 70 91 323 
71 51 57 72 21 13 132 
88 7 33 15 22 76 61 
17 19 55 21 92 68 40 
49 44 47 55 73 12 186 
92 79 74 55 50 60 324 
42 82 102 30 35 29 96 
17 87 2 4 99 70 398 
94 37 60 80 24 72 90 
9 12 18 50 3 89 392 
30 61 62 73 17 37 306 
39 55 93 59 41 88 131 
59 46 54 76 44 50 403 
44 16 77 28 91 60 136 
72 86 82 35 42 29 357 
27 42 32 84 35 25 225 
84 69 22 85 85 92 207 
68 66 76 61 41 99 351 
47 87 47 29 80 44 273 
71 13 27 101 61 46 129 
6 24 94 11 27 46 244 
50 57 45 7 70 85 18 
22 8 76 3 32 3 328 
58 87 57 57 83 90 56 
57 97 86 26 47 21 254 
44 84 51 16 56 29 398 
32 4 23 12 61 65 203 
7 53 100 31 45 53 198 
38 38 56 46 58 48 377 
62 61 83 24 65 44 316 
25 27 89 78 77 85 107 
85 36 47 24 27 66 205 
47 87 97 4 70 16 26 
48 97 72 100 82 7 287 
45 42 90 98 23 74 335 
28 13 55 70 70 25 219 
4 12 24 33 84 44 63 
76 88 22 97 30 73 316 
32 19 80 97 80 58 164 
96 59 28 6 93 70 78 
76 44 36 102 93 55 179 
87 50 69 100 65 57 283 
56 70 2 95 3 7 391 
97 77 76 93 69 15 37 
55 98 28 93 76 98 407 
46 88 98 39 21 36 186 
70 13 99 17 2 73 164 
91 28 14 92 65 25 325 
69 62 11 26 41 37 131 
55 43 9 90 61 71 42 
84 7 57 84 73 52 108 
65 79 78 69 45 71 264 
72 16 3 13 75 22 314 
28 88 15 82 101 16 66 
72 92 28 43 4 32 28 
23 58 10 94 75 55 18 
85 35 59 98 68 69 338 
29 8 79 88 51 35 231 
20 44 5 74 39 12 380 
89 51 28 43 41 60 199 
60 95 21 3 69 75 175 
55 58 85 35 48 35 179 
86 51 57 55 99 52 14 
16 7 22 38 45 13 392 
86 34 57 29 11 36 279 
15 60 87 84 62 16 267 
89 21 42 92 79 52 14 
2 72 90 44 10 48 182 
90 101 67 26 64 49 281 
26 30 7 39 101 77 290 
93 72 73 38 38 40 113 
88 83 48 68 63 95 344 
63 69 87 3 91 26 105 
61 23 60 100 69 98 255 
94 36 55 80 77 34 39 
2 20 8 74 10 19 10 
20 21 60 3 56 87 256 
63 22 38 12 53 48 131 
51 15 40 72 43 67 384 
48 95 89 89 63 77 250 
51 82 31 83 9 25 168 
4 102 100 15 14 102 126 
16 18 70 25 88 79 210 
7 70 4 68 54 10 294 
28 73 16 95 11 4 49 
43 9 32 46 24 93 195 
15 42 58 31 67 66 134 
78 21 65 77 100 12 183 
14 29 16 57 18 71 308 
31 86 23 5 100 21 300 
11 40 81 66 88 6 374 
29 48 39 89 46 41 205 
53 53 20 14 94 69 117 
82 17 92 9 24 74 342 
59 38 29 69 47 61 274 
83 86 13 13 8 55 346 
84 79 70 73 32 27 319 
35 5 93 9 54 47 123 
25 91 59 67 34 10 289 
12 12 22 101 82 85 287 
68 9 2 87 16 46 399 
40 24 37 94 49 8 99 
35 38 62 95 16 39 237 
97 55 49 76 47 16 295 
69 50 74 51 44 10 271 
97 93 23 40 3 34 348 
69 24 74 87 4 49 312 
76 62 8 68 48 14 291 
56 55 13 71 31 28 290 
76 65 45 6 100 60 156 
47 41 58 15 7 75 116 
34 77 91 45 70 98 378 
90 68 85 98 98 97 170 
40 12 70 74 8 16 379 
61 31 83 6 91 40 122 
23 52 55 43 42 45 93 
81 24 28 64 32 80 354 
99 62 10 4 64 99 32 
31 89 43 101 60 37 299 
47 10 41 81 59 65 272 
18 32 58 58 54 21 242 
90 44 12 78 38 8 251 
72 76 4 29 44 24 376 
65 14 44 83 10 51 137 
16 89 85 75 17 22 333 
31 54 48 12 80 50 169 
47 33 25 24 31 14 310 
36 39 54 18 43 77 215 
20 16 77 46 72 28 301 
57 29 5 23 88 82 167 
24 57 18 66 76 53 77 
83 21 61 81 40 59 327 
52 33 59 76 48 31 46 
40 74 68 10 24 69 364 
6 21 3 45 34 37 53 
84 38 54 69 26 36 152 
97 17 68 34 71 96 25 
97 48 49 42 53 32 341 
86 52 58 53 86 31 315 
102 60 37 8 24 69 278 
98 8 9 24 97 76 179 
59 2 78 56 76 86 38 
75 56 5 83 8 31 401 
87 97 18 42 7 62 386 
59 32 28 48 28 40 406 
43 42 20 58 58 42 111 
52 82 100 12 48 70 111 
6 34 27 18 40 72 45 
12 93 84 92 16 51 407 
72 51 9 50 48 11 134 
16 87 27 52 91 73 146 
17 20 32 61 94 70 215 
100 3 32 90 70 91 125 
51 38 68 44 93 29 325 
33 92 64 102 61 96 370 
49 102 69 51 101 77 390 
75 54 33 24 83 49 296 
50 80 62 80 22 4 267 
51 61 10 100 46 58 342 
30 69 61 35 76 64 208 
4 65 40 71 16 37 307 
86 37 22 12 82 9 340 
15 5 24 41 94 27 399 
43 61 53 56 21 14 187 
