2 4
200
37 97 758 
7 15 748 
11 14 586 
91 53 596 
29 4 151 
21 29 632 
85 4 120 
11 25 65 
6 36 489 
64 93 214 
70 72 275 
5 13 539 
70 83 457 
70 16 752 
22 49 592 
78 23 151 
19 95 415 
86 30 69 
24 28 592 
87 3 649 
34 49 167 
48 23 661 
41 26 739 
54 53 375 
24 17 721 
24 91 619 
37 30 109 
44 47 802 
77 86 342 
27 83 694 
96 85 654 
78 38 545 
74 77 214 
93 39 792 
30 66 342 
7 64 108 
22 2 308 
99 52 594 
68 92 18 
24 72 303 
41 16 354 
8 61 558 
68 47 647 
24 52 117 
52 46 746 
18 16 658 
58 72 178 
31 7 657 
49 99 272 
9 12 375 
67 52 37 
91 54 186 
56 24 48 
75 41 143 
36 100 407 
26 49 51 
83 52 625 
23 68 815 
17 13 73 
65 60 506 
37 60 289 
35 59 6 
12 63 747 
71 64 747 
77 85 256 
6 97 60 
33 26 408 
29 28 488 
71 45 688 
6 76 341 
16 93 524 
46 40 661 
84 2 339 
51 16 704 
17 14 718 
87 48 675 
71 13 131 
4 34 281 
14 10 264 
78 66 112 
18 7 711 
52 57 584 
29 33 365 
52 24 771 
68 84 84 
66 15 114 
74 86 791 
4 38 512 
28 14 481 
32 34 247 
51 9 297 
30 35 71 
101 67 470 
18 60 126 
40 20 724 
23 38 414 
26 50 780 
20 6 652 
19 16 568 
26 26 348 
15 100 811 
17 3 131 
60 40 396 
4 66 392 
58 57 220 
84 66 143 
76 7 626 
10 8 681 
37 32 24 
58 13 154 
41 77 332 
17 6 490 
18 25 140 
75 65 798 
4 24 685 
50 64 396 
55 37 415 
54 52 161 
68 6 750 
18 82 580 
15 4 220 
32 65 732 
9 43 422 
69 68 329 
2 3 339 
81 8 679 
101 89 558 
56 5 622 
70 89 200 
23 51 811 
70 102 356 
48 62 500 
73 74 489 
96 42 170 
99 88 566 
13 54 403 
80 89 802 
11 18 760 
5 61 804 
53 64 619 
67 88 755 
54 101 537 
99 56 339 
82 10 276 
25 7 382 
50 59 142 
9 59 286 
77 45 505 
3 61 681 
52 45 10 
65 22 89 
86 31 440 
30 47 714 
6 16 796 
10 100 647 
67 87 94 
48 57 14 
83 46 38 
43 92 357 
33 53 323 
84 48 92 
42 19 714 
25 41 623 
95 22 105 
32 5 357 
39 69 368 
85 38 604 
74 6 721 
101 83 626 
8 45 317 
12 100 765 
50 23 551 
89 70 657 
94 44 377 
37 56 290 
91 54 330 
63 6 191 
101 50 121 
68 12 347 
25 43 295 
13 19 786 
40 85 181 
21 84 671 
78 53 812 
66 93 772 
30 39 412 
55 13 244 
38 48 324 
17 13 406 
81 84 92 
27 66 219 
46 83 208 
52 99 579 
15 72 571 
60 87 431 
26 36 467 
22 40 597 
94 72 248 
8 76 580 
59 24 582 
