8 8
200
41 7 37 60 6 88 7 40 1109 
94 40 4 13 68 77 61 44 605 
57 85 45 97 86 50 15 72 1108 
101 84 11 24 66 48 77 30 1562 
14 99 28 30 10 80 36 8 117 
91 88 51 20 81 31 86 61 757 
24 47 23 90 46 37 20 8 905 
61 72 76 58 38 40 82 50 738 
13 28 77 66 63 80 43 26 1367 
21 83 6 81 40 7 101 55 1360 
76 26 54 93 12 4 25 77 585 
35 35 52 13 40 33 86 75 538 
73 60 86 45 49 22 53 101 401 
54 82 34 72 59 86 57 7 390 
95 22 18 75 43 88 45 10 1493 
36 10 45 75 97 67 74 30 1544 
101 33 79 34 42 13 80 73 1556 
6 65 78 68 59 35 9 94 858 
19 101 19 101 2 41 30 19 1491 
84 81 87 69 100 31 91 57 1201 
49 62 82 8 97 72 92 41 730 
18 70 53 11 68 6 15 57 485 
80 3 33 40 6 25 21 98 1506 
13 38 67 49 79 3 62 62 513 
74 13 6 49 10 63 97 15 790 
42 74 15 83 56 45 101 13 892 
45 11 58 59 88 101 80 81 45 
82 70 94 52 52 8 74 42 720 
28 33 94 72 45 93 77 81 387 
81 32 84 24 50 67 49 19 835 
77 17 27 7 71 31 61 17 725 
59 92 25 10 11 16 101 75 1305 
64 75 68 67 84 9 77 101 811 
23 60 22 28 5 34 57 99 410 
21 23 64 66 13 30 49 20 1454 
3 73 23 70 25 77 87 87 724 
87 12 35 20 32 72 81 40 932 
26 32 89 93 55 14 91 82 847 
20 101 64 40 20 66 20 76 446 
31 55 37 47 43 21 90 71 1417 
94 3 94 94 86 75 73 25 1440 
4 12 20 11 81 45 25 70 1401 
84 50 94 72 3 57 45 53 1392 
24 81 91 70 4 86 27 99 1288 
62 28 16 91 68 97 77 18 1047 
11 22 76 94 24 75 35 8 354 
96 24 2 38 51 36 89 51 725 
101 36 10 37 86 83 66 65 683 
73 95 83 99 96 87 93 36 505 
13 32 58 18 37 99 64 33 1228 
80 26 79 83 4 19 53 79 1334 
58 76 38 95 30 61 33 63 211 
42 99 30 17 47 16 5 78 307 
90 85 101 13 74 55 8 88 637 
67 93 93 66 49 20 5 37 981 
97 21 5 99 87 76 86 24 547 
49 65 81 65 80 28 100 65 1531 
85 47 4 84 88 44 22 69 1155 
24 78 52 12 14 12 56 10 943 
18 93 100 27 29 53 22 61 373 
62 4 15 67 68 86 26 22 1463 
60 15 34 63 79 20 5 64 751 
85 39 53 71 10 72 70 85 1177 
98 61 20 53 64 30 21 62 1061 
60 58 12 68 88 94 23 98 1540 
28 57 16 82 24 67 7 39 355 
74 94 95 45 100 85 14 30 1005 
74 9 53 6 44 19 55 47 97 
38 19 53 61 50 14 78 44 452 
61 18 39 55 49 27 8 49 1117 
74 17 61 29 56 60 33 51 1456 
45 23 15 98 29 78 61 71 332 
73 15 46 83 69 57 58 55 206 
27 20 62 28 100 97 51 83 494 
49 11 64 95 30 101 25 35 343 
16 64 91 63 96 80 7 37 551 
27 93 50 5 73 3 48 8 501 
31 19 25 21 50 48 48 14 980 
60 80 88 47 60 36 36 43 1489 
26 66 27 84 23 65 63 26 1480 
84 46 39 63 49 24 70 96 255 
100 98 16 45 17 84 20 49 932 
50 82 35 16 71 32 12 24 688 
8 49 98 62 60 26 57 66 1117 
25 98 33 66 79 66 21 38 740 
79 83 51 45 66 77 8 15 726 
60 70 77 9 54 27 82 64 772 
22 40 40 93 90 52 15 97 824 
28 87 5 71 97 35 87 35 663 
95 65 85 23 55 47 81 99 1568 
96 18 47 8 86 17 19 101 1598 
9 88 96 101 31 71 26 82 462 
44 91 75 44 24 21 87 89 1613 
67 101 87 95 13 92 56 22 1297 
8 22 3 90 54 98 37 80 757 
49 96 36 16 99 75 19 40 135 
25 54 96 28 23 99 18 54 6 
15 16 77 5 47 11 91 20 982 
30 55 39 79 9 46 75 40 1524 
67 53 4 14 79 75 84 33 1109 
87 82 101 6 74 2 98 24 1045 
73 46 51 27 26 81 15 91 1378 
73 48 47 52 55 85 5 53 23 
101 3 39 4 23 16 44 6 630 
63 26 83 38 83 87 82 4 1533 
46 42 28 25 101 89 91 13 1385 
25 37 29 18 2 23 101 99 339 
29 71 25 37 85 23 42 54 1067 
6 37 68 61 72 54 91 61 185 
77 78 5 52 15 12 31 20 1118 
14 47 25 62 39 86 67 55 531 
73 11 59 8 85 49 24 87 1236 
21 66 67 77 28 43 12 26 349 
20 78 58 15 9 67 54 30 110 
44 46 100 84 97 19 21 20 819 
57 71 95 58 30 30 36 11 887 
5 39 21 84 52 15 64 49 1257 
78 60 4 94 56 56 42 82 678 
80 39 71 51 58 10 93 58 896 
30 64 50 31 81 99 13 51 1497 
89 62 96 87 22 50 42 45 987 
50 65 17 41 18 50 88 58 1178 
87 57 83 13 93 96 60 36 1381 
31 50 81 7 83 7 64 54 329 
49 95 20 23 11 15 49 45 1513 
41 91 48 2 45 24 27 28 1539 
13 78 71 2 28 87 66 13 1555 
83 45 84 13 79 66 30 41 1029 
56 66 48 70 66 49 3 21 743 
41 30 7 59 82 57 13 53 1245 
53 49 69 34 60 100 20 68 4 
13 31 14 84 74 6 61 73 1007 
51 45 14 24 101 9 42 27 1355 
92 26 66 29 102 27 90 79 1508 
98 24 9 50 52 100 49 92 1470 
35 59 58 3 100 11 96 64 133 
66 31 49 62 95 35 17 29 696 
39 86 31 89 96 97 13 65 795 
57 3 96 17 76 11 19 9 1110 
29 91 28 57 35 40 19 26 786 
47 38 32 76 35 24 57 13 106 
63 48 64 63 92 36 62 40 1004 
16 51 57 41 45 88 67 89 631 
19 84 53 93 72 73 49 68 456 
21 83 69 73 62 66 4 58 983 
8 69 101 93 97 97 78 5 1212 
96 8 95 46 11 48 86 40 478 
57 72 79 94 15 26 9 43 932 
96 45 92 93 38 89 28 61 341 
42 27 89 59 17 69 99 56 978 
37 77 74 23 89 23 37 49 1403 
86 16 55 77 87 56 39 84 971 
87 5 72 8 20 52 27 46 213 
44 101 58 12 97 62 66 74 1073 
87 75 58 70 58 91 3 44 740 
70 67 43 35 21 34 10 14 831 
92 31 60 25 98 45 10 94 790 
32 76 21 95 13 15 90 55 157 
5 18 48 83 7 78 6 60 1291 
74 11 82 25 4 85 11 76 691 
10 64 78 15 62 66 43 73 1115 
28 76 56 29 47 68 25 6 1560 
6 11 26 84 20 41 66 38 1357 
71 9 74 38 87 39 73 82 1483 
35 93 59 84 42 36 9 80 1363 
27 47 66 16 3 100 89 6 1070 
20 28 46 39 50 26 83 74 1037 
98 92 91 20 58 67 77 92 218 
41 24 71 92 77 42 57 41 1486 
21 57 9 76 51 82 73 55 881 
49 98 45 35 3 70 73 13 1435 
96 9 91 100 40 13 87 51 1344 
99 30 53 6 84 11 35 64 280 
59 25 44 11 48 5 13 30 1530 
73 8 23 2 21 66 54 63 522 
4 23 19 98 91 2 100 76 413 
5 45 16 36 3 42 53 16 1442 
48 87 63 87 89 12 19 16 700 
63 99 11 89 54 23 79 32 669 
2 63 35 44 14 75 80 11 1383 
82 39 7 83 51 7 78 8 1252 
73 19 36 9 80 77 59 38 1264 
19 18 94 95 59 72 101 53 860 
57 7 75 90 9 81 27 39 1257 
40 82 49 5 14 48 46 8 219 
9 95 85 60 86 77 97 64 1518 
95 89 83 37 85 101 55 23 21 
6 84 12 57 84 43 100 22 916 
32 15 6 48 52 52 59 93 937 
72 98 22 100 95 48 87 34 832 
99 5 100 50 53 93 47 42 388 
6 54 14 44 62 67 21 67 788 
91 49 39 32 80 93 43 85 397 
83 8 91 66 72 51 92 3 279 
60 84 65 15 4 11 29 55 645 
47 30 38 57 81 31 99 98 1401 
16 68 27 9 9 70 69 66 563 
37 42 84 65 54 61 50 63 1352 
88 78 47 30 5 27 54 98 903 
90 28 29 62 69 75 65 78 574 
