8 4
200
88 100 61 23 76 71 57 34 766 
79 2 87 41 77 82 31 12 641 
96 13 53 15 14 48 16 11 341 
35 101 67 60 47 97 92 64 398 
77 10 43 53 52 33 80 89 615 
24 21 54 8 25 62 100 7 268 
94 75 88 15 9 66 29 24 269 
30 22 58 92 51 14 34 56 13 
40 45 63 22 37 27 72 94 737 
92 29 78 8 62 42 65 100 731 
65 63 4 79 26 31 100 52 550 
22 35 72 41 77 71 60 63 502 
74 74 40 62 45 17 76 39 771 
59 25 62 18 29 53 25 71 758 
102 63 21 34 23 87 60 53 486 
22 53 55 9 50 101 81 93 213 
53 5 20 89 5 88 36 43 226 
9 6 8 22 19 8 78 61 816 
44 42 53 55 4 94 57 56 706 
44 52 77 63 39 38 27 73 538 
77 14 60 35 100 82 59 53 384 
56 2 36 49 33 91 101 38 414 
77 100 3 28 34 51 102 94 744 
54 48 69 71 97 47 42 3 379 
44 11 44 73 98 54 48 3 440 
54 97 22 88 64 3 88 52 598 
67 51 82 11 35 7 91 7 41 
82 87 7 91 8 31 45 59 224 
10 6 4 51 82 33 97 50 791 
74 68 86 68 85 47 74 77 426 
68 36 78 39 84 94 49 67 137 
51 66 91 92 46 8 75 80 373 
74 18 71 52 15 87 10 19 314 
23 16 4 62 19 34 79 79 186 
53 73 24 12 4 17 16 49 686 
10 83 25 80 95 8 102 3 479 
85 18 23 93 31 67 55 28 418 
17 91 49 59 15 69 85 24 54 
25 63 16 56 38 69 3 2 294 
17 45 24 98 62 18 75 96 493 
4 62 44 59 59 79 66 101 474 
39 53 70 58 97 72 101 78 321 
46 30 83 56 91 31 31 40 671 
32 21 30 33 86 21 9 83 506 
66 68 7 40 93 38 11 66 406 
69 61 51 53 98 86 79 31 539 
82 50 73 16 30 21 96 36 653 
32 9 68 52 51 16 10 37 82 
37 9 40 46 47 27 81 63 641 
36 80 25 46 56 58 55 29 270 
93 52 40 88 45 59 59 81 470 
85 20 12 37 45 63 77 44 178 
30 37 5 48 37 69 42 63 456 
59 88 55 12 99 24 83 19 692 
74 51 66 83 90 68 70 97 360 
70 100 38 63 71 14 36 26 747 
32 48 18 73 47 84 3 101 758 
7 75 22 90 57 27 79 4 762 
60 49 50 39 80 41 25 74 511 
22 98 19 43 78 75 33 53 586 
71 3 5 83 82 90 75 65 184 
26 83 46 12 87 69 20 78 631 
46 94 70 78 50 75 22 83 31 
78 66 99 49 59 6 56 9 11 
92 79 69 62 66 17 19 101 746 
21 12 13 52 25 2 98 89 479 
6 95 55 32 63 102 87 99 812 
28 78 26 42 58 80 68 30 813 
13 86 30 55 61 51 84 3 577 
95 27 42 99 54 72 47 52 118 
50 62 17 69 77 69 17 94 187 
70 81 56 35 87 97 2 87 26 
32 53 36 7 50 62 31 94 588 
61 31 27 56 97 9 65 20 558 
87 46 11 64 40 69 28 16 186 
19 61 43 48 98 69 69 17 807 
82 45 14 57 40 85 97 58 513 
100 16 85 49 72 69 29 18 339 
96 71 15 69 81 36 40 14 271 
33 16 34 60 89 83 10 85 612 
59 32 8 29 69 84 7 30 815 
41 72 91 76 21 82 27 75 375 
88 15 66 80 19 28 52 65 349 
32 42 30 5 41 89 94 72 703 
38 69 4 33 64 53 36 100 342 
46 60 97 54 35 15 37 24 573 
13 81 15 81 79 6 41 76 721 
74 39 33 4 84 51 96 91 52 
46 57 53 15 45 21 86 8 49 
50 80 9 16 70 20 19 83 742 
76 58 92 100 94 90 65 64 503 
13 44 78 48 60 46 9 93 547 
21 100 38 96 97 73 100 93 785 
84 60 71 15 88 3 60 23 272 
18 48 65 65 52 83 59 76 524 
32 4 22 65 9 79 53 100 673 
57 82 63 21 2 3 94 83 33 
94 99 58 77 90 39 12 94 368 
6 58 50 56 39 23 9 70 723 
78 21 53 94 65 90 21 5 337 
74 98 47 63 74 71 80 67 623 
10 57 17 86 54 17 34 48 342 
36 3 45 42 15 34 15 18 507 
55 2 37 70 58 87 98 40 778 
102 45 86 82 79 74 47 101 109 
76 94 69 38 62 18 48 87 16 
100 34 86 15 51 58 9 27 528 
44 42 100 32 90 16 22 35 30 
60 56 27 73 97 16 21 41 194 
98 19 42 20 24 74 85 100 52 
14 89 96 30 75 54 9 6 479 
17 46 6 55 18 30 15 91 248 
79 29 40 72 96 12 34 13 65 
26 25 21 29 49 92 10 10 376 
11 32 84 75 66 93 57 7 777 
21 45 4 15 7 35 44 8 580 
71 44 95 86 97 63 46 85 653 
42 90 98 16 47 9 84 6 479 
51 6 64 49 16 91 17 15 558 
8 14 20 88 87 43 21 41 543 
55 27 36 22 31 84 13 17 136 
101 7 100 96 33 4 76 95 17 
11 24 30 6 71 84 95 40 577 
64 56 5 57 98 8 43 31 639 
26 30 77 83 38 101 75 18 73 
72 14 83 19 13 94 41 12 143 
41 51 58 54 29 93 13 51 498 
15 45 11 95 56 4 25 52 529 
29 30 88 31 33 55 75 25 213 
92 47 45 13 18 87 90 4 649 
24 74 3 86 72 88 40 61 592 
102 80 60 81 95 63 29 14 675 
33 12 20 5 81 6 67 23 37 
20 4 29 26 6 54 25 3 643 
66 45 60 2 93 74 83 76 372 
70 13 54 85 86 6 4 59 746 
64 21 94 99 20 51 84 23 469 
47 78 75 8 58 94 84 65 567 
27 33 22 48 24 8 61 99 88 
55 37 20 26 24 49 63 63 669 
88 69 27 11 20 72 17 38 799 
74 64 57 61 3 23 36 80 215 
74 18 99 89 40 23 40 31 700 
42 24 56 28 47 97 12 98 788 
47 18 15 52 33 88 10 89 292 
58 96 36 99 91 46 23 91 365 
87 101 31 6 73 91 86 77 117 
46 48 18 62 51 7 26 91 505 
15 24 88 13 81 53 87 84 292 
54 45 34 12 7 59 52 28 785 
70 43 47 26 68 58 74 66 330 
21 98 46 30 74 2 84 10 548 
61 76 22 79 20 91 55 34 259 
84 36 44 62 11 25 11 59 392 
19 91 58 32 41 17 13 68 704 
93 26 73 34 30 99 91 93 424 
78 92 25 58 72 35 26 92 248 
101 61 89 23 21 17 54 67 153 
13 31 37 7 68 54 4 64 73 
62 52 8 47 73 20 73 35 544 
27 63 21 25 7 50 87 14 59 
101 72 6 58 82 65 80 81 507 
19 73 26 73 56 10 27 66 330 
27 56 91 71 52 88 51 30 37 
102 90 26 89 22 56 47 5 753 
6 6 72 45 68 94 58 57 504 
45 55 9 13 100 43 10 62 476 
20 32 22 20 9 54 60 81 739 
40 32 54 72 29 53 18 22 488 
72 84 90 99 15 97 27 8 607 
99 91 92 85 81 61 98 28 592 
74 89 99 20 86 90 3 20 207 
12 75 28 58 97 80 83 40 642 
72 24 19 28 95 3 80 63 731 
3 57 52 95 76 2 80 46 276 
65 54 100 2 97 97 72 17 268 
50 43 96 14 4 44 82 27 41 
57 48 95 98 42 25 100 3 517 
77 19 101 28 80 52 46 21 698 
83 72 28 24 58 81 71 32 168 
97 91 55 11 14 50 97 25 802 
42 69 14 76 4 97 34 97 797 
36 24 65 46 69 85 58 101 453 
80 35 92 17 29 12 5 5 95 
12 68 7 53 33 57 54 6 425 
75 9 70 34 92 63 83 37 69 
60 53 24 72 55 15 95 19 730 
10 28 42 4 74 101 85 24 238 
95 85 93 9 94 65 33 85 757 
90 49 46 31 36 94 4 47 427 
91 42 15 94 60 16 68 46 637 
14 73 37 71 51 70 34 90 429 
19 52 61 61 41 72 22 7 575 
48 82 94 50 2 29 49 96 665 
18 3 27 80 44 50 87 21 96 
60 21 100 77 98 48 41 87 771 
95 33 3 45 74 54 45 22 525 
88 66 73 10 24 57 89 18 707 
29 41 11 13 76 22 61 64 708 
74 72 85 49 11 18 34 55 515 
