6 6
200
3 50 87 13 3 99 45 
31 51 36 24 6 81 1160 
53 53 8 42 21 90 1063 
26 20 95 10 27 26 59 
43 37 38 70 8 70 177 
92 78 5 31 55 16 952 
92 90 25 2 3 6 579 
21 46 48 18 100 8 940 
31 94 5 78 75 101 1079 
16 100 56 101 13 82 740 
76 5 13 69 76 11 412 
32 72 10 25 22 60 261 
93 92 54 9 64 40 745 
87 102 55 82 17 92 933 
92 71 4 92 25 89 553 
43 37 52 26 99 45 1221 
24 97 55 54 43 69 280 
11 5 93 51 45 102 1100 
5 60 89 61 22 59 484 
3 8 35 99 73 78 616 
56 4 85 67 96 63 771 
6 102 30 76 25 55 999 
68 12 43 82 89 57 472 
79 65 67 80 88 62 253 
91 21 57 73 93 75 666 
3 10 87 50 41 29 1203 
60 61 87 99 6 60 428 
98 95 19 86 23 14 944 
41 20 89 11 3 44 186 
83 75 5 34 83 29 804 
4 58 34 51 30 42 234 
6 82 83 84 4 88 1145 
29 41 89 72 63 79 755 
92 100 42 40 86 85 951 
88 84 67 25 33 71 1149 
39 87 37 95 74 60 430 
39 8 29 100 59 24 660 
36 18 64 22 52 6 143 
60 94 13 46 59 43 224 
101 18 61 74 18 102 1097 
56 54 79 91 21 29 652 
93 15 41 30 64 26 632 
67 5 5 83 67 84 967 
94 26 51 17 19 19 471 
92 70 29 42 24 66 984 
66 87 33 33 79 60 816 
81 73 18 97 20 69 411 
15 57 93 53 19 13 753 
30 31 76 4 12 17 15 
47 15 89 42 61 73 18 
20 74 52 90 26 14 168 
55 35 22 101 52 7 946 
15 37 91 7 56 21 442 
58 59 31 70 46 68 417 
61 31 57 60 97 34 1164 
85 44 65 95 100 50 924 
98 57 5 62 12 26 395 
80 100 37 8 54 67 756 
18 23 22 82 49 82 1151 
6 66 43 57 75 84 365 
96 28 13 57 73 63 738 
4 27 10 36 44 4 991 
32 22 54 45 69 35 825 
22 45 15 53 70 83 1130 
93 64 7 39 44 4 1027 
75 26 52 83 7 4 175 
98 14 49 7 80 15 898 
46 91 14 8 51 64 899 
84 100 6 5 81 70 134 
66 5 98 2 101 99 707 
98 4 64 64 34 55 303 
33 68 48 93 70 21 576 
75 95 33 95 42 13 1107 
28 48 81 28 36 5 393 
11 52 7 80 18 18 583 
89 52 46 19 11 51 628 
34 60 14 13 51 66 1114 
12 67 9 61 88 69 866 
57 85 38 100 52 95 273 
18 43 14 54 5 101 1046 
45 89 78 33 64 41 1142 
91 68 17 87 41 43 1209 
87 100 21 32 50 79 391 
68 9 21 61 58 31 205 
18 102 61 48 66 8 818 
80 34 30 27 30 79 818 
19 24 16 12 54 25 374 
46 95 25 57 24 56 943 
82 59 74 8 12 79 885 
68 58 41 77 37 34 95 
68 93 7 22 102 67 606 
88 7 51 7 8 88 890 
9 38 93 44 54 92 1195 
76 59 21 20 3 97 619 
67 77 37 18 93 25 950 
4 20 37 25 91 30 1152 
54 25 3 6 93 102 730 
22 50 35 86 44 12 1123 
36 88 4 101 72 101 254 
32 15 91 16 65 97 59 
20 58 21 65 64 6 273 
36 20 16 12 97 93 554 
29 4 35 51 15 88 832 
34 34 26 20 31 76 271 
12 15 92 29 6 57 26 
94 16 22 82 8 72 11 
70 91 91 77 10 77 45 
13 58 67 52 11 39 1058 
26 97 47 36 32 2 295 
7 26 85 93 38 45 422 
90 14 71 8 18 69 783 
46 37 45 23 100 21 1205 
58 27 79 97 20 18 842 
21 77 48 78 71 79 766 
67 8 87 74 34 71 281 
46 98 46 95 72 24 975 
61 5 15 34 84 28 600 
101 8 97 20 30 68 846 
39 25 32 49 92 3 970 
31 60 50 68 51 78 158 
30 35 4 51 95 91 732 
74 35 46 90 53 16 801 
2 91 56 7 5 56 80 
75 16 48 81 23 2 371 
47 67 68 34 52 38 868 
74 95 71 37 79 11 794 
91 88 61 41 90 16 354 
71 96 63 48 24 8 673 
21 58 71 74 91 31 342 
71 80 57 3 79 97 345 
98 87 72 29 46 44 1030 
30 89 42 35 89 3 932 
73 7 88 30 32 18 651 
39 2 65 90 82 39 252 
9 6 40 13 21 3 887 
11 93 21 79 67 73 1113 
71 31 41 4 30 54 1203 
75 71 75 50 81 77 722 
87 9 41 67 7 66 261 
85 4 25 69 3 6 755 
16 69 53 67 47 64 829 
73 26 88 54 87 24 415 
37 67 65 43 28 16 293 
86 82 15 62 9 72 1059 
29 18 37 29 50 39 732 
4 24 85 35 15 93 174 
86 56 15 21 43 89 592 
39 61 28 77 92 40 364 
89 40 7 40 94 83 541 
9 53 26 39 88 76 403 
45 83 9 15 24 12 6 
28 102 43 68 84 40 1099 
59 11 55 60 101 32 178 
86 80 97 22 12 72 938 
5 91 84 58 15 18 1153 
81 21 64 70 30 31 749 
40 66 74 12 45 56 615 
44 73 81 89 46 20 725 
5 14 95 14 42 26 287 
13 61 12 71 25 98 955 
92 93 92 73 3 55 557 
16 25 12 69 18 28 748 
19 4 71 71 99 37 933 
9 71 58 90 8 40 335 
7 65 43 22 61 74 640 
82 91 18 45 67 16 1088 
91 85 47 26 99 64 1151 
59 42 102 28 63 4 1016 
24 36 84 97 17 20 115 
62 71 49 59 56 11 452 
15 55 28 34 23 89 213 
88 13 66 10 78 35 589 
24 43 97 100 72 71 710 
57 36 50 52 98 82 361 
15 100 69 45 55 59 535 
89 76 96 41 17 68 445 
25 20 89 42 87 63 463 
30 54 61 86 42 81 706 
22 80 84 28 10 90 891 
15 99 67 24 78 6 431 
70 3 61 58 6 24 396 
17 63 12 13 21 94 1044 
47 11 61 16 80 88 826 
97 13 16 9 80 66 122 
23 24 20 11 59 5 742 
53 102 30 38 59 27 56 
19 74 17 91 98 89 830 
90 8 10 100 20 70 884 
92 47 51 28 60 24 1149 
41 94 4 64 91 27 1152 
11 33 80 23 63 65 956 
41 101 20 84 78 44 410 
17 12 13 40 37 90 756 
57 81 12 101 5 13 953 
82 15 29 9 65 76 969 
78 32 78 60 7 96 619 
48 33 46 84 82 62 299 
85 92 26 56 38 34 664 
53 70 24 60 54 2 722 
87 93 77 15 70 56 485 
