6 6
200
89 12 18 85 60 36 740 
87 23 45 16 29 34 715 
25 21 14 58 63 89 1205 
96 99 17 25 101 87 1221 
17 59 59 101 42 24 953 
62 38 97 60 66 42 1198 
51 65 80 51 47 57 128 
55 68 57 70 91 82 1147 
15 3 61 62 52 63 853 
66 88 17 89 12 83 773 
85 18 100 100 49 3 543 
36 38 77 56 32 91 765 
93 4 33 53 43 86 565 
37 38 100 16 82 30 1045 
79 65 64 36 77 49 861 
52 58 72 43 82 51 974 
67 87 8 22 73 9 894 
86 86 37 71 98 19 580 
83 2 85 70 74 61 696 
75 15 22 57 44 94 509 
48 63 12 63 37 69 865 
53 95 96 10 23 14 1146 
82 29 68 80 32 25 845 
58 89 76 9 93 25 1121 
74 88 67 31 17 34 459 
24 27 9 64 52 79 363 
9 91 61 53 48 65 1144 
88 56 79 14 71 75 1102 
77 38 56 46 46 81 971 
9 32 82 8 83 58 700 
3 60 18 82 48 41 597 
100 17 58 46 62 100 1048 
34 90 19 48 61 49 585 
91 55 20 9 100 52 10 
61 81 47 68 9 38 1038 
98 63 34 25 35 43 941 
23 100 2 86 83 96 919 
44 65 62 24 11 11 151 
7 101 75 51 91 50 475 
37 13 80 55 64 3 439 
29 87 25 28 8 73 835 
58 19 24 19 59 28 208 
19 87 46 100 29 75 1116 
64 61 76 46 95 40 1048 
89 24 33 21 95 41 190 
80 39 98 5 41 46 604 
83 53 34 35 24 24 229 
28 37 57 37 30 47 796 
28 51 84 15 35 85 838 
98 93 99 66 88 3 481 
50 50 97 90 31 44 985 
10 44 13 73 18 69 755 
89 78 86 67 97 52 632 
91 16 92 8 63 83 1049 
62 37 71 38 22 81 949 
89 62 49 102 5 87 223 
8 73 44 18 18 9 109 
17 15 101 94 53 90 728 
36 7 85 69 63 97 593 
10 44 37 98 90 86 5 
19 40 67 94 68 35 1007 
45 51 91 48 76 79 551 
23 72 47 71 94 20 644 
57 66 34 44 92 72 1207 
31 9 23 30 25 11 1200 
78 36 102 87 56 79 1117 
58 95 23 89 20 5 1059 
75 92 29 98 68 50 757 
76 35 53 78 66 86 178 
44 71 20 53 70 49 561 
38 47 86 39 43 63 1206 
73 13 56 74 68 14 686 
19 96 34 59 63 38 23 
4 51 11 93 95 79 182 
27 5 38 51 59 43 455 
47 44 61 27 88 65 40 
24 98 6 99 74 60 307 
77 88 96 10 13 46 416 
98 77 49 50 86 86 566 
10 20 25 12 73 21 872 
54 75 34 76 75 101 980 
55 7 95 24 20 92 611 
19 43 44 48 99 5 607 
69 14 80 4 81 59 174 
80 84 90 2 42 56 284 
15 65 35 39 47 56 528 
72 56 28 68 96 98 1106 
79 83 65 77 18 24 1030 
63 56 75 96 44 68 919 
26 7 24 81 38 29 50 
81 11 11 53 51 8 1194 
60 54 38 87 63 26 13 
3 26 27 26 34 41 639 
11 62 46 6 90 70 568 
50 6 89 60 72 88 1202 
74 57 25 69 17 89 34 
4 39 10 83 44 76 279 
83 98 57 6 90 54 859 
50 67 50 63 41 53 126 
50 50 29 93 39 5 359 
72 4 59 19 54 52 78 
26 38 25 48 96 26 826 
10 34 56 84 37 30 286 
92 78 7 79 37 95 666 
91 83 92 7 73 95 139 
96 100 89 37 4 66 306 
31 27 17 47 30 45 496 
18 75 11 5 77 8 977 
28 54 42 19 59 54 430 
57 35 43 24 32 58 165 
37 69 48 34 66 100 744 
53 92 34 10 52 16 888 
9 82 4 99 89 33 834 
48 49 20 47 14 92 911 
94 76 24 99 88 29 997 
9 65 72 12 10 21 923 
64 10 11 9 40 65 584 
55 41 28 45 27 47 1087 
21 30 89 54 10 88 721 
18 12 12 65 89 93 8 
19 34 88 82 14 95 1028 
41 11 40 76 29 29 484 
38 99 56 64 84 95 1069 
37 85 60 101 35 19 569 
100 101 46 53 73 49 435 
9 41 65 14 55 7 981 
21 51 80 83 62 21 976 
15 58 4 7 100 15 1002 
51 30 83 82 78 40 506 
12 96 25 58 82 6 358 
60 93 51 31 90 9 205 
36 82 20 75 99 69 1041 
45 44 48 75 36 56 710 
13 85 35 78 69 41 103 
57 57 27 82 17 53 679 
67 54 78 13 8 67 180 
50 64 8 81 73 58 829 
54 79 85 48 52 73 571 
11 18 55 23 70 10 972 
27 95 95 84 18 32 956 
92 72 64 30 90 45 779 
22 28 100 98 85 43 34 
80 44 36 67 81 11 687 
38 25 92 40 59 37 272 
72 15 99 57 29 92 766 
8 23 20 64 30 85 1083 
92 57 26 88 70 79 580 
52 61 19 39 23 24 657 
49 74 92 33 10 43 619 
15 3 43 58 53 42 879 
24 19 5 54 28 70 563 
70 68 54 91 60 77 238 
56 82 20 8 70 11 723 
50 30 33 22 44 40 945 
57 85 31 19 39 78 352 
44 16 87 97 56 10 974 
9 40 44 52 69 33 717 
23 25 53 85 33 15 898 
91 74 34 86 32 71 165 
85 25 74 24 101 93 152 
68 35 13 15 3 82 514 
92 90 72 77 9 21 415 
62 81 35 7 65 57 652 
44 55 13 27 41 68 293 
17 72 30 70 42 48 677 
92 42 72 32 35 33 1218 
86 65 11 25 52 82 280 
46 41 18 38 37 61 285 
83 102 91 64 15 20 909 
20 44 9 68 74 81 861 
41 65 77 32 26 56 717 
92 3 4 91 89 3 874 
33 14 33 7 89 34 109 
42 84 70 22 15 27 808 
23 4 59 80 3 54 64 
78 43 9 14 7 67 1111 
100 89 76 29 19 5 1058 
32 78 63 87 48 64 1205 
83 10 12 13 30 95 848 
101 47 13 88 51 68 684 
72 27 95 84 69 20 519 
97 96 95 98 24 82 1110 
28 97 94 57 93 9 1154 
36 99 3 79 74 23 1210 
44 65 43 70 38 33 731 
53 70 6 81 45 58 1058 
15 19 16 8 15 81 894 
52 21 33 60 62 64 454 
30 94 6 97 99 45 654 
34 54 30 88 51 33 918 
29 91 78 49 52 10 248 
82 89 73 61 45 28 1121 
46 12 13 79 71 25 292 
77 101 86 49 15 35 1001 
67 88 22 66 50 100 280 
32 57 12 11 56 19 579 
8 35 38 56 20 64 1074 
44 19 11 82 10 53 634 
92 94 3 40 77 40 193 
3 53 97 97 30 71 174 
