4 6
200
17 73 72 69 778 
42 69 88 16 63 
43 90 39 12 1073 
50 10 12 90 746 
27 32 45 68 220 
43 81 32 93 725 
17 88 65 37 1181 
36 7 61 76 437 
25 73 98 27 960 
94 71 21 102 1079 
12 48 73 14 531 
88 30 6 51 281 
64 39 97 57 1098 
57 27 4 16 657 
45 51 37 54 462 
56 36 20 89 322 
74 61 33 4 602 
71 17 53 93 133 
8 3 12 54 907 
88 77 43 37 292 
69 69 8 48 555 
63 12 21 76 1090 
54 12 19 25 624 
4 8 95 8 250 
42 76 12 5 584 
44 41 86 80 630 
81 95 85 65 725 
7 56 87 59 1080 
61 98 78 4 717 
98 86 89 3 880 
82 85 37 17 1028 
95 59 5 100 44 
23 29 43 25 125 
61 30 55 66 563 
50 23 38 20 752 
46 99 10 46 636 
60 55 85 8 873 
98 60 70 82 806 
50 53 89 56 817 
34 57 55 94 1213 
70 33 25 57 287 
61 49 19 56 490 
98 51 60 48 561 
71 45 36 54 169 
4 62 76 100 1193 
99 37 84 53 357 
91 46 18 47 1028 
29 31 30 85 156 
52 43 16 42 854 
102 95 42 10 1197 
91 22 3 81 1193 
10 59 27 59 319 
26 67 68 27 623 
54 35 15 64 235 
41 17 53 41 786 
63 48 36 30 1194 
7 97 76 55 493 
71 45 39 50 933 
72 6 73 59 1087 
86 77 91 91 219 
69 82 80 91 716 
76 71 64 17 448 
64 25 99 62 262 
31 93 15 86 1005 
11 98 67 88 607 
37 46 96 52 975 
88 59 47 13 374 
27 19 87 97 812 
102 82 24 13 181 
49 9 13 38 733 
95 64 7 9 103 
73 17 93 41 287 
32 77 14 37 614 
7 80 88 31 1181 
14 8 20 20 1010 
31 76 56 74 38 
30 34 60 93 1056 
27 54 41 4 727 
12 28 47 74 445 
27 70 89 63 123 
71 23 84 41 587 
89 46 89 26 970 
99 63 22 39 1171 
100 18 23 51 312 
55 41 86 72 1059 
88 63 48 84 705 
63 88 94 64 418 
9 52 21 45 1214 
83 67 16 25 758 
51 8 11 78 475 
11 49 41 38 697 
32 39 14 55 753 
28 99 7 69 229 
13 71 60 5 1090 
49 99 80 52 545 
90 27 63 10 460 
83 54 73 45 600 
15 50 58 7 53 
72 40 68 83 891 
86 62 50 6 621 
82 49 8 89 1118 
13 71 91 94 840 
7 78 6 17 989 
77 29 64 20 64 
66 14 55 100 237 
11 33 99 79 745 
31 79 59 59 701 
35 47 86 54 460 
47 61 67 38 1210 
96 36 53 3 1202 
59 99 32 101 1067 
70 96 10 70 1004 
83 74 14 33 489 
30 21 49 60 583 
31 45 12 82 740 
7 50 19 102 309 
78 82 99 81 49 
33 49 59 72 1094 
41 39 18 72 698 
75 48 36 98 864 
77 89 95 55 846 
16 89 52 41 1005 
22 79 11 44 81 
3 77 36 29 106 
83 64 79 71 104 
94 29 43 25 1070 
61 16 23 31 613 
91 89 46 11 1102 
46 99 20 90 846 
64 31 76 65 691 
100 14 9 90 1091 
15 12 26 47 947 
89 49 28 54 286 
9 58 82 94 220 
15 33 26 39 788 
86 45 91 102 565 
65 55 79 69 1094 
48 9 35 42 449 
80 65 101 34 38 
100 73 69 67 765 
8 51 83 47 527 
69 90 72 25 62 
72 24 26 101 179 
36 71 62 64 940 
102 25 42 58 483 
52 34 94 36 817 
15 79 26 39 487 
16 74 34 26 280 
60 39 12 37 813 
59 41 2 20 846 
30 13 7 90 767 
85 12 27 8 1134 
36 98 38 59 1120 
96 100 89 61 14 
64 39 38 42 226 
65 15 7 91 1010 
14 34 77 67 471 
4 74 38 77 691 
6 48 28 33 1084 
65 3 55 46 891 
61 54 44 19 88 
93 78 67 72 1219 
72 7 38 26 993 
4 23 73 20 1093 
24 64 14 5 1190 
18 14 6 53 683 
64 63 63 19 288 
62 93 60 60 582 
28 9 68 77 1059 
101 12 4 52 1058 
43 32 36 56 626 
99 42 41 21 1119 
81 74 16 16 459 
11 46 21 2 264 
14 65 15 73 769 
17 98 39 18 1204 
7 11 56 67 176 
34 28 9 68 324 
22 54 41 69 834 
57 95 54 40 948 
57 93 4 31 916 
80 19 65 93 447 
3 5 25 23 1056 
72 20 51 102 65 
85 39 56 76 19 
62 26 48 5 98 
24 46 101 41 532 
16 9 27 92 439 
17 65 17 31 311 
20 31 20 82 1201 
39 46 54 35 1159 
20 40 30 29 182 
56 72 63 86 184 
59 5 86 80 886 
65 95 62 66 1099 
22 23 26 51 1027 
34 9 68 7 866 
80 93 69 46 311 
78 81 100 77 1000 
47 4 34 16 834 
