4 4
200
63 4 6 98 557 
78 16 23 96 255 
79 16 16 82 762 
42 56 14 43 708 
100 26 55 43 271 
89 28 13 60 48 
71 88 59 18 451 
23 64 28 99 793 
86 40 33 38 551 
43 34 101 42 794 
16 62 90 79 320 
39 51 65 65 663 
52 5 65 91 506 
93 59 101 27 593 
80 30 17 45 28 
62 95 19 76 753 
57 30 74 63 749 
12 100 82 79 150 
74 101 65 18 388 
83 77 44 76 627 
85 36 76 69 159 
88 47 46 76 643 
46 34 91 73 218 
24 33 4 99 427 
94 80 24 9 10 
81 67 101 98 187 
87 53 45 99 75 
23 56 6 44 50 
67 56 8 100 607 
41 12 94 92 210 
51 75 47 24 689 
7 14 69 68 329 
23 48 51 53 762 
95 91 94 64 46 
70 29 63 93 712 
40 74 26 34 504 
71 75 11 72 599 
14 8 23 14 31 
11 89 40 3 693 
21 7 57 7 665 
52 20 32 86 472 
24 14 56 37 376 
35 90 37 7 580 
50 39 80 80 661 
89 70 82 61 785 
83 91 61 8 556 
35 19 21 53 96 
53 45 27 15 417 
2 54 89 68 573 
23 54 36 32 303 
84 29 79 26 770 
84 40 73 90 626 
36 55 50 68 107 
18 71 86 95 162 
7 14 68 29 661 
37 83 15 90 613 
31 57 31 71 701 
8 42 98 58 243 
15 74 38 38 142 
49 6 22 56 442 
54 69 42 13 264 
72 63 52 45 481 
3 27 85 15 386 
81 26 81 83 58 
78 75 30 66 54 
35 78 32 11 279 
34 63 62 36 187 
64 17 20 39 133 
47 92 55 100 238 
91 91 25 91 317 
24 27 42 49 638 
81 42 79 6 812 
96 34 43 11 224 
41 67 50 92 696 
66 8 43 66 509 
88 22 32 37 145 
45 55 43 73 97 
8 23 15 58 357 
24 40 16 40 184 
15 51 46 72 732 
26 43 35 6 612 
18 86 77 86 750 
61 11 44 89 458 
43 93 72 99 172 
20 53 94 49 514 
28 95 6 44 406 
39 78 62 47 763 
5 22 39 98 780 
25 48 31 66 692 
15 98 29 84 665 
24 81 49 51 586 
75 50 88 43 402 
26 82 35 37 445 
85 52 99 95 436 
23 56 76 3 802 
74 25 30 64 410 
32 67 24 63 230 
61 30 12 75 171 
56 35 99 49 589 
45 15 96 12 15 
65 100 36 30 493 
70 6 48 53 816 
52 22 26 93 157 
60 60 75 9 779 
57 41 26 75 809 
90 59 30 31 454 
61 31 20 62 710 
34 34 96 2 492 
57 84 61 75 578 
36 11 8 30 116 
87 42 89 16 385 
26 76 63 31 593 
12 78 19 98 335 
23 4 66 6 712 
28 66 75 49 332 
74 82 53 4 535 
81 53 2 17 576 
21 44 6 15 516 
60 73 67 30 408 
81 68 65 34 405 
33 47 4 42 717 
23 69 43 76 612 
46 25 61 66 767 
61 78 4 27 180 
82 100 53 42 242 
58 101 47 99 505 
9 19 21 54 280 
36 51 62 29 401 
54 3 32 40 161 
37 13 3 36 740 
5 66 40 12 569 
35 96 64 13 264 
25 24 46 14 557 
29 7 9 31 494 
12 18 76 78 573 
81 70 14 23 776 
47 99 13 8 481 
45 80 10 85 11 
41 89 51 97 215 
31 59 20 72 757 
32 6 74 75 657 
89 92 64 42 743 
67 84 43 18 715 
28 13 40 55 209 
50 98 27 30 174 
25 68 81 52 334 
23 52 44 30 532 
43 27 40 28 585 
55 18 70 94 300 
59 48 36 10 5 
20 22 67 47 363 
36 81 46 54 467 
23 12 14 101 568 
16 41 15 53 383 
3 75 14 83 589 
34 30 35 94 521 
79 35 73 52 185 
4 87 100 86 258 
64 83 88 70 414 
45 6 71 24 182 
20 35 85 63 812 
47 10 86 75 102 
7 48 54 90 651 
90 41 65 79 554 
31 44 31 21 696 
22 89 46 33 241 
30 62 13 72 375 
46 51 13 52 630 
96 3 27 74 215 
18 31 100 91 509 
6 43 93 56 757 
78 6 66 78 652 
60 66 55 45 688 
48 37 84 45 290 
41 31 14 102 601 
30 19 59 95 569 
92 92 57 70 211 
89 70 59 79 569 
42 87 37 72 158 
32 50 84 89 659 
83 49 57 55 191 
77 31 94 83 530 
61 49 73 8 730 
71 11 86 20 798 
79 80 8 75 776 
56 96 44 83 353 
81 37 72 14 726 
46 36 4 47 413 
60 79 78 14 86 
95 16 31 83 414 
24 66 66 92 30 
5 43 84 60 568 
84 89 13 40 697 
26 79 61 19 374 
36 9 41 69 330 
3 4 96 65 16 
42 67 63 32 178 
17 73 82 11 702 
5 54 46 78 563 
73 68 41 29 701 
