8 4
200
74 42 30 63 30 13 25 79 708 
100 71 15 21 36 46 97 77 582 
9 95 71 87 16 4 77 15 457 
46 102 37 94 10 89 93 85 810 
44 10 78 43 53 55 36 83 129 
13 14 8 100 71 65 72 32 348 
94 89 27 28 88 17 57 80 634 
54 9 63 29 30 53 46 55 548 
97 69 44 18 53 35 88 66 7 
52 49 33 73 24 80 46 101 781 
76 18 24 63 87 74 77 83 607 
57 87 86 58 56 18 98 77 513 
3 78 38 94 41 24 16 8 262 
49 83 87 84 85 32 57 72 307 
48 36 83 71 43 72 61 34 648 
19 96 95 17 77 49 18 45 184 
62 83 78 101 49 82 43 30 4 
91 74 4 57 2 85 80 53 336 
83 33 37 68 36 10 45 100 97 
41 33 8 39 69 41 9 97 728 
63 48 88 4 31 14 72 71 483 
79 64 96 12 39 26 8 36 102 
89 96 49 71 58 52 70 3 792 
96 54 8 65 49 7 96 19 38 
57 82 4 25 98 67 51 68 292 
20 31 96 84 33 35 29 22 12 
44 95 92 38 36 29 17 78 141 
56 16 17 91 18 22 22 54 446 
12 66 100 85 22 92 16 52 591 
5 14 23 75 38 29 6 54 201 
16 21 48 77 10 22 50 97 421 
23 31 15 76 64 82 80 19 459 
5 61 75 102 24 85 57 14 520 
98 83 80 89 87 66 98 8 271 
10 37 58 80 37 27 41 95 172 
61 32 52 43 97 21 73 3 760 
54 17 98 65 22 98 59 53 120 
75 36 47 51 80 59 48 72 668 
102 27 26 50 63 31 64 98 675 
16 57 88 61 18 86 73 46 742 
39 47 17 63 23 85 12 68 484 
78 12 54 95 97 27 39 73 619 
71 6 56 69 2 26 15 45 789 
31 16 20 63 81 35 68 12 200 
68 41 6 43 40 97 72 88 699 
33 22 62 63 24 47 10 4 332 
39 71 47 93 50 80 89 84 423 
43 17 33 21 30 87 3 73 263 
74 31 68 61 100 16 40 84 189 
39 70 95 75 55 79 95 31 332 
81 77 93 27 56 58 45 31 579 
56 14 94 77 62 53 15 38 595 
77 79 74 33 55 68 57 52 114 
61 70 65 56 28 101 47 23 781 
43 49 77 12 18 71 45 86 573 
33 64 9 44 62 19 6 20 419 
71 50 24 27 72 6 45 86 495 
10 102 88 95 32 41 57 74 723 
100 67 63 5 90 70 98 27 714 
8 19 10 48 52 10 50 78 596 
75 17 80 73 69 35 10 37 690 
87 40 34 70 89 90 31 8 434 
92 68 62 56 32 47 18 38 546 
55 65 52 80 47 56 68 84 463 
13 29 100 30 96 55 86 13 710 
57 40 32 21 19 46 57 60 81 
15 21 87 35 56 33 68 58 591 
37 9 95 80 4 8 34 20 644 
57 64 74 10 72 21 60 63 801 
39 36 48 8 24 90 46 55 509 
73 80 75 69 65 41 82 51 36 
96 79 38 26 89 101 67 102 781 
40 7 51 69 77 95 35 31 179 
29 31 86 7 36 51 45 63 322 
8 91 101 35 29 23 17 66 689 
65 15 48 48 42 25 94 8 397 
15 7 6 82 36 36 19 56 163 
22 91 45 89 83 29 62 61 93 
98 7 80 30 54 13 11 72 134 
77 83 91 64 15 29 2 32 458 
38 28 56 67 18 76 3 97 610 
43 78 34 22 88 83 14 97 15 
73 87 55 95 73 66 20 44 597 
33 60 78 18 88 53 73 26 272 
59 33 91 6 29 59 38 69 769 
86 58 96 10 52 20 28 31 370 
5 45 57 93 50 77 2 72 304 
101 28 92 83 51 64 50 57 525 
15 69 60 97 58 6 72 35 700 
81 25 10 60 92 59 8 69 664 
80 68 85 16 6 59 22 39 342 
7 5 9 35 62 97 56 15 511 
89 10 89 53 23 17 91 24 387 
31 43 38 35 77 84 82 72 723 
83 101 65 3 78 21 64 67 245 
81 48 65 14 6 79 96 20 485 
97 29 47 71 27 84 12 93 782 
8 74 30 27 55 92 9 75 119 
101 88 34 70 92 58 87 12 620 
86 19 40 61 40 59 24 88 355 
45 14 75 83 93 87 25 58 759 
4 55 95 75 8 33 65 97 262 
29 29 39 91 86 17 8 27 602 
60 49 36 73 5 69 49 65 493 
43 20 97 50 46 36 65 85 463 
85 14 13 9 98 45 27 97 477 
8 56 31 60 77 68 13 67 70 
61 33 52 28 28 44 73 24 627 
39 81 85 5 28 3 61 25 112 
65 54 53 93 47 10 11 42 78 
34 85 45 30 38 81 28 6 421 
8 58 88 71 38 77 68 90 134 
77 5 30 29 101 54 55 51 110 
59 71 88 44 20 88 35 41 313 
36 11 45 6 79 25 52 54 548 
30 96 18 79 26 59 94 35 302 
84 6 86 94 78 90 68 70 287 
68 66 41 102 38 99 38 35 649 
75 74 28 7 80 48 86 27 450 
99 83 46 31 53 86 51 53 283 
56 44 35 57 40 11 90 86 722 
30 30 60 21 42 94 80 20 502 
13 79 28 40 9 53 35 71 715 
93 39 15 56 53 87 65 84 742 
49 20 36 19 19 96 60 58 789 
99 80 43 55 53 35 25 40 606 
10 18 37 84 24 71 24 99 384 
77 76 79 75 58 60 3 33 816 
29 96 62 34 82 53 56 38 737 
49 40 88 83 33 15 13 56 542 
58 67 98 67 97 22 49 85 672 
22 26 24 85 54 22 35 98 360 
16 78 38 86 30 89 81 77 483 
63 97 44 66 64 4 93 46 544 
6 64 101 42 87 99 71 36 93 
70 66 88 69 50 38 71 98 644 
32 75 39 11 89 23 63 88 719 
42 58 64 22 93 10 55 31 280 
47 76 92 41 17 95 78 12 86 
75 96 49 9 97 68 25 63 586 
31 97 77 80 81 101 11 31 641 
51 50 75 80 16 21 3 26 180 
91 93 60 46 36 79 12 90 752 
43 35 63 98 99 32 38 26 279 
61 69 98 93 32 88 17 28 511 
39 97 83 29 7 73 46 36 570 
16 87 63 100 70 93 9 70 779 
19 55 53 45 44 92 87 44 467 
28 100 64 74 31 9 16 75 756 
14 16 30 92 54 65 63 24 313 
75 63 101 7 86 64 93 99 597 
14 97 55 93 44 65 16 20 299 
10 44 58 56 86 97 100 97 436 
69 29 4 89 84 22 54 14 660 
60 23 16 102 83 34 36 4 640 
42 23 75 67 79 36 29 54 654 
84 22 79 6 8 91 11 25 572 
73 27 14 35 41 31 84 57 789 
25 10 63 26 21 84 19 61 608 
83 5 52 70 63 32 42 72 757 
6 57 17 27 93 60 64 65 632 
68 9 84 45 84 23 39 6 362 
21 60 2 97 89 50 16 30 168 
22 5 66 85 95 71 39 81 5 
84 100 19 4 63 58 7 53 422 
94 39 22 31 33 59 87 23 92 
94 11 70 70 13 65 40 45 485 
16 85 17 15 9 6 23 57 50 
29 19 99 46 92 38 98 24 741 
2 93 74 9 99 74 60 46 568 
34 16 89 56 67 21 99 93 550 
39 82 33 18 10 78 53 60 33 
16 51 21 34 74 91 74 40 427 
89 9 88 45 56 65 36 91 339 
20 75 54 80 49 101 71 61 345 
62 86 84 98 57 41 70 46 780 
52 3 44 101 84 29 69 12 686 
83 96 28 70 84 21 36 35 696 
53 38 4 22 65 15 48 14 443 
72 93 54 49 77 12 69 86 719 
101 22 93 28 13 39 17 90 529 
19 94 3 65 64 25 56 19 70 
96 32 40 32 54 72 75 99 162 
34 36 21 18 3 100 33 38 109 
96 28 26 67 8 77 50 32 164 
55 9 31 31 96 60 4 75 441 
53 71 69 24 55 16 19 85 443 
47 3 93 5 34 28 11 62 741 
86 30 26 64 84 25 52 22 738 
93 5 42 63 16 30 46 83 544 
48 74 75 12 51 25 23 4 238 
31 52 77 4 22 36 69 20 370 
32 90 89 47 74 35 26 28 652 
17 86 89 65 61 53 62 65 714 
20 76 82 3 43 82 96 23 572 
18 91 85 7 96 98 84 17 754 
82 3 2 41 88 25 45 8 148 
44 67 93 25 44 59 49 51 360 
68 30 49 9 53 53 65 10 303 
99 11 93 93 83 46 61 82 506 
