6 2
200
56 10 51 21 27 62 347 
102 6 13 36 57 76 25 
76 83 59 47 85 27 23 
6 3 28 58 74 45 402 
91 85 11 67 4 102 178 
88 22 28 64 19 23 307 
102 43 89 3 30 72 14 
29 67 91 42 33 45 204 
10 25 65 54 19 89 44 
24 3 71 55 76 64 360 
64 33 84 68 6 32 19 
62 41 57 46 76 98 257 
20 22 26 73 58 96 320 
99 64 12 102 36 67 318 
42 19 49 56 9 17 267 
36 9 77 28 15 48 196 
86 11 11 45 93 50 18 
83 47 84 20 71 12 265 
71 74 68 72 67 28 84 
23 9 92 69 83 99 343 
16 52 47 45 50 32 53 
56 3 59 45 19 76 240 
74 67 38 41 7 2 264 
36 11 59 50 21 30 257 
3 21 79 12 52 22 275 
97 39 77 23 81 54 65 
73 11 28 50 55 64 201 
44 56 30 78 99 21 325 
43 90 97 31 5 52 214 
84 82 35 69 56 93 314 
30 63 20 27 50 51 258 
2 33 102 69 68 16 243 
68 50 36 55 3 90 224 
51 81 94 79 5 65 364 
31 95 83 101 72 74 58 
94 12 53 51 72 19 167 
59 97 64 39 38 95 70 
34 101 16 55 6 24 322 
84 28 51 48 88 76 291 
40 20 70 98 43 48 300 
40 85 6 33 73 16 374 
86 32 42 68 72 74 396 
96 70 48 68 52 37 43 
87 4 6 86 45 71 82 
79 96 43 97 49 45 383 
18 12 24 35 10 89 400 
98 11 81 17 4 76 182 
53 24 32 93 13 65 219 
83 3 49 30 47 74 31 
37 101 73 25 31 5 318 
60 26 35 44 50 14 361 
95 26 71 43 97 77 109 
75 13 5 39 82 42 142 
11 77 7 65 17 93 249 
12 10 94 74 73 68 378 
100 99 51 65 53 67 359 
78 80 89 52 99 83 256 
90 70 89 51 65 45 202 
51 30 81 35 23 29 342 
19 79 71 26 11 36 307 
16 56 76 31 77 48 135 
100 20 16 20 12 100 88 
42 8 25 10 25 45 201 
71 73 32 32 40 6 244 
3 20 28 90 49 89 303 
16 15 22 90 99 19 208 
13 67 17 13 31 65 314 
73 48 18 88 93 28 187 
85 46 101 39 44 75 394 
102 90 32 65 13 49 106 
95 5 22 28 29 100 237 
8 17 21 11 44 85 125 
74 12 4 58 63 31 128 
71 23 53 57 45 56 47 
79 86 50 20 18 53 318 
45 98 62 66 30 90 315 
31 82 31 3 92 68 112 
80 30 9 52 20 97 102 
83 71 73 85 46 49 120 
33 73 92 28 34 55 121 
16 44 95 35 43 56 163 
43 24 56 55 90 86 403 
58 43 71 99 59 55 253 
29 91 83 86 43 50 399 
11 40 77 61 16 100 262 
88 16 18 79 43 87 164 
49 19 32 58 65 32 307 
32 24 31 77 101 70 356 
56 14 52 2 8 44 133 
86 81 97 76 88 37 286 
29 55 22 18 70 24 327 
73 52 29 80 20 25 324 
18 48 86 16 32 79 133 
4 68 79 36 45 10 257 
40 38 84 78 97 7 13 
71 11 61 33 47 9 336 
64 24 24 91 21 55 277 
36 13 61 58 60 40 103 
88 44 83 27 17 19 139 
17 47 3 24 20 79 194 
39 27 85 87 72 52 166 
46 57 48 25 57 97 19 
27 25 22 40 69 80 339 
69 80 8 33 92 51 192 
79 23 68 4 78 22 395 
88 78 74 90 89 87 173 
90 37 4 62 24 32 369 
24 83 87 52 101 66 286 
49 79 56 82 4 96 274 
36 82 24 80 77 9 158 
49 50 51 82 95 43 323 
44 6 73 70 21 58 227 
42 84 54 80 58 29 161 
101 20 11 88 93 77 220 
58 82 84 49 24 54 306 
35 37 72 8 25 93 23 
76 85 14 85 39 14 385 
100 72 2 21 82 101 198 
32 43 96 4 68 27 352 
26 91 23 99 7 82 27 
48 83 74 35 38 36 104 
38 99 5 56 65 61 236 
12 84 31 44 54 28 16 
97 78 5 60 68 21 205 
96 93 88 35 33 90 213 
91 30 88 47 67 25 384 
46 93 50 5 68 30 56 
9 94 57 54 56 5 211 
7 71 77 72 17 77 172 
8 19 23 34 73 8 90 
55 44 99 89 5 11 209 
87 57 57 2 92 39 352 
101 33 82 79 88 2 340 
61 13 77 53 50 54 156 
76 29 72 97 25 94 221 
52 60 67 53 95 2 84 
15 22 72 27 41 58 29 
88 43 57 88 7 41 384 
33 24 38 57 59 15 50 
31 87 7 70 47 34 203 
75 17 28 94 2 65 189 
93 7 28 11 98 33 357 
88 17 11 19 55 62 76 
37 31 98 38 89 10 346 
37 66 59 96 26 59 53 
28 31 95 7 77 50 165 
19 12 48 63 84 26 177 
71 99 53 94 74 33 157 
88 33 58 15 57 63 229 
43 71 18 75 76 77 244 
89 18 14 80 14 80 75 
20 52 78 7 86 44 270 
70 8 4 53 28 77 162 
100 39 95 23 89 86 313 
43 32 90 10 52 85 336 
83 41 16 62 55 22 278 
83 82 9 73 22 92 298 
66 16 23 51 2 22 364 
80 21 59 27 96 43 316 
21 90 100 36 60 86 354 
69 90 93 74 57 73 70 
59 87 52 69 96 6 317 
19 68 61 52 65 95 13 
22 59 37 62 81 93 252 
95 12 39 64 8 88 394 
28 32 78 48 51 75 88 
36 9 61 102 39 102 13 
24 41 86 97 92 86 193 
32 59 15 78 83 57 263 
78 15 7 90 20 83 370 
38 85 6 17 23 84 352 
52 78 62 43 93 61 290 
73 54 69 18 4 52 391 
75 66 72 70 20 59 237 
96 56 14 22 21 14 349 
58 82 82 72 4 63 326 
83 55 36 91 98 95 22 
63 40 74 18 33 97 257 
21 36 48 5 27 30 230 
24 50 24 74 49 88 63 
74 89 48 102 91 18 378 
13 37 81 23 66 55 138 
18 42 6 89 19 25 150 
48 36 69 80 35 26 241 
7 15 19 52 10 92 362 
53 28 18 44 81 72 37 
101 70 84 63 77 25 27 
10 20 87 32 65 80 106 
55 81 24 58 94 36 26 
25 64 74 58 65 47 264 
16 90 47 40 54 30 194 
68 87 19 59 3 55 393 
97 34 22 47 13 65 402 
49 96 88 89 38 5 312 
8 12 7 14 80 44 387 
32 42 94 12 52 80 353 
96 7 101 93 83 12 115 
32 54 13 54 84 68 273 
95 61 53 18 27 73 248 
77 14 47 25 13 3 264 
