6 8
200
89 12 18 85 60 36 987 
87 23 45 16 29 34 953 
25 21 14 58 63 89 1607 
96 99 17 25 101 87 1628 
17 59 59 101 42 24 1270 
62 38 97 60 66 42 1597 
51 65 80 51 47 57 170 
55 68 57 70 91 82 1529 
15 3 61 62 52 63 1137 
66 88 17 89 12 83 1030 
85 18 100 100 49 3 723 
36 38 77 56 32 91 1020 
93 4 33 53 43 86 753 
37 38 100 16 82 30 1394 
79 65 64 36 77 49 1148 
52 58 72 43 82 51 1298 
67 87 8 22 73 9 1192 
86 86 37 71 98 19 773 
83 2 85 70 74 61 927 
75 15 22 57 44 94 678 
48 63 12 63 37 69 1153 
53 95 96 10 23 14 1528 
82 29 68 80 32 25 1126 
58 89 76 9 93 25 1494 
74 88 67 31 17 34 611 
24 27 9 64 52 79 483 
9 91 61 53 48 65 1525 
88 56 79 14 71 75 1469 
77 38 56 46 46 81 1294 
9 32 82 8 83 58 933 
3 60 18 82 48 41 795 
100 17 58 46 62 100 1397 
34 90 19 48 61 49 780 
91 55 20 9 100 52 13 
61 81 47 68 9 38 1384 
98 63 34 25 35 43 1255 
23 100 2 86 83 96 1226 
44 65 62 24 11 11 200 
7 101 75 51 91 50 633 
37 13 80 55 64 3 585 
29 87 25 28 8 73 1114 
58 19 24 19 59 28 277 
19 87 46 100 29 75 1488 
64 61 76 46 95 40 1397 
89 24 33 21 95 41 253 
80 39 98 5 41 46 805 
83 53 34 35 24 24 305 
28 37 57 37 30 47 1061 
28 51 84 15 35 85 1118 
98 93 99 66 88 3 642 
50 50 97 90 31 44 1313 
10 44 13 73 18 69 1006 
89 78 86 67 97 52 842 
91 16 92 8 63 83 1399 
62 37 71 38 22 81 1265 
89 62 49 102 5 87 297 
8 73 44 18 18 9 145 
17 15 101 94 53 90 970 
36 7 85 69 63 97 791 
10 44 37 98 90 86 6 
19 40 67 94 68 35 1343 
45 51 91 48 76 79 734 
23 72 47 71 94 20 859 
57 66 34 44 92 72 1609 
31 9 23 30 25 11 1600 
78 36 102 87 56 79 1489 
58 95 23 89 20 5 1412 
75 92 29 98 68 50 1009 
76 35 53 78 66 86 237 
44 71 20 53 70 49 748 
38 47 86 39 43 63 1608 
73 13 56 74 68 14 914 
19 96 34 59 63 38 30 
4 51 11 93 95 79 243 
27 5 38 51 59 43 606 
47 44 61 27 88 65 52 
24 98 6 99 74 60 409 
77 88 96 10 13 46 555 
98 77 49 50 86 86 754 
10 20 25 12 73 21 1163 
54 75 34 76 75 101 1306 
55 7 95 24 20 92 815 
19 43 44 48 99 5 809 
69 14 80 4 81 59 232 
80 84 90 2 42 56 379 
15 65 35 39 47 56 703 
72 56 28 68 96 98 1475 
79 83 65 77 18 24 1374 
63 56 75 96 44 68 1225 
26 7 24 81 38 29 67 
81 11 11 53 51 8 1592 
60 54 38 87 63 26 17 
3 26 27 26 34 41 852 
11 62 46 6 90 70 757 
50 6 89 60 72 88 1603 
74 57 25 69 17 89 45 
4 39 10 83 44 76 371 
83 98 57 6 90 54 1145 
50 67 50 63 41 53 167 
50 50 29 93 39 5 479 
72 4 59 19 54 52 103 
26 38 25 48 96 26 1101 
10 34 56 84 37 30 381 
92 78 7 79 37 95 888 
91 83 92 7 73 95 184 
96 100 89 37 4 66 408 
31 27 17 47 30 45 661 
18 75 11 5 77 8 1302 
28 54 42 19 59 54 573 
57 35 43 24 32 58 219 
37 69 48 34 66 100 991 
53 92 34 10 52 16 1184 
9 82 4 99 89 33 1111 
48 49 20 47 14 92 1214 
94 76 24 99 88 29 1329 
9 65 72 12 10 21 1231 
64 10 11 9 40 65 778 
55 41 28 45 27 47 1449 
21 30 89 54 10 88 961 
18 12 12 65 89 93 10 
19 34 88 82 14 95 1371 
41 11 40 76 29 29 645 
38 99 56 64 84 95 1425 
37 85 60 101 35 19 758 
100 101 46 53 73 49 579 
9 41 65 14 55 7 1308 
21 51 80 83 62 21 1301 
15 58 4 7 100 15 1336 
51 30 83 82 78 40 674 
12 96 25 58 82 6 476 
60 93 51 31 90 9 273 
36 82 20 75 99 69 1388 
45 44 48 75 36 56 947 
13 85 35 78 69 41 136 
57 57 27 82 17 53 905 
67 54 78 13 8 67 240 
50 64 8 81 73 58 1105 
54 79 85 48 52 73 761 
11 18 55 23 70 10 1296 
27 95 95 84 18 32 1275 
92 72 64 30 90 45 1038 
22 28 100 98 85 43 45 
80 44 36 67 81 11 916 
38 25 92 40 59 37 362 
72 15 99 57 29 92 1021 
8 23 20 64 30 85 1443 
92 57 26 88 70 79 773 
52 61 19 39 23 24 876 
49 74 92 33 10 43 825 
15 3 43 58 53 42 1172 
24 19 5 54 28 70 750 
70 68 54 91 60 77 317 
56 82 20 8 70 11 964 
50 30 33 22 44 40 1259 
57 85 31 19 39 78 468 
44 16 87 97 56 10 1298 
9 40 44 52 69 33 955 
23 25 53 85 33 15 1197 
91 74 34 86 32 71 220 
85 25 74 24 101 93 202 
68 35 13 15 3 82 685 
92 90 72 77 9 21 553 
62 81 35 7 65 57 869 
44 55 13 27 41 68 391 
17 72 30 70 42 48 902 
92 42 72 32 35 33 1625 
86 65 11 25 52 82 373 
46 41 18 38 37 61 379 
83 102 91 64 15 20 1212 
20 44 9 68 74 81 1148 
41 65 77 32 26 56 956 
92 3 4 91 89 3 1166 
33 14 33 7 89 34 145 
42 84 70 22 15 27 1077 
23 4 59 80 3 54 84 
78 43 9 14 7 67 1481 
100 89 76 29 19 5 1410 
32 78 63 87 48 64 1607 
83 10 12 13 30 95 1131 
101 47 13 88 51 68 912 
72 27 95 84 69 20 691 
97 96 95 98 24 82 1480 
28 97 94 57 93 9 1539 
36 99 3 79 74 23 1613 
44 65 43 70 38 33 974 
53 70 6 81 45 58 1410 
15 19 16 8 15 81 1192 
52 21 33 60 62 64 605 
30 94 6 97 99 45 872 
34 54 30 88 51 33 1224 
29 91 78 49 52 10 330 
82 89 73 61 45 28 1495 
46 12 13 79 71 25 389 
77 101 86 49 15 35 1334 
67 88 22 66 50 100 373 
32 57 12 11 56 19 772 
8 35 38 56 20 64 1432 
44 19 11 82 10 53 845 
92 94 3 40 77 40 257 
3 53 97 97 30 71 232 
