6 2
200
75 21 24 17 21 60 21 
50 36 42 80 82 44 270 
53 20 30 84 48 5 174 
6 6 31 95 9 38 314 
17 80 84 86 13 67 400 
65 75 69 73 10 18 193 
86 95 74 60 77 55 339 
47 98 21 39 43 11 281 
17 95 23 14 25 30 134 
58 60 95 71 80 70 362 
47 63 12 40 89 97 83 
13 59 37 34 85 96 289 
84 65 49 72 57 31 197 
82 47 61 87 91 16 114 
38 81 92 99 86 96 406 
37 10 102 56 16 51 16 
38 88 82 42 36 64 305 
96 48 100 24 41 42 267 
18 53 54 100 83 94 309 
80 48 37 101 101 73 192 
57 50 19 44 83 47 180 
61 81 47 57 54 55 171 
35 93 77 48 56 36 77 
59 49 57 35 58 30 237 
43 47 43 36 93 30 161 
100 83 83 60 98 23 236 
74 9 46 31 41 36 184 
56 62 55 48 39 30 399 
3 63 11 26 19 88 74 
36 6 22 63 27 4 145 
12 96 89 60 15 63 349 
42 14 6 19 96 15 354 
87 90 91 56 101 43 397 
22 74 36 81 38 42 154 
5 25 69 16 34 11 180 
68 68 89 26 70 14 249 
52 7 10 25 75 33 204 
18 33 9 28 63 40 369 
24 56 81 79 23 50 151 
91 39 5 64 6 45 76 
25 4 32 34 31 38 287 
69 28 58 65 11 89 358 
94 63 90 73 73 56 183 
14 10 49 49 66 26 250 
70 7 63 71 90 34 378 
32 79 96 34 4 22 223 
30 26 16 14 63 51 394 
78 17 93 34 91 76 47 
95 86 87 67 14 11 405 
23 96 96 23 58 97 255 
86 96 41 72 35 92 344 
86 34 37 5 77 66 376 
92 72 39 101 60 84 149 
95 12 69 91 13 57 27 
32 23 93 7 56 36 375 
23 55 64 58 85 29 39 
53 52 64 39 47 9 128 
26 59 24 100 16 28 372 
86 74 82 24 37 80 224 
13 46 100 23 32 2 285 
19 77 45 76 57 29 170 
62 7 54 69 50 77 25 
66 72 9 42 10 3 149 
83 84 36 50 51 57 164 
8 66 18 17 9 63 29 
84 80 26 61 101 52 102 
69 30 58 89 5 51 193 
76 93 83 24 102 35 150 
95 12 28 8 74 3 219 
43 38 54 43 16 101 335 
93 85 84 11 53 14 57 
56 80 64 48 8 95 134 
75 37 95 9 30 72 366 
71 100 55 29 50 73 110 
94 6 48 91 52 67 337 
10 101 14 51 24 25 160 
34 66 62 69 11 23 279 
3 61 36 88 31 94 93 
88 31 85 5 43 89 253 
76 18 59 58 30 52 264 
38 83 61 8 49 53 153 
35 95 62 42 52 60 370 
47 13 5 23 75 62 92 
72 31 48 83 38 79 235 
51 5 13 83 73 6 268 
80 78 82 84 44 87 216 
38 25 65 93 30 73 122 
7 56 37 57 92 44 268 
54 15 27 13 76 82 345 
92 51 61 81 57 27 271 
38 25 41 33 77 72 141 
8 85 93 10 8 30 181 
51 77 28 83 63 2 111 
65 57 73 70 8 70 190 
75 6 14 76 48 65 282 
33 98 26 17 75 33 185 
32 36 5 70 54 43 169 
76 35 100 95 27 41 297 
70 70 65 71 4 90 136 
81 81 36 62 66 77 74 
81 3 68 91 71 84 137 
23 70 2 56 29 7 406 
73 16 82 23 26 98 260 
31 63 49 73 45 14 210 
57 71 10 90 68 25 387 
34 34 7 58 60 41 189 
102 64 17 76 85 36 33 
67 56 41 42 81 56 208 
42 21 20 28 72 84 272 
101 95 68 64 84 7 162 
85 77 66 68 59 19 120 
101 33 99 62 81 46 368 
17 70 49 89 71 46 374 
14 89 32 90 59 82 3 
72 51 14 3 31 70 336 
81 77 76 24 39 24 169 
90 23 68 93 40 78 345 
26 21 77 14 62 50 287 
90 36 80 102 40 31 121 
85 87 61 52 78 10 148 
95 75 67 35 24 53 102 
68 67 99 21 5 18 185 
31 39 91 70 22 14 370 
43 98 24 101 95 14 23 
38 9 43 65 70 51 129 
48 12 81 40 99 48 90 
71 83 82 37 15 86 218 
49 72 83 57 98 47 215 
79 45 36 31 41 21 125 
59 58 59 37 69 16 339 
29 12 32 25 68 71 292 
17 44 66 82 30 54 363 
39 62 9 74 5 81 286 
69 47 11 61 28 93 51 
27 26 101 48 72 72 83 
62 53 34 32 78 83 250 
3 72 51 13 70 43 83 
97 51 65 66 37 15 247 
67 24 66 42 80 61 368 
20 67 37 59 83 71 317 
12 77 45 29 100 11 271 
77 61 49 61 52 94 123 
77 38 84 37 59 62 389 
31 70 91 100 24 73 339 
7 17 56 88 74 44 350 
76 22 38 39 6 96 364 
65 19 84 30 69 62 178 
30 55 24 26 11 84 331 
9 55 31 78 40 85 287 
46 95 74 80 52 46 4 
18 48 100 55 68 8 270 
53 10 73 56 12 42 313 
64 34 64 65 62 7 273 
69 9 63 68 13 21 76 
26 11 52 19 18 45 52 
9 27 73 46 78 17 232 
48 60 24 29 46 96 336 
64 12 17 92 41 36 202 
40 38 89 57 89 50 110 
100 23 39 96 99 66 226 
9 93 21 86 92 12 88 
51 41 41 69 27 38 255 
101 37 30 79 11 65 281 
90 86 91 91 69 32 195 
40 87 35 49 31 29 224 
21 98 8 52 26 30 366 
99 50 89 64 14 66 405 
88 11 19 90 3 88 78 
9 32 97 24 82 75 47 
56 8 23 98 11 10 326 
41 24 29 87 37 81 373 
38 4 29 58 68 50 212 
78 18 61 30 43 38 53 
68 12 29 46 57 80 175 
44 69 68 5 59 21 193 
89 92 5 68 9 29 287 
30 70 68 16 27 61 322 
92 64 70 70 74 69 298 
14 102 44 82 3 51 385 
37 63 55 11 31 7 361 
28 58 64 35 11 44 155 
44 63 31 32 21 66 215 
7 100 37 87 54 76 308 
92 63 88 9 81 78 382 
10 15 7 98 57 92 260 
8 8 37 65 27 37 286 
41 15 53 84 87 44 125 
65 20 27 79 33 15 148 
97 78 29 32 68 46 141 
50 26 36 66 75 91 401 
94 2 24 29 41 7 210 
50 37 27 95 36 65 183 
97 82 21 26 79 30 48 
32 10 35 61 93 38 373 
90 19 19 14 55 34 291 
20 5 52 94 10 87 193 
43 3 39 34 83 92 214 
46 17 43 98 63 89 253 
94 91 70 50 72 62 245 
20 10 84 83 33 75 316 
