4 8
200
17 73 72 69 1038 
42 69 88 16 84 
43 90 39 12 1431 
50 10 12 90 995 
27 32 45 68 293 
43 81 32 93 966 
17 88 65 37 1575 
36 7 61 76 582 
25 73 98 27 1280 
94 71 21 102 1438 
12 48 73 14 708 
88 30 6 51 374 
64 39 97 57 1465 
57 27 4 16 876 
45 51 37 54 616 
56 36 20 89 429 
74 61 33 4 802 
71 17 53 93 177 
8 3 12 54 1209 
88 77 43 37 389 
69 69 8 48 740 
63 12 21 76 1453 
54 12 19 25 831 
4 8 95 8 333 
42 76 12 5 778 
44 41 86 80 840 
81 95 85 65 966 
7 56 87 59 1439 
61 98 78 4 956 
98 86 89 3 1173 
82 85 37 17 1370 
95 59 5 100 57 
23 29 43 25 166 
61 30 55 66 750 
50 23 38 20 1002 
46 99 10 46 848 
60 55 85 8 1164 
98 60 70 82 1074 
50 53 89 56 1089 
34 57 55 94 1617 
70 33 25 57 383 
61 49 19 56 653 
98 51 60 48 748 
71 45 36 54 224 
4 62 76 100 1591 
99 37 84 53 476 
91 46 18 47 1371 
29 31 30 85 207 
52 43 16 42 1138 
102 95 42 10 1596 
91 22 3 81 1591 
10 59 27 59 425 
26 67 68 27 830 
54 35 15 64 313 
41 17 53 41 1047 
63 48 36 30 1592 
7 97 76 55 657 
71 45 39 50 1244 
72 6 73 59 1449 
86 77 91 91 291 
69 82 80 91 954 
76 71 64 17 596 
64 25 99 62 349 
31 93 15 86 1340 
11 98 67 88 809 
37 46 96 52 1300 
88 59 47 13 499 
27 19 87 97 1083 
102 82 24 13 241 
49 9 13 38 977 
95 64 7 9 137 
73 17 93 41 382 
32 77 14 37 818 
7 80 88 31 1575 
14 8 20 20 1346 
31 76 56 74 50 
30 34 60 93 1408 
27 54 41 4 970 
12 28 47 74 593 
27 70 89 63 163 
71 23 84 41 782 
89 46 89 26 1293 
99 63 22 39 1561 
100 18 23 51 415 
55 41 86 72 1411 
88 63 48 84 940 
63 88 94 64 557 
9 52 21 45 1618 
83 67 16 25 1011 
51 8 11 78 632 
11 49 41 38 929 
32 39 14 55 1004 
28 99 7 69 304 
13 71 60 5 1453 
49 99 80 52 726 
90 27 63 10 613 
83 54 73 45 800 
15 50 58 7 69 
72 40 68 83 1188 
86 62 50 6 828 
82 49 8 89 1491 
13 71 91 94 1120 
7 78 6 17 1319 
77 29 64 20 85 
66 14 55 100 316 
11 33 99 79 992 
31 79 59 59 935 
35 47 86 54 613 
47 61 67 38 1614 
96 36 53 3 1603 
59 99 32 101 1422 
70 96 10 70 1339 
83 74 14 33 651 
30 21 49 60 777 
31 45 12 82 987 
7 50 19 102 412 
78 82 99 81 65 
33 49 59 72 1458 
41 39 18 72 930 
75 48 36 98 1152 
77 89 95 55 1128 
16 89 52 41 1340 
22 79 11 44 108 
3 77 36 29 141 
83 64 79 71 138 
94 29 43 25 1426 
61 16 23 31 817 
91 89 46 11 1469 
46 99 20 90 1127 
64 31 76 65 921 
100 14 9 90 1454 
15 12 26 47 1263 
89 49 28 54 381 
9 58 82 94 293 
15 33 26 39 1051 
86 45 91 102 752 
65 55 79 69 1458 
48 9 35 42 598 
80 65 101 34 50 
100 73 69 67 1020 
8 51 83 47 702 
69 90 72 25 82 
72 24 26 101 239 
36 71 62 64 1254 
102 25 42 58 644 
52 34 94 36 1090 
15 79 26 39 649 
16 74 34 26 372 
60 39 12 37 1084 
59 41 2 20 1128 
30 13 7 90 1022 
85 12 27 8 1511 
36 98 38 59 1493 
96 100 89 61 18 
64 39 38 42 301 
65 15 7 91 1347 
14 34 77 67 628 
4 74 38 77 921 
6 48 28 33 1445 
65 3 55 46 1188 
61 54 44 19 116 
93 78 67 72 1625 
72 7 38 26 1324 
4 23 73 20 1457 
24 64 14 5 1586 
18 14 6 53 910 
64 63 63 19 383 
62 93 60 60 776 
28 9 68 77 1412 
101 12 4 52 1411 
43 32 36 56 834 
99 42 41 21 1492 
81 74 16 16 612 
11 46 21 2 351 
14 65 15 73 1026 
17 98 39 18 1605 
7 11 56 67 234 
34 28 9 68 432 
22 54 41 69 1112 
57 95 54 40 1264 
57 93 4 31 1221 
80 19 65 93 596 
3 5 25 23 1408 
72 20 51 102 86 
85 39 56 76 25 
62 26 48 5 131 
24 46 101 41 709 
16 9 27 92 585 
17 65 17 31 414 
20 31 20 82 1601 
39 46 54 35 1545 
20 40 30 29 242 
56 72 63 86 245 
59 5 86 80 1181 
65 95 62 66 1465 
22 23 26 51 1369 
34 9 68 7 1154 
80 93 69 46 414 
78 81 100 77 1334 
47 4 34 16 1112 
