6 8
200
64 86 101 24 93 46 1337 
74 39 94 72 9 72 520 
67 97 40 54 6 69 1090 
25 16 45 94 56 86 293 
52 79 92 60 99 11 1439 
35 101 34 23 51 70 1415 
21 85 13 25 59 25 1219 
20 48 43 87 74 95 646 
72 58 31 39 62 66 362 
62 4 15 12 63 46 536 
98 8 34 57 101 82 73 
33 34 71 99 63 45 518 
33 51 74 27 17 51 1024 
45 5 85 91 6 67 960 
84 101 15 97 81 44 356 
42 12 32 75 15 37 645 
26 62 43 101 23 92 478 
54 43 87 48 97 72 873 
6 50 68 97 17 48 800 
35 58 3 84 3 12 1485 
42 44 53 4 15 25 308 
44 45 92 85 76 32 480 
60 30 51 86 74 70 586 
63 66 81 100 92 92 1489 
6 41 19 22 82 40 205 
100 36 46 84 49 37 1009 
8 78 13 43 18 22 1223 
30 54 99 31 44 57 1283 
81 75 6 26 35 30 620 
5 75 66 96 93 19 974 
96 7 5 27 36 76 909 
89 69 59 76 73 18 1239 
89 22 92 41 85 36 326 
63 42 60 16 9 26 39 
5 50 49 27 5 17 561 
49 96 6 10 83 25 1490 
7 49 52 64 13 64 264 
55 76 57 10 85 42 541 
67 47 13 29 52 55 1375 
22 11 51 70 3 44 662 
27 88 33 4 13 31 911 
94 9 54 98 64 88 813 
76 95 18 22 78 3 1327 
51 95 83 33 72 9 1397 
40 3 96 12 22 78 456 
90 26 8 74 13 79 1193 
40 61 33 91 69 36 744 
19 34 50 27 42 61 1245 
94 52 73 43 24 72 887 
8 60 88 43 13 24 1411 
71 12 50 66 26 10 188 
37 53 44 4 75 42 353 
71 48 87 82 18 54 1555 
76 37 32 92 9 21 522 
2 47 49 59 15 61 783 
24 2 63 18 53 67 944 
101 31 41 51 32 35 602 
15 3 63 96 72 93 1540 
77 19 77 19 91 82 560 
8 97 48 62 83 76 768 
47 26 66 67 89 39 1234 
8 93 43 79 88 97 1430 
46 88 64 44 70 56 766 
85 88 102 63 87 26 1520 
36 95 91 51 61 92 1100 
79 100 31 85 56 21 1129 
28 36 42 5 86 49 1002 
11 86 20 15 22 2 1022 
39 66 6 4 16 84 1181 
100 54 30 29 7 22 1099 
90 35 61 16 37 80 925 
55 62 60 3 79 34 402 
12 73 38 41 92 7 649 
36 27 84 42 38 99 461 
84 14 79 81 28 96 346 
52 61 101 87 24 8 1384 
6 48 3 39 53 50 1440 
83 94 90 18 17 30 888 
11 79 76 101 83 30 1152 
50 84 24 53 40 5 975 
14 39 56 69 101 57 485 
81 83 5 88 51 42 17 
21 91 66 13 68 69 679 
84 27 89 44 79 16 914 
66 81 88 15 46 30 1130 
58 36 50 18 75 27 484 
98 73 15 34 91 72 473 
95 60 42 73 39 20 485 
13 69 28 23 43 76 240 
4 18 75 7 13 34 1036 
57 17 96 96 44 14 1414 
56 76 12 91 47 29 1167 
23 49 44 10 12 42 725 
69 25 97 34 53 17 1525 
57 42 29 79 40 67 626 
45 47 80 97 8 45 944 
96 18 35 98 49 45 1329 
72 33 99 3 94 21 1432 
95 101 63 93 99 95 1615 
35 85 14 9 64 35 1269 
4 66 15 6 99 89 1198 
9 64 38 6 74 14 1390 
11 32 78 48 48 53 825 
48 18 6 11 52 61 985 
35 23 92 87 12 6 1107 
69 86 99 98 34 16 1404 
39 27 89 27 83 16 390 
55 38 63 17 85 29 919 
50 11 97 49 30 15 1193 
44 48 21 64 10 19 691 
47 81 52 16 38 66 143 
93 19 86 71 47 38 1316 
87 31 72 29 78 14 321 
77 5 51 7 3 15 1552 
81 69 65 75 98 84 124 
59 12 3 48 65 50 928 
94 12 80 85 79 94 936 
20 52 37 34 8 25 1143 
78 4 11 37 54 16 194 
52 24 98 51 57 75 443 
20 70 83 16 66 65 1361 
95 73 24 27 22 40 1002 
20 30 43 93 61 40 1332 
11 94 14 13 36 47 691 
91 84 36 24 21 32 1618 
83 56 20 44 62 89 1361 
33 89 12 33 78 52 522 
96 57 60 98 38 47 161 
78 71 4 32 20 43 67 
90 90 5 3 10 64 602 
76 24 51 101 53 100 1270 
7 3 82 60 97 12 1551 
29 78 27 86 87 91 77 
87 18 14 44 47 81 695 
101 9 32 70 90 97 321 
35 11 99 87 49 34 1170 
70 24 74 25 33 11 1003 
14 80 19 25 75 34 1454 
8 39 59 7 21 37 90 
96 52 92 8 17 77 1539 
69 30 101 40 59 35 281 
96 42 21 17 72 83 1426 
31 15 48 18 65 33 432 
75 43 81 30 99 68 1197 
74 83 19 17 36 69 744 
52 20 87 17 101 74 208 
98 39 93 50 56 20 1062 
39 47 93 54 47 70 1531 
89 22 11 63 69 46 355 
61 4 101 39 16 44 1303 
97 62 2 66 61 16 1249 
5 90 82 44 50 10 568 
39 28 65 91 101 54 1018 
100 78 56 35 30 93 608 
37 94 13 42 78 87 698 
86 92 91 88 56 19 1369 
34 31 20 21 38 89 364 
78 38 50 17 92 19 1575 
86 48 33 32 25 41 1111 
99 71 4 74 25 94 861 
38 76 4 47 36 80 1088 
49 38 16 95 6 17 970 
57 65 27 88 70 48 1631 
47 60 58 34 80 18 568 
62 18 49 14 97 72 658 
64 48 72 58 41 32 606 
12 19 40 21 26 11 676 
7 79 88 57 48 55 1487 
18 49 15 59 65 34 1419 
22 69 82 11 47 21 1525 
19 57 32 31 18 65 570 
43 20 15 56 9 95 897 
41 63 59 51 19 51 748 
101 58 101 78 100 52 1463 
52 60 11 81 92 50 1436 
24 58 29 32 92 58 1229 
31 3 5 57 41 34 1325 
9 25 62 31 72 50 297 
101 33 54 20 15 47 1491 
62 6 77 20 47 69 284 
7 32 21 29 95 72 1155 
58 98 23 61 20 10 703 
36 51 52 22 2 72 370 
26 77 13 79 13 86 1116 
99 30 40 95 67 66 24 
95 43 4 79 79 49 706 
37 33 61 97 39 50 423 
57 26 100 47 99 97 1321 
58 10 52 84 89 4 963 
70 85 68 55 47 44 680 
10 51 45 25 24 81 1457 
46 54 85 76 38 45 691 
6 42 50 70 71 22 607 
35 54 97 93 47 86 1098 
50 95 43 94 9 86 758 
78 57 24 77 17 94 202 
58 69 10 53 62 19 1040 
46 20 87 78 23 7 1236 
99 50 34 80 97 24 1565 
61 43 84 31 60 98 464 
