4 4
200
53 74 50 75 193 
25 95 44 22 235 
10 22 33 89 572 
5 42 67 45 647 
29 67 6 32 363 
55 49 53 69 111 
98 44 67 62 17 
94 8 29 70 512 
85 83 36 59 173 
20 37 8 28 561 
29 53 30 44 82 
88 70 20 31 578 
78 45 77 9 271 
68 57 73 87 634 
99 15 99 82 785 
48 33 48 11 215 
20 43 27 100 708 
47 16 25 52 134 
27 90 100 99 704 
42 7 29 26 449 
65 66 22 50 584 
16 56 49 48 521 
56 23 10 4 431 
37 20 79 22 721 
54 34 23 71 433 
11 17 2 96 455 
43 6 24 56 517 
56 23 79 29 596 
93 69 79 88 505 
5 82 98 47 417 
25 30 9 38 29 
33 45 53 97 512 
101 56 56 93 190 
53 101 56 41 804 
16 42 53 49 794 
87 58 37 9 405 
31 21 57 45 268 
14 98 88 53 266 
13 72 84 66 603 
39 15 88 65 93 
6 28 59 48 301 
85 80 62 41 153 
77 10 46 47 276 
82 100 13 60 90 
56 15 5 9 712 
47 60 89 75 489 
73 72 73 98 371 
5 64 11 8 410 
37 38 49 35 469 
5 28 39 32 763 
41 5 30 54 466 
93 25 52 61 752 
27 93 89 81 386 
7 39 50 2 251 
20 91 7 10 623 
20 69 72 51 688 
21 23 58 82 168 
71 44 21 41 446 
82 14 53 16 210 
45 51 70 87 425 
68 80 39 102 615 
53 100 22 78 319 
26 55 3 77 599 
6 37 9 61 642 
66 20 11 47 413 
8 40 92 84 270 
71 101 87 99 150 
43 86 59 6 570 
72 23 45 2 249 
29 13 78 43 179 
10 44 11 9 721 
50 71 94 51 564 
15 10 40 45 573 
28 70 5 58 266 
22 80 5 91 68 
44 77 11 17 191 
97 64 52 62 201 
29 91 80 11 573 
74 94 9 37 467 
65 85 101 32 40 
61 10 21 10 16 
32 41 23 101 377 
75 62 78 28 607 
52 60 80 21 353 
39 92 96 88 494 
30 73 70 34 370 
61 78 81 13 521 
89 45 43 61 770 
90 71 81 65 794 
14 18 83 63 57 
7 8 83 89 556 
72 16 35 50 603 
61 73 91 55 713 
99 84 68 64 716 
10 18 21 27 449 
70 12 33 91 399 
14 92 8 27 330 
55 97 94 44 768 
75 12 96 87 287 
19 82 28 78 5 
32 52 21 75 809 
91 89 58 34 816 
61 85 46 101 504 
72 67 66 15 283 
4 92 26 70 124 
100 25 36 92 313 
90 86 58 91 155 
64 73 35 28 424 
68 41 62 44 285 
92 67 97 25 535 
54 18 15 43 806 
42 28 53 60 11 
68 55 68 96 96 
77 29 58 82 810 
101 34 40 63 561 
64 32 83 35 206 
35 30 13 26 706 
75 74 16 92 641 
38 22 77 27 704 
15 75 68 33 490 
65 12 16 26 543 
22 79 54 74 300 
12 47 19 35 558 
39 44 44 9 317 
5 15 68 4 515 
81 59 16 77 457 
91 66 52 76 509 
25 16 89 60 545 
98 22 44 55 558 
93 5 43 58 400 
73 33 61 94 462 
52 46 14 63 714 
64 66 79 19 389 
48 97 46 73 371 
25 57 87 43 354 
85 73 15 35 587 
78 18 59 28 695 
60 7 60 19 101 
81 4 28 72 36 
34 45 28 8 182 
98 61 72 13 211 
18 48 20 51 597 
81 33 81 91 92 
48 8 52 33 728 
43 39 29 61 541 
23 31 17 38 93 
42 47 9 13 618 
20 48 48 2 566 
14 89 11 46 268 
50 25 39 61 472 
28 95 96 19 662 
61 34 13 47 37 
89 33 84 40 270 
36 27 70 15 763 
3 62 52 64 627 
56 30 85 28 152 
101 93 58 81 697 
49 53 92 32 136 
87 37 4 98 670 
83 7 73 13 802 
25 57 26 68 468 
68 45 34 42 221 
33 51 87 28 48 
98 78 6 54 700 
86 36 39 99 67 
68 60 56 82 781 
51 59 74 30 777 
45 70 92 23 160 
6 21 53 5 694 
38 52 77 93 706 
7 3 21 27 122 
91 20 29 60 746 
10 91 54 46 634 
77 80 59 33 508 
30 88 84 35 667 
66 86 36 14 586 
18 85 65 96 737 
50 40 49 15 52 
28 43 34 32 97 
17 69 8 28 85 
61 95 46 30 477 
21 21 88 46 411 
7 86 17 88 615 
27 28 60 56 243 
39 33 46 27 300 
90 56 54 23 547 
99 79 10 4 109 
25 41 37 37 579 
31 54 5 65 8 
44 27 48 57 710 
91 11 55 98 595 
30 51 21 94 579 
68 69 67 79 433 
30 78 15 75 425 
87 93 25 85 8 
88 30 83 26 776 
64 10 100 36 641 
90 27 14 31 698 
76 22 45 66 44 
64 89 28 12 593 
