6 4
200
37 41 36 60 7 92 642 
79 56 12 96 33 46 764 
65 58 53 58 80 88 813 
47 46 100 98 38 88 94 
100 90 36 38 68 93 664 
78 94 40 41 102 51 50 
3 15 36 25 26 82 534 
31 60 13 12 95 63 735 
97 38 64 71 6 69 642 
69 78 61 67 55 14 711 
66 16 19 80 39 96 363 
32 67 75 15 8 48 566 
31 25 28 75 32 93 657 
58 78 71 98 84 29 280 
40 77 60 72 70 80 532 
47 96 33 58 69 48 532 
74 91 59 100 23 11 306 
55 35 94 25 23 9 66 
40 50 85 58 68 12 753 
92 17 44 40 70 6 693 
31 96 19 65 48 17 689 
89 15 99 62 20 99 694 
44 68 49 49 74 59 59 
48 51 102 3 37 75 669 
76 16 62 56 7 55 199 
41 77 63 78 93 25 412 
37 88 98 50 15 9 389 
51 97 94 98 49 80 671 
48 19 64 12 44 5 111 
100 39 8 15 46 63 31 
92 88 73 82 36 59 92 
65 6 55 24 68 36 204 
21 70 60 60 77 44 758 
60 101 68 51 23 39 306 
50 91 37 71 49 46 481 
12 23 18 15 23 73 675 
15 11 90 79 70 91 645 
71 51 57 72 21 13 263 
88 7 33 15 22 76 121 
17 19 55 21 92 68 79 
49 44 47 55 73 12 372 
92 79 74 55 50 60 648 
42 82 102 30 35 29 191 
17 87 2 4 99 70 797 
94 37 60 80 24 72 179 
9 12 18 50 3 89 784 
30 61 62 73 17 37 611 
39 55 93 59 41 88 261 
59 46 54 76 44 50 805 
44 16 77 28 91 60 271 
72 86 82 35 42 29 713 
27 42 32 84 35 25 449 
84 69 22 85 85 92 413 
68 66 76 61 41 99 702 
47 87 47 29 80 44 546 
71 13 27 101 61 46 258 
6 24 94 11 27 46 486 
50 57 45 7 70 85 35 
22 8 76 3 32 3 656 
58 87 57 57 83 90 110 
57 97 86 26 47 21 507 
44 84 51 16 56 29 795 
32 4 23 12 61 65 405 
7 53 100 31 45 53 396 
38 38 56 46 58 48 753 
62 61 83 24 65 44 631 
25 27 89 78 77 85 212 
85 36 47 24 27 66 409 
47 87 97 4 70 16 51 
48 97 72 100 82 7 573 
45 42 90 98 23 74 670 
28 13 55 70 70 25 437 
4 12 24 33 84 44 123 
76 88 22 97 30 73 631 
32 19 80 97 80 58 327 
96 59 28 6 93 70 154 
76 44 36 102 93 55 357 
87 50 69 100 65 57 565 
56 70 2 95 3 7 781 
97 77 76 93 69 15 72 
55 98 28 93 76 98 815 
46 88 98 39 21 36 371 
70 13 99 17 2 73 326 
91 28 14 92 65 25 649 
69 62 11 26 41 37 260 
55 43 9 90 61 71 82 
84 7 57 84 73 52 215 
65 79 78 69 45 71 527 
72 16 3 13 75 22 627 
28 88 15 82 101 16 131 
72 92 28 43 4 32 54 
23 58 10 94 75 55 35 
85 35 59 98 68 69 676 
29 8 79 88 51 35 461 
20 44 5 74 39 12 761 
89 51 28 43 41 60 398 
60 95 21 3 69 75 350 
55 58 85 35 48 35 356 
86 51 57 55 99 52 27 
16 7 22 38 45 13 784 
86 34 57 29 11 36 558 
15 60 87 84 62 16 533 
89 21 42 92 79 52 26 
2 72 90 44 10 48 364 
90 101 67 26 64 49 562 
26 30 7 39 101 77 580 
93 72 73 38 38 40 225 
88 83 48 68 63 95 687 
63 69 87 3 91 26 208 
61 23 60 100 69 98 510 
94 36 55 80 77 34 75 
2 20 8 74 10 19 18 
20 21 60 3 56 87 512 
63 22 38 12 53 48 260 
51 15 40 72 43 67 769 
48 95 89 89 63 77 499 
51 82 31 83 9 25 335 
4 102 100 15 14 102 250 
16 18 70 25 88 79 419 
7 70 4 68 54 10 588 
28 73 16 95 11 4 97 
43 9 32 46 24 93 388 
15 42 58 31 67 66 267 
78 21 65 77 100 12 365 
14 29 16 57 18 71 616 
31 86 23 5 100 21 599 
11 40 81 66 88 6 748 
29 48 39 89 46 41 409 
53 53 20 14 94 69 233 
82 17 92 9 24 74 685 
59 38 29 69 47 61 547 
83 86 13 13 8 55 692 
84 79 70 73 32 27 637 
35 5 93 9 54 47 244 
25 91 59 67 34 10 577 
12 12 22 101 82 85 573 
68 9 2 87 16 46 798 
40 24 37 94 49 8 197 
35 38 62 95 16 39 473 
97 55 49 76 47 16 589 
69 50 74 51 44 10 542 
97 93 23 40 3 34 696 
69 24 74 87 4 49 624 
76 62 8 68 48 14 581 
56 55 13 71 31 28 579 
76 65 45 6 100 60 312 
47 41 58 15 7 75 230 
34 77 91 45 70 98 756 
90 68 85 98 98 97 339 
40 12 70 74 8 16 758 
61 31 83 6 91 40 242 
23 52 55 43 42 45 184 
81 24 28 64 32 80 709 
99 62 10 4 64 99 61 
31 89 43 101 60 37 597 
47 10 41 81 59 65 544 
18 32 58 58 54 21 482 
90 44 12 78 38 8 501 
72 76 4 29 44 24 751 
65 14 44 83 10 51 272 
16 89 85 75 17 22 665 
31 54 48 12 80 50 336 
47 33 25 24 31 14 619 
36 39 54 18 43 77 429 
20 16 77 46 72 28 602 
57 29 5 23 88 82 332 
24 57 18 66 76 53 152 
83 21 61 81 40 59 653 
52 33 59 76 48 31 90 
40 74 68 10 24 69 729 
6 21 3 45 34 37 104 
84 38 54 69 26 36 304 
97 17 68 34 71 96 48 
97 48 49 42 53 32 682 
86 52 58 53 86 31 629 
102 60 37 8 24 69 555 
98 8 9 24 97 76 357 
59 2 78 56 76 86 74 
75 56 5 83 8 31 801 
87 97 18 42 7 62 772 
59 32 28 48 28 40 812 
43 42 20 58 58 42 221 
52 82 100 12 48 70 220 
6 34 27 18 40 72 88 
12 93 84 92 16 51 814 
72 51 9 50 48 11 267 
16 87 27 52 91 73 290 
17 20 32 61 94 70 429 
100 3 32 90 70 91 248 
51 38 68 44 93 29 650 
33 92 64 102 61 96 739 
49 102 69 51 101 77 779 
75 54 33 24 83 49 592 
50 80 62 80 22 4 533 
51 61 10 100 46 58 684 
30 69 61 35 76 64 415 
4 65 40 71 16 37 614 
86 37 22 12 82 9 679 
15 5 24 41 94 27 799 
43 61 53 56 21 14 372 
