2 8
200
80 98 1264 
19 18 1253 
26 85 601 
88 21 1137 
53 13 1348 
92 50 822 
19 31 296 
20 14 1417 
25 26 1178 
16 32 1480 
70 22 1518 
47 99 471 
3 70 6 
69 89 1329 
87 32 119 
34 49 1101 
29 89 1497 
95 61 503 
82 61 1367 
93 96 1497 
7 12 866 
48 20 1616 
79 8 217 
56 92 1306 
52 52 699 
39 35 1345 
82 94 1256 
7 89 701 
101 77 991 
64 68 626 
47 12 1206 
11 65 1255 
30 41 198 
10 57 681 
56 76 1585 
14 45 148 
90 45 425 
3 13 41 
17 102 371 
12 49 697 
40 16 652 
77 11 1304 
8 44 1423 
68 10 1535 
72 73 599 
37 52 221 
48 89 536 
54 76 372 
14 46 1615 
73 96 1024 
56 20 1502 
71 72 663 
4 81 1058 
19 8 20 
24 24 570 
34 33 647 
68 81 810 
11 66 978 
12 89 654 
19 65 1065 
83 37 781 
26 14 1468 
4 3 28 
98 36 1159 
51 31 1333 
34 32 855 
90 82 207 
61 8 234 
15 47 881 
34 61 1359 
3 87 276 
102 38 1158 
55 99 171 
47 32 492 
40 72 751 
81 63 586 
80 80 924 
90 31 1342 
55 23 475 
36 13 1088 
38 72 679 
20 98 799 
56 51 1504 
13 80 536 
44 45 825 
85 23 588 
70 37 1380 
20 56 1326 
29 15 904 
37 49 244 
44 22 1403 
46 11 979 
91 22 1212 
99 26 189 
46 70 1630 
26 48 1410 
34 72 3 
95 67 1252 
84 20 264 
62 94 1350 
96 22 36 
79 71 957 
49 100 555 
93 96 32 
64 73 169 
75 76 1408 
83 5 1095 
71 5 1256 
17 51 889 
11 64 1487 
46 30 457 
94 6 79 
11 68 1612 
43 79 778 
54 43 1242 
100 33 1536 
68 11 709 
32 81 1450 
18 27 276 
27 64 327 
6 40 597 
45 49 1074 
76 72 1104 
8 66 133 
90 42 423 
21 19 1007 
3 19 288 
62 45 860 
50 16 805 
41 78 1290 
90 86 67 
81 39 645 
13 12 1543 
12 26 999 
29 63 742 
37 44 637 
65 98 133 
57 26 748 
4 46 1546 
86 97 533 
18 37 1538 
91 20 1296 
6 11 48 
88 10 115 
69 93 1509 
58 36 1337 
9 14 1172 
12 78 1302 
73 35 979 
60 78 1523 
47 29 238 
64 96 1457 
69 40 708 
68 33 550 
38 79 1432 
3 90 551 
55 48 166 
15 79 1351 
63 8 961 
16 20 1384 
21 48 527 
12 44 1326 
94 7 1579 
5 91 1565 
41 43 1324 
40 76 1623 
94 72 731 
28 7 500 
85 34 825 
34 3 1431 
32 54 332 
61 49 1395 
3 29 571 
9 11 1355 
39 52 923 
16 76 581 
4 25 522 
61 24 780 
42 95 669 
4 28 162 
33 63 66 
11 75 606 
78 82 1544 
98 39 779 
67 87 1001 
64 91 896 
76 71 941 
17 32 1282 
58 73 490 
75 20 872 
47 102 8 
27 78 783 
81 30 1262 
21 40 1538 
43 8 1401 
86 97 605 
88 80 65 
88 30 931 
54 18 502 
27 55 30 
