8 8
200
7 2 60 81 58 55 42 96 599 
48 52 94 17 100 22 85 4 587 
50 49 48 18 60 35 18 93 1162 
12 19 68 49 95 4 63 73 638 
83 100 68 66 23 74 15 37 1098 
23 86 15 75 43 46 60 44 1496 
40 91 44 27 64 67 84 32 1269 
73 100 59 92 56 29 83 4 58 
72 86 28 76 5 25 68 97 109 
60 39 78 23 91 53 12 25 1343 
99 58 38 3 84 93 96 44 599 
13 33 32 88 94 41 43 90 945 
68 67 88 21 62 69 60 25 1519 
4 52 11 8 83 33 47 86 755 
70 71 4 37 81 63 88 57 1055 
78 74 47 39 82 3 95 46 951 
98 79 98 71 45 61 100 95 1500 
29 7 52 101 43 10 95 75 325 
58 32 88 28 35 6 4 84 837 
50 67 72 11 14 38 75 51 109 
52 101 28 45 40 89 71 61 820 
16 79 33 38 47 9 83 39 234 
75 72 46 93 68 63 10 51 458 
24 20 95 16 29 94 4 44 1222 
96 15 94 101 59 76 56 90 88 
22 14 22 65 30 77 24 102 1293 
64 61 34 67 37 90 61 49 665 
59 2 52 41 37 4 34 89 389 
24 76 15 72 39 80 57 90 619 
10 61 92 20 94 29 15 41 1364 
45 31 81 6 42 12 35 99 1429 
57 83 79 20 34 43 53 102 430 
68 94 24 56 12 49 53 53 1440 
52 41 10 25 28 97 21 91 948 
47 20 35 4 39 42 93 2 106 
63 92 29 51 69 94 3 48 770 
64 91 21 33 55 92 24 85 942 
81 34 57 84 101 44 85 8 1330 
95 66 58 83 65 12 43 92 990 
63 3 75 18 25 82 50 59 8 
41 16 67 46 82 56 85 14 1116 
53 81 93 87 68 63 13 10 1344 
93 82 28 11 93 65 31 63 1332 
87 65 11 78 36 45 44 46 1509 
18 51 86 4 101 53 43 92 177 
72 79 38 14 8 17 99 59 1244 
76 32 25 4 16 21 74 100 802 
61 78 47 50 44 24 70 97 952 
100 91 83 77 70 3 55 61 1374 
48 75 59 96 80 79 68 70 235 
71 16 37 67 32 3 4 84 229 
68 24 36 16 46 13 59 101 1101 
97 102 64 24 51 57 37 28 403 
94 67 99 70 84 77 9 101 1311 
25 36 61 82 75 88 89 89 609 
52 34 31 48 39 81 12 74 1108 
54 49 67 82 31 6 79 12 282 
18 100 42 62 9 47 33 35 1064 
10 17 29 78 37 64 20 87 1543 
98 48 30 20 60 12 9 57 848 
17 46 6 57 5 65 71 72 1455 
99 92 27 86 17 6 16 4 933 
43 78 14 5 63 46 11 83 1048 
92 100 42 33 55 54 95 17 1461 
63 55 14 66 10 67 75 23 1553 
72 14 33 26 6 58 55 68 1286 
42 14 84 62 48 24 101 81 1179 
51 68 40 75 93 102 17 55 793 
48 79 71 49 32 42 51 42 1132 
36 68 96 86 80 89 75 55 52 
9 3 9 92 68 31 95 26 901 
60 99 23 33 11 53 10 9 1462 
12 96 85 44 13 8 55 67 215 
80 68 90 53 102 40 99 9 861 
43 58 13 42 56 8 87 93 695 
50 5 59 45 78 73 99 65 970 
22 67 91 3 39 3 18 17 951 
69 9 99 86 36 4 100 68 835 
81 72 42 79 59 22 66 7 1018 
58 37 92 19 56 39 80 78 698 
65 43 21 12 27 41 50 20 1385 
47 67 71 57 47 11 22 20 1514 
22 46 9 71 39 34 41 61 1306 
70 52 55 63 7 60 61 37 421 
34 71 48 2 31 41 37 21 656 
96 3 91 83 99 38 46 61 534 
37 96 6 89 73 67 61 81 1112 
34 86 61 13 98 12 85 90 801 
49 22 17 70 36 20 94 47 953 
92 90 54 19 19 49 27 26 667 
24 47 100 83 43 52 73 5 565 
83 85 7 81 99 12 89 99 635 
20 69 62 88 97 29 9 71 1499 
18 17 69 15 88 75 72 64 696 
53 69 81 67 98 34 85 13 1008 
56 13 92 45 32 22 10 9 920 
83 38 52 73 76 74 60 58 1427 
69 70 100 34 11 38 69 38 494 
62 55 73 30 5 85 67 55 939 
4 75 87 49 7 80 18 90 430 
94 82 95 9 9 43 46 18 705 
66 23 4 57 78 96 92 50 880 
87 55 35 69 8 22 16 58 1350 
4 22 65 21 18 23 11 77 908 
39 55 48 32 86 89 42 3 522 
57 49 99 93 59 59 27 33 572 
96 27 75 74 95 53 60 44 1573 
82 47 7 83 47 3 41 55 1548 
10 57 72 48 29 8 91 61 153 
87 13 65 9 96 87 88 18 817 
84 67 62 98 74 44 92 62 906 
29 76 4 99 54 7 64 19 1234 
67 49 100 70 86 36 43 75 508 
36 75 53 22 97 32 53 59 1434 
36 14 85 30 58 68 52 64 1381 
10 90 61 60 47 79 12 23 1118 
54 16 83 29 56 101 12 58 1426 
7 8 81 74 48 97 19 30 82 
94 39 93 34 19 24 51 36 1381 
74 78 31 75 13 76 63 101 693 
9 10 60 86 20 101 81 48 908 
7 38 44 66 43 19 75 19 1367 
79 22 99 61 80 22 17 41 1319 
61 33 98 7 13 50 55 12 329 
49 10 21 94 55 74 68 46 1605 
45 10 36 13 3 95 92 86 1278 
47 50 32 40 71 81 21 22 233 
62 102 26 96 13 34 99 28 143 
66 87 70 28 94 36 24 74 498 
48 49 33 4 17 29 72 10 1004 
92 11 41 42 75 34 59 9 723 
76 51 99 5 17 77 87 28 1614 
13 21 58 98 18 99 51 74 1188 
85 60 87 100 26 5 72 8 273 
72 26 14 37 70 88 92 50 380 
35 46 35 58 19 91 30 61 1439 
8 97 95 44 94 3 62 76 802 
62 78 26 96 34 10 60 17 34 
89 77 53 72 8 70 76 17 464 
42 30 42 97 71 67 17 67 191 
26 30 34 13 78 96 39 32 1170 
101 42 13 27 99 4 89 43 1367 
39 38 91 27 69 78 75 22 754 
11 66 9 61 80 70 98 37 1424 
71 78 102 59 35 78 98 77 1231 
19 17 33 40 10 30 84 80 476 
24 101 63 58 40 58 50 30 1075 
67 42 63 46 30 64 17 20 1061 
86 82 4 16 31 94 3 58 79 
18 73 58 81 79 2 41 76 592 
29 15 40 46 11 8 12 34 580 
16 75 89 70 25 92 65 100 1599 
29 11 72 71 57 84 53 35 921 
12 88 65 63 7 56 28 91 76 
29 42 74 98 6 99 58 89 1345 
20 50 50 68 17 82 4 14 1064 
68 60 60 58 95 78 51 2 745 
75 55 71 35 44 36 88 38 943 
28 33 7 75 15 70 102 35 1388 
10 46 73 85 61 95 91 62 506 
49 73 49 98 49 6 53 86 561 
16 87 8 16 82 81 24 78 1324 
62 95 47 92 58 62 93 43 912 
77 92 96 78 46 84 5 41 1069 
13 33 86 3 24 31 36 88 780 
81 96 67 94 63 85 14 31 1096 
88 59 17 89 7 7 50 78 1530 
43 40 44 26 13 42 15 13 740 
99 60 73 18 58 72 14 14 780 
93 85 31 13 66 16 17 20 1345 
53 26 28 81 56 47 37 95 788 
8 58 85 26 80 52 40 17 1153 
98 72 3 47 76 95 60 59 1526 
67 32 76 29 11 95 60 65 1416 
21 21 7 28 83 64 24 8 917 
67 69 7 81 75 51 46 21 784 
83 8 52 35 23 99 54 72 1036 
76 81 48 92 68 18 65 21 1568 
68 72 91 41 25 70 39 95 1461 
91 88 59 26 85 92 47 79 931 
39 88 100 10 76 13 101 49 456 
12 77 3 91 17 56 55 80 794 
61 44 85 84 98 30 9 65 1366 
8 52 97 58 47 91 61 28 525 
100 60 98 80 43 78 42 29 294 
91 2 73 5 73 7 44 88 578 
76 57 92 72 2 13 29 95 1589 
35 56 32 13 32 91 24 57 333 
54 84 3 9 44 71 12 21 1027 
14 5 81 92 16 61 56 86 1161 
44 31 60 87 53 50 80 9 1200 
90 80 72 84 83 18 87 92 71 
37 69 16 24 61 84 50 17 1462 
20 45 41 74 59 48 20 83 426 
65 69 33 55 31 36 97 25 670 
95 32 24 65 7 27 56 22 284 
59 22 71 78 39 38 61 62 1052 
36 18 23 26 67 2 92 24 372 
75 84 41 81 28 39 43 57 1385 
70 58 40 17 19 40 30 62 990 
