6 4
200
29 53 95 76 34 52 319 
21 57 4 76 85 35 615 
69 75 98 19 49 99 686 
78 44 96 97 66 81 526 
47 44 42 38 96 31 367 
22 11 67 56 91 59 814 
63 89 7 44 90 90 786 
57 21 54 84 31 72 421 
11 101 81 70 73 77 602 
15 64 39 90 6 32 380 
67 34 65 59 42 86 122 
57 91 54 78 93 70 738 
25 91 56 67 61 95 94 
12 88 88 20 85 28 394 
27 70 56 86 60 52 736 
89 91 27 91 88 39 444 
12 29 95 82 9 85 733 
75 85 25 47 39 37 448 
48 79 41 59 60 68 240 
23 100 93 35 20 2 290 
102 31 78 75 58 59 814 
61 95 40 78 45 60 426 
87 33 41 23 17 37 337 
14 88 35 29 72 27 730 
30 3 50 90 85 57 602 
56 49 74 83 80 57 713 
86 4 82 18 10 79 296 
69 55 14 5 67 96 713 
45 45 48 88 34 12 250 
94 92 90 62 6 80 248 
86 69 42 39 82 56 235 
86 54 14 64 50 55 503 
51 38 87 20 62 88 91 
6 28 97 48 47 59 752 
14 94 58 6 101 8 674 
88 74 69 87 42 61 485 
93 36 26 86 59 71 350 
56 5 43 45 94 21 659 
42 47 92 37 99 38 590 
62 58 60 51 50 81 512 
66 20 36 22 30 54 102 
94 73 64 90 90 51 470 
91 17 63 9 89 4 375 
29 78 51 45 24 89 259 
80 68 37 11 92 82 740 
87 10 25 66 70 70 391 
77 30 49 11 89 17 577 
43 99 44 63 79 19 304 
43 86 79 8 66 83 120 
7 30 81 100 71 69 33 
9 40 45 21 35 100 423 
50 4 36 37 74 63 299 
71 95 50 15 65 56 359 
25 48 61 5 90 35 573 
2 71 13 20 50 69 284 
61 101 44 46 21 87 759 
85 45 72 94 22 80 292 
37 32 88 8 15 62 682 
94 86 18 48 67 84 394 
35 25 19 26 96 4 81 
95 9 71 47 70 53 333 
5 90 13 70 57 36 534 
41 28 14 37 9 53 554 
17 28 100 56 6 47 405 
22 55 70 27 78 28 341 
26 19 63 47 11 45 722 
98 7 79 11 49 85 771 
99 8 91 89 53 44 639 
82 72 93 67 8 93 676 
37 45 45 81 10 26 124 
11 52 92 100 10 81 157 
23 23 47 58 64 57 189 
49 80 40 27 86 65 354 
49 73 82 5 54 8 497 
64 37 32 41 61 82 723 
57 101 92 45 65 61 484 
51 48 10 46 38 62 716 
67 7 56 26 62 74 508 
81 12 96 58 76 60 487 
88 17 20 5 77 36 753 
81 50 85 24 6 86 792 
27 74 61 17 48 75 788 
32 78 16 101 10 28 618 
91 97 88 91 3 102 517 
33 93 43 63 28 98 703 
59 73 5 58 90 67 445 
40 37 43 30 87 65 462 
40 5 7 70 10 18 733 
55 98 35 5 86 36 766 
83 21 57 22 80 12 596 
7 14 45 22 63 23 414 
62 47 63 18 38 9 759 
90 38 95 20 81 98 35 
77 72 55 5 33 63 470 
18 89 10 10 55 86 270 
93 64 49 49 97 41 754 
53 73 89 50 29 3 761 
85 63 5 101 16 71 250 
43 92 19 32 63 95 362 
61 56 10 86 25 62 785 
76 48 73 86 59 14 194 
101 67 58 6 62 66 273 
27 7 11 41 17 4 410 
74 33 19 36 48 50 755 
20 81 66 6 43 99 73 
17 33 17 59 59 9 347 
26 63 28 3 31 13 274 
51 101 47 11 60 48 18 
17 57 52 13 66 33 663 
88 94 2 21 69 27 84 
76 96 84 60 97 10 392 
72 93 35 19 39 61 563 
82 21 97 85 53 9 5 
79 67 48 95 78 63 310 
71 27 84 64 88 25 614 
7 66 53 64 40 56 367 
66 18 96 29 74 14 57 
75 7 38 18 20 12 789 
31 37 66 22 48 12 9 
67 53 58 53 38 96 610 
57 46 23 15 55 58 107 
51 54 69 6 51 33 787 
22 48 47 71 16 81 618 
30 89 45 94 46 46 804 
67 40 78 38 21 34 145 
63 17 6 67 56 86 657 
85 99 18 99 81 6 370 
7 12 84 24 17 101 222 
59 80 23 11 13 16 682 
16 93 70 32 101 81 484 
33 44 6 61 97 97 369 
92 29 96 67 42 55 494 
30 95 16 5 35 92 33 
39 85 58 45 71 99 562 
8 50 69 82 27 88 599 
70 81 65 23 6 84 551 
53 28 46 74 63 25 705 
100 56 29 68 90 57 774 
61 50 19 27 100 78 684 
82 29 87 16 69 89 486 
17 53 85 31 10 38 697 
59 14 73 10 76 84 68 
96 42 16 39 33 80 81 
33 48 97 7 8 86 585 
101 62 60 96 38 29 680 
5 46 39 82 21 11 15 
38 48 19 27 96 78 701 
89 73 79 39 11 52 682 
7 90 26 5 55 16 477 
54 15 16 40 58 27 742 
98 79 59 14 71 10 774 
102 80 83 14 10 88 93 
91 83 59 29 79 102 796 
59 15 79 69 98 45 688 
35 5 89 40 53 97 749 
96 22 27 42 44 91 45 
11 45 93 46 30 49 518 
35 59 12 80 27 95 318 
66 82 47 75 67 13 548 
77 96 76 59 93 21 771 
63 35 90 38 13 94 389 
72 88 24 70 98 23 5 
48 79 62 28 4 55 247 
42 82 68 79 80 40 279 
51 19 89 39 30 71 588 
26 25 45 16 3 93 768 
95 25 8 71 92 69 239 
19 16 34 91 68 66 168 
55 23 61 35 56 15 170 
71 37 33 70 54 30 181 
56 19 13 3 64 38 383 
59 63 10 90 73 7 265 
5 57 50 63 7 54 585 
3 86 83 49 80 75 198 
89 77 3 40 40 9 513 
98 22 91 7 30 76 778 
62 53 46 85 11 90 539 
82 85 9 49 79 52 432 
35 32 56 86 65 25 571 
88 9 53 35 100 71 58 
37 61 59 78 80 78 337 
35 39 66 71 87 60 61 
94 96 93 63 59 12 516 
92 37 23 68 53 27 606 
46 96 52 13 21 61 370 
25 52 73 101 76 14 6 
95 92 17 79 67 65 763 
15 62 74 43 62 46 364 
27 38 13 29 53 69 728 
46 16 60 68 101 64 567 
46 22 65 85 100 65 796 
47 8 90 88 65 83 250 
36 80 72 61 17 3 803 
16 62 74 25 47 13 403 
78 58 13 68 3 26 566 
43 11 60 63 83 49 652 
32 24 43 90 88 61 83 
38 90 9 86 63 73 247 
61 93 62 55 53 50 563 
52 79 22 64 59 63 760 
