2 8
200
55 61 937 
59 12 746 
70 49 1311 
92 89 394 
82 14 1024 
30 27 884 
101 21 1541 
86 23 249 
82 30 757 
66 35 1235 
84 68 564 
79 77 1075 
50 50 1566 
26 61 905 
93 24 1037 
73 8 401 
61 20 759 
70 57 1139 
11 71 614 
44 79 1332 
101 7 227 
7 10 342 
92 5 594 
99 81 1261 
60 77 978 
41 95 1626 
54 11 363 
24 6 260 
31 17 186 
67 70 115 
30 8 1164 
16 26 887 
44 88 229 
45 83 42 
90 64 629 
71 11 1307 
12 72 1226 
40 93 1102 
61 79 7 
100 77 1515 
12 27 587 
31 71 1193 
8 46 828 
8 99 122 
88 11 456 
22 36 682 
79 62 89 
33 57 1587 
34 92 256 
6 57 766 
56 46 176 
23 35 922 
69 61 1534 
67 65 1073 
31 6 1191 
70 54 1333 
42 42 716 
61 23 252 
90 80 1143 
41 100 1275 
60 4 1449 
6 54 877 
99 67 1238 
73 55 1223 
50 14 1581 
42 4 824 
26 66 624 
36 66 251 
5 97 378 
97 36 894 
88 30 1000 
18 10 996 
79 28 862 
21 73 1431 
8 70 1412 
71 13 142 
20 50 1250 
22 16 548 
42 26 622 
75 3 919 
33 3 507 
23 87 414 
16 34 70 
38 65 1245 
100 7 1519 
53 30 1567 
31 36 1380 
17 79 1399 
80 69 222 
30 78 1375 
25 5 406 
98 91 1137 
59 87 1358 
63 57 1289 
6 85 1390 
2 24 155 
42 91 1558 
44 47 1087 
74 18 403 
47 45 297 
14 88 914 
22 15 968 
53 3 267 
25 96 709 
15 70 1290 
8 12 1539 
3 80 735 
6 89 1413 
91 83 960 
60 27 1187 
47 13 684 
67 51 1130 
25 87 1137 
28 51 339 
95 19 1559 
54 31 1259 
90 68 100 
32 47 1063 
75 10 1611 
71 33 523 
3 95 1248 
46 80 1346 
4 50 297 
12 85 418 
27 77 474 
26 13 1148 
93 39 845 
84 73 958 
69 17 1090 
79 94 683 
72 56 872 
40 27 909 
46 52 631 
15 53 1330 
61 80 1364 
82 8 1143 
38 51 1577 
30 80 1542 
82 21 370 
20 79 1040 
18 27 911 
78 41 474 
74 89 806 
75 82 1003 
34 80 1405 
72 25 1517 
77 88 150 
99 43 705 
47 44 1229 
61 59 107 
35 28 1187 
77 99 422 
28 85 627 
57 10 306 
23 65 1122 
37 99 7 
10 12 1571 
32 45 1479 
57 21 1373 
15 33 1587 
56 15 485 
45 42 876 
91 59 1317 
62 47 653 
57 23 1272 
92 78 1271 
76 12 744 
77 52 774 
12 5 1368 
84 22 1278 
44 15 842 
43 3 1553 
91 80 369 
17 49 650 
22 50 1069 
58 77 362 
15 66 701 
8 40 347 
54 81 1024 
84 35 603 
72 9 598 
4 21 515 
90 15 322 
85 3 1605 
57 61 1036 
8 57 40 
84 56 463 
64 71 917 
37 37 1221 
32 91 364 
34 9 737 
88 47 652 
5 19 483 
36 70 1007 
4 32 1025 
47 53 1290 
60 48 383 
62 2 1287 
11 10 610 
82 69 1358 
