4 8
200
37 58 84 85 671 
68 82 101 28 768 
15 87 87 17 1536 
34 26 36 36 1277 
4 63 56 75 661 
97 64 78 75 1271 
82 82 58 33 776 
15 99 80 89 646 
91 55 35 87 1324 
56 71 61 5 1565 
25 19 18 71 912 
76 4 11 45 758 
6 6 28 50 1093 
35 31 55 70 1321 
37 49 49 96 1458 
51 29 71 94 1407 
27 5 75 79 894 
65 67 88 77 1193 
13 90 37 43 584 
87 29 87 20 782 
27 18 94 24 991 
78 72 24 82 120 
49 35 19 59 343 
3 34 52 95 68 
71 45 80 97 1141 
49 14 8 60 79 
24 44 53 46 1001 
12 13 52 18 1278 
94 45 8 70 423 
80 73 81 22 569 
55 79 94 16 1293 
84 40 99 54 222 
67 66 65 77 1393 
7 84 75 97 184 
92 83 36 17 190 
28 39 12 71 1502 
78 35 88 26 846 
47 52 40 67 1299 
74 16 100 5 221 
30 82 33 85 336 
98 101 85 11 738 
74 45 79 4 875 
47 30 30 62 616 
34 80 42 26 659 
58 46 10 18 639 
77 85 33 4 1363 
48 8 29 50 1568 
79 52 80 80 1309 
4 75 37 13 572 
46 88 40 67 1332 
52 42 9 45 1060 
54 93 70 72 1142 
90 14 77 21 130 
40 3 81 66 990 
84 3 63 45 630 
85 11 99 83 1548 
91 48 68 22 549 
7 101 87 86 726 
88 84 10 11 1501 
92 99 19 5 1580 
45 9 75 6 1623 
51 81 66 6 1341 
45 96 89 77 1325 
44 48 58 87 43 
41 18 98 22 1216 
2 94 54 53 797 
88 94 95 86 840 
84 74 64 22 1373 
28 38 83 3 27 
94 97 35 29 808 
46 44 34 3 948 
29 13 56 32 1621 
59 29 14 57 1576 
53 3 5 25 1622 
72 85 37 3 1249 
5 38 97 20 1351 
7 61 27 4 77 
46 62 94 28 398 
73 21 34 23 446 
101 25 27 7 826 
92 94 12 30 1295 
63 9 33 26 897 
93 18 37 49 1536 
100 4 12 53 863 
93 11 79 101 469 
53 53 16 76 1264 
82 12 92 70 1507 
15 51 99 25 718 
39 31 70 73 537 
56 86 87 29 482 
99 15 77 54 976 
83 17 13 101 459 
12 95 59 49 1226 
83 29 69 57 1318 
51 7 90 9 258 
63 44 8 68 1214 
70 68 89 46 1306 
69 38 40 10 185 
101 40 100 97 562 
46 74 23 98 846 
30 18 33 48 1319 
95 27 70 38 1607 
42 10 47 27 985 
46 8 15 69 137 
47 91 61 45 1337 
13 9 95 74 1168 
91 23 12 16 765 
54 37 42 66 1423 
43 70 3 12 1170 
93 95 75 36 1477 
40 62 56 90 108 
41 59 89 66 1143 
88 34 98 67 160 
21 100 33 80 144 
11 68 51 82 1091 
79 90 52 74 1489 
20 36 61 84 547 
31 69 25 10 136 
97 50 78 95 20 
11 74 39 102 866 
95 64 97 28 1334 
74 13 76 23 476 
53 9 17 75 853 
54 75 16 33 1317 
53 77 25 72 225 
63 92 58 81 939 
7 53 52 21 1603 
57 41 35 2 996 
20 96 4 81 935 
90 34 5 43 796 
38 61 7 21 30 
20 42 27 14 340 
85 57 97 65 391 
2 59 99 77 1580 
15 42 15 72 1018 
60 75 46 15 416 
31 89 16 32 350 
49 48 33 19 1307 
18 16 24 81 1278 
65 100 41 57 935 
34 38 30 46 579 
98 47 37 59 718 
48 97 14 88 1505 
98 43 67 44 1262 
56 28 81 97 1320 
101 20 36 94 1614 
61 36 91 57 1528 
95 61 72 97 408 
3 13 76 75 563 
22 4 37 89 1348 
25 35 99 80 48 
8 59 35 66 592 
80 13 45 60 1381 
14 8 59 95 1626 
38 73 73 19 1239 
46 53 8 63 986 
99 85 49 12 1241 
28 39 14 55 1427 
38 29 8 60 763 
92 70 18 91 368 
16 47 44 90 755 
54 65 82 4 965 
57 52 74 5 635 
97 66 35 84 958 
77 97 6 7 1038 
12 66 14 72 1398 
78 37 20 40 754 
54 43 61 65 388 
65 59 12 95 535 
88 56 5 22 841 
28 37 36 32 771 
22 43 39 26 593 
90 53 12 18 1360 
22 35 36 59 1412 
56 7 72 60 1559 
21 87 13 75 1270 
58 63 95 21 978 
43 3 90 93 434 
14 6 37 29 582 
14 49 96 12 214 
55 22 48 35 1583 
22 67 78 36 469 
37 32 66 48 1318 
29 60 93 58 688 
21 47 45 33 1223 
53 73 45 25 1356 
73 93 3 62 403 
37 17 61 24 647 
79 26 55 64 1493 
84 42 91 48 143 
56 58 40 70 1534 
10 79 17 60 757 
52 24 56 53 934 
46 31 6 24 742 
14 101 71 19 1068 
97 94 83 41 1523 
13 84 99 16 473 
17 55 34 68 267 
60 102 3 78 1465 
57 73 4 7 773 
