6 2
200
37 7 97 90 36 99 107 
3 93 73 30 56 25 227 
99 23 83 63 55 8 231 
48 77 14 10 7 77 143 
17 46 31 8 36 53 179 
36 42 101 6 77 80 230 
72 12 73 66 99 90 393 
37 93 34 5 24 30 362 
32 86 82 31 24 93 350 
49 44 24 22 74 14 256 
83 84 59 80 29 2 309 
67 43 46 10 88 40 327 
55 99 6 13 25 57 17 
58 21 77 55 89 72 96 
70 51 46 27 79 36 220 
11 77 26 97 30 15 266 
45 38 23 38 55 8 384 
47 20 11 51 59 61 105 
65 84 27 42 32 54 398 
93 2 85 12 7 28 180 
24 81 18 97 44 41 55 
85 56 20 36 67 31 96 
33 37 78 22 77 30 188 
96 101 57 100 63 70 212 
38 40 28 50 81 52 95 
41 95 56 17 22 14 329 
30 9 8 67 25 76 246 
68 10 92 32 100 100 117 
82 64 99 83 73 63 193 
18 94 88 87 81 2 376 
44 23 6 56 18 67 268 
94 51 35 40 95 94 286 
32 37 20 83 54 96 242 
33 59 36 52 53 35 52 
17 22 82 46 76 70 100 
89 88 78 84 35 65 358 
15 66 45 80 72 79 348 
59 70 6 29 8 35 44 
66 72 7 67 34 55 314 
31 54 95 21 26 48 180 
51 44 101 21 34 73 75 
95 93 74 83 58 29 240 
54 78 19 70 37 16 95 
18 73 19 3 12 13 345 
14 52 60 48 33 43 32 
28 7 10 76 64 94 288 
81 35 86 77 28 20 314 
78 78 54 91 34 23 136 
73 85 20 24 63 36 332 
43 16 37 27 88 53 108 
74 11 96 75 23 54 155 
40 34 28 86 95 10 147 
75 9 59 101 22 76 222 
24 92 54 3 61 91 153 
21 51 52 42 69 53 21 
70 60 18 13 71 97 137 
52 94 40 70 28 48 279 
9 80 28 68 79 74 204 
21 43 74 65 65 2 80 
85 78 46 28 59 33 25 
50 43 90 53 81 23 292 
100 17 35 35 46 71 50 
73 26 76 92 81 57 201 
19 47 50 8 97 16 274 
18 96 44 71 17 64 241 
39 39 17 100 53 80 84 
28 40 32 21 33 9 53 
53 72 38 80 78 59 130 
98 42 48 86 9 6 336 
23 93 65 31 9 55 138 
89 61 94 30 79 31 370 
8 20 89 65 9 56 265 
25 8 94 41 8 29 168 
99 71 16 46 76 40 25 
49 69 92 27 56 81 264 
13 46 51 101 30 43 368 
25 61 23 2 52 19 398 
87 74 92 3 28 95 367 
92 80 86 5 93 87 242 
53 98 41 54 77 2 51 
64 44 41 80 89 53 304 
12 95 45 26 22 10 256 
97 102 26 31 89 77 86 
68 67 99 39 58 33 292 
65 84 50 77 19 87 93 
31 53 25 41 44 17 329 
87 43 81 73 79 98 229 
98 17 25 90 28 93 393 
79 45 43 33 22 5 193 
13 97 50 5 25 42 269 
51 3 92 47 61 42 330 
26 20 68 81 37 18 271 
69 27 89 93 96 28 215 
10 83 11 24 15 35 303 
48 33 69 56 58 92 194 
16 35 45 68 53 18 217 
27 77 53 87 89 83 180 
72 64 14 31 16 15 168 
22 83 25 49 9 9 321 
89 101 28 80 27 21 218 
94 45 27 45 12 101 341 
8 59 38 27 55 32 308 
71 57 27 44 79 9 385 
54 22 22 46 11 76 155 
78 27 9 64 64 93 321 
20 89 88 6 16 59 57 
26 89 24 56 78 5 77 
46 3 39 50 14 61 164 
26 7 100 3 27 48 122 
34 32 65 93 42 99 208 
70 41 40 65 51 83 115 
35 100 92 35 73 21 135 
27 72 16 51 34 41 386 
84 90 5 91 13 86 376 
59 61 66 39 8 70 307 
64 101 88 65 80 14 370 
9 10 71 56 29 99 31 
61 51 43 10 60 58 354 
53 37 76 40 99 38 308 
41 29 98 67 53 60 256 
74 30 88 56 29 6 304 
82 36 37 87 89 87 401 
12 24 31 50 14 90 49 
65 14 28 83 78 17 277 
83 74 91 77 41 47 357 
23 57 56 34 54 14 290 
3 40 55 12 53 79 123 
7 69 19 42 71 53 37 
18 62 75 52 91 9 401 
64 49 11 50 42 13 362 
69 77 18 62 78 43 252 
75 75 74 27 40 40 314 
7 74 38 72 96 81 20 
97 83 83 66 8 75 164 
94 46 63 13 68 43 155 
94 3 82 95 12 49 177 
90 3 27 53 71 23 232 
77 76 80 48 34 86 294 
96 37 98 72 70 24 333 
31 12 17 74 99 41 56 
73 58 79 85 34 63 30 
82 58 15 39 53 85 69 
72 85 66 37 59 68 397 
67 86 25 44 27 64 241 
93 12 81 74 84 45 19 
20 3 65 2 25 67 61 
81 85 36 19 41 67 243 
29 53 39 42 76 18 25 
73 56 43 9 102 50 363 
48 36 67 71 42 14 212 
84 3 37 36 3 85 353 
3 91 28 89 98 102 262 
61 44 34 10 30 100 192 
49 24 95 25 19 28 135 
51 70 50 101 55 10 184 
52 4 8 75 35 21 287 
67 17 22 5 51 27 355 
94 35 63 14 16 7 143 
81 43 13 86 59 56 216 
23 80 90 45 94 21 41 
42 28 37 97 81 79 335 
9 76 22 70 3 48 231 
37 89 89 41 5 12 291 
63 97 92 78 68 19 183 
39 34 62 59 8 79 215 
9 27 20 37 30 55 291 
70 93 17 58 10 98 348 
93 3 6 91 11 40 321 
33 48 21 15 61 39 287 
44 62 14 97 70 6 116 
64 71 6 76 59 102 382 
6 76 22 60 23 61 190 
33 58 69 99 41 76 312 
81 101 23 71 17 3 108 
33 6 63 42 94 59 120 
34 102 17 54 40 87 112 
74 101 57 40 80 26 46 
6 46 101 31 32 54 337 
72 85 7 44 101 70 298 
73 61 20 31 4 19 403 
58 54 47 3 91 51 34 
2 68 33 39 79 17 111 
61 64 12 64 8 49 254 
19 12 11 42 19 56 6 
42 39 11 78 8 14 198 
94 55 30 43 4 77 286 
19 76 7 23 54 48 49 
98 10 69 99 73 39 161 
44 38 63 73 97 9 247 
31 24 63 73 5 80 274 
11 84 24 5 74 94 407 
38 6 20 67 10 91 178 
31 44 82 38 77 11 205 
20 69 71 9 70 11 360 
53 46 52 51 70 47 357 
28 47 95 101 47 42 27 
34 45 8 89 20 19 407 
82 83 37 30 71 19 372 
17 54 98 6 85 14 346 
62 70 18 42 47 58 13 
