2 2
200
67 20 242 
44 90 183 
36 23 195 
79 75 75 
2 74 260 
73 51 8 
58 87 263 
8 39 347 
31 95 165 
72 42 309 
5 6 407 
93 39 35 
68 52 175 
50 73 270 
43 93 308 
36 46 33 
3 46 323 
91 81 103 
50 61 330 
76 14 388 
7 66 327 
74 76 285 
20 11 144 
57 8 403 
61 10 57 
100 68 190 
12 97 202 
34 71 394 
99 16 104 
77 45 319 
29 93 156 
50 46 33 
88 71 70 
8 18 144 
75 48 158 
82 32 288 
13 52 381 
36 67 72 
48 74 387 
86 77 247 
46 46 270 
59 30 60 
63 13 263 
8 14 395 
32 6 323 
16 62 95 
60 18 343 
57 66 378 
87 95 110 
23 4 293 
15 4 382 
58 63 296 
71 18 75 
26 22 78 
8 7 156 
99 7 250 
40 34 52 
74 27 241 
78 92 327 
75 74 146 
90 42 41 
95 95 42 
5 75 174 
9 48 180 
7 36 395 
67 50 238 
57 90 359 
68 84 287 
61 43 315 
37 82 292 
94 97 179 
85 38 324 
11 16 51 
30 95 131 
21 34 351 
70 69 372 
64 13 171 
24 21 343 
50 24 236 
41 35 215 
35 70 380 
73 16 206 
2 24 399 
20 58 142 
48 29 388 
58 49 209 
86 93 302 
88 75 281 
32 73 314 
62 37 60 
24 72 329 
62 97 103 
41 50 72 
38 70 183 
95 46 227 
9 78 374 
91 94 307 
9 57 175 
81 49 390 
26 43 179 
75 42 357 
86 98 352 
56 88 131 
72 19 404 
36 51 93 
31 95 118 
15 25 387 
87 73 178 
41 17 61 
40 83 197 
31 16 30 
76 64 116 
59 12 199 
71 55 366 
62 21 303 
78 75 28 
22 51 223 
69 13 76 
51 90 284 
46 46 330 
74 18 22 
86 43 15 
94 62 354 
97 74 338 
82 46 285 
7 27 214 
71 65 172 
10 20 132 
96 65 15 
91 27 302 
61 15 267 
70 100 152 
87 78 319 
73 86 56 
22 28 316 
74 89 273 
51 46 257 
19 77 333 
41 65 401 
75 92 320 
2 5 144 
15 38 241 
19 14 191 
35 22 203 
76 100 322 
31 91 377 
57 24 310 
38 42 332 
13 43 157 
86 31 142 
41 14 350 
102 73 330 
80 9 366 
20 56 304 
22 18 96 
15 45 312 
4 12 305 
8 20 280 
4 66 259 
56 4 386 
23 35 341 
14 96 37 
66 76 114 
100 52 335 
5 39 276 
3 18 99 
60 100 401 
64 83 78 
62 35 383 
19 99 31 
19 26 21 
97 100 87 
93 10 91 
17 52 280 
51 6 245 
95 5 333 
3 3 194 
41 98 19 
98 61 213 
67 54 251 
17 48 315 
22 83 107 
79 10 160 
49 13 36 
4 45 197 
32 15 316 
61 69 121 
14 18 393 
62 80 118 
2 100 159 
71 28 227 
63 102 15 
93 31 97 
36 17 390 
45 56 369 
41 39 215 
58 69 189 
77 8 349 
34 4 125 
83 62 14 
