2 2
200
40 84 171 
53 87 181 
46 48 175 
80 79 199 
58 11 61 
44 41 205 
17 68 222 
13 8 240 
54 99 347 
16 71 261 
18 10 27 
84 101 251 
43 55 316 
58 76 140 
10 86 317 
29 43 156 
33 81 271 
12 46 387 
72 29 309 
85 101 359 
61 32 314 
81 64 285 
44 75 46 
55 2 353 
75 61 374 
22 5 92 
83 27 231 
49 85 367 
100 7 261 
14 15 292 
88 60 221 
91 99 181 
59 31 91 
10 87 275 
29 80 323 
82 40 346 
5 51 101 
55 4 303 
34 14 192 
89 83 233 
8 33 247 
41 69 173 
35 85 255 
50 65 301 
2 75 163 
91 22 23 
13 20 276 
81 11 261 
49 34 230 
82 60 347 
99 72 196 
67 4 222 
9 90 44 
39 49 223 
24 57 352 
53 55 119 
37 45 375 
44 78 261 
91 29 93 
99 94 145 
88 55 106 
79 52 379 
28 37 292 
88 84 132 
97 76 288 
15 59 217 
80 98 324 
29 47 63 
95 58 385 
86 77 306 
34 12 391 
77 53 385 
31 47 23 
95 27 74 
60 51 248 
62 49 9 
95 79 286 
71 21 390 
58 61 34 
12 86 385 
100 44 245 
98 56 293 
38 22 98 
78 86 50 
50 86 292 
64 72 392 
57 35 39 
95 93 404 
7 65 373 
2 21 374 
89 20 248 
13 97 340 
60 63 389 
91 26 113 
80 19 377 
60 23 143 
26 96 365 
14 58 210 
87 8 208 
63 93 372 
82 38 3 
34 92 269 
53 39 365 
90 6 36 
3 68 40 
84 16 302 
9 49 169 
59 78 102 
4 77 256 
11 28 364 
35 99 285 
6 10 359 
29 48 114 
29 9 346 
47 38 370 
83 13 367 
44 6 373 
79 56 184 
52 26 243 
78 32 62 
5 44 47 
2 57 30 
41 99 236 
23 57 279 
48 82 163 
59 13 166 
36 23 261 
75 69 92 
100 58 174 
27 56 345 
31 53 68 
15 26 267 
76 47 328 
86 44 60 
34 23 200 
25 33 305 
7 95 52 
21 44 38 
53 33 304 
91 5 407 
67 16 174 
75 95 16 
54 36 230 
76 85 273 
62 52 322 
52 42 192 
75 76 104 
70 22 249 
74 12 41 
9 64 379 
93 87 173 
83 21 117 
74 61 114 
47 73 396 
21 33 44 
48 61 373 
32 3 370 
30 18 117 
77 99 384 
84 3 340 
96 46 294 
65 85 402 
27 81 129 
52 80 331 
21 30 14 
30 51 363 
53 28 208 
20 79 247 
4 65 282 
16 8 92 
36 92 237 
46 53 112 
27 57 195 
14 23 325 
62 82 98 
12 11 357 
27 49 196 
7 33 306 
35 78 274 
13 63 85 
31 13 301 
11 18 357 
25 77 314 
78 5 383 
43 41 23 
73 60 399 
39 95 223 
84 90 242 
76 31 243 
85 14 310 
62 16 386 
29 84 43 
8 53 260 
38 89 140 
13 52 180 
56 66 377 
72 63 72 
71 77 278 
68 50 95 
17 37 355 
