6 6
200
28 60 68 42 11 47 970 
63 16 78 77 24 7 1200 
90 91 79 70 84 43 707 
58 35 25 19 11 76 1106 
44 85 11 40 30 20 645 
4 74 88 15 14 48 962 
31 63 34 25 7 68 1009 
11 27 95 78 85 95 859 
27 44 25 102 73 91 234 
33 69 39 95 89 47 1050 
19 92 57 72 96 81 336 
74 93 96 7 11 10 409 
61 18 64 48 28 85 938 
32 66 15 43 59 62 1198 
96 97 32 19 22 99 1126 
36 40 8 90 16 45 652 
53 31 97 64 83 88 880 
53 77 50 63 65 11 1061 
29 44 30 39 22 32 952 
98 66 89 91 13 43 303 
80 58 59 14 42 25 967 
37 20 81 79 76 28 536 
22 84 58 59 89 7 92 
98 80 53 96 15 77 673 
66 10 76 72 46 49 886 
21 93 51 25 88 10 1123 
26 51 62 48 6 36 934 
85 33 33 26 38 19 1003 
81 8 20 29 50 26 866 
12 8 9 32 81 73 13 
93 9 36 4 100 18 884 
31 93 50 12 43 81 1001 
79 44 48 10 32 92 496 
87 33 99 40 86 23 175 
45 56 18 27 65 77 1121 
26 99 24 40 4 12 612 
17 72 19 9 47 91 411 
66 63 23 51 83 62 78 
78 40 66 16 97 60 1047 
39 34 87 81 5 92 640 
47 26 72 30 83 93 853 
63 82 33 40 34 83 974 
94 97 78 84 17 87 594 
61 60 26 9 54 66 954 
39 34 30 44 101 83 228 
40 53 23 2 72 39 180 
60 35 78 65 79 8 549 
40 11 99 90 7 6 1049 
67 48 23 31 28 94 294 
50 5 98 35 101 63 673 
45 57 84 47 51 36 19 
27 50 47 76 60 35 1218 
25 34 56 96 79 35 884 
8 2 73 46 47 93 129 
32 82 31 80 47 92 1159 
56 17 45 58 72 86 490 
100 78 56 70 61 26 306 
73 44 41 24 30 85 462 
57 12 3 6 45 93 1169 
70 17 99 16 45 7 840 
19 13 40 10 50 34 98 
26 19 78 88 68 88 717 
40 92 58 18 9 59 1215 
7 44 54 29 95 46 361 
63 60 56 17 22 58 672 
34 3 16 82 52 32 381 
95 27 20 79 7 39 375 
27 43 99 38 50 71 147 
71 88 83 57 90 80 774 
61 24 73 49 31 6 77 
91 44 39 59 29 70 143 
19 36 52 90 9 101 436 
19 59 81 74 89 45 770 
17 36 27 65 53 70 416 
5 49 32 78 35 26 442 
101 63 81 23 3 2 639 
54 33 69 82 82 30 515 
67 93 77 44 63 45 911 
10 14 96 78 2 80 168 
89 22 14 76 76 101 227 
98 2 53 88 45 13 768 
5 59 84 74 42 94 461 
58 57 36 75 83 64 1113 
51 87 47 3 25 41 800 
13 58 8 7 30 26 850 
93 26 59 20 35 14 63 
57 14 6 62 88 78 380 
66 80 4 95 40 29 581 
17 9 87 22 74 99 1126 
3 78 69 14 70 70 793 
34 79 56 50 52 88 1150 
75 42 43 39 65 36 574 
80 7 14 92 98 24 932 
19 73 100 62 16 15 654 
39 40 50 19 10 68 398 
2 49 47 90 43 55 519 
68 46 85 12 65 47 288 
73 57 24 74 48 91 183 
8 58 90 38 75 43 444 
5 95 22 57 70 16 950 
60 69 5 57 71 36 624 
29 18 53 53 70 32 806 
85 28 47 64 80 20 1157 
94 59 54 70 15 8 775 
54 65 57 97 33 48 164 
90 21 19 80 57 66 966 
42 39 86 7 13 72 249 
68 76 95 93 99 85 808 
12 52 88 58 30 90 921 
55 98 59 39 86 55 1156 
9 30 86 25 56 18 632 
22 70 65 4 38 45 1047 
90 64 6 36 65 49 961 
71 33 24 29 78 6 1067 
43 30 70 29 20 28 723 
49 11 70 45 69 16 1105 
85 25 55 94 46 92 789 
36 55 5 23 7 18 475 
99 64 98 79 14 66 956 
42 97 78 20 19 29 513 
55 38 93 97 35 90 1053 
10 70 37 34 16 25 94 
77 67 7 15 12 22 613 
49 74 68 57 52 14 520 
30 80 76 29 65 25 992 
18 15 28 74 30 55 1084 
96 63 47 100 44 73 798 
32 72 8 9 8 94 81 
67 27 42 85 78 46 986 
93 63 7 53 2 29 723 
54 81 42 84 70 63 645 
13 23 59 10 44 79 1190 
9 70 22 59 33 77 629 
90 88 91 54 11 10 41 
102 42 49 44 46 8 957 
93 67 27 41 32 56 660 
6 85 77 36 68 85 1022 
95 87 96 71 54 10 789 
95 53 32 61 55 51 141 
82 12 69 100 73 21 199 
5 96 21 2 23 99 1029 
5 17 19 45 27 22 81 
57 56 74 94 100 16 1196 
16 97 82 79 6 44 290 
75 10 39 97 66 69 1103 
93 77 71 33 12 82 1103 
38 15 18 31 32 7 307 
58 96 8 75 7 20 1085 
101 41 25 18 57 63 374 
8 82 49 63 54 18 789 
81 5 63 90 35 10 955 
84 66 50 77 39 101 208 
16 33 25 61 51 3 1123 
38 48 17 57 22 62 369 
35 71 70 79 91 63 944 
93 47 87 74 13 13 212 
77 77 44 20 64 16 1135 
51 27 4 6 17 75 522 
60 48 35 16 50 50 606 
97 82 99 51 40 42 274 
88 40 89 40 93 77 751 
72 75 40 60 48 39 1021 
46 69 76 76 90 37 415 
101 53 60 65 65 70 984 
97 46 71 26 76 72 771 
88 17 68 26 100 83 1069 
74 97 58 4 12 68 616 
15 26 77 52 7 90 1066 
89 30 77 30 9 83 917 
31 71 36 74 69 22 710 
54 10 51 92 55 48 329 
58 5 63 54 4 32 1003 
22 95 76 70 84 78 1222 
88 93 98 93 2 14 533 
29 23 31 46 48 94 757 
18 28 62 54 44 62 376 
27 16 78 7 53 95 107 
78 63 6 87 47 60 798 
19 55 101 55 36 85 361 
83 34 11 58 40 22 56 
69 15 18 42 17 71 747 
79 22 88 52 22 37 624 
63 27 60 3 36 99 1210 
74 64 101 10 79 3 541 
84 69 51 15 75 6 104 
50 90 47 31 91 6 493 
35 15 5 16 50 80 253 
9 52 57 6 26 8 1161 
53 19 34 40 70 19 1165 
55 39 39 49 33 45 165 
40 15 74 47 94 61 481 
51 98 96 31 25 26 922 
19 96 11 51 101 16 1178 
73 15 93 23 89 47 982 
78 68 70 20 38 9 843 
39 85 60 33 49 58 28 
23 40 12 47 95 22 444 
45 29 100 34 31 19 822 
2 83 26 7 16 61 901 
32 28 13 89 18 9 979 
