2 8
200
6 61 524 
36 45 850 
9 3 1350 
28 81 69 
26 26 1357 
12 58 1632 
57 47 850 
52 65 265 
59 40 1213 
67 73 1555 
90 33 961 
100 40 1112 
26 87 898 
48 55 1273 
16 13 921 
74 102 1220 
76 20 1132 
77 19 1070 
54 55 1569 
18 79 91 
80 44 499 
89 40 777 
47 28 1395 
17 88 1167 
47 11 1493 
76 38 852 
62 87 628 
102 93 869 
28 15 234 
95 48 1382 
74 10 128 
51 70 184 
50 29 1193 
11 29 1194 
91 61 510 
100 32 132 
76 80 286 
46 58 1505 
69 80 829 
79 63 401 
35 54 1310 
3 45 1279 
66 98 670 
82 29 149 
81 53 956 
67 12 527 
24 30 1368 
8 21 1116 
69 30 848 
18 84 1467 
62 72 1071 
51 78 1218 
95 90 262 
55 36 558 
69 96 837 
10 67 87 
36 4 1108 
21 57 544 
43 29 535 
14 36 246 
28 50 216 
53 22 920 
45 33 1230 
86 74 359 
18 71 1534 
52 41 416 
19 61 1030 
49 84 1317 
24 44 245 
34 10 793 
44 83 895 
3 28 1404 
23 18 1208 
97 67 563 
32 52 481 
48 4 1406 
41 93 1432 
9 97 1222 
54 82 1082 
34 31 1273 
43 13 371 
29 44 1492 
69 17 699 
10 31 384 
53 24 1532 
31 19 526 
53 78 647 
31 95 277 
63 37 1408 
82 51 762 
22 91 1417 
98 55 880 
14 5 128 
40 81 1420 
45 33 1017 
66 58 1183 
83 25 1028 
36 83 864 
40 15 296 
8 68 123 
7 89 1082 
98 90 656 
39 57 1124 
42 19 225 
26 15 1589 
55 87 1008 
57 98 1285 
16 101 423 
86 88 125 
36 60 667 
38 8 607 
2 35 1496 
23 49 706 
24 30 10 
6 43 104 
51 12 1106 
58 88 444 
58 53 1136 
31 93 1440 
42 14 41 
35 5 1597 
30 6 181 
79 26 1314 
8 34 626 
21 35 1122 
80 12 946 
22 36 1243 
42 80 1170 
16 82 896 
70 74 681 
5 82 569 
43 92 411 
5 78 604 
97 75 1395 
89 52 883 
91 40 305 
3 53 1322 
32 23 1274 
28 95 397 
28 16 401 
58 11 859 
41 4 843 
5 80 703 
46 78 568 
23 26 1008 
93 55 467 
20 27 684 
38 69 346 
63 75 969 
59 17 1579 
3 78 999 
14 41 1040 
35 50 777 
4 87 981 
78 59 1224 
48 11 1577 
18 38 657 
98 11 1462 
85 22 691 
33 80 477 
94 49 1031 
48 45 1618 
76 11 1390 
100 60 71 
83 17 644 
84 63 158 
48 16 1043 
65 42 1290 
59 7 1108 
74 32 316 
23 3 1147 
20 12 632 
99 31 235 
78 75 15 
13 20 1269 
38 17 1525 
52 3 967 
35 87 1041 
67 32 106 
86 92 617 
33 4 1284 
68 79 922 
36 65 83 
3 87 514 
97 72 682 
65 53 362 
3 23 1476 
76 23 475 
62 91 263 
8 55 1317 
34 15 646 
79 47 1155 
24 48 681 
23 4 852 
90 51 261 
30 39 248 
24 4 1277 
86 85 1130 
49 59 1314 
52 8 1436 
