4 6
200
51 20 4 17 1035 
66 57 78 36 456 
37 91 85 16 1119 
94 56 85 5 508 
4 78 44 79 525 
55 72 47 13 370 
44 43 81 79 447 
101 75 27 80 316 
39 7 18 65 726 
98 60 64 61 662 
30 14 90 56 1095 
75 77 27 74 393 
95 12 66 6 1165 
95 12 8 80 1125 
21 31 7 80 51 
100 62 82 20 578 
96 10 88 59 24 
32 55 28 90 775 
26 50 54 48 397 
30 42 14 70 806 
88 54 86 69 435 
101 9 12 52 1124 
15 98 9 27 466 
87 26 9 4 800 
42 86 20 17 829 
72 79 61 47 932 
59 50 14 54 747 
44 26 21 24 31 
25 45 78 98 616 
31 44 29 10 576 
6 35 13 4 315 
4 36 71 102 799 
25 50 67 76 425 
67 86 56 66 1177 
63 7 87 101 522 
99 10 24 66 480 
30 52 53 100 879 
26 39 12 29 720 
10 56 21 59 977 
77 80 4 63 1040 
47 89 64 14 1047 
101 50 13 62 347 
96 14 7 63 451 
75 99 69 4 133 
30 76 29 8 1081 
9 88 30 22 833 
22 8 63 82 1154 
43 90 42 15 885 
78 28 52 101 793 
98 52 61 22 89 
80 13 2 53 695 
73 62 59 25 962 
16 22 94 94 107 
90 52 27 68 1173 
87 59 56 32 430 
4 27 31 43 1126 
59 29 11 14 1105 
11 8 12 25 291 
83 33 18 36 719 
58 36 60 92 942 
48 26 94 26 270 
22 59 72 18 668 
48 33 18 33 261 
88 13 81 4 1221 
84 42 5 45 184 
56 43 22 73 966 
70 69 41 66 566 
35 37 86 93 855 
54 38 97 70 950 
52 17 87 15 886 
47 57 58 92 1166 
8 24 52 11 829 
81 39 101 39 1059 
81 94 54 87 1077 
53 29 91 34 583 
48 47 36 67 797 
41 58 9 101 418 
15 12 51 71 495 
13 87 77 25 1106 
17 38 60 84 1203 
60 66 102 27 257 
20 68 27 45 604 
63 90 87 46 352 
25 32 3 5 900 
71 45 85 47 938 
68 54 68 43 395 
12 89 54 69 92 
78 58 84 80 197 
49 88 8 22 975 
26 2 33 96 821 
88 38 58 10 360 
17 83 57 51 670 
68 3 85 12 486 
76 37 20 39 651 
69 50 25 89 330 
85 39 65 67 645 
68 23 74 76 572 
76 33 46 39 1136 
97 4 35 25 608 
48 5 98 82 72 
91 84 96 43 4 
39 15 71 84 567 
80 19 92 98 1087 
48 31 11 66 805 
45 93 83 46 714 
67 17 102 39 989 
82 43 85 62 782 
85 29 33 76 115 
63 64 64 93 186 
79 14 39 36 52 
19 96 34 16 773 
99 4 52 85 429 
24 15 34 3 807 
39 36 32 34 67 
21 100 37 57 58 
82 31 91 31 991 
55 80 67 35 778 
88 11 71 98 813 
84 79 50 41 1064 
50 32 64 27 959 
45 84 7 31 1045 
21 61 79 12 1014 
71 14 23 4 1001 
47 50 101 39 973 
30 67 36 68 291 
44 53 97 70 693 
52 69 66 53 463 
73 74 38 50 546 
29 33 61 16 1197 
71 58 48 60 516 
2 33 26 48 620 
80 50 42 7 533 
70 66 12 55 404 
3 50 72 66 132 
75 13 53 95 641 
98 8 22 70 665 
88 7 40 28 690 
21 45 21 2 733 
25 35 33 6 933 
65 24 8 83 1180 
23 88 83 49 852 
91 82 34 95 665 
74 30 74 53 704 
65 28 86 99 177 
61 31 72 6 1077 
42 82 49 18 1091 
77 102 41 73 403 
2 25 93 58 826 
41 13 27 48 1076 
96 63 82 49 159 
39 40 11 68 464 
94 17 79 61 363 
10 35 17 6 975 
74 91 2 20 699 
42 37 30 32 928 
49 6 26 18 1145 
81 2 3 6 639 
39 93 75 36 501 
87 48 34 29 723 
8 98 23 68 195 
7 62 64 92 892 
4 12 82 93 1107 
90 93 63 67 618 
10 34 14 54 523 
83 18 69 79 882 
96 5 3 73 855 
54 86 60 3 1078 
21 41 13 33 618 
30 13 84 45 654 
96 88 69 78 625 
76 86 70 26 423 
91 96 86 20 970 
101 10 11 23 478 
6 35 62 79 388 
71 23 83 4 186 
72 36 26 26 958 
10 39 27 22 1174 
69 17 36 68 1207 
27 57 95 54 636 
21 4 63 6 608 
63 28 91 47 1002 
55 6 68 11 786 
58 72 62 41 872 
64 85 92 27 879 
90 101 96 81 80 
17 30 31 52 1170 
70 74 21 76 217 
84 49 83 40 527 
65 51 28 4 526 
57 96 56 82 1101 
39 14 38 34 752 
64 34 13 40 823 
27 77 18 15 1171 
85 53 88 24 1089 
17 4 54 84 104 
41 75 94 38 627 
22 75 51 62 721 
58 38 89 15 681 
52 39 45 73 216 
91 35 15 8 729 
