4 2
200
14 16 93 93 314 
47 98 39 70 133 
34 20 58 101 126 
33 64 64 35 319 
23 81 43 86 44 
94 27 62 63 274 
63 40 19 70 50 
47 90 14 63 136 
15 92 54 81 160 
8 79 17 37 399 
99 52 24 88 199 
34 76 9 83 346 
22 38 77 3 291 
96 3 90 89 348 
45 52 3 2 268 
32 30 64 47 19 
17 12 28 65 287 
13 17 33 21 325 
74 83 33 78 54 
79 17 53 10 185 
7 91 30 51 224 
49 51 24 23 77 
7 14 64 79 287 
12 12 14 33 246 
81 72 71 9 57 
64 21 27 89 361 
17 78 56 102 403 
27 84 79 11 97 
64 95 12 3 306 
62 20 56 8 12 
69 5 23 50 272 
37 23 22 38 377 
30 26 37 34 15 
30 59 65 80 185 
30 35 6 9 399 
87 63 70 34 218 
46 67 21 87 88 
14 58 9 35 261 
7 64 43 18 389 
41 60 80 100 192 
5 58 78 63 304 
36 101 15 52 332 
77 55 90 85 198 
65 6 52 13 371 
74 52 31 16 166 
69 94 89 14 242 
29 85 72 88 206 
90 91 61 12 355 
15 44 59 54 365 
54 75 60 70 133 
37 10 69 9 304 
55 28 64 22 33 
44 14 4 93 223 
94 85 4 34 246 
76 48 42 26 318 
32 95 79 27 361 
95 36 22 81 101 
20 18 65 13 399 
64 29 40 5 184 
3 43 68 99 399 
71 73 28 10 237 
91 71 45 31 182 
61 51 39 34 61 
10 94 24 68 149 
77 21 93 37 400 
50 9 39 81 312 
91 29 82 29 79 
24 10 14 24 145 
51 76 36 69 158 
15 91 8 90 151 
11 21 2 63 94 
52 82 93 12 42 
84 34 65 55 226 
34 71 12 15 377 
2 82 2 33 355 
3 87 26 98 348 
61 3 51 44 275 
72 29 21 6 283 
44 19 5 14 220 
19 13 83 14 28 
46 81 95 98 151 
31 20 71 76 89 
67 57 97 26 210 
82 85 23 87 347 
7 52 8 46 205 
85 80 91 79 284 
93 6 15 92 170 
82 10 55 8 157 
54 60 46 85 21 
89 23 80 63 299 
36 91 98 29 7 
95 75 52 48 218 
54 32 93 7 128 
63 45 8 85 292 
74 32 17 49 137 
49 8 25 41 258 
64 101 30 6 146 
3 10 88 90 197 
9 60 9 54 353 
24 69 42 54 180 
46 18 97 91 5 
6 76 51 95 222 
90 52 12 85 372 
54 4 89 71 123 
54 59 19 37 264 
16 25 65 63 48 
82 68 73 97 79 
48 6 41 6 131 
29 62 94 36 247 
59 50 26 63 141 
22 82 72 24 374 
89 101 63 27 354 
82 13 90 84 301 
23 81 17 66 185 
51 64 86 40 13 
95 66 85 76 34 
68 101 4 29 370 
3 98 51 6 131 
49 45 17 19 212 
18 74 12 63 161 
80 35 62 18 350 
60 98 34 21 403 
25 18 88 19 85 
83 11 63 94 298 
27 32 13 34 398 
7 50 69 88 353 
23 56 24 37 125 
35 41 88 43 135 
7 66 32 7 38 
33 59 100 99 288 
9 13 21 90 60 
50 23 30 20 328 
12 31 48 35 318 
71 96 53 88 356 
44 25 22 61 279 
63 2 8 25 271 
51 52 72 18 323 
12 37 36 23 338 
14 12 70 63 94 
77 19 99 29 165 
39 7 14 11 116 
87 92 62 22 217 
49 17 7 54 130 
62 61 33 56 277 
35 61 32 6 307 
34 57 62 38 379 
46 6 81 85 119 
45 40 63 89 386 
22 77 17 70 147 
99 8 18 31 256 
18 88 45 62 30 
80 77 10 36 392 
31 33 26 29 38 
45 38 24 25 360 
24 101 46 61 196 
60 46 64 70 320 
28 42 33 76 314 
60 63 22 78 208 
70 32 29 93 266 
91 54 90 61 376 
63 86 94 43 167 
19 45 86 14 201 
36 15 42 58 285 
92 102 52 52 209 
85 18 47 75 83 
94 74 54 96 240 
8 58 5 78 71 
44 49 92 35 243 
17 79 10 29 71 
58 92 73 24 308 
92 3 40 10 40 
47 41 22 23 199 
47 93 92 55 176 
79 11 67 41 113 
44 12 19 93 148 
8 10 20 58 263 
4 3 33 21 282 
7 20 97 68 292 
6 30 71 87 59 
26 89 57 86 163 
48 27 34 96 136 
82 86 49 74 16 
39 23 66 58 190 
46 62 73 86 157 
61 16 100 70 99 
17 42 35 79 49 
21 55 36 18 75 
79 72 39 88 364 
22 73 25 65 141 
85 66 15 40 286 
67 18 73 48 328 
34 29 66 72 77 
42 54 73 62 343 
86 89 50 40 284 
76 25 87 97 74 
91 93 37 35 170 
53 29 96 9 193 
5 85 89 38 349 
52 8 68 70 203 
71 2 65 81 205 
