4 2
200
68 32 83 29 204 
6 6 100 10 22 
100 13 52 55 175 
13 40 67 91 141 
40 24 71 48 365 
39 65 10 93 163 
101 44 54 91 362 
11 89 31 56 109 
40 48 73 64 86 
40 100 23 4 220 
15 27 54 5 190 
46 63 37 39 53 
42 97 9 71 28 
58 62 64 66 139 
26 11 13 65 394 
95 53 9 27 211 
41 44 8 39 108 
76 92 51 44 184 
50 54 94 43 352 
44 41 4 58 266 
80 39 59 71 124 
6 16 91 8 220 
95 56 12 88 300 
100 92 72 44 134 
67 13 22 21 352 
73 20 72 79 222 
56 51 52 62 299 
5 87 39 9 92 
62 3 44 90 214 
96 44 8 70 361 
55 70 62 26 406 
69 19 40 85 241 
89 47 14 54 407 
45 6 52 15 289 
14 54 66 22 299 
66 71 33 69 378 
31 14 4 90 9 
88 92 29 62 27 
88 50 57 50 146 
17 91 92 91 37 
92 94 95 99 311 
2 6 41 52 145 
100 88 73 92 124 
77 45 26 53 59 
56 79 92 9 348 
67 99 18 87 238 
78 81 45 60 14 
39 21 7 14 7 
83 52 78 27 34 
102 79 67 20 248 
74 66 41 77 225 
15 4 89 14 48 
5 90 56 94 243 
21 45 15 89 380 
58 40 14 51 134 
5 2 67 101 350 
90 34 100 26 352 
13 41 70 5 368 
37 34 95 3 401 
95 98 86 68 362 
58 66 80 26 19 
36 54 92 44 211 
14 39 90 28 96 
73 92 32 8 197 
82 77 11 99 238 
26 48 13 53 163 
9 18 102 12 120 
26 57 76 22 216 
61 51 28 54 317 
100 46 68 80 114 
5 68 80 19 39 
83 57 83 68 326 
90 43 41 4 181 
98 39 80 99 404 
18 18 12 55 364 
32 51 59 21 245 
82 81 36 25 151 
43 40 84 3 197 
71 76 10 42 265 
20 12 26 10 333 
63 68 71 81 50 
89 58 27 30 321 
34 100 63 8 406 
11 10 18 68 13 
60 57 79 51 122 
44 10 72 91 293 
22 28 51 40 402 
16 12 57 14 202 
87 16 56 24 67 
74 14 4 43 230 
12 96 60 7 99 
8 92 22 51 284 
81 89 38 58 239 
8 50 26 10 350 
101 55 6 19 73 
46 3 56 35 237 
32 8 31 34 254 
28 70 46 16 376 
26 92 8 44 286 
101 80 100 66 42 
26 91 96 57 235 
59 92 43 90 326 
7 37 89 93 163 
75 60 6 97 134 
40 6 12 18 251 
11 49 64 49 78 
68 5 92 25 140 
43 15 75 77 23 
37 29 59 36 354 
91 4 17 5 395 
43 76 5 34 294 
22 81 80 96 198 
12 31 97 71 59 
4 47 66 59 401 
63 87 31 91 396 
13 49 78 31 296 
9 34 61 52 318 
94 2 61 53 58 
64 36 82 29 388 
9 34 90 22 346 
46 40 60 6 149 
58 48 16 36 248 
75 5 51 23 170 
80 71 47 93 93 
4 88 15 45 149 
28 7 4 96 369 
81 61 57 46 118 
71 77 57 16 89 
48 89 26 93 167 
61 87 60 87 73 
39 90 99 100 340 
60 28 16 70 42 
53 46 21 46 333 
16 50 7 95 298 
5 16 33 72 312 
17 64 24 5 316 
43 49 19 79 217 
94 65 60 63 291 
45 62 89 6 287 
4 70 82 11 110 
13 82 67 14 60 
25 59 29 23 280 
97 5 14 93 280 
6 29 44 93 368 
53 92 47 24 123 
45 29 29 101 305 
49 84 15 78 272 
64 83 6 65 122 
37 38 38 94 309 
41 51 99 38 270 
77 27 91 21 307 
22 37 46 85 292 
99 32 30 49 89 
15 92 37 26 29 
25 25 82 64 226 
18 56 54 48 369 
96 32 93 35 408 
24 95 96 3 189 
29 40 24 93 135 
7 10 91 73 255 
51 15 74 31 177 
53 48 29 66 243 
68 85 100 94 316 
68 40 96 49 406 
22 98 37 80 327 
87 4 91 31 204 
10 67 83 86 170 
83 60 65 92 199 
78 68 32 44 326 
46 42 31 16 271 
69 16 44 73 173 
55 81 96 51 237 
52 59 100 16 212 
3 4 16 53 394 
10 78 6 100 97 
56 68 95 100 149 
47 74 77 65 336 
96 25 12 43 362 
4 66 16 34 403 
21 70 18 92 321 
44 28 81 19 237 
94 12 46 50 359 
89 88 97 15 54 
80 84 38 34 237 
81 94 75 64 385 
46 64 73 102 18 
89 52 5 22 385 
22 95 60 7 370 
86 81 64 56 11 
18 71 3 22 87 
39 34 86 34 2 
52 55 19 25 57 
32 41 46 46 7 
38 85 78 20 380 
86 26 33 43 303 
102 33 21 62 319 
78 63 54 81 272 
56 68 73 22 183 
69 79 37 93 248 
47 36 19 54 269 
