2 4
200
22 97 192 
43 7 778 
76 7 80 
50 45 667 
32 30 377 
15 92 44 
87 58 189 
63 43 723 
21 24 94 
31 52 764 
69 51 500 
31 49 431 
18 83 185 
87 87 772 
89 79 307 
87 46 557 
43 18 697 
4 67 813 
51 61 445 
37 25 681 
86 47 446 
18 83 767 
23 3 664 
95 100 77 
85 2 580 
30 76 519 
53 36 638 
45 90 282 
10 67 688 
64 82 718 
100 83 474 
41 3 328 
42 73 784 
45 66 352 
89 50 148 
78 21 532 
31 22 689 
93 86 726 
7 43 471 
22 10 132 
12 61 167 
95 97 141 
53 46 809 
33 90 29 
69 10 570 
37 58 325 
18 34 378 
21 35 491 
6 9 793 
71 36 489 
84 22 517 
82 36 44 
25 96 433 
3 27 614 
68 100 263 
83 25 620 
21 72 692 
20 6 619 
72 92 215 
62 92 715 
22 84 83 
41 51 557 
42 89 603 
67 15 513 
89 18 58 
73 55 289 
30 25 686 
23 52 520 
77 67 135 
89 12 355 
81 64 33 
67 83 353 
67 29 402 
66 43 297 
4 56 471 
24 33 719 
71 101 305 
93 34 548 
6 101 263 
48 66 686 
54 55 627 
32 88 410 
61 23 284 
66 8 219 
88 66 666 
50 21 779 
8 55 274 
30 21 97 
8 90 247 
39 64 672 
13 21 510 
67 14 722 
61 74 562 
9 65 82 
55 7 760 
13 7 557 
88 58 649 
39 42 93 
53 25 279 
67 26 796 
22 24 487 
54 55 709 
66 23 425 
95 90 389 
29 101 733 
26 77 111 
21 98 681 
64 53 52 
5 77 642 
53 17 724 
56 96 387 
73 89 336 
52 3 429 
8 48 683 
18 94 549 
34 12 341 
23 29 397 
23 49 237 
16 60 580 
55 52 639 
10 15 55 
65 41 769 
2 57 92 
51 75 605 
63 14 401 
102 48 480 
41 73 528 
39 32 714 
42 36 389 
20 59 242 
72 99 420 
76 100 274 
79 55 439 
75 34 445 
33 75 439 
76 62 281 
82 17 103 
14 17 643 
16 73 679 
21 25 43 
49 84 803 
84 81 626 
25 89 120 
18 24 755 
7 68 322 
12 8 469 
36 68 604 
15 41 348 
19 60 671 
75 63 217 
52 60 247 
51 28 407 
58 51 765 
79 54 596 
22 66 752 
22 9 398 
41 5 533 
28 87 468 
33 35 354 
58 67 174 
96 52 215 
90 67 525 
64 58 325 
92 56 468 
66 59 116 
3 96 608 
52 99 413 
36 35 468 
63 26 596 
75 20 758 
8 2 688 
75 85 15 
49 34 806 
30 60 417 
11 52 403 
10 64 233 
45 32 326 
71 7 552 
73 63 139 
71 29 335 
93 92 317 
49 85 441 
75 93 607 
14 56 506 
78 25 324 
101 27 681 
10 55 508 
47 32 713 
55 40 774 
19 4 178 
87 80 42 
60 38 555 
14 64 545 
97 37 582 
56 33 623 
80 95 676 
30 73 298 
35 63 600 
81 49 490 
53 96 371 
