4 4
200
68 32 83 29 407 
6 6 100 10 43 
100 13 52 55 348 
13 40 67 91 280 
40 24 71 48 729 
39 65 10 93 325 
101 44 54 91 725 
11 89 31 56 216 
40 48 73 64 171 
40 100 23 4 440 
15 27 54 5 380 
46 63 37 39 103 
42 97 9 71 53 
58 62 64 66 278 
26 11 13 65 787 
95 53 9 27 421 
41 44 8 39 215 
76 92 51 44 367 
50 54 94 43 703 
44 41 4 58 532 
80 39 59 71 248 
6 16 91 8 440 
95 56 12 88 599 
100 92 72 44 267 
67 13 22 21 703 
73 20 72 79 444 
56 51 52 62 598 
5 87 39 9 182 
62 3 44 90 426 
96 44 8 70 722 
55 70 62 26 813 
69 19 40 85 482 
89 47 14 54 814 
45 6 52 15 578 
14 54 66 22 597 
66 71 33 69 756 
31 14 4 90 15 
88 92 29 62 51 
88 50 57 50 291 
17 91 92 91 73 
92 94 95 99 622 
2 6 41 52 289 
100 88 73 92 247 
77 45 26 53 116 
56 79 92 9 696 
67 99 18 87 475 
78 81 45 60 25 
39 21 7 14 12 
83 52 78 27 66 
102 79 67 20 495 
74 66 41 77 449 
15 4 89 14 94 
5 90 56 94 486 
21 45 15 89 761 
58 40 14 51 267 
5 2 67 101 699 
90 34 100 26 704 
13 41 70 5 735 
37 34 95 3 801 
95 98 86 68 724 
58 66 80 26 36 
36 54 92 44 421 
14 39 90 28 191 
73 92 32 8 394 
82 77 11 99 476 
26 48 13 53 325 
9 18 102 12 239 
26 57 76 22 431 
61 51 28 54 634 
100 46 68 80 227 
5 68 80 19 75 
83 57 83 68 651 
90 43 41 4 361 
98 39 80 99 808 
18 18 12 55 729 
32 51 59 21 489 
82 81 36 25 300 
43 40 84 3 392 
71 76 10 42 530 
20 12 26 10 666 
63 68 71 81 97 
89 58 27 30 642 
34 100 63 8 812 
11 10 18 68 24 
60 57 79 51 243 
44 10 72 91 586 
22 28 51 40 804 
16 12 57 14 403 
87 16 56 24 133 
74 14 4 43 460 
12 96 60 7 196 
8 92 22 51 568 
81 89 38 58 477 
8 50 26 10 699 
101 55 6 19 144 
46 3 56 35 473 
32 8 31 34 506 
28 70 46 16 753 
26 92 8 44 571 
101 80 100 66 83 
26 91 96 57 470 
59 92 43 90 653 
7 37 89 93 325 
75 60 6 97 267 
40 6 12 18 502 
11 49 64 49 154 
68 5 92 25 279 
43 15 75 77 43 
37 29 59 36 708 
91 4 17 5 789 
43 76 5 34 587 
22 81 80 96 395 
12 31 97 71 115 
4 47 66 59 803 
63 87 31 91 793 
13 49 78 31 592 
9 34 61 52 635 
94 2 61 53 115 
64 36 82 29 776 
9 34 90 22 692 
46 40 60 6 296 
58 48 16 36 495 
75 5 51 23 339 
80 71 47 93 183 
4 88 15 45 296 
28 7 4 96 738 
81 61 57 46 235 
71 77 57 16 177 
48 89 26 93 333 
61 87 60 87 144 
39 90 99 100 679 
60 28 16 70 82 
53 46 21 46 666 
16 50 7 95 595 
5 16 33 72 624 
17 64 24 5 631 
43 49 19 79 433 
94 65 60 63 581 
45 62 89 6 574 
4 70 82 11 218 
13 82 67 14 118 
25 59 29 23 559 
97 5 14 93 559 
6 29 44 93 735 
53 92 47 24 245 
45 29 29 101 609 
49 84 15 78 543 
64 83 6 65 242 
37 38 38 94 618 
41 51 99 38 539 
77 27 91 21 614 
22 37 46 85 584 
99 32 30 49 176 
15 92 37 26 56 
25 25 82 64 451 
18 56 54 48 738 
96 32 93 35 815 
24 95 96 3 376 
29 40 24 93 269 
7 10 91 73 510 
51 15 74 31 353 
53 48 29 66 485 
68 85 100 94 632 
68 40 96 49 813 
22 98 37 80 653 
87 4 91 31 406 
10 67 83 86 339 
83 60 65 92 397 
78 68 32 44 652 
46 42 31 16 542 
69 16 44 73 345 
55 81 96 51 474 
52 59 100 16 423 
3 4 16 53 788 
10 78 6 100 192 
56 68 95 100 297 
47 74 77 65 673 
96 25 12 43 724 
4 66 16 34 805 
21 70 18 92 642 
44 28 81 19 473 
94 12 46 50 717 
89 88 97 15 106 
80 84 38 34 473 
81 94 75 64 771 
46 64 73 102 34 
89 52 5 22 770 
22 95 60 7 739 
86 81 64 56 19 
18 71 3 22 173 
39 34 86 34 2 
52 55 19 25 113 
32 41 46 46 12 
38 85 78 20 761 
86 26 33 43 606 
102 33 21 62 637 
78 63 54 81 544 
56 68 73 22 365 
69 79 37 93 495 
47 36 19 54 537 
