8 2
200
49 70 34 66 39 94 97 101 268 
36 76 44 54 26 30 52 17 162 
99 52 12 51 97 66 40 48 231 
42 11 34 86 74 60 47 15 402 
22 97 39 72 15 66 15 22 120 
83 58 18 2 14 71 28 68 389 
52 100 75 70 28 92 37 57 365 
35 53 4 85 9 13 32 32 83 
4 28 39 48 38 77 37 59 370 
42 42 99 65 60 8 65 97 62 
28 54 71 49 37 61 77 82 284 
29 99 51 7 72 84 51 25 162 
61 6 64 100 34 71 101 98 62 
94 73 95 98 22 14 98 6 318 
53 57 94 80 74 59 8 10 246 
44 37 72 17 15 37 68 7 373 
55 30 22 3 50 41 46 84 38 
79 33 79 38 11 68 6 101 279 
50 83 34 7 94 26 11 59 249 
47 80 60 60 32 18 23 46 313 
60 52 9 54 36 91 50 31 317 
85 8 28 6 13 16 68 20 99 
61 49 37 97 94 92 81 101 21 
53 21 3 63 18 67 91 48 200 
63 98 49 45 60 66 49 28 211 
37 44 69 45 94 14 94 63 392 
43 65 60 19 76 37 87 98 42 
79 24 92 63 16 66 68 7 94 
79 19 92 74 51 68 41 46 234 
39 10 29 91 71 56 71 50 341 
93 46 24 13 60 63 56 72 19 
64 76 29 5 79 88 91 17 184 
8 71 16 94 80 32 80 49 360 
85 90 54 38 94 68 83 77 253 
3 68 60 31 20 81 64 79 287 
32 37 33 43 102 57 12 65 323 
72 101 67 94 35 13 75 73 335 
54 28 84 63 24 4 26 91 200 
88 79 54 37 32 3 62 51 53 
59 44 90 99 28 31 89 13 311 
99 10 35 49 58 49 99 12 210 
91 70 14 31 18 13 8 25 349 
29 36 71 66 35 86 100 18 121 
96 57 102 54 77 13 28 30 327 
18 41 23 7 41 22 52 73 328 
2 31 27 79 94 5 46 61 316 
9 35 78 51 51 42 19 5 226 
53 38 96 4 4 91 33 92 343 
66 24 97 51 16 64 6 100 354 
6 19 65 99 10 17 36 21 387 
6 69 92 83 90 38 67 101 141 
89 101 29 39 48 4 21 82 153 
84 60 21 16 47 53 56 15 353 
94 57 30 81 70 85 96 29 93 
96 85 36 61 86 17 29 19 407 
62 69 72 63 80 31 80 54 250 
78 92 25 42 29 77 52 75 180 
8 10 33 45 45 21 81 28 395 
5 25 76 6 88 29 53 96 190 
18 32 79 101 3 18 24 20 150 
102 56 58 62 12 13 74 23 38 
71 19 26 53 84 54 34 77 118 
89 74 6 97 91 36 31 36 175 
69 9 10 16 24 27 85 82 292 
43 45 15 65 34 67 20 84 315 
24 67 50 27 70 28 90 37 186 
34 6 67 24 33 78 71 7 59 
3 56 97 100 70 4 83 93 131 
17 27 42 40 79 8 58 8 282 
96 44 42 84 29 89 82 53 309 
8 21 14 40 96 29 53 19 115 
84 26 99 48 46 79 96 75 42 
7 96 29 61 68 27 9 76 260 
76 21 30 10 20 20 29 77 292 
22 79 33 16 89 62 81 76 336 
74 51 99 64 90 56 79 77 232 
50 49 55 89 33 22 65 79 398 
2 76 8 81 21 72 8 76 389 
81 93 9 69 82 94 45 37 106 
69 14 33 76 33 45 63 81 114 
20 34 49 13 52 12 64 81 3 
78 95 32 29 59 16 61 100 344 
52 83 69 64 47 98 96 99 265 
68 28 45 65 20 42 44 89 173 
51 71 43 99 7 4 93 68 172 
98 41 57 20 17 35 60 13 400 
63 58 90 53 19 55 47 98 214 
59 15 77 92 87 72 74 12 120 
45 55 77 67 72 80 56 100 235 
12 51 14 12 7 9 44 83 127 
56 100 54 90 53 11 51 36 218 
69 8 57 88 48 7 6 17 240 
25 98 88 11 99 20 98 38 194 
43 50 10 70 50 5 41 19 53 
79 57 3 68 17 38 27 89 377 
5 26 5 9 7 92 50 22 348 
47 47 3 36 94 18 64 11 354 
47 101 60 53 49 31 94 29 246 
59 59 83 52 86 12 28 95 49 
46 36 44 21 22 30 20 96 294 
14 46 65 88 6 9 52 82 357 
36 53 79 76 17 80 31 93 257 
7 97 63 92 10 101 6 20 308 
46 28 82 32 35 55 59 82 341 
99 74 55 76 2 6 25 94 170 
36 72 20 66 91 31 67 15 404 
13 24 38 66 83 88 33 7 221 
10 6 20 26 19 37 97 34 81 
12 33 96 59 69 18 60 72 195 
59 82 39 53 67 22 56 47 239 
50 35 93 69 45 97 52 17 358 
25 12 55 85 71 59 11 57 337 
6 56 57 21 8 13 40 76 102 
19 59 41 100 72 74 79 49 404 
31 45 90 101 8 54 31 37 244 
97 76 13 82 43 12 39 52 372 
6 31 29 81 30 70 73 35 239 
50 27 43 83 8 25 60 82 51 
96 7 50 5 93 73 54 46 4 
16 39 18 32 63 22 83 75 75 
73 52 17 22 31 75 96 82 41 
21 16 69 90 24 63 100 45 182 
45 3 40 58 30 87 70 59 392 
45 21 66 23 102 35 7 89 128 
99 77 79 77 11 12 64 35 124 
35 28 17 57 34 20 78 40 295 
82 17 24 32 54 74 79 53 252 
48 100 16 36 85 37 32 2 279 
70 70 94 29 96 97 56 37 128 
83 90 89 48 47 64 63 27 292 
11 69 25 7 100 60 51 18 143 
18 101 45 82 27 34 52 10 288 
82 55 23 29 78 19 43 98 257 
77 102 55 54 75 60 66 23 136 
47 65 71 36 80 81 62 40 148 
90 2 65 57 98 39 94 83 295 
53 84 93 7 66 4 97 76 67 
84 66 27 87 19 6 101 7 186 
3 49 76 44 69 40 83 55 392 
101 22 6 18 62 95 88 15 160 
44 42 100 69 40 6 64 80 301 
13 6 85 62 58 93 94 93 139 
100 10 17 56 26 14 8 98 224 
14 67 6 34 101 6 67 59 265 
49 36 11 72 82 91 66 73 200 
15 42 66 15 27 72 61 90 21 
26 90 18 89 63 44 52 53 55 
72 80 7 82 97 101 28 46 233 
27 30 31 28 91 56 65 96 232 
93 101 43 36 75 13 101 43 283 
51 63 75 69 22 31 77 97 376 
46 35 47 67 89 82 15 36 245 
78 100 101 64 26 69 87 60 214 
74 37 7 96 82 56 32 80 342 
86 60 10 102 53 97 63 21 249 
14 29 14 62 23 41 53 25 177 
72 88 39 8 84 64 79 5 243 
89 51 55 92 37 11 99 31 310 
54 79 49 6 3 7 8 75 132 
43 14 16 69 45 59 13 61 372 
49 80 79 48 25 50 37 77 285 
10 24 94 4 66 94 65 101 191 
98 68 88 35 101 10 32 38 371 
47 22 8 97 81 77 20 52 208 
101 8 56 101 71 28 37 100 211 
42 40 50 24 5 47 13 17 379 
8 16 81 70 18 88 59 92 224 
66 15 44 19 86 16 43 66 378 
95 99 100 61 100 3 59 92 400 
45 25 19 64 87 66 84 15 147 
74 33 92 69 44 81 73 73 347 
11 25 56 36 83 41 54 20 76 
97 48 18 80 13 28 91 16 272 
40 4 31 80 36 73 80 72 139 
4 27 57 21 90 29 18 50 272 
46 10 45 80 12 69 48 89 272 
21 96 21 67 81 30 14 36 282 
58 33 91 85 58 13 7 52 378 
65 79 60 92 64 65 61 47 27 
26 62 95 64 34 49 7 61 312 
17 39 49 29 8 56 59 62 72 
79 63 54 34 74 62 76 84 43 
10 31 34 58 7 36 23 91 300 
79 97 100 44 80 99 36 93 52 
48 38 73 6 35 4 48 84 342 
56 94 90 35 90 52 39 99 123 
47 61 34 14 8 20 83 83 266 
21 37 85 57 99 84 49 30 190 
41 6 99 31 11 25 52 69 394 
88 46 9 50 7 83 69 92 131 
82 36 32 55 25 54 39 29 195 
3 101 97 8 87 62 6 99 378 
35 18 52 11 64 41 23 97 153 
60 73 31 4 90 10 52 69 386 
18 88 83 47 94 84 78 52 280 
4 82 60 49 47 10 90 36 302 
84 73 73 94 34 30 16 81 233 
20 100 13 89 58 20 67 90 48 
13 90 26 70 36 15 72 21 64 
81 13 28 24 16 56 36 70 394 
