6 2
200
68 22 67 30 65 41 375 
99 51 10 91 6 98 137 
94 59 94 4 33 97 185 
53 63 6 87 60 69 71 
7 59 10 3 56 18 184 
98 4 88 49 19 25 321 
93 15 41 70 96 30 224 
60 57 59 33 4 76 63 
61 63 45 8 74 77 373 
94 2 90 52 82 90 390 
56 8 57 17 74 69 245 
50 67 19 65 42 64 196 
4 53 71 54 44 32 153 
43 45 44 47 51 89 407 
14 53 20 17 41 61 16 
51 4 19 32 10 57 46 
98 29 44 34 14 46 364 
51 21 100 39 61 60 53 
65 16 72 25 81 62 146 
16 101 51 3 5 46 219 
51 54 24 37 76 28 188 
18 101 15 38 46 13 258 
34 22 79 82 3 93 352 
90 49 9 30 97 77 331 
30 96 33 11 101 38 407 
68 78 5 86 34 69 192 
16 59 89 38 51 74 337 
80 73 22 4 55 69 250 
7 17 9 81 53 67 360 
8 84 29 46 77 65 269 
46 77 98 71 26 41 303 
93 22 94 48 5 101 203 
25 13 9 48 71 41 250 
63 98 7 83 4 60 36 
77 62 94 77 11 19 142 
98 26 35 31 30 89 61 
97 16 35 50 68 41 340 
72 22 101 8 27 7 339 
81 93 91 24 83 68 65 
62 3 73 96 84 17 109 
89 75 18 43 54 49 269 
84 74 34 38 22 27 21 
42 95 70 87 14 53 73 
35 47 9 49 23 101 146 
15 64 57 86 26 59 339 
49 84 68 75 60 19 397 
22 58 88 63 42 13 82 
10 5 11 72 66 11 223 
31 11 96 32 49 32 279 
11 79 54 98 70 24 381 
13 5 13 56 36 22 56 
90 24 88 83 90 18 25 
61 48 16 62 50 30 75 
75 74 45 13 89 31 43 
81 35 67 74 91 28 396 
2 100 18 32 91 43 166 
89 10 51 61 16 65 206 
34 40 38 22 95 78 154 
33 70 46 49 93 5 40 
90 22 11 101 92 11 241 
50 100 32 61 89 80 352 
66 96 53 75 68 62 193 
97 31 53 98 53 62 283 
32 74 85 100 40 33 404 
90 42 62 26 56 93 344 
42 7 63 8 100 53 275 
76 94 75 27 46 64 380 
93 60 6 41 51 92 76 
28 49 64 52 49 89 310 
56 94 51 15 70 65 225 
26 92 92 55 10 4 227 
82 12 75 96 71 8 395 
84 58 87 7 4 68 59 
60 102 59 53 66 93 82 
2 26 14 77 101 40 274 
69 16 88 43 90 65 190 
39 91 57 80 83 81 296 
38 66 10 68 99 43 268 
93 35 4 46 13 38 324 
88 63 21 71 70 32 61 
44 101 66 16 5 70 87 
13 3 75 85 14 49 264 
62 6 11 4 99 3 314 
83 87 99 79 29 69 211 
30 38 11 16 52 60 384 
67 46 54 96 75 47 325 
34 31 64 100 91 17 106 
59 12 69 72 30 40 249 
16 69 39 78 3 71 341 
67 66 71 65 91 73 386 
62 59 10 26 59 99 202 
58 37 81 40 54 28 288 
28 44 45 23 22 35 212 
79 17 20 74 77 98 274 
67 95 38 101 46 33 397 
55 60 48 73 42 14 237 
34 61 40 51 46 15 159 
24 27 43 71 39 45 337 
44 92 54 84 3 84 371 
44 45 41 10 97 75 300 
86 99 52 82 24 96 186 
58 82 25 34 85 30 178 
70 96 33 9 90 17 45 
70 96 92 41 31 69 367 
17 101 43 51 42 67 155 
30 93 91 17 51 39 353 
12 31 52 21 56 50 303 
51 10 3 9 61 65 67 
5 62 43 95 29 57 166 
84 84 85 45 65 8 163 
5 43 94 41 79 26 237 
67 42 23 77 22 18 272 
92 42 44 83 5 24 103 
33 50 25 25 84 48 116 
48 70 77 93 44 37 189 
69 11 70 83 41 60 156 
23 22 19 9 42 76 375 
44 42 64 62 86 17 294 
95 71 18 97 80 32 78 
74 47 86 80 83 22 96 
33 77 102 66 66 89 44 
30 7 18 44 74 38 18 
29 16 32 60 22 76 301 
42 54 88 62 31 21 199 
77 35 32 60 56 71 50 
67 64 99 22 30 63 267 
66 2 55 8 95 17 183 
34 56 21 63 48 51 369 
25 16 5 37 70 64 216 
74 88 86 20 70 94 254 
53 36 40 94 15 10 314 
54 35 56 37 6 6 179 
81 12 99 10 21 24 174 
50 95 87 62 101 15 372 
16 71 90 28 25 84 327 
22 84 71 35 43 16 291 
82 51 102 66 60 11 380 
78 89 13 50 73 22 14 
43 54 35 16 98 88 156 
67 69 12 84 23 66 243 
31 30 76 80 10 73 278 
46 88 98 43 5 100 155 
84 79 79 54 65 79 323 
31 38 22 47 30 35 66 
84 92 84 39 47 36 195 
60 38 72 65 51 37 394 
69 39 74 94 89 2 338 
92 34 32 61 89 82 406 
94 57 35 82 40 54 252 
98 16 6 60 66 92 98 
43 9 91 16 44 85 255 
101 49 55 42 35 35 378 
60 54 80 61 55 50 269 
83 39 85 12 85 37 291 
25 70 36 25 12 61 201 
28 43 47 47 100 39 382 
10 82 42 7 22 71 156 
64 28 101 13 44 60 242 
72 8 6 61 50 93 311 
81 20 20 24 76 46 132 
13 36 16 58 13 74 301 
59 45 7 65 68 35 248 
44 37 14 71 4 92 230 
37 43 87 52 48 19 118 
64 24 85 48 27 8 212 
95 87 57 33 87 88 52 
65 101 98 84 60 18 154 
85 8 55 74 56 78 312 
95 31 8 67 57 47 390 
23 24 19 43 29 11 201 
52 59 40 18 6 46 291 
44 91 70 90 4 93 320 
18 32 76 74 32 77 2 
58 52 67 32 43 19 174 
78 81 43 32 9 90 136 
51 17 58 51 34 7 206 
42 39 79 55 56 19 21 
94 45 71 99 35 51 385 
9 75 88 66 29 31 270 
12 29 60 97 5 47 274 
16 20 24 100 72 52 66 
15 90 79 89 102 40 343 
38 74 35 75 41 41 174 
44 72 88 7 78 86 125 
12 22 60 53 74 40 318 
27 48 101 65 101 81 384 
87 11 78 29 93 84 302 
57 26 24 66 9 27 296 
51 38 95 96 68 87 14 
70 21 38 30 102 8 46 
28 36 12 42 62 50 234 
63 11 80 87 4 58 224 
97 38 89 67 15 8 313 
12 8 71 35 95 93 69 
92 42 101 93 78 65 121 
92 14 25 49 78 17 359 
29 17 10 66 31 50 299 
85 51 65 89 3 36 67 
30 43 9 69 59 43 289 
71 81 96 29 95 27 22 
