8 6
200
41 7 37 60 6 88 7 40 832 
94 40 4 13 68 77 61 44 454 
57 85 45 97 86 50 15 72 831 
101 84 11 24 66 48 77 30 1172 
14 99 28 30 10 80 36 8 88 
91 88 51 20 81 31 86 61 568 
24 47 23 90 46 37 20 8 679 
61 72 76 58 38 40 82 50 554 
13 28 77 66 63 80 43 26 1025 
21 83 6 81 40 7 101 55 1020 
76 26 54 93 12 4 25 77 439 
35 35 52 13 40 33 86 75 404 
73 60 86 45 49 22 53 101 301 
54 82 34 72 59 86 57 7 293 
95 22 18 75 43 88 45 10 1120 
36 10 45 75 97 67 74 30 1158 
101 33 79 34 42 13 80 73 1167 
6 65 78 68 59 35 9 94 644 
19 101 19 101 2 41 30 19 1119 
84 81 87 69 100 31 91 57 901 
49 62 82 8 97 72 92 41 548 
18 70 53 11 68 6 15 57 364 
80 3 33 40 6 25 21 98 1129 
13 38 67 49 79 3 62 62 385 
74 13 6 49 10 63 97 15 593 
42 74 15 83 56 45 101 13 669 
45 11 58 59 88 101 80 81 34 
82 70 94 52 52 8 74 42 540 
28 33 94 72 45 93 77 81 291 
81 32 84 24 50 67 49 19 626 
77 17 27 7 71 31 61 17 544 
59 92 25 10 11 16 101 75 979 
64 75 68 67 84 9 77 101 609 
23 60 22 28 5 34 57 99 308 
21 23 64 66 13 30 49 20 1091 
3 73 23 70 25 77 87 87 544 
87 12 35 20 32 72 81 40 699 
26 32 89 93 55 14 91 82 635 
20 101 64 40 20 66 20 76 335 
31 55 37 47 43 21 90 71 1062 
94 3 94 94 86 75 73 25 1080 
4 12 20 11 81 45 25 70 1051 
84 50 94 72 3 57 45 53 1044 
24 81 91 70 4 86 27 99 966 
62 28 16 91 68 97 77 18 785 
11 22 76 94 24 75 35 8 266 
96 24 2 38 51 36 89 51 544 
101 36 10 37 86 83 66 65 513 
73 95 83 99 96 87 93 36 379 
13 32 58 18 37 99 64 33 921 
80 26 79 83 4 19 53 79 1000 
58 76 38 95 30 61 33 63 159 
42 99 30 17 47 16 5 78 230 
90 85 101 13 74 55 8 88 478 
67 93 93 66 49 20 5 37 736 
97 21 5 99 87 76 86 24 410 
49 65 81 65 80 28 100 65 1148 
85 47 4 84 88 44 22 69 867 
24 78 52 12 14 12 56 10 707 
18 93 100 27 29 53 22 61 280 
62 4 15 67 68 86 26 22 1097 
60 15 34 63 79 20 5 64 564 
85 39 53 71 10 72 70 85 883 
98 61 20 53 64 30 21 62 796 
60 58 12 68 88 94 23 98 1155 
28 57 16 82 24 67 7 39 267 
74 94 95 45 100 85 14 30 754 
74 9 53 6 44 19 55 47 74 
38 19 53 61 50 14 78 44 340 
61 18 39 55 49 27 8 49 838 
74 17 61 29 56 60 33 51 1092 
45 23 15 98 29 78 61 71 250 
73 15 46 83 69 57 58 55 155 
27 20 62 28 100 97 51 83 371 
49 11 64 95 30 101 25 35 258 
16 64 91 63 96 80 7 37 414 
27 93 50 5 73 3 48 8 376 
31 19 25 21 50 48 48 14 735 
60 80 88 47 60 36 36 43 1117 
26 66 27 84 23 65 63 26 1110 
84 46 39 63 49 24 70 96 192 
100 98 16 45 17 84 20 49 699 
50 82 35 16 71 32 12 24 517 
8 49 98 62 60 26 57 66 838 
25 98 33 66 79 66 21 38 555 
79 83 51 45 66 77 8 15 545 
60 70 77 9 54 27 82 64 579 
22 40 40 93 90 52 15 97 618 
28 87 5 71 97 35 87 35 497 
95 65 85 23 55 47 81 99 1176 
96 18 47 8 86 17 19 101 1198 
9 88 96 101 31 71 26 82 347 
44 91 75 44 24 21 87 89 1210 
67 101 87 95 13 92 56 22 973 
8 22 3 90 54 98 37 80 568 
49 96 36 16 99 75 19 40 102 
25 54 96 28 23 99 18 54 5 
15 16 77 5 47 11 91 20 736 
30 55 39 79 9 46 75 40 1143 
67 53 4 14 79 75 84 33 832 
87 82 101 6 74 2 98 24 784 
73 46 51 27 26 81 15 91 1034 
73 48 47 52 55 85 5 53 18 
101 3 39 4 23 16 44 6 473 
63 26 83 38 83 87 82 4 1150 
46 42 28 25 101 89 91 13 1039 
25 37 29 18 2 23 101 99 255 
29 71 25 37 85 23 42 54 801 
6 37 68 61 72 54 91 61 139 
77 78 5 52 15 12 31 20 839 
14 47 25 62 39 86 67 55 398 
73 11 59 8 85 49 24 87 927 
21 66 67 77 28 43 12 26 262 
20 78 58 15 9 67 54 30 83 
44 46 100 84 97 19 21 20 614 
57 71 95 58 30 30 36 11 665 
5 39 21 84 52 15 64 49 943 
78 60 4 94 56 56 42 82 509 
80 39 71 51 58 10 93 58 673 
30 64 50 31 81 99 13 51 1123 
89 62 96 87 22 50 42 45 740 
50 65 17 41 18 50 88 58 883 
87 57 83 13 93 96 60 36 1036 
31 50 81 7 83 7 64 54 247 
49 95 20 23 11 15 49 45 1135 
41 91 48 2 45 24 27 28 1154 
13 78 71 2 28 87 66 13 1167 
83 45 84 13 79 66 30 41 772 
56 66 48 70 66 49 3 21 558 
41 30 7 59 82 57 13 53 934 
53 49 69 34 60 100 20 68 4 
13 31 14 84 74 6 61 73 755 
51 45 14 24 101 9 42 27 1016 
92 26 66 29 102 27 90 79 1131 
98 24 9 50 52 100 49 92 1102 
35 59 58 3 100 11 96 64 100 
66 31 49 62 95 35 17 29 522 
39 86 31 89 96 97 13 65 596 
57 3 96 17 76 11 19 9 832 
29 91 28 57 35 40 19 26 590 
47 38 32 76 35 24 57 13 80 
63 48 64 63 92 36 62 40 753 
16 51 57 41 45 88 67 89 473 
19 84 53 93 72 73 49 68 342 
21 83 69 73 62 66 4 58 738 
8 69 101 93 97 97 78 5 909 
96 8 95 46 11 48 86 40 358 
57 72 79 94 15 26 9 43 699 
96 45 92 93 38 89 28 61 256 
42 27 89 59 17 69 99 56 734 
37 77 74 23 89 23 37 49 1052 
86 16 55 77 87 56 39 84 728 
87 5 72 8 20 52 27 46 160 
44 101 58 12 97 62 66 74 805 
87 75 58 70 58 91 3 44 555 
70 67 43 35 21 34 10 14 624 
92 31 60 25 98 45 10 94 593 
32 76 21 95 13 15 90 55 118 
5 18 48 83 7 78 6 60 968 
74 11 82 25 4 85 11 76 519 
10 64 78 15 62 66 43 73 836 
28 76 56 29 47 68 25 6 1170 
6 11 26 84 20 41 66 38 1018 
71 9 74 38 87 39 73 82 1112 
35 93 59 84 42 36 9 80 1022 
27 47 66 16 3 100 89 6 803 
20 28 46 39 50 26 83 74 778 
98 92 91 20 58 67 77 92 164 
41 24 71 92 77 42 57 41 1114 
21 57 9 76 51 82 73 55 661 
49 98 45 35 3 70 73 13 1077 
96 9 91 100 40 13 87 51 1008 
99 30 53 6 84 11 35 64 211 
59 25 44 11 48 5 13 30 1147 
73 8 23 2 21 66 54 63 392 
4 23 19 98 91 2 100 76 310 
5 45 16 36 3 42 53 16 1082 
48 87 63 87 89 12 19 16 525 
63 99 11 89 54 23 79 32 502 
2 63 35 44 14 75 80 11 1037 
82 39 7 83 51 7 78 8 939 
73 19 36 9 80 77 59 38 948 
19 18 94 95 59 72 101 53 645 
57 7 75 90 9 81 27 39 943 
40 82 49 5 14 48 46 8 164 
9 95 85 60 86 77 97 64 1139 
95 89 83 37 85 101 55 23 16 
6 84 12 57 84 43 100 22 687 
32 15 6 48 52 52 59 93 703 
72 98 22 100 95 48 87 34 624 
99 5 100 50 53 93 47 42 291 
6 54 14 44 62 67 21 67 592 
91 49 39 32 80 93 43 85 298 
83 8 91 66 72 51 92 3 210 
60 84 65 15 4 11 29 55 484 
47 30 38 57 81 31 99 98 1051 
16 68 27 9 9 70 69 66 423 
37 42 84 65 54 61 50 63 1014 
88 78 47 30 5 27 54 98 678 
90 28 29 62 69 75 65 78 431 
