2 8
200
97 50 1357 
28 96 1612 
25 60 732 
79 64 195 
34 46 553 
20 92 757 
12 73 1461 
4 56 1122 
93 31 1281 
81 69 1383 
23 3 1323 
33 7 1246 
8 20 1597 
16 24 968 
99 26 862 
54 63 950 
18 67 1479 
26 72 94 
14 95 1534 
16 37 1071 
22 47 1487 
62 58 995 
33 3 646 
60 14 1170 
50 98 812 
32 7 486 
18 41 1103 
22 64 35 
96 99 503 
77 21 190 
84 94 1361 
34 96 1255 
70 39 1116 
94 23 982 
21 61 867 
21 78 1213 
58 84 1447 
66 101 1561 
100 102 1347 
91 68 959 
32 57 1337 
30 77 329 
90 18 45 
75 64 1108 
63 26 296 
9 4 58 
51 77 354 
58 22 605 
25 20 1521 
90 36 1527 
96 81 1159 
12 64 1074 
80 93 1365 
35 33 971 
74 85 325 
23 5 1217 
80 93 1604 
81 42 1482 
39 76 586 
47 7 934 
29 3 1338 
11 80 1356 
99 54 1018 
54 31 181 
22 18 727 
64 87 596 
19 4 247 
21 12 713 
97 17 635 
82 75 1436 
32 35 1398 
28 8 493 
79 65 78 
39 26 837 
14 27 1004 
89 61 396 
48 77 1451 
101 30 50 
44 10 1477 
40 16 1031 
46 19 1293 
76 24 1565 
27 95 163 
16 87 364 
34 82 1277 
66 8 1383 
84 10 916 
17 36 1594 
101 33 91 
85 86 1597 
42 41 799 
43 95 119 
74 40 52 
68 64 1076 
16 34 1472 
69 70 774 
27 80 30 
8 58 95 
9 32 1352 
84 77 1497 
92 45 150 
14 77 745 
75 92 1434 
73 94 1121 
84 19 754 
92 2 33 
9 34 1029 
60 60 98 
98 36 1353 
45 36 1029 
26 93 1021 
13 77 315 
59 4 936 
47 95 1261 
62 56 1415 
35 26 648 
62 19 477 
83 76 701 
31 34 1383 
5 18 667 
65 32 913 
27 49 21 
8 72 678 
29 35 1601 
47 65 639 
88 101 72 
21 65 162 
45 86 288 
36 45 270 
22 85 699 
36 56 1410 
19 84 1032 
23 37 116 
88 29 880 
100 35 1362 
33 38 186 
6 45 552 
82 86 863 
33 21 759 
40 93 54 
87 88 1430 
101 95 1304 
14 30 1320 
78 66 1045 
99 36 591 
58 47 835 
36 5 118 
7 18 648 
11 56 1135 
36 88 1023 
19 85 712 
6 3 661 
68 101 655 
6 21 137 
32 30 1284 
72 85 824 
19 77 1212 
97 6 1440 
98 81 1153 
50 92 628 
12 80 695 
20 61 1328 
22 96 536 
98 92 747 
13 33 1363 
101 77 1436 
63 41 1159 
21 19 174 
90 23 1285 
57 10 350 
72 20 162 
4 95 671 
68 14 1123 
99 51 1461 
20 23 1392 
31 86 1204 
7 99 79 
85 89 823 
69 93 1003 
34 32 617 
5 67 1401 
13 28 1167 
38 11 610 
44 35 1021 
21 66 1467 
83 3 1563 
27 62 607 
7 53 172 
19 89 511 
61 36 35 
82 36 1345 
33 97 1377 
6 8 1553 
16 95 1222 
38 64 1047 
44 65 382 
62 88 1464 
68 9 1142 
3 100 236 
77 97 632 
