6 4
200
82 94 6 70 39 3 769 
48 92 89 64 97 84 478 
11 58 66 69 60 24 242 
75 73 79 39 77 70 240 
75 74 45 53 32 59 506 
21 35 102 34 44 52 765 
76 90 94 59 102 42 369 
100 35 71 13 100 76 64 
23 29 33 64 35 67 602 
20 46 14 66 27 98 732 
25 67 37 17 74 38 805 
85 87 82 78 30 86 610 
41 76 42 34 85 56 798 
8 71 72 11 88 22 457 
46 83 95 77 45 57 608 
70 36 98 28 41 11 309 
44 53 88 7 83 101 647 
72 74 34 44 44 94 144 
98 66 8 88 18 45 321 
6 89 3 87 31 2 575 
42 46 8 46 47 62 525 
20 86 6 7 23 79 606 
11 63 35 3 66 59 592 
72 92 42 25 68 101 304 
66 87 22 54 101 11 244 
29 28 100 99 34 55 640 
82 4 83 97 68 67 779 
28 70 85 67 45 100 576 
56 68 23 81 64 29 436 
101 86 55 24 70 46 666 
37 37 7 34 6 96 731 
90 61 30 102 36 44 317 
19 39 89 57 13 61 596 
62 79 19 72 28 27 664 
20 30 74 101 23 16 736 
35 81 35 42 6 83 540 
8 95 81 30 88 17 664 
49 68 69 59 87 11 614 
60 89 64 80 71 10 577 
33 58 3 15 30 51 686 
60 56 18 9 80 9 440 
85 40 44 42 13 102 576 
64 8 44 37 7 17 616 
94 73 64 37 75 97 618 
39 80 17 60 68 99 727 
14 53 52 9 4 23 609 
51 22 39 60 10 2 558 
52 62 80 24 36 11 542 
84 56 74 7 13 80 377 
62 29 85 46 5 83 411 
57 94 30 6 95 3 345 
54 26 78 67 97 9 712 
20 40 37 34 91 25 245 
99 79 3 92 45 30 732 
95 57 16 8 21 20 780 
70 51 21 42 10 26 252 
32 98 43 18 73 61 338 
91 49 14 16 61 22 472 
17 29 15 52 74 54 481 
72 64 61 79 91 94 416 
90 19 94 83 100 101 549 
84 63 76 75 72 50 31 
9 4 94 62 100 40 433 
24 8 92 37 74 74 489 
36 84 41 84 69 93 9 
33 22 35 62 23 93 272 
68 41 80 5 6 57 511 
62 69 18 93 56 100 542 
13 4 48 29 29 9 393 
81 37 93 5 60 5 626 
84 61 102 78 49 22 455 
69 14 35 70 19 99 598 
17 25 92 15 95 36 164 
19 89 35 96 85 87 718 
6 89 2 48 55 88 636 
10 18 17 9 80 13 361 
92 15 61 12 12 77 522 
14 3 91 67 70 59 533 
73 69 84 66 37 70 512 
28 35 23 66 14 97 52 
9 77 9 17 26 78 223 
77 76 86 75 12 26 753 
88 13 83 86 31 15 304 
52 35 45 45 45 83 525 
82 40 48 100 81 60 45 
28 85 52 46 83 40 790 
94 101 93 26 46 72 329 
24 42 82 84 85 71 463 
44 66 74 83 96 65 772 
39 39 77 33 68 89 488 
30 33 42 50 76 42 472 
36 54 21 101 13 26 474 
99 69 18 99 91 51 682 
21 81 66 89 77 4 452 
63 18 95 79 85 82 768 
12 41 36 10 31 101 69 
14 55 83 85 41 39 326 
73 61 36 80 40 78 76 
54 78 64 101 40 4 595 
38 27 24 30 46 66 713 
29 84 90 62 52 77 60 
28 85 5 39 68 17 741 
59 61 102 47 6 87 474 
65 75 11 93 98 37 616 
29 61 58 97 75 54 354 
79 48 20 91 3 4 212 
96 60 65 74 89 84 649 
68 24 85 42 81 31 524 
11 81 71 55 42 34 805 
25 49 44 95 65 50 652 
15 84 58 5 85 34 568 
16 49 20 11 55 98 501 
39 75 57 96 25 81 556 
69 51 38 63 72 29 574 
13 23 81 26 37 102 430 
43 29 38 98 99 97 773 
35 53 46 89 38 39 707 
77 88 101 42 70 14 384 
35 22 44 15 7 101 29 
28 41 87 21 98 11 786 
48 21 100 28 87 75 277 
100 94 76 37 92 86 299 
37 82 86 68 90 8 63 
8 96 85 94 97 93 61 
14 60 70 41 31 92 233 
69 3 16 86 40 15 287 
31 70 80 17 18 69 739 
61 3 55 10 5 91 326 
28 17 36 91 84 29 703 
35 8 97 63 95 10 556 
81 72 84 52 94 74 634 
27 7 79 82 27 19 436 
59 17 33 28 3 91 337 
88 82 97 58 89 51 778 
64 85 56 24 61 25 649 
33 72 61 13 18 64 4 
12 59 11 59 12 35 623 
93 66 38 94 21 29 757 
93 89 95 8 25 84 518 
24 25 60 68 96 76 215 
47 74 17 87 29 43 625 
24 87 101 79 18 21 581 
21 20 32 41 98 89 329 
85 68 7 95 82 39 718 
37 54 94 18 61 52 374 
94 23 9 95 88 18 557 
4 96 31 9 65 94 25 
6 29 29 101 89 88 508 
9 12 94 49 6 91 718 
36 10 63 59 71 27 224 
100 25 48 11 73 74 662 
74 78 88 18 47 87 248 
26 67 19 74 66 86 695 
13 17 48 84 30 82 556 
89 70 52 97 69 78 58 
6 82 91 18 16 83 287 
37 9 33 61 5 60 80 
44 46 87 7 44 44 709 
10 2 29 45 94 15 694 
9 37 24 80 12 25 166 
87 30 58 52 5 52 621 
10 18 25 26 24 61 361 
27 68 92 27 35 22 780 
82 64 76 24 70 52 226 
73 11 84 96 36 91 471 
18 31 57 41 94 13 3 
87 7 21 71 56 43 672 
71 34 55 78 5 27 43 
68 84 30 36 2 51 302 
9 43 32 90 71 89 77 
38 37 88 43 11 97 778 
59 57 55 16 11 47 18 
79 31 20 33 67 55 404 
49 29 7 94 64 65 635 
65 90 83 87 56 75 271 
99 69 37 96 31 12 74 
29 77 23 93 5 37 247 
14 14 59 6 36 62 727 
10 83 52 49 34 20 766 
69 74 31 57 74 71 652 
64 85 39 38 45 42 167 
54 86 3 61 30 50 420 
78 26 83 22 15 46 722 
88 87 49 99 94 17 493 
5 94 38 33 68 52 408 
31 22 71 93 21 71 464 
99 51 90 6 72 44 740 
49 50 36 61 27 93 626 
100 92 41 53 27 62 395 
94 67 29 64 99 4 382 
6 14 31 96 77 34 721 
39 61 95 24 75 72 458 
46 4 74 43 61 75 257 
32 32 42 96 11 10 45 
86 63 44 75 43 46 352 
38 7 67 52 62 90 501 
33 47 30 55 92 94 391 
65 57 23 40 30 17 606 
83 91 102 68 25 85 434 
100 54 52 34 28 15 67 
