8 2
200
49 21 17 45 31 67 95 48 388 
38 10 36 32 69 58 61 96 229 
76 75 86 43 4 58 4 47 112 
81 58 54 9 67 65 98 80 284 
75 10 5 77 37 10 77 84 285 
62 77 15 86 85 50 45 74 300 
84 9 18 61 43 87 40 16 366 
45 31 45 72 36 91 89 87 351 
55 101 40 78 68 22 89 44 286 
16 97 75 6 66 96 92 15 293 
55 16 70 21 39 24 20 34 216 
29 92 42 26 100 99 64 92 297 
37 8 43 98 74 100 17 26 79 
18 41 67 51 82 23 19 36 290 
20 36 64 18 59 36 70 62 214 
31 92 99 78 44 76 23 56 31 
33 59 44 71 6 16 5 4 377 
90 80 12 22 8 66 28 46 230 
13 21 51 8 30 15 48 87 138 
24 42 99 93 30 28 16 88 312 
31 51 32 50 16 57 44 82 336 
44 12 86 35 52 100 20 13 145 
60 27 31 31 25 21 82 83 252 
97 99 52 86 8 22 90 99 386 
28 65 8 95 67 51 32 6 309 
52 91 93 101 75 19 92 57 253 
50 102 28 14 70 35 96 49 338 
34 60 6 66 47 55 6 94 197 
32 67 62 82 101 21 45 32 377 
73 98 26 35 96 53 60 42 398 
71 16 96 75 102 20 68 100 186 
74 88 45 40 97 83 71 63 369 
4 70 3 9 71 40 42 25 208 
61 102 67 55 7 7 57 37 317 
56 59 67 44 16 3 76 73 182 
51 35 3 44 65 35 62 59 296 
99 64 48 59 34 79 69 9 401 
83 21 83 40 85 62 6 18 17 
27 62 56 102 35 99 95 93 367 
52 19 38 34 95 51 35 60 300 
34 99 26 91 77 9 5 95 216 
65 13 52 42 41 50 31 38 395 
21 99 30 50 65 43 89 19 368 
64 51 28 34 7 27 89 74 77 
81 38 87 49 99 42 47 32 329 
42 12 80 90 5 59 54 16 250 
47 86 36 85 4 60 19 43 182 
29 33 8 27 56 69 31 52 406 
14 74 2 90 5 35 63 49 31 
14 75 48 70 82 93 66 44 359 
87 98 36 28 32 58 98 20 403 
77 17 58 14 61 55 60 42 174 
63 59 82 3 25 57 53 7 276 
100 61 53 17 63 14 81 47 219 
67 88 44 46 94 88 36 88 132 
53 2 16 95 12 42 51 5 346 
10 86 75 82 77 27 90 99 242 
50 62 56 46 35 16 101 95 221 
2 19 67 97 69 39 25 102 19 
55 7 50 12 68 61 29 73 251 
82 87 13 19 58 97 29 88 109 
80 9 70 2 96 19 89 50 351 
22 15 19 39 59 77 23 37 375 
13 39 95 97 18 64 55 21 33 
45 86 63 72 70 82 12 46 377 
39 55 14 33 26 20 75 9 239 
46 46 31 37 98 23 5 18 200 
35 86 93 8 50 76 12 45 264 
27 52 46 38 28 15 85 86 337 
82 81 16 77 24 11 5 10 310 
81 10 90 42 69 54 34 79 248 
3 33 7 40 24 83 56 50 233 
16 10 19 18 54 13 40 25 150 
37 60 64 84 4 41 100 33 146 
78 87 86 94 7 51 54 83 220 
79 44 60 35 23 76 54 92 4 
61 65 57 79 4 46 18 98 78 
101 22 30 68 41 93 47 79 256 
75 24 5 70 66 73 59 63 329 
81 4 39 89 31 15 41 42 276 
82 101 86 42 78 10 32 55 253 
27 14 5 69 90 46 14 81 277 
99 93 101 87 22 43 65 39 384 
84 14 92 18 29 101 25 67 319 
81 35 48 97 39 13 11 34 202 
79 14 16 95 77 52 47 44 202 
71 98 81 45 79 41 16 51 169 
73 12 87 6 46 25 68 35 190 
24 5 55 90 77 90 94 88 106 
82 91 38 42 72 87 52 57 283 
101 38 58 9 82 91 72 40 92 
66 76 70 93 29 45 6 25 160 
98 83 22 94 53 93 15 37 245 
7 33 41 102 56 91 56 69 395 
92 17 25 66 20 40 68 29 52 
59 91 64 96 38 49 48 56 303 
51 9 87 67 96 47 31 67 28 
85 67 22 81 39 62 48 16 37 
18 34 65 84 28 26 81 58 189 
100 13 97 94 55 102 17 7 245 
14 27 23 79 37 54 33 85 256 
95 80 53 3 50 24 40 32 92 
13 69 83 63 88 40 101 33 222 
13 93 13 22 67 35 3 36 361 
90 41 98 13 53 45 63 88 318 
97 99 65 75 56 25 80 6 156 
80 53 42 85 80 7 100 22 375 
53 75 15 21 3 16 36 53 372 
28 102 18 40 102 101 62 6 137 
93 40 39 90 44 63 97 24 342 
51 7 63 93 15 33 53 12 58 
66 78 99 52 42 5 34 54 19 
24 43 53 42 25 76 74 10 339 
57 65 32 55 26 81 32 87 189 
32 36 89 87 88 91 88 98 115 
39 43 100 36 58 93 59 74 333 
35 11 84 89 22 7 50 98 194 
86 14 55 20 22 57 59 4 73 
19 40 56 64 56 29 48 37 273 
87 24 9 42 98 53 99 99 310 
66 45 16 83 39 92 44 4 344 
77 21 23 45 79 56 75 41 143 
29 73 56 57 43 87 40 65 305 
42 46 18 3 23 25 81 95 241 
5 38 2 66 22 54 45 73 66 
48 44 47 54 68 59 19 72 106 
23 12 4 31 45 77 17 4 237 
71 76 100 99 66 86 98 72 15 
36 65 54 4 14 73 71 94 84 
32 90 80 61 87 53 99 60 338 
59 76 95 28 51 20 97 76 395 
19 51 81 63 59 98 56 84 29 
76 21 100 33 62 53 56 88 57 
82 12 91 49 102 8 3 40 393 
12 11 17 36 10 40 76 54 177 
44 71 33 84 7 4 46 26 158 
87 28 16 44 73 65 6 16 261 
9 72 51 75 62 20 102 45 301 
94 42 14 62 59 10 10 15 70 
84 100 7 89 5 78 69 18 52 
84 70 39 54 32 95 76 68 335 
96 71 11 15 84 64 31 55 341 
29 27 71 8 36 61 48 24 67 
60 22 69 75 7 46 8 20 307 
38 42 12 21 87 93 28 16 180 
9 72 19 46 60 53 95 43 370 
46 78 36 81 8 10 79 18 189 
17 23 65 68 9 66 88 94 54 
75 10 42 80 83 23 17 41 214 
101 17 64 18 82 67 55 64 171 
43 60 36 5 43 71 47 13 379 
82 44 65 54 59 68 40 22 135 
52 68 97 15 66 69 58 80 6 
86 101 43 101 15 46 25 47 143 
81 72 69 73 35 72 30 36 395 
92 49 60 98 80 62 34 5 395 
48 30 96 69 49 65 70 62 48 
54 84 31 20 32 14 33 61 203 
68 82 34 27 88 32 72 68 128 
46 91 23 83 69 12 50 78 71 
43 14 25 5 4 75 61 78 215 
70 74 19 47 66 21 13 68 95 
66 23 45 66 98 83 34 27 292 
92 73 17 21 72 56 97 92 193 
28 65 79 62 69 12 79 5 384 
16 100 27 4 72 3 89 85 226 
77 79 18 44 73 79 3 70 20 
40 50 3 66 52 76 74 86 15 
47 7 56 35 89 96 89 20 110 
49 90 3 16 34 89 100 22 57 
33 86 94 2 60 100 7 41 223 
95 53 50 53 32 88 100 44 321 
3 44 92 24 57 55 53 56 327 
5 26 18 16 67 32 62 43 407 
13 47 48 58 29 50 41 96 277 
81 98 60 17 18 92 11 100 320 
26 11 32 41 51 6 20 4 64 
40 81 87 20 92 91 88 88 394 
34 46 17 44 85 63 87 74 238 
24 90 10 28 7 69 54 39 130 
72 75 98 44 40 27 34 3 63 
84 63 8 71 31 32 95 78 219 
66 83 29 71 56 79 48 99 59 
9 14 76 20 68 56 60 18 58 
2 92 9 92 12 83 48 5 45 
54 54 61 80 35 31 16 90 227 
7 4 21 21 98 43 13 27 366 
43 66 97 54 14 15 18 95 354 
49 76 73 47 25 52 69 96 184 
57 31 81 47 7 80 100 55 60 
97 84 95 68 81 87 93 7 162 
17 2 42 48 65 42 44 69 60 
86 61 81 71 54 5 98 58 391 
13 98 61 19 56 61 101 23 49 
95 83 97 88 56 20 13 53 380 
7 10 68 41 5 40 66 16 381 
37 28 31 92 71 25 91 82 35 
82 100 49 83 50 43 30 51 348 
22 100 7 63 60 3 12 94 196 
31 74 96 23 56 42 68 65 388 
