8 8
200
93 92 30 40 43 29 50 87 546 
17 13 60 75 25 17 81 60 4 
68 71 100 83 98 101 11 51 680 
29 23 33 7 15 62 18 82 1134 
16 43 64 20 16 82 37 80 1289 
27 69 46 93 55 89 84 54 327 
41 11 96 31 31 95 88 23 1049 
5 12 101 101 59 45 48 68 269 
41 50 56 20 48 20 22 86 1330 
100 38 70 46 24 63 42 78 1156 
77 86 15 71 34 95 18 35 1100 
82 29 12 3 47 89 72 46 66 
68 23 66 78 12 46 13 90 1396 
98 61 90 40 61 83 74 73 1327 
6 72 17 63 4 15 53 41 943 
73 99 92 83 76 81 59 76 899 
9 102 77 70 60 46 10 22 1210 
81 45 70 31 31 77 8 68 1205 
90 7 21 52 27 72 89 42 1492 
97 17 87 11 83 87 28 67 1160 
9 38 14 73 55 84 41 74 1578 
92 44 70 18 77 9 7 70 1132 
38 59 77 6 83 20 55 15 80 
91 72 64 85 5 66 6 101 502 
64 19 53 39 13 55 76 99 1596 
26 81 42 80 6 14 18 92 128 
98 4 57 96 20 43 79 52 26 
37 10 41 5 14 77 79 45 836 
20 100 48 23 33 87 22 31 544 
66 14 68 51 69 15 58 9 1582 
78 69 101 12 62 63 54 41 1453 
61 22 69 67 3 63 63 99 1505 
64 77 74 72 76 91 10 15 622 
37 88 43 27 49 7 81 2 1243 
54 10 40 87 71 94 98 63 145 
68 102 13 7 90 71 23 97 523 
27 8 95 12 5 49 25 19 867 
50 36 75 64 88 3 87 11 1461 
56 79 8 82 76 16 82 44 218 
29 32 100 73 6 54 75 55 1536 
85 44 7 92 63 55 41 49 439 
37 6 15 12 23 81 82 69 288 
28 47 34 81 31 63 36 98 1413 
57 79 32 23 91 35 8 3 1090 
86 66 18 55 43 29 89 47 610 
2 19 11 21 93 40 37 49 138 
64 6 15 46 58 67 68 85 1152 
99 16 17 82 6 22 14 98 45 
4 75 6 7 94 86 26 36 1292 
80 39 87 94 88 44 26 46 1591 
56 42 10 52 89 60 58 92 500 
24 22 15 91 9 98 37 35 1207 
6 59 13 31 23 24 88 91 767 
87 7 30 76 58 61 24 60 914 
97 53 88 48 51 5 56 4 236 
68 90 32 92 59 55 70 22 1435 
88 27 21 88 66 100 13 73 1376 
4 50 66 56 69 50 42 42 1331 
89 60 9 11 77 21 10 22 14 
19 97 50 77 8 38 73 38 548 
39 11 89 91 37 80 21 53 880 
52 14 23 84 52 19 74 82 1011 
83 79 52 3 80 46 99 96 1233 
38 29 44 30 84 33 17 5 512 
96 101 25 31 92 25 67 59 128 
82 37 48 34 5 28 76 93 962 
85 38 33 45 93 44 5 85 394 
14 24 32 91 69 49 87 79 1327 
41 54 89 29 38 23 38 19 953 
32 6 26 18 56 93 74 33 1097 
2 53 9 83 28 10 101 55 573 
79 93 71 101 48 28 47 37 640 
74 59 2 12 9 76 85 75 1280 
102 98 70 41 19 37 82 87 435 
76 60 27 82 29 85 88 61 433 
92 33 60 101 73 22 54 3 1218 
69 93 46 35 100 56 31 102 928 
69 40 76 35 21 63 101 73 1244 
16 94 31 19 26 50 50 96 680 
23 3 26 50 89 19 63 14 1540 
85 43 63 74 52 30 28 21 335 
55 59 14 98 101 3 46 40 137 
47 52 68 98 87 6 14 11 1603 
34 21 54 59 74 9 69 19 492 
17 44 44 4 92 7 30 97 601 
32 26 4 26 6 50 10 18 1015 
30 89 57 59 62 44 32 96 1626 
71 98 87 7 31 85 73 30 1573 
68 46 62 63 70 92 69 84 1378 
98 10 17 5 51 58 47 41 485 
77 61 84 2 74 98 8 61 1616 
54 26 97 21 55 78 54 44 1179 
4 69 21 67 91 79 59 35 1398 
87 67 49 30 63 92 55 98 1133 
16 68 73 66 57 11 93 17 948 
92 79 57 40 54 9 86 44 1181 
13 12 71 7 45 41 13 23 1532 
54 26 66 7 68 59 9 40 1231 
3 40 14 12 76 76 21 70 913 
32 49 16 42 46 20 20 45 1407 
2 11 26 35 55 37 17 41 1490 
96 87 14 100 33 16 34 85 66 
63 3 38 97 88 77 85 82 1206 
82 14 82 48 89 25 73 9 468 
54 70 87 79 97 36 85 27 1357 
46 34 18 102 10 63 16 59 684 
52 7 25 51 52 75 63 37 454 
13 51 100 91 29 26 87 82 252 
20 85 8 4 14 63 94 41 786 
60 82 5 21 33 32 83 23 30 
7 5 20 15 18 62 8 74 1247 
87 58 7 93 17 31 47 98 1203 
38 50 95 65 59 13 27 4 890 
26 94 19 70 9 8 25 82 1260 
99 8 69 48 98 42 86 8 1356 
45 69 68 77 76 38 58 47 1187 
11 44 47 9 90 16 8 84 1299 
61 20 50 101 71 37 53 50 1470 
9 93 55 55 81 53 30 84 579 
91 52 20 84 14 64 35 16 617 
34 92 19 55 42 16 63 27 1445 
37 46 100 33 25 28 48 52 891 
22 58 66 96 81 8 81 19 529 
64 80 8 88 68 57 99 22 959 
75 56 53 41 94 56 65 95 622 
39 60 28 94 38 64 10 15 947 
76 40 12 13 76 25 83 101 775 
85 51 80 46 36 6 69 75 1563 
6 83 66 12 34 88 70 44 962 
8 72 44 46 80 54 99 25 1340 
51 64 82 30 60 95 8 82 726 
62 95 26 25 27 65 68 6 529 
96 66 8 26 45 35 66 77 480 
8 41 72 27 49 13 24 21 189 
18 78 25 74 6 54 44 10 790 
37 85 47 81 80 77 22 5 968 
78 27 21 49 65 85 65 2 677 
76 37 48 15 3 8 53 52 447 
11 24 62 56 84 36 86 31 1501 
86 29 63 98 7 46 54 47 1529 
94 71 15 42 10 6 12 70 1204 
4 24 84 41 29 29 49 13 1322 
102 24 45 87 65 36 93 81 1197 
82 81 31 4 63 58 14 61 1319 
16 71 16 58 46 16 62 84 112 
12 47 102 36 50 97 65 54 385 
52 9 9 81 52 31 33 32 1455 
47 2 63 28 29 70 49 35 684 
69 46 80 31 27 83 29 83 568 
76 49 33 37 41 11 34 64 845 
76 37 21 86 27 16 27 18 1337 
47 85 19 33 89 17 55 98 132 
48 23 85 28 53 71 96 59 1356 
61 12 63 55 96 67 19 75 1598 
24 85 21 65 7 11 101 84 1593 
19 44 62 18 84 45 3 88 668 
71 50 86 53 92 70 33 68 101 
23 95 91 54 17 16 19 32 207 
91 84 18 76 29 71 73 79 237 
25 45 30 20 54 10 27 50 400 
16 73 95 53 34 40 5 80 1458 
10 67 30 48 101 54 32 14 69 
26 97 23 16 82 15 56 10 382 
80 4 43 84 29 69 92 5 962 
21 40 52 80 73 51 82 65 191 
89 80 46 78 90 42 6 2 863 
6 102 94 83 99 26 17 26 1236 
50 29 40 63 58 98 95 13 1203 
56 48 25 73 36 19 3 69 499 
81 4 17 4 80 29 16 88 53 
69 41 44 28 65 49 76 34 584 
76 28 24 50 85 79 68 52 876 
31 34 67 76 81 32 95 38 362 
63 48 51 13 48 71 95 27 1183 
34 29 85 78 100 4 84 30 669 
11 33 21 40 38 30 76 87 883 
40 95 61 14 35 29 27 15 1397 
89 65 82 55 58 60 6 36 365 
72 55 36 65 94 54 91 87 83 
5 25 13 22 39 63 17 57 527 
15 22 97 58 53 87 19 97 1054 
63 58 77 63 36 4 8 6 522 
22 77 3 10 25 50 24 24 1460 
77 69 28 21 39 3 28 93 222 
30 16 4 51 48 100 89 30 472 
32 44 91 11 16 35 31 98 1307 
33 8 99 49 36 32 98 44 461 
40 44 21 77 37 45 91 80 1467 
32 73 31 5 22 98 21 95 1302 
2 68 54 95 91 43 23 96 1394 
19 83 82 74 55 6 72 51 1394 
12 57 9 48 22 38 45 101 412 
53 30 87 3 30 44 52 98 1232 
78 47 55 80 56 43 60 74 1589 
12 60 19 26 36 73 12 11 617 
75 56 48 18 52 92 18 71 1079 
2 17 55 40 24 60 31 96 67 
34 34 3 68 90 50 41 35 667 
10 29 97 16 93 20 6 79 674 
31 62 97 65 63 87 77 60 931 
