8 6
200
7 74 82 55 54 85 74 80 129 
56 44 67 58 64 6 7 28 686 
7 58 80 19 21 57 15 65 1052 
72 20 33 50 90 65 13 54 292 
98 94 49 75 12 81 84 6 364 
9 36 22 8 97 77 14 4 1191 
31 90 55 27 41 91 99 5 730 
81 8 56 4 47 12 82 10 424 
11 34 48 101 37 17 28 8 359 
68 66 25 58 38 87 68 84 787 
72 73 55 59 78 9 21 5 1193 
77 7 91 12 28 89 43 4 858 
53 33 55 40 101 35 62 33 470 
38 25 72 71 38 65 48 11 452 
84 54 58 41 81 34 20 52 16 
42 58 41 38 17 36 17 17 630 
14 34 74 22 99 47 71 85 985 
29 8 71 28 65 18 52 61 612 
16 14 53 23 22 51 34 22 920 
102 2 9 38 56 23 13 37 946 
67 64 57 13 72 98 54 92 541 
34 17 95 24 88 59 86 3 30 
2 93 14 25 90 79 72 71 1010 
75 93 54 49 16 31 41 87 1182 
97 5 45 57 71 32 7 101 64 
85 79 17 53 54 55 21 13 531 
67 44 76 80 43 2 16 80 1213 
94 87 2 66 85 3 62 91 1205 
62 47 24 84 20 90 74 89 1124 
70 24 41 102 30 5 88 76 531 
24 19 63 44 43 93 33 15 179 
7 21 96 16 93 65 56 61 807 
23 86 26 88 8 56 11 48 687 
62 94 59 99 80 11 59 40 889 
39 20 7 34 53 7 76 69 837 
99 56 34 79 48 71 39 66 1103 
21 38 13 9 35 97 37 73 265 
60 10 43 87 59 55 92 19 514 
63 91 35 21 14 40 88 13 1132 
27 85 48 90 62 16 21 40 24 
63 32 86 12 99 82 85 18 731 
30 15 99 81 88 31 29 78 919 
59 2 26 75 23 24 4 12 1076 
78 72 50 29 68 21 53 31 1070 
60 53 94 55 38 98 80 60 1207 
98 48 99 19 63 86 41 64 464 
80 90 10 64 10 89 94 10 569 
14 2 49 80 30 60 43 71 306 
85 7 66 30 97 65 26 8 787 
93 60 11 66 91 6 83 75 501 
81 98 45 7 63 30 52 69 709 
54 20 20 41 78 94 61 58 703 
76 52 95 47 40 4 25 3 605 
40 50 14 45 99 56 19 64 894 
84 79 46 38 81 30 7 74 1086 
48 54 84 18 7 35 48 9 291 
50 36 60 43 84 62 81 14 235 
48 10 23 66 24 16 21 79 960 
16 40 73 67 42 68 15 79 597 
69 24 45 81 99 91 33 71 350 
17 42 97 85 59 69 11 61 779 
70 85 32 71 99 30 56 35 852 
54 84 96 94 31 8 14 14 1105 
78 69 14 34 35 55 87 6 453 
85 33 83 6 58 83 5 47 1150 
21 100 26 17 27 66 22 80 1062 
37 25 14 92 74 47 79 35 1125 
54 38 52 78 85 95 93 73 26 
90 50 28 15 91 85 14 95 170 
68 63 45 49 14 56 68 53 987 
27 96 61 39 30 26 91 53 114 
46 45 17 33 26 55 64 33 372 
63 23 36 30 80 81 33 13 871 
51 7 26 98 12 35 14 68 950 
45 54 22 4 26 41 76 70 614 
101 36 39 91 87 83 26 8 359 
48 99 18 82 8 19 55 42 565 
87 50 34 84 21 60 78 21 975 
12 60 99 98 56 12 31 34 934 
36 62 22 46 74 6 5 68 844 
64 65 48 5 52 86 94 91 242 
20 19 18 81 15 67 3 16 585 
34 53 45 7 53 76 43 21 974 
28 43 78 30 81 55 92 16 693 
36 9 10 15 5 67 93 13 190 
63 57 49 56 45 60 59 74 190 
28 59 14 74 65 33 7 68 588 
45 91 40 65 91 101 11 69 94 
41 21 49 80 17 42 60 82 785 
35 74 101 21 74 9 40 65 703 
47 63 46 79 10 39 19 49 269 
79 100 68 49 47 77 52 19 647 
70 51 44 74 16 85 69 74 1149 
51 27 20 33 27 28 44 66 78 
65 64 13 12 63 70 20 83 1002 
101 87 29 25 71 57 56 72 182 
18 75 49 63 12 38 45 70 280 
6 49 75 42 7 83 71 89 673 
44 60 90 76 56 35 3 70 1062 
69 28 58 65 79 57 13 28 1119 
61 4 54 77 69 95 47 16 422 
11 61 82 48 56 84 102 15 150 
29 44 21 16 63 44 51 78 511 
69 43 72 20 30 81 91 12 1036 
5 69 92 97 31 42 101 94 116 
8 23 74 76 65 66 45 87 1038 
74 47 43 12 28 93 53 80 888 
66 93 33 4 59 46 99 99 564 
24 34 14 81 18 71 35 45 681 
72 95 80 8 76 46 96 19 799 
45 95 42 102 46 53 70 36 9 
80 7 66 30 79 68 20 24 647 
74 96 31 75 79 86 37 84 1046 
96 60 19 89 10 42 81 56 48 
8 24 90 63 13 83 70 56 462 
93 44 18 14 90 55 93 24 288 
38 73 18 58 66 64 68 75 929 
85 93 99 27 51 25 64 14 1217 
67 13 84 50 6 25 48 46 485 
71 84 73 67 98 88 18 45 1021 
90 51 60 28 98 40 7 87 771 
42 69 95 95 51 78 55 28 133 
43 90 68 95 12 22 25 98 1114 
7 21 97 13 10 8 41 76 771 
43 41 17 46 45 21 62 8 942 
48 78 35 97 14 72 77 77 677 
19 98 41 39 5 101 49 102 811 
70 31 61 89 56 77 15 14 1071 
98 99 47 49 34 7 46 78 251 
60 13 9 27 38 35 53 24 966 
26 6 37 18 99 45 55 94 939 
20 61 24 60 84 102 85 82 959 
12 72 65 36 96 29 81 91 1095 
61 45 95 27 38 34 98 91 94 
54 82 101 4 96 42 30 27 206 
101 2 30 9 44 59 57 42 641 
18 92 12 10 39 10 55 96 599 
86 95 25 92 64 96 94 33 1221 
81 10 78 25 8 71 13 82 1085 
63 54 4 38 73 98 82 83 1211 
99 46 45 93 51 102 93 46 394 
96 11 41 37 17 13 59 78 396 
78 94 85 43 100 58 22 94 515 
49 50 24 29 12 83 97 97 1060 
58 90 62 78 34 64 39 19 876 
52 28 39 92 81 97 66 6 1081 
18 58 48 89 73 58 60 46 1181 
12 68 101 59 42 22 27 2 1079 
75 102 62 23 7 83 87 72 808 
7 59 70 30 66 8 95 81 478 
42 71 19 5 21 90 68 29 621 
75 95 88 20 68 81 8 93 51 
30 96 53 68 5 3 92 55 1063 
30 84 5 94 67 63 83 86 382 
74 71 83 74 57 80 32 14 946 
82 89 94 91 24 75 4 67 1036 
89 76 69 17 15 68 3 39 557 
50 82 30 27 39 83 50 37 268 
25 58 41 76 38 93 26 12 812 
97 42 62 32 92 102 78 95 124 
66 58 58 17 73 20 34 84 390 
51 57 52 12 43 89 53 81 106 
48 16 41 78 93 4 101 8 1197 
87 20 92 30 51 46 73 86 960 
67 10 88 23 44 56 61 77 681 
18 87 101 75 81 13 93 33 977 
73 90 67 56 18 67 22 49 782 
44 24 8 8 41 59 10 87 874 
25 26 74 87 19 18 49 85 260 
101 14 41 81 38 20 66 102 1164 
15 14 94 23 3 97 92 19 652 
51 12 48 43 67 96 41 70 81 
10 88 73 51 9 35 45 23 429 
27 64 87 91 44 41 64 97 904 
81 4 26 79 97 102 65 100 891 
78 60 49 47 42 70 13 58 172 
26 66 7 61 80 82 62 67 675 
70 62 70 8 81 72 22 62 815 
85 34 93 74 88 11 62 70 773 
90 81 24 19 80 88 27 40 387 
71 22 26 46 19 32 47 97 457 
7 71 81 79 27 82 3 30 299 
25 54 80 97 101 12 19 74 1048 
35 53 85 84 83 43 40 53 492 
44 41 17 63 29 93 74 57 1208 
86 13 56 44 18 51 64 4 1058 
56 76 23 17 29 47 47 14 539 
56 25 90 40 41 77 42 61 1094 
11 64 27 89 25 46 13 34 748 
34 93 37 36 22 81 56 87 944 
21 30 14 72 18 17 49 20 397 
12 48 74 81 4 59 62 55 490 
63 68 52 79 5 97 86 15 261 
11 23 6 12 86 57 100 22 385 
79 41 48 12 42 8 14 3 1059 
91 54 90 81 76 69 41 95 223 
29 45 26 19 89 5 96 40 1187 
31 3 64 19 84 84 27 84 172 
96 53 28 47 67 5 10 96 743 
35 32 49 39 73 93 38 73 953 
