2 6
200
6 61 393 
36 45 638 
9 3 1013 
28 81 52 
26 26 1018 
12 58 1224 
57 47 638 
52 65 199 
59 40 910 
67 73 1167 
90 33 721 
100 40 834 
26 87 673 
48 55 955 
16 13 691 
74 102 915 
76 20 849 
77 19 803 
54 55 1177 
18 79 69 
80 44 375 
89 40 583 
47 28 1047 
17 88 875 
47 11 1119 
76 38 639 
62 87 472 
102 93 652 
28 15 176 
95 48 1036 
74 10 97 
51 70 139 
50 29 895 
11 29 896 
91 61 383 
100 32 99 
76 80 215 
46 58 1129 
69 80 622 
79 63 301 
35 54 983 
3 45 959 
66 98 503 
82 29 112 
81 53 718 
67 12 395 
24 30 1026 
8 21 838 
69 30 636 
18 84 1101 
62 72 804 
51 78 914 
95 90 197 
55 36 419 
69 96 628 
10 67 66 
36 4 831 
21 57 408 
43 29 402 
14 36 185 
28 50 162 
53 22 691 
45 33 922 
86 74 270 
18 71 1150 
52 41 312 
19 61 773 
49 84 988 
24 44 184 
34 10 595 
44 83 671 
3 28 1053 
23 18 906 
97 67 422 
32 52 361 
48 4 1054 
41 93 1074 
9 97 916 
54 82 811 
34 31 955 
43 13 279 
29 44 1119 
69 17 525 
10 31 288 
53 24 1149 
31 19 395 
53 78 485 
31 95 208 
63 37 1056 
82 51 572 
22 91 1063 
98 55 660 
14 5 96 
40 81 1065 
45 33 763 
66 58 887 
83 25 771 
36 83 648 
40 15 222 
8 68 92 
7 89 812 
98 90 492 
39 57 843 
42 19 169 
26 15 1191 
55 87 756 
57 98 964 
16 101 318 
86 88 94 
36 60 501 
38 8 455 
2 35 1122 
23 49 530 
24 30 8 
6 43 78 
51 12 829 
58 88 334 
58 53 852 
31 93 1080 
42 14 31 
35 5 1198 
30 6 136 
79 26 985 
8 34 470 
21 35 842 
80 12 710 
22 36 932 
42 80 878 
16 82 672 
70 74 511 
5 82 427 
43 92 308 
5 78 454 
97 75 1046 
89 52 662 
91 40 229 
3 53 991 
32 23 956 
28 95 298 
28 16 301 
58 11 644 
41 4 633 
5 80 528 
46 78 426 
23 26 756 
93 55 351 
20 27 513 
38 69 260 
63 75 727 
59 17 1184 
3 78 750 
14 41 780 
35 50 583 
4 87 736 
78 59 918 
48 11 1183 
18 38 493 
98 11 1097 
85 22 519 
33 80 358 
94 49 774 
48 45 1213 
76 11 1042 
100 60 53 
83 17 484 
84 63 119 
48 16 782 
65 42 968 
59 7 831 
74 32 238 
23 3 860 
20 12 474 
99 31 177 
78 75 12 
13 20 952 
38 17 1144 
52 3 725 
35 87 781 
67 32 80 
86 92 463 
33 4 963 
68 79 692 
36 65 63 
3 87 386 
97 72 512 
65 53 272 
3 23 1107 
76 23 356 
62 91 198 
8 55 988 
34 15 485 
79 47 867 
24 48 511 
23 4 639 
90 51 196 
30 39 186 
24 4 958 
86 85 848 
49 59 986 
52 8 1077 
