6 6
200
60 74 84 92 80 77 103 
101 38 67 31 31 9 651 
73 10 70 14 99 46 1092 
23 88 9 90 41 95 1189 
41 39 11 94 70 4 680 
94 42 82 41 74 68 250 
79 74 52 60 70 101 685 
46 77 85 21 87 97 449 
89 76 4 41 84 13 730 
101 58 39 63 7 100 969 
70 90 75 26 80 71 544 
16 59 32 73 95 43 1165 
64 28 75 85 8 21 64 
67 80 2 93 57 63 955 
18 15 100 65 4 79 928 
89 12 96 9 28 94 896 
19 75 69 90 72 66 451 
32 66 79 101 81 76 39 
12 75 36 24 10 68 1189 
46 34 11 94 66 21 913 
18 81 78 82 29 34 586 
7 35 4 87 98 43 1060 
51 22 66 25 5 75 949 
39 63 87 20 28 78 904 
42 61 99 8 47 64 174 
88 4 21 54 44 57 59 
42 34 39 14 27 13 1158 
14 47 71 64 49 99 961 
20 93 64 3 58 76 793 
77 8 82 53 81 75 776 
21 47 73 63 19 75 1193 
31 50 8 3 67 81 353 
16 29 46 100 67 38 829 
13 59 53 88 83 42 799 
28 60 62 48 40 33 1140 
102 100 3 31 26 83 1090 
45 57 2 92 97 38 743 
80 38 55 16 39 98 101 
90 21 76 38 35 34 42 
92 48 56 29 50 38 177 
31 45 71 43 57 81 822 
3 53 98 89 6 7 582 
24 9 34 3 38 87 138 
81 29 95 93 51 88 658 
11 48 65 49 3 48 604 
95 86 75 84 19 43 1066 
70 80 52 31 30 58 832 
41 24 28 14 53 5 614 
18 78 51 8 95 15 1128 
7 35 42 5 60 100 353 
25 61 21 21 46 26 131 
51 46 64 23 32 88 860 
25 39 36 52 45 101 950 
10 26 78 26 30 97 774 
47 12 28 71 60 41 198 
65 9 96 9 81 41 816 
34 89 87 65 30 24 1001 
98 7 55 17 101 53 180 
37 44 97 18 31 49 49 
36 39 54 74 49 56 735 
31 43 45 66 62 13 933 
39 94 63 102 75 83 597 
6 74 56 60 90 4 348 
67 101 92 52 94 65 1205 
52 35 92 83 70 24 822 
67 12 53 41 42 40 1205 
53 36 19 58 68 57 362 
66 100 16 61 55 34 787 
44 55 16 70 50 80 1058 
61 73 21 7 62 84 487 
64 5 21 50 65 32 178 
67 76 96 28 10 71 1052 
37 78 24 17 92 5 280 
59 40 74 94 63 14 1122 
65 100 53 8 76 92 26 
97 97 13 92 4 52 937 
82 22 43 43 11 3 294 
96 98 92 71 81 19 72 
67 49 58 4 20 25 31 
78 45 22 36 81 86 487 
83 14 28 90 55 48 943 
20 32 53 54 13 70 842 
3 62 39 97 75 98 374 
50 57 89 86 29 76 48 
79 24 9 32 19 86 159 
87 67 83 28 73 31 576 
19 6 53 8 57 36 912 
85 85 41 8 90 11 411 
58 40 7 28 74 75 507 
11 47 24 97 86 58 204 
98 58 71 4 70 86 383 
53 38 79 74 42 31 1147 
41 69 25 31 77 81 348 
28 78 102 101 58 8 98 
62 30 14 73 80 60 1067 
29 72 6 22 28 4 74 
4 29 56 34 46 50 859 
79 101 68 11 78 90 849 
81 71 5 14 80 25 1111 
10 68 3 65 73 9 147 
99 21 11 51 79 24 299 
51 48 69 14 60 40 1010 
31 48 65 3 72 20 581 
3 3 10 50 81 17 1149 
63 55 71 75 43 60 981 
82 59 61 101 68 47 370 
25 38 2 22 88 10 967 
22 40 63 4 91 66 1179 
20 3 4 100 9 32 1076 
94 100 41 19 81 4 599 
91 6 4 6 75 19 948 
66 10 30 95 9 17 513 
18 10 73 54 96 86 765 
58 60 3 61 17 44 381 
40 63 5 8 8 32 376 
36 61 100 18 49 21 654 
95 76 7 2 18 48 942 
92 70 67 88 21 88 406 
48 3 47 60 77 48 320 
48 27 89 3 87 13 998 
50 75 38 48 67 11 770 
86 98 60 101 98 56 589 
95 40 22 89 46 100 1080 
60 55 60 74 74 29 576 
51 20 101 33 37 97 516 
97 31 41 56 79 72 759 
8 89 61 81 94 80 651 
88 68 16 43 16 95 1107 
23 80 76 94 84 18 429 
80 61 70 63 61 8 1198 
12 83 36 68 29 28 642 
67 101 96 82 51 96 767 
54 88 92 23 4 54 915 
52 67 63 98 56 29 345 
30 93 19 36 74 57 938 
87 82 77 88 69 40 676 
82 83 14 35 24 74 318 
75 80 42 58 56 25 730 
18 74 73 75 101 26 452 
10 78 48 79 41 88 814 
8 17 37 37 15 22 866 
86 51 65 34 57 4 682 
15 79 79 20 34 19 845 
10 6 16 70 16 20 882 
7 68 57 86 88 61 821 
65 8 23 43 6 91 392 
25 10 43 47 24 83 1162 
101 71 62 9 71 99 1200 
13 23 69 102 3 101 978 
85 10 51 70 45 91 604 
74 58 79 30 30 39 1032 
98 75 25 94 39 79 69 
99 98 79 19 64 71 642 
86 56 43 4 92 54 499 
2 94 78 81 95 48 337 
15 85 80 43 62 16 186 
50 46 10 66 24 76 1049 
14 74 53 83 22 99 1068 
4 37 28 40 87 46 1172 
83 49 14 47 33 80 1027 
15 101 79 3 57 39 442 
12 35 40 71 80 57 1083 
22 28 101 75 51 42 142 
50 54 5 78 72 21 828 
99 98 22 92 98 4 1211 
75 76 81 66 62 53 1123 
4 90 71 9 91 9 741 
23 16 74 85 40 74 801 
49 76 28 87 20 70 156 
40 21 81 83 55 92 582 
53 21 11 91 91 22 558 
66 36 70 84 14 9 935 
84 50 9 60 31 36 321 
3 55 81 44 85 81 789 
71 93 28 37 20 15 855 
96 65 96 51 55 22 1010 
42 60 5 8 63 38 680 
72 73 25 26 58 23 619 
68 31 49 8 43 83 1162 
45 45 48 96 96 9 1075 
87 15 11 79 16 46 745 
98 78 38 24 45 11 1210 
21 5 14 64 94 21 350 
36 48 45 14 41 90 1187 
17 59 14 69 32 70 1045 
60 16 49 44 80 92 859 
55 14 86 100 74 98 289 
42 37 35 4 89 61 628 
69 68 67 77 58 66 988 
21 26 56 15 43 16 754 
90 66 21 16 32 60 987 
36 61 16 68 94 75 918 
25 81 67 45 10 36 1112 
50 85 69 24 28 91 421 
90 32 87 33 85 64 633 
72 15 90 60 3 73 400 
10 52 11 67 92 8 1179 
47 92 73 35 81 73 497 
84 54 94 6 71 48 568 
31 32 38 11 14 25 641 
