6 8
200
98 101 59 15 86 42 1313 
91 46 73 33 93 25 1131 
36 101 72 5 95 91 835 
6 64 42 92 70 87 1256 
64 55 96 16 57 97 1080 
82 45 2 61 80 84 912 
43 2 30 35 29 78 184 
4 23 14 21 11 89 1495 
39 19 24 18 57 6 439 
92 79 19 38 30 5 879 
58 72 46 17 9 97 1024 
64 14 59 44 11 68 982 
35 84 97 48 10 77 705 
28 80 46 25 81 31 833 
25 13 100 100 75 59 761 
53 70 6 4 94 31 1225 
7 67 76 47 40 69 940 
97 24 92 22 31 13 479 
94 2 95 30 68 14 634 
3 61 45 38 10 16 1339 
16 93 46 18 48 70 348 
15 72 79 43 64 95 450 
91 10 80 46 49 19 960 
70 13 76 27 19 38 66 
8 33 11 31 55 78 1337 
33 48 6 85 45 10 1296 
33 17 89 6 20 13 207 
54 67 94 64 98 25 750 
82 72 93 30 34 19 111 
41 70 14 11 20 48 940 
63 76 63 6 11 81 608 
98 89 24 101 27 93 883 
67 19 70 59 54 38 834 
79 15 57 13 93 75 1491 
49 78 97 2 68 57 1481 
94 33 60 89 46 11 1372 
85 71 31 9 28 55 1208 
53 46 55 68 12 8 1374 
63 9 95 20 9 48 799 
13 29 101 61 38 65 1203 
88 12 72 10 29 69 1539 
46 27 6 67 22 19 1563 
34 44 37 58 51 9 507 
26 66 71 39 65 37 1167 
44 32 50 92 91 2 1062 
35 85 59 84 42 92 272 
83 91 56 89 30 55 1294 
87 66 5 90 59 45 1018 
48 3 73 67 34 25 32 
97 59 77 33 19 33 1607 
61 79 76 11 19 16 695 
77 17 52 36 84 94 933 
68 46 4 35 60 5 1426 
84 88 20 10 69 17 1411 
35 80 58 13 24 83 424 
89 31 81 42 30 22 1161 
88 23 32 52 33 47 471 
14 75 100 62 30 13 1261 
93 58 3 51 102 58 691 
39 96 25 62 13 33 1291 
17 25 95 31 85 18 1568 
67 90 60 39 72 60 338 
7 60 54 96 72 51 1563 
75 79 93 31 66 31 800 
28 9 92 21 15 52 1578 
52 7 32 47 97 83 428 
71 45 15 32 100 24 524 
38 73 67 44 85 85 698 
48 4 2 21 89 49 632 
82 70 19 59 10 26 893 
55 23 51 77 70 72 67 
36 80 101 67 9 19 1470 
38 27 79 33 68 56 72 
5 32 28 10 36 89 1441 
77 97 75 92 100 79 1367 
52 18 69 17 16 41 196 
26 3 56 82 32 51 729 
45 42 28 44 72 52 806 
93 25 69 36 84 18 959 
84 28 77 11 42 8 1404 
11 12 18 55 17 94 1290 
31 74 29 6 41 46 524 
57 49 51 30 29 36 955 
95 102 84 34 25 55 688 
77 81 73 93 44 61 565 
32 12 91 57 60 72 1024 
53 42 32 45 74 29 439 
81 28 84 15 74 30 264 
13 36 23 94 41 39 879 
95 59 15 99 87 99 422 
39 62 75 71 66 98 677 
62 54 90 53 29 17 1562 
55 91 80 72 33 20 311 
78 70 64 21 35 11 948 
85 19 49 89 31 3 694 
68 11 46 10 34 77 829 
84 35 43 15 24 60 657 
70 37 28 56 81 9 992 
94 13 52 33 89 85 1253 
37 44 66 99 16 55 1422 
82 36 65 101 46 70 1532 
37 23 8 14 53 20 254 
84 23 35 52 96 84 1199 
100 96 79 47 93 76 770 
93 79 17 9 7 55 1426 
3 65 57 37 41 69 942 
91 46 21 38 68 63 876 
23 33 49 22 74 16 1344 
43 88 57 55 96 49 709 
46 93 6 48 67 30 1316 
59 80 17 58 17 18 146 
51 60 11 28 15 96 1152 
48 70 89 35 41 7 983 
80 2 85 46 22 16 732 
56 17 92 3 35 75 1038 
55 34 66 59 100 76 1491 
30 48 29 83 55 75 1613 
24 19 15 27 25 22 1302 
80 35 13 97 3 66 1563 
45 21 27 82 22 9 1512 
39 25 79 43 34 71 810 
56 58 65 69 43 48 515 
100 80 78 12 55 86 1220 
101 55 64 98 12 98 1386 
29 4 4 35 68 8 1398 
96 38 86 94 54 32 395 
79 50 30 62 20 66 744 
43 51 72 70 25 20 608 
72 17 47 24 75 67 440 
55 63 36 78 42 48 56 
44 94 20 3 56 53 365 
7 36 38 94 33 41 1410 
55 34 67 45 90 50 403 
23 41 72 80 68 99 388 
89 95 86 80 20 44 1619 
60 53 69 72 69 17 1059 
82 11 32 44 27 42 9 
31 71 35 54 99 81 338 
55 51 25 90 55 101 287 
43 54 15 15 99 89 1556 
83 100 75 23 36 62 664 
32 41 39 42 59 25 957 
26 53 29 23 66 81 82 
4 46 84 16 18 49 649 
58 19 31 30 55 7 778 
73 62 33 66 21 82 365 
12 88 50 99 77 61 276 
3 89 94 36 11 92 1285 
56 93 9 19 14 3 1209 
24 9 14 6 20 13 863 
93 98 59 47 101 85 1512 
60 36 19 43 90 25 904 
32 39 97 47 17 71 278 
71 26 49 8 81 50 1433 
81 38 95 59 50 66 165 
93 36 91 12 10 88 1577 
60 92 78 26 80 21 1494 
72 19 61 5 44 38 363 
75 13 40 21 36 7 1288 
100 26 86 42 61 47 650 
5 8 36 9 85 22 183 
36 72 84 3 31 98 141 
21 36 56 8 30 90 298 
26 53 93 75 83 20 980 
67 95 86 21 75 54 1102 
14 26 98 61 18 13 634 
42 58 20 7 11 72 1293 
92 32 37 33 59 24 1288 
57 46 36 4 5 53 1116 
80 101 84 58 46 43 112 
12 59 49 14 79 81 1364 
97 74 70 75 49 83 1228 
65 51 90 18 32 91 932 
83 65 60 15 62 72 1023 
59 39 51 66 31 74 1315 
75 90 21 83 44 97 973 
74 67 31 57 72 95 246 
52 96 42 16 54 52 475 
97 91 101 19 11 23 628 
38 21 11 20 10 97 1472 
63 72 37 90 95 99 148 
99 31 60 91 79 50 114 
45 11 52 79 25 54 1272 
101 21 65 35 76 23 590 
48 22 39 64 100 27 1449 
26 7 28 61 54 22 1589 
62 44 30 34 75 34 1514 
13 61 43 88 45 14 1015 
52 74 57 21 78 75 839 
10 23 29 81 25 20 308 
6 26 20 73 34 83 634 
80 38 3 3 92 45 576 
64 98 79 57 15 29 1202 
35 73 42 78 49 48 845 
23 2 55 52 15 76 113 
37 26 17 14 34 25 1190 
38 56 19 89 32 18 764 
26 53 26 12 93 47 1161 
54 79 97 86 37 89 923 
38 50 53 78 71 30 436 
