4 2
200
71 98 59 69 112 
5 15 71 17 388 
60 51 99 95 63 
83 41 98 64 396 
46 47 84 44 351 
55 85 80 52 159 
100 58 92 35 189 
82 30 81 34 222 
10 34 48 9 352 
94 85 33 71 294 
15 11 84 33 82 
26 16 17 83 301 
22 38 22 78 395 
4 61 67 49 142 
55 62 66 10 364 
13 101 76 58 385 
73 53 11 80 107 
91 76 61 15 91 
68 16 100 60 139 
74 15 72 12 345 
35 20 87 36 79 
55 47 76 44 36 
27 42 61 89 14 
71 29 44 52 34 
29 2 54 27 279 
41 64 8 77 69 
101 31 66 74 251 
55 69 76 61 298 
46 3 18 7 393 
29 57 13 57 263 
47 73 22 5 234 
35 68 62 68 326 
93 40 101 28 41 
99 78 89 27 206 
5 55 85 79 261 
28 86 49 30 170 
86 53 53 12 291 
30 11 63 16 117 
89 9 10 81 333 
8 4 93 97 406 
53 70 88 7 253 
95 90 44 41 127 
51 21 33 27 392 
43 89 91 57 333 
90 16 75 99 261 
98 47 6 98 238 
26 95 54 31 370 
18 67 49 50 321 
43 69 25 86 323 
70 78 85 85 168 
21 16 38 15 50 
38 98 91 43 271 
50 85 48 83 28 
58 68 4 36 329 
78 42 42 78 169 
23 94 91 20 392 
22 64 23 57 161 
13 59 41 19 222 
22 78 8 84 127 
59 22 44 79 96 
3 75 51 5 266 
81 76 62 74 370 
47 9 72 47 190 
88 64 93 43 391 
101 29 87 82 249 
101 36 60 47 343 
3 52 14 97 388 
49 15 20 92 247 
39 99 69 28 40 
15 8 63 38 183 
97 31 3 83 99 
76 90 71 44 268 
47 18 17 90 367 
97 97 77 52 407 
76 46 3 83 240 
4 62 61 72 197 
96 75 24 3 365 
74 51 32 73 87 
60 45 79 26 66 
24 84 81 39 60 
20 32 14 38 290 
53 29 22 25 90 
16 31 101 96 294 
74 96 16 100 74 
48 67 6 31 170 
32 69 79 67 152 
22 83 24 58 125 
65 63 88 32 160 
47 31 9 51 31 
31 47 85 54 180 
30 70 83 21 279 
55 28 85 97 168 
85 52 57 88 7 
35 9 45 65 38 
13 10 87 62 299 
19 60 57 24 52 
88 86 27 23 39 
55 2 5 90 318 
39 80 93 91 228 
96 77 23 50 303 
24 4 21 45 136 
22 85 23 48 211 
97 73 63 84 226 
101 27 35 79 199 
35 6 57 88 294 
35 19 98 6 322 
44 38 9 50 369 
86 67 83 91 364 
72 81 60 38 338 
68 19 11 36 232 
71 44 47 102 169 
20 49 36 73 3 
5 89 19 69 39 
61 67 16 94 292 
36 46 47 90 322 
56 48 20 5 28 
18 10 64 49 42 
3 93 9 8 294 
38 33 12 90 351 
84 64 93 29 98 
3 5 18 64 95 
27 99 59 23 356 
74 31 33 67 346 
97 27 72 59 37 
70 60 9 22 145 
5 36 58 4 395 
94 57 93 81 24 
14 94 102 26 347 
6 36 88 21 406 
10 2 47 5 371 
59 93 36 21 230 
45 98 98 29 83 
92 42 58 26 387 
20 40 54 62 296 
5 27 48 74 22 
35 74 90 23 114 
4 91 55 13 165 
3 23 74 25 256 
18 97 75 6 386 
65 81 64 26 334 
72 51 87 33 358 
33 48 64 16 95 
73 10 77 101 74 
3 90 47 86 383 
98 67 31 99 231 
10 54 44 80 171 
57 13 66 41 237 
55 6 24 25 37 
57 62 61 2 376 
10 22 76 89 382 
78 36 80 32 349 
6 22 90 77 326 
81 6 86 74 279 
62 46 39 43 264 
99 68 24 77 159 
39 9 30 7 198 
90 81 57 86 269 
23 35 35 55 220 
35 18 49 45 122 
53 78 88 34 132 
66 85 34 24 395 
12 14 4 94 199 
99 94 86 28 376 
2 51 102 8 195 
29 13 85 90 130 
83 20 81 48 356 
63 22 99 75 345 
6 49 35 89 228 
11 33 43 7 230 
43 34 23 53 121 
4 78 82 86 22 
55 2 46 93 65 
94 35 58 7 356 
79 97 13 44 358 
56 18 14 53 158 
99 72 80 34 370 
51 99 29 18 347 
87 43 14 70 132 
6 4 44 74 262 
78 76 39 20 324 
47 23 81 66 310 
88 65 31 48 36 
85 24 15 2 272 
96 8 42 22 9 
38 85 45 12 342 
53 76 43 89 257 
24 35 63 54 185 
30 20 66 43 402 
24 13 69 62 201 
84 92 44 7 285 
72 36 19 18 176 
64 81 71 82 103 
15 25 45 85 351 
52 64 62 57 160 
78 44 102 23 326 
27 19 85 63 11 
63 33 37 19 378 
90 18 47 12 338 
51 51 86 18 351 
101 70 86 76 403 
