4 6
200
37 58 84 85 504 
68 82 101 28 576 
15 87 87 17 1152 
34 26 36 36 958 
4 63 56 75 496 
97 64 78 75 953 
82 82 58 33 582 
15 99 80 89 485 
91 55 35 87 993 
56 71 61 5 1174 
25 19 18 71 685 
76 4 11 45 569 
6 6 28 50 820 
35 31 55 70 991 
37 49 49 96 1094 
51 29 71 94 1055 
27 5 75 79 671 
65 67 88 77 895 
13 90 37 43 438 
87 29 87 20 587 
27 18 94 24 743 
78 72 24 82 91 
49 35 19 59 257 
3 34 52 95 51 
71 45 80 97 856 
49 14 8 60 60 
24 44 53 46 751 
12 13 52 18 959 
94 45 8 70 318 
80 73 81 22 427 
55 79 94 16 970 
84 40 99 54 167 
67 66 65 77 1045 
7 84 75 97 138 
92 83 36 17 143 
28 39 12 71 1127 
78 35 88 26 635 
47 52 40 67 974 
74 16 100 5 166 
30 82 33 85 252 
98 101 85 11 554 
74 45 79 4 656 
47 30 30 62 462 
34 80 42 26 495 
58 46 10 18 480 
77 85 33 4 1022 
48 8 29 50 1176 
79 52 80 80 982 
4 75 37 13 429 
46 88 40 67 999 
52 42 9 45 795 
54 93 70 72 857 
90 14 77 21 98 
40 3 81 66 743 
84 3 63 45 473 
85 11 99 83 1161 
91 48 68 22 412 
7 101 87 86 545 
88 84 10 11 1126 
92 99 19 5 1185 
45 9 75 6 1218 
51 81 66 6 1006 
45 96 89 77 994 
44 48 58 87 32 
41 18 98 22 912 
2 94 54 53 598 
88 94 95 86 631 
84 74 64 22 1030 
28 38 83 3 20 
94 97 35 29 606 
46 44 34 3 711 
29 13 56 32 1215 
59 29 14 57 1182 
53 3 5 25 1217 
72 85 37 3 937 
5 38 97 20 1013 
7 61 27 4 58 
46 62 94 28 299 
73 21 34 23 335 
101 25 27 7 620 
92 94 12 30 972 
63 9 33 26 673 
93 18 37 49 1152 
100 4 12 53 647 
93 11 79 101 352 
53 53 16 76 948 
82 12 92 70 1131 
15 51 99 25 539 
39 31 70 73 403 
56 86 87 29 362 
99 15 77 54 732 
83 17 13 101 345 
12 95 59 49 920 
83 29 69 57 989 
51 7 90 9 194 
63 44 8 68 911 
70 68 89 46 980 
69 38 40 10 139 
101 40 100 97 422 
46 74 23 98 635 
30 18 33 48 989 
95 27 70 38 1205 
42 10 47 27 739 
46 8 15 69 103 
47 91 61 45 1003 
13 9 95 74 876 
91 23 12 16 574 
54 37 42 66 1068 
43 70 3 12 877 
93 95 75 36 1108 
40 62 56 90 82 
41 59 89 66 858 
88 34 98 67 120 
21 100 33 80 108 
11 68 51 82 819 
79 90 52 74 1117 
20 36 61 84 410 
31 69 25 10 103 
97 50 78 95 15 
11 74 39 102 650 
95 64 97 28 1000 
74 13 76 23 357 
53 9 17 75 640 
54 75 16 33 988 
53 77 25 72 169 
63 92 58 81 704 
7 53 52 21 1202 
57 41 35 2 747 
20 96 4 81 702 
90 34 5 43 598 
38 61 7 21 23 
20 42 27 14 255 
85 57 97 65 294 
2 59 99 77 1185 
15 42 15 72 764 
60 75 46 15 312 
31 89 16 32 263 
49 48 33 19 980 
18 16 24 81 959 
65 100 41 57 701 
34 38 30 46 435 
98 47 37 59 539 
48 97 14 88 1129 
98 43 67 44 947 
56 28 81 97 990 
101 20 36 94 1211 
61 36 91 57 1146 
95 61 72 97 307 
3 13 76 75 423 
22 4 37 89 1011 
25 35 99 80 36 
8 59 35 66 444 
80 13 45 60 1036 
14 8 59 95 1219 
38 73 73 19 929 
46 53 8 63 740 
99 85 49 12 931 
28 39 14 55 1071 
38 29 8 60 573 
92 70 18 91 277 
16 47 44 90 566 
54 65 82 4 724 
57 52 74 5 477 
97 66 35 84 719 
77 97 6 7 779 
12 66 14 72 1049 
78 37 20 40 566 
54 43 61 65 291 
65 59 12 95 401 
88 56 5 22 631 
28 37 36 32 579 
22 43 39 26 445 
90 53 12 18 1020 
22 35 36 59 1059 
56 7 72 60 1169 
21 87 13 75 952 
58 63 95 21 734 
43 3 90 93 326 
14 6 37 29 437 
14 49 96 12 161 
55 22 48 35 1187 
22 67 78 36 352 
37 32 66 48 988 
29 60 93 58 516 
21 47 45 33 918 
53 73 45 25 1017 
73 93 3 62 303 
37 17 61 24 486 
79 26 55 64 1120 
84 42 91 48 108 
56 58 40 70 1151 
10 79 17 60 568 
52 24 56 53 701 
46 31 6 24 556 
14 101 71 19 801 
97 94 83 41 1143 
13 84 99 16 355 
17 55 34 68 201 
60 102 3 78 1099 
57 73 4 7 580 
