6 2
200
12 35 68 33 74 81 294 
15 83 86 76 9 49 76 
74 16 49 19 7 99 30 
95 86 35 24 39 52 302 
100 58 82 85 53 67 229 
14 35 23 16 55 69 185 
7 22 30 84 32 75 110 
31 58 73 16 85 33 69 
51 35 11 37 31 100 62 
27 6 93 57 85 64 245 
83 29 5 54 32 64 360 
66 7 42 9 80 49 285 
2 11 71 71 36 42 258 
101 14 81 26 71 32 327 
18 39 29 50 12 69 195 
31 70 64 55 71 30 347 
30 71 31 53 53 47 102 
97 24 89 51 25 99 333 
17 26 30 63 34 10 197 
70 15 61 69 83 24 292 
43 9 18 67 13 80 293 
44 52 75 21 87 57 88 
17 42 101 90 72 68 58 
46 36 94 39 22 39 245 
58 72 86 72 25 55 223 
17 73 86 14 20 12 297 
76 57 44 49 55 29 218 
75 62 82 13 58 60 392 
75 25 30 93 43 14 351 
82 91 51 64 4 69 407 
71 17 78 53 58 43 288 
80 52 92 69 12 8 340 
11 6 61 69 98 60 173 
50 58 23 79 100 89 381 
69 95 87 52 62 56 19 
47 6 61 102 19 28 387 
75 40 26 33 7 5 291 
87 92 97 9 11 60 88 
62 57 76 60 56 79 50 
59 8 19 52 55 81 262 
2 102 69 81 35 49 305 
20 99 48 95 86 24 334 
6 92 46 53 98 85 349 
50 87 43 64 51 85 66 
34 9 83 54 26 9 346 
92 29 30 78 12 49 172 
60 30 67 73 57 32 219 
18 75 101 59 98 81 212 
16 28 19 86 66 61 351 
92 68 42 62 17 99 57 
65 18 78 88 38 46 367 
59 78 93 96 55 64 68 
35 84 98 30 31 35 309 
3 13 94 48 90 58 278 
64 27 13 42 35 42 218 
59 25 73 62 37 64 233 
52 28 93 13 99 72 234 
86 47 34 88 66 40 251 
8 86 42 51 90 24 389 
53 82 56 22 24 65 312 
61 26 70 95 73 21 209 
87 3 37 93 88 13 321 
82 81 56 71 4 94 211 
41 34 13 50 42 64 406 
47 39 93 76 9 83 102 
22 65 95 94 21 12 85 
85 7 60 4 13 19 288 
3 2 52 22 73 27 82 
95 60 48 34 59 53 163 
66 45 19 81 32 56 245 
18 62 79 85 83 33 231 
29 55 48 31 47 31 182 
39 43 56 38 57 7 114 
8 49 63 64 61 83 77 
64 43 24 83 65 12 346 
42 75 40 92 96 65 271 
6 102 5 14 24 97 113 
4 64 46 77 51 34 46 
15 18 22 25 52 40 266 
14 26 50 84 21 62 396 
70 18 48 63 44 64 7 
50 60 52 39 88 93 243 
81 80 8 16 80 76 110 
59 19 69 46 27 3 377 
78 56 32 6 37 32 143 
48 100 16 9 73 12 268 
60 72 88 66 49 8 137 
47 45 71 42 88 72 44 
101 81 19 19 62 11 293 
6 22 35 52 63 26 135 
83 94 9 10 66 63 405 
49 83 82 80 98 61 126 
14 63 65 51 62 27 193 
21 99 92 12 3 96 222 
52 55 16 88 83 3 266 
53 64 35 24 11 13 212 
99 39 40 67 52 43 376 
61 72 3 3 102 88 250 
97 18 99 66 69 47 398 
30 68 94 16 60 68 249 
101 32 30 53 16 97 92 
62 54 48 53 55 64 369 
85 15 87 83 17 6 229 
47 38 60 44 68 56 281 
73 48 52 93 78 33 245 
42 75 52 88 92 41 143 
66 54 15 16 85 9 186 
55 9 35 45 64 7 222 
96 72 10 50 43 56 365 
8 97 62 79 33 33 178 
42 37 97 27 67 23 330 
86 47 30 85 49 25 75 
41 19 50 16 29 8 185 
5 44 41 51 87 47 239 
58 55 39 54 78 4 52 
74 40 21 99 86 75 43 
27 82 66 96 32 74 276 
80 14 66 6 27 100 154 
95 58 78 82 78 24 115 
95 93 33 73 23 8 271 
81 31 19 45 34 37 320 
64 76 57 57 76 93 321 
43 75 50 53 6 77 325 
84 45 19 10 53 84 131 
91 36 25 11 68 3 402 
85 49 63 95 65 61 128 
84 22 26 4 33 51 214 
20 84 22 20 33 89 397 
88 102 37 84 55 49 297 
42 35 48 10 92 82 236 
29 89 60 42 18 51 2 
25 95 8 21 35 82 292 
54 5 93 37 16 3 394 
49 28 13 12 14 60 170 
90 80 96 44 71 97 371 
97 63 79 17 40 99 260 
9 31 64 22 69 3 362 
32 58 75 78 81 63 326 
63 49 32 5 92 61 145 
17 14 80 66 87 83 232 
44 15 22 78 6 35 166 
99 51 93 47 59 55 237 
24 23 68 92 35 13 140 
16 50 14 50 41 30 373 
20 87 58 84 22 34 360 
44 55 101 77 30 41 261 
101 41 60 35 8 79 380 
92 14 76 54 72 25 115 
68 10 31 67 6 51 325 
66 37 65 39 23 72 327 
70 69 17 7 74 72 63 
10 56 17 35 53 100 113 
75 84 32 53 11 62 311 
48 73 12 26 92 86 144 
6 96 98 87 10 15 94 
47 62 49 100 54 15 236 
55 16 35 55 53 54 371 
55 35 88 13 11 6 91 
98 6 83 83 88 82 19 
62 20 49 45 87 7 116 
24 86 54 59 49 21 378 
59 80 72 41 34 46 209 
63 12 76 100 11 3 199 
57 67 19 69 35 55 382 
97 87 12 67 49 65 129 
51 36 56 64 87 31 163 
29 13 44 56 38 55 402 
11 75 47 78 6 81 273 
21 38 92 16 67 101 250 
94 62 76 87 83 22 50 
78 22 38 26 73 11 118 
56 77 15 99 2 97 355 
14 67 91 45 85 66 127 
100 66 50 22 32 80 142 
53 70 71 57 35 89 134 
56 11 55 35 73 40 264 
63 80 19 67 6 76 328 
97 87 44 100 57 83 317 
58 90 5 43 32 96 15 
8 46 44 69 11 56 239 
58 38 13 15 28 68 153 
88 32 57 28 6 56 227 
86 29 59 80 7 57 400 
23 51 93 42 46 63 224 
35 77 100 98 22 24 163 
50 33 87 31 17 42 283 
60 50 17 28 42 50 94 
19 87 91 5 101 62 144 
89 21 75 84 7 84 218 
57 59 33 86 34 18 144 
98 74 51 93 17 31 257 
4 78 16 6 16 34 66 
92 11 94 22 63 7 252 
14 14 49 12 60 18 12 
92 86 44 9 34 90 89 
15 42 15 87 34 74 349 
45 61 79 93 52 39 268 
50 40 66 73 13 75 343 
62 3 83 59 14 62 47 
94 74 99 84 46 96 314 
