6 6
200
32 28 16 92 75 22 42 
32 8 73 13 4 10 481 
38 25 17 66 51 30 1060 
12 59 5 21 70 51 364 
99 60 38 6 19 25 977 
56 19 45 3 57 89 819 
84 60 33 48 69 10 194 
57 70 33 31 86 45 254 
71 13 73 7 73 76 413 
50 37 9 87 87 61 1004 
8 74 65 96 43 22 338 
101 74 74 4 43 16 512 
92 8 77 35 82 61 1040 
8 74 98 86 15 35 422 
25 26 63 84 50 36 604 
98 70 37 45 25 95 858 
41 101 5 31 62 94 710 
32 34 54 6 2 99 1219 
3 69 11 30 89 95 937 
50 14 21 95 82 94 1145 
40 42 93 59 68 17 819 
75 95 57 55 43 78 1139 
94 11 80 50 39 52 1173 
3 28 17 38 2 96 1121 
89 86 38 82 101 66 1122 
94 63 49 36 84 35 340 
76 57 76 47 19 86 680 
5 44 47 46 45 100 456 
16 78 23 68 23 77 1053 
11 21 76 44 14 3 3 
49 33 16 56 19 70 333 
73 43 93 85 12 38 1028 
44 93 38 59 69 56 956 
88 28 70 63 59 44 787 
38 2 5 7 84 57 680 
13 34 91 28 32 12 525 
37 32 85 13 41 4 824 
30 40 87 47 49 24 757 
7 47 96 62 28 65 434 
42 90 81 30 83 30 387 
61 49 33 39 46 37 624 
98 88 52 20 42 99 103 
64 20 61 37 35 96 68 
88 98 68 5 49 9 1154 
44 6 85 60 76 38 835 
93 56 10 5 89 13 116 
62 46 43 89 68 29 955 
72 21 95 49 37 28 896 
53 67 36 99 30 59 662 
84 68 62 68 63 42 875 
66 53 35 49 85 98 329 
54 27 18 83 82 18 884 
86 93 13 41 12 97 489 
91 76 7 61 56 57 949 
80 83 23 7 89 9 71 
70 62 3 54 32 48 1218 
42 20 18 49 42 84 1195 
77 51 29 54 47 34 917 
80 29 90 31 43 51 904 
45 97 79 95 12 69 202 
33 12 89 81 51 42 602 
58 92 14 16 76 82 33 
35 95 55 44 77 33 1108 
35 15 25 91 99 28 1184 
25 41 56 33 17 83 548 
41 42 74 98 93 28 267 
40 78 17 69 71 73 135 
4 26 53 37 38 28 1197 
99 66 92 53 17 54 409 
53 60 85 60 101 60 1147 
55 83 48 86 7 71 1164 
39 10 24 30 57 88 252 
17 4 98 81 57 49 515 
79 84 47 79 75 90 1067 
20 33 11 73 15 19 602 
46 8 53 33 59 5 732 
57 70 26 62 69 15 440 
57 89 81 45 13 54 935 
100 3 9 34 82 10 231 
79 15 59 43 71 73 872 
99 47 51 100 46 84 262 
16 23 18 9 78 53 775 
46 32 29 4 68 75 554 
7 46 101 79 97 43 958 
57 68 21 100 43 67 717 
44 32 47 69 71 57 1033 
81 93 27 7 59 57 407 
85 32 41 5 101 28 1120 
3 52 24 51 43 45 727 
57 100 11 36 89 7 19 
102 84 38 98 20 63 317 
55 76 74 40 88 47 874 
38 82 97 45 41 69 505 
82 25 19 30 14 27 301 
95 18 73 72 53 34 1025 
50 5 9 83 67 68 593 
78 52 13 58 100 90 228 
19 16 94 50 40 62 238 
61 20 70 8 38 3 732 
59 3 70 37 15 90 1088 
79 90 63 75 3 95 55 
75 8 75 16 39 8 928 
4 81 24 15 74 66 1083 
87 41 78 31 66 91 229 
51 45 23 87 2 32 495 
28 32 77 38 69 17 1055 
14 97 93 101 97 86 673 
24 48 24 44 25 2 1132 
50 88 46 39 6 88 293 
65 54 32 39 78 37 935 
51 49 79 6 51 4 883 
46 86 33 71 7 66 337 
98 101 45 79 31 50 953 
46 33 101 65 31 64 606 
45 64 64 21 51 81 891 
101 47 40 76 100 22 51 
4 15 70 102 24 98 816 
55 89 62 49 89 100 62 
19 79 43 22 42 25 16 
24 71 52 58 87 57 1192 
56 7 5 33 30 76 519 
19 34 66 9 68 85 1106 
77 4 74 63 82 70 1008 
70 99 55 60 100 5 975 
46 20 46 39 44 71 1209 
84 58 18 62 27 65 1216 
48 79 15 76 42 13 578 
69 80 97 7 89 17 1058 
10 52 75 32 73 65 900 
16 22 72 26 16 94 1140 
48 58 3 57 7 85 272 
22 42 86 60 94 34 944 
42 51 34 57 56 14 904 
8 45 32 56 102 28 387 
59 45 52 28 21 56 255 
24 95 52 83 34 66 1085 
12 91 74 81 32 98 910 
73 40 71 62 81 21 492 
16 73 4 7 59 93 760 
99 36 33 75 80 58 223 
58 85 76 24 50 87 1180 
55 60 77 72 31 59 1060 
7 83 69 42 37 83 98 
24 50 78 77 76 29 151 
57 43 8 54 42 58 190 
57 97 40 33 36 46 741 
16 28 38 30 35 77 1132 
55 67 35 46 78 12 410 
37 100 49 76 61 86 1199 
19 71 20 91 3 73 608 
88 31 11 2 39 49 106 
24 42 50 42 53 22 33 
78 75 10 66 48 84 256 
99 93 59 78 61 64 1183 
59 20 40 34 6 45 820 
38 26 45 41 65 27 161 
60 101 36 9 66 97 502 
98 12 27 57 91 31 1083 
40 54 27 79 87 14 790 
24 12 10 49 79 38 496 
51 67 28 85 59 10 486 
94 25 70 97 69 58 743 
11 15 80 17 16 81 1191 
74 20 63 80 15 50 444 
91 28 63 90 62 3 585 
47 101 74 34 23 51 570 
31 59 84 20 58 6 160 
99 32 34 65 59 45 937 
48 66 7 46 61 5 31 
98 9 10 9 57 15 786 
16 8 85 95 32 53 525 
64 81 62 59 47 25 1137 
98 31 27 5 59 73 1202 
37 69 90 64 47 46 407 
51 77 13 3 93 51 1017 
27 51 72 29 94 36 1037 
87 47 89 17 82 11 1224 
80 85 6 100 44 68 959 
41 97 33 86 9 12 154 
6 51 58 56 76 12 878 
82 57 78 67 39 15 612 
24 3 49 67 37 35 868 
94 9 5 51 85 7 1048 
56 41 45 87 26 74 995 
98 33 63 8 102 30 1200 
30 30 34 6 55 30 211 
96 86 21 74 78 44 149 
45 55 7 94 7 88 324 
18 35 82 15 43 71 323 
72 88 61 37 7 75 783 
80 73 47 32 78 71 741 
57 26 15 50 33 71 649 
80 58 16 97 44 74 148 
98 55 93 13 62 93 284 
100 62 39 74 71 50 788 
84 62 63 31 20 68 753 
11 68 68 12 102 75 1133 
32 47 43 65 3 54 1012 
20 56 21 19 80 39 697 
66 78 78 64 23 91 1170 
