2 2
200
61 84 368 
98 83 209 
54 49 189 
55 98 406 
90 83 205 
16 27 403 
28 38 55 
48 80 272 
15 21 150 
37 28 69 
42 15 354 
23 61 245 
9 34 333 
13 61 49 
23 64 257 
87 68 107 
25 19 145 
39 94 329 
98 15 18 
26 86 253 
17 19 89 
32 15 339 
15 69 95 
92 9 379 
19 18 313 
3 26 65 
6 29 218 
13 14 37 
83 5 83 
8 27 187 
58 85 198 
22 98 173 
92 94 202 
82 75 405 
5 35 43 
44 22 314 
6 97 361 
90 22 232 
11 6 22 
15 51 43 
65 8 170 
79 36 99 
47 100 80 
37 13 136 
68 26 223 
56 10 325 
100 41 339 
45 4 124 
59 70 259 
94 13 377 
39 80 176 
41 19 271 
60 28 403 
88 100 92 
60 71 343 
58 24 392 
4 57 393 
27 16 41 
29 22 18 
13 22 272 
63 55 354 
29 99 138 
92 29 31 
90 98 334 
83 14 170 
63 87 137 
48 3 186 
69 91 229 
98 14 258 
35 14 395 
64 49 24 
34 28 182 
37 33 294 
53 68 388 
91 16 241 
16 46 11 
70 68 142 
73 67 78 
23 95 260 
33 33 348 
72 59 64 
12 28 203 
78 51 354 
99 27 224 
63 98 147 
52 80 310 
99 84 277 
63 67 188 
64 93 333 
89 13 133 
83 7 408 
89 82 39 
82 81 357 
11 40 390 
18 73 167 
82 12 285 
85 73 64 
90 36 202 
20 12 373 
72 50 144 
70 92 157 
56 18 86 
57 77 64 
29 73 406 
90 90 179 
74 47 384 
7 85 334 
14 6 164 
19 95 291 
53 71 289 
20 12 128 
54 44 199 
59 63 224 
22 27 144 
56 58 3 
18 102 189 
8 47 263 
99 67 267 
55 58 350 
100 39 98 
51 6 24 
47 11 248 
70 38 189 
97 17 343 
41 87 236 
49 60 195 
41 3 381 
27 47 99 
8 22 187 
68 101 349 
65 61 99 
33 73 87 
32 12 194 
42 49 261 
102 13 126 
82 60 325 
10 8 402 
40 61 149 
32 26 243 
83 40 362 
17 5 151 
63 34 229 
62 10 61 
39 19 197 
2 102 220 
32 27 140 
95 28 256 
68 60 379 
89 27 3 
90 3 190 
64 50 292 
61 27 184 
29 41 322 
77 22 203 
67 73 365 
52 40 243 
84 3 404 
27 90 52 
28 51 182 
46 76 32 
58 74 33 
70 77 281 
79 44 305 
11 4 351 
57 21 25 
15 3 356 
5 39 356 
43 7 407 
49 38 247 
61 34 310 
3 85 269 
73 21 197 
44 99 392 
23 76 391 
87 75 401 
15 72 283 
9 15 198 
59 42 152 
22 17 275 
10 23 160 
10 20 40 
101 10 80 
22 86 407 
60 73 17 
93 85 257 
93 58 131 
4 36 269 
93 54 81 
29 45 176 
31 53 19 
83 36 312 
59 14 231 
88 88 266 
81 95 354 
72 51 171 
47 68 236 
76 31 240 
37 8 353 
75 19 266 
92 73 266 
