8 2
200
33 27 91 84 18 94 43 68 159 
36 13 51 30 69 79 72 90 184 
45 27 71 4 53 12 100 56 71 
86 50 80 81 68 75 72 29 152 
51 41 65 88 17 49 22 63 305 
49 25 28 60 18 13 5 41 112 
61 31 75 80 86 64 77 59 77 
62 57 48 78 60 42 42 23 202 
83 60 12 25 84 92 38 52 129 
93 29 33 69 78 29 48 13 399 
66 72 57 4 13 60 30 62 26 
31 74 67 88 20 98 64 23 331 
19 38 49 85 45 36 33 86 123 
89 96 81 20 32 49 44 78 207 
96 82 49 53 97 25 86 8 322 
68 7 11 38 7 57 48 30 305 
53 82 30 24 73 29 30 43 270 
29 13 44 20 46 44 47 70 172 
37 68 43 26 101 38 57 66 324 
23 53 91 26 74 4 74 93 391 
25 74 10 21 25 56 58 59 391 
39 51 63 68 92 39 15 14 255 
35 29 83 94 69 9 50 9 366 
79 5 40 42 47 55 48 25 391 
36 17 45 90 70 44 42 20 64 
21 57 63 54 13 63 41 41 262 
17 33 8 3 74 18 66 81 222 
59 99 6 10 22 70 43 81 393 
21 47 61 41 53 51 94 31 213 
31 27 94 79 3 8 91 34 373 
92 34 45 29 26 90 90 85 85 
13 12 37 95 13 34 66 22 383 
7 78 82 59 11 44 66 37 223 
65 82 98 100 21 90 79 53 192 
55 94 23 73 53 70 31 83 78 
19 38 15 62 15 83 14 86 227 
13 36 25 3 65 90 36 27 15 
26 16 93 49 18 63 87 14 113 
74 35 27 14 30 31 26 49 407 
43 5 69 17 88 37 35 67 72 
25 54 31 35 39 28 67 7 274 
30 72 21 55 76 4 56 41 208 
33 101 8 97 79 18 91 95 93 
38 11 30 58 16 53 45 64 244 
100 41 98 101 49 25 64 98 312 
83 91 30 67 64 49 86 4 271 
14 31 76 15 46 47 5 31 391 
41 74 59 70 11 15 44 58 408 
57 33 54 84 35 83 42 10 18 
96 73 49 83 74 13 87 34 137 
87 87 97 53 98 20 29 24 101 
22 15 81 18 25 8 49 32 291 
16 31 97 95 75 38 43 11 237 
51 60 2 47 85 79 81 58 291 
7 5 37 36 57 13 59 22 389 
27 80 49 43 36 44 42 72 13 
40 95 13 61 13 89 63 81 260 
26 76 31 4 38 69 37 44 110 
38 83 76 86 38 55 43 18 128 
12 9 26 60 7 15 77 43 262 
62 48 95 51 75 78 49 35 188 
68 25 44 82 9 95 17 6 365 
30 56 59 60 20 96 57 52 291 
42 68 71 18 29 97 5 77 390 
36 89 10 100 39 5 10 77 381 
91 32 3 33 45 3 26 48 358 
9 4 31 100 95 25 7 10 275 
79 52 97 49 79 34 99 83 73 
84 33 19 56 52 44 3 68 84 
72 10 24 70 94 83 9 98 295 
69 37 96 87 95 31 37 33 104 
100 45 55 70 36 64 85 44 65 
73 55 54 88 99 29 5 37 405 
47 11 60 16 41 84 62 32 189 
26 99 40 90 21 21 19 5 97 
70 4 77 63 87 52 68 39 176 
22 83 40 68 84 60 32 93 91 
69 86 5 73 10 5 18 61 188 
80 85 36 35 71 96 6 37 135 
27 86 26 10 51 4 41 42 204 
10 60 17 82 61 30 100 52 80 
22 99 96 73 47 27 6 90 222 
10 90 13 46 65 49 27 7 29 
100 61 37 3 34 71 56 10 10 
33 100 26 9 37 22 77 86 160 
41 56 41 101 6 63 50 32 213 
41 66 97 70 56 56 23 101 368 
86 21 66 27 19 39 25 75 367 
32 4 55 94 71 81 10 88 209 
70 101 57 77 55 4 19 17 179 
9 65 45 72 87 38 31 93 263 
77 16 38 4 77 33 73 20 119 
101 49 97 18 62 70 5 56 2 
37 11 69 64 10 4 96 18 42 
49 62 18 19 65 80 17 35 293 
16 68 26 26 6 37 75 19 280 
50 93 5 77 69 34 37 96 334 
100 14 8 36 10 61 23 26 236 
15 84 86 20 3 29 99 91 358 
78 13 7 34 91 93 36 47 104 
9 73 95 86 84 70 98 19 87 
67 82 60 67 5 82 79 63 144 
86 32 92 78 81 81 46 62 343 
78 68 25 18 2 65 36 16 216 
66 30 3 18 24 86 8 33 35 
32 13 9 28 57 31 58 51 63 
37 34 95 17 42 24 86 21 211 
100 52 82 97 34 91 29 15 134 
36 70 11 8 71 49 72 16 201 
79 53 13 96 62 53 50 101 336 
62 52 90 81 34 5 34 10 334 
30 36 81 20 101 44 98 24 331 
8 31 64 47 46 28 75 10 281 
42 6 92 31 50 35 9 69 260 
46 57 39 8 76 63 68 44 327 
72 61 54 72 100 40 72 43 287 
22 17 7 64 8 26 36 94 18 
94 101 89 48 13 34 80 54 271 
46 2 56 3 82 4 48 5 200 
19 73 9 53 62 8 64 89 214 
60 84 52 15 74 84 59 75 178 
95 26 50 22 93 48 74 27 168 
18 21 37 5 18 5 77 19 87 
99 43 41 82 86 25 82 22 285 
19 34 30 74 45 8 61 55 323 
2 99 81 63 81 36 68 48 277 
19 58 68 49 39 58 63 62 134 
6 15 42 27 42 74 78 58 382 
15 46 78 30 46 66 26 77 82 
43 38 64 7 17 39 58 64 262 
6 72 97 75 12 85 76 57 163 
41 77 59 10 87 25 43 55 12 
94 91 14 4 25 64 38 22 99 
73 101 100 5 71 80 10 74 350 
101 42 36 95 57 91 26 87 407 
65 36 53 40 66 64 37 66 300 
54 4 49 35 39 92 61 5 231 
44 38 8 81 102 15 40 44 53 
71 101 36 25 80 40 64 75 352 
75 34 36 38 70 8 7 58 287 
40 69 5 45 35 54 34 84 199 
96 87 36 40 2 25 52 68 265 
41 31 26 11 72 66 6 89 288 
24 8 70 2 76 46 45 101 307 
11 27 67 85 93 98 91 70 360 
54 37 34 13 88 4 43 68 113 
48 31 98 41 41 49 83 12 310 
82 96 12 92 97 3 50 42 168 
101 59 40 30 22 4 78 54 214 
40 12 22 69 61 10 19 99 287 
81 72 88 21 3 83 22 11 303 
80 64 41 33 66 48 63 44 39 
92 20 12 96 65 89 97 45 408 
57 16 37 4 75 101 33 71 288 
56 83 57 59 11 12 30 101 369 
15 9 49 77 8 19 101 29 323 
62 87 9 102 26 60 83 67 390 
41 78 90 43 102 97 77 8 250 
56 35 11 101 68 67 99 84 145 
55 82 10 19 5 48 22 72 343 
65 57 58 99 78 46 17 91 95 
4 74 9 54 102 101 58 48 385 
72 63 21 44 5 45 25 29 344 
90 24 75 44 23 32 13 14 211 
7 59 59 67 86 79 44 97 40 
30 4 83 11 63 59 54 52 39 
67 23 54 16 76 51 62 29 273 
52 62 53 80 43 90 50 54 361 
40 7 79 43 3 10 35 97 107 
6 81 63 18 92 74 22 48 370 
101 93 85 10 7 60 13 93 144 
60 52 63 94 63 11 71 17 182 
34 26 22 46 82 80 25 58 196 
8 36 72 82 60 97 100 50 249 
7 32 2 21 33 11 75 77 186 
67 13 20 54 49 77 29 90 91 
72 58 13 7 87 51 12 7 234 
67 80 94 68 97 14 50 66 347 
46 15 95 13 72 7 35 60 186 
31 56 89 97 55 72 75 29 378 
52 102 47 54 11 27 54 10 396 
55 101 18 8 6 85 92 85 306 
31 61 87 8 74 29 5 83 211 
72 72 28 25 95 69 22 100 261 
42 95 6 70 61 64 10 82 239 
31 25 52 6 6 72 97 46 277 
9 46 30 19 50 31 76 84 156 
74 32 8 51 88 7 21 52 368 
73 63 3 26 100 94 71 76 235 
3 68 68 58 30 51 102 15 224 
38 25 46 77 96 78 26 38 203 
54 82 39 47 86 56 82 25 341 
69 86 47 37 50 76 73 74 68 
74 18 4 59 51 76 52 85 111 
48 99 68 27 102 64 45 19 385 
23 58 84 14 78 7 67 35 120 
11 3 77 72 5 24 62 54 84 
50 97 33 65 97 3 29 36 110 
19 44 86 85 95 33 82 53 67 
37 62 42 99 94 19 47 43 337 
