4 4
200
71 98 59 69 222 
5 15 71 17 775 
60 51 99 95 124 
83 41 98 64 792 
46 47 84 44 702 
55 85 80 52 317 
100 58 92 35 377 
82 30 81 34 442 
10 34 48 9 703 
94 85 33 71 587 
15 11 84 33 162 
26 16 17 83 602 
22 38 22 78 790 
4 61 67 49 284 
55 62 66 10 727 
13 101 76 58 769 
73 53 11 80 213 
91 76 61 15 180 
68 16 100 60 276 
74 15 72 12 689 
35 20 87 36 156 
55 47 76 44 70 
27 42 61 89 27 
71 29 44 52 67 
29 2 54 27 557 
41 64 8 77 137 
101 31 66 74 500 
55 69 76 61 595 
46 3 18 7 786 
29 57 13 57 526 
47 73 22 5 467 
35 68 62 68 652 
93 40 101 28 81 
99 78 89 27 412 
5 55 85 79 521 
28 86 49 30 340 
86 53 53 12 581 
30 11 63 16 232 
89 9 10 81 666 
8 4 93 97 813 
53 70 88 7 505 
95 90 44 41 253 
51 21 33 27 783 
43 89 91 57 667 
90 16 75 99 521 
98 47 6 98 475 
26 95 54 31 740 
18 67 49 50 641 
43 69 25 86 646 
70 78 85 85 335 
21 16 38 15 98 
38 98 91 43 541 
50 85 48 83 55 
58 68 4 36 657 
78 42 42 78 337 
23 94 91 20 785 
22 64 23 57 321 
13 59 41 19 443 
22 78 8 84 252 
59 22 44 79 190 
3 75 51 5 531 
81 76 62 74 740 
47 9 72 47 379 
88 64 93 43 781 
101 29 87 82 497 
101 36 60 47 686 
3 52 14 97 775 
49 15 20 92 494 
39 99 69 28 79 
15 8 63 38 365 
97 31 3 83 197 
76 90 71 44 536 
47 18 17 90 733 
97 97 77 52 814 
76 46 3 83 478 
4 62 61 72 392 
96 75 24 3 731 
74 51 32 73 173 
60 45 79 26 130 
24 84 81 39 119 
20 32 14 38 580 
53 29 22 25 178 
16 31 101 96 588 
74 96 16 100 147 
48 67 6 31 339 
32 69 79 67 303 
22 83 24 58 249 
65 63 88 32 319 
47 31 9 51 60 
31 47 85 54 358 
30 70 83 21 558 
55 28 85 97 334 
85 52 57 88 11 
35 9 45 65 75 
13 10 87 62 597 
19 60 57 24 102 
88 86 27 23 76 
55 2 5 90 635 
39 80 93 91 455 
96 77 23 50 605 
24 4 21 45 270 
22 85 23 48 420 
97 73 63 84 451 
101 27 35 79 396 
35 6 57 88 588 
35 19 98 6 643 
44 38 9 50 737 
86 67 83 91 728 
72 81 60 38 675 
68 19 11 36 464 
71 44 47 102 337 
20 49 36 73 5 
5 89 19 69 77 
61 67 16 94 584 
36 46 47 90 645 
56 48 20 5 54 
18 10 64 49 81 
3 93 9 8 588 
38 33 12 90 702 
84 64 93 29 195 
3 5 18 64 188 
27 99 59 23 712 
74 31 33 67 692 
97 27 72 59 72 
70 60 9 22 288 
5 36 58 4 790 
94 57 93 81 47 
14 94 102 26 694 
6 36 88 21 812 
10 2 47 5 742 
59 93 36 21 460 
45 98 98 29 165 
92 42 58 26 774 
20 40 54 62 592 
5 27 48 74 41 
35 74 90 23 227 
4 91 55 13 328 
3 23 74 25 512 
18 97 75 6 772 
65 81 64 26 668 
72 51 87 33 715 
33 48 64 16 189 
73 10 77 101 147 
3 90 47 86 767 
98 67 31 99 461 
10 54 44 80 341 
57 13 66 41 474 
55 6 24 25 72 
57 62 61 2 751 
10 22 76 89 764 
78 36 80 32 697 
6 22 90 77 651 
81 6 86 74 558 
62 46 39 43 526 
99 68 24 77 316 
39 9 30 7 395 
90 81 57 86 538 
23 35 35 55 439 
35 18 49 45 243 
53 78 88 34 262 
66 85 34 24 789 
12 14 4 94 397 
99 94 86 28 751 
2 51 102 8 389 
29 13 85 90 258 
83 20 81 48 712 
63 22 99 75 691 
6 49 35 89 456 
11 33 43 7 459 
43 34 23 53 241 
4 78 82 86 41 
55 2 46 93 129 
94 35 58 7 713 
79 97 13 44 716 
56 18 14 53 316 
99 72 80 34 739 
51 99 29 18 693 
87 43 14 70 262 
6 4 44 74 523 
78 76 39 20 647 
47 23 81 66 620 
88 65 31 48 70 
85 24 15 2 544 
96 8 42 22 17 
38 85 45 12 684 
53 76 43 89 513 
24 35 63 54 369 
30 20 66 43 804 
24 13 69 62 401 
84 92 44 7 569 
72 36 19 18 350 
64 81 71 82 204 
15 25 45 85 701 
52 64 62 57 319 
78 44 102 23 651 
27 19 85 63 20 
63 33 37 19 756 
90 18 47 12 676 
51 51 86 18 701 
101 70 86 76 806 
