4 6
200
64 69 66 46 11 
70 12 5 84 19 
53 30 11 68 1150 
55 54 5 3 1019 
99 27 19 30 591 
71 39 98 42 299 
28 56 99 51 138 
17 66 35 24 1103 
101 98 37 30 1162 
8 15 23 35 929 
25 11 26 96 951 
39 52 38 97 391 
33 16 65 60 927 
99 33 62 57 963 
91 21 82 13 1028 
2 92 91 36 519 
58 18 66 67 15 
19 33 6 74 913 
67 31 39 93 719 
88 36 80 54 1196 
77 56 68 56 1065 
6 31 15 12 945 
49 63 4 55 933 
17 52 100 59 720 
69 29 90 82 170 
62 84 92 54 1204 
69 14 39 38 826 
4 53 12 80 1187 
90 20 96 97 342 
5 28 86 16 536 
38 37 23 95 383 
50 68 87 42 329 
25 41 63 13 129 
37 27 68 88 911 
66 42 23 62 862 
51 35 95 55 128 
36 99 77 10 767 
33 93 45 7 244 
38 68 72 53 911 
52 59 85 86 1142 
81 62 101 42 973 
98 17 63 25 1009 
17 75 35 32 1137 
27 65 54 51 968 
45 84 64 68 474 
101 72 72 87 257 
94 52 11 61 389 
76 100 37 31 820 
19 32 22 24 66 
65 35 42 60 602 
88 7 36 7 615 
99 100 35 3 988 
27 47 78 4 1111 
66 66 75 100 235 
29 30 25 84 765 
15 63 42 62 928 
68 32 14 38 426 
89 18 6 11 424 
78 67 36 50 511 
74 57 20 33 501 
101 62 44 41 272 
60 83 55 45 459 
38 61 75 27 183 
97 35 41 69 48 
50 62 66 66 532 
64 96 77 42 1109 
60 45 10 22 943 
8 91 75 16 937 
8 65 63 74 1208 
19 94 11 35 574 
41 18 53 30 1131 
41 97 80 97 736 
66 8 15 54 976 
95 53 55 51 106 
8 61 27 93 1200 
87 101 94 67 324 
72 87 44 95 630 
44 95 82 29 471 
13 13 80 56 150 
101 53 11 94 78 
69 41 62 27 498 
82 93 62 32 90 
41 5 15 71 1104 
81 67 21 3 461 
102 72 28 12 1194 
98 84 73 81 1206 
36 92 2 61 733 
33 27 19 55 878 
53 35 53 22 1212 
10 100 11 66 403 
37 33 10 56 81 
98 15 52 29 552 
100 22 83 33 892 
51 5 56 11 725 
56 50 69 31 1055 
69 21 8 13 1096 
100 75 9 48 780 
5 84 48 54 776 
20 77 91 10 900 
34 55 22 49 613 
7 45 101 7 961 
89 67 81 70 490 
79 8 41 40 576 
27 15 37 69 855 
69 59 4 48 499 
81 61 61 58 666 
16 102 61 63 1030 
57 75 4 70 939 
40 5 79 14 1056 
14 38 53 63 589 
21 20 54 79 1021 
51 43 55 66 1212 
30 7 25 16 319 
79 49 80 56 1129 
54 12 69 93 385 
65 81 91 62 352 
45 9 101 10 432 
98 50 84 80 436 
15 22 40 71 593 
35 82 65 88 112 
67 60 99 70 1175 
11 53 63 48 250 
71 54 96 37 681 
23 8 18 81 367 
32 67 2 20 965 
34 74 101 44 1201 
85 18 5 53 783 
87 12 33 14 323 
47 88 38 59 810 
64 28 5 15 337 
29 67 87 59 972 
101 60 81 92 783 
39 54 21 50 458 
56 51 45 74 863 
13 78 6 55 1037 
45 31 45 54 212 
8 71 88 17 872 
20 33 48 73 790 
29 33 43 50 1095 
95 69 90 22 157 
15 85 33 45 205 
53 62 34 74 442 
72 18 29 74 711 
69 69 6 79 233 
24 4 74 9 533 
82 37 58 65 1125 
78 43 25 42 56 
25 40 45 100 247 
60 101 77 37 1155 
13 6 71 92 270 
28 66 14 3 1106 
12 13 26 101 452 
18 6 71 82 737 
31 95 89 70 432 
31 26 7 59 747 
25 30 38 15 394 
78 68 69 43 807 
14 31 23 51 1152 
13 16 46 64 48 
56 32 97 77 800 
20 19 3 56 1133 
4 60 57 42 824 
84 77 13 69 751 
52 39 30 16 588 
102 74 40 76 292 
18 82 46 55 90 
95 35 63 49 169 
60 67 14 51 778 
56 76 83 84 144 
39 5 79 2 657 
18 5 83 29 805 
49 81 29 33 943 
25 17 4 35 914 
51 16 66 55 37 
87 27 81 53 1152 
27 92 58 64 1067 
15 5 45 101 1110 
92 55 36 84 821 
81 40 84 74 500 
41 74 50 9 764 
25 41 26 99 843 
93 26 32 35 499 
58 25 67 46 783 
22 73 5 44 1037 
99 82 84 88 289 
48 46 9 12 672 
55 44 51 102 788 
76 81 48 32 1216 
68 25 3 43 134 
58 76 40 10 254 
70 71 8 25 807 
45 59 39 76 277 
50 19 22 80 1075 
16 76 67 81 1097 
43 27 75 45 228 
76 81 43 78 821 
74 8 102 91 1060 
86 38 28 36 262 
20 43 74 10 633 
52 5 24 55 1185 
