8 2
200
88 100 61 23 76 71 57 34 383 
79 2 87 41 77 82 31 12 321 
96 13 53 15 14 48 16 11 171 
35 101 67 60 47 97 92 64 200 
77 10 43 53 52 33 80 89 308 
24 21 54 8 25 62 100 7 135 
94 75 88 15 9 66 29 24 135 
30 22 58 92 51 14 34 56 8 
40 45 63 22 37 27 72 94 369 
92 29 78 8 62 42 65 100 365 
65 63 4 79 26 31 100 52 276 
22 35 72 41 77 71 60 63 252 
74 74 40 62 45 17 76 39 386 
59 25 62 18 29 53 25 71 379 
102 63 21 34 23 87 60 53 243 
22 53 55 9 50 101 81 93 107 
53 5 20 89 5 88 36 43 114 
9 6 8 22 19 8 78 61 408 
44 42 53 55 4 94 57 56 353 
44 52 77 63 39 38 27 73 269 
77 14 60 35 100 82 59 53 192 
56 2 36 49 33 91 101 38 208 
77 100 3 28 34 51 102 94 372 
54 48 69 71 97 47 42 3 190 
44 11 44 73 98 54 48 3 221 
54 97 22 88 64 3 88 52 299 
67 51 82 11 35 7 91 7 21 
82 87 7 91 8 31 45 59 113 
10 6 4 51 82 33 97 50 396 
74 68 86 68 85 47 74 77 213 
68 36 78 39 84 94 49 67 69 
51 66 91 92 46 8 75 80 187 
74 18 71 52 15 87 10 19 157 
23 16 4 62 19 34 79 79 94 
53 73 24 12 4 17 16 49 343 
10 83 25 80 95 8 102 3 240 
85 18 23 93 31 67 55 28 209 
17 91 49 59 15 69 85 24 28 
25 63 16 56 38 69 3 2 148 
17 45 24 98 62 18 75 96 247 
4 62 44 59 59 79 66 101 237 
39 53 70 58 97 72 101 78 161 
46 30 83 56 91 31 31 40 336 
32 21 30 33 86 21 9 83 254 
66 68 7 40 93 38 11 66 204 
69 61 51 53 98 86 79 31 270 
82 50 73 16 30 21 96 36 326 
32 9 68 52 51 16 10 37 42 
37 9 40 46 47 27 81 63 321 
36 80 25 46 56 58 55 29 135 
93 52 40 88 45 59 59 81 236 
85 20 12 37 45 63 77 44 90 
30 37 5 48 37 69 42 63 228 
59 88 55 12 99 24 83 19 346 
74 51 66 83 90 68 70 97 180 
70 100 38 63 71 14 36 26 374 
32 48 18 73 47 84 3 101 379 
7 75 22 90 57 27 79 4 381 
60 49 50 39 80 41 25 74 256 
22 98 19 43 78 75 33 53 293 
71 3 5 83 82 90 75 65 93 
26 83 46 12 87 69 20 78 316 
46 94 70 78 50 75 22 83 16 
78 66 99 49 59 6 56 9 7 
92 79 69 62 66 17 19 101 373 
21 12 13 52 25 2 98 89 240 
6 95 55 32 63 102 87 99 406 
28 78 26 42 58 80 68 30 407 
13 86 30 55 61 51 84 3 289 
95 27 42 99 54 72 47 52 60 
50 62 17 69 77 69 17 94 94 
70 81 56 35 87 97 2 87 14 
32 53 36 7 50 62 31 94 294 
61 31 27 56 97 9 65 20 279 
87 46 11 64 40 69 28 16 94 
19 61 43 48 98 69 69 17 404 
82 45 14 57 40 85 97 58 257 
100 16 85 49 72 69 29 18 170 
96 71 15 69 81 36 40 14 136 
33 16 34 60 89 83 10 85 306 
59 32 8 29 69 84 7 30 407 
41 72 91 76 21 82 27 75 188 
88 15 66 80 19 28 52 65 175 
32 42 30 5 41 89 94 72 352 
38 69 4 33 64 53 36 100 171 
46 60 97 54 35 15 37 24 287 
13 81 15 81 79 6 41 76 361 
74 39 33 4 84 51 96 91 27 
46 57 53 15 45 21 86 8 25 
50 80 9 16 70 20 19 83 371 
76 58 92 100 94 90 65 64 252 
13 44 78 48 60 46 9 93 274 
21 100 38 96 97 73 100 93 393 
84 60 71 15 88 3 60 23 137 
18 48 65 65 52 83 59 76 262 
32 4 22 65 9 79 53 100 337 
57 82 63 21 2 3 94 83 18 
94 99 58 77 90 39 12 94 184 
6 58 50 56 39 23 9 70 362 
78 21 53 94 65 90 21 5 169 
74 98 47 63 74 71 80 67 312 
10 57 17 86 54 17 34 48 172 
36 3 45 42 15 34 15 18 254 
55 2 37 70 58 87 98 40 389 
102 45 86 82 79 74 47 101 55 
76 94 69 38 62 18 48 87 9 
100 34 86 15 51 58 9 27 264 
44 42 100 32 90 16 22 35 16 
60 56 27 73 97 16 21 41 98 
98 19 42 20 24 74 85 100 27 
14 89 96 30 75 54 9 6 240 
17 46 6 55 18 30 15 91 125 
79 29 40 72 96 12 34 13 33 
26 25 21 29 49 92 10 10 189 
11 32 84 75 66 93 57 7 389 
21 45 4 15 7 35 44 8 290 
71 44 95 86 97 63 46 85 327 
42 90 98 16 47 9 84 6 240 
51 6 64 49 16 91 17 15 279 
8 14 20 88 87 43 21 41 272 
55 27 36 22 31 84 13 17 69 
101 7 100 96 33 4 76 95 10 
11 24 30 6 71 84 95 40 289 
64 56 5 57 98 8 43 31 320 
26 30 77 83 38 101 75 18 38 
72 14 83 19 13 94 41 12 72 
41 51 58 54 29 93 13 51 249 
15 45 11 95 56 4 25 52 265 
29 30 88 31 33 55 75 25 107 
92 47 45 13 18 87 90 4 325 
24 74 3 86 72 88 40 61 296 
102 80 60 81 95 63 29 14 338 
33 12 20 5 81 6 67 23 20 
20 4 29 26 6 54 25 3 322 
66 45 60 2 93 74 83 76 186 
70 13 54 85 86 6 4 59 373 
64 21 94 99 20 51 84 23 235 
47 78 75 8 58 94 84 65 284 
27 33 22 48 24 8 61 99 45 
55 37 20 26 24 49 63 63 335 
88 69 27 11 20 72 17 38 400 
74 64 57 61 3 23 36 80 108 
74 18 99 89 40 23 40 31 350 
42 24 56 28 47 97 12 98 394 
47 18 15 52 33 88 10 89 146 
58 96 36 99 91 46 23 91 183 
87 101 31 6 73 91 86 77 59 
46 48 18 62 51 7 26 91 253 
15 24 88 13 81 53 87 84 147 
54 45 34 12 7 59 52 28 393 
70 43 47 26 68 58 74 66 166 
21 98 46 30 74 2 84 10 275 
61 76 22 79 20 91 55 34 130 
84 36 44 62 11 25 11 59 197 
19 91 58 32 41 17 13 68 352 
93 26 73 34 30 99 91 93 213 
78 92 25 58 72 35 26 92 125 
101 61 89 23 21 17 54 67 77 
13 31 37 7 68 54 4 64 37 
62 52 8 47 73 20 73 35 273 
27 63 21 25 7 50 87 14 31 
101 72 6 58 82 65 80 81 254 
19 73 26 73 56 10 27 66 166 
27 56 91 71 52 88 51 30 20 
102 90 26 89 22 56 47 5 376 
6 6 72 45 68 94 58 57 252 
45 55 9 13 100 43 10 62 238 
20 32 22 20 9 54 60 81 370 
40 32 54 72 29 53 18 22 244 
72 84 90 99 15 97 27 8 304 
99 91 92 85 81 61 98 28 296 
74 89 99 20 86 90 3 20 104 
12 75 28 58 97 80 83 40 321 
72 24 19 28 95 3 80 63 365 
3 57 52 95 76 2 80 46 138 
65 54 100 2 97 97 72 17 135 
50 43 96 14 4 44 82 27 22 
57 48 95 98 42 25 100 3 259 
77 19 101 28 80 52 46 21 349 
83 72 28 24 58 81 71 32 85 
97 91 55 11 14 50 97 25 401 
42 69 14 76 4 97 34 97 399 
36 24 65 46 69 85 58 101 227 
80 35 92 17 29 12 5 5 49 
12 68 7 53 33 57 54 6 213 
75 9 70 34 92 63 83 37 35 
60 53 24 72 55 15 95 19 365 
10 28 42 4 74 101 85 24 120 
95 85 93 9 94 65 33 85 378 
90 49 46 31 36 94 4 47 214 
91 42 15 94 60 16 68 46 319 
14 73 37 71 51 70 34 90 215 
19 52 61 61 41 72 22 7 288 
48 82 94 50 2 29 49 96 333 
18 3 27 80 44 50 87 21 49 
60 21 100 77 98 48 41 87 386 
95 33 3 45 74 54 45 22 263 
88 66 73 10 24 57 89 18 354 
29 41 11 13 76 22 61 64 354 
74 72 85 49 11 18 34 55 258 
