2 4
200
33 69 476 
83 43 795 
66 29 736 
52 84 74 
50 3 106 
70 69 609 
15 24 650 
48 5 191 
65 74 225 
90 101 387 
88 24 351 
75 47 483 
72 94 271 
85 9 442 
17 64 746 
16 67 342 
76 94 61 
11 65 747 
61 87 531 
37 19 566 
72 78 233 
45 66 489 
68 78 458 
56 100 613 
43 32 117 
28 33 328 
34 51 54 
88 16 61 
42 80 485 
53 16 487 
96 37 606 
66 15 261 
28 74 803 
34 50 730 
88 22 766 
34 69 268 
79 35 440 
27 5 557 
65 86 506 
23 5 704 
3 17 504 
98 62 514 
3 80 147 
84 102 486 
44 2 11 
19 102 763 
15 10 88 
29 76 662 
8 71 259 
8 3 232 
72 7 564 
14 33 275 
30 91 497 
33 33 730 
17 97 271 
96 85 26 
69 48 690 
70 10 773 
78 76 333 
83 93 737 
33 97 628 
92 14 779 
92 31 565 
70 91 89 
35 85 626 
23 14 643 
50 13 702 
31 41 448 
46 4 791 
76 39 467 
95 49 805 
73 102 299 
15 27 677 
40 6 441 
36 101 464 
76 38 206 
20 56 509 
64 35 647 
6 5 457 
24 48 89 
101 18 757 
14 77 345 
14 64 677 
42 11 704 
98 12 64 
34 97 323 
100 72 537 
74 58 671 
97 33 119 
21 68 791 
83 92 650 
74 41 716 
63 24 203 
17 64 602 
44 80 375 
78 68 183 
74 74 66 
18 26 620 
47 29 491 
13 19 360 
30 95 781 
88 62 150 
9 26 582 
22 73 598 
17 86 68 
94 32 638 
38 21 528 
94 50 769 
91 66 544 
6 29 102 
30 52 36 
83 89 565 
80 58 152 
30 71 349 
53 54 11 
37 4 330 
70 55 792 
84 76 806 
81 38 367 
3 99 779 
54 5 786 
61 94 169 
71 36 791 
41 16 601 
62 11 402 
24 43 784 
95 56 511 
28 38 607 
17 48 622 
7 3 418 
26 79 482 
25 78 542 
48 94 486 
83 68 552 
45 31 318 
25 24 537 
52 59 771 
51 10 350 
35 27 550 
24 46 379 
46 66 268 
48 16 308 
17 39 268 
85 78 402 
39 15 723 
97 85 57 
38 94 196 
12 58 361 
59 78 557 
18 92 414 
101 26 396 
15 38 20 
37 100 120 
3 11 696 
35 69 666 
47 14 782 
56 40 348 
63 88 424 
25 36 65 
91 91 318 
71 101 384 
84 86 421 
3 25 624 
88 62 697 
94 36 678 
41 79 727 
65 13 520 
74 64 424 
10 40 310 
99 93 20 
96 48 70 
78 34 85 
40 53 678 
32 47 724 
21 70 637 
59 70 428 
71 86 463 
21 28 637 
77 99 300 
97 76 371 
16 6 270 
76 94 114 
79 19 21 
75 2 216 
8 34 543 
77 55 768 
76 53 573 
88 30 55 
48 78 167 
32 2 286 
76 45 632 
40 18 332 
58 47 619 
66 82 423 
52 98 684 
32 15 764 
13 2 360 
45 23 186 
77 30 624 
28 31 134 
