4 2
200
13 65 75 51 247 
57 3 51 38 250 
80 80 5 31 153 
69 35 36 43 90 
37 50 96 53 122 
35 83 29 45 193 
68 91 31 38 279 
63 19 27 37 370 
56 39 34 100 135 
63 59 57 13 145 
74 66 36 21 198 
66 71 24 22 112 
76 76 8 91 388 
91 51 69 63 310 
51 9 101 52 278 
101 18 98 20 281 
78 28 18 10 305 
4 57 11 90 20 
94 97 7 10 69 
82 32 45 5 179 
13 92 95 37 350 
67 67 86 53 202 
50 76 6 53 209 
50 59 100 17 378 
36 42 81 59 343 
56 4 92 35 358 
71 75 95 77 235 
88 35 83 25 41 
40 73 60 41 231 
20 93 56 59 281 
25 34 30 12 39 
74 14 39 53 129 
65 77 52 66 330 
77 83 32 96 268 
17 78 77 7 225 
65 84 41 2 269 
66 49 35 67 265 
38 47 84 67 350 
76 98 32 93 191 
65 23 96 60 333 
39 63 63 94 220 
48 59 25 57 189 
92 74 38 87 277 
18 43 88 101 183 
32 101 66 10 374 
21 49 86 60 376 
44 90 83 21 119 
4 89 43 13 77 
81 24 29 22 391 
3 62 46 26 128 
24 37 97 16 213 
40 99 55 2 143 
102 75 67 65 17 
4 93 20 59 267 
31 2 76 83 269 
9 75 47 14 369 
61 4 63 29 288 
9 94 69 69 371 
8 36 43 78 78 
8 60 65 18 381 
12 44 90 60 11 
23 63 17 50 183 
67 54 42 12 309 
100 14 39 95 394 
12 26 53 68 244 
97 61 100 64 244 
52 11 31 21 328 
19 16 4 27 202 
48 80 21 24 105 
55 96 33 3 87 
96 22 72 21 340 
88 93 24 101 32 
64 65 55 90 386 
58 25 24 32 238 
85 12 14 46 207 
34 6 31 42 27 
3 30 100 43 270 
32 41 12 37 385 
28 94 5 20 357 
85 27 33 30 284 
32 74 3 44 155 
85 10 29 71 209 
84 64 84 95 28 
35 67 14 24 266 
19 16 88 37 131 
93 9 97 58 274 
9 75 3 73 312 
31 29 57 5 337 
24 14 43 86 54 
66 13 13 13 222 
20 16 11 65 215 
18 88 68 13 191 
78 15 73 4 180 
10 64 13 18 316 
8 12 10 42 177 
6 75 4 24 278 
82 98 86 4 200 
95 66 40 20 246 
45 63 47 59 26 
11 44 41 42 21 
4 2 96 36 196 
10 8 71 22 197 
45 86 46 45 272 
82 31 71 55 207 
46 25 94 58 140 
48 68 53 36 140 
64 35 63 20 268 
82 4 52 56 167 
90 97 21 72 70 
61 19 4 92 107 
82 75 89 92 249 
81 10 40 102 11 
45 56 37 88 349 
12 25 28 79 353 
80 81 16 14 256 
50 7 24 41 305 
31 66 63 10 221 
91 49 73 59 353 
74 66 52 54 400 
35 62 35 87 30 
39 93 27 6 195 
3 61 77 29 53 
76 88 101 27 300 
81 96 29 34 394 
65 53 71 93 58 
17 31 64 16 120 
90 74 39 34 155 
40 41 59 62 219 
32 74 46 46 51 
89 67 27 81 78 
42 35 3 90 180 
88 24 36 92 136 
73 99 62 100 101 
4 50 69 89 147 
42 39 69 80 272 
93 9 27 81 112 
52 6 85 97 364 
57 73 51 90 213 
18 7 69 29 335 
35 14 48 22 40 
41 100 39 45 320 
5 68 25 24 218 
81 99 57 65 339 
69 16 67 11 282 
34 101 81 38 81 
38 72 42 98 139 
81 64 7 71 360 
54 69 42 19 351 
91 50 30 37 300 
22 51 6 46 63 
21 49 38 53 318 
42 21 4 25 175 
35 28 28 90 303 
19 93 88 77 127 
2 75 50 25 325 
85 73 45 64 408 
89 68 98 83 61 
34 27 56 93 197 
35 67 19 76 216 
65 24 42 63 232 
30 65 31 15 62 
48 100 15 73 386 
71 78 42 25 228 
69 32 47 75 171 
93 39 97 29 399 
37 58 76 72 67 
63 33 84 7 294 
26 40 84 68 282 
36 14 85 99 322 
59 27 95 21 352 
35 79 69 22 267 
93 70 4 17 325 
91 27 45 57 137 
40 96 36 54 132 
31 50 81 6 32 
81 57 100 50 166 
12 65 57 86 339 
87 66 65 42 331 
57 38 69 89 325 
12 72 30 65 167 
66 93 44 89 235 
87 100 65 14 353 
38 72 55 77 285 
28 71 60 74 199 
76 33 96 73 313 
94 83 94 27 400 
11 29 37 9 314 
21 23 71 29 399 
89 4 53 56 184 
87 85 94 19 217 
42 13 57 17 273 
35 99 73 12 265 
6 8 40 16 316 
11 38 48 100 209 
7 3 33 76 254 
74 82 43 28 373 
12 91 77 74 236 
100 74 22 43 180 
24 52 60 64 381 
82 66 38 78 147 
