2 2
200
37 97 379 
7 15 374 
11 14 293 
91 53 298 
29 4 76 
21 29 316 
85 4 61 
11 25 33 
6 36 245 
64 93 108 
70 72 138 
5 13 270 
70 83 229 
70 16 376 
22 49 296 
78 23 76 
19 95 208 
86 30 35 
24 28 296 
87 3 325 
34 49 84 
48 23 331 
41 26 370 
54 53 188 
24 17 361 
24 91 310 
37 30 55 
44 47 401 
77 86 171 
27 83 347 
96 85 327 
78 38 273 
74 77 108 
93 39 396 
30 66 172 
7 64 55 
22 2 155 
99 52 297 
68 92 10 
24 72 152 
41 16 178 
8 61 279 
68 47 324 
24 52 59 
52 46 373 
18 16 329 
58 72 90 
31 7 329 
49 99 136 
9 12 188 
67 52 20 
91 54 94 
56 24 25 
75 41 72 
36 100 204 
26 49 27 
83 52 313 
23 68 407 
17 13 37 
65 60 253 
37 60 145 
35 59 4 
12 63 374 
71 64 374 
77 85 128 
6 97 31 
33 26 204 
29 28 244 
71 45 344 
6 76 171 
16 93 262 
46 40 331 
84 2 170 
51 16 352 
17 14 359 
87 48 338 
71 13 66 
4 34 141 
14 10 133 
78 66 57 
18 7 355 
52 57 292 
29 33 183 
52 24 386 
68 84 43 
66 15 58 
74 86 395 
4 38 256 
28 14 241 
32 34 124 
51 9 149 
30 35 36 
101 67 235 
18 60 64 
40 20 362 
23 38 207 
26 50 390 
20 6 326 
19 16 284 
26 26 175 
15 100 405 
17 3 66 
60 40 198 
4 66 197 
58 57 111 
84 66 72 
76 7 313 
10 8 341 
37 32 13 
58 13 78 
41 77 167 
17 6 245 
18 25 71 
75 65 399 
4 24 343 
50 64 199 
55 37 208 
54 52 81 
68 6 375 
18 82 290 
15 4 111 
32 65 366 
9 43 211 
69 68 165 
2 3 170 
81 8 340 
101 89 280 
56 5 311 
70 89 101 
23 51 406 
70 102 179 
48 62 251 
73 74 245 
96 42 86 
99 88 283 
13 54 202 
80 89 401 
11 18 380 
5 61 402 
53 64 310 
67 88 377 
54 101 269 
99 56 170 
82 10 138 
25 7 191 
50 59 72 
9 59 144 
77 45 253 
3 61 341 
52 45 6 
65 22 45 
86 31 220 
30 47 357 
6 16 398 
10 100 324 
67 87 48 
48 57 8 
83 46 20 
43 92 179 
33 53 162 
84 48 47 
42 19 357 
25 41 312 
95 22 53 
32 5 179 
39 69 184 
85 38 302 
74 6 361 
101 83 313 
8 45 159 
12 100 382 
50 23 276 
89 70 329 
94 44 189 
37 56 146 
91 54 166 
63 6 96 
101 50 61 
68 12 174 
25 43 148 
13 19 393 
40 85 91 
21 84 336 
78 53 406 
66 93 386 
30 39 206 
55 13 123 
38 48 163 
17 13 203 
81 84 47 
27 66 110 
46 83 105 
52 99 290 
15 72 286 
60 87 216 
26 36 234 
22 40 299 
94 72 125 
8 76 290 
59 24 291 
