8 6
200
30 84 75 47 14 101 43 9 389 
45 97 3 45 93 68 90 66 71 
36 54 9 90 21 26 70 41 1016 
9 8 80 85 23 59 5 61 206 
36 68 20 75 17 56 62 14 911 
63 74 47 21 94 29 59 81 972 
19 42 65 51 79 75 18 36 26 
56 61 76 46 43 34 51 56 1196 
89 64 39 55 30 9 52 9 826 
40 90 16 53 28 44 80 88 236 
55 87 91 47 59 82 54 8 644 
3 19 33 15 72 40 31 72 205 
44 66 14 59 101 73 8 80 571 
90 4 35 33 68 57 15 98 840 
11 44 7 59 2 24 56 51 1093 
38 27 20 77 25 58 28 38 265 
9 98 88 20 42 81 36 66 54 
21 71 53 78 3 75 72 22 345 
13 87 66 93 5 52 83 71 653 
30 15 82 79 8 32 35 8 1220 
85 93 4 29 25 38 19 37 979 
40 62 26 47 7 5 30 16 625 
60 18 96 37 38 73 27 7 623 
27 44 66 23 45 97 76 89 353 
28 87 64 29 75 70 72 45 110 
31 85 10 79 51 93 81 78 1095 
8 50 57 33 3 20 88 95 1132 
18 19 20 31 73 20 76 4 365 
91 33 45 28 67 95 64 98 272 
45 50 96 74 43 69 7 70 481 
76 97 85 46 44 82 78 56 319 
93 102 14 92 5 48 63 92 551 
48 82 85 64 72 7 98 45 553 
101 46 78 53 26 6 81 102 97 
48 48 91 65 52 13 69 73 1178 
12 55 47 50 13 53 24 61 1071 
59 14 27 80 50 101 37 79 128 
52 43 78 10 12 5 40 17 542 
58 86 32 74 96 101 11 88 1098 
2 53 35 27 30 67 18 25 1072 
85 70 100 92 30 75 3 19 368 
22 4 45 44 11 98 9 68 926 
60 87 20 28 71 64 11 37 320 
80 27 14 14 94 90 18 57 574 
48 68 58 59 73 79 71 91 1027 
49 61 44 39 19 64 91 61 465 
72 59 101 38 83 95 49 25 1126 
20 10 12 57 28 56 51 63 7 
22 3 16 43 59 82 80 64 933 
86 43 10 52 25 35 52 48 1204 
50 13 87 65 11 50 87 53 987 
76 94 35 90 89 58 64 71 708 
26 31 2 21 59 21 18 65 1007 
86 69 88 78 7 82 57 3 614 
17 58 94 68 58 7 102 6 858 
46 99 55 54 91 55 78 28 213 
100 31 56 69 49 48 68 3 1029 
97 100 89 54 34 88 8 48 162 
68 60 75 97 21 55 51 75 815 
31 34 81 35 3 81 65 60 884 
98 51 11 48 2 57 23 7 85 
85 93 66 69 47 44 42 12 827 
46 5 12 3 20 76 82 39 843 
7 64 99 10 92 77 16 12 1198 
6 22 60 20 76 16 48 68 999 
4 63 89 39 94 93 14 21 675 
64 97 32 37 68 65 88 18 523 
12 76 4 91 55 37 46 39 1092 
11 28 30 98 57 54 95 79 925 
84 71 72 7 99 73 22 54 184 
69 70 56 97 34 60 73 38 1119 
82 15 10 54 94 58 4 4 1131 
29 67 42 80 45 91 90 6 579 
75 7 80 33 72 3 22 79 834 
37 16 96 72 27 22 63 15 790 
70 32 78 16 5 96 81 95 1063 
77 91 28 68 9 30 13 101 378 
16 51 45 9 33 17 90 70 1077 
101 58 42 22 19 32 26 22 909 
73 60 4 85 54 79 17 47 1074 
44 71 9 68 61 29 91 49 774 
24 63 100 63 29 37 8 82 447 
49 57 74 98 44 89 56 42 492 
31 32 99 68 94 88 30 47 1206 
83 35 99 15 34 72 69 5 724 
78 12 34 69 79 74 42 70 1112 
18 49 29 22 14 21 89 62 212 
68 57 71 14 35 83 39 27 576 
41 35 25 4 31 41 30 80 375 
10 64 55 27 28 26 97 14 1206 
73 63 23 80 29 74 55 3 578 
92 65 78 53 32 54 27 3 423 
70 16 20 90 94 35 90 80 1199 
66 43 32 47 19 24 85 68 788 
28 63 9 53 51 29 94 40 183 
56 59 34 3 2 26 92 29 1200 
82 85 71 90 92 50 76 91 740 
19 47 48 57 70 66 89 101 498 
30 19 66 93 98 56 21 36 258 
67 65 43 8 58 92 26 4 1010 
97 40 73 60 80 63 69 77 1145 
71 102 91 70 16 3 86 64 134 
36 91 89 18 71 58 29 10 319 
22 13 91 58 33 68 84 94 753 
72 72 41 6 26 24 62 52 424 
34 99 51 42 24 96 81 92 160 
98 81 71 17 33 72 37 49 775 
6 14 71 25 89 24 41 16 1130 
74 32 68 67 58 21 23 98 136 
79 82 91 97 79 43 55 88 163 
95 57 41 71 71 79 60 58 465 
68 10 12 29 3 10 3 9 733 
49 32 25 52 96 37 61 59 826 
76 11 37 30 73 3 11 49 724 
56 5 63 91 9 2 83 57 1068 
3 53 81 83 96 72 83 7 683 
92 45 63 5 12 13 11 86 571 
5 40 40 12 20 56 51 50 50 
100 61 25 25 71 41 50 60 86 
90 95 17 66 48 67 47 21 46 
100 52 95 52 82 25 56 80 211 
51 93 34 27 33 48 68 85 573 
35 69 76 24 57 54 6 23 1114 
34 41 94 75 67 102 53 53 1194 
13 50 81 3 72 93 24 101 826 
76 66 64 71 100 66 20 14 638 
31 78 97 43 48 61 34 24 482 
27 79 28 35 76 82 51 57 421 
70 34 99 86 3 59 87 32 699 
31 65 43 30 56 54 49 23 917 
5 73 5 22 71 49 53 98 269 
44 44 92 84 22 45 31 53 985 
57 48 78 40 58 18 4 5 729 
100 99 24 75 87 55 7 48 1034 
33 49 65 52 35 6 37 45 1082 
69 49 44 100 101 5 74 95 929 
101 67 17 89 21 68 90 55 1214 
101 70 58 39 78 77 60 100 45 
19 7 15 73 5 15 29 37 681 
19 2 100 21 3 95 79 8 990 
72 46 31 99 64 82 7 38 919 
34 32 73 70 42 3 102 57 1068 
65 30 64 4 62 86 13 73 648 
3 82 69 65 62 72 96 91 661 
77 22 46 35 68 69 40 97 56 
87 52 62 100 21 49 8 16 962 
21 69 86 46 89 93 29 6 676 
10 71 72 2 76 54 49 27 427 
46 32 63 97 66 67 82 28 258 
95 5 64 22 60 49 94 77 260 
72 32 35 55 8 64 14 31 320 
37 86 78 10 53 96 14 64 1031 
19 26 5 21 67 63 72 36 14 
96 90 13 25 11 101 32 79 1159 
3 93 25 101 85 37 41 47 506 
47 87 55 70 10 97 64 76 622 
20 53 68 74 84 75 63 21 506 
17 14 78 79 80 76 101 12 871 
63 20 44 70 82 22 22 27 601 
50 28 82 18 63 36 50 14 316 
31 31 11 52 40 66 96 26 409 
68 70 9 81 70 100 26 3 691 
11 52 73 48 55 59 26 15 1134 
63 101 53 44 30 67 50 72 999 
65 13 82 79 76 57 89 56 694 
44 72 59 84 94 62 80 41 763 
56 85 78 53 29 27 73 34 317 
85 26 42 43 32 100 18 64 1111 
78 34 78 18 61 101 3 84 528 
37 82 9 93 66 91 5 96 1063 
7 14 86 57 8 44 32 6 370 
19 3 41 61 68 32 71 4 93 
88 40 26 79 52 47 84 38 649 
21 93 62 53 40 39 13 13 614 
9 23 28 37 89 57 71 86 990 
6 78 16 79 24 64 84 19 683 
65 30 63 41 75 72 91 13 159 
72 68 65 5 50 57 82 64 982 
84 54 54 71 11 68 66 80 739 
41 44 71 100 71 23 83 51 1013 
91 70 51 58 48 78 44 101 222 
20 3 30 61 99 62 84 102 802 
6 96 21 97 76 96 12 52 847 
46 73 99 43 24 101 74 93 1149 
33 28 8 78 29 12 50 48 946 
34 82 46 10 18 71 58 79 675 
65 95 96 57 48 98 9 100 337 
23 79 81 31 89 8 69 53 905 
62 30 69 11 49 31 19 80 860 
27 37 57 30 88 47 46 10 1197 
2 79 82 12 71 31 85 29 845 
100 5 94 40 44 68 97 98 596 
90 56 48 67 40 71 28 84 769 
74 94 93 36 87 81 10 68 903 
96 52 61 40 29 22 62 21 917 
80 89 96 91 35 92 99 58 665 
54 37 41 13 86 89 68 12 427 
80 66 19 15 32 78 94 3 561 
92 52 29 28 8 20 96 50 1164 
71 85 61 3 40 32 27 58 382 
