2 4
200
49 10 610 
32 69 592 
4 57 326 
25 85 366 
101 69 757 
41 6 458 
81 62 703 
2 4 462 
99 81 734 
55 71 210 
76 4 656 
34 99 500 
98 95 137 
53 86 123 
24 80 178 
84 9 345 
47 17 119 
23 34 155 
62 49 48 
20 35 715 
85 51 702 
16 51 662 
66 69 566 
34 45 93 
41 30 621 
73 80 197 
37 17 586 
50 11 441 
13 56 572 
64 74 408 
58 79 495 
31 70 283 
31 10 243 
42 19 329 
75 15 584 
5 83 31 
45 91 566 
84 85 143 
18 37 331 
34 5 774 
13 5 777 
21 78 538 
53 13 487 
44 44 576 
96 96 801 
34 77 779 
84 10 594 
68 21 679 
83 76 768 
45 15 277 
96 99 39 
37 31 119 
47 56 304 
8 55 577 
46 3 378 
101 89 725 
21 86 489 
47 52 775 
24 47 686 
14 41 20 
74 9 796 
28 50 375 
68 61 532 
86 89 176 
60 79 454 
4 25 146 
39 84 705 
7 26 237 
76 51 385 
12 15 691 
32 35 123 
37 36 369 
75 20 438 
2 35 230 
26 37 795 
40 89 595 
41 22 182 
68 77 464 
18 69 681 
71 54 805 
101 58 381 
82 55 442 
8 26 351 
12 31 39 
66 39 402 
60 83 723 
33 37 508 
76 72 757 
65 66 471 
60 21 549 
64 6 540 
57 4 625 
83 45 669 
45 34 517 
32 31 742 
20 4 315 
10 59 696 
97 39 137 
38 27 702 
56 20 731 
99 50 39 
78 51 203 
40 11 287 
75 79 312 
9 90 29 
101 46 338 
4 47 505 
21 53 502 
84 69 549 
52 20 630 
92 30 210 
94 49 685 
61 56 656 
68 81 758 
5 37 658 
49 90 401 
15 40 655 
47 54 594 
30 79 796 
45 96 667 
59 91 742 
60 84 403 
14 16 339 
21 42 735 
63 38 539 
71 18 131 
83 37 642 
20 38 660 
99 48 618 
55 67 567 
88 18 495 
101 11 736 
4 48 431 
33 37 605 
10 96 793 
92 86 135 
9 61 505 
84 64 480 
5 41 430 
12 63 299 
76 62 405 
74 35 203 
31 64 219 
78 69 573 
65 52 3 
7 13 348 
86 9 505 
61 48 49 
10 7 436 
4 98 569 
39 94 689 
18 60 614 
27 38 496 
74 63 177 
92 33 752 
94 21 104 
61 101 236 
12 28 444 
77 16 110 
46 66 235 
73 30 546 
59 40 610 
88 49 751 
27 82 612 
84 13 376 
42 72 128 
16 18 701 
43 45 792 
43 29 537 
32 43 355 
64 83 581 
34 3 272 
57 35 754 
19 8 585 
23 36 154 
56 30 126 
10 36 365 
100 32 397 
45 33 688 
72 18 92 
11 58 47 
51 65 808 
6 52 84 
15 87 304 
25 98 83 
16 22 81 
80 89 809 
53 24 59 
101 66 416 
25 91 576 
51 87 135 
83 11 412 
68 74 576 
22 52 641 
7 98 401 
9 77 279 
41 30 87 
77 93 239 
14 60 277 
101 52 807 
