4 8
200
14 81 89 20 1608 
71 87 88 11 546 
42 67 97 20 1055 
21 13 59 22 1463 
61 87 37 30 1397 
102 49 73 5 1167 
35 47 50 42 1292 
20 17 44 45 1055 
16 4 31 39 112 
5 14 6 2 1421 
27 25 83 101 176 
30 47 61 34 1615 
24 16 85 40 15 
97 20 57 41 762 
6 70 17 57 1237 
58 58 99 23 1347 
89 45 73 18 755 
11 66 51 31 843 
75 58 12 46 700 
101 21 94 38 195 
87 59 67 55 1363 
59 10 28 25 886 
74 49 40 52 193 
81 46 69 93 1492 
33 71 28 89 1197 
49 60 73 14 1246 
39 66 63 11 1584 
32 80 19 34 1455 
3 41 28 77 1299 
28 20 62 34 1050 
58 54 2 47 1327 
19 34 79 82 591 
101 39 16 49 281 
10 89 31 55 1334 
2 28 37 4 1473 
94 45 52 10 773 
31 100 41 50 336 
87 66 18 30 1312 
100 3 39 98 1475 
66 27 81 60 1168 
41 92 10 52 1048 
32 20 100 57 1457 
76 83 72 35 119 
3 100 68 28 529 
46 73 3 74 1361 
101 91 40 14 429 
69 66 94 38 130 
41 92 91 86 1484 
69 68 63 41 110 
19 33 6 91 1460 
68 61 55 28 450 
71 91 38 69 1061 
42 82 88 31 362 
12 91 35 27 1108 
13 11 84 37 1067 
80 12 64 68 1084 
70 87 51 24 980 
10 13 69 11 641 
53 57 24 21 825 
89 82 34 18 1579 
30 100 81 23 1282 
60 79 20 62 809 
61 28 72 2 1585 
58 32 65 71 230 
101 24 26 88 285 
58 88 65 87 1273 
100 79 48 71 625 
72 7 30 46 42 
33 96 8 61 1311 
26 87 24 24 1546 
59 19 66 4 1599 
8 76 96 6 363 
73 15 35 84 846 
83 83 3 64 451 
52 5 21 68 1352 
7 18 67 7 1523 
74 67 44 92 344 
83 16 45 73 530 
98 14 26 24 513 
20 63 26 10 1613 
45 85 62 96 723 
56 99 100 22 1514 
92 11 90 13 823 
9 74 45 63 1159 
70 39 32 32 521 
41 80 100 37 1063 
46 94 59 9 815 
90 7 50 48 1086 
85 18 26 80 695 
89 25 15 73 406 
48 20 64 39 507 
8 55 32 64 88 
78 102 65 57 791 
100 54 84 63 1014 
4 26 99 97 1429 
54 16 54 89 738 
18 67 28 12 310 
28 32 23 78 716 
37 77 88 43 1477 
86 55 71 32 734 
37 43 55 11 377 
24 23 69 51 1293 
95 3 45 19 1460 
13 75 55 38 366 
70 33 8 19 443 
29 40 58 6 63 
101 46 24 44 169 
76 14 19 89 1575 
7 64 74 98 837 
36 34 71 53 1300 
13 2 35 9 1260 
6 37 38 84 1570 
86 67 65 47 1317 
50 81 2 9 249 
101 58 68 41 291 
7 62 12 68 1520 
96 71 7 27 1521 
100 13 17 67 107 
41 78 37 93 200 
41 102 28 18 52 
57 34 64 38 1322 
56 37 96 92 1174 
46 28 72 91 31 
17 62 40 54 1347 
39 66 37 2 1246 
24 23 77 29 1281 
8 35 96 65 621 
64 10 71 46 636 
66 19 27 95 1015 
15 8 48 91 1588 
81 64 76 35 1076 
93 99 64 62 961 
35 61 69 13 1082 
13 34 10 53 646 
9 93 96 15 309 
22 40 44 40 1032 
18 78 88 32 1620 
46 61 63 99 761 
67 48 12 87 100 
6 52 16 29 837 
83 101 97 52 1471 
90 69 63 16 744 
55 58 25 98 701 
59 75 39 14 363 
54 73 13 7 1217 
63 83 11 9 241 
73 26 17 89 1338 
19 83 38 42 182 
79 101 48 53 1527 
11 25 15 44 800 
33 14 4 7 1627 
12 90 92 77 475 
9 60 55 102 1219 
31 43 38 16 419 
78 39 100 3 742 
55 27 62 13 1062 
40 70 69 60 1370 
61 24 12 89 1172 
32 93 63 13 69 
21 47 49 78 1058 
71 88 101 19 1194 
96 16 3 62 766 
87 30 81 12 1481 
41 93 97 18 263 
9 33 51 45 1568 
86 78 89 99 440 
9 80 85 48 1576 
54 71 52 87 1472 
46 23 52 42 1411 
3 14 53 22 1067 
29 52 33 62 948 
39 39 58 22 1447 
20 29 7 35 644 
9 47 35 15 632 
71 43 12 28 1172 
88 83 11 58 1545 
74 26 69 33 1625 
59 49 25 90 968 
17 16 32 99 1175 
19 18 20 3 1293 
59 82 40 83 1568 
88 43 7 91 1176 
58 30 102 28 272 
96 62 75 35 1345 
62 24 47 56 387 
58 13 15 56 895 
72 66 10 79 622 
94 88 88 37 215 
18 44 36 18 51 
89 16 6 82 1270 
59 45 86 21 314 
37 37 86 60 660 
78 30 54 36 38 
95 22 25 90 394 
10 76 40 22 1079 
20 90 30 53 603 
44 9 35 78 1597 
29 81 91 60 59 
59 4 30 97 611 
91 92 2 16 169 
