4 2
200
62 89 7 90 117 
67 41 73 88 113 
96 53 41 59 129 
39 23 95 18 184 
92 76 94 69 235 
86 19 41 39 381 
71 26 44 6 38 
72 79 7 57 131 
59 25 44 7 274 
11 61 79 71 60 
13 14 56 81 153 
88 97 40 33 182 
49 102 36 95 239 
72 11 37 50 253 
62 18 40 87 358 
70 34 89 102 197 
27 42 73 25 338 
59 72 65 69 95 
76 41 76 13 346 
59 91 51 48 397 
2 26 31 9 223 
97 77 72 93 284 
55 10 40 85 79 
9 31 13 12 9 
102 48 70 27 358 
22 44 29 102 126 
81 85 43 4 196 
4 13 66 70 360 
84 2 74 99 284 
68 3 93 94 318 
30 79 41 47 398 
56 57 5 21 141 
55 50 72 62 368 
72 69 38 37 73 
98 68 45 24 81 
101 76 73 58 91 
21 52 37 24 14 
4 46 98 7 382 
49 10 46 36 146 
36 33 14 9 405 
100 67 59 76 335 
64 36 20 27 401 
82 86 49 99 61 
4 15 50 59 360 
28 73 34 43 290 
90 24 11 88 348 
71 64 66 59 97 
57 96 62 42 168 
70 28 73 8 58 
65 62 49 21 137 
23 85 56 21 299 
29 35 17 6 383 
42 26 34 42 121 
19 22 93 76 245 
10 54 10 19 82 
102 102 27 29 35 
30 77 92 55 260 
88 10 47 85 392 
24 81 59 48 4 
46 96 33 79 394 
45 71 75 62 103 
71 77 40 101 299 
30 10 90 97 271 
68 36 81 78 178 
11 76 9 80 156 
32 98 63 18 310 
8 70 50 33 266 
60 4 32 30 386 
13 73 48 12 279 
16 93 63 82 143 
12 17 57 36 357 
71 64 97 24 389 
75 16 24 25 277 
61 62 59 32 35 
66 6 54 84 135 
40 30 99 12 98 
41 36 84 83 271 
92 15 16 46 391 
98 9 11 34 88 
99 51 25 45 38 
57 36 33 74 288 
8 66 75 3 201 
43 67 87 100 230 
41 34 42 59 316 
48 47 15 37 51 
60 97 21 62 148 
91 7 57 3 281 
7 6 12 13 248 
29 42 15 97 223 
33 23 13 78 336 
66 11 68 67 257 
12 23 98 62 53 
13 46 15 67 244 
39 12 86 31 210 
37 25 31 99 207 
8 34 21 82 331 
39 86 45 80 293 
83 41 91 40 243 
86 9 52 100 205 
84 29 50 37 74 
23 39 83 27 192 
44 81 71 17 232 
80 4 18 81 311 
28 3 37 96 322 
100 23 48 72 274 
30 75 33 49 278 
81 86 85 65 247 
102 5 20 33 123 
3 71 76 83 334 
84 93 73 24 99 
83 94 56 58 80 
101 93 13 60 78 
71 51 25 49 317 
96 21 56 21 312 
25 85 6 66 317 
31 49 67 90 348 
39 4 11 25 355 
89 32 29 45 249 
11 94 62 15 250 
55 48 29 6 360 
65 40 55 48 5 
100 91 93 81 368 
55 28 25 75 334 
69 42 2 62 370 
66 94 12 60 276 
33 25 93 5 103 
85 21 63 2 91 
101 51 65 24 365 
100 41 50 55 35 
85 71 90 33 382 
15 48 69 15 101 
73 29 97 80 284 
76 99 90 56 30 
35 67 25 53 337 
20 79 80 73 377 
27 46 59 52 345 
65 38 62 11 50 
39 54 50 78 208 
74 56 87 54 63 
3 53 96 48 306 
20 48 39 50 308 
38 70 99 23 405 
30 72 47 96 30 
41 39 81 44 286 
83 19 49 102 45 
66 94 28 57 373 
76 52 13 77 272 
19 101 14 36 310 
72 57 29 79 96 
4 11 93 48 313 
66 74 54 78 382 
2 101 39 40 48 
46 44 43 31 105 
80 61 72 30 367 
42 27 47 68 3 
28 93 72 79 37 
57 4 82 81 114 
4 100 37 83 270 
20 64 76 24 133 
30 16 99 53 186 
45 41 65 58 151 
41 29 88 78 277 
12 31 62 31 231 
44 63 64 4 97 
82 26 91 63 294 
80 53 25 36 295 
14 95 21 33 267 
18 41 27 44 364 
77 14 61 15 231 
92 4 47 68 369 
69 53 98 30 267 
21 51 4 86 241 
90 6 54 6 228 
19 11 31 66 165 
5 38 22 15 198 
70 67 78 7 336 
78 7 59 45 24 
63 99 93 68 189 
69 39 43 85 6 
73 63 57 60 163 
82 75 84 28 357 
32 33 85 82 398 
56 75 99 3 339 
85 49 10 100 387 
21 20 64 20 299 
68 98 39 14 316 
9 12 20 67 11 
5 26 33 58 306 
31 16 14 71 374 
96 43 41 2 76 
26 54 59 65 85 
64 13 66 55 90 
37 97 73 4 368 
47 57 33 101 327 
61 18 54 26 269 
7 8 96 28 324 
27 58 38 96 219 
57 55 57 47 165 
94 62 80 36 164 
37 45 11 80 192 
