2 6
200
97 50 1018 
28 96 1209 
25 60 550 
79 64 147 
34 46 415 
20 92 568 
12 73 1096 
4 56 841 
93 31 961 
81 69 1038 
23 3 992 
33 7 935 
8 20 1198 
16 24 726 
99 26 647 
54 63 712 
18 67 1109 
26 72 71 
14 95 1151 
16 37 803 
22 47 1115 
62 58 747 
33 3 485 
60 14 878 
50 98 609 
32 7 364 
18 41 827 
22 64 26 
96 99 378 
77 21 143 
84 94 1021 
34 96 941 
70 39 837 
94 23 737 
21 61 650 
21 78 910 
58 84 1085 
66 101 1171 
100 102 1010 
91 68 719 
32 57 1003 
30 77 247 
90 18 34 
75 64 831 
63 26 222 
9 4 44 
51 77 266 
58 22 454 
25 20 1141 
90 36 1146 
96 81 870 
12 64 806 
80 93 1024 
35 33 728 
74 85 244 
23 5 913 
80 93 1203 
81 42 1112 
39 76 440 
47 7 701 
29 3 1004 
11 80 1017 
99 54 764 
54 31 136 
22 18 545 
64 87 447 
19 4 186 
21 12 535 
97 17 477 
82 75 1077 
32 35 1048 
28 8 370 
79 65 59 
39 26 628 
14 27 753 
89 61 298 
48 77 1088 
101 30 38 
44 10 1107 
40 16 774 
46 19 970 
76 24 1174 
27 95 123 
16 87 273 
34 82 958 
66 8 1037 
84 10 687 
17 36 1195 
101 33 69 
85 86 1198 
42 41 599 
43 95 90 
74 40 40 
68 64 807 
16 34 1104 
69 70 581 
27 80 23 
8 58 71 
9 32 1014 
84 77 1123 
92 45 113 
14 77 559 
75 92 1076 
73 94 841 
84 19 566 
92 2 25 
9 34 772 
60 60 74 
98 36 1015 
45 36 772 
26 93 766 
13 77 236 
59 4 702 
47 95 946 
62 56 1061 
35 26 486 
62 19 358 
83 76 526 
31 34 1037 
5 18 500 
65 32 685 
27 49 16 
8 72 509 
29 35 1201 
47 65 480 
88 101 55 
21 65 122 
45 86 216 
36 45 203 
22 85 525 
36 56 1057 
19 84 774 
23 37 88 
88 29 660 
100 35 1022 
33 38 140 
6 45 414 
82 86 648 
33 21 570 
40 93 41 
87 88 1073 
101 95 978 
14 30 990 
78 66 784 
99 36 443 
58 47 627 
36 5 89 
7 18 486 
11 56 852 
36 88 767 
19 85 535 
6 3 496 
68 101 491 
6 21 103 
32 30 963 
72 85 618 
19 77 909 
97 6 1080 
98 81 865 
50 92 472 
12 80 522 
20 61 996 
22 96 402 
98 92 561 
13 33 1023 
101 77 1077 
63 41 870 
21 19 131 
90 23 964 
57 10 263 
72 20 122 
4 95 504 
68 14 842 
99 51 1096 
20 23 1044 
31 86 903 
7 99 60 
85 89 617 
69 93 752 
34 32 463 
5 67 1051 
13 28 875 
38 11 457 
44 35 766 
21 66 1101 
83 3 1172 
27 62 456 
7 53 129 
19 89 384 
61 36 27 
82 36 1009 
33 97 1033 
6 8 1165 
16 95 917 
38 64 786 
44 65 287 
62 88 1098 
68 9 856 
3 100 178 
77 97 474 
