4 6
200
14 81 89 20 1206 
71 87 88 11 410 
42 67 97 20 792 
21 13 59 22 1097 
61 87 37 30 1048 
102 49 73 5 876 
35 47 50 42 969 
20 17 44 45 792 
16 4 31 39 84 
5 14 6 2 1065 
27 25 83 101 132 
30 47 61 34 1211 
24 16 85 40 12 
97 20 57 41 572 
6 70 17 57 928 
58 58 99 23 1010 
89 45 73 18 566 
11 66 51 31 632 
75 58 12 46 525 
101 21 94 38 147 
87 59 67 55 1022 
59 10 28 25 665 
74 49 40 52 145 
81 46 69 93 1119 
33 71 28 89 898 
49 60 73 14 935 
39 66 63 11 1188 
32 80 19 34 1092 
3 41 28 77 974 
28 20 62 34 788 
58 54 2 47 995 
19 34 79 82 444 
101 39 16 49 211 
10 89 31 55 1000 
2 28 37 4 1105 
94 45 52 10 580 
31 100 41 50 252 
87 66 18 30 984 
100 3 39 98 1106 
66 27 81 60 876 
41 92 10 52 786 
32 20 100 57 1093 
76 83 72 35 90 
3 100 68 28 397 
46 73 3 74 1021 
101 91 40 14 322 
69 66 94 38 98 
41 92 91 86 1113 
69 68 63 41 83 
19 33 6 91 1095 
68 61 55 28 338 
71 91 38 69 796 
42 82 88 31 272 
12 91 35 27 831 
13 11 84 37 801 
80 12 64 68 813 
70 87 51 24 735 
10 13 69 11 481 
53 57 24 21 619 
89 82 34 18 1185 
30 100 81 23 962 
60 79 20 62 607 
61 28 72 2 1189 
58 32 65 71 173 
101 24 26 88 214 
58 88 65 87 955 
100 79 48 71 469 
72 7 30 46 32 
33 96 8 61 983 
26 87 24 24 1160 
59 19 66 4 1199 
8 76 96 6 273 
73 15 35 84 635 
83 83 3 64 338 
52 5 21 68 1014 
7 18 67 7 1142 
74 67 44 92 258 
83 16 45 73 398 
98 14 26 24 385 
20 63 26 10 1209 
45 85 62 96 543 
56 99 100 22 1135 
92 11 90 13 618 
9 74 45 63 869 
70 39 32 32 391 
41 80 100 37 797 
46 94 59 9 612 
90 7 50 48 814 
85 18 26 80 522 
89 25 15 73 305 
48 20 64 39 381 
8 55 32 64 66 
78 102 65 57 593 
100 54 84 63 760 
4 26 99 97 1071 
54 16 54 89 554 
18 67 28 12 233 
28 32 23 78 537 
37 77 88 43 1108 
86 55 71 32 551 
37 43 55 11 283 
24 23 69 51 970 
95 3 45 19 1095 
13 75 55 38 275 
70 33 8 19 332 
29 40 58 6 47 
101 46 24 44 128 
76 14 19 89 1181 
7 64 74 98 628 
36 34 71 53 975 
13 2 35 9 945 
6 37 38 84 1177 
86 67 65 47 988 
50 81 2 9 187 
101 58 68 41 219 
7 62 12 68 1140 
96 71 7 27 1141 
100 13 17 67 81 
41 78 37 93 150 
41 102 28 18 40 
57 34 64 38 992 
56 37 96 92 881 
46 28 72 91 23 
17 62 40 54 1010 
39 66 37 2 934 
24 23 77 29 961 
8 35 96 65 466 
64 10 71 46 477 
66 19 27 95 762 
15 8 48 91 1191 
81 64 76 35 808 
93 99 64 62 721 
35 61 69 13 812 
13 34 10 53 485 
9 93 96 15 232 
22 40 44 40 774 
18 78 88 32 1215 
46 61 63 99 571 
67 48 12 87 75 
6 52 16 29 628 
83 101 97 52 1103 
90 69 63 16 558 
55 58 25 98 526 
59 75 39 14 273 
54 73 13 7 913 
63 83 11 9 181 
73 26 17 89 1003 
19 83 38 42 137 
79 101 48 53 1145 
11 25 15 44 600 
33 14 4 7 1220 
12 90 92 77 357 
9 60 55 102 915 
31 43 38 16 315 
78 39 100 3 557 
55 27 62 13 797 
40 70 69 60 1027 
61 24 12 89 879 
32 93 63 13 52 
21 47 49 78 794 
71 88 101 19 896 
96 16 3 62 574 
87 30 81 12 1111 
41 93 97 18 198 
9 33 51 45 1176 
86 78 89 99 330 
9 80 85 48 1182 
54 71 52 87 1104 
46 23 52 42 1058 
3 14 53 22 801 
29 52 33 62 711 
39 39 58 22 1085 
20 29 7 35 484 
9 47 35 15 474 
71 43 12 28 879 
88 83 11 58 1159 
74 26 69 33 1219 
59 49 25 90 726 
17 16 32 99 881 
19 18 20 3 970 
59 82 40 83 1176 
88 43 7 91 882 
58 30 102 28 204 
96 62 75 35 1009 
62 24 47 56 291 
58 13 15 56 672 
72 66 10 79 467 
94 88 88 37 162 
18 44 36 18 38 
89 16 6 82 952 
59 45 86 21 236 
37 37 86 60 495 
78 30 54 36 29 
95 22 25 90 296 
10 76 40 22 809 
20 90 30 53 452 
44 9 35 78 1198 
29 81 91 60 45 
59 4 30 97 459 
91 92 2 16 127 
