6 4
200
68 22 67 30 65 41 750 
99 51 10 91 6 98 273 
94 59 94 4 33 97 369 
53 63 6 87 60 69 141 
7 59 10 3 56 18 367 
98 4 88 49 19 25 642 
93 15 41 70 96 30 447 
60 57 59 33 4 76 125 
61 63 45 8 74 77 746 
94 2 90 52 82 90 780 
56 8 57 17 74 69 489 
50 67 19 65 42 64 392 
4 53 71 54 44 32 306 
43 45 44 47 51 89 815 
14 53 20 17 41 61 31 
51 4 19 32 10 57 90 
98 29 44 34 14 46 728 
51 21 100 39 61 60 105 
65 16 72 25 81 62 292 
16 101 51 3 5 46 436 
51 54 24 37 76 28 375 
18 101 15 38 46 13 516 
34 22 79 82 3 93 703 
90 49 9 30 97 77 662 
30 96 33 11 101 38 815 
68 78 5 86 34 69 382 
16 59 89 38 51 74 673 
80 73 22 4 55 69 500 
7 17 9 81 53 67 720 
8 84 29 46 77 65 537 
46 77 98 71 26 41 605 
93 22 94 48 5 101 405 
25 13 9 48 71 41 500 
63 98 7 83 4 60 71 
77 62 94 77 11 19 283 
98 26 35 31 30 89 121 
97 16 35 50 68 41 679 
72 22 101 8 27 7 678 
81 93 91 24 83 68 128 
62 3 73 96 84 17 216 
89 75 18 43 54 49 536 
84 74 34 38 22 27 41 
42 95 70 87 14 53 143 
35 47 9 49 23 101 292 
15 64 57 86 26 59 677 
49 84 68 75 60 19 794 
22 58 88 63 42 13 161 
10 5 11 72 66 11 446 
31 11 96 32 49 32 557 
11 79 54 98 70 24 763 
13 5 13 56 36 22 111 
90 24 88 83 90 18 48 
61 48 16 62 50 30 148 
75 74 45 13 89 31 84 
81 35 67 74 91 28 791 
2 100 18 32 91 43 330 
89 10 51 61 16 65 412 
34 40 38 22 95 78 307 
33 70 46 49 93 5 79 
90 22 11 101 92 11 481 
50 100 32 61 89 80 704 
66 96 53 75 68 62 385 
97 31 53 98 53 62 566 
32 74 85 100 40 33 807 
90 42 62 26 56 93 687 
42 7 63 8 100 53 550 
76 94 75 27 46 64 760 
93 60 6 41 51 92 150 
28 49 64 52 49 89 620 
56 94 51 15 70 65 449 
26 92 92 55 10 4 453 
82 12 75 96 71 8 789 
84 58 87 7 4 68 117 
60 102 59 53 66 93 162 
2 26 14 77 101 40 548 
69 16 88 43 90 65 378 
39 91 57 80 83 81 592 
38 66 10 68 99 43 536 
93 35 4 46 13 38 648 
88 63 21 71 70 32 120 
44 101 66 16 5 70 173 
13 3 75 85 14 49 528 
62 6 11 4 99 3 627 
83 87 99 79 29 69 421 
30 38 11 16 52 60 768 
67 46 54 96 75 47 649 
34 31 64 100 91 17 211 
59 12 69 72 30 40 496 
16 69 39 78 3 71 682 
67 66 71 65 91 73 772 
62 59 10 26 59 99 402 
58 37 81 40 54 28 576 
28 44 45 23 22 35 422 
79 17 20 74 77 98 547 
67 95 38 101 46 33 793 
55 60 48 73 42 14 474 
34 61 40 51 46 15 316 
24 27 43 71 39 45 674 
44 92 54 84 3 84 742 
44 45 41 10 97 75 599 
86 99 52 82 24 96 370 
58 82 25 34 85 30 355 
70 96 33 9 90 17 88 
70 96 92 41 31 69 734 
17 101 43 51 42 67 309 
30 93 91 17 51 39 706 
12 31 52 21 56 50 606 
51 10 3 9 61 65 132 
5 62 43 95 29 57 331 
84 84 85 45 65 8 325 
5 43 94 41 79 26 473 
67 42 23 77 22 18 543 
92 42 44 83 5 24 205 
33 50 25 25 84 48 231 
48 70 77 93 44 37 377 
69 11 70 83 41 60 310 
23 22 19 9 42 76 749 
44 42 64 62 86 17 587 
95 71 18 97 80 32 155 
74 47 86 80 83 22 190 
33 77 102 66 66 89 87 
30 7 18 44 74 38 35 
29 16 32 60 22 76 602 
42 54 88 62 31 21 396 
77 35 32 60 56 71 98 
67 64 99 22 30 63 534 
66 2 55 8 95 17 365 
34 56 21 63 48 51 737 
25 16 5 37 70 64 431 
74 88 86 20 70 94 508 
53 36 40 94 15 10 627 
54 35 56 37 6 6 358 
81 12 99 10 21 24 347 
50 95 87 62 101 15 744 
16 71 90 28 25 84 654 
22 84 71 35 43 16 581 
82 51 102 66 60 11 759 
78 89 13 50 73 22 27 
43 54 35 16 98 88 311 
67 69 12 84 23 66 485 
31 30 76 80 10 73 556 
46 88 98 43 5 100 308 
84 79 79 54 65 79 646 
31 38 22 47 30 35 129 
84 92 84 39 47 36 390 
60 38 72 65 51 37 789 
69 39 74 94 89 2 676 
92 34 32 61 89 82 811 
94 57 35 82 40 54 504 
98 16 6 60 66 92 194 
43 9 91 16 44 85 510 
101 49 55 42 35 35 757 
60 54 80 61 55 50 538 
83 39 85 12 85 37 582 
25 70 36 25 12 61 402 
28 43 47 47 100 39 763 
10 82 42 7 22 71 311 
64 28 101 13 44 60 484 
72 8 6 61 50 93 621 
81 20 20 24 76 46 262 
13 36 16 58 13 74 601 
59 45 7 65 68 35 494 
44 37 14 71 4 92 459 
37 43 87 52 48 19 235 
64 24 85 48 27 8 422 
95 87 57 33 87 88 103 
65 101 98 84 60 18 306 
85 8 55 74 56 78 623 
95 31 8 67 57 47 779 
23 24 19 43 29 11 401 
52 59 40 18 6 46 581 
44 91 70 90 4 93 640 
18 32 76 74 32 77 3 
58 52 67 32 43 19 347 
78 81 43 32 9 90 271 
51 17 58 51 34 7 410 
42 39 79 55 56 19 41 
94 45 71 99 35 51 770 
9 75 88 66 29 31 539 
12 29 60 97 5 47 548 
16 20 24 100 72 52 131 
15 90 79 89 102 40 686 
38 74 35 75 41 41 348 
44 72 88 7 78 86 249 
12 22 60 53 74 40 636 
27 48 101 65 101 81 768 
87 11 78 29 93 84 604 
57 26 24 66 9 27 591 
51 38 95 96 68 87 26 
70 21 38 30 102 8 89 
28 36 12 42 62 50 467 
63 11 80 87 4 58 447 
97 38 89 67 15 8 625 
12 8 71 35 95 93 137 
92 42 101 93 78 65 240 
92 14 25 49 78 17 717 
29 17 10 66 31 50 598 
85 51 65 89 3 36 132 
30 43 9 69 59 43 578 
71 81 96 29 95 27 42 
