4 2
200
63 4 6 98 279 
78 16 23 96 128 
79 16 16 82 381 
42 56 14 43 354 
100 26 55 43 136 
89 28 13 60 25 
71 88 59 18 226 
23 64 28 99 397 
86 40 33 38 276 
43 34 101 42 397 
16 62 90 79 161 
39 51 65 65 332 
52 5 65 91 253 
93 59 101 27 297 
80 30 17 45 15 
62 95 19 76 377 
57 30 74 63 375 
12 100 82 79 76 
74 101 65 18 195 
83 77 44 76 314 
85 36 76 69 80 
88 47 46 76 322 
46 34 91 73 109 
24 33 4 99 214 
94 80 24 9 6 
81 67 101 98 94 
87 53 45 99 39 
23 56 6 44 26 
67 56 8 100 304 
41 12 94 92 106 
51 75 47 24 345 
7 14 69 68 165 
23 48 51 53 381 
95 91 94 64 24 
70 29 63 93 356 
40 74 26 34 252 
71 75 11 72 300 
14 8 23 14 16 
11 89 40 3 347 
21 7 57 7 333 
52 20 32 86 236 
24 14 56 37 189 
35 90 37 7 290 
50 39 80 80 331 
89 70 82 61 393 
83 91 61 8 278 
35 19 21 53 49 
53 45 27 15 209 
2 54 89 68 287 
23 54 36 32 152 
84 29 79 26 385 
84 40 73 90 313 
36 55 50 68 54 
18 71 86 95 82 
7 14 68 29 330 
37 83 15 90 307 
31 57 31 71 351 
8 42 98 58 122 
15 74 38 38 72 
49 6 22 56 222 
54 69 42 13 133 
72 63 52 45 241 
3 27 85 15 194 
81 26 81 83 30 
78 75 30 66 28 
35 78 32 11 140 
34 63 62 36 94 
64 17 20 39 68 
47 92 55 100 120 
91 91 25 91 159 
24 27 42 49 319 
81 42 79 6 406 
96 34 43 11 113 
41 67 50 92 348 
66 8 43 66 255 
88 22 32 37 73 
45 55 43 73 49 
8 23 15 58 179 
24 40 16 40 93 
15 51 46 72 366 
26 43 35 6 306 
18 86 77 86 375 
61 11 44 89 230 
43 93 72 99 87 
20 53 94 49 257 
28 95 6 44 203 
39 78 62 47 381 
5 22 39 98 390 
25 48 31 66 346 
15 98 29 84 333 
24 81 49 51 293 
75 50 88 43 202 
26 82 35 37 223 
85 52 99 95 219 
23 56 76 3 401 
74 25 30 64 205 
32 67 24 63 116 
61 30 12 75 86 
56 35 99 49 295 
45 15 96 12 9 
65 100 36 30 247 
70 6 48 53 408 
52 22 26 93 79 
60 60 75 9 390 
57 41 26 75 405 
90 59 30 31 228 
61 31 20 62 355 
34 34 96 2 247 
57 84 61 75 289 
36 11 8 30 59 
87 42 89 16 193 
26 76 63 31 297 
12 78 19 98 168 
23 4 66 6 356 
28 66 75 49 167 
74 82 53 4 268 
81 53 2 17 288 
21 44 6 15 258 
60 73 67 30 204 
81 68 65 34 203 
33 47 4 42 358 
23 69 43 76 306 
46 25 61 66 384 
61 78 4 27 91 
82 100 53 42 122 
58 101 47 99 253 
9 19 21 54 140 
36 51 62 29 201 
54 3 32 40 81 
37 13 3 36 370 
5 66 40 12 285 
35 96 64 13 132 
25 24 46 14 279 
29 7 9 31 247 
12 18 76 78 287 
81 70 14 23 388 
47 99 13 8 241 
45 80 10 85 7 
41 89 51 97 108 
31 59 20 72 378 
32 6 74 75 329 
89 92 64 42 371 
67 84 43 18 357 
28 13 40 55 105 
50 98 27 30 88 
25 68 81 52 167 
23 52 44 30 266 
43 27 40 28 293 
55 18 70 94 150 
59 48 36 10 3 
20 22 67 47 182 
36 81 46 54 234 
23 12 14 101 284 
16 41 15 53 192 
3 75 14 83 295 
34 30 35 94 261 
79 35 73 52 93 
4 87 100 86 130 
64 83 88 70 208 
45 6 71 24 92 
20 35 85 63 406 
47 10 86 75 52 
7 48 54 90 326 
90 41 65 79 277 
31 44 31 21 348 
22 89 46 33 121 
30 62 13 72 188 
46 51 13 52 315 
96 3 27 74 108 
18 31 100 91 255 
6 43 93 56 379 
78 6 66 78 326 
60 66 55 45 344 
48 37 84 45 146 
41 31 14 102 301 
30 19 59 95 285 
92 92 57 70 106 
89 70 59 79 285 
42 87 37 72 80 
32 50 84 89 330 
83 49 57 55 96 
77 31 94 83 265 
61 49 73 8 365 
71 11 86 20 399 
79 80 8 75 388 
56 96 44 83 177 
81 37 72 14 363 
46 36 4 47 207 
60 79 78 14 44 
95 16 31 83 207 
24 66 66 92 16 
5 43 84 60 284 
84 89 13 40 348 
26 79 61 19 187 
36 9 41 69 165 
3 4 96 65 9 
42 67 63 32 90 
17 73 82 11 351 
5 54 46 78 282 
73 68 41 29 351 
