4 6
200
31 31 90 53 314 
14 40 98 61 275 
37 55 99 102 548 
72 56 57 21 162 
53 36 81 35 1085 
12 97 78 89 395 
58 32 74 50 1152 
56 52 9 75 715 
87 14 86 68 907 
39 10 73 41 1200 
94 60 20 53 383 
97 52 57 64 193 
19 64 10 29 807 
7 83 51 8 1114 
22 49 84 63 349 
41 52 15 61 631 
4 26 39 91 497 
101 14 23 18 1212 
6 97 47 60 506 
25 6 59 2 849 
58 61 67 50 954 
47 78 59 24 1127 
47 39 99 13 164 
95 27 21 89 825 
95 62 35 9 1070 
27 4 26 22 71 
37 96 15 91 1165 
46 61 92 13 1169 
24 57 100 26 666 
68 100 36 47 590 
100 87 72 35 938 
98 28 60 63 646 
45 54 40 19 698 
53 26 9 18 850 
36 37 9 93 552 
40 64 10 54 257 
29 70 81 74 93 
52 26 82 15 1210 
20 2 31 61 641 
72 19 84 69 45 
44 93 21 77 169 
65 80 80 90 475 
37 20 8 42 317 
78 75 68 11 87 
29 46 96 19 631 
36 8 51 41 920 
23 82 43 51 965 
38 51 6 60 544 
74 48 94 76 785 
2 96 91 35 940 
99 53 74 62 939 
100 99 4 26 973 
59 31 41 15 221 
57 79 59 63 1102 
28 71 10 67 426 
83 54 22 55 627 
42 19 18 64 963 
72 10 82 74 992 
41 49 82 80 1069 
45 8 82 58 115 
26 39 31 45 617 
29 45 9 28 1167 
48 79 51 75 484 
42 15 79 36 592 
49 98 87 82 628 
81 91 32 80 1118 
77 74 66 45 340 
5 90 75 14 632 
29 3 57 79 432 
64 100 9 41 576 
32 31 48 10 763 
29 53 51 94 874 
40 15 32 36 247 
76 15 8 47 443 
54 42 67 84 267 
48 44 11 47 1093 
83 84 93 33 747 
48 28 58 83 9 
54 42 83 43 171 
15 73 22 59 755 
51 95 64 5 1161 
92 66 65 88 196 
87 45 6 4 1109 
58 25 101 75 903 
49 59 27 46 1028 
15 61 27 71 106 
77 24 54 85 496 
90 21 90 38 865 
84 65 72 67 188 
11 37 81 52 711 
92 74 49 85 179 
94 70 20 21 1008 
33 41 97 80 496 
66 93 23 64 31 
38 37 65 5 1118 
86 90 61 31 913 
79 82 76 13 226 
5 77 71 70 599 
22 3 71 56 481 
45 70 94 27 632 
21 16 19 50 266 
57 11 46 94 373 
6 11 91 46 66 
53 67 86 62 458 
91 24 55 15 1005 
37 69 11 66 591 
18 98 36 80 687 
65 65 29 91 777 
96 33 79 40 552 
14 15 26 50 1075 
80 86 34 89 770 
99 64 6 68 1061 
90 2 82 45 176 
10 76 13 90 521 
90 40 97 98 536 
60 47 16 70 862 
24 45 63 78 857 
34 66 49 17 729 
3 61 63 4 923 
95 53 36 26 457 
39 4 38 8 1220 
42 90 38 46 66 
54 49 38 97 789 
47 41 6 76 1003 
46 29 98 31 510 
31 79 95 23 616 
9 13 93 33 404 
23 9 57 78 367 
46 30 5 12 97 
56 26 68 40 368 
56 49 62 44 1141 
12 7 9 66 869 
65 97 17 96 1206 
42 59 7 64 537 
40 86 30 46 465 
18 26 89 23 1076 
7 13 57 93 1177 
62 53 51 40 278 
17 2 93 7 817 
51 14 12 13 825 
99 21 6 96 1120 
72 20 18 6 942 
88 21 88 78 809 
54 42 27 99 470 
91 10 69 42 350 
40 96 25 79 1089 
6 16 78 56 1113 
88 10 63 101 325 
44 37 47 63 445 
99 16 16 41 180 
11 90 14 75 954 
91 54 66 68 650 
78 97 41 17 894 
74 45 34 87 981 
47 80 27 73 1181 
57 65 8 5 389 
26 82 86 64 978 
18 4 5 78 26 
36 46 98 48 619 
49 97 32 90 785 
56 84 31 61 857 
33 65 43 78 284 
28 47 62 36 356 
98 14 79 37 697 
72 42 58 86 564 
3 85 81 22 612 
62 36 21 41 951 
44 53 27 94 603 
56 62 29 55 936 
91 85 64 19 663 
37 20 96 33 1149 
16 28 47 15 848 
50 86 23 28 777 
94 29 23 58 1068 
48 89 87 88 43 
12 15 5 9 700 
19 23 64 68 186 
44 42 90 48 777 
17 8 14 25 16 
72 42 2 91 1038 
64 65 8 32 106 
50 36 10 30 1030 
3 25 40 58 635 
29 24 57 13 269 
54 41 77 95 879 
42 77 63 87 411 
72 15 16 24 1161 
57 17 34 60 820 
10 33 62 63 765 
95 69 58 73 908 
50 87 91 69 402 
26 89 15 60 838 
75 74 25 96 171 
90 11 18 63 1187 
14 92 99 46 170 
23 80 16 32 970 
75 22 92 13 1049 
87 26 48 92 872 
70 5 75 91 1152 
38 10 68 50 907 
