2 4
200
61 84 737 
98 83 418 
54 49 378 
55 98 811 
90 83 409 
16 27 805 
28 38 107 
48 80 543 
15 21 299 
37 28 135 
42 15 708 
23 61 489 
9 34 665 
13 61 97 
23 64 513 
87 68 213 
25 19 288 
39 94 657 
98 15 34 
26 86 506 
17 19 176 
32 15 678 
15 69 188 
92 9 759 
19 18 626 
3 26 128 
6 29 434 
13 14 71 
83 5 165 
8 27 373 
58 85 395 
22 98 345 
92 94 403 
82 75 810 
5 35 84 
44 22 628 
6 97 723 
90 22 463 
11 6 41 
15 51 85 
65 8 339 
79 36 197 
47 100 159 
37 13 270 
68 26 446 
56 10 650 
100 41 678 
45 4 248 
59 70 518 
94 13 754 
39 80 352 
41 19 540 
60 28 805 
88 100 182 
60 71 686 
58 24 785 
4 57 786 
27 16 80 
29 22 35 
13 22 544 
63 55 707 
29 99 274 
92 29 60 
90 98 669 
83 14 340 
63 87 272 
48 3 371 
69 91 458 
98 14 516 
35 14 791 
64 49 47 
34 28 363 
37 33 588 
53 68 775 
91 16 481 
16 46 20 
70 68 283 
73 67 154 
23 95 520 
33 33 696 
72 59 126 
12 28 404 
78 51 707 
99 27 447 
63 98 293 
52 80 619 
99 84 553 
63 67 374 
64 93 665 
89 13 264 
83 7 815 
89 82 76 
82 81 714 
11 40 779 
18 73 333 
82 12 568 
85 73 126 
90 36 403 
20 12 746 
72 50 287 
70 92 312 
56 18 170 
57 77 127 
29 73 811 
90 90 356 
74 47 768 
7 85 668 
14 6 326 
19 95 582 
53 71 578 
20 12 254 
54 44 397 
59 63 447 
22 27 287 
56 58 5 
18 102 376 
8 47 526 
99 67 532 
55 58 700 
100 39 194 
51 6 45 
47 11 494 
70 38 377 
97 17 685 
41 87 470 
49 60 390 
41 3 761 
27 47 196 
8 22 373 
68 101 698 
65 61 196 
33 73 173 
32 12 386 
42 49 520 
102 13 250 
82 60 650 
10 8 803 
40 61 297 
32 26 485 
83 40 724 
17 5 300 
63 34 456 
62 10 119 
39 19 393 
2 102 440 
32 27 278 
95 28 511 
68 60 758 
89 27 3 
90 3 379 
64 50 583 
61 27 367 
29 41 643 
77 22 404 
67 73 730 
52 40 485 
84 3 807 
27 90 102 
28 51 363 
46 76 62 
58 74 65 
70 77 561 
79 44 609 
11 4 702 
57 21 48 
15 3 711 
5 39 711 
43 7 815 
49 38 493 
61 34 620 
3 85 537 
73 21 392 
44 99 784 
23 76 781 
87 75 803 
15 72 566 
9 15 396 
59 42 303 
22 17 549 
10 23 318 
10 20 79 
101 10 158 
22 86 813 
60 73 31 
93 85 512 
93 58 260 
4 36 537 
93 54 160 
29 45 351 
31 53 37 
83 36 624 
59 14 460 
88 88 532 
81 95 708 
72 51 340 
47 68 472 
76 31 479 
37 8 705 
75 19 532 
92 73 531 
