4 6
200
17 33 72 76 70 
99 32 3 81 755 
45 54 61 83 962 
82 57 59 13 41 
36 25 50 90 1186 
44 91 34 62 102 
32 14 37 67 217 
97 5 84 64 1065 
18 52 14 46 957 
73 68 38 57 152 
59 82 91 96 1009 
94 85 84 80 777 
10 100 43 73 389 
34 19 97 66 1023 
80 75 97 26 1069 
86 14 6 12 315 
78 55 78 50 624 
52 25 42 84 317 
14 22 7 100 967 
20 11 43 14 572 
56 73 74 74 425 
87 86 67 9 1206 
82 80 75 54 1065 
57 24 95 22 995 
11 78 14 40 872 
59 70 99 47 855 
76 73 94 65 873 
7 83 6 15 810 
68 60 35 86 559 
36 49 55 13 293 
97 19 23 33 462 
80 61 36 3 946 
19 90 22 39 296 
12 88 12 83 1000 
77 20 81 56 189 
53 45 31 94 457 
12 17 88 23 910 
60 51 63 27 1141 
49 48 6 38 603 
80 40 98 62 442 
50 39 74 32 604 
80 40 70 18 1056 
37 32 44 66 823 
4 4 100 65 814 
63 27 87 89 428 
30 16 45 6 455 
16 49 71 58 1096 
75 45 58 74 1182 
22 83 48 41 713 
19 6 42 71 579 
78 41 35 95 923 
25 55 87 97 259 
66 96 66 80 890 
90 63 88 76 1157 
61 48 28 68 571 
81 81 48 31 219 
26 76 76 59 745 
76 16 78 83 821 
22 60 63 53 406 
27 19 69 68 856 
59 21 68 76 1079 
32 15 69 49 1174 
45 9 57 79 1189 
92 22 9 20 1207 
77 86 7 9 914 
3 87 77 35 259 
64 14 81 61 749 
7 10 102 71 377 
63 49 32 87 292 
15 5 86 56 533 
7 13 52 70 1166 
74 16 61 102 1066 
47 40 35 28 417 
33 30 98 18 1126 
84 22 40 89 464 
30 57 22 85 759 
100 3 23 92 196 
53 64 14 66 1089 
93 51 2 84 1045 
25 15 6 53 1132 
87 9 70 64 757 
87 75 65 32 826 
19 97 78 40 1086 
47 19 46 12 1014 
71 18 34 29 15 
35 22 58 4 184 
16 53 70 93 945 
94 34 61 30 382 
80 102 84 99 878 
98 75 64 95 499 
8 72 96 70 290 
71 77 43 63 354 
66 20 63 17 649 
68 28 87 63 1185 
14 59 18 81 64 
71 37 37 57 61 
62 60 65 63 110 
47 59 2 69 106 
19 93 101 101 817 
62 41 69 46 66 
72 90 4 98 350 
51 56 18 65 666 
36 41 88 58 838 
8 57 102 8 103 
12 28 20 54 975 
23 61 18 14 549 
32 70 94 52 425 
75 59 68 35 737 
92 43 39 15 912 
80 7 45 33 741 
7 41 63 37 1168 
46 72 52 19 92 
92 40 6 20 294 
68 50 38 23 1171 
52 91 69 48 220 
71 91 7 80 22 
18 18 87 53 484 
94 9 58 57 1105 
5 9 52 27 861 
54 39 21 91 102 
32 71 23 37 134 
19 73 16 20 324 
58 67 74 17 1120 
75 55 54 81 397 
61 94 83 33 1132 
45 41 44 78 801 
34 72 18 71 875 
49 97 52 43 281 
22 95 41 30 426 
40 37 36 36 1186 
102 87 42 59 604 
41 90 92 45 836 
80 31 41 54 1154 
87 51 4 46 550 
80 4 14 58 149 
68 55 55 98 663 
9 7 11 81 802 
50 33 61 22 404 
61 7 10 74 556 
93 56 88 36 605 
92 35 93 91 231 
100 75 86 47 1017 
88 37 96 91 745 
75 22 62 89 572 
57 91 84 13 1054 
75 97 41 13 255 
14 69 21 49 789 
77 16 22 62 829 
77 49 17 39 581 
26 14 21 14 886 
73 96 102 89 1158 
2 52 82 5 564 
5 35 75 26 869 
21 18 48 26 1053 
61 2 102 21 880 
10 77 47 65 762 
63 78 30 40 611 
20 69 34 54 786 
26 36 19 16 790 
44 76 93 68 349 
10 67 97 28 163 
73 96 83 18 1062 
27 7 19 42 1041 
30 7 36 76 648 
54 86 96 62 755 
28 85 88 57 373 
36 86 81 37 665 
98 83 4 27 971 
26 88 18 68 478 
21 19 79 31 454 
38 42 18 15 933 
26 73 37 66 1071 
89 11 28 87 652 
43 28 84 88 1096 
49 5 11 97 358 
68 70 30 23 519 
11 8 59 20 1153 
95 70 68 61 375 
26 48 40 40 1124 
17 62 33 15 1200 
95 37 93 42 1105 
35 33 24 86 126 
58 45 15 24 960 
83 54 11 93 733 
75 62 25 58 802 
2 67 73 5 172 
8 39 18 25 601 
76 17 19 29 751 
64 48 84 51 918 
83 35 19 61 131 
65 53 42 55 310 
35 14 37 76 1099 
70 62 20 72 51 
20 30 92 75 53 
68 37 83 32 1194 
28 81 77 83 1035 
70 50 14 95 622 
57 99 65 100 197 
65 82 45 40 1140 
4 30 13 47 694 
