8 4
200
6 58 29 63 8 54 98 2 525 
84 59 26 80 37 24 64 63 66 
5 61 6 36 27 69 75 68 40 
77 7 37 63 52 95 10 62 757 
97 24 20 93 70 87 3 101 370 
47 3 91 35 101 97 79 60 161 
12 72 32 62 90 43 49 23 777 
31 24 9 33 73 78 31 69 321 
92 14 94 21 35 29 24 30 528 
17 44 8 42 85 94 76 100 733 
64 37 36 79 46 49 92 74 629 
40 16 33 16 5 34 57 89 377 
30 93 39 6 40 62 78 34 647 
91 91 40 16 60 75 88 69 266 
7 15 70 47 31 63 52 85 116 
36 4 40 76 87 98 48 48 62 
55 61 99 76 3 14 69 3 678 
41 26 59 60 30 38 101 52 605 
80 85 63 77 56 57 48 44 247 
43 17 6 44 70 14 67 35 69 
38 33 14 58 80 31 80 13 485 
59 78 76 4 77 36 24 70 515 
48 80 7 44 31 61 84 29 700 
81 99 58 47 95 97 30 66 164 
64 25 7 35 99 45 97 90 540 
58 41 42 71 22 2 51 21 446 
6 96 4 55 76 53 45 101 117 
6 15 85 81 76 13 17 62 371 
60 15 83 63 49 42 95 28 716 
48 12 79 57 98 76 42 26 573 
20 11 51 56 92 100 31 94 617 
85 79 67 31 57 62 57 93 49 
75 45 49 64 62 50 65 99 728 
39 50 19 12 41 51 43 98 416 
99 6 26 85 34 57 67 12 404 
25 19 57 19 3 7 70 69 668 
25 59 51 3 92 95 11 94 356 
61 75 40 18 90 60 11 60 703 
84 92 13 94 99 52 100 43 654 
36 22 50 14 44 74 69 20 326 
4 98 16 33 77 42 13 8 300 
14 9 31 99 10 45 21 88 628 
73 33 62 101 4 51 14 77 587 
98 49 33 68 50 72 21 9 506 
74 53 17 73 83 93 16 89 277 
53 39 14 7 94 58 97 98 708 
82 5 96 67 21 2 70 18 480 
7 48 61 62 80 3 83 49 286 
63 2 53 71 87 17 18 64 304 
62 93 57 77 73 54 85 41 34 
70 9 34 17 5 67 34 11 336 
77 93 62 13 27 47 23 35 783 
38 13 20 81 51 59 65 10 205 
6 32 77 9 78 41 99 15 331 
5 48 100 88 39 79 76 43 577 
80 52 68 12 56 39 58 49 229 
88 91 60 77 54 97 42 30 642 
68 70 17 22 15 14 7 21 713 
100 52 76 43 6 11 88 87 477 
61 96 78 39 53 31 13 13 190 
85 30 96 5 48 11 100 10 590 
58 59 38 56 7 37 52 59 788 
56 47 87 51 91 69 39 83 276 
5 31 19 87 11 4 91 24 742 
96 98 7 67 45 98 39 33 233 
24 6 91 43 89 95 35 59 544 
40 36 41 29 68 66 77 98 648 
57 73 50 36 67 85 46 59 503 
94 91 3 91 14 60 40 17 627 
46 64 44 26 54 54 37 53 719 
54 69 32 42 92 50 19 84 490 
82 90 41 9 98 33 34 43 557 
67 50 24 83 90 53 90 33 276 
40 33 20 98 101 16 97 94 734 
34 54 102 55 75 33 100 60 222 
40 40 68 13 94 13 86 72 24 
69 73 80 80 55 60 16 81 417 
44 86 91 27 14 6 43 2 732 
71 14 78 93 84 32 26 52 764 
70 29 40 9 15 31 14 30 174 
14 55 101 43 41 96 82 59 605 
40 15 28 64 72 94 24 17 476 
29 78 91 50 56 5 67 48 424 
15 36 74 62 15 85 85 31 384 
93 29 75 84 13 28 58 88 303 
70 8 59 48 88 99 73 87 431 
34 66 101 98 78 95 44 69 184 
5 81 102 44 81 43 47 33 716 
88 47 66 66 94 70 68 99 327 
97 68 51 76 91 30 33 53 531 
50 97 53 81 42 46 5 56 62 
39 27 29 18 3 57 12 87 325 
90 70 74 33 32 82 55 49 6 
76 30 92 73 14 31 78 99 297 
39 8 7 22 62 40 63 31 584 
15 81 67 96 66 6 91 44 671 
95 19 66 73 28 95 46 32 208 
20 68 16 100 42 5 21 75 643 
37 70 10 37 73 4 10 42 554 
37 82 66 88 85 71 49 86 660 
74 68 82 14 78 33 15 45 516 
60 17 42 64 77 94 27 56 604 
76 60 48 65 65 88 27 11 409 
63 34 85 47 53 58 25 49 61 
101 24 94 79 24 30 40 52 204 
30 75 6 74 63 31 97 75 211 
37 11 4 96 89 69 83 53 91 
82 15 66 85 41 30 86 28 260 
84 99 38 20 26 15 63 99 292 
48 91 73 56 51 81 32 90 306 
7 7 37 27 99 73 19 60 306 
63 47 36 78 90 36 99 16 620 
92 19 87 91 35 92 34 37 506 
42 28 66 87 55 54 93 81 179 
99 59 102 67 4 68 78 2 424 
4 72 3 39 59 38 5 43 581 
54 18 74 47 95 64 11 79 261 
76 78 94 84 87 10 15 2 467 
78 27 17 21 15 35 41 32 535 
63 5 71 30 84 14 83 41 519 
52 54 65 40 58 26 36 4 198 
62 22 87 95 26 59 81 29 131 
58 35 4 41 8 65 98 50 609 
65 48 96 82 4 48 47 65 398 
96 40 71 93 87 13 10 81 84 
83 70 80 15 51 58 98 26 51 
63 12 48 102 44 10 52 74 459 
32 82 20 41 50 64 10 87 724 
49 67 50 93 33 29 55 18 660 
98 52 99 40 85 79 42 86 428 
5 96 98 63 43 15 57 80 802 
94 44 22 18 7 67 69 51 482 
60 72 81 20 48 28 29 55 180 
62 94 99 43 101 66 11 7 738 
94 88 27 36 38 55 31 64 600 
63 82 47 34 73 36 20 84 114 
75 86 50 72 37 89 94 98 704 
3 53 45 58 9 102 76 76 519 
36 26 36 29 91 87 55 68 600 
79 30 22 65 25 19 52 39 171 
45 24 53 39 45 42 69 30 91 
32 8 75 47 60 99 72 86 476 
81 48 97 65 19 71 16 16 556 
68 40 30 29 7 72 81 34 425 
14 99 83 97 62 63 76 25 491 
3 34 72 25 95 41 61 73 738 
28 82 7 84 25 30 74 3 739 
85 5 2 5 68 28 47 60 707 
79 87 88 36 91 97 11 15 672 
100 44 46 91 70 36 82 55 425 
49 32 76 55 25 62 73 93 158 
62 100 68 46 80 37 54 83 703 
6 94 93 13 75 12 48 76 476 
48 96 37 68 24 14 76 100 228 
15 27 64 28 65 100 77 51 126 
18 56 66 11 39 89 50 78 502 
63 38 59 66 9 51 3 26 789 
86 96 78 56 72 82 10 42 463 
26 80 31 95 37 26 97 32 166 
96 39 60 51 20 49 53 15 510 
73 51 20 15 27 41 4 94 453 
42 64 85 86 3 99 32 26 797 
34 71 3 35 71 78 31 9 710 
41 37 78 31 5 60 20 39 742 
40 13 55 92 93 46 71 57 555 
39 12 38 63 20 96 51 21 360 
64 40 81 44 86 20 54 65 461 
81 13 61 28 69 66 8 94 110 
47 44 80 59 66 16 10 94 795 
53 80 19 84 82 86 16 58 806 
14 99 28 37 41 30 89 91 361 
11 13 45 74 56 29 82 6 625 
68 6 76 67 35 95 23 3 687 
42 99 33 77 14 13 67 97 775 
89 12 5 51 72 77 72 102 660 
56 81 26 92 4 77 10 49 421 
27 49 66 36 16 40 46 50 751 
15 36 101 34 9 62 34 96 771 
75 19 37 101 97 35 14 68 183 
62 51 97 58 69 67 61 42 392 
33 55 98 67 7 24 85 59 539 
84 24 74 66 60 10 83 36 247 
19 28 54 32 24 50 18 86 803 
99 59 69 36 75 68 14 2 333 
101 10 14 15 18 39 70 32 360 
52 98 93 89 77 35 37 45 118 
98 3 33 50 52 23 26 88 816 
101 50 52 8 54 60 70 84 216 
20 6 13 17 65 94 6 67 716 
10 12 84 36 101 32 54 18 811 
12 53 61 93 91 32 39 70 672 
96 46 46 35 21 95 9 19 313 
6 83 41 41 46 86 35 18 619 
20 68 50 21 56 38 61 60 258 
70 28 17 83 79 96 12 12 173 
45 77 94 92 29 84 94 50 284 
63 73 9 76 60 75 56 22 22 
36 77 93 10 76 63 63 41 739 
25 25 6 46 31 36 65 92 339 
86 30 41 68 29 8 3 100 706 
