8 8
200
99 63 100 5 90 81 81 31 282 
27 101 21 91 3 91 92 86 754 
53 13 4 12 14 75 67 48 1130 
59 42 51 37 76 13 82 84 133 
24 36 27 93 10 22 92 19 1318 
93 89 57 22 24 82 23 84 498 
97 90 50 27 39 45 12 24 1441 
70 91 27 11 11 22 83 70 827 
23 62 4 85 22 97 95 76 952 
16 40 20 71 17 94 82 87 1534 
62 99 98 85 84 88 33 24 460 
58 85 81 37 41 56 31 2 359 
30 14 69 55 34 65 86 98 1376 
72 101 77 35 30 26 28 23 1160 
56 40 80 18 53 101 69 39 1495 
82 81 101 66 42 16 72 54 1194 
29 8 67 35 100 88 4 63 376 
55 25 56 57 11 20 85 77 1015 
46 14 63 71 88 97 74 7 273 
88 8 61 62 65 78 52 101 237 
8 23 42 94 16 92 78 16 234 
39 27 72 82 83 67 54 28 657 
15 60 22 72 63 96 71 18 891 
66 95 62 80 6 12 6 79 874 
25 54 100 72 95 75 83 36 1300 
49 7 28 95 10 38 38 40 679 
96 38 62 48 25 99 38 13 331 
56 61 23 62 78 5 14 32 1220 
44 44 67 49 91 29 16 24 181 
31 73 88 26 45 69 70 12 678 
96 79 31 3 36 84 55 29 1236 
61 89 31 24 84 80 63 96 1558 
79 49 48 35 33 2 88 9 658 
37 32 18 56 93 69 64 20 860 
48 43 10 85 97 65 53 57 574 
84 8 91 9 65 51 73 93 1027 
97 63 48 31 16 29 44 20 1585 
62 7 98 64 62 65 27 18 861 
89 96 54 86 84 78 67 6 15 
53 29 69 69 85 102 6 69 943 
9 19 29 83 43 79 67 94 817 
41 22 48 28 84 49 98 86 1587 
13 13 81 72 66 12 28 93 1479 
32 94 24 98 60 96 8 21 1618 
28 8 55 77 20 92 28 28 1376 
57 27 47 22 73 101 4 95 906 
81 39 55 19 57 52 88 37 1622 
30 44 64 54 23 65 50 72 1266 
46 38 95 91 46 40 28 73 1082 
47 12 23 25 96 67 40 29 1327 
48 11 53 5 90 85 93 100 1367 
24 5 6 84 74 3 24 60 922 
64 92 96 17 93 85 86 43 405 
80 7 50 99 16 96 84 4 1004 
28 43 50 12 100 47 56 5 1120 
64 65 41 22 3 38 11 78 590 
90 33 19 70 21 49 61 14 1524 
37 28 91 12 2 72 42 98 284 
10 55 95 50 63 90 17 24 1274 
88 60 6 15 90 40 60 96 1148 
46 60 24 3 53 88 54 21 1264 
82 55 65 70 82 8 20 2 376 
46 41 72 31 55 99 71 74 882 
92 24 40 53 54 8 2 97 613 
97 9 4 9 99 45 13 37 1127 
17 20 80 100 97 89 17 17 903 
2 17 7 27 34 81 34 64 1570 
41 31 3 60 70 87 70 25 1517 
23 38 45 29 20 20 30 56 889 
78 94 30 53 37 39 52 102 1313 
34 72 78 25 78 36 49 73 96 
70 59 52 95 32 74 96 96 1275 
15 75 99 89 99 80 26 58 1148 
71 91 96 66 9 70 7 38 864 
19 101 63 10 83 49 14 62 1579 
7 85 64 58 58 43 61 40 437 
86 48 76 100 100 22 66 80 1349 
14 7 52 83 90 96 21 79 1558 
19 6 94 52 77 38 83 22 1182 
10 14 35 55 7 71 44 23 1471 
81 22 2 43 46 5 66 3 908 
49 25 97 70 40 81 48 44 546 
36 35 73 39 19 81 50 58 1072 
52 61 102 83 42 69 6 41 938 
97 78 62 91 88 76 83 37 1573 
80 42 77 56 9 65 38 9 1429 
21 44 5 24 95 90 39 16 678 
58 68 86 29 66 100 24 53 1068 
75 47 49 99 58 84 84 72 259 
93 98 54 39 47 34 82 87 1587 
56 76 85 74 54 74 35 27 1122 
15 52 78 79 34 58 99 65 1019 
42 24 88 23 41 25 75 48 295 
91 21 23 54 50 82 3 69 1253 
84 4 95 78 66 33 15 72 322 
42 16 66 98 42 84 72 42 1019 
13 35 36 62 101 8 56 45 111 
50 63 5 98 78 67 82 17 999 
72 66 60 57 10 72 6 35 524 
56 95 81 41 84 10 19 92 555 
44 24 5 88 24 23 26 68 141 
19 46 41 102 18 27 23 2 1231 
6 58 28 67 58 68 76 2 815 
30 10 81 97 81 88 33 39 1515 
61 85 44 39 33 44 63 89 1457 
95 56 79 56 21 84 34 15 541 
10 79 68 38 14 24 73 98 942 
31 24 66 54 71 81 34 64 274 
35 69 28 86 6 72 79 83 751 
75 76 91 100 64 68 55 25 977 
29 24 73 23 68 36 86 34 1059 
27 43 87 100 24 59 67 102 744 
9 26 76 98 61 34 78 100 370 
70 33 61 100 101 48 21 7 648 
48 14 3 94 102 74 7 54 648 
63 76 53 35 35 65 23 48 1603 
88 32 65 41 47 70 14 18 13 
7 29 44 41 81 19 19 21 1425 
46 18 27 4 94 9 94 17 392 
73 38 100 98 79 56 50 35 1219 
78 8 69 36 82 86 73 101 407 
100 23 97 36 18 16 78 79 494 
76 86 41 58 49 32 46 43 1310 
4 11 52 90 93 48 45 43 214 
22 13 38 43 33 95 84 96 1534 
30 39 22 87 23 2 25 76 805 
38 23 61 40 92 41 6 71 1474 
76 12 32 52 94 77 3 58 1074 
97 35 55 48 76 55 38 17 60 
62 20 90 52 67 19 99 9 329 
56 84 23 98 39 64 4 10 1373 
66 81 47 47 86 67 36 31 680 
99 92 49 8 4 77 38 45 833 
4 26 47 15 55 87 57 49 1203 
47 100 98 92 46 68 71 74 595 
60 17 36 25 18 38 77 2 270 
75 50 82 48 62 96 14 2 1367 
41 53 28 63 92 39 93 92 499 
48 8 48 83 39 33 40 80 459 
19 81 11 12 40 55 71 84 1603 
96 100 40 4 81 46 84 32 337 
13 100 27 98 34 28 7 31 1531 
72 94 14 51 10 84 68 96 348 
77 31 15 75 94 10 41 99 1491 
94 46 30 5 102 8 12 30 1311 
5 23 49 84 6 10 61 100 1471 
88 47 92 58 38 86 24 9 26 
9 40 8 19 59 37 37 15 1388 
68 70 94 8 41 83 4 65 1198 
76 95 27 7 16 96 20 55 861 
3 39 11 45 82 95 7 5 1470 
77 88 66 14 50 93 25 95 503 
100 83 8 12 56 75 13 50 228 
79 4 26 14 101 7 84 35 1246 
78 25 89 101 3 38 92 29 1257 
12 64 47 35 84 23 65 22 1178 
49 94 85 38 34 34 81 30 16 
68 65 89 61 33 16 17 49 1135 
45 101 81 72 21 28 98 3 1408 
71 46 22 4 51 80 34 37 682 
95 43 93 57 22 76 37 26 1051 
92 53 33 32 20 37 54 22 356 
95 79 75 59 42 33 48 12 1369 
83 66 16 11 29 98 75 24 102 
80 90 80 8 37 97 64 8 824 
57 41 28 87 53 31 59 42 945 
71 39 3 62 12 12 92 56 982 
52 83 26 38 60 98 31 75 519 
45 89 44 80 97 36 82 93 1168 
60 97 15 87 54 89 40 6 1387 
7 20 80 70 18 82 37 14 415 
28 21 83 32 58 80 100 15 863 
18 93 44 69 82 21 41 34 967 
49 68 31 39 100 56 13 25 908 
55 77 73 64 45 85 11 56 1167 
93 30 41 38 89 41 36 24 201 
45 41 40 61 31 86 23 90 752 
99 91 23 29 21 35 24 46 619 
84 56 51 61 60 28 49 50 59 
22 13 80 92 5 78 44 70 1386 
20 96 48 88 43 57 39 14 1063 
52 66 12 8 16 45 3 54 1119 
65 86 82 13 14 83 83 3 1249 
70 9 88 48 87 52 50 6 817 
94 98 15 96 24 49 63 99 1376 
96 17 100 37 91 53 9 80 1376 
7 8 84 67 7 42 80 71 82 
81 6 81 61 60 12 95 11 916 
58 71 64 36 52 17 99 89 1403 
81 35 20 37 41 9 68 45 1592 
70 29 93 75 18 54 44 84 1520 
8 36 59 90 44 82 97 53 147 
24 73 58 69 70 20 56 102 605 
89 47 68 74 96 16 14 27 1343 
67 85 56 12 94 71 24 93 866 
31 92 93 41 42 89 100 46 1180 
44 3 61 75 20 18 17 57 605 
30 36 43 45 78 19 99 32 1116 
57 14 81 89 47 79 67 27 151 
48 50 7 80 76 52 44 73 392 
