2 2
200
49 10 305 
32 69 296 
4 57 164 
25 85 184 
101 69 379 
41 6 229 
81 62 351 
2 4 231 
99 81 367 
55 71 106 
76 4 328 
34 99 250 
98 95 69 
53 86 62 
24 80 90 
84 9 173 
47 17 60 
23 34 78 
62 49 25 
20 35 358 
85 51 351 
16 51 331 
66 69 283 
34 45 47 
41 30 311 
73 80 99 
37 17 293 
50 11 221 
13 56 286 
64 74 205 
58 79 248 
31 70 142 
31 10 122 
42 19 165 
75 15 292 
5 83 16 
45 91 283 
84 85 72 
18 37 166 
34 5 387 
13 5 389 
21 78 269 
53 13 244 
44 44 288 
96 96 400 
34 77 389 
84 10 297 
68 21 340 
83 76 384 
45 15 139 
96 99 21 
37 31 60 
47 56 152 
8 55 289 
46 3 189 
101 89 363 
21 86 245 
47 52 387 
24 47 343 
14 41 11 
74 9 398 
28 50 188 
68 61 266 
86 89 89 
60 79 228 
4 25 74 
39 84 353 
7 26 119 
76 51 193 
12 15 346 
32 35 63 
37 36 185 
75 20 219 
2 35 116 
26 37 397 
40 89 298 
41 22 92 
68 77 232 
18 69 341 
71 54 403 
101 58 191 
82 55 222 
8 26 176 
12 31 20 
66 39 202 
60 83 362 
33 37 254 
76 72 379 
65 66 236 
60 21 275 
64 6 270 
57 4 313 
83 45 335 
45 34 259 
32 31 371 
20 4 158 
10 59 348 
97 39 69 
38 27 351 
56 20 365 
99 50 21 
78 51 102 
40 11 144 
75 79 156 
9 90 15 
101 46 169 
4 47 253 
21 53 252 
84 69 275 
52 20 315 
92 30 106 
94 49 343 
61 56 328 
68 81 379 
5 37 329 
49 90 201 
15 40 328 
47 54 297 
30 79 398 
45 96 334 
59 91 371 
60 84 202 
14 16 170 
21 42 368 
63 38 270 
71 18 66 
83 37 321 
20 38 330 
99 48 309 
55 67 284 
88 18 248 
101 11 368 
4 48 216 
33 37 303 
10 96 397 
92 86 68 
9 61 253 
84 64 241 
5 41 216 
12 63 150 
76 62 203 
74 35 102 
31 64 110 
78 69 287 
65 52 3 
7 13 175 
86 9 253 
61 48 25 
10 7 219 
4 98 285 
39 94 345 
18 60 307 
27 38 248 
74 63 90 
92 33 376 
94 21 53 
61 101 119 
12 28 223 
77 16 56 
46 66 118 
73 30 273 
59 40 305 
88 49 375 
27 82 306 
84 13 189 
42 72 65 
16 18 351 
43 45 396 
43 29 269 
32 43 178 
64 83 291 
34 3 137 
57 35 377 
19 8 293 
23 36 78 
56 30 64 
10 36 183 
100 32 199 
45 33 344 
72 18 47 
11 58 25 
51 65 404 
6 52 43 
15 87 153 
25 98 42 
16 22 41 
80 89 404 
53 24 30 
101 66 208 
25 91 288 
51 87 68 
83 11 207 
68 74 288 
22 52 321 
7 98 201 
9 77 140 
41 30 44 
77 93 120 
14 60 139 
101 52 404 
