8 6
200
5 75 31 83 35 79 30 69 670 
28 62 13 16 52 52 33 93 577 
47 11 66 68 71 88 69 61 1207 
73 70 50 97 49 44 60 62 143 
89 53 52 69 56 34 26 75 578 
70 2 36 86 85 97 62 59 478 
94 39 6 45 16 75 80 59 1208 
9 33 14 71 58 91 41 46 485 
99 80 58 34 44 98 41 100 725 
67 89 87 55 37 92 5 68 294 
10 46 39 78 90 99 35 19 513 
37 101 46 47 47 41 58 64 966 
85 62 97 10 6 17 16 16 861 
15 56 98 24 69 92 67 33 1222 
4 23 92 61 101 26 56 6 1217 
17 22 44 48 99 75 14 21 67 
31 2 41 24 64 77 28 22 777 
48 15 34 56 81 16 41 56 505 
91 27 63 72 55 3 18 101 1144 
31 69 59 25 12 49 87 38 379 
62 83 61 17 34 81 63 11 1107 
69 63 43 30 9 45 34 24 1159 
46 61 49 41 8 65 83 100 645 
8 24 5 87 71 45 85 81 892 
84 76 94 84 11 46 12 51 469 
54 3 62 16 94 90 55 43 945 
86 24 77 98 35 37 29 57 1062 
89 84 94 100 47 30 72 52 587 
5 64 52 5 30 59 27 31 1189 
94 94 33 17 34 30 68 101 700 
100 88 43 59 57 56 59 25 819 
48 57 58 35 46 44 42 52 963 
29 83 96 20 74 7 40 36 773 
58 74 52 66 34 47 73 75 783 
9 47 9 98 48 7 92 81 910 
43 62 50 91 77 84 51 41 232 
65 81 16 38 22 23 93 3 627 
19 84 25 12 64 73 80 35 62 
74 33 37 91 31 95 32 98 915 
17 70 99 70 17 95 29 9 1143 
52 73 27 88 7 46 56 75 1185 
54 33 100 79 13 44 79 80 90 
86 77 53 23 8 26 48 78 414 
57 52 69 31 86 57 80 30 766 
82 88 29 93 37 58 98 81 801 
79 40 59 56 92 39 88 45 397 
45 31 66 4 42 31 13 101 286 
32 24 49 45 101 84 82 100 1127 
83 95 42 97 27 29 60 71 468 
79 2 61 32 45 43 24 37 1216 
100 80 48 100 82 37 35 68 692 
20 36 40 77 77 94 47 7 613 
94 50 6 39 46 73 93 36 1214 
66 2 81 8 23 66 85 84 246 
48 85 15 7 64 60 73 42 437 
102 4 28 69 87 40 93 32 1067 
97 63 36 77 9 48 38 71 813 
79 14 15 76 93 95 74 101 275 
39 89 88 48 68 6 37 93 388 
76 99 17 43 18 93 79 90 254 
88 74 78 68 71 95 94 95 348 
25 27 13 34 97 88 17 56 526 
3 52 97 33 42 18 17 65 885 
53 38 98 24 99 6 74 89 332 
48 73 21 94 55 75 77 14 805 
23 43 4 31 28 64 50 78 466 
28 57 34 63 54 8 23 43 701 
34 3 31 9 62 10 61 71 1012 
26 11 98 24 58 29 52 96 263 
73 24 13 36 76 23 68 49 391 
97 87 21 15 73 14 18 45 146 
39 16 83 95 72 58 82 26 816 
44 6 101 7 13 59 87 53 239 
49 101 28 9 43 15 79 66 1028 
65 13 40 86 8 15 17 15 985 
42 79 53 56 56 53 56 26 525 
35 92 77 64 30 23 95 71 544 
88 32 74 70 19 8 74 18 153 
31 60 99 89 91 100 79 47 896 
70 95 46 77 55 19 73 46 903 
11 3 85 19 93 40 70 32 1019 
10 74 63 47 84 40 40 28 815 
47 48 3 79 87 85 49 27 935 
102 12 79 57 99 75 34 65 185 
31 13 68 62 20 62 17 71 884 
15 25 13 9 39 29 53 27 1200 
75 34 18 102 72 68 63 70 241 
9 55 77 90 15 21 25 11 181 
2 88 30 43 64 18 13 37 30 
68 95 75 52 6 74 77 62 376 
101 31 43 2 101 52 42 10 194 
99 27 12 94 86 30 14 52 485 
73 33 72 2 90 37 66 97 918 
48 59 51 5 15 55 90 26 982 
75 2 89 80 3 56 2 16 122 
95 76 12 48 39 56 35 6 347 
62 100 43 8 38 5 77 96 625 
69 96 14 59 6 61 49 41 618 
55 95 32 18 102 76 27 73 268 
67 3 22 97 73 11 27 30 318 
41 69 66 86 5 10 5 35 252 
100 38 72 52 100 100 6 82 139 
100 46 101 69 83 67 84 12 1138 
33 74 25 5 33 78 36 10 879 
88 71 92 24 15 68 56 30 435 
54 17 5 24 93 93 99 29 1021 
29 75 89 101 4 95 17 74 748 
99 96 7 96 19 92 28 19 131 
23 78 33 34 15 55 31 32 1159 
92 11 83 35 8 7 95 8 431 
87 89 69 100 9 43 7 59 407 
33 60 100 14 98 76 82 79 620 
54 97 62 35 72 74 100 26 775 
82 66 90 102 3 12 57 43 366 
45 25 71 93 29 58 22 100 875 
98 80 15 9 55 31 56 43 140 
77 54 19 97 101 85 80 27 1131 
47 33 59 90 59 57 46 39 656 
84 64 70 6 15 74 3 4 569 
52 75 14 61 47 62 101 82 1092 
15 50 26 88 15 3 66 77 822 
16 10 23 60 64 18 78 74 968 
45 73 41 48 96 100 39 29 637 
83 88 88 99 91 79 68 34 1083 
32 98 51 69 42 40 7 89 1147 
28 94 13 98 85 75 83 58 110 
53 69 56 28 51 88 51 85 1099 
83 19 21 46 95 32 29 48 937 
32 78 33 3 43 9 6 13 438 
43 86 4 15 18 35 70 17 794 
36 6 49 65 20 59 50 25 851 
77 84 101 83 71 39 98 53 981 
80 52 28 49 24 40 52 11 1209 
90 71 3 88 77 80 68 95 516 
32 69 60 76 55 20 40 31 358 
39 62 17 67 18 67 55 93 798 
41 89 84 11 15 11 60 63 669 
70 91 9 23 17 78 97 69 1022 
24 5 99 11 11 95 11 15 593 
85 25 54 38 35 87 15 29 70 
62 23 56 51 18 94 65 72 498 
25 17 47 41 72 52 84 33 1068 
70 32 80 91 102 102 63 77 466 
4 34 58 24 11 90 72 37 559 
31 74 89 7 47 41 54 88 1198 
5 46 55 5 57 4 100 47 1184 
29 73 24 56 91 44 56 63 467 
87 3 9 59 71 37 6 54 722 
2 64 87 41 39 15 4 59 374 
87 101 79 56 26 66 94 45 779 
26 77 86 47 53 86 3 69 1050 
93 49 77 21 101 5 45 99 1009 
14 90 37 11 54 34 13 71 758 
63 33 78 45 67 27 73 82 941 
77 57 13 2 40 71 29 13 130 
57 68 2 76 13 29 83 82 681 
31 17 25 54 36 84 25 42 448 
11 50 84 52 50 21 28 69 526 
73 14 51 67 83 43 23 58 37 
64 89 22 52 63 87 72 44 792 
56 25 22 31 80 101 35 20 768 
31 7 21 83 51 46 86 12 835 
8 66 36 84 33 80 81 63 650 
19 62 89 99 82 7 56 74 541 
25 45 36 53 34 65 80 94 627 
86 82 40 78 68 53 19 66 962 
33 73 94 44 51 19 48 18 713 
78 34 27 15 29 78 102 63 822 
36 57 33 73 6 41 29 97 988 
17 43 96 38 81 18 29 26 14 
54 82 96 19 7 18 7 5 739 
28 73 55 64 78 6 86 85 105 
49 62 69 56 17 56 38 33 912 
66 42 55 11 89 5 77 50 993 
75 19 52 17 68 3 80 3 302 
29 55 68 92 53 99 10 82 786 
36 100 67 42 83 77 44 43 766 
10 19 86 52 88 30 25 13 800 
60 35 96 68 77 17 31 11 953 
11 76 91 58 3 9 41 44 607 
18 36 39 78 75 27 41 73 1019 
42 80 68 40 69 43 33 51 576 
72 70 25 52 12 74 99 35 823 
76 53 19 79 13 47 80 9 942 
31 85 62 71 29 6 33 91 384 
13 73 9 50 27 53 62 71 901 
28 68 25 67 81 42 60 67 238 
69 65 69 24 61 62 66 5 816 
89 3 43 21 21 23 43 87 758 
62 28 29 67 19 44 73 54 504 
55 66 6 22 14 64 87 67 319 
66 92 14 49 86 24 87 75 827 
34 10 49 4 26 95 80 99 484 
95 3 48 27 52 9 21 12 476 
65 69 92 82 35 56 97 78 1173 
52 15 43 7 82 46 76 41 542 
96 53 42 13 44 16 24 95 775 
82 41 41 7 30 76 85 24 72 
80 55 76 95 9 50 100 30 1034 
100 90 23 4 53 13 65 27 723 
