2 4
200
27 8 760 
12 35 673 
45 7 408 
3 93 211 
49 65 711 
29 11 734 
56 56 341 
64 23 702 
65 61 477 
80 36 679 
6 97 809 
22 7 196 
69 41 295 
28 6 629 
60 96 682 
35 77 98 
97 11 264 
66 86 578 
63 66 687 
9 49 605 
26 67 579 
69 100 787 
28 29 477 
65 62 572 
56 30 412 
67 6 224 
4 32 690 
49 85 211 
53 42 89 
30 61 339 
42 62 747 
64 4 320 
8 93 789 
89 9 394 
56 34 399 
64 12 458 
22 98 488 
59 7 144 
92 79 663 
47 18 467 
88 100 552 
19 26 813 
80 94 212 
13 61 107 
33 17 186 
38 95 424 
79 91 252 
57 10 513 
84 85 455 
76 74 203 
60 63 614 
42 3 75 
83 39 68 
51 86 146 
32 11 308 
49 28 729 
97 55 689 
31 70 224 
28 33 735 
7 37 334 
46 6 162 
3 55 797 
40 93 116 
16 58 462 
46 30 42 
15 26 807 
27 37 462 
68 81 156 
42 30 756 
50 15 574 
21 78 12 
69 7 647 
100 31 455 
42 11 288 
77 83 797 
30 88 332 
24 15 56 
93 82 8 
86 80 209 
3 63 206 
7 92 637 
46 97 650 
57 78 187 
28 17 778 
45 87 209 
23 93 798 
23 14 349 
54 28 814 
66 30 787 
3 85 225 
56 99 558 
32 37 160 
59 33 707 
20 75 80 
20 99 804 
13 50 770 
77 65 707 
30 81 395 
84 55 524 
80 82 545 
85 57 759 
97 74 144 
29 15 411 
8 66 487 
13 5 327 
35 36 238 
3 54 655 
4 27 169 
43 28 149 
22 50 670 
57 81 420 
22 37 147 
19 25 204 
83 86 286 
46 71 804 
29 18 622 
10 51 154 
37 79 227 
89 83 242 
74 56 372 
101 9 530 
70 53 697 
10 93 559 
24 19 97 
6 22 557 
47 60 459 
24 16 83 
44 14 805 
65 22 16 
26 35 439 
90 46 558 
81 84 630 
72 78 152 
15 21 205 
10 88 269 
9 33 467 
62 43 190 
75 52 331 
37 59 779 
68 7 251 
86 87 474 
17 36 592 
45 27 313 
93 77 671 
40 11 778 
87 36 207 
68 58 729 
47 66 751 
33 17 764 
30 46 201 
84 6 580 
90 31 279 
69 95 430 
62 65 51 
21 71 539 
43 38 340 
47 52 190 
72 3 395 
43 41 169 
68 86 155 
81 18 661 
16 11 585 
13 52 649 
63 20 337 
75 7 759 
85 28 780 
28 92 649 
54 85 763 
3 13 28 
25 49 739 
15 3 76 
36 83 392 
27 7 484 
96 32 699 
64 86 266 
84 100 777 
57 60 110 
27 42 768 
41 29 268 
89 14 799 
70 91 28 
91 50 141 
34 41 196 
47 60 168 
38 34 493 
96 92 810 
63 21 113 
10 69 724 
79 91 500 
17 97 447 
17 40 759 
63 28 336 
84 75 293 
17 52 482 
73 12 815 
95 90 68 
36 47 303 
35 28 757 
86 62 174 
17 14 485 
