8 4
200
10 45 75 14 96 98 28 37 544 
18 33 31 78 95 97 101 7 506 
28 63 29 78 12 102 48 74 544 
8 72 22 13 28 54 17 77 205 
16 14 100 48 24 30 86 34 254 
84 40 29 37 72 9 96 87 348 
16 34 34 76 68 24 32 23 532 
48 6 7 79 64 21 72 87 759 
66 82 41 100 94 80 71 65 280 
42 73 2 16 20 43 11 3 347 
95 42 48 78 18 3 65 39 230 
28 8 78 11 66 87 16 32 43 
5 17 42 56 7 5 90 92 403 
67 34 88 66 69 63 78 80 367 
49 90 66 40 37 57 52 45 472 
60 33 9 18 2 90 38 8 697 
4 41 37 45 90 28 54 101 45 
44 63 40 17 34 89 42 69 340 
43 67 83 88 6 64 47 32 485 
44 51 34 100 30 63 78 76 318 
12 5 2 40 89 38 51 11 666 
22 44 100 22 78 36 49 97 343 
7 19 37 75 101 60 68 11 406 
75 45 35 79 42 61 50 32 518 
43 5 80 46 38 97 82 27 716 
63 24 75 100 53 35 21 73 468 
6 38 7 45 74 79 89 78 534 
50 45 5 42 74 48 72 7 752 
66 62 83 42 95 75 72 8 710 
79 77 94 2 60 71 3 46 766 
61 101 33 2 60 62 31 34 675 
87 23 52 29 30 48 43 57 88 
79 65 45 34 75 68 92 12 8 
75 50 86 36 41 30 54 14 58 
63 66 4 22 13 63 93 87 692 
39 52 49 48 62 5 60 27 663 
53 29 28 67 12 50 61 58 689 
100 54 84 24 77 18 41 82 746 
10 58 54 84 43 90 83 55 493 
55 29 90 83 77 16 49 3 692 
83 98 55 56 63 57 79 94 271 
4 16 77 33 9 82 14 52 561 
31 70 88 40 86 59 90 8 235 
98 19 79 71 78 76 33 60 684 
40 56 97 99 8 50 57 81 320 
88 24 23 11 72 27 47 20 271 
101 44 14 99 69 57 28 82 618 
58 36 41 3 102 50 98 76 788 
76 34 65 40 86 7 20 4 684 
10 90 49 54 26 60 43 35 132 
73 43 89 42 73 27 75 100 371 
2 87 25 74 15 98 30 74 702 
72 63 61 10 81 67 73 20 757 
30 7 12 82 62 69 34 27 269 
12 35 62 40 67 87 61 19 139 
63 38 77 53 25 54 74 72 586 
59 66 64 24 71 55 34 46 763 
37 22 27 58 42 90 65 20 313 
28 35 98 76 51 64 50 12 673 
20 79 83 60 10 92 97 77 498 
73 90 66 9 7 22 94 26 793 
94 8 98 89 90 7 16 49 309 
77 85 17 102 76 61 73 17 551 
14 79 14 37 63 66 29 94 250 
76 20 30 78 84 26 67 58 37 
88 33 91 78 46 63 54 22 751 
48 73 16 7 39 92 55 82 383 
87 59 47 34 62 98 77 42 232 
12 101 4 93 37 20 57 86 683 
81 38 35 53 85 43 74 83 174 
18 71 84 39 25 4 80 82 811 
61 57 73 94 4 6 35 44 168 
93 57 38 99 52 54 9 76 357 
16 37 76 6 61 81 77 60 580 
49 75 78 101 15 57 20 98 241 
14 89 36 31 19 43 22 84 212 
87 21 21 31 32 51 61 66 369 
28 57 98 95 19 45 35 89 566 
46 93 44 83 81 56 25 96 711 
12 87 19 34 86 80 55 92 318 
54 19 44 29 43 51 12 94 333 
36 22 72 93 98 33 74 78 738 
85 6 43 66 8 38 64 51 648 
30 95 73 20 42 29 7 83 568 
29 20 53 96 73 88 16 91 608 
19 21 90 89 63 10 89 72 699 
100 90 13 8 66 94 72 84 808 
72 18 82 45 88 17 63 47 477 
42 92 36 57 53 19 64 47 247 
93 43 35 65 33 72 43 9 759 
61 23 55 61 26 90 89 46 601 
97 77 35 75 27 18 52 49 652 
54 45 39 96 46 22 63 81 336 
68 9 87 12 3 81 24 5 196 
7 83 68 47 70 9 45 69 572 
99 20 18 19 15 86 93 92 523 
58 67 79 36 100 47 49 23 307 
91 87 76 56 53 25 94 46 542 
16 9 77 33 53 79 51 66 498 
27 51 95 3 21 14 17 68 312 
49 73 85 22 100 49 71 57 671 
98 45 69 95 27 71 19 79 677 
91 27 16 101 86 35 86 24 585 
46 89 68 64 41 87 87 47 595 
85 96 11 30 63 98 97 55 172 
96 34 26 26 86 45 31 28 337 
26 50 89 52 38 78 77 27 551 
18 36 7 84 10 83 98 36 677 
76 63 66 20 6 33 14 92 736 
50 22 5 25 36 14 45 63 789 
88 35 60 35 54 39 31 81 158 
18 14 26 45 30 52 62 56 532 
79 8 46 58 40 48 88 30 41 
66 95 3 94 41 50 86 13 12 
27 44 11 29 91 27 14 98 637 
68 7 94 55 66 81 49 68 442 
55 31 97 14 49 27 34 66 702 
21 26 76 78 61 19 51 36 106 
59 52 19 20 46 43 70 21 189 
15 13 31 23 47 74 96 33 664 
8 16 96 86 98 27 41 95 595 
6 92 48 77 6 32 69 93 133 
39 37 87 56 46 30 4 21 435 
59 99 80 3 84 30 38 45 168 
20 75 57 95 81 53 70 66 237 
79 40 9 102 57 57 58 59 785 
98 54 72 68 84 78 74 85 781 
97 5 10 20 41 64 11 50 149 
64 46 58 36 87 82 101 26 665 
49 59 45 26 47 27 34 42 739 
52 54 93 80 23 98 58 76 494 
23 62 101 47 92 8 39 97 106 
42 65 69 92 69 60 97 27 207 
55 73 60 85 88 101 73 61 783 
30 85 25 62 80 14 22 80 529 
85 4 69 38 89 52 15 94 625 
26 63 87 35 85 98 73 5 28 
4 40 76 101 76 34 12 11 95 
92 82 87 57 72 91 95 14 191 
60 18 86 10 72 96 25 49 799 
13 97 2 29 91 77 10 20 327 
93 85 30 37 28 80 41 25 97 
94 71 93 98 42 73 75 15 704 
22 96 70 82 79 28 36 101 118 
13 64 93 12 49 54 51 4 238 
97 25 92 7 72 49 84 33 643 
9 17 57 31 57 79 91 91 195 
74 13 9 4 4 29 66 29 497 
23 84 24 41 49 40 44 80 732 
98 16 26 23 99 47 49 29 688 
61 84 10 16 23 60 30 79 744 
24 95 23 66 43 44 88 63 404 
59 70 70 19 90 79 89 95 610 
101 53 16 64 57 77 44 7 375 
55 9 63 66 12 71 48 22 693 
70 34 75 84 37 38 98 92 482 
18 44 96 33 30 29 85 31 221 
80 63 40 49 24 39 98 35 449 
90 95 60 101 73 70 94 20 502 
4 19 18 80 68 66 18 28 511 
54 24 81 36 83 83 45 71 483 
49 24 12 38 88 4 83 10 796 
3 19 73 28 41 11 68 83 99 
13 102 97 76 33 97 76 47 89 
78 56 14 78 58 4 11 47 791 
53 68 33 16 99 60 69 16 77 
93 28 85 72 70 101 71 33 564 
66 75 92 17 64 43 93 7 441 
87 27 63 71 19 96 14 17 126 
83 100 5 39 9 19 88 85 156 
29 8 88 15 9 27 35 47 584 
9 38 7 92 24 94 6 84 724 
50 24 10 91 60 56 86 91 273 
68 29 69 75 31 80 24 66 809 
70 74 21 38 39 75 24 7 641 
13 92 78 14 35 27 31 40 499 
13 40 50 34 31 20 94 69 144 
7 36 9 28 70 60 94 38 84 
72 15 87 38 69 54 77 75 803 
60 56 96 44 46 93 19 14 211 
53 38 44 3 46 72 57 20 586 
73 86 25 19 21 100 17 61 205 
78 77 73 98 59 58 21 36 106 
25 65 91 18 11 58 35 43 811 
70 71 71 18 83 51 83 6 725 
78 42 37 99 29 88 68 44 303 
56 57 81 88 83 12 59 34 448 
84 57 78 68 87 80 100 49 730 
58 62 96 24 17 55 69 46 765 
80 29 38 6 52 69 21 80 703 
22 84 90 62 61 51 96 100 399 
15 12 58 59 101 82 98 12 664 
45 34 42 28 21 40 18 81 44 
21 81 7 11 49 8 94 80 534 
4 98 4 47 30 19 6 56 279 
40 23 30 57 9 42 88 78 378 
48 96 65 52 46 82 46 77 159 
46 6 65 51 67 23 17 97 119 
82 99 6 25 23 66 6 80 469 
79 66 74 67 25 73 62 48 681 
