6 6
200
73 29 16 50 32 10 209 
29 14 81 75 76 11 882 
47 97 98 89 75 71 1100 
89 84 73 50 34 100 1055 
7 62 90 37 96 89 956 
59 102 34 65 92 18 451 
83 60 34 96 79 4 34 
101 67 90 32 15 28 1024 
47 44 2 101 12 33 272 
54 93 39 82 23 96 1077 
97 67 26 85 55 55 74 
26 41 56 56 98 86 78 
97 3 8 83 64 96 156 
59 33 66 82 87 17 365 
69 97 16 58 10 17 49 
2 66 49 62 75 80 250 
5 49 47 16 49 18 692 
92 34 101 61 101 77 460 
35 62 5 70 40 78 703 
46 42 100 90 71 4 1163 
39 61 23 91 19 94 663 
86 22 68 40 101 75 940 
66 17 99 10 41 68 816 
5 46 95 36 4 65 728 
9 48 28 80 15 64 653 
75 81 72 85 85 85 602 
42 39 31 42 5 83 984 
27 4 82 32 38 30 412 
17 30 57 17 31 97 946 
75 42 62 87 14 25 1114 
38 29 27 58 85 20 772 
9 65 96 101 84 81 1009 
47 48 51 79 35 22 703 
53 17 70 56 91 74 822 
100 72 56 93 59 91 1084 
77 57 76 55 13 73 108 
67 63 19 49 18 97 353 
95 13 10 80 6 36 1044 
14 60 5 96 48 98 110 
96 42 9 27 92 96 852 
94 77 26 24 51 51 1058 
56 53 8 75 79 40 54 
60 48 15 55 58 5 776 
99 73 61 67 77 102 868 
23 11 24 28 3 61 25 
38 86 58 57 87 101 708 
8 98 23 71 60 7 434 
96 96 74 36 93 8 1159 
6 67 59 77 51 18 408 
44 86 50 78 81 4 270 
65 59 101 73 6 8 1107 
77 40 98 19 97 38 332 
17 53 94 12 55 9 399 
21 101 82 38 85 27 791 
14 75 95 80 4 15 382 
39 75 65 88 3 6 357 
28 63 60 56 82 8 328 
36 58 67 28 97 91 537 
60 21 36 23 83 28 770 
67 5 40 95 24 98 953 
80 30 26 54 5 5 1130 
39 24 85 5 20 40 960 
19 30 54 9 26 89 968 
56 31 67 22 80 68 750 
60 21 63 60 12 51 682 
29 43 76 94 88 53 256 
99 54 20 65 90 86 586 
78 88 88 100 11 101 299 
101 61 35 27 39 33 973 
5 24 48 10 91 25 1103 
88 80 17 40 38 60 697 
79 50 59 92 84 15 1008 
35 77 62 4 52 33 345 
84 43 70 51 22 43 1146 
31 74 57 101 64 60 1091 
10 73 62 75 43 69 271 
13 78 36 58 20 99 858 
50 88 8 41 93 64 55 
39 49 91 17 19 65 587 
78 4 94 22 58 95 312 
6 101 31 11 66 8 869 
67 36 95 5 46 26 1003 
88 51 62 72 98 87 862 
26 73 59 26 6 76 435 
76 44 38 64 6 47 539 
88 79 32 30 58 35 884 
16 98 15 75 42 68 1096 
55 34 52 62 10 57 980 
30 74 88 62 34 38 1115 
93 60 43 42 81 40 1223 
74 32 45 42 53 100 122 
77 47 53 67 10 48 260 
13 88 4 97 92 66 709 
7 46 70 26 100 83 280 
40 74 35 63 30 92 992 
4 9 22 59 59 72 654 
29 37 97 26 92 72 985 
74 41 47 91 76 44 819 
88 77 18 55 19 89 451 
75 20 6 82 58 42 112 
81 84 40 35 96 6 953 
11 75 3 10 13 44 814 
35 90 74 56 49 16 187 
34 7 6 42 85 19 666 
19 93 45 35 32 73 1140 
59 9 58 82 40 91 952 
4 17 47 8 47 72 493 
33 34 29 11 28 96 570 
79 37 95 12 90 25 1125 
83 59 77 83 73 75 923 
83 18 75 12 27 39 372 
92 60 36 40 48 16 1056 
62 19 26 6 80 49 986 
74 65 72 52 68 88 255 
60 72 27 76 99 67 605 
18 55 101 3 58 18 1067 
78 62 74 44 11 8 267 
43 53 79 95 29 97 115 
55 5 62 61 54 12 394 
90 11 67 51 51 39 534 
65 27 5 23 32 95 1172 
5 100 10 58 82 101 208 
21 49 83 72 72 42 772 
52 41 43 7 9 57 1075 
53 9 94 62 71 80 948 
28 76 74 98 4 16 614 
7 54 5 73 13 17 846 
64 86 81 81 99 83 165 
88 64 18 26 40 10 641 
93 18 98 14 23 41 1146 
75 10 76 71 29 15 547 
89 40 36 98 42 21 1086 
25 15 83 74 100 66 486 
15 58 74 65 8 100 183 
38 9 62 92 78 77 1091 
78 7 13 72 70 71 1208 
26 84 30 100 91 66 824 
5 17 42 25 77 56 735 
54 4 7 23 17 32 634 
33 76 8 66 45 102 584 
11 72 4 32 97 43 1092 
76 46 67 19 36 50 402 
94 22 69 2 23 31 286 
5 8 51 55 41 49 1133 
10 24 36 48 66 22 1154 
47 40 95 82 15 73 965 
60 42 6 83 84 21 484 
56 42 66 24 72 26 74 
66 54 79 58 96 99 800 
25 33 73 72 30 40 566 
84 75 22 10 60 46 553 
67 47 74 59 30 55 664 
84 72 26 96 97 90 993 
88 18 26 21 76 16 426 
11 35 13 56 83 95 887 
68 45 16 14 82 63 1211 
9 8 101 68 46 13 502 
63 49 79 35 52 67 1175 
59 99 91 86 33 12 689 
13 63 5 49 62 84 191 
29 12 83 17 30 84 960 
12 26 55 33 4 96 597 
88 36 23 32 30 78 112 
49 27 30 51 52 45 1174 
47 99 21 86 31 27 412 
39 97 19 25 85 20 578 
74 38 55 31 19 10 312 
29 83 19 34 7 8 983 
87 55 68 79 41 85 805 
30 36 49 75 70 17 596 
40 6 10 47 61 64 913 
90 77 22 36 37 73 212 
17 4 54 26 21 55 640 
44 53 47 46 37 83 545 
4 8 58 50 94 79 1088 
79 11 88 48 47 8 1187 
80 48 45 6 14 51 154 
35 97 51 51 64 98 1179 
55 65 4 26 82 32 1060 
70 67 87 45 96 30 465 
95 68 80 76 50 57 780 
7 4 41 25 35 34 845 
13 9 101 33 82 95 304 
49 87 24 66 78 12 126 
83 60 63 20 22 77 494 
31 73 77 16 43 35 586 
63 64 3 50 100 20 697 
60 89 14 15 38 15 563 
83 57 12 74 47 56 289 
46 80 7 15 59 31 1005 
38 26 18 41 62 79 1051 
25 24 19 80 95 55 291 
74 51 7 86 63 96 596 
18 67 44 98 81 26 209 
86 98 37 43 91 77 273 
65 98 76 78 38 62 713 
36 96 96 54 2 102 885 
31 102 30 98 36 35 244 
61 76 45 83 55 71 472 
27 84 39 6 80 3 110 
