6 2
200
56 9 24 8 96 77 214 
18 56 82 23 99 61 286 
82 92 21 64 25 45 327 
91 98 13 11 15 91 100 
26 84 59 44 30 48 373 
23 16 79 98 29 50 343 
18 88 91 40 3 50 202 
40 76 19 98 67 57 268 
13 13 99 83 88 30 375 
73 25 82 71 15 81 242 
78 44 68 98 97 98 296 
13 24 73 14 43 77 349 
10 41 48 65 93 28 43 
5 82 17 43 22 94 184 
64 12 71 90 72 92 253 
35 53 101 72 61 95 2 
91 29 71 47 55 8 259 
86 35 9 24 55 51 301 
63 53 57 77 6 30 198 
14 4 26 73 87 25 308 
90 49 94 34 35 12 58 
55 48 98 69 88 84 319 
78 64 68 19 43 90 291 
3 46 97 57 68 54 314 
27 47 76 71 85 90 393 
88 17 92 22 41 62 34 
7 61 11 20 48 72 148 
42 60 56 45 37 6 356 
5 99 79 69 60 39 118 
3 24 100 5 96 84 366 
49 78 99 4 31 65 391 
87 89 39 22 84 43 347 
90 22 27 50 86 11 342 
20 15 55 83 25 81 18 
39 13 17 54 90 48 378 
83 59 43 8 43 94 74 
12 41 50 79 98 46 55 
4 74 57 12 75 8 122 
65 46 24 8 86 94 197 
78 25 70 95 97 94 28 
65 86 43 45 20 68 33 
75 7 6 29 38 93 145 
41 62 44 18 42 65 74 
14 21 3 59 102 72 141 
19 82 85 3 53 9 158 
90 15 69 57 42 24 367 
41 20 81 51 3 15 153 
65 28 80 57 32 91 210 
67 43 88 20 98 75 232 
27 23 28 86 86 99 209 
49 76 63 2 43 30 298 
4 24 10 101 59 99 223 
56 8 48 24 20 89 95 
75 83 39 45 50 35 60 
99 55 66 19 18 88 67 
53 19 56 91 63 80 260 
21 80 21 41 78 4 291 
17 81 65 68 12 30 302 
95 25 59 94 96 61 20 
71 46 84 43 13 40 13 
91 94 35 59 11 61 219 
5 20 6 74 33 45 335 
75 3 53 8 60 44 238 
96 99 98 68 22 61 206 
36 39 100 67 66 70 108 
89 32 10 3 71 23 368 
7 55 22 65 18 24 390 
44 33 37 55 98 46 388 
97 39 93 91 2 5 281 
83 8 9 69 77 58 352 
74 45 7 91 23 70 362 
46 78 5 6 38 57 376 
8 65 15 70 26 33 375 
95 20 14 70 19 23 98 
49 15 98 43 69 11 289 
90 32 65 77 78 9 211 
63 89 87 66 50 79 307 
45 96 102 53 27 97 320 
27 95 23 6 49 67 393 
65 10 65 72 47 23 74 
35 51 95 50 27 42 134 
32 28 6 71 47 50 21 
21 98 92 44 17 94 259 
39 44 73 31 44 57 401 
82 24 96 5 57 59 43 
47 9 5 2 56 48 388 
69 19 37 4 18 94 177 
14 75 30 33 31 57 392 
10 24 20 85 87 36 206 
6 12 68 91 93 97 305 
91 89 44 62 48 70 285 
27 38 29 27 65 57 280 
52 68 74 28 5 16 153 
87 87 19 71 14 47 257 
9 71 15 27 99 70 93 
88 88 72 85 88 28 338 
88 93 60 24 81 84 223 
45 96 65 90 83 40 17 
4 26 93 36 25 9 73 
69 17 102 68 89 48 262 
82 4 46 18 90 56 406 
96 62 49 35 65 10 261 
77 52 39 19 33 21 340 
64 81 50 65 21 67 78 
78 60 58 95 38 92 259 
94 21 74 95 85 6 36 
67 46 4 62 101 55 375 
67 65 52 58 29 83 76 
25 97 55 71 91 83 73 
4 94 42 29 20 3 339 
32 67 26 49 16 77 397 
37 48 5 23 14 29 49 
97 8 39 11 12 47 282 
26 20 26 97 26 93 258 
54 64 35 83 55 11 142 
99 28 10 15 8 23 360 
51 52 50 79 56 8 28 
88 5 21 10 57 16 27 
49 102 55 93 86 36 336 
86 72 42 61 20 79 401 
82 31 98 6 26 83 307 
70 78 20 72 87 59 273 
61 16 74 99 97 30 205 
28 57 24 24 89 8 264 
82 10 20 38 31 10 24 
76 25 7 33 35 33 322 
25 37 23 101 79 17 106 
58 70 64 25 51 50 223 
75 76 84 39 77 13 359 
71 102 36 58 51 63 344 
94 70 68 63 99 73 12 
22 3 25 12 93 41 102 
42 58 15 82 62 53 7 
51 25 96 61 22 93 224 
38 90 45 31 56 43 262 
102 98 64 54 79 54 217 
75 61 30 86 74 65 119 
45 23 79 91 12 85 176 
47 74 5 79 82 50 345 
15 82 83 38 99 63 165 
63 53 30 85 101 50 309 
66 69 76 50 30 28 376 
69 68 42 46 60 23 224 
26 61 77 99 6 70 247 
81 49 50 77 5 90 337 
72 51 8 13 37 69 331 
7 31 31 54 24 94 188 
16 43 94 41 41 88 152 
94 55 88 97 82 17 348 
22 28 76 27 40 12 398 
19 36 35 26 56 76 78 
32 48 47 85 78 16 264 
8 58 37 65 5 48 316 
97 23 18 57 54 98 348 
4 57 29 86 85 50 395 
9 61 17 88 14 20 253 
10 43 14 6 3 23 57 
73 40 64 37 66 22 91 
15 19 71 4 80 36 117 
93 20 100 95 68 70 405 
99 22 80 93 30 17 358 
82 6 53 53 77 74 130 
19 67 51 21 30 77 382 
44 49 86 36 87 36 71 
25 16 13 37 55 16 302 
20 86 46 38 7 36 137 
15 20 53 5 64 99 302 
54 51 76 40 95 8 225 
75 96 58 45 84 73 234 
92 42 18 24 60 60 402 
83 7 85 25 42 62 118 
31 35 34 25 39 45 288 
67 38 99 62 10 21 185 
92 90 95 25 66 78 97 
79 37 82 6 41 77 290 
46 94 16 55 47 28 181 
63 27 22 47 29 89 103 
6 21 65 51 41 55 374 
20 91 2 79 86 7 213 
100 53 21 100 70 102 88 
47 85 9 65 95 3 119 
65 75 81 38 91 101 299 
18 20 57 2 24 81 108 
4 16 78 63 23 94 257 
75 4 48 61 89 6 244 
38 58 88 48 54 65 222 
18 24 43 97 9 81 337 
36 66 100 48 22 97 173 
71 33 4 73 11 68 368 
74 34 79 4 97 16 327 
63 71 56 72 19 74 352 
95 37 68 17 15 82 162 
40 50 15 69 10 19 274 
27 86 77 45 99 66 183 
91 66 96 14 67 5 296 
97 46 78 5 26 58 312 
98 38 59 98 88 53 140 
86 65 37 88 98 15 149 
86 81 28 22 10 44 15 
73 74 5 50 80 69 174 
