6 8
200
50 12 66 6 56 73 1599 
55 27 39 3 5 4 1074 
93 4 21 33 15 74 201 
33 97 48 49 19 18 890 
61 12 90 90 79 71 1003 
62 85 42 40 41 65 224 
27 97 70 55 52 61 1015 
88 20 34 81 27 83 279 
17 20 59 39 57 45 1530 
17 51 14 28 35 6 521 
21 80 95 76 11 101 97 
102 80 96 69 59 94 1195 
94 57 11 54 90 46 728 
66 85 3 86 21 22 177 
48 58 29 19 57 32 1098 
42 42 7 18 85 13 250 
43 65 72 101 53 23 373 
96 5 76 47 62 89 892 
97 94 93 92 81 97 881 
24 68 52 4 64 8 853 
18 7 38 7 35 31 387 
22 34 87 70 101 90 848 
55 55 74 97 45 15 734 
50 16 28 6 18 63 308 
99 21 98 91 17 73 1282 
101 40 42 29 60 33 1215 
62 8 24 81 9 4 1128 
15 80 9 21 95 9 1104 
93 12 3 19 70 7 389 
14 91 81 87 19 75 887 
18 34 70 87 84 72 1435 
10 6 27 11 61 52 1362 
43 91 72 23 65 13 132 
29 41 12 92 28 53 782 
19 46 97 92 31 17 1592 
48 42 36 14 39 82 1344 
9 78 10 11 57 42 1155 
102 10 65 56 64 48 1441 
95 60 97 58 22 42 1483 
62 32 21 33 37 88 1560 
51 38 12 28 33 28 338 
64 4 83 73 12 79 292 
37 33 37 68 70 11 858 
84 41 58 19 42 93 764 
48 91 80 22 56 77 820 
74 56 30 33 23 70 508 
58 16 87 11 65 75 408 
101 86 66 68 79 45 1106 
99 56 11 94 36 76 262 
15 5 53 58 4 70 1028 
80 10 37 50 44 23 414 
27 73 10 79 20 24 776 
7 16 56 80 34 84 1222 
102 20 42 89 96 17 707 
13 36 55 63 7 64 346 
78 32 21 37 24 44 1180 
85 4 17 18 54 70 140 
91 99 80 72 87 90 1275 
91 97 63 50 8 84 233 
39 56 18 15 62 28 464 
86 37 45 12 42 5 280 
18 27 73 44 49 37 352 
39 77 93 22 76 45 1418 
36 60 89 17 62 60 739 
50 101 5 94 44 82 89 
64 38 61 47 88 63 1193 
73 92 8 62 49 95 7 
81 26 95 88 85 43 812 
80 57 97 82 46 74 1124 
27 70 52 7 57 18 1228 
41 34 77 90 84 16 1040 
69 83 58 15 67 47 1111 
77 12 8 61 41 58 1376 
83 66 68 43 91 6 743 
24 58 57 95 79 27 663 
95 20 100 4 30 88 172 
76 42 68 81 29 3 820 
60 46 48 18 62 93 953 
69 11 49 95 12 20 732 
27 2 23 91 22 30 1343 
94 10 59 13 72 76 111 
27 101 64 64 5 97 1053 
15 11 78 18 36 84 414 
10 53 11 20 70 68 799 
41 48 92 9 75 70 1069 
38 91 7 93 19 54 700 
12 87 32 8 25 82 203 
93 46 75 88 47 59 1371 
60 50 95 4 10 60 1395 
56 74 57 32 29 101 1259 
22 73 27 19 33 84 1609 
68 81 14 47 87 39 782 
3 19 24 30 13 84 1274 
43 14 91 11 96 59 917 
15 77 78 98 83 37 1161 
75 49 71 17 77 87 1501 
72 83 59 25 23 40 855 
56 36 4 19 20 101 1297 
61 38 10 39 27 44 856 
6 38 51 6 3 79 463 
72 55 15 38 98 88 1162 
34 34 88 75 22 6 959 
43 76 81 66 38 94 236 
13 62 80 52 45 42 1078 
46 10 21 22 63 26 1377 
83 91 82 23 15 10 439 
7 24 66 7 41 96 1016 
64 72 42 67 87 16 965 
95 37 89 55 49 7 1427 
26 69 55 61 82 76 990 
87 101 44 25 85 90 108 
40 16 46 6 48 6 1340 
40 80 57 78 12 27 1437 
56 96 70 69 5 41 1317 
57 14 48 61 21 4 1266 
73 100 44 4 28 55 893 
24 44 51 3 3 7 1404 
91 100 85 72 51 75 513 
7 76 58 82 50 28 1354 
4 100 48 29 4 7 1084 
82 14 76 86 75 35 522 
53 21 68 4 36 97 1079 
15 65 91 72 31 48 1084 
26 88 24 80 29 74 318 
47 5 76 101 3 22 145 
88 11 88 79 41 101 881 
57 93 80 16 33 19 1450 
36 58 58 75 60 2 916 
29 55 7 48 64 15 107 
18 94 5 35 77 59 454 
56 5 96 92 49 14 1135 
97 45 66 98 57 33 171 
49 20 28 44 22 55 965 
58 82 33 80 89 49 627 
101 77 83 58 62 63 1304 
55 65 85 14 90 89 513 
11 43 52 9 84 98 1132 
76 79 93 57 7 71 1600 
25 65 14 62 67 33 1577 
70 86 41 97 71 32 1531 
57 44 33 34 68 30 771 
41 82 73 7 53 71 400 
100 92 3 57 94 84 496 
102 73 54 25 57 37 678 
59 13 14 14 68 78 317 
37 62 25 41 43 53 1363 
85 44 57 16 64 74 1133 
96 41 42 79 51 65 901 
73 81 11 13 95 8 1336 
71 61 94 88 95 7 1040 
31 79 18 53 33 49 280 
32 99 11 95 65 74 1037 
74 73 37 19 14 66 1040 
83 16 30 50 47 4 217 
84 65 30 71 69 8 1054 
64 26 28 20 19 40 676 
84 3 19 32 36 20 1591 
90 59 71 83 43 102 787 
65 91 6 88 47 6 773 
36 83 27 97 68 101 171 
50 12 101 97 28 24 1619 
15 13 20 13 85 18 1547 
8 61 89 28 8 18 1607 
37 24 34 73 36 96 781 
21 94 37 69 21 89 653 
49 72 88 17 80 51 813 
80 88 76 64 90 54 470 
24 40 71 63 85 14 207 
90 69 26 94 30 53 1536 
20 84 46 66 31 57 952 
91 3 14 30 69 51 937 
38 60 12 48 44 21 1581 
57 68 9 39 77 29 974 
5 64 25 51 100 58 972 
6 32 100 62 100 72 547 
38 60 35 17 65 57 842 
12 16 48 89 34 99 1036 
18 40 29 55 30 101 1410 
41 91 81 72 95 100 533 
29 14 89 46 51 65 304 
10 76 24 14 74 10 1518 
50 79 65 67 60 98 1421 
95 73 8 72 74 49 1585 
71 56 47 72 59 21 1341 
4 61 45 86 36 47 133 
66 8 43 57 93 95 1492 
13 18 7 37 4 48 571 
43 82 76 79 18 23 646 
22 78 44 17 91 13 743 
20 22 84 27 53 81 472 
67 67 17 83 56 8 941 
40 43 37 58 75 49 996 
81 71 9 19 25 71 716 
31 101 43 3 85 48 1519 
98 25 12 52 69 8 1248 
18 61 98 65 18 84 1336 
38 9 61 18 66 86 649 
53 77 9 30 12 87 582 
68 76 82 73 62 67 687 
20 27 7 9 43 87 1027 
