6 8
200
60 74 84 92 80 77 137 
101 38 67 31 31 9 867 
73 10 70 14 99 46 1455 
23 88 9 90 41 95 1585 
41 39 11 94 70 4 906 
94 42 82 41 74 68 333 
79 74 52 60 70 101 913 
46 77 85 21 87 97 598 
89 76 4 41 84 13 973 
101 58 39 63 7 100 1291 
70 90 75 26 80 71 726 
16 59 32 73 95 43 1553 
64 28 75 85 8 21 84 
67 80 2 93 57 63 1273 
18 15 100 65 4 79 1237 
89 12 96 9 28 94 1195 
19 75 69 90 72 66 601 
32 66 79 101 81 76 52 
12 75 36 24 10 68 1586 
46 34 11 94 66 21 1217 
18 81 78 82 29 34 781 
7 35 4 87 98 43 1414 
51 22 66 25 5 75 1265 
39 63 87 20 28 78 1206 
42 61 99 8 47 64 232 
88 4 21 54 44 57 79 
42 34 39 14 27 13 1544 
14 47 71 64 49 99 1281 
20 93 64 3 58 76 1058 
77 8 82 53 81 75 1034 
21 47 73 63 19 75 1591 
31 50 8 3 67 81 470 
16 29 46 100 67 38 1105 
13 59 53 88 83 42 1065 
28 60 62 48 40 33 1520 
102 100 3 31 26 83 1453 
45 57 2 92 97 38 990 
80 38 55 16 39 98 135 
90 21 76 38 35 34 55 
92 48 56 29 50 38 236 
31 45 71 43 57 81 1096 
3 53 98 89 6 7 776 
24 9 34 3 38 87 183 
81 29 95 93 51 88 876 
11 48 65 49 3 48 804 
95 86 75 84 19 43 1421 
70 80 52 31 30 58 1108 
41 24 28 14 53 5 818 
18 78 51 8 95 15 1504 
7 35 42 5 60 100 471 
25 61 21 21 46 26 174 
51 46 64 23 32 88 1147 
25 39 36 52 45 101 1267 
10 26 78 26 30 97 1032 
47 12 28 71 60 41 264 
65 9 96 9 81 41 1088 
34 89 87 65 30 24 1335 
98 7 55 17 101 53 239 
37 44 97 18 31 49 65 
36 39 54 74 49 56 979 
31 43 45 66 62 13 1243 
39 94 63 102 75 83 796 
6 74 56 60 90 4 463 
67 101 92 52 94 65 1606 
52 35 92 83 70 24 1095 
67 12 53 41 42 40 1606 
53 36 19 58 68 57 483 
66 100 16 61 55 34 1049 
44 55 16 70 50 80 1411 
61 73 21 7 62 84 650 
64 5 21 50 65 32 237 
67 76 96 28 10 71 1402 
37 78 24 17 92 5 373 
59 40 74 94 63 14 1496 
65 100 53 8 76 92 34 
97 97 13 92 4 52 1249 
82 22 43 43 11 3 392 
96 98 92 71 81 19 95 
67 49 58 4 20 25 41 
78 45 22 36 81 86 649 
83 14 28 90 55 48 1257 
20 32 53 54 13 70 1123 
3 62 39 97 75 98 499 
50 57 89 86 29 76 64 
79 24 9 32 19 86 212 
87 67 83 28 73 31 767 
19 6 53 8 57 36 1216 
85 85 41 8 90 11 547 
58 40 7 28 74 75 676 
11 47 24 97 86 58 272 
98 58 71 4 70 86 511 
53 38 79 74 42 31 1530 
41 69 25 31 77 81 464 
28 78 102 101 58 8 130 
62 30 14 73 80 60 1422 
29 72 6 22 28 4 99 
4 29 56 34 46 50 1145 
79 101 68 11 78 90 1132 
81 71 5 14 80 25 1482 
10 68 3 65 73 9 196 
99 21 11 51 79 24 398 
51 48 69 14 60 40 1347 
31 48 65 3 72 20 774 
3 3 10 50 81 17 1532 
63 55 71 75 43 60 1307 
82 59 61 101 68 47 493 
25 38 2 22 88 10 1289 
22 40 63 4 91 66 1572 
20 3 4 100 9 32 1434 
94 100 41 19 81 4 799 
91 6 4 6 75 19 1264 
66 10 30 95 9 17 683 
18 10 73 54 96 86 1020 
58 60 3 61 17 44 507 
40 63 5 8 8 32 500 
36 61 100 18 49 21 872 
95 76 7 2 18 48 1256 
92 70 67 88 21 88 541 
48 3 47 60 77 48 427 
48 27 89 3 87 13 1330 
50 75 38 48 67 11 1026 
86 98 60 101 98 56 785 
95 40 22 89 46 100 1439 
60 55 60 74 74 29 767 
51 20 101 33 37 97 687 
97 31 41 56 79 72 1012 
8 89 61 81 94 80 868 
88 68 16 43 16 95 1477 
23 80 76 94 84 18 572 
80 61 70 63 61 8 1598 
12 83 36 68 29 28 855 
67 101 96 82 51 96 1022 
54 88 92 23 4 54 1220 
52 67 63 98 56 29 459 
30 93 19 36 74 57 1250 
87 82 77 88 69 40 901 
82 83 14 35 24 74 424 
75 80 42 58 56 25 973 
18 74 73 75 101 26 603 
10 78 48 79 41 88 1085 
8 17 37 37 15 22 1154 
86 51 65 34 57 4 909 
15 79 79 20 34 19 1126 
10 6 16 70 16 20 1176 
7 68 57 86 88 61 1095 
65 8 23 43 6 91 522 
25 10 43 47 24 83 1549 
101 71 62 9 71 99 1600 
13 23 69 102 3 101 1304 
85 10 51 70 45 91 806 
74 58 79 30 30 39 1375 
98 75 25 94 39 79 92 
99 98 79 19 64 71 855 
86 56 43 4 92 54 665 
2 94 78 81 95 48 448 
15 85 80 43 62 16 247 
50 46 10 66 24 76 1399 
14 74 53 83 22 99 1424 
4 37 28 40 87 46 1563 
83 49 14 47 33 80 1370 
15 101 79 3 57 39 589 
12 35 40 71 80 57 1444 
22 28 101 75 51 42 188 
50 54 5 78 72 21 1104 
99 98 22 92 98 4 1614 
75 76 81 66 62 53 1497 
4 90 71 9 91 9 988 
23 16 74 85 40 74 1067 
49 76 28 87 20 70 207 
40 21 81 83 55 92 776 
53 21 11 91 91 22 744 
66 36 70 84 14 9 1246 
84 50 9 60 31 36 428 
3 55 81 44 85 81 1052 
71 93 28 37 20 15 1140 
96 65 96 51 55 22 1346 
42 60 5 8 63 38 906 
72 73 25 26 58 23 825 
68 31 49 8 43 83 1549 
45 45 48 96 96 9 1433 
87 15 11 79 16 46 993 
98 78 38 24 45 11 1614 
21 5 14 64 94 21 466 
36 48 45 14 41 90 1583 
17 59 14 69 32 70 1394 
60 16 49 44 80 92 1145 
55 14 86 100 74 98 385 
42 37 35 4 89 61 837 
69 68 67 77 58 66 1318 
21 26 56 15 43 16 1005 
90 66 21 16 32 60 1316 
36 61 16 68 94 75 1224 
25 81 67 45 10 36 1483 
50 85 69 24 28 91 561 
90 32 87 33 85 64 843 
72 15 90 60 3 73 533 
10 52 11 67 92 8 1572 
47 92 73 35 81 73 663 
84 54 94 6 71 48 757 
31 32 38 11 14 25 855 
