8 6
200
52 74 73 33 74 70 72 47 895 
23 32 76 14 23 26 72 100 975 
88 80 58 64 50 89 60 82 663 
86 44 84 68 49 4 84 65 1184 
60 81 91 99 60 69 10 32 570 
42 13 40 27 78 89 63 90 743 
49 91 26 87 75 94 16 88 49 
93 57 85 74 32 60 29 15 242 
93 90 21 91 56 19 42 20 845 
18 61 67 97 7 61 43 38 907 
75 75 8 99 85 74 65 19 929 
66 70 83 82 100 65 69 72 1224 
44 60 36 9 47 56 25 100 337 
41 98 51 26 32 96 86 57 491 
16 96 7 49 28 39 43 78 615 
90 39 63 4 30 37 61 102 955 
42 68 30 54 76 88 47 27 256 
29 42 40 89 98 45 25 56 932 
97 97 34 99 68 70 6 37 745 
68 39 70 16 67 32 18 46 1090 
14 64 22 21 4 3 19 17 448 
14 3 43 20 80 76 61 66 67 
48 45 102 62 50 41 27 81 1076 
55 14 77 10 72 53 56 13 1123 
58 78 94 33 82 53 34 94 410 
21 50 60 96 58 2 27 72 24 
91 54 16 84 97 26 15 66 34 
63 7 33 92 66 69 84 5 1084 
15 17 64 51 30 58 7 7 377 
32 61 58 77 85 2 51 67 722 
79 76 83 71 20 19 50 73 1070 
4 31 86 93 14 54 14 14 670 
42 43 27 61 78 91 95 86 66 
48 88 24 33 43 102 10 7 359 
9 46 100 48 2 59 70 5 930 
49 40 49 6 65 73 48 12 295 
36 21 100 94 78 36 13 4 1039 
67 74 91 86 85 9 25 7 830 
59 96 42 70 93 75 15 48 558 
60 44 25 53 87 33 78 76 1058 
34 17 70 66 36 100 74 5 384 
89 65 57 42 83 61 5 91 190 
86 69 30 26 81 32 90 55 738 
64 16 89 60 10 12 22 94 1092 
101 95 62 44 97 90 44 28 1014 
93 20 63 66 50 98 18 94 88 
60 9 38 41 77 83 40 12 1083 
47 32 57 47 22 91 72 6 1171 
57 43 73 42 84 55 49 100 435 
101 100 68 93 44 18 4 64 1034 
55 63 20 81 7 87 101 99 1175 
30 47 100 74 97 46 3 62 623 
38 20 27 85 94 79 48 41 152 
24 56 90 41 45 60 7 19 528 
80 78 39 88 43 87 59 21 646 
40 30 5 24 92 83 67 69 530 
62 71 71 42 35 68 75 79 534 
10 91 4 41 69 80 3 25 1026 
16 52 80 42 28 74 27 10 136 
11 3 66 9 75 78 17 47 584 
76 40 45 72 15 65 43 51 367 
52 101 63 28 22 69 100 53 207 
67 22 45 99 18 28 57 66 934 
82 3 18 28 26 24 32 30 1043 
43 46 39 17 100 79 45 76 112 
52 85 83 99 11 24 61 52 309 
7 79 24 20 17 51 89 64 584 
16 26 77 41 97 95 84 59 92 
82 53 24 67 56 43 19 7 988 
98 85 95 96 69 76 98 27 618 
65 25 30 90 29 38 32 31 613 
36 13 90 90 17 54 17 82 1214 
5 41 25 83 3 12 70 94 967 
57 22 60 3 45 72 44 21 416 
81 93 25 87 38 27 93 84 1152 
95 9 70 43 81 89 77 95 1051 
29 84 24 20 22 38 60 77 104 
94 35 70 20 48 98 20 38 1082 
78 20 6 100 92 21 18 77 1032 
13 17 44 73 28 52 86 17 446 
14 63 73 90 30 63 19 101 599 
28 77 63 74 25 45 100 101 917 
84 32 95 5 3 47 53 49 734 
69 23 10 20 35 33 62 8 915 
19 90 92 44 82 93 72 92 9 
25 40 94 101 75 29 77 4 1042 
46 11 62 28 38 83 3 52 952 
43 10 43 32 15 18 70 83 137 
86 42 51 4 35 13 46 31 104 
70 70 51 83 45 33 48 18 1192 
17 93 54 11 43 32 15 31 1004 
61 95 28 78 33 93 18 93 763 
38 43 77 50 84 10 75 35 1010 
31 63 67 12 86 99 21 55 1106 
61 77 101 21 91 7 31 87 441 
85 94 39 59 67 54 71 12 914 
24 69 11 46 39 10 50 86 833 
19 51 10 31 58 80 3 58 194 
65 18 54 73 21 99 74 92 504 
47 74 98 15 43 76 24 99 1057 
84 17 40 93 74 7 39 15 440 
30 55 38 61 58 11 38 8 1150 
24 54 50 14 74 49 69 4 150 
74 5 10 37 9 62 93 21 507 
80 74 47 49 36 8 63 46 452 
7 88 17 89 79 37 82 102 557 
41 72 45 93 27 72 95 66 119 
30 95 48 78 70 39 69 61 412 
51 77 20 43 53 30 12 63 203 
99 87 28 75 57 10 16 55 606 
100 88 49 77 56 71 99 36 628 
93 31 20 80 22 20 4 33 298 
30 100 21 17 84 65 55 98 967 
85 56 40 40 64 17 90 71 893 
88 76 24 50 46 19 79 21 399 
101 21 68 10 73 26 85 88 674 
32 86 6 86 24 59 93 15 969 
15 55 69 4 93 53 47 18 690 
5 81 55 4 40 65 33 56 954 
15 77 85 16 57 78 62 60 1042 
70 4 54 66 60 33 40 66 814 
68 98 30 16 65 58 70 83 90 
4 30 48 44 55 70 81 79 471 
98 101 100 93 44 35 68 79 167 
6 41 24 24 67 76 98 67 711 
52 101 14 29 49 76 71 61 367 
41 29 51 87 87 83 95 44 803 
71 77 56 97 50 88 45 66 518 
88 82 65 74 48 90 12 31 955 
28 71 54 25 24 85 5 29 612 
67 21 56 43 31 25 10 29 1100 
6 57 53 27 86 85 34 85 967 
69 70 83 63 77 57 5 68 888 
16 47 55 73 94 24 39 80 543 
90 47 52 42 65 20 100 8 911 
29 3 87 71 94 41 6 38 721 
71 6 47 100 40 65 52 97 1005 
39 34 65 31 91 9 41 45 467 
31 29 6 65 64 71 83 77 800 
90 46 56 15 69 57 65 70 903 
102 92 9 89 92 71 38 64 904 
13 101 14 80 33 50 3 78 123 
57 8 44 78 19 65 100 65 618 
30 26 67 10 68 23 35 41 653 
33 43 39 38 29 3 97 72 938 
55 12 16 8 14 93 48 10 761 
34 26 75 46 91 29 20 10 466 
10 5 35 93 47 94 97 72 421 
75 21 81 44 83 49 88 47 648 
39 25 13 76 64 59 61 3 186 
82 89 54 12 19 21 64 89 815 
46 64 67 24 13 44 59 74 1095 
85 92 45 27 60 47 76 83 1045 
29 36 43 78 34 46 79 16 1018 
84 65 4 62 81 96 83 45 1011 
90 17 14 71 19 92 70 78 142 
74 57 31 9 38 38 36 38 639 
27 70 32 23 47 99 61 76 114 
90 25 13 51 46 18 64 88 818 
76 59 19 53 10 59 34 7 725 
56 78 30 68 29 45 44 58 916 
55 69 71 17 13 45 83 82 646 
3 25 13 15 47 52 71 62 963 
37 76 62 75 90 43 39 7 1211 
83 24 98 69 9 91 43 11 227 
99 61 49 77 73 30 6 34 996 
51 43 33 80 98 69 67 9 996 
17 82 81 31 79 8 46 101 705 
58 35 19 24 75 37 33 74 16 
34 62 5 33 71 59 61 91 781 
70 5 28 32 5 101 10 27 362 
41 71 83 43 33 73 73 50 1206 
67 29 70 98 49 27 67 35 576 
80 86 13 24 71 91 44 78 1179 
34 28 32 19 16 49 8 94 40 
22 93 31 34 63 23 60 97 762 
98 74 58 3 66 72 54 32 509 
21 19 101 95 100 57 77 41 260 
70 49 15 23 92 57 23 48 506 
19 48 25 91 66 77 28 49 45 
42 32 64 62 67 86 8 89 917 
6 29 95 76 59 23 2 92 582 
52 77 84 3 82 21 31 37 1029 
20 31 55 26 68 53 54 37 111 
61 10 84 30 17 5 82 20 226 
50 45 90 4 91 76 29 79 881 
23 41 52 45 33 32 2 90 712 
24 81 63 44 25 24 15 43 1006 
67 24 62 81 23 64 2 83 1123 
98 18 42 81 99 92 82 32 1171 
60 18 78 54 30 29 47 60 469 
60 8 22 68 91 50 94 64 676 
14 44 20 90 45 52 40 7 876 
20 45 84 73 64 94 29 56 316 
8 15 96 34 37 64 26 45 916 
73 32 29 94 89 37 37 69 1082 
79 72 75 28 16 25 58 29 190 
58 89 46 30 41 37 24 88 594 
63 82 9 58 66 102 78 69 921 
47 28 58 49 38 97 6 51 1026 
