8 4
200
49 70 34 66 39 94 97 101 535 
36 76 44 54 26 30 52 17 323 
99 52 12 51 97 66 40 48 460 
42 11 34 86 74 60 47 15 804 
22 97 39 72 15 66 15 22 239 
83 58 18 2 14 71 28 68 778 
52 100 75 70 28 92 37 57 730 
35 53 4 85 9 13 32 32 165 
4 28 39 48 38 77 37 59 740 
42 42 99 65 60 8 65 97 123 
28 54 71 49 37 61 77 82 568 
29 99 51 7 72 84 51 25 324 
61 6 64 100 34 71 101 98 123 
94 73 95 98 22 14 98 6 636 
53 57 94 80 74 59 8 10 490 
44 37 72 17 15 37 68 7 746 
55 30 22 3 50 41 46 84 74 
79 33 79 38 11 68 6 101 558 
50 83 34 7 94 26 11 59 497 
47 80 60 60 32 18 23 46 625 
60 52 9 54 36 91 50 31 633 
85 8 28 6 13 16 68 20 196 
61 49 37 97 94 92 81 101 39 
53 21 3 63 18 67 91 48 399 
63 98 49 45 60 66 49 28 422 
37 44 69 45 94 14 94 63 784 
43 65 60 19 76 37 87 98 82 
79 24 92 63 16 66 68 7 186 
79 19 92 74 51 68 41 46 466 
39 10 29 91 71 56 71 50 682 
93 46 24 13 60 63 56 72 36 
64 76 29 5 79 88 91 17 367 
8 71 16 94 80 32 80 49 720 
85 90 54 38 94 68 83 77 505 
3 68 60 31 20 81 64 79 574 
32 37 33 43 102 57 12 65 645 
72 101 67 94 35 13 75 73 669 
54 28 84 63 24 4 26 91 400 
88 79 54 37 32 3 62 51 105 
59 44 90 99 28 31 89 13 622 
99 10 35 49 58 49 99 12 419 
91 70 14 31 18 13 8 25 697 
29 36 71 66 35 86 100 18 241 
96 57 102 54 77 13 28 30 654 
18 41 23 7 41 22 52 73 657 
2 31 27 79 94 5 46 61 631 
9 35 78 51 51 42 19 5 450 
53 38 96 4 4 91 33 92 685 
66 24 97 51 16 64 6 100 707 
6 19 65 99 10 17 36 21 775 
6 69 92 83 90 38 67 101 282 
89 101 29 39 48 4 21 82 305 
84 60 21 16 47 53 56 15 705 
94 57 30 81 70 85 96 29 184 
96 85 36 61 86 17 29 19 813 
62 69 72 63 80 31 80 54 500 
78 92 25 42 29 77 52 75 358 
8 10 33 45 45 21 81 28 791 
5 25 76 6 88 29 53 96 378 
18 32 79 101 3 18 24 20 298 
102 56 58 62 12 13 74 23 75 
71 19 26 53 84 54 34 77 235 
89 74 6 97 91 36 31 36 349 
69 9 10 16 24 27 85 82 584 
43 45 15 65 34 67 20 84 630 
24 67 50 27 70 28 90 37 370 
34 6 67 24 33 78 71 7 116 
3 56 97 100 70 4 83 93 261 
17 27 42 40 79 8 58 8 562 
96 44 42 84 29 89 82 53 617 
8 21 14 40 96 29 53 19 228 
84 26 99 48 46 79 96 75 83 
7 96 29 61 68 27 9 76 519 
76 21 30 10 20 20 29 77 584 
22 79 33 16 89 62 81 76 671 
74 51 99 64 90 56 79 77 462 
50 49 55 89 33 22 65 79 797 
2 76 8 81 21 72 8 76 777 
81 93 9 69 82 94 45 37 211 
69 14 33 76 33 45 63 81 227 
20 34 49 13 52 12 64 81 3 
78 95 32 29 59 16 61 100 688 
52 83 69 64 47 98 96 99 530 
68 28 45 65 20 42 44 89 344 
51 71 43 99 7 4 93 68 344 
98 41 57 20 17 35 60 13 799 
63 58 90 53 19 55 47 98 427 
59 15 77 92 87 72 74 12 239 
45 55 77 67 72 80 56 100 470 
12 51 14 12 7 9 44 83 253 
56 100 54 90 53 11 51 36 436 
69 8 57 88 48 7 6 17 479 
25 98 88 11 99 20 98 38 386 
43 50 10 70 50 5 41 19 105 
79 57 3 68 17 38 27 89 754 
5 26 5 9 7 92 50 22 696 
47 47 3 36 94 18 64 11 708 
47 101 60 53 49 31 94 29 491 
59 59 83 52 86 12 28 95 96 
46 36 44 21 22 30 20 96 588 
14 46 65 88 6 9 52 82 713 
36 53 79 76 17 80 31 93 514 
7 97 63 92 10 101 6 20 615 
46 28 82 32 35 55 59 82 683 
99 74 55 76 2 6 25 94 340 
36 72 20 66 91 31 67 15 807 
13 24 38 66 83 88 33 7 440 
10 6 20 26 19 37 97 34 160 
12 33 96 59 69 18 60 72 388 
59 82 39 53 67 22 56 47 476 
50 35 93 69 45 97 52 17 715 
25 12 55 85 71 59 11 57 674 
6 56 57 21 8 13 40 76 203 
19 59 41 100 72 74 79 49 807 
31 45 90 101 8 54 31 37 486 
97 76 13 82 43 12 39 52 743 
6 31 29 81 30 70 73 35 476 
50 27 43 83 8 25 60 82 100 
96 7 50 5 93 73 54 46 7 
16 39 18 32 63 22 83 75 148 
73 52 17 22 31 75 96 82 80 
21 16 69 90 24 63 100 45 363 
45 3 40 58 30 87 70 59 785 
45 21 66 23 102 35 7 89 254 
99 77 79 77 11 12 64 35 248 
35 28 17 57 34 20 78 40 590 
82 17 24 32 54 74 79 53 502 
48 100 16 36 85 37 32 2 556 
70 70 94 29 96 97 56 37 254 
83 90 89 48 47 64 63 27 583 
11 69 25 7 100 60 51 18 285 
18 101 45 82 27 34 52 10 575 
82 55 23 29 78 19 43 98 513 
77 102 55 54 75 60 66 23 271 
47 65 71 36 80 81 62 40 295 
90 2 65 57 98 39 94 83 590 
53 84 93 7 66 4 97 76 132 
84 66 27 87 19 6 101 7 372 
3 49 76 44 69 40 83 55 783 
101 22 6 18 62 95 88 15 319 
44 42 100 69 40 6 64 80 601 
13 6 85 62 58 93 94 93 277 
100 10 17 56 26 14 8 98 446 
14 67 6 34 101 6 67 59 529 
49 36 11 72 82 91 66 73 400 
15 42 66 15 27 72 61 90 40 
26 90 18 89 63 44 52 53 109 
72 80 7 82 97 101 28 46 464 
27 30 31 28 91 56 65 96 463 
93 101 43 36 75 13 101 43 565 
51 63 75 69 22 31 77 97 752 
46 35 47 67 89 82 15 36 488 
78 100 101 64 26 69 87 60 427 
74 37 7 96 82 56 32 80 684 
86 60 10 102 53 97 63 21 497 
14 29 14 62 23 41 53 25 352 
72 88 39 8 84 64 79 5 486 
89 51 55 92 37 11 99 31 619 
54 79 49 6 3 7 8 75 262 
43 14 16 69 45 59 13 61 744 
49 80 79 48 25 50 37 77 569 
10 24 94 4 66 94 65 101 381 
98 68 88 35 101 10 32 38 741 
47 22 8 97 81 77 20 52 415 
101 8 56 101 71 28 37 100 421 
42 40 50 24 5 47 13 17 758 
8 16 81 70 18 88 59 92 447 
66 15 44 19 86 16 43 66 756 
95 99 100 61 100 3 59 92 799 
45 25 19 64 87 66 84 15 293 
74 33 92 69 44 81 73 73 694 
11 25 56 36 83 41 54 20 151 
97 48 18 80 13 28 91 16 544 
40 4 31 80 36 73 80 72 277 
4 27 57 21 90 29 18 50 543 
46 10 45 80 12 69 48 89 543 
21 96 21 67 81 30 14 36 564 
58 33 91 85 58 13 7 52 755 
65 79 60 92 64 65 61 47 53 
26 62 95 64 34 49 7 61 623 
17 39 49 29 8 56 59 62 142 
79 63 54 34 74 62 76 84 85 
10 31 34 58 7 36 23 91 600 
79 97 100 44 80 99 36 93 102 
48 38 73 6 35 4 48 84 684 
56 94 90 35 90 52 39 99 244 
47 61 34 14 8 20 83 83 531 
21 37 85 57 99 84 49 30 378 
41 6 99 31 11 25 52 69 788 
88 46 9 50 7 83 69 92 260 
82 36 32 55 25 54 39 29 388 
3 101 97 8 87 62 6 99 756 
35 18 52 11 64 41 23 97 304 
60 73 31 4 90 10 52 69 772 
18 88 83 47 94 84 78 52 559 
4 82 60 49 47 10 90 36 604 
84 73 73 94 34 30 16 81 464 
20 100 13 89 58 20 67 90 94 
13 90 26 70 36 15 72 21 126 
81 13 28 24 16 56 36 70 787 
