8 2
200
64 51 33 59 89 101 47 89 76 
57 37 17 49 61 5 52 11 210 
89 66 4 25 54 91 41 88 152 
30 25 37 58 20 62 26 52 382 
86 66 76 79 36 66 36 50 166 
61 30 71 59 56 94 65 8 186 
59 41 99 43 20 3 64 20 265 
86 101 18 58 25 12 12 67 182 
80 12 32 40 90 6 51 82 239 
70 72 70 45 95 15 16 69 44 
98 45 49 75 17 19 101 53 202 
26 6 7 62 49 91 49 88 390 
17 21 53 95 95 40 44 96 194 
98 43 8 6 43 57 101 15 93 
99 7 96 15 41 39 57 27 312 
55 10 25 81 97 9 19 101 199 
61 6 52 11 32 23 71 5 44 
45 22 64 52 63 36 68 52 331 
3 4 82 16 40 70 63 91 353 
26 19 47 101 88 44 9 42 42 
74 90 76 75 46 38 29 14 20 
16 6 49 91 15 47 28 18 395 
71 47 68 84 50 43 37 47 352 
67 46 36 22 45 23 26 96 253 
9 30 60 46 89 28 65 49 349 
41 37 6 102 75 72 48 40 387 
46 92 42 35 40 101 52 64 276 
72 96 63 28 67 21 86 21 360 
41 27 60 42 21 3 58 97 42 
84 67 73 66 76 6 28 82 20 
24 76 92 61 96 27 61 95 216 
26 15 72 87 18 56 84 9 55 
39 6 73 41 79 45 91 69 393 
98 8 22 59 2 87 16 64 185 
100 81 33 35 83 28 51 34 335 
42 99 51 19 84 69 93 91 309 
36 85 99 49 72 28 31 64 354 
35 69 15 87 73 57 11 86 114 
84 6 25 47 92 47 63 51 286 
49 81 27 55 68 13 12 83 320 
50 53 11 7 6 21 41 18 264 
71 57 29 97 10 100 42 11 349 
55 90 95 54 88 23 58 84 339 
64 82 3 5 77 92 78 63 134 
21 79 102 6 8 76 83 94 385 
45 54 73 29 15 59 27 59 377 
87 98 67 90 50 24 38 79 149 
65 68 82 39 21 49 68 23 132 
88 51 84 21 73 96 29 15 122 
14 37 69 47 79 20 99 93 264 
69 32 31 80 70 31 40 19 106 
17 8 36 26 63 94 26 42 36 
12 68 27 73 63 37 95 26 170 
71 20 91 63 42 29 84 100 370 
5 10 83 55 83 56 71 14 32 
98 89 76 77 22 39 12 89 106 
41 99 71 96 87 46 90 71 404 
38 55 68 8 44 65 3 23 132 
30 59 86 73 4 51 30 99 152 
69 97 100 54 53 55 4 45 8 
24 12 25 39 67 15 57 34 241 
43 92 48 13 75 101 7 84 123 
43 70 97 22 68 90 9 23 302 
3 86 4 15 6 101 64 82 48 
11 93 94 73 19 71 93 88 32 
93 57 23 101 49 71 25 63 306 
8 4 46 37 32 46 41 56 197 
59 30 87 49 52 95 90 98 372 
39 72 53 28 31 81 82 18 269 
55 4 39 35 92 46 26 57 319 
69 75 63 51 34 65 23 36 238 
24 46 7 30 13 53 80 88 371 
26 83 75 66 57 17 80 88 212 
13 26 40 43 25 97 17 23 95 
32 91 39 91 6 97 23 60 291 
62 27 93 89 57 6 55 2 304 
7 5 20 48 73 48 13 13 41 
22 83 23 13 14 92 30 50 395 
56 37 78 80 45 99 46 20 250 
62 26 72 36 90 25 23 12 74 
6 86 20 93 79 96 88 4 316 
52 52 15 3 61 9 9 101 267 
100 30 62 24 5 55 87 53 356 
42 87 94 101 92 4 75 25 260 
81 64 60 85 94 43 21 96 279 
50 61 66 65 29 91 59 25 337 
60 85 84 67 8 28 8 48 69 
87 53 61 13 31 38 45 31 152 
10 17 38 21 4 11 87 39 375 
25 79 60 5 43 69 21 17 167 
84 15 58 33 78 48 27 37 176 
11 39 32 30 22 100 54 52 33 
49 41 82 75 83 71 37 86 280 
60 84 12 94 94 16 98 63 65 
83 78 41 91 96 70 68 78 406 
64 97 60 62 53 93 62 75 310 
62 11 35 89 99 95 80 69 217 
35 19 48 18 35 60 85 73 300 
71 59 47 15 9 7 72 75 363 
13 100 32 20 34 21 40 37 214 
85 95 82 48 14 29 17 35 243 
56 47 64 101 79 82 20 93 65 
33 49 4 30 20 26 6 69 279 
25 17 86 29 80 99 8 102 318 
96 25 48 20 100 76 47 18 115 
29 14 23 52 3 44 5 9 360 
53 57 78 58 44 47 61 94 76 
77 29 69 67 95 79 4 26 275 
72 15 51 29 84 4 98 79 226 
49 74 16 45 25 73 11 58 184 
4 39 84 3 61 8 58 72 364 
63 64 21 46 50 79 76 36 387 
41 25 75 76 62 67 91 14 81 
6 34 5 98 58 40 34 2 354 
87 71 56 45 73 14 14 37 63 
39 6 26 39 70 92 78 72 134 
74 30 79 19 14 49 89 54 157 
88 67 8 83 13 50 92 91 266 
43 98 54 63 64 28 51 55 35 
98 69 66 16 22 88 7 62 297 
12 70 59 9 59 21 76 29 282 
11 57 94 78 50 81 27 38 305 
83 14 68 53 70 61 41 93 348 
77 74 48 23 78 53 78 82 87 
10 36 41 35 89 37 59 42 397 
18 22 21 86 91 86 13 26 200 
9 60 2 100 70 68 36 101 225 
25 90 81 43 102 69 61 18 9 
38 50 27 32 96 29 64 25 290 
68 92 85 64 12 54 4 71 91 
23 12 68 75 101 90 82 36 214 
20 77 22 54 28 75 84 77 311 
26 79 66 75 38 47 97 70 38 
74 63 81 29 41 33 47 40 26 
38 64 52 39 52 62 77 46 197 
52 16 67 12 82 37 78 80 377 
60 50 77 23 81 32 81 10 297 
76 93 38 92 9 90 69 48 54 
29 89 28 6 100 94 99 46 222 
46 64 84 46 54 63 40 90 369 
33 17 86 21 61 44 90 4 218 
14 63 9 79 45 35 24 51 373 
68 56 52 84 25 36 78 36 189 
93 32 41 77 53 21 99 38 127 
31 9 30 86 18 98 41 87 341 
49 70 21 50 24 5 71 74 139 
43 51 94 52 45 26 98 99 294 
16 39 12 91 81 9 4 95 171 
65 84 40 56 46 40 53 32 272 
29 45 10 38 8 81 87 59 354 
41 81 67 6 91 21 26 26 197 
76 60 90 14 48 31 63 8 371 
98 89 7 56 101 15 60 71 219 
66 80 33 33 5 24 23 66 57 
79 61 95 21 31 21 92 79 293 
80 18 99 80 77 101 90 91 286 
83 87 83 54 48 22 68 62 189 
19 44 57 68 93 84 18 86 195 
100 79 60 88 65 24 43 82 217 
58 88 5 34 46 16 54 41 320 
35 27 15 75 55 71 75 75 144 
19 14 27 17 65 93 54 91 51 
14 97 24 61 12 68 69 12 304 
45 87 101 43 16 53 6 85 241 
37 28 26 91 15 92 88 27 278 
30 43 25 14 82 56 4 42 182 
59 76 17 48 7 45 97 32 360 
39 78 100 75 14 82 34 19 260 
90 26 84 34 75 88 100 41 281 
53 33 7 46 41 76 9 49 39 
46 91 22 83 96 85 4 52 199 
72 57 31 46 81 65 93 16 68 
64 27 3 31 50 68 77 46 402 
85 94 39 26 68 67 72 90 116 
45 8 32 101 32 25 39 30 344 
41 9 54 44 56 27 60 47 93 
10 17 43 56 9 52 86 21 236 
13 48 90 67 75 93 37 49 34 
88 65 97 81 93 22 84 37 151 
49 43 41 15 68 24 44 65 297 
89 91 102 82 17 13 67 28 334 
98 77 36 63 8 8 19 73 333 
29 31 26 23 74 74 15 40 316 
21 100 82 69 25 13 20 50 239 
10 8 51 86 15 67 40 88 248 
5 88 37 34 98 97 42 17 137 
51 69 19 30 69 79 36 48 116 
4 31 54 25 44 61 50 11 265 
35 45 18 61 85 88 13 12 214 
44 89 4 88 28 10 80 72 332 
43 82 42 74 53 69 39 38 234 
11 82 45 79 87 89 32 9 292 
19 91 86 33 19 58 26 93 244 
28 18 5 46 47 74 79 8 118 
27 63 95 51 24 49 31 4 126 
11 68 4 17 58 21 38 62 329 
100 12 65 86 50 61 10 13 85 
56 66 37 73 101 80 61 7 192 
81 71 69 39 4 17 27 17 105 
60 13 62 86 10 87 94 82 392 
