6 8
200
28 60 68 42 11 47 1293 
63 16 78 77 24 7 1600 
90 91 79 70 84 43 942 
58 35 25 19 11 76 1474 
44 85 11 40 30 20 860 
4 74 88 15 14 48 1282 
31 63 34 25 7 68 1345 
11 27 95 78 85 95 1145 
27 44 25 102 73 91 311 
33 69 39 95 89 47 1401 
19 92 57 72 96 81 448 
74 93 96 7 11 10 545 
61 18 64 48 28 85 1251 
32 66 15 43 59 62 1597 
96 97 32 19 22 99 1501 
36 40 8 90 16 45 869 
53 31 97 64 83 88 1173 
53 77 50 63 65 11 1414 
29 44 30 39 22 32 1270 
98 66 89 91 13 43 404 
80 58 59 14 42 25 1290 
37 20 81 79 76 28 714 
22 84 58 59 89 7 122 
98 80 53 96 15 77 897 
66 10 76 72 46 49 1181 
21 93 51 25 88 10 1498 
26 51 62 48 6 36 1245 
85 33 33 26 38 19 1337 
81 8 20 29 50 26 1155 
12 8 9 32 81 73 16 
93 9 36 4 100 18 1178 
31 93 50 12 43 81 1334 
79 44 48 10 32 92 661 
87 33 99 40 86 23 233 
45 56 18 27 65 77 1495 
26 99 24 40 4 12 815 
17 72 19 9 47 91 548 
66 63 23 51 83 62 103 
78 40 66 16 97 60 1396 
39 34 87 81 5 92 853 
47 26 72 30 83 93 1137 
63 82 33 40 34 83 1299 
94 97 78 84 17 87 791 
61 60 26 9 54 66 1271 
39 34 30 44 101 83 303 
40 53 23 2 72 39 240 
60 35 78 65 79 8 732 
40 11 99 90 7 6 1399 
67 48 23 31 28 94 392 
50 5 98 35 101 63 897 
45 57 84 47 51 36 25 
27 50 47 76 60 35 1624 
25 34 56 96 79 35 1179 
8 2 73 46 47 93 171 
32 82 31 80 47 92 1545 
56 17 45 58 72 86 653 
100 78 56 70 61 26 407 
73 44 41 24 30 85 616 
57 12 3 6 45 93 1559 
70 17 99 16 45 7 1120 
19 13 40 10 50 34 130 
26 19 78 88 68 88 956 
40 92 58 18 9 59 1620 
7 44 54 29 95 46 481 
63 60 56 17 22 58 895 
34 3 16 82 52 32 508 
95 27 20 79 7 39 500 
27 43 99 38 50 71 196 
71 88 83 57 90 80 1031 
61 24 73 49 31 6 102 
91 44 39 59 29 70 190 
19 36 52 90 9 101 581 
19 59 81 74 89 45 1026 
17 36 27 65 53 70 555 
5 49 32 78 35 26 589 
101 63 81 23 3 2 851 
54 33 69 82 82 30 687 
67 93 77 44 63 45 1214 
10 14 96 78 2 80 223 
89 22 14 76 76 101 302 
98 2 53 88 45 13 1024 
5 59 84 74 42 94 615 
58 57 36 75 83 64 1484 
51 87 47 3 25 41 1067 
13 58 8 7 30 26 1134 
93 26 59 20 35 14 83 
57 14 6 62 88 78 506 
66 80 4 95 40 29 774 
17 9 87 22 74 99 1501 
3 78 69 14 70 70 1057 
34 79 56 50 52 88 1533 
75 42 43 39 65 36 765 
80 7 14 92 98 24 1243 
19 73 100 62 16 15 871 
39 40 50 19 10 68 530 
2 49 47 90 43 55 691 
68 46 85 12 65 47 384 
73 57 24 74 48 91 244 
8 58 90 38 75 43 591 
5 95 22 57 70 16 1267 
60 69 5 57 71 36 831 
29 18 53 53 70 32 1075 
85 28 47 64 80 20 1543 
94 59 54 70 15 8 1034 
54 65 57 97 33 48 219 
90 21 19 80 57 66 1288 
42 39 86 7 13 72 331 
68 76 95 93 99 85 1077 
12 52 88 58 30 90 1228 
55 98 59 39 86 55 1541 
9 30 86 25 56 18 843 
22 70 65 4 38 45 1395 
90 64 6 36 65 49 1281 
71 33 24 29 78 6 1422 
43 30 70 29 20 28 963 
49 11 70 45 69 16 1473 
85 25 55 94 46 92 1051 
36 55 5 23 7 18 632 
99 64 98 79 14 66 1275 
42 97 78 20 19 29 683 
55 38 93 97 35 90 1404 
10 70 37 34 16 25 124 
77 67 7 15 12 22 817 
49 74 68 57 52 14 692 
30 80 76 29 65 25 1322 
18 15 28 74 30 55 1445 
96 63 47 100 44 73 1064 
32 72 8 9 8 94 107 
67 27 42 85 78 46 1314 
93 63 7 53 2 29 964 
54 81 42 84 70 63 860 
13 23 59 10 44 79 1587 
9 70 22 59 33 77 839 
90 88 91 54 11 10 54 
102 42 49 44 46 8 1276 
93 67 27 41 32 56 879 
6 85 77 36 68 85 1362 
95 87 96 71 54 10 1052 
95 53 32 61 55 51 188 
82 12 69 100 73 21 265 
5 96 21 2 23 99 1372 
5 17 19 45 27 22 108 
57 56 74 94 100 16 1595 
16 97 82 79 6 44 386 
75 10 39 97 66 69 1470 
93 77 71 33 12 82 1471 
38 15 18 31 32 7 408 
58 96 8 75 7 20 1446 
101 41 25 18 57 63 498 
8 82 49 63 54 18 1052 
81 5 63 90 35 10 1273 
84 66 50 77 39 101 277 
16 33 25 61 51 3 1498 
38 48 17 57 22 62 492 
35 71 70 79 91 63 1258 
93 47 87 74 13 13 282 
77 77 44 20 64 16 1513 
51 27 4 6 17 75 696 
60 48 35 16 50 50 807 
97 82 99 51 40 42 365 
88 40 89 40 93 77 1001 
72 75 40 60 48 39 1361 
46 69 76 76 90 37 553 
101 53 60 65 65 70 1312 
97 46 71 26 76 72 1028 
88 17 68 26 100 83 1426 
74 97 58 4 12 68 821 
15 26 77 52 7 90 1422 
89 30 77 30 9 83 1222 
31 71 36 74 69 22 947 
54 10 51 92 55 48 438 
58 5 63 54 4 32 1337 
22 95 76 70 84 78 1629 
88 93 98 93 2 14 710 
29 23 31 46 48 94 1009 
18 28 62 54 44 62 501 
27 16 78 7 53 95 142 
78 63 6 87 47 60 1064 
19 55 101 55 36 85 481 
83 34 11 58 40 22 74 
69 15 18 42 17 71 996 
79 22 88 52 22 37 832 
63 27 60 3 36 99 1613 
74 64 101 10 79 3 721 
84 69 51 15 75 6 138 
50 90 47 31 91 6 656 
35 15 5 16 50 80 337 
9 52 57 6 26 8 1548 
53 19 34 40 70 19 1553 
55 39 39 49 33 45 219 
40 15 74 47 94 61 641 
51 98 96 31 25 26 1229 
19 96 11 51 101 16 1570 
73 15 93 23 89 47 1310 
78 68 70 20 38 9 1123 
39 85 60 33 49 58 37 
23 40 12 47 95 22 592 
45 29 100 34 31 19 1095 
2 83 26 7 16 61 1201 
32 28 13 89 18 9 1305 
