6 4
200
56 9 24 8 96 77 428 
18 56 82 23 99 61 572 
82 92 21 64 25 45 653 
91 98 13 11 15 91 198 
26 84 59 44 30 48 746 
23 16 79 98 29 50 687 
18 88 91 40 3 50 404 
40 76 19 98 67 57 535 
13 13 99 83 88 30 750 
73 25 82 71 15 81 484 
78 44 68 98 97 98 591 
13 24 73 14 43 77 697 
10 41 48 65 93 28 85 
5 82 17 43 22 94 367 
64 12 71 90 72 92 506 
35 53 101 72 61 95 3 
91 29 71 47 55 8 517 
86 35 9 24 55 51 601 
63 53 57 77 6 30 395 
14 4 26 73 87 25 616 
90 49 94 34 35 12 115 
55 48 98 69 88 84 638 
78 64 68 19 43 90 582 
3 46 97 57 68 54 628 
27 47 76 71 85 90 786 
88 17 92 22 41 62 66 
7 61 11 20 48 72 295 
42 60 56 45 37 6 712 
5 99 79 69 60 39 235 
3 24 100 5 96 84 732 
49 78 99 4 31 65 782 
87 89 39 22 84 43 694 
90 22 27 50 86 11 684 
20 15 55 83 25 81 35 
39 13 17 54 90 48 755 
83 59 43 8 43 94 146 
12 41 50 79 98 46 109 
4 74 57 12 75 8 243 
65 46 24 8 86 94 392 
78 25 70 95 97 94 54 
65 86 43 45 20 68 65 
75 7 6 29 38 93 289 
41 62 44 18 42 65 147 
14 21 3 59 102 72 281 
19 82 85 3 53 9 314 
90 15 69 57 42 24 735 
41 20 81 51 3 15 304 
65 28 80 57 32 91 419 
67 43 88 20 98 75 462 
27 23 28 86 86 99 416 
49 76 63 2 43 30 595 
4 24 10 101 59 99 444 
56 8 48 24 20 89 188 
75 83 39 45 50 35 117 
99 55 66 19 18 88 132 
53 19 56 91 63 80 518 
21 80 21 41 78 4 581 
17 81 65 68 12 30 604 
95 25 59 94 96 61 39 
71 46 84 43 13 40 24 
91 94 35 59 11 61 437 
5 20 6 74 33 45 670 
75 3 53 8 60 44 476 
96 99 98 68 22 61 411 
36 39 100 67 66 70 215 
89 32 10 3 71 23 735 
7 55 22 65 18 24 779 
44 33 37 55 98 46 776 
97 39 93 91 2 5 561 
83 8 9 69 77 58 704 
74 45 7 91 23 70 723 
46 78 5 6 38 57 751 
8 65 15 70 26 33 749 
95 20 14 70 19 23 195 
49 15 98 43 69 11 578 
90 32 65 77 78 9 421 
63 89 87 66 50 79 614 
45 96 102 53 27 97 640 
27 95 23 6 49 67 787 
65 10 65 72 47 23 147 
35 51 95 50 27 42 266 
32 28 6 71 47 50 40 
21 98 92 44 17 94 517 
39 44 73 31 44 57 801 
82 24 96 5 57 59 84 
47 9 5 2 56 48 776 
69 19 37 4 18 94 354 
14 75 30 33 31 57 783 
10 24 20 85 87 36 410 
6 12 68 91 93 97 610 
91 89 44 62 48 70 570 
27 38 29 27 65 57 559 
52 68 74 28 5 16 304 
87 87 19 71 14 47 514 
9 71 15 27 99 70 185 
88 88 72 85 88 28 676 
88 93 60 24 81 84 446 
45 96 65 90 83 40 33 
4 26 93 36 25 9 144 
69 17 102 68 89 48 523 
82 4 46 18 90 56 812 
96 62 49 35 65 10 522 
77 52 39 19 33 21 679 
64 81 50 65 21 67 155 
78 60 58 95 38 92 517 
94 21 74 95 85 6 70 
67 46 4 62 101 55 750 
67 65 52 58 29 83 150 
25 97 55 71 91 83 145 
4 94 42 29 20 3 678 
32 67 26 49 16 77 793 
37 48 5 23 14 29 97 
97 8 39 11 12 47 564 
26 20 26 97 26 93 515 
54 64 35 83 55 11 282 
99 28 10 15 8 23 720 
51 52 50 79 56 8 54 
88 5 21 10 57 16 52 
49 102 55 93 86 36 671 
86 72 42 61 20 79 802 
82 31 98 6 26 83 614 
70 78 20 72 87 59 545 
61 16 74 99 97 30 409 
28 57 24 24 89 8 527 
82 10 20 38 31 10 47 
76 25 7 33 35 33 645 
25 37 23 101 79 17 211 
58 70 64 25 51 50 445 
75 76 84 39 77 13 717 
71 102 36 58 51 63 688 
94 70 68 63 99 73 22 
22 3 25 12 93 41 202 
42 58 15 82 62 53 13 
51 25 96 61 22 93 448 
38 90 45 31 56 43 523 
102 98 64 54 79 54 434 
75 61 30 86 74 65 236 
45 23 79 91 12 85 351 
47 74 5 79 82 50 691 
15 82 83 38 99 63 330 
63 53 30 85 101 50 617 
66 69 76 50 30 28 752 
69 68 42 46 60 23 446 
26 61 77 99 6 70 493 
81 49 50 77 5 90 674 
72 51 8 13 37 69 662 
7 31 31 54 24 94 376 
16 43 94 41 41 88 302 
94 55 88 97 82 17 697 
22 28 76 27 40 12 795 
19 36 35 26 56 76 155 
32 48 47 85 78 16 528 
8 58 37 65 5 48 631 
97 23 18 57 54 98 696 
4 57 29 86 85 50 789 
9 61 17 88 14 20 506 
10 43 14 6 3 23 112 
73 40 64 37 66 22 181 
15 19 71 4 80 36 232 
93 20 100 95 68 70 811 
99 22 80 93 30 17 716 
82 6 53 53 77 74 259 
19 67 51 21 30 77 764 
44 49 86 36 87 36 141 
25 16 13 37 55 16 603 
20 86 46 38 7 36 272 
15 20 53 5 64 99 603 
54 51 76 40 95 8 449 
75 96 58 45 84 73 468 
92 42 18 24 60 60 804 
83 7 85 25 42 62 234 
31 35 34 25 39 45 575 
67 38 99 62 10 21 370 
92 90 95 25 66 78 193 
79 37 82 6 41 77 579 
46 94 16 55 47 28 361 
63 27 22 47 29 89 205 
6 21 65 51 41 55 747 
20 91 2 79 86 7 425 
100 53 21 100 70 102 175 
47 85 9 65 95 3 237 
65 75 81 38 91 101 597 
18 20 57 2 24 81 214 
4 16 78 63 23 94 513 
75 4 48 61 89 6 486 
38 58 88 48 54 65 444 
18 24 43 97 9 81 674 
36 66 100 48 22 97 346 
71 33 4 73 11 68 736 
74 34 79 4 97 16 653 
63 71 56 72 19 74 704 
95 37 68 17 15 82 322 
40 50 15 69 10 19 547 
27 86 77 45 99 66 365 
91 66 96 14 67 5 591 
97 46 78 5 26 58 624 
98 38 59 98 88 53 278 
86 65 37 88 98 15 297 
86 81 28 22 10 44 28 
73 74 5 50 80 69 346 
