2 8
200
5 62 709 
66 91 1629 
48 5 696 
32 45 1072 
49 97 1246 
90 21 910 
23 35 1324 
53 93 539 
4 45 142 
94 44 660 
51 80 515 
102 34 755 
15 19 509 
67 60 909 
3 47 558 
90 94 377 
80 62 1071 
101 90 1036 
65 54 1116 
12 64 758 
93 56 997 
4 84 1064 
36 49 1038 
32 77 41 
27 58 1210 
27 52 758 
101 16 824 
88 16 1336 
77 52 1463 
70 39 1300 
80 4 888 
87 76 82 
97 100 1032 
71 56 740 
61 50 1387 
65 76 524 
91 39 38 
24 14 794 
98 8 644 
81 29 520 
78 68 168 
86 54 1193 
50 42 1339 
71 33 844 
85 32 983 
7 28 1082 
99 14 1236 
60 81 1628 
79 58 1481 
8 91 1116 
68 17 1159 
33 95 1428 
37 77 1562 
14 17 562 
52 22 105 
53 41 1335 
90 93 1298 
75 84 259 
58 20 1426 
12 9 1571 
84 44 835 
16 6 254 
83 54 596 
75 72 828 
73 87 1575 
43 10 959 
95 29 283 
11 19 1598 
91 94 541 
57 77 1233 
2 27 1125 
101 32 1189 
85 38 267 
93 72 1419 
47 18 340 
31 5 1589 
21 17 169 
31 19 1301 
81 75 409 
55 27 187 
84 27 1248 
63 75 741 
84 73 905 
26 60 1165 
44 5 932 
32 66 28 
79 62 1467 
38 38 990 
67 74 129 
91 22 919 
50 32 189 
7 10 725 
13 86 706 
77 49 515 
44 98 926 
41 88 236 
25 51 160 
25 78 1058 
23 49 1460 
18 98 18 
40 95 828 
101 78 457 
62 40 1536 
15 22 1295 
60 4 213 
60 96 661 
6 28 1394 
95 69 1170 
49 26 885 
49 85 1009 
57 97 1447 
44 40 891 
83 45 323 
31 81 795 
22 12 475 
32 67 1211 
54 65 865 
51 14 1132 
18 46 424 
81 55 840 
76 15 883 
34 60 411 
93 18 1044 
60 80 832 
23 77 772 
39 75 926 
45 18 973 
82 97 336 
11 8 1351 
21 29 1529 
31 4 1475 
70 57 1077 
97 90 853 
6 42 796 
12 95 1393 
4 30 601 
24 81 1159 
71 38 593 
94 96 300 
36 26 848 
44 73 1462 
72 32 1239 
63 54 332 
83 44 1393 
7 41 1251 
13 72 26 
37 9 1267 
48 99 782 
25 61 1068 
56 78 998 
50 63 1050 
2 64 1114 
61 42 1038 
11 43 1237 
19 43 600 
88 67 1594 
62 83 395 
19 100 274 
76 98 1212 
44 49 1149 
12 8 1242 
61 36 1324 
23 6 1259 
10 54 485 
40 28 1067 
4 31 922 
13 39 1547 
70 97 1558 
39 33 1023 
50 28 1065 
96 19 1511 
95 101 573 
102 59 118 
58 67 988 
23 53 480 
96 81 1188 
53 74 1092 
20 33 170 
78 45 197 
83 24 48 
20 75 1276 
14 16 560 
39 47 437 
32 4 1176 
51 58 1184 
36 49 709 
68 45 849 
92 98 876 
100 78 1419 
84 20 918 
25 21 578 
6 39 1488 
84 11 600 
97 59 559 
48 23 1148 
97 70 1223 
40 43 1560 
71 16 1299 
53 31 1260 
27 16 625 
