2 6
200
3 86 287 
54 100 13 
22 69 975 
101 18 327 
74 19 200 
45 6 142 
35 45 345 
98 71 806 
87 50 153 
54 10 946 
23 71 294 
21 17 279 
43 17 823 
20 87 510 
52 45 833 
16 36 1017 
9 20 926 
95 27 483 
58 6 185 
60 69 622 
91 69 720 
4 80 578 
5 55 37 
96 4 1094 
46 17 702 
88 49 319 
100 73 172 
31 47 1103 
4 30 541 
87 65 126 
10 86 593 
18 32 222 
85 49 801 
23 13 986 
82 16 192 
88 50 122 
84 72 710 
91 62 1166 
39 61 273 
71 3 606 
5 20 1107 
95 88 227 
43 30 1041 
41 6 1213 
63 79 735 
35 51 385 
77 17 978 
36 4 1140 
54 21 293 
55 82 863 
98 16 571 
18 20 1140 
92 90 342 
99 47 254 
27 45 809 
61 31 1016 
37 5 127 
93 96 1046 
72 71 193 
99 42 824 
97 90 591 
17 45 1095 
55 47 723 
69 45 753 
6 79 859 
61 12 731 
29 95 1103 
43 20 933 
62 7 248 
63 48 601 
79 95 578 
63 5 701 
74 12 1216 
79 8 1028 
26 70 738 
51 89 206 
17 12 726 
58 72 576 
79 56 860 
74 56 471 
71 93 1201 
12 91 618 
16 45 916 
15 89 1217 
62 52 1067 
8 19 606 
18 14 219 
5 48 443 
92 23 279 
2 85 598 
89 2 684 
63 9 184 
88 16 966 
12 36 544 
44 4 289 
62 98 243 
62 73 452 
23 58 525 
23 68 558 
64 22 833 
30 16 730 
28 28 1059 
46 101 530 
74 22 38 
73 8 945 
75 63 534 
15 32 317 
5 42 152 
14 68 544 
15 42 507 
71 26 1147 
13 84 248 
87 18 936 
39 18 1180 
79 90 624 
36 52 612 
68 49 56 
4 51 1105 
44 27 906 
49 16 731 
44 33 723 
4 5 1180 
11 62 295 
59 91 559 
69 78 170 
31 28 644 
63 80 198 
96 49 1138 
39 69 912 
5 71 703 
48 39 24 
19 97 1048 
39 77 1039 
56 27 1110 
28 10 720 
61 37 903 
78 15 1203 
23 88 442 
46 50 1019 
68 67 434 
24 8 1113 
69 13 626 
46 52 989 
30 94 635 
70 9 655 
27 70 478 
36 80 400 
3 29 684 
61 27 631 
68 75 578 
4 73 121 
52 35 233 
102 61 1193 
10 17 1036 
95 50 258 
48 56 968 
85 20 971 
46 34 1064 
5 23 964 
37 9 1057 
102 80 945 
36 28 252 
44 20 910 
37 28 114 
43 28 772 
50 10 964 
37 15 868 
74 85 672 
70 60 487 
25 49 142 
42 67 635 
13 10 455 
9 61 278 
2 6 438 
7 50 1135 
72 5 67 
26 57 164 
2 2 1161 
17 29 1159 
24 68 828 
83 21 873 
65 96 747 
59 32 226 
28 43 596 
58 36 102 
37 70 432 
64 100 678 
36 101 1127 
100 42 788 
59 98 993 
44 87 1144 
57 22 1044 
66 44 657 
34 15 887 
89 100 175 
67 46 808 
89 82 727 
62 62 833 
14 48 249 
81 67 666 
