6 8
200
32 28 16 92 75 22 55 
32 8 73 13 4 10 641 
38 25 17 66 51 30 1413 
12 59 5 21 70 51 485 
99 60 38 6 19 25 1303 
56 19 45 3 57 89 1091 
84 60 33 48 69 10 259 
57 70 33 31 86 45 339 
71 13 73 7 73 76 550 
50 37 9 87 87 61 1339 
8 74 65 96 43 22 450 
101 74 74 4 43 16 682 
92 8 77 35 82 61 1386 
8 74 98 86 15 35 563 
25 26 63 84 50 36 805 
98 70 37 45 25 95 1144 
41 101 5 31 62 94 946 
32 34 54 6 2 99 1625 
3 69 11 30 89 95 1250 
50 14 21 95 82 94 1526 
40 42 93 59 68 17 1092 
75 95 57 55 43 78 1518 
94 11 80 50 39 52 1564 
3 28 17 38 2 96 1495 
89 86 38 82 101 66 1495 
94 63 49 36 84 35 453 
76 57 76 47 19 86 906 
5 44 47 46 45 100 608 
16 78 23 68 23 77 1404 
11 21 76 44 14 3 4 
49 33 16 56 19 70 444 
73 43 93 85 12 38 1371 
44 93 38 59 69 56 1275 
88 28 70 63 59 44 1050 
38 2 5 7 84 57 907 
13 34 91 28 32 12 700 
37 32 85 13 41 4 1098 
30 40 87 47 49 24 1009 
7 47 96 62 28 65 578 
42 90 81 30 83 30 516 
61 49 33 39 46 37 832 
98 88 52 20 42 99 137 
64 20 61 37 35 96 90 
88 98 68 5 49 9 1539 
44 6 85 60 76 38 1114 
93 56 10 5 89 13 154 
62 46 43 89 68 29 1273 
72 21 95 49 37 28 1194 
53 67 36 99 30 59 882 
84 68 62 68 63 42 1166 
66 53 35 49 85 98 438 
54 27 18 83 82 18 1179 
86 93 13 41 12 97 652 
91 76 7 61 56 57 1266 
80 83 23 7 89 9 94 
70 62 3 54 32 48 1624 
42 20 18 49 42 84 1593 
77 51 29 54 47 34 1222 
80 29 90 31 43 51 1205 
45 97 79 95 12 69 269 
33 12 89 81 51 42 803 
58 92 14 16 76 82 44 
35 95 55 44 77 33 1477 
35 15 25 91 99 28 1578 
25 41 56 33 17 83 731 
41 42 74 98 93 28 355 
40 78 17 69 71 73 179 
4 26 53 37 38 28 1596 
99 66 92 53 17 54 545 
53 60 85 60 101 60 1529 
55 83 48 86 7 71 1552 
39 10 24 30 57 88 336 
17 4 98 81 57 49 686 
79 84 47 79 75 90 1423 
20 33 11 73 15 19 802 
46 8 53 33 59 5 976 
57 70 26 62 69 15 586 
57 89 81 45 13 54 1247 
100 3 9 34 82 10 307 
79 15 59 43 71 73 1162 
99 47 51 100 46 84 349 
16 23 18 9 78 53 1033 
46 32 29 4 68 75 739 
7 46 101 79 97 43 1278 
57 68 21 100 43 67 956 
44 32 47 69 71 57 1378 
81 93 27 7 59 57 542 
85 32 41 5 101 28 1493 
3 52 24 51 43 45 968 
57 100 11 36 89 7 25 
102 84 38 98 20 63 422 
55 76 74 40 88 47 1165 
38 82 97 45 41 69 673 
82 25 19 30 14 27 401 
95 18 73 72 53 34 1367 
50 5 9 83 67 68 790 
78 52 13 58 100 90 304 
19 16 94 50 40 62 317 
61 20 70 8 38 3 976 
59 3 70 37 15 90 1450 
79 90 63 75 3 95 73 
75 8 75 16 39 8 1237 
4 81 24 15 74 66 1444 
87 41 78 31 66 91 305 
51 45 23 87 2 32 660 
28 32 77 38 69 17 1406 
14 97 93 101 97 86 898 
24 48 24 44 25 2 1509 
50 88 46 39 6 88 390 
65 54 32 39 78 37 1246 
51 49 79 6 51 4 1178 
46 86 33 71 7 66 448 
98 101 45 79 31 50 1270 
46 33 101 65 31 64 807 
45 64 64 21 51 81 1188 
101 47 40 76 100 22 68 
4 15 70 102 24 98 1087 
55 89 62 49 89 100 82 
19 79 43 22 42 25 21 
24 71 52 58 87 57 1589 
56 7 5 33 30 76 692 
19 34 66 9 68 85 1475 
77 4 74 63 82 70 1343 
70 99 55 60 100 5 1300 
46 20 46 39 44 71 1612 
84 58 18 62 27 65 1622 
48 79 15 76 42 13 771 
69 80 97 7 89 17 1410 
10 52 75 32 73 65 1200 
16 22 72 26 16 94 1520 
48 58 3 57 7 85 363 
22 42 86 60 94 34 1258 
42 51 34 57 56 14 1205 
8 45 32 56 102 28 516 
59 45 52 28 21 56 340 
24 95 52 83 34 66 1446 
12 91 74 81 32 98 1214 
73 40 71 62 81 21 656 
16 73 4 7 59 93 1013 
99 36 33 75 80 58 297 
58 85 76 24 50 87 1574 
55 60 77 72 31 59 1413 
7 83 69 42 37 83 130 
24 50 78 77 76 29 201 
57 43 8 54 42 58 253 
57 97 40 33 36 46 988 
16 28 38 30 35 77 1509 
55 67 35 46 78 12 547 
37 100 49 76 61 86 1599 
19 71 20 91 3 73 810 
88 31 11 2 39 49 140 
24 42 50 42 53 22 43 
78 75 10 66 48 84 341 
99 93 59 78 61 64 1578 
59 20 40 34 6 45 1094 
38 26 45 41 65 27 214 
60 101 36 9 66 97 669 
98 12 27 57 91 31 1443 
40 54 27 79 87 14 1054 
24 12 10 49 79 38 661 
51 67 28 85 59 10 647 
94 25 70 97 69 58 991 
11 15 80 17 16 81 1589 
74 20 63 80 15 50 591 
91 28 63 90 62 3 780 
47 101 74 34 23 51 760 
31 59 84 20 58 6 213 
99 32 34 65 59 45 1250 
48 66 7 46 61 5 40 
98 9 10 9 57 15 1048 
16 8 85 95 32 53 700 
64 81 62 59 47 25 1516 
98 31 27 5 59 73 1602 
37 69 90 64 47 46 543 
51 77 13 3 93 51 1356 
27 51 72 29 94 36 1383 
87 47 89 17 82 11 1632 
80 85 6 100 44 68 1278 
41 97 33 86 9 12 205 
6 51 58 56 76 12 1171 
82 57 78 67 39 15 816 
24 3 49 67 37 35 1158 
94 9 5 51 85 7 1397 
56 41 45 87 26 74 1326 
98 33 63 8 102 30 1600 
30 30 34 6 55 30 280 
96 86 21 74 78 44 198 
45 55 7 94 7 88 432 
18 35 82 15 43 71 431 
72 88 61 37 7 75 1044 
80 73 47 32 78 71 987 
57 26 15 50 33 71 864 
80 58 16 97 44 74 197 
98 55 93 13 62 93 378 
100 62 39 74 71 50 1051 
84 62 63 31 20 68 1004 
11 68 68 12 102 75 1511 
32 47 43 65 3 54 1349 
20 56 21 19 80 39 929 
66 78 78 64 23 91 1560 
