4 8
200
101 82 32 3 1556 
89 17 76 100 1090 
11 96 72 60 1514 
92 19 97 21 1342 
27 69 18 102 1294 
88 31 62 68 1546 
87 70 86 65 1104 
50 95 20 30 517 
48 84 101 7 275 
101 58 56 51 150 
7 86 81 7 502 
35 65 32 24 156 
59 57 10 5 1336 
42 11 8 93 724 
100 101 68 90 592 
45 69 13 85 1318 
32 77 13 59 1466 
3 91 81 35 571 
87 65 98 21 1212 
93 76 98 25 1245 
91 52 65 7 187 
8 20 93 71 1435 
68 54 49 43 1302 
84 46 53 15 1318 
53 32 76 58 965 
37 5 49 15 739 
71 73 90 9 1496 
82 14 7 48 1364 
86 100 13 47 1133 
35 18 57 41 1504 
49 25 85 45 406 
61 78 10 48 1251 
6 72 80 26 317 
96 66 42 51 1629 
72 41 7 32 1585 
56 21 31 88 425 
20 50 10 23 1609 
47 90 47 84 534 
6 6 61 71 1304 
16 21 89 27 1223 
71 79 8 41 362 
10 20 55 47 1158 
42 49 23 22 952 
58 64 59 27 1211 
8 21 60 19 1566 
68 81 38 52 1365 
36 34 6 13 928 
44 44 71 101 1482 
29 38 102 13 1518 
59 85 41 13 390 
54 65 64 53 1125 
53 21 91 45 921 
30 84 5 64 597 
9 45 12 65 275 
16 95 60 36 772 
72 21 48 26 637 
85 42 27 28 522 
74 72 54 45 102 
24 55 28 45 1019 
47 35 40 77 1401 
16 75 78 96 161 
61 7 30 6 1608 
34 75 67 6 1203 
90 59 78 32 1056 
39 93 69 59 1539 
63 69 17 74 42 
39 82 74 40 413 
12 66 33 18 1193 
69 44 51 46 1210 
52 91 23 71 1208 
90 59 10 12 801 
25 8 21 102 804 
93 92 58 4 1000 
54 3 29 81 1048 
27 27 62 59 1594 
96 44 25 85 726 
74 48 48 100 234 
83 74 64 91 38 
6 47 34 69 1332 
79 88 49 85 367 
51 64 44 7 806 
65 98 53 14 893 
83 84 38 57 1260 
47 46 60 89 1313 
81 41 40 79 987 
82 95 95 77 334 
10 97 43 63 1557 
12 6 43 50 838 
86 23 52 36 350 
23 11 79 92 595 
35 30 62 4 702 
12 26 67 46 1134 
72 6 78 94 763 
88 44 77 62 1095 
43 5 12 38 1569 
61 91 5 58 639 
73 19 5 41 1420 
82 38 40 20 1389 
88 42 99 81 1334 
83 47 60 90 585 
82 35 19 25 1562 
33 20 26 8 1378 
23 23 11 7 1603 
55 3 39 7 1091 
52 5 60 77 1322 
3 8 33 56 255 
16 33 18 22 969 
40 2 82 45 923 
64 14 34 35 1045 
67 33 93 83 475 
82 10 55 23 1400 
79 77 44 44 1546 
26 89 71 93 1157 
92 7 91 48 983 
54 23 96 50 85 
40 73 27 13 255 
72 17 52 27 587 
8 81 97 36 1351 
65 60 40 51 527 
76 45 44 64 1213 
63 44 47 23 1250 
60 16 6 18 779 
8 53 33 28 400 
11 39 46 57 1067 
13 12 57 65 1592 
96 86 47 18 501 
98 31 64 38 897 
31 72 32 51 1265 
93 76 81 88 1258 
14 29 13 26 377 
39 101 89 99 1031 
53 88 84 25 1346 
77 71 90 87 852 
79 91 97 74 1561 
41 10 97 79 1210 
39 33 71 88 1399 
69 74 23 95 1522 
99 44 67 75 72 
44 90 8 68 44 
24 88 96 36 9 
25 35 42 30 1366 
32 5 12 25 426 
22 20 98 39 258 
5 50 97 94 903 
37 25 23 69 872 
53 3 31 77 850 
53 39 36 88 1018 
36 35 95 11 1037 
95 34 44 49 1378 
26 95 71 53 1631 
76 92 4 81 1076 
2 13 74 77 531 
31 77 37 73 1218 
85 86 12 77 1332 
72 58 88 30 1009 
4 83 76 85 474 
61 34 80 77 1274 
63 37 57 22 1016 
25 62 19 79 571 
21 99 73 75 25 
43 85 96 71 489 
20 7 76 19 1036 
21 39 92 48 1204 
98 98 63 95 224 
50 30 92 15 959 
12 40 11 96 701 
8 11 3 83 1439 
78 40 11 47 975 
58 63 40 59 702 
88 73 73 5 628 
25 38 81 61 868 
15 95 83 12 329 
82 98 82 76 944 
12 38 10 60 1598 
60 89 18 35 937 
89 92 35 72 1194 
41 69 8 57 333 
72 33 44 30 1233 
85 59 101 27 1298 
62 83 66 101 542 
52 64 15 7 1307 
37 22 47 4 1079 
25 62 13 39 1318 
15 92 27 56 1440 
81 95 82 84 250 
3 90 93 56 1583 
8 28 36 39 381 
79 56 2 77 1386 
51 87 43 64 866 
25 48 64 46 1081 
72 58 12 13 884 
58 85 33 92 1286 
49 31 94 7 981 
98 28 76 16 66 
62 92 52 71 633 
96 55 20 32 1511 
57 29 49 89 441 
52 18 26 85 1092 
96 25 12 98 617 
23 95 38 4 925 
