6 6
200
98 101 59 15 86 42 985 
91 46 73 33 93 25 848 
36 101 72 5 95 91 627 
6 64 42 92 70 87 942 
64 55 96 16 57 97 810 
82 45 2 61 80 84 685 
43 2 30 35 29 78 138 
4 23 14 21 11 89 1122 
39 19 24 18 57 6 330 
92 79 19 38 30 5 659 
58 72 46 17 9 97 768 
64 14 59 44 11 68 737 
35 84 97 48 10 77 529 
28 80 46 25 81 31 625 
25 13 100 100 75 59 571 
53 70 6 4 94 31 919 
7 67 76 47 40 69 705 
97 24 92 22 31 13 360 
94 2 95 30 68 14 476 
3 61 45 38 10 16 1004 
16 93 46 18 48 70 261 
15 72 79 43 64 95 338 
91 10 80 46 49 19 720 
70 13 76 27 19 38 50 
8 33 11 31 55 78 1003 
33 48 6 85 45 10 972 
33 17 89 6 20 13 156 
54 67 94 64 98 25 562 
82 72 93 30 34 19 84 
41 70 14 11 20 48 705 
63 76 63 6 11 81 456 
98 89 24 101 27 93 662 
67 19 70 59 54 38 626 
79 15 57 13 93 75 1118 
49 78 97 2 68 57 1111 
94 33 60 89 46 11 1029 
85 71 31 9 28 55 906 
53 46 55 68 12 8 1031 
63 9 95 20 9 48 599 
13 29 101 61 38 65 903 
88 12 72 10 29 69 1154 
46 27 6 67 22 19 1172 
34 44 37 58 51 9 380 
26 66 71 39 65 37 876 
44 32 50 92 91 2 797 
35 85 59 84 42 92 205 
83 91 56 89 30 55 971 
87 66 5 90 59 45 764 
48 3 73 67 34 25 24 
97 59 77 33 19 33 1205 
61 79 76 11 19 16 522 
77 17 52 36 84 94 700 
68 46 4 35 60 5 1069 
84 88 20 10 69 17 1058 
35 80 58 13 24 83 318 
89 31 81 42 30 22 871 
88 23 32 52 33 47 354 
14 75 100 62 30 13 946 
93 58 3 51 102 58 519 
39 96 25 62 13 33 968 
17 25 95 31 85 18 1176 
67 90 60 39 72 60 254 
7 60 54 96 72 51 1172 
75 79 93 31 66 31 600 
28 9 92 21 15 52 1183 
52 7 32 47 97 83 322 
71 45 15 32 100 24 393 
38 73 67 44 85 85 524 
48 4 2 21 89 49 475 
82 70 19 59 10 26 670 
55 23 51 77 70 72 50 
36 80 101 67 9 19 1102 
38 27 79 33 68 56 54 
5 32 28 10 36 89 1081 
77 97 75 92 100 79 1025 
52 18 69 17 16 41 147 
26 3 56 82 32 51 547 
45 42 28 44 72 52 604 
93 25 69 36 84 18 719 
84 28 77 11 42 8 1053 
11 12 18 55 17 94 968 
31 74 29 6 41 46 393 
57 49 51 30 29 36 717 
95 102 84 34 25 55 517 
77 81 73 93 44 61 424 
32 12 91 57 60 72 768 
53 42 32 45 74 29 330 
81 28 84 15 74 30 198 
13 36 23 94 41 39 659 
95 59 15 99 87 99 317 
39 62 75 71 66 98 508 
62 54 90 53 29 17 1171 
55 91 80 72 33 20 234 
78 70 64 21 35 11 711 
85 19 49 89 31 3 521 
68 11 46 10 34 77 622 
84 35 43 15 24 60 493 
70 37 28 56 81 9 744 
94 13 52 33 89 85 940 
37 44 66 99 16 55 1067 
82 36 65 101 46 70 1149 
37 23 8 14 53 20 191 
84 23 35 52 96 84 899 
100 96 79 47 93 76 578 
93 79 17 9 7 55 1069 
3 65 57 37 41 69 707 
91 46 21 38 68 63 657 
23 33 49 22 74 16 1008 
43 88 57 55 96 49 532 
46 93 6 48 67 30 987 
59 80 17 58 17 18 110 
51 60 11 28 15 96 864 
48 70 89 35 41 7 738 
80 2 85 46 22 16 550 
56 17 92 3 35 75 778 
55 34 66 59 100 76 1119 
30 48 29 83 55 75 1209 
24 19 15 27 25 22 976 
80 35 13 97 3 66 1172 
45 21 27 82 22 9 1134 
39 25 79 43 34 71 608 
56 58 65 69 43 48 386 
100 80 78 12 55 86 915 
101 55 64 98 12 98 1039 
29 4 4 35 68 8 1048 
96 38 86 94 54 32 297 
79 50 30 62 20 66 558 
43 51 72 70 25 20 457 
72 17 47 24 75 67 330 
55 63 36 78 42 48 42 
44 94 20 3 56 53 274 
7 36 38 94 33 41 1058 
55 34 67 45 90 50 303 
23 41 72 80 68 99 291 
89 95 86 80 20 44 1214 
60 53 69 72 69 17 794 
82 11 32 44 27 42 7 
31 71 35 54 99 81 254 
55 51 25 90 55 101 216 
43 54 15 15 99 89 1167 
83 100 75 23 36 62 498 
32 41 39 42 59 25 718 
26 53 29 23 66 81 62 
4 46 84 16 18 49 487 
58 19 31 30 55 7 584 
73 62 33 66 21 82 274 
12 88 50 99 77 61 207 
3 89 94 36 11 92 964 
56 93 9 19 14 3 907 
24 9 14 6 20 13 648 
93 98 59 47 101 85 1134 
60 36 19 43 90 25 678 
32 39 97 47 17 71 209 
71 26 49 8 81 50 1075 
81 38 95 59 50 66 124 
93 36 91 12 10 88 1183 
60 92 78 26 80 21 1120 
72 19 61 5 44 38 272 
75 13 40 21 36 7 966 
100 26 86 42 61 47 488 
5 8 36 9 85 22 138 
36 72 84 3 31 98 106 
21 36 56 8 30 90 224 
26 53 93 75 83 20 735 
67 95 86 21 75 54 827 
14 26 98 61 18 13 475 
42 58 20 7 11 72 970 
92 32 37 33 59 24 966 
57 46 36 4 5 53 837 
80 101 84 58 46 43 84 
12 59 49 14 79 81 1023 
97 74 70 75 49 83 921 
65 51 90 18 32 91 699 
83 65 60 15 62 72 768 
59 39 51 66 31 74 986 
75 90 21 83 44 97 730 
74 67 31 57 72 95 185 
52 96 42 16 54 52 356 
97 91 101 19 11 23 471 
38 21 11 20 10 97 1104 
63 72 37 90 95 99 112 
99 31 60 91 79 50 86 
45 11 52 79 25 54 954 
101 21 65 35 76 23 442 
48 22 39 64 100 27 1087 
26 7 28 61 54 22 1191 
62 44 30 34 75 34 1136 
13 61 43 88 45 14 762 
52 74 57 21 78 75 629 
10 23 29 81 25 20 231 
6 26 20 73 34 83 476 
80 38 3 3 92 45 432 
64 98 79 57 15 29 902 
35 73 42 78 49 48 634 
23 2 55 52 15 76 86 
37 26 17 14 34 25 893 
38 56 19 89 32 18 573 
26 53 26 12 93 47 871 
54 79 97 86 37 89 692 
38 50 53 78 71 30 327 
