6 8
200
3 50 87 13 3 99 60 
31 51 36 24 6 81 1547 
53 53 8 42 21 90 1418 
26 20 95 10 27 26 79 
43 37 38 70 8 70 236 
92 78 5 31 55 16 1269 
92 90 25 2 3 6 771 
21 46 48 18 100 8 1253 
31 94 5 78 75 101 1438 
16 100 56 101 13 82 987 
76 5 13 69 76 11 549 
32 72 10 25 22 60 348 
93 92 54 9 64 40 993 
87 102 55 82 17 92 1243 
92 71 4 92 25 89 736 
43 37 52 26 99 45 1628 
24 97 55 54 43 69 373 
11 5 93 51 45 102 1466 
5 60 89 61 22 59 645 
3 8 35 99 73 78 821 
56 4 85 67 96 63 1028 
6 102 30 76 25 55 1332 
68 12 43 82 89 57 628 
79 65 67 80 88 62 336 
91 21 57 73 93 75 888 
3 10 87 50 41 29 1604 
60 61 87 99 6 60 570 
98 95 19 86 23 14 1259 
41 20 89 11 3 44 247 
83 75 5 34 83 29 1072 
4 58 34 51 30 42 311 
6 82 83 84 4 88 1526 
29 41 89 72 63 79 1006 
92 100 42 40 86 85 1268 
88 84 67 25 33 71 1532 
39 87 37 95 74 60 572 
39 8 29 100 59 24 880 
36 18 64 22 52 6 190 
60 94 13 46 59 43 298 
101 18 61 74 18 102 1462 
56 54 79 91 21 29 869 
93 15 41 30 64 26 843 
67 5 5 83 67 84 1289 
94 26 51 17 19 19 628 
92 70 29 42 24 66 1312 
66 87 33 33 79 60 1088 
81 73 18 97 20 69 548 
15 57 93 53 19 13 1004 
30 31 76 4 12 17 20 
47 15 89 42 61 73 23 
20 74 52 90 26 14 223 
55 35 22 101 52 7 1262 
15 37 91 7 56 21 588 
58 59 31 70 46 68 556 
61 31 57 60 97 34 1552 
85 44 65 95 100 50 1232 
98 57 5 62 12 26 526 
80 100 37 8 54 67 1008 
18 23 22 82 49 82 1535 
6 66 43 57 75 84 486 
96 28 13 57 73 63 984 
4 27 10 36 44 4 1321 
32 22 54 45 69 35 1100 
22 45 15 53 70 83 1506 
93 64 7 39 44 4 1370 
75 26 52 83 7 4 232 
98 14 49 7 80 15 1197 
46 91 14 8 51 64 1198 
84 100 6 5 81 70 178 
66 5 98 2 101 99 942 
98 4 64 64 34 55 403 
33 68 48 93 70 21 768 
75 95 33 95 42 13 1476 
28 48 81 28 36 5 524 
11 52 7 80 18 18 778 
89 52 46 19 11 51 837 
34 60 14 13 51 66 1485 
12 67 9 61 88 69 1154 
57 85 38 100 52 95 363 
18 43 14 54 5 101 1395 
45 89 78 33 64 41 1523 
91 68 17 87 41 43 1612 
87 100 21 32 50 79 521 
68 9 21 61 58 31 272 
18 102 61 48 66 8 1091 
80 34 30 27 30 79 1091 
19 24 16 12 54 25 499 
46 95 25 57 24 56 1257 
82 59 74 8 12 79 1180 
68 58 41 77 37 34 126 
68 93 7 22 102 67 807 
88 7 51 7 8 88 1187 
9 38 93 44 54 92 1593 
76 59 21 20 3 97 825 
67 77 37 18 93 25 1266 
4 20 37 25 91 30 1536 
54 25 3 6 93 102 974 
22 50 35 86 44 12 1497 
36 88 4 101 72 101 338 
32 15 91 16 65 97 78 
20 58 21 65 64 6 364 
36 20 16 12 97 93 738 
29 4 35 51 15 88 1109 
34 34 26 20 31 76 361 
12 15 92 29 6 57 33 
94 16 22 82 8 72 15 
70 91 91 77 10 77 59 
13 58 67 52 11 39 1410 
26 97 47 36 32 2 393 
7 26 85 93 38 45 562 
90 14 71 8 18 69 1044 
46 37 45 23 100 21 1606 
58 27 79 97 20 18 1122 
21 77 48 78 71 79 1020 
67 8 87 74 34 71 375 
46 98 46 95 72 24 1299 
61 5 15 34 84 28 800 
101 8 97 20 30 68 1127 
39 25 32 49 92 3 1294 
31 60 50 68 51 78 210 
30 35 4 51 95 91 975 
74 35 46 90 53 16 1068 
2 91 56 7 5 56 107 
75 16 48 81 23 2 494 
47 67 68 34 52 38 1158 
74 95 71 37 79 11 1059 
91 88 61 41 90 16 472 
71 96 63 48 24 8 897 
21 58 71 74 91 31 456 
71 80 57 3 79 97 459 
98 87 72 29 46 44 1374 
30 89 42 35 89 3 1243 
73 7 88 30 32 18 868 
39 2 65 90 82 39 336 
9 6 40 13 21 3 1183 
11 93 21 79 67 73 1484 
71 31 41 4 30 54 1604 
75 71 75 50 81 77 963 
87 9 41 67 7 66 347 
85 4 25 69 3 6 1007 
16 69 53 67 47 64 1105 
73 26 88 54 87 24 553 
37 67 65 43 28 16 390 
86 82 15 62 9 72 1412 
29 18 37 29 50 39 976 
4 24 85 35 15 93 232 
86 56 15 21 43 89 790 
39 61 28 77 92 40 485 
89 40 7 40 94 83 721 
9 53 26 39 88 76 537 
45 83 9 15 24 12 7 
28 102 43 68 84 40 1465 
59 11 55 60 101 32 236 
86 80 97 22 12 72 1250 
5 91 84 58 15 18 1537 
81 21 64 70 30 31 998 
40 66 74 12 45 56 819 
44 73 81 89 46 20 966 
5 14 95 14 42 26 382 
13 61 12 71 25 98 1273 
92 93 92 73 3 55 742 
16 25 12 69 18 28 997 
19 4 71 71 99 37 1244 
9 71 58 90 8 40 446 
7 65 43 22 61 74 854 
82 91 18 45 67 16 1451 
91 85 47 26 99 64 1535 
59 42 102 28 63 4 1355 
24 36 84 97 17 20 152 
62 71 49 59 56 11 602 
15 55 28 34 23 89 283 
88 13 66 10 78 35 785 
24 43 97 100 72 71 947 
57 36 50 52 98 82 481 
15 100 69 45 55 59 713 
89 76 96 41 17 68 593 
25 20 89 42 87 63 617 
30 54 61 86 42 81 942 
22 80 84 28 10 90 1188 
15 99 67 24 78 6 575 
70 3 61 58 6 24 528 
17 63 12 13 21 94 1392 
47 11 61 16 80 88 1101 
97 13 16 9 80 66 163 
23 24 20 11 59 5 989 
53 102 30 38 59 27 74 
19 74 17 91 98 89 1107 
90 8 10 100 20 70 1179 
92 47 51 28 60 24 1532 
41 94 4 64 91 27 1537 
11 33 80 23 63 65 1274 
41 101 20 84 78 44 546 
17 12 13 40 37 90 1008 
57 81 12 101 5 13 1271 
82 15 29 9 65 76 1292 
78 32 78 60 7 96 825 
48 33 46 84 82 62 399 
85 92 26 56 38 34 885 
53 70 24 60 54 2 962 
87 93 77 15 70 56 647 
