8 6
200
10 7 43 43 56 51 16 13 1075 
28 65 19 23 33 40 12 7 796 
50 99 99 78 22 60 92 19 695 
20 72 58 89 46 53 71 5 657 
6 58 4 36 84 89 17 7 928 
42 30 83 42 5 96 20 88 1010 
63 34 88 85 53 40 94 98 495 
33 41 21 68 53 31 86 9 597 
65 16 18 13 63 17 84 52 1084 
78 80 70 64 71 60 71 10 872 
70 22 8 66 44 88 49 86 809 
58 77 79 54 58 98 48 57 879 
69 52 73 73 3 3 51 18 222 
75 71 71 64 99 45 59 19 1055 
45 101 75 32 66 79 51 28 926 
14 26 24 74 19 17 88 4 711 
3 99 22 7 17 28 70 76 181 
99 97 79 35 97 41 12 5 675 
101 38 88 96 24 77 27 39 1131 
98 3 55 57 78 97 87 59 243 
68 40 87 49 65 92 64 54 383 
100 80 31 85 64 16 62 89 806 
74 9 77 47 82 80 35 74 896 
64 44 21 84 50 40 22 45 799 
72 54 76 98 33 72 45 29 720 
65 15 41 41 97 91 31 15 610 
47 23 59 9 16 93 19 2 129 
14 18 32 93 65 20 51 91 428 
94 78 78 7 4 56 21 72 717 
36 25 49 32 55 37 90 77 275 
10 65 40 85 81 33 61 33 132 
31 74 52 23 92 8 56 39 462 
76 42 21 6 90 46 35 85 946 
65 84 65 97 5 90 98 43 316 
99 12 98 47 48 73 45 92 1190 
11 16 35 43 78 17 99 16 432 
5 6 77 96 52 99 55 98 599 
49 36 72 63 27 52 82 59 339 
43 30 96 51 63 100 49 26 847 
46 24 9 50 100 90 55 95 443 
52 5 62 102 94 52 24 98 692 
30 49 91 85 63 20 90 58 1053 
43 56 46 79 49 28 29 11 902 
44 101 38 83 10 33 15 32 663 
70 43 38 46 29 67 44 21 940 
82 63 63 90 62 44 4 14 478 
94 75 59 36 74 85 78 81 1179 
22 48 41 60 72 33 66 22 180 
52 100 29 81 38 29 51 49 591 
14 56 41 96 81 98 94 23 697 
100 36 71 55 69 50 70 23 896 
40 25 93 32 26 42 29 55 173 
14 15 39 31 86 27 37 66 311 
59 28 69 45 67 51 76 69 1048 
48 99 32 81 13 17 56 13 304 
59 84 32 102 69 28 84 83 103 
22 70 52 46 20 5 24 14 1165 
8 97 59 44 58 59 56 83 687 
86 34 4 24 77 75 3 79 999 
97 59 60 43 62 87 42 56 1206 
37 4 80 29 59 101 22 50 200 
69 17 29 75 47 88 72 101 591 
8 100 95 79 45 43 24 29 665 
39 67 37 75 4 3 61 21 975 
80 59 77 5 5 29 59 35 761 
57 24 14 74 72 63 38 36 696 
7 60 61 39 7 32 47 85 1018 
83 96 16 28 17 28 8 94 518 
75 5 97 68 23 12 81 69 72 
44 66 97 76 38 69 46 55 747 
23 43 53 48 60 22 46 78 476 
50 31 9 88 68 80 21 65 386 
64 41 39 51 60 40 26 5 232 
91 9 60 48 83 64 67 87 632 
93 29 47 78 24 47 73 32 462 
101 58 100 19 57 75 38 85 171 
26 74 85 15 24 57 3 57 836 
83 4 50 47 23 83 29 30 443 
89 88 19 94 80 30 2 27 576 
23 74 55 87 12 100 50 43 162 
71 80 8 91 77 69 79 92 348 
92 55 37 19 92 28 39 51 1182 
99 34 97 57 15 99 10 82 1018 
18 98 94 52 100 82 70 60 622 
32 99 13 52 17 89 101 13 877 
14 5 84 28 50 63 4 53 120 
20 16 67 11 83 97 86 63 1157 
39 42 58 57 52 34 78 9 636 
87 49 19 10 58 4 27 98 941 
3 91 50 33 50 49 72 51 543 
88 23 18 18 68 56 95 65 871 
18 59 55 52 52 43 11 19 50 
95 13 60 65 86 87 20 85 882 
49 8 94 11 88 3 90 92 1043 
38 71 83 65 17 95 33 11 485 
26 53 41 8 23 33 45 79 475 
89 25 39 33 100 85 83 48 693 
81 9 73 55 64 63 58 76 583 
25 32 98 66 34 77 47 96 386 
35 42 87 63 68 11 64 3 814 
50 6 73 99 84 71 39 54 29 
70 73 91 80 52 50 86 22 579 
45 24 93 64 88 6 54 50 75 
74 20 43 65 93 63 96 10 849 
79 28 50 29 30 82 75 79 290 
44 57 92 39 79 48 63 21 966 
77 88 20 69 48 35 65 67 410 
63 8 82 31 86 44 80 9 1150 
101 18 97 13 92 11 82 12 1146 
18 36 43 97 3 74 84 21 282 
53 12 82 17 66 65 49 13 873 
46 15 73 50 61 73 54 64 33 
86 66 98 11 88 38 42 49 376 
94 69 6 10 49 67 21 29 1179 
16 87 54 34 66 80 40 39 1185 
25 70 77 73 44 41 71 99 672 
29 44 26 47 77 19 34 57 548 
69 38 68 8 31 34 76 41 947 
52 54 2 20 73 51 41 19 969 
57 24 27 67 40 52 12 94 1040 
74 71 12 38 2 11 35 73 17 
33 19 40 45 98 5 64 21 559 
57 11 73 77 8 60 40 79 403 
22 4 99 18 98 39 49 4 854 
70 16 54 93 86 2 50 10 8 
43 14 27 23 5 21 6 57 1015 
16 100 65 54 100 26 79 16 847 
6 17 22 3 98 96 36 96 64 
96 66 27 73 28 100 59 99 793 
9 101 101 80 14 43 56 35 56 
9 18 18 30 16 73 33 46 1137 
82 42 18 33 90 11 16 12 1120 
60 45 73 67 96 3 61 71 184 
72 28 5 82 49 65 92 29 962 
91 68 52 56 42 84 7 79 704 
51 78 13 92 66 4 51 98 1101 
35 43 23 17 71 47 58 63 220 
92 2 95 54 43 63 32 27 538 
44 7 5 91 62 19 45 12 1141 
6 83 64 3 32 52 75 59 1048 
59 75 99 7 100 81 67 17 943 
67 99 37 52 62 41 60 10 1122 
89 47 84 6 74 61 54 54 979 
58 91 72 44 81 86 77 75 642 
48 39 9 26 26 47 42 81 164 
60 55 23 26 45 25 61 89 151 
6 55 3 41 56 48 101 11 326 
9 24 20 53 77 89 88 13 871 
87 64 22 39 66 95 48 95 1208 
61 34 47 50 86 94 74 73 249 
53 10 85 63 27 17 20 35 697 
98 10 80 36 39 34 53 76 300 
94 69 90 10 95 62 49 42 939 
83 61 40 27 80 7 68 37 44 
90 26 39 7 21 33 38 52 1051 
23 27 97 16 98 12 70 83 48 
34 45 17 25 16 87 41 39 908 
20 72 31 75 70 4 30 65 619 
89 89 50 59 74 45 76 28 191 
84 69 65 31 59 100 3 37 1123 
90 67 11 55 69 83 59 20 973 
59 49 59 94 87 35 61 83 1150 
57 76 73 74 50 90 71 59 856 
13 92 15 34 75 35 13 42 1199 
43 36 22 69 2 56 65 20 968 
60 91 84 32 72 78 6 47 738 
22 18 19 23 86 12 14 48 346 
68 27 76 26 84 47 37 20 577 
76 90 76 19 11 33 11 13 826 
90 83 22 39 30 29 75 92 293 
83 22 52 12 57 56 28 99 1138 
7 36 10 39 97 54 31 32 702 
88 5 10 88 14 75 44 26 789 
10 31 99 49 53 93 23 56 1191 
99 65 35 22 94 13 40 7 935 
62 53 88 70 10 100 72 89 1072 
18 97 11 80 70 34 92 20 838 
98 59 85 18 18 43 56 34 814 
27 68 13 98 51 9 98 84 897 
80 42 23 101 79 66 6 7 728 
91 21 97 3 32 76 45 44 580 
95 46 37 48 16 78 33 47 254 
78 22 48 4 83 88 60 14 952 
50 99 82 21 14 13 83 68 168 
73 25 39 39 55 9 62 5 473 
40 34 28 47 70 34 46 29 1040 
16 89 40 12 45 20 98 97 554 
69 76 34 26 66 50 64 62 273 
86 41 69 41 44 80 49 22 977 
54 5 31 50 77 87 28 70 968 
78 63 82 21 43 60 64 95 361 
9 16 70 80 84 9 12 62 1080 
20 77 47 62 65 25 40 47 1125 
18 21 101 49 101 98 71 88 1213 
44 67 100 11 79 51 50 42 80 
14 75 23 23 40 18 99 10 1142 
36 18 101 60 83 98 68 47 898 
33 62 17 74 11 98 10 70 1156 
92 11 99 98 14 24 18 28 872 
73 97 83 85 52 93 5 37 864 
