8 8
200
5 75 31 83 35 79 30 69 893 
28 62 13 16 52 52 33 93 769 
47 11 66 68 71 88 69 61 1609 
73 70 50 97 49 44 60 62 190 
89 53 52 69 56 34 26 75 770 
70 2 36 86 85 97 62 59 637 
94 39 6 45 16 75 80 59 1610 
9 33 14 71 58 91 41 46 646 
99 80 58 34 44 98 41 100 966 
67 89 87 55 37 92 5 68 391 
10 46 39 78 90 99 35 19 683 
37 101 46 47 47 41 58 64 1288 
85 62 97 10 6 17 16 16 1148 
15 56 98 24 69 92 67 33 1629 
4 23 92 61 101 26 56 6 1623 
17 22 44 48 99 75 14 21 89 
31 2 41 24 64 77 28 22 1035 
48 15 34 56 81 16 41 56 673 
91 27 63 72 55 3 18 101 1525 
31 69 59 25 12 49 87 38 504 
62 83 61 17 34 81 63 11 1476 
69 63 43 30 9 45 34 24 1546 
46 61 49 41 8 65 83 100 859 
8 24 5 87 71 45 85 81 1189 
84 76 94 84 11 46 12 51 624 
54 3 62 16 94 90 55 43 1260 
86 24 77 98 35 37 29 57 1416 
89 84 94 100 47 30 72 52 782 
5 64 52 5 30 59 27 31 1585 
94 94 33 17 34 30 68 101 933 
100 88 43 59 57 56 59 25 1091 
48 57 58 35 46 44 42 52 1284 
29 83 96 20 74 7 40 36 1031 
58 74 52 66 34 47 73 75 1044 
9 47 9 98 48 7 92 81 1212 
43 62 50 91 77 84 51 41 308 
65 81 16 38 22 23 93 3 836 
19 84 25 12 64 73 80 35 81 
74 33 37 91 31 95 32 98 1220 
17 70 99 70 17 95 29 9 1524 
52 73 27 88 7 46 56 75 1580 
54 33 100 79 13 44 79 80 119 
86 77 53 23 8 26 48 78 552 
57 52 69 31 86 57 80 30 1022 
82 88 29 93 37 58 98 81 1068 
79 40 59 56 92 39 88 45 528 
45 31 66 4 42 31 13 101 381 
32 24 49 45 101 84 82 100 1503 
83 95 42 97 27 29 60 71 623 
79 2 61 32 45 43 24 37 1621 
100 80 48 100 82 37 35 68 922 
20 36 40 77 77 94 47 7 817 
94 50 6 39 46 73 93 36 1619 
66 2 81 8 23 66 85 84 328 
48 85 15 7 64 60 73 42 582 
102 4 28 69 87 40 93 32 1422 
97 63 36 77 9 48 38 71 1083 
79 14 15 76 93 95 74 101 366 
39 89 88 48 68 6 37 93 516 
76 99 17 43 18 93 79 90 338 
88 74 78 68 71 95 94 95 463 
25 27 13 34 97 88 17 56 701 
3 52 97 33 42 18 17 65 1180 
53 38 98 24 99 6 74 89 442 
48 73 21 94 55 75 77 14 1073 
23 43 4 31 28 64 50 78 621 
28 57 34 63 54 8 23 43 934 
34 3 31 9 62 10 61 71 1349 
26 11 98 24 58 29 52 96 350 
73 24 13 36 76 23 68 49 521 
97 87 21 15 73 14 18 45 195 
39 16 83 95 72 58 82 26 1088 
44 6 101 7 13 59 87 53 319 
49 101 28 9 43 15 79 66 1371 
65 13 40 86 8 15 17 15 1313 
42 79 53 56 56 53 56 26 700 
35 92 77 64 30 23 95 71 725 
88 32 74 70 19 8 74 18 203 
31 60 99 89 91 100 79 47 1195 
70 95 46 77 55 19 73 46 1204 
11 3 85 19 93 40 70 32 1358 
10 74 63 47 84 40 40 28 1087 
47 48 3 79 87 85 49 27 1247 
102 12 79 57 99 75 34 65 246 
31 13 68 62 20 62 17 71 1178 
15 25 13 9 39 29 53 27 1600 
75 34 18 102 72 68 63 70 320 
9 55 77 90 15 21 25 11 241 
2 88 30 43 64 18 13 37 39 
68 95 75 52 6 74 77 62 502 
101 31 43 2 101 52 42 10 259 
99 27 12 94 86 30 14 52 647 
73 33 72 2 90 37 66 97 1224 
48 59 51 5 15 55 90 26 1309 
75 2 89 80 3 56 2 16 162 
95 76 12 48 39 56 35 6 462 
62 100 43 8 38 5 77 96 833 
69 96 14 59 6 61 49 41 824 
55 95 32 18 102 76 27 73 356 
67 3 22 97 73 11 27 30 423 
41 69 66 86 5 10 5 35 335 
100 38 72 52 100 100 6 82 185 
100 46 101 69 83 67 84 12 1517 
33 74 25 5 33 78 36 10 1172 
88 71 92 24 15 68 56 30 580 
54 17 5 24 93 93 99 29 1362 
29 75 89 101 4 95 17 74 997 
99 96 7 96 19 92 28 19 174 
23 78 33 34 15 55 31 32 1545 
92 11 83 35 8 7 95 8 574 
87 89 69 100 9 43 7 59 542 
33 60 100 14 98 76 82 79 826 
54 97 62 35 72 74 100 26 1033 
82 66 90 102 3 12 57 43 488 
45 25 71 93 29 58 22 100 1167 
98 80 15 9 55 31 56 43 186 
77 54 19 97 101 85 80 27 1508 
47 33 59 90 59 57 46 39 874 
84 64 70 6 15 74 3 4 758 
52 75 14 61 47 62 101 82 1455 
15 50 26 88 15 3 66 77 1096 
16 10 23 60 64 18 78 74 1291 
45 73 41 48 96 100 39 29 849 
83 88 88 99 91 79 68 34 1444 
32 98 51 69 42 40 7 89 1529 
28 94 13 98 85 75 83 58 146 
53 69 56 28 51 88 51 85 1465 
83 19 21 46 95 32 29 48 1249 
32 78 33 3 43 9 6 13 583 
43 86 4 15 18 35 70 17 1059 
36 6 49 65 20 59 50 25 1134 
77 84 101 83 71 39 98 53 1308 
80 52 28 49 24 40 52 11 1613 
90 71 3 88 77 80 68 95 688 
32 69 60 76 55 20 40 31 477 
39 62 17 67 18 67 55 93 1064 
41 89 84 11 15 11 60 63 891 
70 91 9 23 17 78 97 69 1363 
24 5 99 11 11 95 11 15 791 
85 25 54 38 35 87 15 29 93 
62 23 56 51 18 94 65 72 664 
25 17 47 41 72 52 84 33 1424 
70 32 80 91 102 102 63 77 621 
4 34 58 24 11 90 72 37 744 
31 74 89 7 47 41 54 88 1597 
5 46 55 5 57 4 100 47 1578 
29 73 24 56 91 44 56 63 623 
87 3 9 59 71 37 6 54 963 
2 64 87 41 39 15 4 59 498 
87 101 79 56 26 66 94 45 1038 
26 77 86 47 53 86 3 69 1400 
93 49 77 21 101 5 45 99 1345 
14 90 37 11 54 34 13 71 1010 
63 33 78 45 67 27 73 82 1255 
77 57 13 2 40 71 29 13 172 
57 68 2 76 13 29 83 82 907 
31 17 25 54 36 84 25 42 597 
11 50 84 52 50 21 28 69 701 
73 14 51 67 83 43 23 58 49 
64 89 22 52 63 87 72 44 1056 
56 25 22 31 80 101 35 20 1024 
31 7 21 83 51 46 86 12 1113 
8 66 36 84 33 80 81 63 866 
19 62 89 99 82 7 56 74 722 
25 45 36 53 34 65 80 94 836 
86 82 40 78 68 53 19 66 1282 
33 73 94 44 51 19 48 18 950 
78 34 27 15 29 78 102 63 1096 
36 57 33 73 6 41 29 97 1317 
17 43 96 38 81 18 29 26 18 
54 82 96 19 7 18 7 5 985 
28 73 55 64 78 6 86 85 140 
49 62 69 56 17 56 38 33 1216 
66 42 55 11 89 5 77 50 1323 
75 19 52 17 68 3 80 3 402 
29 55 68 92 53 99 10 82 1048 
36 100 67 42 83 77 44 43 1021 
10 19 86 52 88 30 25 13 1067 
60 35 96 68 77 17 31 11 1270 
11 76 91 58 3 9 41 44 809 
18 36 39 78 75 27 41 73 1359 
42 80 68 40 69 43 33 51 768 
72 70 25 52 12 74 99 35 1097 
76 53 19 79 13 47 80 9 1256 
31 85 62 71 29 6 33 91 511 
13 73 9 50 27 53 62 71 1201 
28 68 25 67 81 42 60 67 317 
69 65 69 24 61 62 66 5 1088 
89 3 43 21 21 23 43 87 1011 
62 28 29 67 19 44 73 54 672 
55 66 6 22 14 64 87 67 425 
66 92 14 49 86 24 87 75 1102 
34 10 49 4 26 95 80 99 645 
95 3 48 27 52 9 21 12 634 
65 69 92 82 35 56 97 78 1564 
52 15 43 7 82 46 76 41 722 
96 53 42 13 44 16 24 95 1033 
82 41 41 7 30 76 85 24 96 
80 55 76 95 9 50 100 30 1378 
100 90 23 4 53 13 65 27 963 
