4 2
200
65 75 62 14 267 
91 97 25 31 260 
21 43 84 74 120 
66 73 34 80 68 
37 82 17 98 403 
90 11 44 21 221 
22 61 21 56 257 
8 8 21 41 65 
3 48 21 12 95 
69 67 93 56 299 
93 88 3 51 349 
86 60 66 16 316 
82 55 6 77 179 
61 24 30 11 96 
60 54 96 65 64 
91 62 7 75 132 
25 20 90 48 259 
36 60 72 70 322 
50 44 7 63 145 
50 44 46 68 262 
47 39 83 32 65 
41 94 41 36 394 
26 55 93 83 224 
64 66 60 14 42 
3 54 62 32 308 
18 49 35 29 274 
49 18 41 11 356 
87 39 60 33 101 
44 21 38 74 225 
97 52 26 9 297 
86 86 34 58 257 
95 80 53 57 407 
94 62 14 69 204 
10 15 85 96 283 
28 8 29 90 279 
84 18 90 77 327 
67 25 28 57 339 
64 85 85 48 383 
9 87 5 33 132 
84 9 71 24 193 
84 70 31 39 192 
80 59 47 90 330 
80 92 78 77 141 
71 36 59 86 356 
27 33 39 3 253 
42 5 98 57 352 
77 49 68 30 401 
100 95 90 10 24 
7 40 97 67 67 
19 11 30 99 256 
50 53 87 37 93 
53 32 31 78 28 
76 63 91 4 28 
33 26 50 79 151 
78 47 51 81 335 
88 38 74 87 182 
33 78 102 95 157 
26 63 33 8 193 
69 67 15 3 127 
46 51 94 61 345 
95 64 53 62 354 
5 4 9 55 149 
17 60 46 33 308 
101 63 99 66 336 
72 95 44 32 283 
13 35 49 50 155 
39 46 16 2 209 
71 26 42 8 147 
24 57 80 71 132 
11 23 83 28 132 
85 54 31 78 61 
2 22 24 93 308 
72 56 61 17 405 
74 46 46 82 27 
76 23 92 30 246 
17 17 74 100 246 
93 53 23 18 222 
87 17 40 87 209 
51 5 51 33 268 
70 98 65 72 247 
67 79 3 22 236 
64 64 2 18 405 
87 49 26 33 345 
21 35 45 63 61 
59 9 60 31 233 
74 74 61 65 375 
22 54 4 39 388 
16 52 4 60 376 
25 16 24 88 270 
4 81 21 48 192 
37 54 4 58 17 
60 20 74 65 351 
92 5 40 26 326 
35 47 89 37 287 
71 33 87 71 374 
44 87 74 65 225 
95 55 15 18 232 
69 51 48 36 151 
98 80 40 74 10 
22 79 99 8 134 
59 94 85 78 320 
6 69 35 66 251 
75 48 11 10 379 
39 92 24 70 54 
86 101 55 101 303 
92 95 15 69 293 
68 90 68 33 400 
3 72 39 39 215 
102 18 84 74 259 
52 72 32 81 268 
32 57 32 96 199 
60 40 86 4 360 
13 56 69 95 391 
88 82 80 12 375 
68 55 87 17 54 
70 18 83 38 99 
22 64 36 3 169 
13 60 74 84 164 
65 88 37 51 168 
48 51 92 78 316 
72 94 22 89 404 
79 72 17 83 329 
44 59 51 80 277 
51 23 67 53 347 
30 9 98 72 120 
83 20 37 76 274 
21 29 7 60 219 
30 44 48 4 261 
43 45 94 3 401 
7 39 59 84 376 
27 86 40 93 201 
65 98 52 60 77 
61 37 43 16 253 
17 55 93 27 161 
9 76 65 90 182 
88 18 96 74 98 
46 64 56 84 172 
37 90 15 11 369 
34 94 90 86 20 
8 4 80 42 340 
55 48 34 45 349 
53 23 53 49 260 
49 4 80 37 305 
100 83 61 74 110 
29 41 83 36 31 
16 88 81 85 157 
85 40 57 90 289 
99 31 13 99 372 
17 40 68 48 177 
32 16 55 11 31 
27 46 8 15 231 
16 67 100 37 290 
66 43 69 11 327 
11 50 92 66 316 
70 72 64 83 51 
91 75 38 93 315 
3 35 72 78 57 
42 34 44 34 233 
34 33 77 28 110 
75 72 59 68 140 
84 26 91 34 160 
56 84 27 3 275 
43 32 9 60 288 
33 73 93 97 165 
79 8 60 9 185 
39 97 38 56 159 
21 18 72 59 386 
79 46 40 39 242 
60 9 43 67 68 
5 26 19 57 390 
4 81 64 28 232 
79 68 84 89 12 
62 47 73 64 197 
27 62 52 66 382 
89 35 56 38 334 
73 67 95 93 174 
14 80 83 61 150 
42 56 46 2 75 
13 65 54 37 406 
15 37 81 19 372 
45 76 55 64 38 
71 27 28 46 352 
13 74 93 46 367 
84 67 15 28 33 
74 18 52 48 338 
26 83 21 39 281 
37 89 79 102 406 
40 26 21 52 274 
18 30 102 16 29 
41 74 9 47 73 
50 25 55 11 81 
29 26 9 81 346 
90 7 91 77 209 
27 98 93 47 212 
59 47 65 61 375 
46 18 38 41 181 
54 76 76 21 85 
14 36 70 82 298 
16 19 42 67 322 
13 41 27 65 334 
