2 6
200
5 62 532 
66 91 1222 
48 5 522 
32 45 804 
49 97 935 
90 21 683 
23 35 993 
53 93 404 
4 45 107 
94 44 496 
51 80 386 
102 34 567 
15 19 382 
67 60 682 
3 47 419 
90 94 283 
80 62 804 
101 90 777 
65 54 837 
12 64 569 
93 56 748 
4 84 798 
36 49 779 
32 77 32 
27 58 908 
27 52 569 
101 16 618 
88 16 1002 
77 52 1097 
70 39 975 
80 4 666 
87 76 62 
97 100 774 
71 56 555 
61 50 1040 
65 76 393 
91 39 29 
24 14 596 
98 8 483 
81 29 390 
78 68 126 
86 54 895 
50 42 1004 
71 33 633 
85 32 738 
7 28 812 
99 14 927 
60 81 1221 
79 58 1111 
8 91 837 
68 17 870 
33 95 1071 
37 77 1172 
14 17 422 
52 22 80 
53 41 1001 
90 93 973 
75 84 195 
58 20 1069 
12 9 1178 
84 44 626 
16 6 191 
83 54 448 
75 72 621 
73 87 1181 
43 10 720 
95 29 212 
11 19 1199 
91 94 406 
57 77 925 
2 27 844 
101 32 892 
85 38 201 
93 72 1065 
47 18 256 
31 5 1192 
21 17 127 
31 19 976 
81 75 307 
55 27 141 
84 27 936 
63 75 556 
84 73 679 
26 60 874 
44 5 699 
32 66 22 
79 62 1100 
38 38 743 
67 74 97 
91 22 689 
50 32 142 
7 10 544 
13 86 530 
77 49 386 
44 98 695 
41 88 177 
25 51 120 
25 78 794 
23 49 1095 
18 98 14 
40 95 621 
101 78 343 
62 40 1152 
15 22 972 
60 4 161 
60 96 496 
6 28 1046 
95 69 878 
49 26 664 
49 85 757 
57 97 1085 
44 40 668 
83 45 242 
31 81 596 
22 12 357 
32 67 909 
54 65 649 
51 14 849 
18 46 318 
81 55 630 
76 15 662 
34 60 309 
93 18 783 
60 80 624 
23 77 579 
39 75 695 
45 18 730 
82 97 252 
11 8 1013 
21 29 1147 
31 4 1106 
70 57 808 
97 90 640 
6 42 597 
12 95 1045 
4 30 451 
24 81 869 
71 38 445 
94 96 225 
36 26 636 
44 73 1096 
72 32 929 
63 54 249 
83 44 1045 
7 41 939 
13 72 20 
37 9 950 
48 99 587 
25 61 801 
56 78 749 
50 63 788 
2 64 836 
61 42 779 
11 43 928 
19 43 450 
88 67 1196 
62 83 297 
19 100 206 
76 98 909 
44 49 862 
12 8 931 
61 36 993 
23 6 944 
10 54 364 
40 28 801 
4 31 691 
13 39 1160 
70 97 1168 
39 33 767 
50 28 799 
96 19 1133 
95 101 430 
102 59 89 
58 67 741 
23 53 360 
96 81 891 
53 74 819 
20 33 128 
78 45 148 
83 24 36 
20 75 957 
14 16 420 
39 47 328 
32 4 882 
51 58 889 
36 49 532 
68 45 637 
92 98 657 
100 78 1065 
84 20 689 
25 21 434 
6 39 1116 
84 11 450 
97 59 419 
48 23 861 
97 70 917 
40 43 1170 
71 16 975 
53 31 945 
27 16 469 
