4 8
200
51 20 4 17 1379 
66 57 78 36 608 
37 91 85 16 1491 
94 56 85 5 678 
4 78 44 79 700 
55 72 47 13 493 
44 43 81 79 596 
101 75 27 80 421 
39 7 18 65 967 
98 60 64 61 882 
30 14 90 56 1459 
75 77 27 74 524 
95 12 66 6 1554 
95 12 8 80 1500 
21 31 7 80 67 
100 62 82 20 770 
96 10 88 59 31 
32 55 28 90 1033 
26 50 54 48 529 
30 42 14 70 1075 
88 54 86 69 579 
101 9 12 52 1499 
15 98 9 27 620 
87 26 9 4 1066 
42 86 20 17 1105 
72 79 61 47 1242 
59 50 14 54 995 
44 26 21 24 41 
25 45 78 98 821 
31 44 29 10 767 
6 35 13 4 420 
4 36 71 102 1065 
25 50 67 76 567 
67 86 56 66 1569 
63 7 87 101 696 
99 10 24 66 639 
30 52 53 100 1171 
26 39 12 29 959 
10 56 21 59 1303 
77 80 4 63 1386 
47 89 64 14 1396 
101 50 13 62 463 
96 14 7 63 601 
75 99 69 4 177 
30 76 29 8 1441 
9 88 30 22 1110 
22 8 63 82 1538 
43 90 42 15 1180 
78 28 52 101 1057 
98 52 61 22 118 
80 13 2 53 927 
73 62 59 25 1282 
16 22 94 94 142 
90 52 27 68 1563 
87 59 56 32 572 
4 27 31 43 1501 
59 29 11 14 1474 
11 8 12 25 388 
83 33 18 36 958 
58 36 60 92 1256 
48 26 94 26 360 
22 59 72 18 890 
48 33 18 33 347 
88 13 81 4 1628 
84 42 5 45 245 
56 43 22 73 1288 
70 69 41 66 755 
35 37 86 93 1140 
54 38 97 70 1267 
52 17 87 15 1181 
47 57 58 92 1554 
8 24 52 11 1105 
81 39 101 39 1411 
81 94 54 87 1436 
53 29 91 34 777 
48 47 36 67 1063 
41 58 9 101 557 
15 12 51 71 660 
13 87 77 25 1475 
17 38 60 84 1604 
60 66 102 27 342 
20 68 27 45 805 
63 90 87 46 468 
25 32 3 5 1200 
71 45 85 47 1250 
68 54 68 43 526 
12 89 54 69 122 
78 58 84 80 262 
49 88 8 22 1300 
26 2 33 96 1094 
88 38 58 10 480 
17 83 57 51 893 
68 3 85 12 648 
76 37 20 39 867 
69 50 25 89 440 
85 39 65 67 860 
68 23 74 76 762 
76 33 46 39 1514 
97 4 35 25 811 
48 5 98 82 96 
91 84 96 43 4 
39 15 71 84 756 
80 19 92 98 1449 
48 31 11 66 1073 
45 93 83 46 952 
67 17 102 39 1319 
82 43 85 62 1043 
85 29 33 76 153 
63 64 64 93 248 
79 14 39 36 69 
19 96 34 16 1031 
99 4 52 85 571 
24 15 34 3 1076 
39 36 32 34 89 
21 100 37 57 76 
82 31 91 31 1321 
55 80 67 35 1037 
88 11 71 98 1084 
84 79 50 41 1418 
50 32 64 27 1279 
45 84 7 31 1394 
21 61 79 12 1352 
71 14 23 4 1335 
47 50 101 39 1297 
30 67 36 68 388 
44 53 97 70 924 
52 69 66 53 617 
73 74 38 50 728 
29 33 61 16 1596 
71 58 48 60 688 
2 33 26 48 826 
80 50 42 7 711 
70 66 12 55 538 
3 50 72 66 176 
75 13 53 95 854 
98 8 22 70 886 
88 7 40 28 919 
21 45 21 2 977 
25 35 33 6 1244 
65 24 8 83 1573 
23 88 83 49 1135 
91 82 34 95 886 
74 30 74 53 938 
65 28 86 99 235 
61 31 72 6 1436 
42 82 49 18 1454 
77 102 41 73 537 
2 25 93 58 1101 
41 13 27 48 1435 
96 63 82 49 211 
39 40 11 68 619 
94 17 79 61 484 
10 35 17 6 1300 
74 91 2 20 931 
42 37 30 32 1237 
49 6 26 18 1526 
81 2 3 6 851 
39 93 75 36 668 
87 48 34 29 963 
8 98 23 68 260 
7 62 64 92 1190 
4 12 82 93 1476 
90 93 63 67 823 
10 34 14 54 696 
83 18 69 79 1176 
96 5 3 73 1140 
54 86 60 3 1437 
21 41 13 33 823 
30 13 84 45 871 
96 88 69 78 833 
76 86 70 26 563 
91 96 86 20 1293 
101 10 11 23 636 
6 35 62 79 517 
71 23 83 4 248 
72 36 26 26 1277 
10 39 27 22 1565 
69 17 36 68 1609 
27 57 95 54 848 
21 4 63 6 810 
63 28 91 47 1336 
55 6 68 11 1047 
58 72 62 41 1163 
64 85 92 27 1172 
90 101 96 81 106 
17 30 31 52 1560 
70 74 21 76 288 
84 49 83 40 702 
65 51 28 4 701 
57 96 56 82 1468 
39 14 38 34 1002 
64 34 13 40 1097 
27 77 18 15 1562 
85 53 88 24 1452 
17 4 54 84 138 
41 75 94 38 835 
22 75 51 62 961 
58 38 89 15 908 
52 39 45 73 287 
91 35 15 8 972 
