4 4
200
13 65 75 51 493 
57 3 51 38 500 
80 80 5 31 305 
69 35 36 43 179 
37 50 96 53 242 
35 83 29 45 384 
68 91 31 38 556 
63 19 27 37 740 
56 39 34 100 269 
63 59 57 13 288 
74 66 36 21 394 
66 71 24 22 222 
76 76 8 91 776 
91 51 69 63 620 
51 9 101 52 554 
101 18 98 20 562 
78 28 18 10 610 
4 57 11 90 38 
94 97 7 10 136 
82 32 45 5 356 
13 92 95 37 699 
67 67 86 53 403 
50 76 6 53 417 
50 59 100 17 755 
36 42 81 59 685 
56 4 92 35 715 
71 75 95 77 469 
88 35 83 25 81 
40 73 60 41 461 
20 93 56 59 561 
25 34 30 12 76 
74 14 39 53 256 
65 77 52 66 659 
77 83 32 96 534 
17 78 77 7 450 
65 84 41 2 537 
66 49 35 67 529 
38 47 84 67 699 
76 98 32 93 382 
65 23 96 60 666 
39 63 63 94 439 
48 59 25 57 376 
92 74 38 87 553 
18 43 88 101 366 
32 101 66 10 748 
21 49 86 60 751 
44 90 83 21 236 
4 89 43 13 152 
81 24 29 22 782 
3 62 46 26 255 
24 37 97 16 425 
40 99 55 2 286 
102 75 67 65 32 
4 93 20 59 532 
31 2 76 83 537 
9 75 47 14 737 
61 4 63 29 576 
9 94 69 69 742 
8 36 43 78 154 
8 60 65 18 763 
12 44 90 60 20 
23 63 17 50 364 
67 54 42 12 617 
100 14 39 95 789 
12 26 53 68 487 
97 61 100 64 488 
52 11 31 21 656 
19 16 4 27 403 
48 80 21 24 209 
55 96 33 3 172 
96 22 72 21 681 
88 93 24 101 63 
64 65 55 90 773 
58 25 24 32 476 
85 12 14 46 413 
34 6 31 42 53 
3 30 100 43 539 
32 41 12 37 770 
28 94 5 20 714 
85 27 33 30 567 
32 74 3 44 308 
85 10 29 71 418 
84 64 84 95 54 
35 67 14 24 531 
19 16 88 37 261 
93 9 97 58 548 
9 75 3 73 623 
31 29 57 5 673 
24 14 43 86 107 
66 13 13 13 443 
20 16 11 65 430 
18 88 68 13 382 
78 15 73 4 359 
10 64 13 18 631 
8 12 10 42 352 
6 75 4 24 555 
82 98 86 4 400 
95 66 40 20 492 
45 63 47 59 51 
11 44 41 42 40 
4 2 96 36 390 
10 8 71 22 393 
45 86 46 45 543 
82 31 71 55 412 
46 25 94 58 279 
48 68 53 36 278 
64 35 63 20 535 
82 4 52 56 333 
90 97 21 72 139 
61 19 4 92 213 
82 75 89 92 498 
81 10 40 102 19 
45 56 37 88 699 
12 25 28 79 705 
80 81 16 14 511 
50 7 24 41 609 
31 66 63 10 442 
91 49 73 59 705 
74 66 52 54 799 
35 62 35 87 59 
39 93 27 6 390 
3 61 77 29 104 
76 88 101 27 600 
81 96 29 34 788 
65 53 71 93 115 
17 31 64 16 239 
90 74 39 34 309 
40 41 59 62 437 
32 74 46 46 99 
89 67 27 81 155 
42 35 3 90 360 
88 24 36 92 271 
73 99 62 100 200 
4 50 69 89 293 
42 39 69 80 544 
93 9 27 81 222 
52 6 85 97 728 
57 73 51 90 425 
18 7 69 29 670 
35 14 48 22 79 
41 100 39 45 640 
5 68 25 24 434 
81 99 57 65 678 
69 16 67 11 564 
34 101 81 38 161 
38 72 42 98 277 
81 64 7 71 719 
54 69 42 19 702 
91 50 30 37 600 
22 51 6 46 124 
21 49 38 53 636 
42 21 4 25 348 
35 28 28 90 605 
19 93 88 77 253 
2 75 50 25 650 
85 73 45 64 816 
89 68 98 83 121 
34 27 56 93 393 
35 67 19 76 432 
65 24 42 63 463 
30 65 31 15 123 
48 100 15 73 773 
71 78 42 25 456 
69 32 47 75 340 
93 39 97 29 798 
37 58 76 72 133 
63 33 84 7 587 
26 40 84 68 563 
36 14 85 99 644 
59 27 95 21 703 
35 79 69 22 534 
93 70 4 17 650 
91 27 45 57 273 
40 96 36 54 263 
31 50 81 6 63 
81 57 100 50 332 
12 65 57 86 678 
87 66 65 42 662 
57 38 69 89 649 
12 72 30 65 333 
66 93 44 89 468 
87 100 65 14 706 
38 72 55 77 570 
28 71 60 74 398 
76 33 96 73 625 
94 83 94 27 799 
11 29 37 9 627 
21 23 71 29 798 
89 4 53 56 367 
87 85 94 19 433 
42 13 57 17 544 
35 99 73 12 530 
6 8 40 16 631 
11 38 48 100 418 
7 3 33 76 507 
74 82 43 28 746 
12 91 77 74 472 
100 74 22 43 359 
24 52 60 64 762 
82 66 38 78 293 
