4 8
200
17 33 72 76 92 
99 32 3 81 1007 
45 54 61 83 1283 
82 57 59 13 54 
36 25 50 90 1581 
44 91 34 62 135 
32 14 37 67 289 
97 5 84 64 1419 
18 52 14 46 1276 
73 68 38 57 202 
59 82 91 96 1345 
94 85 84 80 1036 
10 100 43 73 518 
34 19 97 66 1364 
80 75 97 26 1425 
86 14 6 12 420 
78 55 78 50 832 
52 25 42 84 422 
14 22 7 100 1289 
20 11 43 14 762 
56 73 74 74 567 
87 86 67 9 1608 
82 80 75 54 1420 
57 24 95 22 1326 
11 78 14 40 1162 
59 70 99 47 1139 
76 73 94 65 1163 
7 83 6 15 1080 
68 60 35 86 745 
36 49 55 13 391 
97 19 23 33 615 
80 61 36 3 1261 
19 90 22 39 394 
12 88 12 83 1333 
77 20 81 56 252 
53 45 31 94 608 
12 17 88 23 1213 
60 51 63 27 1521 
49 48 6 38 804 
80 40 98 62 588 
50 39 74 32 805 
80 40 70 18 1408 
37 32 44 66 1096 
4 4 100 65 1086 
63 27 87 89 570 
30 16 45 6 606 
16 49 71 58 1462 
75 45 58 74 1576 
22 83 48 41 950 
19 6 42 71 772 
78 41 35 95 1231 
25 55 87 97 345 
66 96 66 80 1187 
90 63 88 76 1543 
61 48 28 68 761 
81 81 48 31 291 
26 76 76 59 993 
76 16 78 83 1094 
22 60 63 53 540 
27 19 69 68 1141 
59 21 68 76 1438 
32 15 69 49 1566 
45 9 57 79 1585 
92 22 9 20 1610 
77 86 7 9 1219 
3 87 77 35 345 
64 14 81 61 998 
7 10 102 71 502 
63 49 32 87 388 
15 5 86 56 711 
7 13 52 70 1555 
74 16 61 102 1422 
47 40 35 28 555 
33 30 98 18 1502 
84 22 40 89 618 
30 57 22 85 1012 
100 3 23 92 260 
53 64 14 66 1452 
93 51 2 84 1393 
25 15 6 53 1509 
87 9 70 64 1010 
87 75 65 32 1101 
19 97 78 40 1448 
47 19 46 12 1352 
71 18 34 29 20 
35 22 58 4 245 
16 53 70 93 1259 
94 34 61 30 508 
80 102 84 99 1170 
98 75 64 95 665 
8 72 96 70 386 
71 77 43 63 471 
66 20 63 17 866 
68 28 87 63 1581 
14 59 18 81 84 
71 37 37 57 80 
62 60 65 63 146 
47 59 2 69 141 
19 93 101 101 1089 
62 41 69 46 88 
72 90 4 98 466 
51 56 18 65 888 
36 41 88 58 1118 
8 57 102 8 137 
12 28 20 54 1299 
23 61 18 14 732 
32 70 94 52 566 
75 59 68 35 982 
92 43 39 15 1216 
80 7 45 33 988 
7 41 63 37 1557 
46 72 52 19 123 
92 40 6 20 392 
68 50 38 23 1561 
52 91 69 48 293 
71 91 7 80 29 
18 18 87 53 645 
94 9 58 57 1473 
5 9 52 27 1148 
54 39 21 91 136 
32 71 23 37 179 
19 73 16 20 431 
58 67 74 17 1494 
75 55 54 81 528 
61 94 83 33 1510 
45 41 44 78 1068 
34 72 18 71 1167 
49 97 52 43 374 
22 95 41 30 568 
40 37 36 36 1581 
102 87 42 59 805 
41 90 92 45 1114 
80 31 41 54 1538 
87 51 4 46 733 
80 4 14 58 198 
68 55 55 98 883 
9 7 11 81 1069 
50 33 61 22 538 
61 7 10 74 740 
93 56 88 36 807 
92 35 93 91 308 
100 75 86 47 1356 
88 37 96 91 993 
75 22 62 89 763 
57 91 84 13 1406 
75 97 41 13 340 
14 69 21 49 1051 
77 16 22 62 1105 
77 49 17 39 774 
26 14 21 14 1182 
73 96 102 89 1543 
2 52 82 5 751 
5 35 75 26 1158 
21 18 48 26 1404 
61 2 102 21 1173 
10 77 47 65 1016 
63 78 30 40 814 
20 69 34 54 1048 
26 36 19 16 1054 
44 76 93 68 464 
10 67 97 28 216 
73 96 83 18 1416 
27 7 19 42 1388 
30 7 36 76 864 
54 86 96 62 1007 
28 85 88 57 496 
36 86 81 37 886 
98 83 4 27 1294 
26 88 18 68 636 
21 19 79 31 604 
38 42 18 15 1244 
26 73 37 66 1427 
89 11 28 87 869 
43 28 84 88 1461 
49 5 11 97 476 
68 70 30 23 692 
11 8 59 20 1538 
95 70 68 61 499 
26 48 40 40 1498 
17 62 33 15 1600 
95 37 93 42 1473 
35 33 24 86 168 
58 45 15 24 1280 
83 54 11 93 976 
75 62 25 58 1069 
2 67 73 5 229 
8 39 18 25 801 
76 17 19 29 1001 
64 48 84 51 1223 
83 35 19 61 173 
65 53 42 55 412 
35 14 37 76 1465 
70 62 20 72 68 
20 30 92 75 70 
68 37 83 32 1592 
28 81 77 83 1380 
70 50 14 95 830 
57 99 65 100 262 
65 82 45 40 1519 
4 30 13 47 925 
