6 4
200
37 7 97 90 36 99 212 
3 93 73 30 56 25 454 
99 23 83 63 55 8 462 
48 77 14 10 7 77 285 
17 46 31 8 36 53 357 
36 42 101 6 77 80 458 
72 12 73 66 99 90 786 
37 93 34 5 24 30 724 
32 86 82 31 24 93 700 
49 44 24 22 74 14 512 
83 84 59 80 29 2 617 
67 43 46 10 88 40 653 
55 99 6 13 25 57 31 
58 21 77 55 89 72 191 
70 51 46 27 79 36 438 
11 77 26 97 30 15 532 
45 38 23 38 55 8 767 
47 20 11 51 59 61 208 
65 84 27 42 32 54 795 
93 2 85 12 7 28 360 
24 81 18 97 44 41 109 
85 56 20 36 67 31 191 
33 37 78 22 77 30 375 
96 101 57 100 63 70 424 
38 40 28 50 81 52 188 
41 95 56 17 22 14 658 
30 9 8 67 25 76 492 
68 10 92 32 100 100 233 
82 64 99 83 73 63 385 
18 94 88 87 81 2 753 
44 23 6 56 18 67 536 
94 51 35 40 95 94 571 
32 37 20 83 54 96 482 
33 59 36 52 53 35 103 
17 22 82 46 76 70 199 
89 88 78 84 35 65 716 
15 66 45 80 72 79 695 
59 70 6 29 8 35 87 
66 72 7 67 34 55 628 
31 54 95 21 26 48 359 
51 44 101 21 34 73 149 
95 93 74 83 58 29 480 
54 78 19 70 37 16 188 
18 73 19 3 12 13 690 
14 52 60 48 33 43 62 
28 7 10 76 64 94 576 
81 35 86 77 28 20 628 
78 78 54 91 34 23 270 
73 85 20 24 63 36 663 
43 16 37 27 88 53 214 
74 11 96 75 23 54 309 
40 34 28 86 95 10 292 
75 9 59 101 22 76 444 
24 92 54 3 61 91 305 
21 51 52 42 69 53 40 
70 60 18 13 71 97 273 
52 94 40 70 28 48 557 
9 80 28 68 79 74 407 
21 43 74 65 65 2 158 
85 78 46 28 59 33 48 
50 43 90 53 81 23 583 
100 17 35 35 46 71 98 
73 26 76 92 81 57 401 
19 47 50 8 97 16 547 
18 96 44 71 17 64 481 
39 39 17 100 53 80 166 
28 40 32 21 33 9 105 
53 72 38 80 78 59 258 
98 42 48 86 9 6 671 
23 93 65 31 9 55 275 
89 61 94 30 79 31 739 
8 20 89 65 9 56 530 
25 8 94 41 8 29 336 
99 71 16 46 76 40 48 
49 69 92 27 56 81 527 
13 46 51 101 30 43 735 
25 61 23 2 52 19 796 
87 74 92 3 28 95 734 
92 80 86 5 93 87 482 
53 98 41 54 77 2 101 
64 44 41 80 89 53 608 
12 95 45 26 22 10 512 
97 102 26 31 89 77 171 
68 67 99 39 58 33 584 
65 84 50 77 19 87 184 
31 53 25 41 44 17 658 
87 43 81 73 79 98 457 
98 17 25 90 28 93 786 
79 45 43 33 22 5 386 
13 97 50 5 25 42 537 
51 3 92 47 61 42 660 
26 20 68 81 37 18 542 
69 27 89 93 96 28 428 
10 83 11 24 15 35 606 
48 33 69 56 58 92 387 
16 35 45 68 53 18 433 
27 77 53 87 89 83 359 
72 64 14 31 16 15 334 
22 83 25 49 9 9 641 
89 101 28 80 27 21 434 
94 45 27 45 12 101 681 
8 59 38 27 55 32 616 
71 57 27 44 79 9 770 
54 22 22 46 11 76 308 
78 27 9 64 64 93 641 
20 89 88 6 16 59 112 
26 89 24 56 78 5 152 
46 3 39 50 14 61 327 
26 7 100 3 27 48 243 
34 32 65 93 42 99 414 
70 41 40 65 51 83 229 
35 100 92 35 73 21 269 
27 72 16 51 34 41 772 
84 90 5 91 13 86 752 
59 61 66 39 8 70 614 
64 101 88 65 80 14 740 
9 10 71 56 29 99 61 
61 51 43 10 60 58 708 
53 37 76 40 99 38 616 
41 29 98 67 53 60 511 
74 30 88 56 29 6 608 
82 36 37 87 89 87 802 
12 24 31 50 14 90 96 
65 14 28 83 78 17 554 
83 74 91 77 41 47 714 
23 57 56 34 54 14 579 
3 40 55 12 53 79 244 
7 69 19 42 71 53 72 
18 62 75 52 91 9 802 
64 49 11 50 42 13 724 
69 77 18 62 78 43 503 
75 75 74 27 40 40 628 
7 74 38 72 96 81 39 
97 83 83 66 8 75 326 
94 46 63 13 68 43 309 
94 3 82 95 12 49 354 
90 3 27 53 71 23 463 
77 76 80 48 34 86 588 
96 37 98 72 70 24 666 
31 12 17 74 99 41 109 
73 58 79 85 34 63 59 
82 58 15 39 53 85 136 
72 85 66 37 59 68 795 
67 86 25 44 27 64 481 
93 12 81 74 84 45 36 
20 3 65 2 25 67 121 
81 85 36 19 41 67 484 
29 53 39 42 76 18 49 
73 56 43 9 102 50 726 
48 36 67 71 42 14 423 
84 3 37 36 3 85 705 
3 91 28 89 98 102 523 
61 44 34 10 30 100 382 
49 24 95 25 19 28 268 
51 70 50 101 55 10 368 
52 4 8 75 35 21 573 
67 17 22 5 51 27 710 
94 35 63 14 16 7 285 
81 43 13 86 59 56 431 
23 80 90 45 94 21 80 
42 28 37 97 81 79 670 
9 76 22 70 3 48 461 
37 89 89 41 5 12 582 
63 97 92 78 68 19 365 
39 34 62 59 8 79 430 
9 27 20 37 30 55 582 
70 93 17 58 10 98 696 
93 3 6 91 11 40 641 
33 48 21 15 61 39 572 
44 62 14 97 70 6 230 
64 71 6 76 59 102 763 
6 76 22 60 23 61 379 
33 58 69 99 41 76 623 
81 101 23 71 17 3 214 
33 6 63 42 94 59 238 
34 102 17 54 40 87 222 
74 101 57 40 80 26 90 
6 46 101 31 32 54 673 
72 85 7 44 101 70 596 
73 61 20 31 4 19 806 
58 54 47 3 91 51 66 
2 68 33 39 79 17 220 
61 64 12 64 8 49 507 
19 12 11 42 19 56 9 
42 39 11 78 8 14 396 
94 55 30 43 4 77 570 
19 76 7 23 54 48 95 
98 10 69 99 73 39 321 
44 38 63 73 97 9 494 
31 24 63 73 5 80 547 
11 84 24 5 74 94 813 
38 6 20 67 10 91 355 
31 44 82 38 77 11 409 
20 69 71 9 70 11 719 
53 46 52 51 70 47 714 
28 47 95 101 47 42 51 
34 45 8 89 20 19 815 
82 83 37 30 71 19 745 
17 54 98 6 85 14 692 
62 70 18 42 47 58 24 
