4 4
200
62 89 7 90 232 
67 41 73 88 224 
96 53 41 59 256 
39 23 95 18 367 
92 76 94 69 469 
86 19 41 39 762 
71 26 44 6 74 
72 79 7 57 262 
59 25 44 7 548 
11 61 79 71 119 
13 14 56 81 305 
88 97 40 33 363 
49 102 36 95 477 
72 11 37 50 505 
62 18 40 87 716 
70 34 89 102 392 
27 42 73 25 676 
59 72 65 69 189 
76 41 76 13 692 
59 91 51 48 795 
2 26 31 9 446 
97 77 72 93 567 
55 10 40 85 157 
9 31 13 12 16 
102 48 70 27 716 
22 44 29 102 252 
81 85 43 4 390 
4 13 66 70 720 
84 2 74 99 568 
68 3 93 94 635 
30 79 41 47 797 
56 57 5 21 280 
55 50 72 62 736 
72 69 38 37 144 
98 68 45 24 161 
101 76 73 58 180 
21 52 37 24 26 
4 46 98 7 765 
49 10 46 36 292 
36 33 14 9 811 
100 67 59 76 669 
64 36 20 27 801 
82 86 49 99 121 
4 15 50 59 719 
28 73 34 43 579 
90 24 11 88 695 
71 64 66 59 193 
57 96 62 42 335 
70 28 73 8 114 
65 62 49 21 273 
23 85 56 21 598 
29 35 17 6 767 
42 26 34 42 240 
19 22 93 76 489 
10 54 10 19 163 
102 102 27 29 68 
30 77 92 55 520 
88 10 47 85 783 
24 81 59 48 6 
46 96 33 79 787 
45 71 75 62 205 
71 77 40 101 598 
30 10 90 97 541 
68 36 81 78 355 
11 76 9 80 310 
32 98 63 18 619 
8 70 50 33 531 
60 4 32 30 772 
13 73 48 12 557 
16 93 63 82 284 
12 17 57 36 713 
71 64 97 24 777 
75 16 24 25 553 
61 62 59 32 68 
66 6 54 84 268 
40 30 99 12 194 
41 36 84 83 541 
92 15 16 46 783 
98 9 11 34 175 
99 51 25 45 74 
57 36 33 74 575 
8 66 75 3 400 
43 67 87 100 460 
41 34 42 59 631 
48 47 15 37 100 
60 97 21 62 295 
91 7 57 3 562 
7 6 12 13 495 
29 42 15 97 445 
33 23 13 78 672 
66 11 68 67 513 
12 23 98 62 105 
13 46 15 67 486 
39 12 86 31 419 
37 25 31 99 412 
8 34 21 82 661 
39 86 45 80 585 
83 41 91 40 484 
86 9 52 100 409 
84 29 50 37 145 
23 39 83 27 383 
44 81 71 17 464 
80 4 18 81 622 
28 3 37 96 643 
100 23 48 72 548 
30 75 33 49 555 
81 86 85 65 493 
102 5 20 33 246 
3 71 76 83 667 
84 93 73 24 196 
83 94 56 58 159 
101 93 13 60 154 
71 51 25 49 634 
96 21 56 21 624 
25 85 6 66 633 
31 49 67 90 695 
39 4 11 25 710 
89 32 29 45 497 
11 94 62 15 498 
55 48 29 6 720 
65 40 55 48 9 
100 91 93 81 735 
55 28 25 75 668 
69 42 2 62 740 
66 94 12 60 551 
33 25 93 5 204 
85 21 63 2 181 
101 51 65 24 730 
100 41 50 55 68 
85 71 90 33 764 
15 48 69 15 200 
73 29 97 80 567 
76 99 90 56 59 
35 67 25 53 674 
20 79 80 73 753 
27 46 59 52 689 
65 38 62 11 99 
39 54 50 78 415 
74 56 87 54 125 
3 53 96 48 612 
20 48 39 50 615 
38 70 99 23 811 
30 72 47 96 57 
41 39 81 44 571 
83 19 49 102 88 
66 94 28 57 746 
76 52 13 77 543 
19 101 14 36 620 
72 57 29 79 191 
4 11 93 48 625 
66 74 54 78 765 
2 101 39 40 94 
46 44 43 31 208 
80 61 72 30 734 
42 27 47 68 4 
28 93 72 79 71 
57 4 82 81 227 
4 100 37 83 540 
20 64 76 24 265 
30 16 99 53 371 
45 41 65 58 301 
41 29 88 78 553 
12 31 62 31 461 
44 63 64 4 192 
82 26 91 63 587 
80 53 25 36 590 
14 95 21 33 533 
18 41 27 44 727 
77 14 61 15 461 
92 4 47 68 739 
69 53 98 30 533 
21 51 4 86 482 
90 6 54 6 454 
19 11 31 66 329 
5 38 22 15 395 
70 67 78 7 673 
78 7 59 45 45 
63 99 93 68 376 
69 39 43 85 10 
73 63 57 60 325 
82 75 84 28 714 
32 33 85 82 795 
56 75 99 3 677 
85 49 10 100 775 
21 20 64 20 597 
68 98 39 14 631 
9 12 20 67 20 
5 26 33 58 611 
31 16 14 71 747 
96 43 41 2 150 
26 54 59 65 169 
64 13 66 55 177 
37 97 73 4 737 
47 57 33 101 653 
61 18 54 26 536 
7 8 96 28 648 
27 58 38 96 437 
57 55 57 47 330 
94 62 80 36 327 
37 45 11 80 383 
