4 8
200
64 69 66 46 14 
70 12 5 84 25 
53 30 11 68 1533 
55 54 5 3 1359 
99 27 19 30 788 
71 39 98 42 399 
28 56 99 51 183 
17 66 35 24 1470 
101 98 37 30 1549 
8 15 23 35 1238 
25 11 26 96 1267 
39 52 38 97 521 
33 16 65 60 1236 
99 33 62 57 1284 
91 21 82 13 1371 
2 92 91 36 692 
58 18 66 67 20 
19 33 6 74 1217 
67 31 39 93 959 
88 36 80 54 1595 
77 56 68 56 1420 
6 31 15 12 1260 
49 63 4 55 1244 
17 52 100 59 960 
69 29 90 82 226 
62 84 92 54 1605 
69 14 39 38 1102 
4 53 12 80 1582 
90 20 96 97 455 
5 28 86 16 714 
38 37 23 95 511 
50 68 87 42 439 
25 41 63 13 172 
37 27 68 88 1215 
66 42 23 62 1150 
51 35 95 55 170 
36 99 77 10 1023 
33 93 45 7 325 
38 68 72 53 1215 
52 59 85 86 1522 
81 62 101 42 1297 
98 17 63 25 1346 
17 75 35 32 1517 
27 65 54 51 1290 
45 84 64 68 632 
101 72 72 87 342 
94 52 11 61 518 
76 100 37 31 1094 
19 32 22 24 88 
65 35 42 60 803 
88 7 36 7 819 
99 100 35 3 1317 
27 47 78 4 1481 
66 66 75 100 312 
29 30 25 84 1019 
15 63 42 62 1238 
68 32 14 38 567 
89 18 6 11 564 
78 67 36 50 681 
74 57 20 33 668 
101 62 44 41 362 
60 83 55 45 612 
38 61 75 27 244 
97 35 41 69 63 
50 62 66 66 709 
64 96 77 42 1478 
60 45 10 22 1257 
8 91 75 16 1249 
8 65 63 74 1611 
19 94 11 35 765 
41 18 53 30 1508 
41 97 80 97 981 
66 8 15 54 1301 
95 53 55 51 140 
8 61 27 93 1600 
87 101 94 67 431 
72 87 44 95 840 
44 95 82 29 627 
13 13 80 56 199 
101 53 11 94 103 
69 41 62 27 664 
82 93 62 32 120 
41 5 15 71 1472 
81 67 21 3 615 
102 72 28 12 1591 
98 84 73 81 1609 
36 92 2 61 977 
33 27 19 55 1170 
53 35 53 22 1615 
10 100 11 66 537 
37 33 10 56 107 
98 15 52 29 736 
100 22 83 33 1189 
51 5 56 11 966 
56 50 69 31 1406 
69 21 8 13 1461 
100 75 9 48 1040 
5 84 48 54 1035 
20 77 91 10 1199 
34 55 22 49 817 
7 45 101 7 1281 
89 67 81 70 653 
79 8 41 40 768 
27 15 37 69 1140 
69 59 4 48 665 
81 61 61 58 888 
16 102 61 63 1373 
57 75 4 70 1251 
40 5 79 14 1409 
14 38 53 63 785 
21 20 54 79 1362 
51 43 55 66 1616 
30 7 25 16 425 
79 49 80 56 1505 
54 12 69 93 513 
65 81 91 62 469 
45 9 101 10 575 
98 50 84 80 580 
15 22 40 71 790 
35 82 65 88 149 
67 60 99 70 1567 
11 53 63 48 333 
71 54 96 37 908 
23 8 18 81 489 
32 67 2 20 1286 
34 74 101 44 1601 
85 18 5 53 1043 
87 12 33 14 430 
47 88 38 59 1080 
64 28 5 15 449 
29 67 87 59 1295 
101 60 81 92 1044 
39 54 21 50 611 
56 51 45 74 1150 
13 78 6 55 1383 
45 31 45 54 282 
8 71 88 17 1162 
20 33 48 73 1052 
29 33 43 50 1460 
95 69 90 22 208 
15 85 33 45 273 
53 62 34 74 589 
72 18 29 74 948 
69 69 6 79 310 
24 4 74 9 710 
82 37 58 65 1500 
78 43 25 42 74 
25 40 45 100 329 
60 101 77 37 1539 
13 6 71 92 360 
28 66 14 3 1475 
12 13 26 101 602 
18 6 71 82 982 
31 95 89 70 576 
31 26 7 59 996 
25 30 38 15 525 
78 68 69 43 1076 
14 31 23 51 1536 
13 16 46 64 64 
56 32 97 77 1066 
20 19 3 56 1510 
4 60 57 42 1099 
84 77 13 69 1001 
52 39 30 16 784 
102 74 40 76 388 
18 82 46 55 119 
95 35 63 49 225 
60 67 14 51 1037 
56 76 83 84 191 
39 5 79 2 876 
18 5 83 29 1073 
49 81 29 33 1257 
25 17 4 35 1218 
51 16 66 55 49 
87 27 81 53 1536 
27 92 58 64 1423 
15 5 45 101 1481 
92 55 36 84 1094 
81 40 84 74 666 
41 74 50 9 1019 
25 41 26 99 1124 
93 26 32 35 665 
58 25 67 46 1044 
22 73 5 44 1382 
99 82 84 88 384 
48 46 9 12 895 
55 44 51 102 1051 
76 81 48 32 1622 
68 25 3 43 177 
58 76 40 10 338 
70 71 8 25 1075 
45 59 39 76 369 
50 19 22 80 1434 
16 76 67 81 1462 
43 27 75 45 303 
76 81 43 78 1095 
74 8 102 91 1414 
86 38 28 36 349 
20 43 74 10 843 
52 5 24 55 1580 
