6 2
200
82 94 6 70 39 3 384 
48 92 89 64 97 84 239 
11 58 66 69 60 24 122 
75 73 79 39 77 70 121 
75 74 45 53 32 59 253 
21 35 102 34 44 52 383 
76 90 94 59 102 42 185 
100 35 71 13 100 76 33 
23 29 33 64 35 67 301 
20 46 14 66 27 98 366 
25 67 37 17 74 38 403 
85 87 82 78 30 86 305 
41 76 42 34 85 56 399 
8 71 72 11 88 22 229 
46 83 95 77 45 57 304 
70 36 98 28 41 11 155 
44 53 88 7 83 101 324 
72 74 34 44 44 94 73 
98 66 8 88 18 45 161 
6 89 3 87 31 2 288 
42 46 8 46 47 62 263 
20 86 6 7 23 79 303 
11 63 35 3 66 59 296 
72 92 42 25 68 101 153 
66 87 22 54 101 11 123 
29 28 100 99 34 55 320 
82 4 83 97 68 67 390 
28 70 85 67 45 100 288 
56 68 23 81 64 29 218 
101 86 55 24 70 46 333 
37 37 7 34 6 96 365 
90 61 30 102 36 44 159 
19 39 89 57 13 61 298 
62 79 19 72 28 27 332 
20 30 74 101 23 16 368 
35 81 35 42 6 83 270 
8 95 81 30 88 17 332 
49 68 69 59 87 11 307 
60 89 64 80 71 10 289 
33 58 3 15 30 51 343 
60 56 18 9 80 9 220 
85 40 44 42 13 102 288 
64 8 44 37 7 17 308 
94 73 64 37 75 97 309 
39 80 17 60 68 99 364 
14 53 52 9 4 23 305 
51 22 39 60 10 2 279 
52 62 80 24 36 11 272 
84 56 74 7 13 80 189 
62 29 85 46 5 83 206 
57 94 30 6 95 3 173 
54 26 78 67 97 9 356 
20 40 37 34 91 25 123 
99 79 3 92 45 30 366 
95 57 16 8 21 20 390 
70 51 21 42 10 26 127 
32 98 43 18 73 61 170 
91 49 14 16 61 22 237 
17 29 15 52 74 54 241 
72 64 61 79 91 94 208 
90 19 94 83 100 101 275 
84 63 76 75 72 50 16 
9 4 94 62 100 40 217 
24 8 92 37 74 74 245 
36 84 41 84 69 93 5 
33 22 35 62 23 93 136 
68 41 80 5 6 57 256 
62 69 18 93 56 100 271 
13 4 48 29 29 9 197 
81 37 93 5 60 5 313 
84 61 102 78 49 22 228 
69 14 35 70 19 99 299 
17 25 92 15 95 36 83 
19 89 35 96 85 87 359 
6 89 2 48 55 88 318 
10 18 17 9 80 13 181 
92 15 61 12 12 77 261 
14 3 91 67 70 59 267 
73 69 84 66 37 70 256 
28 35 23 66 14 97 27 
9 77 9 17 26 78 112 
77 76 86 75 12 26 377 
88 13 83 86 31 15 153 
52 35 45 45 45 83 263 
82 40 48 100 81 60 23 
28 85 52 46 83 40 395 
94 101 93 26 46 72 165 
24 42 82 84 85 71 232 
44 66 74 83 96 65 386 
39 39 77 33 68 89 245 
30 33 42 50 76 42 237 
36 54 21 101 13 26 237 
99 69 18 99 91 51 341 
21 81 66 89 77 4 226 
63 18 95 79 85 82 384 
12 41 36 10 31 101 35 
14 55 83 85 41 39 164 
73 61 36 80 40 78 39 
54 78 64 101 40 4 298 
38 27 24 30 46 66 356 
29 84 90 62 52 77 31 
28 85 5 39 68 17 370 
59 61 102 47 6 87 237 
65 75 11 93 98 37 308 
29 61 58 97 75 54 177 
79 48 20 91 3 4 107 
96 60 65 74 89 84 325 
68 24 85 42 81 31 262 
11 81 71 55 42 34 403 
25 49 44 95 65 50 326 
15 84 58 5 85 34 284 
16 49 20 11 55 98 251 
39 75 57 96 25 81 278 
69 51 38 63 72 29 287 
13 23 81 26 37 102 216 
43 29 38 98 99 97 387 
35 53 46 89 38 39 354 
77 88 101 42 70 14 193 
35 22 44 15 7 101 15 
28 41 87 21 98 11 393 
48 21 100 28 87 75 139 
100 94 76 37 92 86 150 
37 82 86 68 90 8 32 
8 96 85 94 97 93 31 
14 60 70 41 31 92 117 
69 3 16 86 40 15 144 
31 70 80 17 18 69 370 
61 3 55 10 5 91 163 
28 17 36 91 84 29 352 
35 8 97 63 95 10 278 
81 72 84 52 94 74 317 
27 7 79 82 27 19 218 
59 17 33 28 3 91 169 
88 82 97 58 89 51 389 
64 85 56 24 61 25 325 
33 72 61 13 18 64 3 
12 59 11 59 12 35 312 
93 66 38 94 21 29 379 
93 89 95 8 25 84 259 
24 25 60 68 96 76 108 
47 74 17 87 29 43 313 
24 87 101 79 18 21 291 
21 20 32 41 98 89 165 
85 68 7 95 82 39 359 
37 54 94 18 61 52 188 
94 23 9 95 88 18 279 
4 96 31 9 65 94 14 
6 29 29 101 89 88 254 
9 12 94 49 6 91 359 
36 10 63 59 71 27 113 
100 25 48 11 73 74 331 
74 78 88 18 47 87 124 
26 67 19 74 66 86 348 
13 17 48 84 30 82 279 
89 70 52 97 69 78 30 
6 82 91 18 16 83 144 
37 9 33 61 5 60 41 
44 46 87 7 44 44 355 
10 2 29 45 94 15 347 
9 37 24 80 12 25 84 
87 30 58 52 5 52 311 
10 18 25 26 24 61 181 
27 68 92 27 35 22 390 
82 64 76 24 70 52 114 
73 11 84 96 36 91 236 
18 31 57 41 94 13 3 
87 7 21 71 56 43 336 
71 34 55 78 5 27 22 
68 84 30 36 2 51 152 
9 43 32 90 71 89 40 
38 37 88 43 11 97 389 
59 57 55 16 11 47 10 
79 31 20 33 67 55 202 
49 29 7 94 64 65 318 
65 90 83 87 56 75 136 
99 69 37 96 31 12 38 
29 77 23 93 5 37 124 
14 14 59 6 36 62 364 
10 83 52 49 34 20 383 
69 74 31 57 74 71 326 
64 85 39 38 45 42 84 
54 86 3 61 30 50 211 
78 26 83 22 15 46 361 
88 87 49 99 94 17 247 
5 94 38 33 68 52 204 
31 22 71 93 21 71 232 
99 51 90 6 72 44 370 
49 50 36 61 27 93 313 
100 92 41 53 27 62 198 
94 67 29 64 99 4 192 
6 14 31 96 77 34 361 
39 61 95 24 75 72 230 
46 4 74 43 61 75 129 
32 32 42 96 11 10 23 
86 63 44 75 43 46 176 
38 7 67 52 62 90 251 
33 47 30 55 92 94 196 
65 57 23 40 30 17 303 
83 91 102 68 25 85 218 
100 54 52 34 28 15 34 
