4 8
200
31 31 90 53 419 
14 40 98 61 366 
37 55 99 102 730 
72 56 57 21 216 
53 36 81 35 1447 
12 97 78 89 526 
58 32 74 50 1536 
56 52 9 75 953 
87 14 86 68 1210 
39 10 73 41 1599 
94 60 20 53 511 
97 52 57 64 256 
19 64 10 29 1076 
7 83 51 8 1485 
22 49 84 63 465 
41 52 15 61 841 
4 26 39 91 662 
101 14 23 18 1616 
6 97 47 60 675 
25 6 59 2 1132 
58 61 67 50 1272 
47 78 59 24 1503 
47 39 99 13 218 
95 27 21 89 1099 
95 62 35 9 1426 
27 4 26 22 94 
37 96 15 91 1553 
46 61 92 13 1558 
24 57 100 26 888 
68 100 36 47 786 
100 87 72 35 1251 
98 28 60 63 861 
45 54 40 19 930 
53 26 9 18 1133 
36 37 9 93 736 
40 64 10 54 343 
29 70 81 74 124 
52 26 82 15 1613 
20 2 31 61 854 
72 19 84 69 59 
44 93 21 77 224 
65 80 80 90 633 
37 20 8 42 422 
78 75 68 11 116 
29 46 96 19 841 
36 8 51 41 1227 
23 82 43 51 1286 
38 51 6 60 725 
74 48 94 76 1046 
2 96 91 35 1253 
99 53 74 62 1252 
100 99 4 26 1298 
59 31 41 15 294 
57 79 59 63 1469 
28 71 10 67 568 
83 54 22 55 836 
42 19 18 64 1284 
72 10 82 74 1322 
41 49 82 80 1425 
45 8 82 58 153 
26 39 31 45 823 
29 45 9 28 1555 
48 79 51 75 645 
42 15 79 36 789 
49 98 87 82 837 
81 91 32 80 1490 
77 74 66 45 452 
5 90 75 14 843 
29 3 57 79 576 
64 100 9 41 767 
32 31 48 10 1017 
29 53 51 94 1165 
40 15 32 36 328 
76 15 8 47 590 
54 42 67 84 355 
48 44 11 47 1457 
83 84 93 33 995 
48 28 58 83 11 
54 42 83 43 228 
15 73 22 59 1007 
51 95 64 5 1548 
92 66 65 88 260 
87 45 6 4 1478 
58 25 101 75 1204 
49 59 27 46 1371 
15 61 27 71 141 
77 24 54 85 662 
90 21 90 38 1154 
84 65 72 67 251 
11 37 81 52 947 
92 74 49 85 238 
94 70 20 21 1343 
33 41 97 80 661 
66 93 23 64 40 
38 37 65 5 1490 
86 90 61 31 1218 
79 82 76 13 300 
5 77 71 70 799 
22 3 71 56 641 
45 70 94 27 843 
21 16 19 50 354 
57 11 46 94 496 
6 11 91 46 87 
53 67 86 62 611 
91 24 55 15 1339 
37 69 11 66 788 
18 98 36 80 915 
65 65 29 91 1036 
96 33 79 40 736 
14 15 26 50 1433 
80 86 34 89 1026 
99 64 6 68 1415 
90 2 82 45 235 
10 76 13 90 695 
90 40 97 98 714 
60 47 16 70 1149 
24 45 63 78 1143 
34 66 49 17 972 
3 61 63 4 1230 
95 53 36 26 608 
39 4 38 8 1626 
42 90 38 46 87 
54 49 38 97 1052 
47 41 6 76 1337 
46 29 98 31 680 
31 79 95 23 821 
9 13 93 33 539 
23 9 57 78 488 
46 30 5 12 129 
56 26 68 40 490 
56 49 62 44 1521 
12 7 9 66 1158 
65 97 17 96 1608 
42 59 7 64 716 
40 86 30 46 620 
18 26 89 23 1435 
7 13 57 93 1569 
62 53 51 40 371 
17 2 93 7 1089 
51 14 12 13 1099 
99 21 6 96 1493 
72 20 18 6 1256 
88 21 88 78 1079 
54 42 27 99 627 
91 10 69 42 466 
40 96 25 79 1452 
6 16 78 56 1484 
88 10 63 101 433 
44 37 47 63 593 
99 16 16 41 239 
11 90 14 75 1272 
91 54 66 68 867 
78 97 41 17 1192 
74 45 34 87 1308 
47 80 27 73 1574 
57 65 8 5 518 
26 82 86 64 1303 
18 4 5 78 34 
36 46 98 48 825 
49 97 32 90 1047 
56 84 31 61 1143 
33 65 43 78 379 
28 47 62 36 474 
98 14 79 37 929 
72 42 58 86 751 
3 85 81 22 816 
62 36 21 41 1267 
44 53 27 94 803 
56 62 29 55 1248 
91 85 64 19 884 
37 20 96 33 1532 
16 28 47 15 1130 
50 86 23 28 1036 
94 29 23 58 1424 
48 89 87 88 56 
12 15 5 9 933 
19 23 64 68 247 
44 42 90 48 1036 
17 8 14 25 21 
72 42 2 91 1384 
64 65 8 32 140 
50 36 10 30 1373 
3 25 40 58 847 
29 24 57 13 358 
54 41 77 95 1172 
42 77 63 87 548 
72 15 16 24 1547 
57 17 34 60 1093 
10 33 62 63 1019 
95 69 58 73 1210 
50 87 91 69 535 
26 89 15 60 1117 
75 74 25 96 228 
90 11 18 63 1582 
14 92 99 46 227 
23 80 16 32 1294 
75 22 92 13 1398 
87 26 48 92 1162 
70 5 75 91 1536 
38 10 68 50 1210 
