8 6
200
7 2 60 81 58 55 42 96 450 
48 52 94 17 100 22 85 4 440 
50 49 48 18 60 35 18 93 871 
12 19 68 49 95 4 63 73 479 
83 100 68 66 23 74 15 37 824 
23 86 15 75 43 46 60 44 1122 
40 91 44 27 64 67 84 32 952 
73 100 59 92 56 29 83 4 44 
72 86 28 76 5 25 68 97 82 
60 39 78 23 91 53 12 25 1007 
99 58 38 3 84 93 96 44 449 
13 33 32 88 94 41 43 90 709 
68 67 88 21 62 69 60 25 1139 
4 52 11 8 83 33 47 86 566 
70 71 4 37 81 63 88 57 791 
78 74 47 39 82 3 95 46 713 
98 79 98 71 45 61 100 95 1125 
29 7 52 101 43 10 95 75 244 
58 32 88 28 35 6 4 84 628 
50 67 72 11 14 38 75 51 82 
52 101 28 45 40 89 71 61 615 
16 79 33 38 47 9 83 39 176 
75 72 46 93 68 63 10 51 344 
24 20 95 16 29 94 4 44 917 
96 15 94 101 59 76 56 90 66 
22 14 22 65 30 77 24 102 970 
64 61 34 67 37 90 61 49 499 
59 2 52 41 37 4 34 89 292 
24 76 15 72 39 80 57 90 465 
10 61 92 20 94 29 15 41 1023 
45 31 81 6 42 12 35 99 1072 
57 83 79 20 34 43 53 102 323 
68 94 24 56 12 49 53 53 1080 
52 41 10 25 28 97 21 91 711 
47 20 35 4 39 42 93 2 80 
63 92 29 51 69 94 3 48 578 
64 91 21 33 55 92 24 85 706 
81 34 57 84 101 44 85 8 997 
95 66 58 83 65 12 43 92 743 
63 3 75 18 25 82 50 59 6 
41 16 67 46 82 56 85 14 837 
53 81 93 87 68 63 13 10 1008 
93 82 28 11 93 65 31 63 999 
87 65 11 78 36 45 44 46 1132 
18 51 86 4 101 53 43 92 133 
72 79 38 14 8 17 99 59 933 
76 32 25 4 16 21 74 100 602 
61 78 47 50 44 24 70 97 714 
100 91 83 77 70 3 55 61 1030 
48 75 59 96 80 79 68 70 176 
71 16 37 67 32 3 4 84 173 
68 24 36 16 46 13 59 101 826 
97 102 64 24 51 57 37 28 303 
94 67 99 70 84 77 9 101 983 
25 36 61 82 75 88 89 89 457 
52 34 31 48 39 81 12 74 831 
54 49 67 82 31 6 79 12 212 
18 100 42 62 9 47 33 35 798 
10 17 29 78 37 64 20 87 1157 
98 48 30 20 60 12 9 57 636 
17 46 6 57 5 65 71 72 1091 
99 92 27 86 17 6 16 4 700 
43 78 14 5 63 46 11 83 786 
92 100 42 33 55 54 95 17 1096 
63 55 14 66 10 67 75 23 1164 
72 14 33 26 6 58 55 68 965 
42 14 84 62 48 24 101 81 884 
51 68 40 75 93 102 17 55 595 
48 79 71 49 32 42 51 42 849 
36 68 96 86 80 89 75 55 39 
9 3 9 92 68 31 95 26 676 
60 99 23 33 11 53 10 9 1096 
12 96 85 44 13 8 55 67 162 
80 68 90 53 102 40 99 9 646 
43 58 13 42 56 8 87 93 521 
50 5 59 45 78 73 99 65 727 
22 67 91 3 39 3 18 17 714 
69 9 99 86 36 4 100 68 627 
81 72 42 79 59 22 66 7 763 
58 37 92 19 56 39 80 78 523 
65 43 21 12 27 41 50 20 1039 
47 67 71 57 47 11 22 20 1136 
22 46 9 71 39 34 41 61 979 
70 52 55 63 7 60 61 37 316 
34 71 48 2 31 41 37 21 492 
96 3 91 83 99 38 46 61 401 
37 96 6 89 73 67 61 81 834 
34 86 61 13 98 12 85 90 601 
49 22 17 70 36 20 94 47 715 
92 90 54 19 19 49 27 26 501 
24 47 100 83 43 52 73 5 424 
83 85 7 81 99 12 89 99 477 
20 69 62 88 97 29 9 71 1124 
18 17 69 15 88 75 72 64 522 
53 69 81 67 98 34 85 13 756 
56 13 92 45 32 22 10 9 690 
83 38 52 73 76 74 60 58 1070 
69 70 100 34 11 38 69 38 371 
62 55 73 30 5 85 67 55 704 
4 75 87 49 7 80 18 90 323 
94 82 95 9 9 43 46 18 529 
66 23 4 57 78 96 92 50 660 
87 55 35 69 8 22 16 58 1012 
4 22 65 21 18 23 11 77 681 
39 55 48 32 86 89 42 3 392 
57 49 99 93 59 59 27 33 429 
96 27 75 74 95 53 60 44 1179 
82 47 7 83 47 3 41 55 1161 
10 57 72 48 29 8 91 61 115 
87 13 65 9 96 87 88 18 613 
84 67 62 98 74 44 92 62 680 
29 76 4 99 54 7 64 19 926 
67 49 100 70 86 36 43 75 382 
36 75 53 22 97 32 53 59 1076 
36 14 85 30 58 68 52 64 1036 
10 90 61 60 47 79 12 23 838 
54 16 83 29 56 101 12 58 1070 
7 8 81 74 48 97 19 30 62 
94 39 93 34 19 24 51 36 1036 
74 78 31 75 13 76 63 101 520 
9 10 60 86 20 101 81 48 681 
7 38 44 66 43 19 75 19 1025 
79 22 99 61 80 22 17 41 990 
61 33 98 7 13 50 55 12 247 
49 10 21 94 55 74 68 46 1204 
45 10 36 13 3 95 92 86 958 
47 50 32 40 71 81 21 22 175 
62 102 26 96 13 34 99 28 108 
66 87 70 28 94 36 24 74 374 
48 49 33 4 17 29 72 10 753 
92 11 41 42 75 34 59 9 542 
76 51 99 5 17 77 87 28 1210 
13 21 58 98 18 99 51 74 891 
85 60 87 100 26 5 72 8 205 
72 26 14 37 70 88 92 50 285 
35 46 35 58 19 91 30 61 1080 
8 97 95 44 94 3 62 76 602 
62 78 26 96 34 10 60 17 26 
89 77 53 72 8 70 76 17 348 
42 30 42 97 71 67 17 67 143 
26 30 34 13 78 96 39 32 877 
101 42 13 27 99 4 89 43 1025 
39 38 91 27 69 78 75 22 566 
11 66 9 61 80 70 98 37 1068 
71 78 102 59 35 78 98 77 923 
19 17 33 40 10 30 84 80 357 
24 101 63 58 40 58 50 30 807 
67 42 63 46 30 64 17 20 796 
86 82 4 16 31 94 3 58 60 
18 73 58 81 79 2 41 76 444 
29 15 40 46 11 8 12 34 435 
16 75 89 70 25 92 65 100 1199 
29 11 72 71 57 84 53 35 691 
12 88 65 63 7 56 28 91 57 
29 42 74 98 6 99 58 89 1009 
20 50 50 68 17 82 4 14 798 
68 60 60 58 95 78 51 2 559 
75 55 71 35 44 36 88 38 708 
28 33 7 75 15 70 102 35 1041 
10 46 73 85 61 95 91 62 380 
49 73 49 98 49 6 53 86 421 
16 87 8 16 82 81 24 78 993 
62 95 47 92 58 62 93 43 684 
77 92 96 78 46 84 5 41 802 
13 33 86 3 24 31 36 88 585 
81 96 67 94 63 85 14 31 822 
88 59 17 89 7 7 50 78 1148 
43 40 44 26 13 42 15 13 555 
99 60 73 18 58 72 14 14 585 
93 85 31 13 66 16 17 20 1009 
53 26 28 81 56 47 37 95 591 
8 58 85 26 80 52 40 17 865 
98 72 3 47 76 95 60 59 1144 
67 32 76 29 11 95 60 65 1062 
21 21 7 28 83 64 24 8 688 
67 69 7 81 75 51 46 21 589 
83 8 52 35 23 99 54 72 777 
76 81 48 92 68 18 65 21 1176 
68 72 91 41 25 70 39 95 1096 
91 88 59 26 85 92 47 79 698 
39 88 100 10 76 13 101 49 342 
12 77 3 91 17 56 55 80 596 
61 44 85 84 98 30 9 65 1024 
8 52 97 58 47 91 61 28 394 
100 60 98 80 43 78 42 29 221 
91 2 73 5 73 7 44 88 434 
76 57 92 72 2 13 29 95 1191 
35 56 32 13 32 91 24 57 250 
54 84 3 9 44 71 12 21 770 
14 5 81 92 16 61 56 86 871 
44 31 60 87 53 50 80 9 900 
90 80 72 84 83 18 87 92 54 
37 69 16 24 61 84 50 17 1097 
20 45 41 74 59 48 20 83 320 
65 69 33 55 31 36 97 25 503 
95 32 24 65 7 27 56 22 213 
59 22 71 78 39 38 61 62 789 
36 18 23 26 67 2 92 24 280 
75 84 41 81 28 39 43 57 1039 
70 58 40 17 19 40 30 62 743 
