8 6
200
45 82 35 23 20 50 29 75 305 
32 73 60 96 79 81 3 58 384 
23 49 53 72 27 51 86 26 37 
33 85 81 29 73 12 91 95 1039 
73 34 95 101 35 58 75 95 508 
29 29 69 11 52 90 91 38 236 
12 75 57 86 39 96 47 98 1098 
48 5 2 50 7 86 96 32 301 
40 24 16 97 98 34 9 58 1190 
38 24 35 92 40 37 93 80 253 
32 88 97 101 56 39 68 29 1100 
43 81 23 85 17 22 66 52 177 
7 18 78 25 79 83 99 11 900 
59 58 67 67 59 29 65 66 537 
32 42 70 79 30 71 44 68 944 
78 55 9 15 28 90 23 88 766 
46 9 11 16 3 47 66 12 871 
27 79 24 96 21 53 78 36 131 
48 30 89 9 83 13 6 23 682 
68 46 32 80 46 74 67 21 695 
36 18 40 25 15 21 100 20 1094 
57 84 36 58 38 94 79 76 701 
77 39 29 100 12 82 91 100 799 
43 49 35 53 32 102 96 44 218 
74 25 18 71 11 65 24 51 485 
24 12 10 40 3 72 16 91 1010 
32 38 9 60 36 17 55 59 868 
59 6 54 36 64 96 76 7 626 
44 9 30 66 79 63 43 69 1069 
59 6 48 65 38 42 19 66 79 
13 16 91 2 17 54 94 67 546 
90 90 51 16 65 98 20 75 1012 
56 68 61 48 19 69 30 98 656 
27 96 70 13 19 99 90 65 1114 
64 43 94 78 74 14 18 55 979 
41 45 42 53 47 65 60 65 1206 
49 67 98 25 74 21 100 69 873 
78 78 73 53 29 102 7 59 388 
93 80 96 49 32 66 89 91 661 
15 76 51 7 56 56 101 42 1206 
97 41 71 75 80 6 43 42 942 
11 90 18 42 48 90 34 69 1041 
6 2 37 34 38 85 67 87 1141 
24 73 24 19 55 89 3 12 216 
65 20 2 92 8 92 89 80 23 
40 75 30 63 75 89 71 96 490 
66 64 5 88 10 95 13 20 841 
57 94 37 31 41 38 72 71 593 
87 17 96 47 47 60 83 29 150 
67 63 100 37 51 60 49 40 585 
16 79 12 9 80 90 23 35 1051 
69 11 36 95 93 6 41 86 976 
48 21 20 47 6 83 83 48 700 
73 21 45 79 85 3 90 58 1127 
40 80 38 8 26 14 74 17 218 
80 74 73 95 99 67 81 3 237 
32 71 75 31 28 34 33 53 170 
45 92 28 34 7 36 14 2 71 
45 42 97 8 75 92 66 5 906 
88 79 24 80 100 84 84 60 1069 
21 11 54 6 77 75 100 32 304 
93 48 70 39 83 98 61 37 749 
26 26 98 85 67 25 60 46 898 
93 67 94 47 52 49 49 95 1114 
56 41 66 24 10 45 67 74 695 
8 52 98 28 21 65 23 60 420 
93 38 46 31 48 33 102 9 797 
35 49 98 23 92 90 7 8 1175 
99 4 18 55 20 95 69 54 1155 
79 67 48 31 26 94 15 58 694 
49 27 95 35 24 4 80 34 319 
63 87 62 10 23 15 69 26 679 
21 40 20 54 64 96 39 24 505 
21 6 24 5 10 36 34 61 985 
5 66 82 16 77 88 69 8 812 
36 71 47 35 64 2 39 96 218 
40 97 65 101 98 102 62 61 343 
6 60 79 28 78 64 35 66 735 
77 7 65 34 87 58 30 5 654 
99 88 44 24 68 16 18 95 782 
19 6 69 82 56 18 60 65 588 
91 10 95 85 2 99 42 64 1094 
57 9 12 9 73 96 48 66 891 
87 84 94 65 12 85 100 18 738 
95 97 53 49 76 24 10 41 1161 
63 16 88 47 84 6 27 64 1059 
56 11 35 76 36 92 45 75 998 
58 29 100 11 86 87 39 50 817 
40 10 35 90 101 34 101 88 612 
89 42 2 89 39 50 99 46 77 
29 21 63 63 6 3 43 54 148 
99 53 32 3 10 36 40 89 661 
56 69 12 3 77 50 42 58 399 
83 71 91 51 14 42 81 12 351 
7 79 6 34 49 50 22 4 422 
22 88 35 68 51 53 96 45 949 
98 28 46 15 24 49 70 61 1009 
25 50 41 91 25 100 7 34 122 
52 24 22 64 83 75 16 21 866 
102 17 22 41 57 71 65 84 1035 
86 94 57 59 66 90 67 100 662 
97 33 65 37 63 19 43 46 265 
60 36 47 74 102 4 78 70 540 
65 86 95 72 29 42 15 23 493 
57 95 60 34 99 86 21 20 1085 
10 67 56 5 100 12 50 7 595 
42 14 95 55 82 97 46 5 168 
63 27 6 25 24 42 79 88 630 
65 28 39 63 55 83 16 71 45 
92 62 88 84 25 24 94 75 108 
50 4 15 65 90 96 72 60 1144 
86 87 45 16 28 13 61 86 961 
14 81 62 13 41 14 94 56 529 
29 81 4 85 33 51 33 31 1039 
41 2 41 45 93 97 90 31 1030 
62 78 35 77 25 40 45 82 1156 
51 38 64 3 74 36 53 45 967 
93 4 55 96 85 99 29 22 1028 
42 71 89 67 26 12 29 33 955 
12 55 57 66 41 53 56 84 1135 
25 39 31 7 94 51 18 99 338 
33 68 95 38 50 5 56 5 143 
9 86 15 54 76 42 58 43 1101 
26 29 64 4 42 3 6 6 1015 
57 37 79 41 51 29 85 99 796 
87 75 6 54 11 38 42 49 1203 
82 73 66 90 51 53 61 94 851 
67 30 28 95 34 46 22 101 843 
37 70 37 88 72 79 77 73 832 
88 73 20 29 65 94 4 27 408 
21 69 87 28 82 59 59 20 839 
41 94 43 62 34 12 69 7 971 
65 96 3 89 15 81 85 75 262 
54 40 67 36 92 9 13 3 394 
85 11 90 81 31 54 11 39 960 
29 28 41 10 62 60 15 41 377 
34 35 56 9 45 9 37 8 968 
5 7 4 36 51 34 80 86 1171 
93 87 67 51 80 78 2 58 580 
85 46 81 9 23 53 79 81 833 
80 79 68 83 45 25 75 7 392 
78 95 79 9 31 78 65 24 665 
67 85 57 80 9 89 62 55 758 
2 98 86 53 59 72 66 2 88 
32 12 43 45 78 75 46 26 779 
72 78 17 5 46 101 99 13 1174 
15 102 72 81 24 93 63 75 118 
50 28 37 9 45 31 71 35 153 
15 25 9 84 36 85 25 91 939 
49 99 54 87 56 48 76 53 12 
39 53 90 53 84 5 65 98 1200 
30 65 35 88 36 14 88 86 1089 
91 33 68 89 57 34 16 16 923 
60 65 74 92 36 95 30 34 1000 
26 64 43 6 21 40 87 97 329 
46 64 65 42 101 71 59 87 243 
37 52 98 58 39 70 30 7 415 
28 41 31 42 59 4 32 64 271 
50 87 14 30 4 62 8 72 634 
14 20 65 5 35 51 75 95 998 
88 71 28 74 78 16 6 61 692 
100 6 6 63 12 39 49 11 1219 
10 9 50 38 52 68 19 18 1066 
72 25 8 82 69 66 23 46 1140 
98 78 12 100 26 45 6 10 812 
49 53 10 28 58 26 51 67 1051 
35 52 21 61 58 62 29 35 448 
52 20 38 42 43 68 46 53 400 
92 13 85 8 34 44 2 71 801 
81 46 69 84 33 5 80 89 1149 
76 39 22 52 72 93 8 55 1105 
32 9 12 44 84 7 94 61 665 
5 30 20 78 61 88 96 50 1093 
71 71 89 36 64 55 74 72 171 
14 42 42 94 101 81 54 72 763 
57 39 64 64 92 73 50 78 734 
78 100 80 36 58 24 3 39 1035 
5 98 47 59 72 15 93 81 239 
16 12 30 41 26 91 26 41 141 
29 9 80 17 87 88 95 98 875 
38 80 86 20 93 65 96 51 909 
19 100 68 51 73 13 54 36 799 
34 38 76 91 12 19 13 76 361 
8 90 13 61 66 76 43 57 12 
37 99 22 68 47 78 16 9 497 
47 80 38 69 65 53 23 64 733 
100 48 71 69 9 19 35 90 740 
65 60 37 94 10 18 12 19 463 
48 68 93 100 77 5 78 68 1177 
95 41 27 62 40 4 16 45 109 
34 70 92 5 34 59 17 53 604 
8 55 72 22 59 48 15 77 1168 
71 2 73 68 93 43 23 42 608 
37 6 21 35 80 67 9 80 598 
50 44 36 36 84 26 56 73 158 
28 75 83 81 48 65 9 48 531 
39 69 79 51 85 94 9 82 581 
32 75 77 7 15 81 100 68 403 
64 36 20 50 14 22 30 96 819 
70 59 59 58 28 34 23 72 141 
