4 4
200
27 11 29 38 636 
92 86 55 35 193 
41 69 41 45 194 
27 26 70 95 51 
32 72 70 39 344 
11 76 52 57 48 
58 46 8 78 406 
35 86 9 37 777 
71 39 34 40 697 
52 21 32 77 743 
81 53 15 49 382 
56 43 93 96 564 
18 37 101 30 553 
97 62 65 96 737 
44 19 35 100 303 
95 40 32 53 751 
92 46 77 66 217 
7 33 61 31 778 
95 95 16 68 649 
36 40 7 72 741 
92 58 38 87 405 
64 20 17 12 441 
18 12 41 3 645 
73 62 37 3 513 
65 3 36 100 797 
50 5 68 21 23 
56 35 62 63 22 
36 10 92 16 524 
89 19 51 77 645 
84 56 14 89 68 
76 5 6 9 225 
90 24 40 89 12 
61 54 98 9 812 
85 52 81 101 366 
65 72 23 39 622 
49 54 61 21 127 
97 93 81 13 232 
53 31 55 35 117 
15 72 5 15 45 
37 23 44 78 781 
34 77 15 44 367 
6 85 68 33 660 
38 64 20 74 57 
69 75 87 81 397 
56 99 48 87 261 
95 69 10 34 341 
28 12 86 26 680 
22 80 39 68 199 
70 65 23 54 635 
52 54 33 8 310 
64 38 65 29 344 
37 31 30 13 423 
39 77 37 92 450 
28 81 97 90 710 
91 38 21 57 656 
93 78 96 9 665 
43 38 4 96 650 
92 49 58 84 396 
93 52 29 16 713 
95 30 34 99 422 
73 59 45 21 398 
28 18 10 49 419 
61 37 23 31 88 
3 75 43 12 530 
81 24 15 42 784 
41 11 7 70 711 
64 46 98 57 84 
86 95 84 47 434 
76 42 12 32 730 
58 30 99 6 704 
22 89 24 34 595 
51 46 5 25 77 
19 13 42 62 725 
17 41 68 21 217 
10 93 98 59 744 
41 15 85 52 331 
13 14 3 83 548 
77 24 66 85 499 
42 92 61 38 292 
64 102 52 44 609 
19 65 80 79 637 
31 94 67 43 279 
38 63 55 85 802 
8 12 61 94 115 
95 77 85 60 703 
21 34 61 23 237 
41 64 43 78 194 
50 35 26 5 311 
85 60 25 51 202 
81 39 79 40 244 
54 43 60 30 670 
44 81 23 93 485 
100 34 45 14 775 
76 22 79 61 408 
75 88 57 56 253 
37 54 37 35 59 
84 57 24 94 626 
100 6 15 96 665 
71 14 35 46 331 
53 16 13 56 413 
61 62 20 90 464 
68 88 6 99 387 
92 46 89 86 633 
45 13 54 38 795 
72 9 85 80 658 
62 54 13 16 655 
22 43 83 85 393 
24 39 36 37 85 
13 3 18 48 744 
27 27 51 69 798 
42 65 77 58 657 
54 79 42 9 787 
16 77 92 19 220 
51 65 6 38 454 
7 79 19 27 702 
71 92 39 88 455 
37 5 47 18 332 
60 68 27 4 781 
47 99 28 40 785 
38 13 102 22 346 
64 23 15 13 756 
64 48 51 72 94 
64 42 56 54 501 
13 33 75 78 565 
85 40 4 42 85 
10 53 80 31 408 
60 93 19 46 765 
16 92 36 26 637 
14 19 57 93 276 
8 46 76 79 697 
8 40 26 52 488 
26 21 75 3 693 
14 70 22 22 436 
73 24 12 60 385 
23 99 52 100 470 
68 85 13 9 37 
66 79 3 46 363 
22 69 69 86 570 
97 19 35 41 544 
46 99 36 40 509 
85 36 18 32 526 
10 90 27 95 768 
43 10 68 98 172 
37 69 78 78 273 
6 57 27 90 424 
6 66 13 34 114 
71 51 75 46 172 
32 62 73 81 294 
34 44 76 92 239 
89 53 38 20 259 
79 22 60 6 475 
30 11 30 80 492 
46 79 96 81 208 
94 37 24 78 744 
77 98 99 42 13 
65 84 37 61 528 
56 30 95 102 302 
50 92 71 88 758 
23 34 95 21 749 
57 50 97 67 304 
54 31 63 29 464 
83 26 20 5 779 
48 76 71 16 56 
18 86 96 44 628 
4 68 38 85 574 
45 5 80 50 381 
17 89 72 24 102 
27 69 69 45 457 
27 74 68 93 380 
49 65 81 15 618 
73 56 54 90 291 
88 95 80 58 113 
80 48 72 58 657 
62 6 49 3 667 
51 19 53 88 425 
31 2 47 38 194 
82 26 67 75 618 
63 37 84 89 215 
34 91 12 32 640 
81 5 11 12 710 
45 18 80 33 221 
56 5 68 38 52 
88 50 44 35 274 
55 83 99 83 158 
27 24 63 77 405 
61 9 23 10 596 
29 93 37 51 662 
67 49 36 48 179 
61 71 48 82 331 
86 50 80 98 206 
100 8 30 93 507 
22 57 5 83 552 
49 84 60 65 650 
96 15 94 54 561 
9 49 53 61 496 
58 79 82 37 535 
14 31 27 85 612 
23 65 45 89 498 
12 46 55 80 609 
79 13 84 3 377 
