6 2
250
33 97 87 19 34 79 58 
63 51 38 33 78 97 264 
15 20 49 72 86 31 54 
90 22 26 19 45 22 46 
79 15 47 3 75 47 52 
22 22 83 2 86 43 390 
100 54 81 25 63 85 98 
102 50 83 75 80 17 178 
78 63 2 91 59 5 342 
38 94 32 5 51 54 383 
99 69 72 101 90 19 368 
70 47 96 85 39 89 317 
67 66 30 96 32 71 181 
61 83 13 30 40 14 253 
62 52 22 13 33 32 12 
83 12 76 92 100 55 33 
18 8 8 22 18 8 290 
30 3 11 21 85 52 156 
88 61 73 52 8 30 35 
97 77 74 7 59 77 342 
56 56 6 34 18 38 177 
77 7 9 24 7 93 132 
50 13 94 50 82 66 389 
53 5 42 94 27 102 88 
33 37 17 60 33 89 303 
49 7 89 69 15 97 47 
57 66 30 2 40 78 191 
66 82 59 79 13 90 12 
53 66 42 93 39 24 183 
72 94 66 76 6 60 7 
8 6 83 69 72 86 394 
40 14 94 89 26 77 271 
57 60 83 23 101 74 392 
42 50 78 78 75 68 346 
74 66 28 36 20 47 240 
78 78 12 43 6 8 54 
54 50 6 15 49 80 62 
37 85 55 7 88 7 268 
58 7 92 99 20 14 272 
50 67 55 8 31 10 323 
83 73 82 97 68 85 359 
102 74 65 28 90 72 154 
83 75 31 34 42 95 81 
73 22 46 88 96 48 20 
85 53 10 20 73 38 218 
14 75 12 22 24 80 232 
35 29 73 32 44 31 274 
94 26 76 91 17 62 42 
53 38 11 74 39 86 71 
22 58 10 19 36 86 282 
2 21 14 21 17 65 157 
95 76 58 54 19 39 371 
29 36 30 58 78 45 251 
40 4 50 87 96 42 54 
73 64 15 9 47 100 374 
7 64 72 101 99 74 235 
64 54 22 22 48 28 381 
24 82 63 60 43 10 256 
19 66 36 24 25 27 91 
14 46 47 75 41 101 91 
74 60 59 81 74 6 310 
51 31 67 50 15 22 202 
84 54 51 6 92 31 359 
100 38 80 76 48 37 205 
11 77 49 9 29 73 205 
24 6 81 71 6 89 278 
37 71 76 12 8 75 122 
94 98 71 51 72 36 302 
24 82 7 27 70 28 168 
56 20 43 88 50 101 247 
50 72 36 89 44 22 259 
69 6 66 43 65 22 69 
81 79 60 59 40 78 408 
26 76 46 37 63 29 332 
53 35 26 60 75 71 182 
27 37 64 29 16 13 224 
78 43 86 8 7 26 304 
43 85 31 13 25 62 97 
99 92 54 84 95 84 69 
73 42 85 91 53 74 221 
44 98 32 26 67 47 199 
34 62 31 57 5 9 41 
52 97 49 52 11 23 119 
47 13 48 23 31 40 24 
3 3 19 56 54 22 403 
89 101 89 60 17 77 263 
32 24 29 92 77 9 84 
48 38 41 45 53 27 396 
87 86 5 39 9 45 129 
61 15 3 52 89 13 259 
97 62 94 96 48 67 63 
90 21 33 56 33 87 225 
67 80 14 3 97 4 10 
17 86 23 10 34 35 293 
12 27 42 90 98 59 208 
78 49 51 7 63 84 395 
67 74 85 78 60 78 381 
37 92 51 93 11 63 327 
78 73 88 16 34 45 322 
96 93 68 37 30 6 364 
33 65 99 37 22 7 207 
14 41 34 76 59 80 304 
38 93 99 89 98 73 3 
78 65 93 31 41 20 291 
83 19 43 32 74 6 19 
29 54 59 92 58 32 260 
34 55 42 77 67 6 237 
2 71 50 34 36 91 226 
101 8 8 83 89 81 130 
24 93 46 87 76 72 38 
40 42 100 42 43 39 178 
12 52 56 76 16 15 329 
50 96 100 40 18 51 114 
48 53 11 71 52 34 46 
65 99 92 93 36 51 254 
30 52 95 95 54 14 364 
58 54 9 75 68 53 299 
99 48 49 60 23 83 375 
92 91 73 93 7 35 194 
55 66 84 82 66 20 85 
46 7 47 65 39 40 369 
101 3 98 86 83 40 268 
52 45 35 15 70 72 158 
63 24 4 49 81 44 12 
90 27 95 4 35 55 220 
43 4 97 86 45 3 371 
90 76 8 26 97 84 14 
22 51 69 98 50 84 337 
85 45 18 60 98 90 46 
78 5 84 50 87 14 40 
44 40 30 27 71 50 300 
50 98 25 86 62 101 276 
78 28 8 86 73 73 238 
61 81 28 49 15 82 49 
74 26 78 12 72 96 321 
12 41 74 82 36 11 146 
49 95 76 38 91 45 407 
79 78 66 16 42 53 340 
62 4 80 57 69 64 310 
73 49 76 92 8 91 270 
89 36 6 39 64 25 48 
88 55 12 27 39 14 388 
50 14 99 32 44 97 207 
39 95 26 69 49 61 311 
48 102 48 85 56 36 367 
44 62 79 80 31 74 304 
51 70 32 33 52 83 97 
38 79 62 66 95 18 204 
43 82 72 17 65 37 164 
55 66 44 85 80 7 25 
54 21 53 15 25 78 360 
27 96 38 99 81 55 42 
25 88 21 63 20 42 8 
82 10 65 67 39 36 393 
6 90 50 74 78 20 341 
60 11 52 72 42 64 65 
88 35 21 87 84 32 124 
81 26 24 62 67 6 297 
14 91 50 89 44 94 89 
8 91 27 5 37 28 265 
79 70 93 80 80 88 382 
77 46 83 56 6 68 105 
67 28 14 13 16 13 191 
22 4 86 100 72 96 327 
47 96 84 49 6 67 10 
57 33 84 89 20 81 152 
46 69 34 39 27 98 170 
65 15 94 23 17 20 230 
68 9 82 10 94 16 123 
52 101 9 2 3 25 41 
97 32 26 98 34 11 311 
37 53 63 47 100 41 335 
83 91 28 91 49 48 363 
26 3 80 28 67 9 384 
70 27 39 26 75 34 277 
84 71 28 85 11 82 128 
58 22 66 96 77 50 283 
12 83 13 56 80 23 289 
31 47 72 69 4 84 274 
28 25 23 27 9 16 403 
23 3 7 40 68 60 279 
83 17 34 92 61 27 240 
46 28 72 97 13 99 219 
25 58 19 9 100 66 122 
98 45 71 70 35 72 362 
82 8 19 14 65 5 195 
33 39 78 45 59 10 334 
99 53 32 98 19 47 399 
47 91 33 70 95 41 347 
74 65 24 28 56 72 263 
22 55 85 50 96 8 378 
20 42 66 43 58 50 405 
94 41 75 18 27 93 147 
19 87 46 71 66 65 241 
76 57 19 5 40 20 314 
100 49 49 25 42 7 108 
50 70 29 40 93 88 326 
27 51 12 31 81 31 15 
69 41 81 33 45 36 182 
88 48 40 19 32 24 382 
93 27 95 87 88 12 281 
20 19 34 75 79 81 202 
8 10 76 62 91 76 127 
11 71 94 98 73 84 256 
23 91 22 63 65 88 138 
26 19 46 95 21 37 204 
23 49 60 68 57 97 328 
41 66 60 43 51 65 338 
59 3 91 17 30 8 394 
30 14 14 15 95 18 335 
93 32 69 72 41 83 357 
24 37 32 19 89 84 337 
27 64 22 17 25 53 274 
18 57 80 93 30 55 381 
37 48 55 64 81 100 196 
36 93 73 11 84 97 143 
68 61 100 43 26 16 12 
52 94 101 72 67 17 306 
77 90 81 13 30 96 355 
91 79 57 9 86 37 371 
73 51 7 44 57 34 206 
98 82 52 6 41 93 349 
55 56 94 16 85 75 245 
5 94 101 56 3 50 313 
84 45 36 42 81 14 322 
45 95 30 12 85 27 321 
10 31 9 90 5 4 148 
25 65 95 3 64 33 277 
59 9 90 56 86 75 59 
39 18 66 62 81 9 42 
63 66 7 2 50 83 387 
66 94 68 101 48 43 244 
83 43 42 19 83 13 355 
89 42 58 101 53 66 292 
14 45 30 25 97 28 251 
100 90 2 16 51 75 380 
17 24 57 40 35 57 228 
77 26 45 101 98 25 304 
26 51 4 99 19 25 209 
51 39 77 53 17 100 337 
55 41 6 33 40 96 294 
20 2 63 21 12 18 154 
20 88 27 101 5 89 306 
41 100 19 34 52 44 267 
87 82 89 20 58 75 90 
87 41 70 60 31 4 24 
51 43 80 9 10 16 129 
53 52 54 14 13 10 62 
43 89 101 90 54 9 138 
22 76 3 55 44 18 137 
