8 2
250
7 55 33 99 54 66 39 5 30 
100 19 22 77 23 3 97 46 301 
35 54 89 72 89 27 99 44 60 
81 3 47 87 94 24 68 74 309 
71 51 19 90 16 82 11 86 230 
6 38 44 27 22 43 29 25 112 
41 38 68 8 2 12 52 60 11 
64 15 27 100 11 51 27 27 388 
59 47 39 9 63 5 71 95 25 
74 56 83 6 60 71 97 29 150 
12 66 51 8 40 59 80 48 292 
33 8 30 95 102 97 48 72 319 
92 34 77 65 39 9 7 80 16 
24 60 57 58 5 84 15 17 254 
48 53 9 83 32 17 33 40 357 
80 81 56 88 60 90 93 7 386 
64 49 29 44 4 62 55 58 359 
18 77 4 48 82 87 35 102 80 
73 11 5 62 33 101 21 28 403 
51 38 2 70 67 101 89 53 277 
37 6 51 49 30 75 29 17 255 
87 35 101 72 55 61 71 22 390 
94 4 18 30 25 78 63 6 84 
90 50 12 6 60 31 19 100 389 
72 26 84 31 35 18 39 36 383 
102 82 85 43 101 48 5 97 200 
54 10 84 75 88 26 55 41 274 
55 83 76 72 54 57 65 100 393 
16 65 71 2 93 90 84 64 100 
39 48 51 66 3 65 82 68 368 
16 99 39 60 78 97 51 86 217 
21 31 29 30 80 3 51 91 132 
82 53 19 95 94 27 101 18 376 
20 91 83 13 92 89 67 52 8 
61 58 89 76 54 9 37 64 133 
99 10 70 51 17 14 33 2 60 
76 22 7 15 61 61 5 33 390 
74 10 42 42 66 30 101 92 136 
47 8 102 12 60 31 94 4 34 
26 71 76 71 82 92 75 93 121 
98 48 99 30 73 22 13 65 221 
95 59 47 42 52 26 81 88 383 
16 66 64 78 22 58 53 81 254 
24 6 30 52 70 75 101 5 181 
38 19 37 81 100 97 77 102 188 
65 86 21 51 92 96 98 60 113 
69 23 28 43 78 94 60 92 243 
28 45 91 74 43 49 82 45 284 
61 37 67 69 3 23 12 90 388 
45 74 16 36 56 11 47 34 336 
20 97 42 44 23 11 38 52 234 
59 93 45 75 71 49 26 39 97 
64 102 22 7 33 90 99 18 72 
47 93 90 81 28 11 67 64 198 
31 18 16 58 34 53 65 55 395 
54 72 6 69 12 19 88 85 135 
64 15 66 54 47 7 94 92 239 
71 80 67 36 10 8 101 98 85 
11 8 70 71 44 79 93 47 187 
16 81 83 73 95 45 78 4 204 
86 79 73 11 67 43 94 97 310 
34 20 64 99 70 16 99 79 318 
67 95 72 89 63 2 62 80 50 
79 100 86 24 60 8 59 17 78 
51 3 43 29 79 49 3 61 111 
85 18 12 69 76 19 67 13 40 
81 99 18 73 51 89 31 17 396 
93 12 62 59 43 55 98 50 311 
39 40 18 25 88 3 75 79 251 
3 12 25 70 59 49 98 79 74 
5 80 54 56 100 64 52 12 202 
69 29 78 59 73 28 42 30 300 
95 58 13 17 100 74 28 30 21 
76 26 56 15 63 66 38 95 286 
26 85 42 56 75 78 54 8 205 
88 47 41 99 29 30 76 5 86 
8 90 82 82 30 72 59 78 352 
97 56 68 14 23 80 58 18 185 
35 41 86 38 65 93 24 42 340 
67 79 98 27 41 60 45 31 24 
92 47 57 73 99 98 91 59 214 
86 75 26 63 43 13 85 43 263 
39 72 27 91 59 90 88 94 406 
92 72 18 10 71 94 75 68 293 
92 64 43 89 49 8 41 40 272 
62 6 38 87 44 100 95 8 242 
82 3 89 69 86 8 99 101 355 
38 78 6 34 91 76 41 95 321 
25 52 26 22 52 21 24 29 359 
65 7 30 20 17 66 34 95 267 
87 26 80 38 92 49 21 5 257 
65 30 17 64 48 51 21 73 228 
37 63 53 70 47 59 20 36 387 
61 21 63 42 102 98 11 57 285 
2 89 61 78 3 49 58 61 405 
75 3 60 81 101 46 10 99 132 
16 19 81 23 20 59 55 62 344 
4 25 30 21 55 94 81 21 342 
98 61 62 7 14 87 60 47 134 
38 82 22 18 34 5 66 97 156 
93 81 71 5 26 43 65 56 151 
73 56 50 69 101 82 63 14 155 
74 11 7 96 65 75 26 18 324 
66 88 93 27 56 59 56 91 163 
17 95 38 21 44 60 51 89 370 
86 71 83 42 58 22 67 94 352 
35 99 18 98 81 9 63 100 279 
48 48 2 93 15 12 42 48 77 
4 55 69 49 47 78 85 42 192 
100 26 32 73 62 64 73 22 374 
25 21 17 30 60 45 92 5 166 
92 95 58 73 2 12 4 65 162 
21 88 54 42 15 40 62 65 305 
40 77 88 40 22 95 21 19 113 
5 76 97 26 60 44 38 94 193 
93 30 26 23 71 99 25 54 141 
41 85 7 79 70 97 71 54 115 
57 54 75 65 54 86 84 100 365 
46 97 30 12 6 23 93 72 146 
53 19 8 90 18 70 61 82 137 
24 29 8 3 57 8 16 83 165 
76 29 78 42 41 73 10 80 235 
8 31 81 86 87 100 61 20 144 
24 69 39 7 7 74 52 62 291 
86 45 42 25 98 25 83 19 174 
62 13 80 36 82 39 13 55 208 
56 39 43 9 44 40 73 94 61 
5 71 25 5 91 80 2 26 144 
20 85 34 59 5 70 58 101 29 
59 90 89 101 96 54 24 99 96 
32 79 4 4 54 6 10 79 197 
22 59 24 102 36 58 4 95 285 
20 99 36 75 53 44 33 16 20 
30 6 77 73 84 95 57 72 196 
35 18 33 30 51 28 22 38 174 
87 59 55 33 99 4 84 5 406 
91 59 27 62 73 40 2 82 300 
76 51 77 31 47 66 10 71 315 
40 93 51 10 55 17 102 48 231 
53 99 9 75 90 81 95 68 58 
24 75 47 95 30 70 55 48 355 
69 58 15 91 25 30 27 46 53 
53 83 5 12 62 27 84 51 339 
68 3 63 99 38 81 52 88 391 
34 48 65 82 57 9 30 35 370 
46 64 76 81 50 47 68 44 346 
12 14 16 22 13 81 87 88 187 
28 73 21 36 41 39 34 94 401 
52 73 28 99 83 29 36 40 354 
11 89 55 18 33 96 96 42 299 
84 15 37 86 97 71 63 4 252 
73 11 26 39 49 58 48 18 290 
61 15 33 89 87 75 94 79 403 
95 12 42 27 42 101 66 53 325 
66 68 78 59 38 81 67 65 119 
65 74 43 99 72 17 25 37 110 
44 97 29 64 93 20 72 70 377 
23 48 71 27 75 98 78 84 204 
97 4 80 54 24 24 46 31 21 
60 98 42 28 4 7 74 24 228 
54 4 77 60 89 70 89 46 71 
62 40 101 47 23 90 67 30 138 
51 92 75 7 20 64 15 14 293 
54 98 46 66 55 53 42 26 327 
77 39 17 12 67 80 7 87 372 
8 15 78 54 63 76 74 25 132 
85 49 86 15 47 76 98 37 198 
75 97 87 51 6 99 10 92 375 
21 42 27 97 2 35 73 10 405 
98 2 37 73 94 32 21 60 314 
98 64 94 43 15 32 31 34 363 
8 59 11 81 47 72 84 55 340 
9 89 49 53 44 39 77 3 142 
15 4 5 57 32 49 22 14 118 
2 80 28 97 68 70 46 67 208 
92 19 58 67 91 41 49 14 289 
32 46 22 56 68 15 98 18 124 
88 53 29 64 61 35 44 84 308 
59 14 23 81 9 79 88 87 343 
81 51 15 66 10 20 78 92 276 
11 48 14 16 101 52 40 60 59 
26 30 59 25 25 9 66 92 407 
52 53 39 45 70 83 31 19 276 
19 24 45 11 88 71 67 35 148 
65 45 15 73 43 51 65 65 231 
29 58 28 8 101 20 20 28 161 
32 68 80 33 87 84 85 23 147 
73 17 44 90 60 92 73 3 193 
89 81 11 90 82 7 27 4 251 
44 12 25 27 93 62 32 37 272 
60 34 60 34 90 22 15 94 197 
17 41 100 38 37 100 73 34 195 
32 44 89 74 8 85 22 43 46 
14 47 26 84 60 25 26 15 281 
91 57 92 91 77 90 59 12 259 
66 8 77 27 57 61 15 2 378 
82 88 28 76 13 49 11 3 192 
26 35 83 76 14 24 32 83 313 
59 43 69 101 17 98 22 59 146 
38 90 93 67 71 60 33 46 113 
45 17 46 45 82 76 43 35 313 
84 91 95 55 97 75 84 58 245 
27 83 72 32 56 57 14 75 56 
58 61 66 25 45 71 97 89 271 
35 16 62 95 60 84 22 40 275 
44 84 95 19 85 15 100 8 255 
59 15 63 91 33 9 63 87 306 
14 61 48 26 61 10 9 52 170 
101 34 25 91 12 18 89 72 371 
22 41 78 53 27 40 8 40 303 
7 45 85 56 35 75 9 10 320 
24 20 26 87 12 35 74 101 303 
41 70 5 47 4 63 18 42 187 
101 63 36 10 20 23 36 4 27 
60 48 101 52 84 4 40 68 214 
69 37 31 44 82 29 66 69 284 
73 63 44 24 40 95 30 10 191 
46 15 102 5 53 10 29 15 217 
77 91 89 3 9 38 11 51 21 
18 59 84 10 47 53 54 65 169 
67 38 10 8 24 76 58 96 214 
55 66 86 23 17 68 76 90 319 
85 71 56 7 15 91 90 13 208 
67 39 71 51 53 90 69 64 316 
47 71 69 15 48 15 86 58 345 
23 97 43 18 36 58 75 71 381 
89 61 25 20 20 13 25 93 234 
85 6 15 98 56 55 91 30 80 
13 72 26 43 23 59 7 69 65 
11 51 5 14 78 84 97 82 13 
56 29 53 57 92 57 58 2 215 
74 27 43 90 29 7 39 63 405 
71 48 40 69 16 53 98 16 170 
56 73 30 32 3 76 52 37 8 
71 58 82 71 87 23 6 35 174 
76 23 25 99 77 17 85 27 137 
67 89 15 101 62 78 15 4 122 
27 43 26 69 40 94 6 71 23 
22 2 64 19 65 83 11 24 377 
21 59 98 15 50 77 43 88 194 
90 71 98 6 58 85 93 81 375 
20 9 86 33 95 9 12 65 105 
74 49 27 35 93 40 86 97 185 
36 14 96 51 28 54 47 18 406 
11 18 46 81 28 86 91 92 60 
11 90 65 91 6 86 52 72 158 
25 57 81 60 22 63 40 60 276 
100 72 83 34 88 79 9 3 195 
83 95 24 43 46 2 26 77 28 
84 47 10 12 100 58 15 24 249 
