6 6
250
87 54 86 57 25 62 626 
7 27 45 98 60 48 916 
2 30 58 58 53 11 652 
100 35 25 53 39 32 154 
60 12 84 34 15 48 213 
10 9 26 4 26 91 983 
66 41 24 11 53 39 1120 
25 25 93 29 101 65 1058 
21 63 6 88 32 41 580 
17 63 66 46 2 60 1125 
23 35 56 29 22 75 421 
97 3 44 88 95 23 427 
89 94 7 16 85 33 1091 
48 22 18 96 52 35 607 
79 59 66 53 81 102 35 
92 39 2 82 92 54 303 
62 64 2 40 20 15 340 
71 62 32 20 29 5 916 
15 39 35 71 42 87 213 
46 80 37 15 23 34 1181 
57 7 36 94 81 66 1053 
60 18 58 35 22 24 98 
100 36 35 55 99 30 953 
102 70 12 52 69 9 193 
86 67 27 98 82 33 183 
57 98 27 50 40 91 668 
23 79 39 21 65 11 573 
46 4 62 27 6 21 672 
39 26 44 13 59 72 908 
53 33 38 42 93 95 521 
40 10 7 60 41 25 967 
93 75 33 6 100 71 495 
66 66 74 78 14 62 225 
74 85 38 83 20 82 858 
48 2 81 74 18 6 66 
96 57 68 67 97 78 562 
53 14 9 61 3 36 1069 
69 67 66 80 35 26 818 
27 70 79 23 45 11 557 
75 53 34 84 67 37 852 
11 8 13 19 86 74 255 
74 31 24 19 49 85 966 
38 18 96 85 82 40 850 
89 91 46 54 69 2 952 
62 77 79 39 101 20 706 
61 55 63 51 54 48 650 
41 57 6 98 28 69 459 
38 40 100 87 99 2 272 
19 69 67 19 74 45 143 
57 47 82 50 67 23 939 
65 35 36 30 94 18 589 
36 43 58 43 36 42 297 
39 81 54 4 20 38 521 
88 98 34 82 5 43 1034 
12 25 50 63 47 63 893 
7 66 59 6 86 76 1008 
28 11 78 40 5 89 220 
68 30 48 49 88 36 947 
38 5 50 91 77 66 304 
19 9 82 91 82 53 384 
17 97 100 36 63 62 728 
90 57 44 2 56 69 529 
97 5 16 61 29 98 847 
63 10 17 11 13 60 111 
3 99 52 25 38 89 635 
35 50 16 26 76 20 596 
49 9 91 23 99 84 276 
7 68 31 55 58 64 652 
89 85 27 53 4 53 1058 
60 94 79 20 82 93 758 
56 2 37 55 80 23 174 
4 28 90 16 78 89 1181 
33 22 72 82 27 101 562 
67 91 75 74 69 64 1088 
16 14 5 19 92 63 617 
68 96 2 80 44 41 1047 
59 39 39 28 66 92 337 
74 9 40 57 95 18 1092 
14 64 83 12 60 27 1070 
16 87 99 88 28 48 802 
28 72 4 85 61 62 106 
54 38 47 5 74 63 520 
7 67 64 100 46 63 661 
34 22 70 85 16 100 523 
54 43 42 40 46 64 559 
39 37 74 35 58 83 736 
28 38 9 88 66 47 117 
22 37 90 84 87 14 1150 
52 37 102 48 64 68 1224 
97 7 67 30 102 99 826 
32 91 66 91 82 96 84 
86 63 99 52 55 35 389 
8 54 58 61 52 54 1067 
2 75 90 96 17 62 373 
33 43 59 66 50 44 1100 
48 26 95 6 20 89 813 
76 4 97 11 35 70 1096 
55 11 72 51 47 82 366 
18 79 97 68 36 78 648 
22 42 88 7 93 44 733 
30 65 56 35 66 23 327 
72 94 87 84 94 43 960 
34 90 17 5 64 62 362 
49 100 41 86 13 16 665 
65 11 6 44 29 32 301 
48 17 18 83 62 5 567 
86 12 85 44 38 76 1067 
54 73 4 32 84 32 988 
67 18 51 56 9 74 94 
85 83 43 67 13 56 1061 
75 101 24 4 59 85 775 
90 57 44 77 41 69 134 
40 4 14 47 101 46 983 
101 69 29 54 33 41 13 
31 45 79 27 23 3 968 
74 82 30 27 49 19 948 
62 9 80 70 7 99 554 
81 31 22 14 12 8 900 
33 97 52 28 46 64 721 
15 67 53 21 69 34 807 
24 86 22 54 28 5 479 
62 51 86 28 44 58 610 
16 58 15 12 96 8 502 
87 80 101 5 57 21 586 
44 30 52 41 67 81 707 
46 2 61 86 5 36 869 
48 68 3 4 9 11 1205 
11 40 10 74 28 27 448 
9 23 52 73 86 93 227 
23 37 89 79 78 94 855 
58 55 29 93 73 72 482 
14 100 2 50 12 51 409 
92 43 68 41 56 23 462 
81 12 14 21 45 55 300 
33 16 27 32 19 31 647 
86 83 84 57 57 99 1156 
25 51 25 77 44 87 392 
95 23 40 24 73 34 941 
46 17 73 30 19 17 994 
87 77 20 95 23 83 65 
62 86 86 101 26 45 686 
62 91 47 3 69 95 466 
95 89 10 48 98 78 499 
69 12 29 39 84 15 473 
76 7 84 23 6 29 404 
38 57 25 49 91 23 1020 
27 29 29 52 24 45 1123 
90 12 48 26 7 66 1144 
76 58 64 44 32 19 1054 
87 65 82 65 68 7 694 
34 87 101 9 57 59 508 
86 3 89 62 72 49 1056 
96 38 99 102 64 41 761 
101 63 7 61 5 99 499 
66 48 89 59 40 37 686 
27 49 19 51 9 54 1109 
58 76 84 62 73 102 1105 
29 85 65 6 68 97 412 
26 96 50 54 62 3 237 
56 3 5 34 14 32 847 
90 82 52 57 89 74 526 
88 25 101 35 99 52 458 
65 26 55 74 43 24 12 
55 71 100 49 53 73 18 
76 80 30 61 72 23 474 
5 15 51 80 25 93 466 
73 51 21 65 52 84 1115 
79 53 62 73 10 70 435 
13 55 10 38 2 44 153 
47 74 76 30 31 101 736 
13 6 96 20 34 65 1004 
22 81 87 3 91 12 1190 
30 70 90 64 55 5 1122 
62 43 44 25 51 28 317 
79 47 37 23 85 33 806 
48 67 56 78 7 55 1121 
76 25 37 13 33 17 215 
6 89 68 78 98 70 621 
66 54 97 85 39 58 527 
36 52 82 8 81 33 999 
5 36 88 49 52 2 1061 
19 9 14 20 12 10 895 
60 70 47 90 65 17 1008 
15 61 95 70 99 51 484 
75 57 6 54 86 38 17 
55 83 31 48 70 66 572 
47 85 67 29 50 72 930 
84 38 21 19 18 101 1092 
77 94 81 55 53 49 536 
54 10 67 29 75 74 69 
90 17 44 96 53 38 840 
78 30 43 51 81 66 1125 
21 88 38 69 39 14 953 
90 52 95 19 19 5 1134 
77 102 2 77 100 72 1150 
22 79 25 67 66 23 1206 
66 40 5 75 86 54 402 
24 32 61 38 62 30 1214 
67 51 79 36 35 78 20 
31 43 76 83 95 100 1214 
11 15 4 75 93 81 303 
15 92 46 35 53 62 650 
72 43 41 40 45 97 675 
30 47 33 33 47 99 432 
98 31 94 93 56 36 156 
19 59 65 70 50 77 645 
61 35 3 84 18 50 722 
2 37 44 52 5 46 997 
70 74 44 49 84 91 202 
63 54 45 99 28 42 648 
86 79 72 96 22 4 848 
14 31 51 31 51 78 1172 
96 52 42 53 91 33 602 
87 22 23 68 87 38 1197 
83 61 87 92 10 8 202 
60 74 58 85 44 14 677 
44 95 20 36 15 23 814 
4 4 48 39 11 6 1212 
58 51 30 37 68 73 388 
73 66 41 42 72 81 446 
80 86 70 50 21 96 525 
29 5 34 74 18 33 968 
58 40 55 101 4 19 26 
25 30 50 77 43 26 875 
31 81 95 45 43 32 287 
20 81 91 92 12 58 360 
48 98 65 53 42 55 179 
28 88 44 70 64 36 683 
58 22 74 80 72 73 1197 
26 41 31 77 3 58 465 
61 65 11 94 63 75 946 
34 87 27 3 73 59 36 
95 54 77 81 98 70 764 
61 19 14 42 87 33 260 
58 36 78 41 99 79 819 
25 35 77 3 64 80 290 
37 49 80 101 16 97 392 
90 56 98 7 90 78 9 
48 99 55 78 43 58 931 
53 51 64 76 82 38 852 
21 102 80 36 91 41 290 
72 36 42 72 38 91 842 
82 82 36 11 3 68 938 
38 25 27 23 24 50 1036 
100 18 27 36 61 64 846 
56 20 73 101 39 79 939 
64 15 8 7 69 9 861 
71 30 68 81 72 95 1006 
79 55 15 69 93 41 877 
20 17 38 79 29 102 320 
