4 4
250
68 62 4 8 312 
68 35 42 83 554 
73 43 95 93 540 
33 93 99 19 356 
31 83 75 82 364 
69 73 4 48 751 
44 75 4 50 535 
39 54 67 57 803 
60 22 45 48 772 
54 23 37 28 699 
63 33 92 90 485 
87 88 24 64 578 
97 33 97 91 210 
100 41 48 28 236 
82 28 44 21 698 
11 40 29 87 755 
48 38 77 62 254 
13 85 16 90 657 
53 32 6 86 31 
29 27 56 22 787 
15 78 11 100 51 
37 91 73 4 411 
49 61 39 71 206 
61 58 37 60 121 
17 27 59 47 635 
52 25 60 17 480 
86 86 9 91 650 
72 29 80 56 784 
24 14 14 40 273 
94 95 36 61 365 
73 92 98 8 666 
90 21 65 22 457 
14 33 58 46 541 
65 54 50 92 451 
34 80 83 64 756 
5 14 21 14 701 
59 90 101 73 717 
96 89 4 9 745 
53 66 60 100 683 
93 59 71 74 570 
42 47 47 6 105 
95 11 37 15 644 
78 102 53 36 804 
26 34 87 58 590 
78 52 43 100 35 
70 22 85 80 17 
48 46 49 44 374 
15 46 97 60 777 
87 54 91 30 128 
53 14 26 102 485 
60 74 15 102 763 
92 6 48 102 363 
74 28 58 13 271 
34 55 11 90 700 
83 40 28 62 714 
26 63 15 85 431 
58 99 85 21 356 
76 33 49 51 455 
11 99 97 16 190 
60 98 80 97 680 
101 6 37 16 642 
23 48 55 14 568 
31 93 66 49 723 
77 45 40 70 484 
3 7 62 35 624 
86 45 14 39 238 
30 86 20 102 442 
54 63 72 42 187 
30 80 37 81 221 
21 36 50 27 389 
17 60 12 38 669 
95 45 5 39 776 
80 35 17 85 341 
47 75 66 95 297 
16 76 100 47 256 
25 72 83 8 472 
52 97 89 92 114 
72 76 84 20 497 
11 60 34 47 365 
97 65 54 40 669 
48 72 57 91 274 
44 63 67 7 478 
25 65 99 82 369 
85 48 28 72 588 
73 93 48 34 226 
58 43 54 2 299 
63 21 45 26 100 
82 42 100 58 588 
11 10 79 61 310 
48 63 55 102 502 
51 39 84 68 89 
57 25 24 64 634 
2 10 67 70 798 
6 22 75 70 528 
45 50 71 100 516 
65 16 89 97 665 
96 91 54 41 718 
25 38 79 15 469 
59 20 38 81 586 
3 46 11 63 274 
28 90 87 37 153 
2 70 87 5 392 
43 38 30 82 679 
13 58 28 82 607 
70 44 62 12 63 
27 14 92 28 511 
21 7 28 63 450 
9 6 19 22 714 
57 54 77 67 139 
23 92 58 98 492 
47 20 31 89 535 
86 30 77 30 766 
91 80 61 42 236 
37 12 69 27 626 
10 41 7 95 156 
18 70 97 95 704 
36 57 97 68 148 
3 79 41 98 580 
81 31 91 29 807 
80 95 37 39 665 
13 26 33 21 429 
8 14 38 70 405 
19 35 84 44 487 
35 85 95 24 224 
61 74 73 56 798 
81 52 81 96 337 
25 35 61 14 614 
12 26 78 15 100 
91 43 72 48 445 
48 49 50 69 536 
97 102 15 11 187 
41 55 79 23 601 
58 35 44 29 218 
86 76 72 69 403 
11 9 82 12 313 
20 3 27 102 421 
34 4 14 30 379 
25 22 51 91 293 
59 49 57 41 455 
58 101 45 22 578 
74 79 83 20 464 
90 22 4 73 40 
40 30 79 72 342 
56 23 16 83 29 
65 27 83 33 750 
64 54 43 57 674 
21 60 7 31 646 
56 23 96 73 475 
6 20 80 86 796 
31 72 87 100 11 
36 87 65 18 62 
50 99 52 28 777 
38 81 50 90 700 
82 25 50 93 714 
36 29 44 25 813 
48 48 98 35 514 
93 68 45 55 394 
36 97 91 23 258 
59 73 71 78 178 
27 72 92 101 142 
8 24 97 12 552 
9 45 42 19 505 
3 3 19 65 33 
72 38 97 42 426 
87 37 29 61 246 
65 60 68 3 611 
78 58 99 18 467 
72 74 35 88 333 
93 58 74 62 247 
59 56 8 74 422 
91 77 52 49 264 
73 97 38 82 40 
51 79 41 44 702 
47 5 3 8 280 
100 5 11 102 503 
31 65 69 31 598 
11 54 95 51 700 
3 9 53 86 702 
77 38 55 83 746 
15 19 32 76 695 
55 55 2 40 435 
88 68 52 87 25 
10 30 9 9 778 
99 86 91 58 697 
40 55 19 22 486 
64 52 30 10 395 
15 35 95 46 164 
59 54 57 98 812 
36 59 67 83 634 
49 31 48 88 771 
31 29 76 90 385 
3 38 82 81 741 
38 41 44 39 736 
77 36 65 89 318 
47 30 95 59 418 
83 89 38 44 104 
35 6 44 16 155 
87 61 7 99 159 
23 74 78 7 519 
98 17 31 93 20 
15 69 61 49 405 
3 36 19 39 538 
15 2 40 68 472 
34 99 30 20 41 
18 31 68 70 149 
75 54 90 95 455 
68 61 47 42 816 
68 48 97 66 147 
53 44 70 33 50 
23 35 12 50 261 
101 89 12 88 703 
85 3 93 31 622 
51 48 26 84 816 
57 57 100 68 744 
88 4 65 2 439 
76 64 37 64 795 
42 44 42 63 464 
81 50 60 56 139 
68 57 68 90 562 
7 21 88 33 419 
67 37 46 58 375 
99 26 12 35 105 
24 68 31 33 295 
9 8 64 27 176 
8 99 47 51 208 
33 37 77 34 398 
57 77 6 13 263 
7 100 86 17 486 
56 40 28 43 778 
2 28 37 54 503 
101 58 63 12 366 
70 92 96 33 122 
64 51 81 86 471 
48 63 20 101 254 
11 24 49 67 547 
70 73 5 56 206 
7 2 25 72 405 
101 16 97 68 519 
17 5 55 3 794 
8 61 44 86 403 
41 10 37 23 427 
79 11 98 45 624 
99 89 42 8 78 
64 28 11 36 482 
34 69 54 38 134 
8 71 48 70 501 
11 31 22 7 703 
100 67 4 20 593 
92 20 54 92 540 
30 65 49 93 291 
