8 8
250
51 62 40 84 102 83 67 5 858 
67 65 61 95 56 72 95 40 400 
56 40 82 52 16 84 52 36 200 
81 93 7 94 34 56 12 75 834 
5 79 62 74 42 7 6 80 1217 
5 100 75 81 97 76 95 24 1391 
4 101 47 58 34 67 71 89 197 
49 75 33 6 85 83 21 93 996 
67 84 100 77 48 38 10 49 594 
41 2 98 34 101 12 71 10 1213 
8 49 46 97 5 56 95 59 93 
46 101 17 94 62 6 15 31 649 
90 29 56 12 50 88 31 32 1407 
18 17 76 22 38 77 8 15 717 
19 72 81 46 84 90 32 66 779 
23 48 42 94 21 72 73 83 1328 
23 98 100 60 68 76 70 79 691 
34 26 65 43 88 49 62 98 963 
63 46 46 67 81 87 40 10 1362 
48 25 98 6 52 56 95 88 273 
48 60 6 7 78 7 48 100 651 
86 82 62 95 34 26 13 12 614 
39 57 19 15 22 60 92 24 879 
49 30 76 11 50 2 33 16 614 
57 58 70 41 21 83 47 56 455 
25 55 93 74 94 42 19 58 495 
102 34 40 49 17 56 54 101 1144 
68 77 35 62 65 20 88 59 879 
72 100 38 38 70 68 32 69 1130 
65 77 38 36 95 93 72 33 1341 
102 10 43 15 89 22 13 82 1286 
97 65 92 75 88 38 88 49 953 
96 66 66 73 19 50 87 91 405 
36 33 85 43 92 34 38 88 791 
15 59 12 18 27 91 90 37 72 
81 92 91 2 50 48 35 78 1092 
20 30 93 95 30 101 97 79 790 
98 56 75 60 39 102 89 75 1472 
50 80 41 77 86 84 46 8 1610 
38 36 85 39 10 16 67 20 951 
59 22 30 14 23 50 42 93 1318 
34 23 55 91 15 77 58 87 1600 
30 45 46 11 51 24 2 61 703 
68 62 48 60 95 22 43 32 869 
64 38 59 93 37 94 3 14 1385 
48 49 23 10 83 25 18 39 1216 
16 50 73 8 13 64 7 77 521 
37 76 30 35 50 85 24 96 796 
43 39 10 54 10 39 40 56 199 
24 60 80 24 44 58 47 29 1346 
85 58 27 97 88 62 63 68 627 
59 15 101 40 88 89 76 77 10 
68 64 42 35 70 59 52 85 282 
55 15 34 74 89 22 2 41 615 
26 48 53 51 93 44 101 83 668 
15 86 74 93 50 69 58 81 1071 
45 51 90 70 48 5 45 9 873 
9 87 28 81 40 49 52 53 481 
52 20 72 100 36 90 18 39 1620 
47 64 67 67 18 10 57 60 1468 
52 58 2 49 8 86 90 94 1553 
17 35 47 27 43 99 39 8 1005 
97 46 17 2 54 10 6 99 733 
91 44 71 20 27 83 59 102 1552 
31 4 14 88 12 44 95 3 60 
56 22 23 70 29 12 49 61 218 
77 52 6 94 46 11 41 102 822 
28 99 11 67 71 43 4 10 57 
52 11 36 76 10 52 7 52 1262 
26 23 17 61 73 67 69 84 822 
93 39 61 5 49 12 93 69 63 
97 91 53 82 68 21 9 99 823 
81 3 44 56 89 95 33 18 1289 
38 69 29 46 100 89 93 13 1163 
46 49 64 26 84 43 49 12 1002 
28 46 57 98 54 76 17 91 1328 
10 39 52 68 74 33 33 58 1621 
79 53 93 67 91 57 50 65 821 
90 57 20 3 9 79 34 7 1166 
26 42 18 55 31 11 7 85 1202 
23 81 77 33 95 29 44 72 972 
72 63 58 102 50 91 26 29 555 
65 9 32 76 36 68 62 9 258 
86 26 24 84 61 8 83 29 1365 
77 59 64 93 62 39 19 64 718 
18 26 94 28 31 4 77 44 1241 
45 50 47 10 73 88 13 60 740 
40 90 4 52 21 23 8 50 1140 
74 74 49 95 58 74 25 46 1358 
26 59 97 21 9 19 32 40 1292 
40 69 87 78 82 4 94 81 1209 
44 68 7 73 23 83 35 5 1149 
31 52 93 76 88 30 5 89 10 
52 20 83 87 22 83 44 69 1332 
86 99 93 48 3 79 100 83 1273 
80 55 39 17 89 6 49 3 1430 
90 66 83 60 75 95 3 44 995 
95 59 48 27 30 55 101 50 100 
81 85 52 16 78 7 52 27 558 
66 37 34 78 40 21 95 56 50 
3 28 26 100 47 61 18 6 387 
34 55 27 85 18 41 100 70 296 
40 76 90 78 10 50 61 39 113 
31 19 21 29 34 76 53 100 357 
84 83 40 93 100 74 84 19 1169 
11 83 22 95 80 72 3 57 1307 
17 27 20 77 41 9 54 89 1426 
7 8 24 53 35 19 19 18 1425 
82 49 78 18 96 93 79 52 921 
89 38 41 51 27 78 96 38 1195 
6 9 43 33 41 13 87 79 195 
52 61 50 5 78 64 85 24 138 
6 101 33 29 100 92 53 67 828 
50 58 82 47 58 99 46 15 142 
48 50 10 67 33 19 81 29 1486 
10 87 62 79 68 6 70 92 604 
44 79 11 53 82 77 62 38 354 
34 7 4 53 61 65 56 39 1197 
3 40 69 17 50 74 101 45 1310 
93 74 91 78 79 68 62 4 595 
102 97 70 35 7 97 97 49 357 
91 59 28 99 25 32 33 69 849 
72 29 31 39 55 40 96 71 1052 
34 58 30 38 93 58 29 56 682 
7 70 35 74 22 2 52 12 1405 
56 96 51 62 48 12 16 92 1231 
10 64 44 33 41 38 33 65 1497 
96 54 67 72 72 71 90 27 1627 
21 100 9 30 90 45 53 42 1227 
18 74 12 20 24 3 83 21 1497 
101 77 31 100 43 59 11 58 942 
23 87 27 81 74 22 12 97 1516 
70 81 77 102 81 101 62 17 1478 
84 78 32 66 91 52 80 90 826 
73 23 58 52 22 34 87 33 907 
53 39 2 92 10 29 10 14 658 
19 102 98 32 39 28 69 29 1310 
30 58 98 76 4 86 72 41 1218 
39 21 62 45 17 50 45 12 1280 
92 94 69 5 58 78 12 62 1446 
57 43 86 32 85 95 53 59 1213 
62 78 37 18 22 71 54 73 1534 
83 76 87 49 89 29 50 78 575 
15 27 2 21 66 43 97 17 1609 
93 9 37 69 94 60 76 85 553 
46 76 74 100 52 87 84 31 1409 
6 10 55 58 84 9 59 41 525 
76 43 14 95 23 7 73 63 1060 
61 16 85 29 75 6 96 6 32 
65 17 77 17 39 37 57 93 121 
47 37 26 30 12 55 28 102 697 
24 52 55 69 30 91 22 26 259 
6 79 36 52 65 80 7 96 393 
59 61 6 79 40 32 100 27 434 
43 33 6 32 3 75 63 74 882 
51 99 89 88 97 15 21 53 242 
75 98 74 48 25 18 31 70 670 
41 47 14 26 71 4 64 81 1514 
14 76 77 63 90 93 26 59 1589 
39 74 66 92 60 89 17 27 487 
56 96 10 90 3 35 34 24 433 
44 27 30 87 25 18 23 9 1263 
41 14 9 83 24 68 20 94 1573 
79 51 89 27 11 46 75 10 1390 
87 25 75 44 31 68 67 84 524 
71 54 51 50 72 52 12 78 212 
25 75 74 44 72 11 39 57 1202 
41 19 18 86 14 17 33 38 1370 
6 99 85 43 18 42 36 51 643 
50 32 81 39 17 35 33 52 572 
15 44 55 66 8 76 95 28 1051 
18 87 42 36 19 36 68 7 1287 
31 84 59 33 11 23 72 91 413 
97 4 4 85 55 64 82 20 1533 
33 42 93 12 50 93 78 20 1037 
101 16 15 47 73 12 56 4 1117 
80 84 35 34 96 19 50 100 391 
64 36 34 80 56 101 42 38 1066 
90 22 35 68 57 93 60 73 1221 
14 52 33 95 30 54 96 4 585 
63 101 48 76 63 53 69 16 1373 
33 22 63 16 7 37 46 69 1339 
37 14 28 44 76 26 44 38 785 
95 71 7 83 87 54 65 81 610 
22 16 60 85 101 43 9 29 825 
16 100 47 98 50 63 72 60 1460 
11 21 26 24 34 27 5 76 735 
81 53 38 11 52 28 100 27 863 
26 55 15 87 37 50 75 30 620 
5 99 23 46 13 29 64 56 991 
15 99 84 35 82 27 98 30 1238 
17 7 50 21 100 25 11 48 94 
78 26 86 79 51 6 89 101 1256 
26 37 42 11 48 98 67 87 451 
73 93 75 90 91 9 74 60 367 
92 87 101 99 37 68 23 88 493 
79 38 50 80 47 83 50 74 1528 
38 8 61 53 56 15 98 40 888 
35 90 37 79 7 93 84 99 243 
80 29 102 76 90 62 68 90 792 
81 95 48 94 42 19 15 38 853 
65 41 33 87 3 99 13 90 1605 
97 2 33 59 98 50 68 72 741 
96 64 20 101 87 68 67 19 729 
11 43 50 20 66 71 41 20 959 
86 95 27 4 65 2 64 73 1434 
19 24 99 100 28 72 74 21 1198 
36 67 55 67 22 87 55 5 775 
53 80 38 64 21 80 91 84 1261 
22 94 101 20 39 16 80 50 1550 
50 13 16 80 48 47 98 6 875 
7 20 74 43 51 62 55 13 1521 
54 57 5 21 10 46 95 54 439 
76 19 30 41 90 74 92 7 1493 
35 75 34 93 68 16 26 86 1038 
7 81 45 41 67 27 23 28 1520 
94 30 5 72 87 96 20 24 1429 
28 68 33 2 53 46 71 22 628 
63 62 91 91 97 26 83 90 1180 
86 37 54 4 20 64 81 100 1259 
91 65 90 40 75 47 29 101 300 
35 7 31 101 72 48 89 62 1074 
7 5 35 81 91 99 24 36 1414 
38 25 50 71 23 55 69 82 921 
52 26 89 46 64 98 8 50 1357 
46 87 67 8 17 60 98 77 1542 
46 12 76 93 18 41 60 93 1231 
73 66 86 78 34 92 91 39 591 
80 63 44 39 75 43 16 80 804 
23 32 10 91 75 48 61 25 1156 
84 61 10 51 88 73 23 37 1377 
101 70 55 77 19 81 24 19 232 
55 9 38 35 80 40 91 38 1001 
70 83 92 40 19 11 21 9 1270 
30 32 76 73 18 40 59 17 169 
98 48 15 31 69 58 34 8 258 
37 51 83 72 61 52 11 55 877 
96 63 53 45 59 12 3 96 1434 
42 84 93 100 78 65 29 95 1476 
51 40 16 37 8 13 96 86 938 
98 60 72 27 64 64 87 65 874 
61 55 91 5 30 75 70 94 398 
26 39 75 20 45 68 61 63 247 
41 61 57 42 52 74 55 7 582 
19 17 22 31 15 15 11 70 656 
3 48 12 44 69 16 89 71 782 
86 80 18 6 68 3 49 47 58 
100 22 5 19 52 26 39 52 1265 
7 97 25 62 11 77 28 60 243 
7 100 95 44 55 82 26 71 436 
