4 4
250
3 38 63 29 349 
78 24 23 26 357 
30 82 65 71 627 
61 23 24 93 741 
31 60 69 101 411 
3 97 53 88 45 
39 83 42 29 638 
15 44 7 84 309 
2 68 17 68 778 
69 26 78 59 624 
9 65 91 40 621 
45 71 64 79 343 
82 73 37 20 55 
49 42 38 92 525 
19 18 42 55 739 
65 45 3 6 684 
79 21 97 12 804 
76 94 4 53 287 
46 82 30 42 469 
32 33 99 62 399 
28 90 88 94 488 
92 25 38 49 105 
3 70 60 95 533 
63 78 27 22 263 
57 40 87 57 169 
39 90 101 98 499 
35 48 43 57 470 
91 36 4 52 68 
53 58 56 40 281 
78 24 37 77 785 
56 8 79 30 770 
90 4 32 74 188 
4 26 43 88 652 
57 29 5 38 623 
30 76 77 14 658 
101 86 49 23 368 
17 55 26 101 63 
29 71 15 63 568 
89 5 33 29 49 
30 17 70 61 649 
50 21 102 101 560 
82 33 67 49 778 
6 57 11 29 67 
51 102 44 81 432 
88 16 45 68 732 
26 45 49 8 433 
86 18 90 44 789 
98 55 27 33 227 
98 6 68 67 537 
33 96 6 21 461 
30 75 91 8 764 
36 78 36 11 362 
39 86 61 96 93 
90 69 70 32 99 
98 77 13 53 466 
84 51 79 2 479 
33 41 30 52 207 
13 29 85 50 513 
22 21 18 89 740 
14 47 73 56 635 
66 28 76 9 490 
55 64 40 51 96 
87 101 36 53 113 
100 58 11 71 4 
63 86 22 69 750 
79 61 26 63 366 
39 79 25 25 771 
6 67 23 92 589 
51 91 36 38 633 
23 88 67 75 756 
59 37 4 56 136 
82 8 9 17 676 
96 40 79 6 607 
10 78 13 58 77 
35 37 22 99 422 
74 52 85 92 580 
94 96 53 70 720 
4 77 71 8 122 
100 60 7 9 637 
12 14 32 64 569 
47 76 11 66 485 
23 18 7 4 361 
31 25 19 46 744 
2 89 11 18 594 
35 8 7 44 94 
77 32 15 21 336 
63 22 23 22 212 
19 87 90 11 546 
88 72 69 64 696 
77 43 63 18 637 
26 4 16 91 301 
41 71 69 55 686 
93 5 88 63 681 
11 4 99 21 605 
17 101 2 51 709 
65 42 45 58 299 
37 71 99 43 144 
60 8 34 85 711 
50 20 37 27 615 
85 86 8 80 621 
75 45 44 44 518 
26 4 68 5 602 
101 28 13 18 404 
24 8 47 46 206 
5 72 16 34 216 
98 66 78 75 37 
81 36 67 82 521 
94 29 57 80 761 
58 42 31 12 717 
24 9 21 77 435 
78 41 64 55 594 
5 31 12 18 547 
62 28 94 100 770 
67 63 33 54 473 
97 53 69 53 562 
65 43 6 46 40 
91 47 3 22 230 
43 74 13 10 500 
64 19 42 13 274 
32 50 33 17 185 
62 79 69 19 477 
27 73 13 87 81 
64 27 69 13 635 
16 27 74 72 438 
96 52 25 93 780 
80 14 59 19 315 
17 12 91 23 364 
14 81 85 64 28 
71 62 29 100 813 
40 52 31 35 156 
7 79 63 64 236 
12 56 78 24 657 
15 17 96 48 776 
54 38 47 68 534 
38 44 12 69 687 
35 25 27 93 474 
29 85 25 100 276 
40 51 29 94 280 
61 5 63 83 737 
57 68 83 5 392 
4 7 64 70 680 
65 69 96 80 779 
89 30 86 66 434 
32 93 98 15 467 
4 10 55 34 57 
35 83 30 79 241 
69 44 24 45 459 
24 23 58 17 581 
73 57 52 99 385 
32 21 99 30 494 
65 72 70 48 372 
96 54 32 63 415 
83 41 19 50 231 
47 8 43 10 252 
11 37 83 43 702 
49 61 58 87 624 
16 86 102 18 539 
99 76 79 100 512 
72 93 97 66 732 
35 40 3 71 21 
26 80 91 100 421 
30 91 29 62 803 
37 98 47 86 303 
100 41 3 84 252 
72 31 45 47 494 
20 43 19 54 437 
11 59 89 85 427 
38 96 4 67 312 
11 50 19 102 229 
76 47 12 29 751 
96 40 21 40 262 
97 37 46 39 271 
89 74 77 8 733 
79 12 64 34 13 
5 38 38 46 183 
25 14 45 19 706 
75 32 92 62 487 
73 40 51 53 466 
2 52 67 34 415 
39 75 13 12 412 
66 85 80 28 724 
59 4 77 18 77 
85 94 29 53 490 
59 84 17 49 158 
41 63 14 77 10 
55 73 6 95 699 
52 3 35 69 183 
92 54 66 73 20 
71 65 35 44 603 
10 25 16 74 764 
56 59 66 93 94 
5 73 5 27 291 
88 100 84 32 481 
84 61 62 31 570 
7 21 46 46 413 
78 30 72 3 757 
32 59 34 102 258 
95 39 45 58 154 
21 51 41 38 134 
72 84 4 85 748 
52 66 88 4 723 
37 15 22 42 290 
77 3 4 34 48 
31 68 84 101 537 
48 18 6 12 417 
58 82 11 30 654 
96 28 89 12 353 
68 74 32 13 783 
82 19 5 22 356 
20 49 9 32 715 
6 102 5 19 377 
36 62 78 53 267 
57 6 94 62 338 
51 16 94 91 323 
59 38 73 5 697 
31 15 86 68 274 
11 76 81 43 619 
96 25 72 66 77 
9 98 81 81 332 
78 27 45 81 769 
6 58 19 92 250 
70 31 2 34 142 
23 78 11 20 197 
84 27 53 86 385 
29 45 30 82 270 
63 60 94 65 75 
6 72 7 74 244 
55 58 90 12 66 
67 24 41 48 720 
33 88 63 57 479 
53 76 61 34 553 
62 29 39 60 564 
12 39 40 25 110 
53 73 39 90 580 
28 39 43 78 671 
6 6 84 94 21 
77 98 39 6 472 
32 13 75 7 566 
28 21 33 43 795 
29 87 18 35 306 
61 51 75 86 269 
16 35 85 52 520 
58 48 48 57 768 
16 2 36 67 677 
42 101 35 21 373 
9 8 2 81 448 
21 90 51 56 351 
28 25 55 73 355 
100 31 25 43 111 
82 75 78 49 681 
