8 8
250
8 61 58 15 32 83 43 72 655 
6 85 30 70 36 4 15 57 535 
71 25 82 75 83 8 82 9 1282 
79 83 22 18 35 79 93 29 985 
91 14 6 12 11 14 17 6 431 
65 53 95 18 31 5 68 42 152 
7 35 80 52 34 25 4 66 1450 
22 90 52 53 79 9 44 26 707 
31 61 15 71 60 79 82 20 919 
87 64 54 20 52 95 69 88 1536 
84 41 81 83 10 47 25 97 257 
78 13 76 88 76 7 61 40 1336 
98 38 77 3 72 17 68 19 44 
39 4 41 59 86 93 15 61 1392 
66 49 53 70 48 65 64 6 106 
84 101 90 49 60 14 13 74 817 
21 84 71 66 17 93 44 88 1525 
79 21 29 85 76 17 21 97 1475 
33 29 92 14 41 68 11 86 292 
17 92 45 29 49 15 43 95 1261 
18 102 34 61 28 62 71 87 1383 
81 101 27 75 30 65 24 81 723 
62 9 45 5 58 33 75 30 1572 
52 52 74 16 44 82 40 5 1560 
60 74 3 32 45 56 84 31 1392 
95 44 64 82 7 69 70 83 1410 
36 16 46 3 88 100 66 21 566 
15 67 59 47 37 27 70 65 128 
45 33 66 91 23 29 48 83 1394 
37 72 47 7 48 63 96 5 1457 
54 59 88 5 68 26 21 71 1049 
30 50 9 39 15 44 62 27 819 
24 47 95 19 57 7 15 31 811 
92 10 21 98 53 34 37 18 102 
24 42 67 43 72 54 64 19 544 
80 99 59 5 47 23 13 74 954 
98 37 4 82 92 38 76 32 1001 
47 34 98 77 4 99 38 39 1395 
87 84 77 43 57 40 74 37 522 
95 88 64 100 87 81 75 41 1326 
6 44 52 31 69 42 93 19 1389 
39 5 98 62 69 10 37 28 1472 
85 58 82 66 10 57 6 83 710 
101 49 50 19 4 65 18 33 1565 
37 58 17 38 52 40 55 37 510 
38 35 21 56 65 61 91 92 1360 
3 43 35 97 26 88 98 94 1135 
40 22 4 35 46 38 14 102 1134 
77 49 8 44 13 75 26 70 788 
26 47 87 91 30 13 81 16 1482 
65 42 34 31 41 60 70 17 253 
31 5 91 85 44 65 92 16 704 
80 61 31 62 73 58 39 74 771 
87 51 94 93 56 32 47 51 972 
39 48 10 49 76 98 60 97 1069 
61 44 4 24 101 16 70 4 898 
63 5 72 79 94 70 13 85 1082 
25 41 51 61 39 95 5 54 1107 
37 33 88 36 4 78 92 80 493 
47 65 52 80 24 54 77 86 761 
92 63 56 42 38 92 32 37 912 
18 102 6 11 20 49 48 35 1160 
71 30 3 95 88 16 39 68 326 
18 47 18 99 87 55 49 15 1497 
16 97 97 97 6 69 22 76 1278 
28 38 47 5 34 91 83 7 923 
48 99 76 42 5 72 73 15 1458 
41 21 17 53 64 7 57 34 627 
78 76 25 35 75 14 38 13 487 
77 15 15 29 18 82 99 3 275 
19 75 94 27 27 93 80 83 892 
65 77 76 43 50 102 53 7 510 
35 15 26 64 7 93 42 98 9 
78 14 5 37 56 63 90 39 965 
49 54 51 34 57 94 60 74 592 
58 36 66 16 78 13 50 66 1441 
95 58 71 2 86 31 92 4 1124 
53 30 24 15 54 13 43 6 862 
84 3 59 34 6 34 57 86 1008 
38 65 38 94 89 92 75 97 1338 
92 48 69 22 44 55 25 9 723 
17 45 84 56 75 74 61 69 1030 
33 63 53 38 47 102 69 57 643 
35 61 43 34 41 60 31 52 952 
87 63 61 6 10 100 90 43 676 
82 84 92 66 36 22 29 44 547 
33 56 3 69 55 89 16 92 776 
5 85 6 26 27 25 16 75 86 
6 29 55 56 50 6 61 89 1178 
52 71 27 23 7 99 26 100 1567 
59 20 10 73 92 20 52 87 939 
40 58 60 69 52 62 17 25 258 
82 79 8 99 11 68 17 66 346 
24 84 81 8 2 28 29 58 902 
99 35 38 37 6 65 49 23 511 
16 85 21 67 8 84 83 46 352 
92 63 11 44 58 28 99 30 46 
81 33 58 33 42 96 7 20 1466 
81 47 75 45 51 90 37 3 1324 
4 59 79 99 27 58 7 39 1561 
48 57 79 12 40 78 62 70 1464 
77 85 45 27 62 89 94 4 1609 
50 49 13 23 9 57 47 97 1161 
28 84 8 102 29 5 100 61 1032 
15 71 9 100 84 83 100 62 292 
40 79 99 91 7 25 60 59 1462 
86 27 50 23 67 45 6 36 1403 
85 78 58 42 29 3 26 81 536 
93 53 67 32 25 50 40 9 285 
76 39 80 85 44 72 15 16 561 
17 94 6 66 95 50 97 17 1368 
63 99 53 98 67 28 92 68 99 
27 57 4 2 86 60 28 33 1596 
10 2 36 89 29 15 68 11 1424 
31 30 60 19 36 10 66 78 161 
69 80 74 54 95 78 66 91 967 
35 17 10 48 40 65 52 89 242 
52 77 72 40 32 58 40 64 629 
50 10 22 95 38 10 50 61 865 
28 59 9 60 25 40 56 36 1533 
81 84 92 97 69 49 96 16 26 
41 31 50 17 15 34 39 18 1321 
41 41 81 2 100 80 12 26 499 
10 94 54 34 86 98 64 61 1295 
50 56 43 75 102 25 8 11 494 
7 13 45 77 23 9 59 17 1543 
17 81 86 14 87 45 19 88 354 
51 9 47 54 55 56 54 91 1012 
42 68 42 58 96 92 50 6 217 
89 35 73 47 76 71 4 49 1314 
97 38 70 100 58 16 3 59 23 
87 56 59 91 25 34 47 19 790 
57 62 86 96 66 83 32 32 870 
52 6 35 78 52 9 76 59 857 
96 44 13 28 57 39 90 65 831 
58 100 12 42 2 59 23 49 1422 
98 3 75 89 70 28 63 53 866 
70 11 6 53 17 68 81 53 1229 
40 31 7 49 8 3 32 76 509 
46 13 6 78 57 5 21 80 917 
82 8 76 86 67 6 87 22 893 
49 7 85 46 62 51 84 85 286 
84 51 97 74 60 96 97 19 656 
51 94 55 2 33 40 12 101 737 
3 55 66 3 64 88 48 85 1129 
50 102 53 57 96 74 88 39 464 
63 10 51 82 91 50 66 37 451 
4 49 75 48 36 63 6 83 485 
55 83 89 11 28 77 27 49 281 
91 97 100 83 16 96 11 50 1494 
98 23 66 18 40 29 61 46 577 
98 4 68 92 53 16 45 35 929 
44 55 84 76 57 44 33 76 666 
31 23 35 81 38 88 71 9 968 
67 39 45 62 52 84 42 31 735 
53 102 46 87 40 83 39 70 1559 
12 25 68 24 87 66 88 31 385 
4 18 68 82 23 46 56 79 1559 
16 84 5 2 36 28 99 82 1218 
99 46 85 54 44 70 92 62 1378 
95 45 54 81 75 23 60 40 215 
81 73 81 102 33 62 88 25 1404 
95 11 91 43 27 7 91 91 1388 
42 52 76 100 92 63 61 63 559 
45 37 10 84 44 98 15 20 142 
98 99 16 25 68 21 84 100 823 
97 54 20 49 92 86 38 20 1427 
41 83 83 20 43 71 28 44 1436 
80 12 69 95 30 9 99 95 1504 
73 20 86 57 17 94 13 66 146 
18 98 47 26 49 26 11 76 601 
29 80 58 47 98 26 33 7 1421 
85 4 26 13 52 99 94 66 3 
5 86 68 91 9 79 62 12 753 
45 55 66 45 86 56 73 71 251 
38 29 23 63 25 12 7 29 1007 
86 8 48 51 35 84 26 7 1453 
73 40 73 81 86 88 79 90 846 
25 43 20 72 42 83 83 58 615 
81 45 63 58 86 82 17 78 71 
102 96 23 83 20 81 67 102 508 
46 59 45 37 85 37 60 84 1413 
46 16 68 68 69 79 47 48 1026 
30 17 57 94 66 10 84 80 1535 
33 44 25 41 7 42 52 39 1622 
97 46 61 28 99 3 95 73 1009 
41 36 29 46 39 75 18 39 1392 
78 55 95 37 55 7 43 29 660 
66 7 12 28 18 32 79 52 34 
5 4 19 55 101 94 48 46 711 
69 89 7 52 24 69 57 75 1381 
9 62 93 56 87 72 63 31 1078 
54 15 20 99 69 89 73 15 584 
70 25 56 2 90 11 64 76 656 
37 16 85 44 73 44 47 73 1457 
13 52 18 49 94 72 28 96 502 
27 72 22 20 81 11 34 89 828 
33 8 74 84 94 13 32 28 246 
85 12 44 78 54 98 100 62 1034 
21 23 32 86 76 96 81 39 71 
22 19 37 76 13 86 94 17 1048 
19 32 60 7 19 69 57 46 1373 
91 51 20 26 22 22 48 14 1073 
22 48 35 80 5 57 9 12 135 
82 11 101 60 86 39 34 83 490 
8 16 6 66 32 32 12 92 1426 
88 98 99 17 30 100 20 74 1124 
34 42 29 4 100 9 61 76 560 
87 33 67 83 94 41 92 42 1602 
64 59 18 4 69 15 70 23 235 
13 68 84 3 41 15 70 3 672 
5 5 18 99 7 58 98 27 966 
24 7 6 60 27 89 2 59 246 
55 31 74 16 36 79 95 50 142 
55 86 94 55 15 93 100 89 605 
84 67 53 63 8 44 56 48 257 
12 55 43 97 3 85 100 17 1163 
71 92 71 41 6 59 49 46 675 
70 71 94 15 62 40 52 20 1496 
65 94 25 32 62 91 64 84 1549 
70 60 86 11 57 100 22 31 1585 
70 45 63 96 16 65 3 88 1250 
26 99 95 5 47 84 93 36 384 
50 41 32 82 79 24 64 81 1399 
60 61 16 96 95 32 43 84 1224 
33 71 80 63 32 76 14 40 1386 
4 67 15 3 20 23 76 74 1482 
69 90 68 41 34 36 79 45 449 
64 31 7 65 64 64 9 62 1058 
47 89 11 58 70 41 39 63 240 
74 58 43 95 22 23 41 75 1542 
11 94 40 46 86 89 48 52 149 
82 41 5 53 96 60 58 31 1382 
84 14 21 29 4 73 22 7 1414 
89 71 11 86 26 91 70 100 1112 
29 3 6 24 12 21 32 59 365 
14 24 65 85 39 93 38 60 1010 
77 84 92 69 26 81 102 62 1309 
2 98 17 16 85 97 92 31 461 
83 61 4 2 99 47 51 10 1355 
26 6 35 20 50 68 29 95 265 
80 62 79 27 25 52 41 32 987 
9 100 41 69 95 10 65 57 1605 
62 77 88 46 20 19 98 78 918 
50 84 50 51 89 92 81 13 1121 
54 58 39 54 63 69 87 43 162 
46 59 12 27 57 95 70 69 285 
32 36 44 62 30 49 96 93 779 
14 61 13 50 90 84 41 13 1611 
64 10 16 21 61 79 9 54 307 
