4 8
250
71 36 82 34 1155 
91 12 69 32 1569 
20 7 37 63 242 
66 12 90 64 657 
58 99 34 92 362 
32 69 15 90 938 
4 100 55 12 865 
8 66 86 70 1062 
61 60 80 80 806 
71 44 38 32 605 
25 98 100 65 241 
74 5 92 12 667 
24 98 81 75 1533 
21 54 27 10 137 
2 28 22 99 1326 
100 21 55 43 859 
90 33 86 53 570 
8 102 91 97 1327 
6 76 76 29 699 
65 81 8 86 490 
20 19 30 23 601 
98 78 4 84 278 
55 51 51 60 858 
94 15 30 40 1436 
21 65 31 28 79 
28 54 95 56 308 
20 15 71 13 574 
73 4 64 16 629 
32 100 9 80 470 
56 27 18 77 835 
52 53 70 98 173 
57 90 4 19 174 
46 85 50 65 1607 
41 82 40 25 1327 
91 53 16 101 951 
23 58 53 100 826 
3 38 20 5 1129 
69 48 75 2 1310 
85 2 47 5 1542 
49 53 46 82 1463 
76 89 96 95 1010 
101 39 71 40 1457 
101 39 6 68 151 
10 67 47 96 507 
96 9 40 44 1599 
91 7 13 7 191 
73 14 73 10 1250 
17 44 27 43 1149 
33 79 37 13 1322 
48 98 81 96 1414 
84 8 51 51 1568 
69 51 53 97 1191 
95 28 66 28 307 
89 69 98 92 1538 
67 42 6 26 6 
19 74 29 63 851 
95 28 19 20 484 
67 65 24 14 162 
68 93 32 70 1256 
7 15 11 94 1531 
81 102 92 102 348 
44 4 27 51 1296 
97 24 92 45 1310 
69 11 48 99 884 
26 47 86 82 462 
76 12 37 49 1555 
6 65 36 70 1189 
95 39 19 99 1423 
64 39 75 35 249 
46 3 88 90 160 
98 69 14 40 1133 
36 18 12 74 770 
35 69 80 55 1236 
33 90 24 72 1428 
33 94 51 12 1500 
89 74 54 67 1380 
75 25 50 39 1623 
38 54 98 100 633 
79 29 47 52 893 
97 61 21 59 1370 
57 81 18 2 1290 
5 21 4 48 1345 
64 66 47 89 1212 
11 21 43 56 644 
82 95 26 34 172 
6 49 101 57 1576 
30 55 97 83 476 
96 9 49 60 1566 
20 51 51 18 1254 
15 83 60 78 745 
78 20 67 20 72 
65 57 86 92 1226 
58 22 49 52 894 
11 71 67 60 1312 
4 74 85 60 353 
32 45 10 57 1589 
24 92 25 11 336 
11 89 79 78 1081 
41 25 59 85 654 
100 4 101 63 1104 
46 19 102 97 718 
6 38 9 98 1207 
22 48 31 95 859 
68 98 40 31 744 
24 94 90 94 674 
80 17 101 20 380 
30 46 49 89 878 
8 92 30 67 269 
75 82 83 4 763 
95 96 67 33 1203 
4 66 72 18 748 
53 31 10 56 1068 
91 39 91 75 745 
77 101 44 41 769 
78 70 75 15 1179 
44 13 88 47 791 
87 52 71 46 344 
66 76 34 44 40 
79 84 76 2 441 
39 93 10 59 1165 
96 54 28 86 1592 
36 93 59 45 64 
42 45 64 8 1318 
41 70 47 54 1325 
3 69 2 39 1148 
96 96 74 88 582 
53 5 31 76 891 
35 26 87 49 1415 
75 20 90 40 1013 
36 22 71 21 1428 
70 47 58 78 1148 
29 53 91 15 65 
43 21 72 10 855 
39 16 91 53 783 
17 85 100 67 137 
85 81 65 76 599 
76 27 55 101 1096 
8 48 55 6 457 
83 37 74 45 753 
56 49 83 87 403 
21 34 20 73 1177 
87 49 93 69 1420 
50 91 17 79 494 
17 68 74 43 757 
93 63 87 25 1085 
83 14 57 21 889 
38 100 79 52 284 
44 10 84 29 1337 
61 57 88 19 1306 
95 22 97 15 502 
90 77 42 41 551 
60 49 96 7 1491 
76 94 74 15 832 
52 14 67 61 1437 
10 86 47 61 1430 
38 78 70 45 1204 
63 19 44 90 1083 
63 60 40 18 966 
98 15 79 37 138 
69 85 75 68 492 
83 57 37 27 376 
6 32 83 53 1600 
85 80 53 33 498 
59 52 86 49 1473 
94 75 51 2 1509 
96 9 12 52 344 
54 5 5 15 1511 
8 83 20 67 1017 
33 79 89 20 1250 
19 64 48 7 844 
19 102 28 77 623 
10 8 37 34 467 
99 22 33 32 748 
82 78 40 41 398 
77 34 20 86 975 
17 89 33 26 1227 
34 63 7 101 68 
55 79 29 77 1384 
2 48 87 39 1067 
12 48 58 74 1584 
44 26 9 83 1248 
87 83 43 18 372 
23 78 13 59 1570 
37 17 34 28 1519 
4 50 65 56 397 
31 49 83 21 805 
72 33 60 29 547 
10 56 27 24 316 
73 38 13 54 1043 
27 37 30 43 489 
97 15 32 81 1545 
95 63 55 58 776 
40 2 24 69 864 
92 19 87 26 1433 
83 92 12 9 357 
69 39 13 92 1627 
96 21 43 91 879 
59 3 81 34 655 
50 3 70 77 1328 
73 16 47 101 1204 
9 52 6 55 797 
7 5 25 60 459 
58 52 65 59 873 
21 62 35 15 1572 
91 41 55 86 656 
82 24 37 28 828 
55 94 14 18 1511 
46 17 90 42 795 
55 81 23 6 1366 
100 40 14 23 1017 
14 82 34 5 1381 
70 99 22 15 1124 
85 70 99 9 1223 
66 40 49 66 157 
6 74 95 66 702 
13 20 51 2 690 
44 12 16 66 640 
75 62 10 34 397 
48 96 77 74 1070 
87 84 16 31 316 
62 93 50 14 944 
42 90 70 62 1209 
53 51 22 73 437 
75 56 35 70 40 
7 32 18 42 1030 
12 99 23 101 939 
31 5 22 83 1347 
53 65 4 8 1622 
87 94 50 60 1199 
100 76 6 47 1514 
33 51 48 29 241 
32 77 10 51 776 
45 69 72 5 740 
49 31 42 90 1228 
12 54 29 70 289 
15 84 60 68 1066 
39 95 78 8 426 
82 59 95 68 860 
78 57 55 60 922 
20 24 48 14 428 
71 36 18 72 1353 
82 23 80 11 28 
50 19 43 86 179 
52 93 66 79 1065 
92 38 75 37 1615 
57 100 71 14 1628 
93 38 48 42 1576 
4 78 8 25 757 
61 81 86 67 71 
61 16 72 49 102 
