8 4
250
70 29 14 101 48 91 71 86 673 
15 24 52 51 79 78 57 59 259 
61 97 46 15 76 81 76 22 665 
21 54 59 9 82 85 78 77 298 
13 81 30 61 46 30 42 70 275 
34 99 48 90 98 36 70 94 702 
16 57 56 35 27 28 10 51 261 
28 8 44 70 75 3 41 46 636 
5 102 53 17 75 8 47 43 193 
37 33 59 24 41 90 99 64 171 
85 79 55 5 53 96 98 16 504 
93 67 25 47 51 53 58 67 754 
37 101 84 50 90 86 4 75 148 
77 5 70 56 73 14 82 59 548 
26 2 50 59 21 61 46 56 624 
2 92 84 7 68 75 98 64 513 
41 37 91 71 3 81 79 23 91 
96 39 96 14 67 94 86 34 530 
46 80 82 25 6 36 10 4 677 
38 72 40 97 60 11 51 43 180 
80 57 101 72 82 100 50 52 137 
84 90 27 92 23 36 10 53 683 
85 18 33 57 64 101 98 43 416 
75 101 81 87 65 25 72 8 628 
67 76 100 84 77 56 20 27 113 
60 48 51 6 88 9 27 68 208 
93 25 95 2 76 41 49 76 418 
40 99 27 4 21 16 59 45 629 
88 3 43 79 39 39 87 40 776 
3 72 15 74 62 99 100 81 678 
86 67 2 61 36 3 5 82 228 
90 58 28 37 49 45 32 42 526 
87 17 88 59 17 39 46 48 40 
40 68 40 30 6 42 33 75 636 
79 29 69 42 76 59 11 99 664 
71 68 25 71 44 22 35 16 524 
99 29 52 66 16 91 98 66 114 
92 62 55 88 6 76 67 55 105 
99 47 43 32 50 20 57 78 649 
84 71 27 19 97 92 78 37 376 
30 15 15 81 46 11 45 21 300 
31 85 65 51 6 90 10 38 564 
25 69 81 34 11 41 11 16 780 
91 75 67 65 12 71 30 40 332 
2 21 3 34 89 31 83 28 757 
19 35 67 38 12 62 23 55 553 
69 98 6 76 71 31 16 56 376 
73 68 75 96 24 68 50 9 138 
70 93 82 52 53 84 48 94 668 
33 55 65 8 43 59 3 63 340 
38 28 51 73 20 35 85 12 492 
22 25 13 100 91 4 45 55 508 
89 18 47 24 30 79 49 85 10 
85 68 27 18 94 62 27 13 662 
69 99 75 50 69 43 24 28 563 
73 34 66 62 65 91 96 16 368 
98 16 101 74 26 37 34 2 364 
37 5 33 53 75 79 23 78 459 
91 42 51 7 102 3 10 79 414 
39 25 5 38 24 80 17 31 791 
84 97 75 39 18 69 98 89 189 
40 22 61 89 41 89 34 7 608 
98 93 17 100 66 49 87 97 632 
44 101 83 55 37 47 82 41 657 
85 54 26 84 11 15 80 73 462 
94 52 86 17 6 19 6 22 305 
84 86 33 27 55 23 92 56 714 
44 87 87 16 9 102 9 51 431 
53 16 85 3 21 95 93 95 373 
96 29 97 66 51 18 10 100 448 
51 60 102 5 95 57 28 39 701 
74 80 45 86 10 57 67 55 50 
57 83 67 40 37 62 77 98 225 
94 80 37 71 8 11 47 60 746 
55 49 23 30 78 85 9 21 126 
5 12 20 43 102 98 12 55 142 
92 13 25 42 30 99 29 36 482 
53 4 73 36 41 52 65 14 47 
87 28 7 84 33 17 46 75 700 
11 53 80 41 61 55 93 57 386 
70 15 21 26 3 44 26 58 140 
46 70 73 70 80 90 93 27 220 
14 9 82 10 98 57 13 20 675 
83 14 45 20 45 85 5 97 805 
88 62 27 65 61 77 100 3 39 
16 43 75 92 50 36 29 81 396 
69 62 19 66 15 85 61 45 363 
76 28 27 90 67 85 91 7 528 
3 51 50 7 11 97 53 99 630 
11 93 66 10 94 66 37 38 284 
84 24 49 44 6 18 32 26 613 
82 28 78 93 3 45 72 27 248 
2 64 53 24 15 19 8 52 426 
82 68 36 63 55 31 50 10 677 
20 61 47 34 77 87 22 73 576 
3 21 92 24 41 68 36 37 600 
85 62 11 33 39 56 66 52 480 
43 21 75 49 45 95 62 54 541 
87 70 89 68 4 44 48 7 258 
64 60 29 70 29 21 58 67 394 
76 89 24 94 70 27 28 81 431 
100 56 78 99 64 88 2 51 546 
88 19 60 69 86 34 24 4 748 
34 75 94 56 93 80 47 88 532 
46 95 101 65 42 25 91 50 415 
57 67 99 43 69 80 54 72 389 
92 9 5 92 71 69 35 96 49 
63 45 64 100 54 78 23 58 455 
69 25 79 37 80 38 83 69 298 
97 93 8 16 4 24 32 57 643 
65 56 26 35 31 48 19 30 44 
90 59 15 23 22 13 24 86 378 
73 57 31 69 11 5 32 40 30 
102 49 43 43 70 100 99 61 24 
34 37 96 33 21 52 33 95 80 
25 76 73 97 93 20 78 62 814 
52 98 47 23 4 93 44 19 658 
66 50 91 18 26 63 10 93 407 
54 41 38 81 38 18 95 9 525 
34 7 58 25 67 10 100 50 512 
60 13 34 5 91 3 71 69 371 
22 10 53 13 89 2 70 26 168 
65 72 62 31 30 97 29 12 105 
26 43 85 83 20 78 100 52 655 
19 51 53 37 12 71 72 75 811 
16 23 20 58 57 43 90 36 630 
4 31 84 39 78 80 91 47 209 
64 41 92 77 14 38 22 53 605 
72 31 63 93 61 57 98 15 725 
97 70 88 44 96 85 101 98 177 
100 82 76 74 48 67 46 10 276 
11 41 11 83 38 6 69 20 49 
19 13 72 29 43 65 92 96 630 
41 23 48 8 78 19 17 24 575 
2 100 85 98 50 53 24 88 606 
82 16 34 84 77 78 80 84 692 
53 73 41 13 84 54 90 6 713 
90 5 65 94 68 16 36 69 169 
25 23 65 22 7 57 90 12 657 
47 59 48 72 31 96 34 66 422 
33 91 17 33 10 45 65 36 681 
13 89 49 20 50 10 57 57 501 
23 33 67 86 25 75 74 45 385 
43 20 76 72 63 5 64 4 631 
7 94 15 22 59 74 73 80 187 
35 29 11 40 17 76 34 13 268 
88 49 68 44 61 68 98 24 131 
11 43 29 47 58 48 33 51 508 
51 3 76 96 15 47 52 40 131 
40 6 5 2 39 52 72 78 454 
13 65 35 49 26 37 58 64 297 
98 91 72 65 9 68 14 86 78 
60 94 36 23 95 23 52 60 149 
15 11 6 79 77 82 92 22 706 
31 4 80 42 40 53 11 56 405 
47 76 99 39 90 56 43 14 682 
23 92 72 15 99 67 19 45 436 
34 21 16 92 75 89 81 85 666 
34 21 56 86 14 41 73 6 686 
23 78 23 52 38 65 99 71 251 
18 18 7 14 25 98 99 79 282 
37 58 3 12 60 7 74 11 761 
32 40 79 33 43 94 83 98 545 
34 84 85 54 95 6 58 65 548 
79 22 98 60 88 37 7 38 399 
85 13 20 18 80 29 71 69 255 
55 87 77 15 33 29 31 67 772 
53 86 65 99 56 97 40 98 728 
99 73 54 44 29 7 46 101 694 
51 18 6 58 84 28 75 5 639 
94 66 91 71 31 23 43 56 426 
88 88 58 25 81 85 40 74 785 
82 13 60 72 71 34 44 82 403 
93 97 4 39 25 54 19 48 259 
3 30 44 32 3 75 55 60 104 
31 28 39 23 20 12 31 96 744 
22 24 97 58 29 51 74 52 482 
52 51 65 7 8 35 53 39 359 
57 51 12 86 18 13 22 15 441 
14 71 78 94 10 32 63 98 191 
38 46 3 94 61 53 16 5 71 
52 26 22 6 72 83 68 77 366 
83 38 8 86 38 16 98 62 661 
85 61 43 35 46 12 12 17 761 
45 64 93 62 72 16 5 72 729 
36 10 101 98 28 35 87 82 492 
19 55 10 90 99 101 72 34 362 
69 19 82 12 96 58 90 25 103 
56 23 68 94 83 68 26 64 418 
84 89 35 10 50 66 52 95 506 
87 57 68 93 92 40 71 38 437 
11 26 17 45 10 4 23 33 480 
96 27 74 44 65 37 50 90 368 
13 61 70 18 63 3 96 4 558 
49 65 33 30 25 47 15 17 311 
38 41 81 32 90 20 7 57 553 
92 46 94 33 46 4 95 60 626 
87 95 65 16 51 8 36 76 555 
29 69 4 29 31 50 99 14 403 
68 83 73 53 12 7 35 6 478 
78 18 21 31 36 67 71 30 178 
77 25 91 75 98 16 52 80 722 
67 65 17 46 36 34 55 29 628 
7 36 85 60 82 48 49 60 474 
51 100 34 40 60 3 29 24 725 
62 95 87 60 3 34 19 70 331 
46 35 84 89 79 9 90 65 761 
41 19 44 46 28 41 58 3 654 
58 30 7 16 19 13 45 95 278 
94 50 36 53 43 14 7 6 206 
78 64 23 27 52 97 10 90 42 
48 18 70 48 4 102 54 63 331 
37 32 17 73 46 86 75 98 128 
62 90 79 32 41 24 16 82 324 
61 33 80 13 8 31 8 99 626 
68 48 48 36 101 82 74 72 599 
12 6 19 39 54 56 81 50 5 
30 18 79 48 35 23 62 95 244 
64 27 27 88 67 50 9 9 406 
71 28 91 99 60 71 51 6 619 
24 23 82 26 33 59 31 80 657 
101 23 16 27 76 7 52 12 372 
51 26 42 72 32 46 6 12 187 
13 33 60 11 99 31 48 40 588 
52 40 95 69 59 88 69 10 706 
38 47 54 86 49 51 25 2 655 
38 54 94 37 22 23 36 20 385 
25 93 26 87 81 38 35 102 585 
54 83 68 55 5 24 60 70 531 
73 29 86 11 87 99 50 12 697 
82 17 20 74 35 42 41 46 144 
65 53 68 18 53 49 79 73 154 
16 85 52 72 79 54 58 65 738 
65 16 7 29 38 71 53 55 690 
56 82 50 29 16 61 6 97 138 
101 57 78 39 33 16 80 36 221 
38 13 40 68 18 72 51 78 246 
14 37 17 99 67 100 65 26 743 
72 89 71 93 67 84 37 59 68 
16 29 85 93 51 4 44 17 344 
49 90 66 81 79 40 31 94 491 
4 4 92 80 76 10 25 10 385 
60 47 48 58 32 61 63 37 406 
49 23 88 15 56 52 58 18 291 
29 94 12 33 64 75 24 36 447 
20 37 55 77 70 43 57 86 572 
98 92 60 8 19 44 90 83 582 
76 91 50 42 24 59 74 98 133 
39 29 84 75 37 99 6 46 814 
99 75 55 47 60 72 82 62 214 
