2 4
250
15 62 423 
58 95 775 
76 29 715 
44 17 537 
31 28 470 
39 66 396 
70 38 35 
20 88 512 
29 89 751 
58 30 146 
59 37 556 
3 74 212 
88 8 739 
9 7 806 
14 92 515 
48 46 617 
58 15 339 
87 50 770 
2 97 604 
91 31 49 
5 19 801 
72 87 646 
100 30 441 
34 53 470 
60 63 250 
7 8 785 
102 83 354 
18 3 127 
78 73 716 
76 3 630 
54 99 631 
87 6 720 
3 44 44 
86 51 134 
24 26 507 
86 29 709 
66 97 729 
80 91 392 
65 88 137 
85 96 111 
93 26 224 
79 82 441 
82 75 462 
44 6 519 
93 18 265 
29 97 624 
55 94 360 
3 12 49 
90 76 65 
31 24 147 
74 20 398 
94 94 203 
91 47 363 
10 6 445 
32 23 738 
28 89 603 
18 38 748 
42 31 12 
71 92 117 
23 91 49 
48 53 415 
41 73 707 
17 101 191 
10 40 408 
34 47 724 
92 73 722 
17 64 713 
36 16 708 
28 33 722 
49 24 18 
12 70 458 
41 64 432 
6 94 414 
6 13 714 
53 10 796 
44 10 688 
15 82 164 
28 8 220 
20 14 304 
66 14 324 
100 69 629 
23 99 576 
96 96 680 
38 88 644 
40 14 419 
102 85 49 
91 86 190 
6 37 347 
84 87 503 
31 22 407 
18 42 648 
13 8 356 
12 31 90 
29 50 121 
3 79 768 
43 90 770 
78 21 238 
33 77 230 
18 96 267 
37 41 103 
11 67 600 
36 22 376 
102 29 50 
10 91 440 
97 64 299 
10 5 476 
50 43 789 
69 56 14 
23 86 532 
53 97 98 
13 78 737 
100 20 679 
43 69 462 
50 44 501 
90 70 240 
77 38 104 
94 10 740 
76 88 801 
18 44 93 
74 15 293 
83 50 262 
96 99 112 
65 99 361 
55 69 293 
4 2 811 
37 81 699 
74 48 393 
55 62 708 
23 39 732 
94 85 623 
74 71 447 
23 69 761 
31 96 580 
18 14 324 
70 40 333 
57 75 704 
101 82 516 
28 102 550 
90 30 723 
47 75 493 
26 73 117 
70 83 800 
83 83 268 
8 8 688 
17 59 278 
11 86 177 
48 68 522 
5 95 20 
15 49 568 
89 35 321 
7 86 177 
13 94 330 
27 3 466 
45 76 749 
56 95 607 
81 13 353 
35 81 360 
69 101 56 
99 22 636 
14 57 285 
31 96 392 
95 3 179 
65 6 529 
96 85 683 
66 6 755 
74 52 9 
30 36 292 
28 56 440 
97 40 696 
17 16 583 
64 15 376 
24 16 653 
46 62 744 
55 18 58 
80 42 784 
62 5 780 
16 26 576 
79 86 167 
101 4 327 
96 100 522 
39 50 734 
95 33 570 
40 44 730 
15 30 733 
12 77 153 
31 50 116 
60 37 286 
92 3 732 
3 87 240 
28 25 99 
42 52 506 
29 18 554 
19 87 74 
28 25 495 
8 3 784 
83 69 75 
4 72 443 
28 38 518 
31 49 387 
2 94 374 
43 14 156 
79 75 642 
30 84 483 
53 14 514 
7 34 101 
76 86 810 
96 22 150 
22 26 434 
60 16 111 
101 100 566 
22 19 756 
65 88 88 
44 31 237 
19 55 692 
52 53 477 
93 23 40 
53 56 517 
50 8 590 
30 22 720 
68 22 478 
67 31 687 
92 32 776 
72 44 375 
4 35 449 
72 78 552 
35 72 595 
97 69 762 
11 49 360 
8 74 87 
22 38 535 
24 78 76 
72 54 192 
3 62 171 
65 23 643 
61 52 178 
10 80 247 
7 96 409 
17 73 433 
67 59 670 
42 86 473 
87 52 54 
82 81 466 
48 2 199 
46 35 84 
54 33 374 
17 52 798 
24 100 772 
82 18 340 
17 9 40 
58 7 780 
