6 6
250
73 59 73 43 72 40 678 
91 72 19 88 7 3 300 
18 62 76 90 39 18 522 
79 46 37 75 63 56 1103 
57 53 8 19 69 5 618 
58 67 50 12 76 15 782 
67 45 24 69 25 64 580 
10 101 31 14 39 81 1148 
15 38 70 11 86 67 419 
21 13 71 40 100 76 737 
97 29 80 65 6 81 150 
2 14 8 39 94 45 582 
54 79 7 32 26 59 525 
31 81 3 93 49 32 567 
34 56 31 28 90 89 152 
74 53 51 35 2 84 159 
26 64 74 93 24 89 819 
37 66 10 75 19 19 818 
49 79 74 58 51 68 840 
61 79 14 6 58 37 978 
27 59 99 26 77 32 57 
19 31 101 27 45 81 1192 
92 23 54 73 72 47 305 
76 78 79 53 18 46 799 
87 62 89 69 53 89 114 
9 13 52 44 89 64 371 
50 75 33 8 89 73 843 
59 61 36 88 92 57 624 
82 22 75 61 88 41 399 
70 14 60 94 94 90 1016 
11 5 30 84 85 97 323 
5 48 47 31 75 98 343 
3 56 83 64 34 60 329 
93 79 85 4 25 100 977 
63 75 17 96 85 88 583 
58 7 5 9 63 27 940 
76 30 32 15 45 7 823 
61 80 32 63 32 58 220 
28 47 83 62 99 48 523 
75 32 37 92 13 82 550 
50 79 57 73 36 52 217 
51 55 91 82 95 15 29 
97 87 36 55 32 32 376 
62 25 49 66 80 36 9 
99 97 24 34 26 24 127 
2 77 91 98 8 2 938 
95 93 82 6 36 42 957 
48 3 39 83 53 16 1086 
57 10 10 57 18 19 635 
59 69 50 71 92 94 1162 
12 46 59 26 32 56 818 
33 69 62 46 96 24 634 
96 87 53 76 10 24 558 
69 84 43 92 85 27 439 
27 34 37 46 50 85 443 
59 82 59 23 62 24 288 
43 50 13 24 97 2 772 
84 99 97 84 73 51 524 
64 18 35 48 31 33 83 
37 27 3 47 41 18 453 
7 96 55 50 102 24 313 
36 32 70 91 27 75 529 
37 41 64 80 36 95 1162 
67 26 77 33 93 19 77 
24 13 79 57 86 28 940 
5 45 36 73 29 19 343 
88 67 60 6 60 66 10 
88 41 70 7 24 44 491 
71 80 19 11 7 21 150 
21 93 35 42 49 68 385 
99 29 9 8 78 69 965 
61 19 28 35 55 8 447 
74 11 52 64 86 39 416 
67 19 64 24 100 18 820 
76 26 66 14 99 71 1091 
14 63 101 48 77 63 131 
63 92 78 54 16 78 580 
84 86 80 64 32 99 391 
12 47 86 80 53 14 1040 
95 64 23 58 38 49 738 
51 53 18 11 78 25 53 
29 88 72 86 42 22 1126 
43 88 51 70 74 59 20 
18 17 70 26 51 28 830 
30 57 98 80 30 89 411 
35 64 55 56 76 30 1018 
60 16 96 13 94 95 641 
79 74 91 66 92 61 399 
38 50 87 28 100 38 1211 
34 77 9 14 35 61 97 
26 98 15 100 32 20 710 
3 76 15 59 35 17 630 
85 9 15 40 30 3 1192 
16 70 30 78 93 86 324 
41 89 101 62 36 47 650 
78 77 69 63 42 77 420 
76 75 71 67 23 50 602 
69 95 76 6 60 12 117 
30 88 23 40 36 34 760 
89 15 99 100 73 100 84 
34 49 80 90 28 65 493 
97 60 13 72 39 79 881 
96 28 57 79 36 46 584 
91 47 24 8 45 74 1071 
61 74 69 52 51 44 434 
49 98 18 33 49 71 409 
29 12 70 99 56 92 1129 
90 44 23 39 57 61 523 
3 57 83 85 93 55 439 
88 47 22 90 37 39 586 
32 41 48 89 76 16 761 
38 56 11 91 84 97 875 
32 47 15 96 85 95 554 
43 37 50 58 19 100 502 
67 50 12 22 56 46 713 
5 78 52 83 47 83 805 
3 74 97 11 59 66 689 
101 9 95 54 46 5 1090 
6 100 33 60 19 23 864 
8 101 71 30 53 15 334 
71 65 16 41 14 82 485 
65 55 49 61 35 87 804 
43 18 70 12 44 71 1213 
80 21 25 30 61 97 1160 
75 28 83 8 53 31 369 
46 82 15 34 25 51 506 
47 86 100 85 38 7 802 
85 3 21 11 46 30 1116 
46 93 13 55 86 47 1096 
29 68 55 84 58 38 1192 
39 57 80 21 22 60 410 
37 26 47 25 92 31 1103 
27 64 99 9 3 41 1213 
91 4 81 41 7 54 220 
19 48 3 83 71 70 566 
48 43 92 26 72 60 115 
69 68 32 96 17 101 28 
7 58 77 57 99 100 591 
54 101 82 17 8 18 220 
81 45 44 23 63 46 964 
23 9 85 33 83 92 271 
38 51 47 91 54 18 158 
92 28 28 74 72 100 1147 
44 12 11 66 44 93 1075 
25 89 75 56 58 25 1024 
51 94 26 18 10 28 197 
52 37 28 56 102 7 1086 
19 18 51 93 48 87 970 
98 75 69 41 100 36 168 
64 74 37 99 94 31 508 
36 4 59 63 74 80 1125 
77 86 12 45 88 101 74 
73 26 65 12 40 6 640 
21 60 79 12 94 4 1080 
66 93 59 9 78 49 1017 
17 94 32 76 9 89 262 
92 58 98 14 37 10 1109 
49 74 89 56 27 91 185 
46 81 53 82 77 6 142 
95 55 37 12 54 25 690 
34 35 38 33 19 33 360 
3 83 100 59 97 100 201 
21 72 56 53 60 70 866 
15 81 96 34 86 12 1182 
5 63 4 85 87 36 185 
41 53 25 10 60 88 524 
100 56 25 83 8 97 913 
85 84 61 96 57 88 243 
56 43 101 36 23 35 1198 
22 98 76 12 65 3 972 
21 33 46 102 84 30 175 
27 73 53 79 17 24 256 
81 45 92 32 51 97 1039 
12 25 76 39 55 47 960 
60 51 73 45 96 97 782 
53 17 96 74 60 8 361 
72 50 58 8 13 79 498 
55 86 82 16 8 97 107 
9 72 65 32 85 38 826 
24 82 37 23 29 59 352 
29 98 60 93 92 57 495 
77 20 33 44 70 40 55 
67 93 30 90 3 57 534 
48 33 45 76 72 64 586 
70 24 88 86 22 14 319 
90 24 25 18 41 70 393 
54 34 89 17 100 65 700 
92 8 35 28 4 87 999 
67 17 19 22 96 94 94 
98 47 60 50 28 80 937 
71 7 73 64 89 14 1147 
101 58 61 74 101 93 958 
17 55 60 20 29 46 292 
9 8 98 48 78 26 685 
89 31 70 74 87 83 259 
3 64 66 17 76 90 807 
61 60 50 97 4 31 988 
95 3 31 101 36 55 748 
101 77 18 13 89 40 146 
29 93 102 16 12 59 180 
93 95 6 55 59 60 592 
50 50 53 76 97 77 1157 
30 40 75 53 30 62 22 
89 50 5 89 52 56 401 
69 50 82 94 74 68 21 
9 28 48 79 97 15 628 
29 67 39 94 65 19 1201 
55 29 65 84 99 15 55 
47 2 69 9 6 18 994 
102 72 84 25 11 95 262 
14 29 75 35 49 52 735 
85 68 97 89 39 36 171 
24 19 11 77 55 99 761 
28 81 73 93 99 72 328 
97 57 71 56 26 79 498 
102 92 52 52 64 46 760 
36 74 21 69 83 69 960 
55 75 50 58 98 61 1061 
50 4 44 52 82 35 1078 
13 28 36 14 60 75 269 
29 62 27 93 55 2 1125 
9 54 26 18 5 50 511 
84 22 100 31 20 56 636 
90 10 2 84 13 76 277 
48 88 57 26 96 59 327 
15 26 67 45 61 97 497 
53 19 36 80 87 48 365 
8 38 86 42 21 72 476 
54 26 11 44 28 71 753 
68 72 94 11 94 17 836 
98 35 88 61 61 13 459 
93 68 6 28 30 95 491 
52 73 86 77 89 90 756 
102 58 3 35 27 81 1036 
50 44 71 95 33 63 119 
5 100 83 62 61 3 750 
60 6 18 101 79 23 197 
101 11 36 7 29 9 1184 
78 87 28 36 34 55 525 
26 37 35 98 33 32 581 
75 4 17 30 88 2 507 
54 87 36 51 60 71 597 
35 37 90 6 57 15 323 
15 58 28 28 51 20 416 
71 85 4 47 93 71 325 
8 21 79 43 8 57 298 
101 93 87 77 86 96 1116 
102 47 94 79 20 23 725 
49 91 4 40 84 9 1020 
4 34 6 69 2 24 332 
