2 6
250
4 48 1197 
45 93 244 
32 7 759 
11 30 28 
66 76 840 
49 54 157 
60 50 1039 
73 93 1162 
79 9 998 
44 76 976 
76 101 965 
53 87 637 
68 41 905 
58 13 848 
21 52 648 
45 20 1159 
85 88 532 
30 17 479 
6 33 679 
5 68 1021 
40 90 372 
84 38 361 
25 15 1083 
19 82 155 
41 4 459 
18 54 500 
44 36 1090 
89 61 1087 
38 48 1019 
42 49 669 
99 65 892 
92 20 283 
41 39 180 
25 22 69 
8 68 66 
33 91 170 
4 90 970 
17 63 402 
96 53 351 
43 48 1099 
48 86 808 
36 22 211 
42 50 1024 
16 79 182 
28 21 171 
86 83 1142 
86 7 692 
71 40 720 
77 84 33 
42 98 814 
96 99 1114 
27 79 446 
42 74 565 
90 93 502 
32 89 142 
66 91 518 
21 13 869 
37 60 496 
35 79 557 
9 61 469 
17 102 640 
19 22 971 
26 3 507 
79 46 103 
49 97 176 
18 41 625 
49 13 1142 
62 23 1045 
98 61 485 
52 93 9 
93 34 171 
10 76 1121 
91 15 823 
34 43 1068 
3 43 818 
65 90 765 
28 20 459 
96 62 584 
47 56 961 
69 24 747 
42 75 122 
43 89 145 
96 41 270 
25 29 323 
86 17 860 
8 61 977 
21 35 869 
79 26 902 
65 98 887 
68 65 238 
15 24 1119 
8 94 825 
79 62 673 
57 70 597 
43 6 1115 
13 13 549 
79 41 1160 
101 50 1086 
92 65 601 
38 80 1102 
41 30 938 
5 11 62 
37 80 279 
5 31 1215 
27 65 791 
24 39 254 
85 54 1051 
30 91 294 
27 16 900 
5 18 365 
20 43 1011 
67 18 492 
74 40 1152 
88 78 405 
24 76 128 
97 76 1039 
26 70 322 
30 56 314 
6 14 483 
55 80 1163 
33 34 752 
95 87 1071 
19 62 584 
27 52 1207 
29 98 928 
55 8 178 
16 31 498 
91 81 595 
6 92 1073 
59 63 54 
3 21 734 
101 57 541 
74 31 1099 
25 81 172 
39 102 217 
30 4 700 
52 53 75 
27 41 600 
56 45 657 
15 91 1160 
102 62 1214 
45 26 376 
41 29 512 
34 83 936 
27 93 617 
29 53 967 
33 78 1078 
33 9 117 
100 78 984 
13 47 149 
93 61 487 
97 25 235 
17 96 928 
89 91 911 
17 20 858 
32 2 594 
101 30 1118 
77 84 167 
9 71 643 
92 47 591 
52 30 1014 
32 43 277 
39 32 829 
33 14 705 
5 46 1067 
16 17 1090 
41 71 921 
34 14 209 
23 18 939 
28 90 660 
69 27 598 
30 39 748 
94 88 944 
50 95 869 
83 69 193 
36 73 468 
28 95 662 
65 52 936 
75 20 191 
68 11 310 
48 12 505 
16 67 1068 
11 78 90 
28 24 363 
14 94 928 
6 53 551 
3 89 547 
41 102 1165 
102 5 912 
74 57 226 
48 28 939 
54 4 1009 
32 69 35 
30 27 1172 
33 2 870 
27 53 718 
3 71 823 
73 67 274 
83 9 131 
48 16 754 
15 38 258 
91 83 1180 
55 62 1103 
95 76 1030 
44 75 756 
51 10 1219 
26 77 633 
18 74 1052 
53 77 750 
56 73 1157 
74 86 650 
43 18 1085 
77 44 243 
77 74 1118 
71 9 1154 
85 30 1121 
63 34 1219 
13 24 474 
12 99 794 
37 40 71 
37 100 1088 
98 23 1111 
33 3 702 
75 76 803 
82 52 47 
62 49 787 
94 70 571 
72 96 484 
97 63 759 
16 33 231 
26 42 56 
16 41 897 
4 75 1052 
6 54 337 
36 89 708 
36 33 885 
37 52 608 
3 45 853 
61 68 58 
51 3 741 
31 19 853 
40 51 421 
63 68 126 
32 60 910 
80 90 199 
21 37 80 
84 63 367 
92 82 1001 
71 25 1179 
37 57 904 
