4 4
250
31 74 47 44 267 
40 48 52 10 293 
91 5 69 19 704 
44 30 64 87 591 
59 10 3 42 574 
30 20 97 70 674 
3 44 62 63 709 
91 34 93 21 629 
4 31 23 67 119 
57 39 31 84 696 
22 37 13 11 754 
24 72 7 74 38 
23 53 84 27 284 
48 44 8 32 792 
12 39 45 10 575 
30 88 39 27 127 
93 91 15 84 514 
68 33 54 70 534 
21 28 21 17 462 
53 49 98 32 558 
15 33 101 87 615 
84 95 5 40 527 
37 36 82 59 114 
34 40 102 65 561 
17 93 40 66 638 
86 20 30 54 162 
83 93 8 59 22 
62 91 30 9 657 
75 30 15 6 248 
87 48 64 3 202 
15 49 35 63 436 
24 95 37 9 748 
66 67 53 21 683 
47 29 25 56 443 
44 12 95 84 778 
89 79 36 36 760 
39 58 29 29 58 
36 59 47 6 656 
69 57 23 18 136 
11 79 96 22 699 
60 26 10 49 670 
5 56 53 68 544 
47 60 3 16 445 
10 39 26 14 409 
89 84 21 76 714 
90 90 79 68 706 
12 85 16 51 290 
16 50 83 47 33 
81 8 81 39 292 
10 56 10 63 72 
74 55 84 72 802 
78 7 37 61 769 
17 79 87 82 464 
64 46 54 80 335 
62 58 81 10 578 
83 5 84 40 646 
36 83 18 59 122 
59 3 46 52 488 
11 15 24 53 727 
4 23 102 82 605 
66 4 31 22 397 
17 76 76 101 141 
75 25 98 82 494 
36 63 30 67 816 
63 101 4 21 261 
49 37 30 21 561 
63 5 3 66 122 
34 54 98 11 812 
84 29 47 35 711 
88 19 44 92 452 
43 94 37 82 111 
67 2 13 90 14 
83 48 57 33 462 
71 23 34 67 237 
84 67 22 67 144 
36 56 70 34 371 
32 95 39 66 229 
70 70 23 53 407 
33 43 9 9 155 
38 74 17 79 147 
67 86 79 64 598 
78 75 72 65 649 
13 34 81 45 581 
90 11 93 5 721 
3 2 84 17 797 
43 60 15 48 665 
64 41 94 16 654 
48 18 78 92 428 
98 101 60 73 319 
101 64 66 38 253 
29 82 14 90 138 
67 5 63 66 265 
20 62 25 84 142 
73 42 67 65 206 
74 35 3 52 757 
5 44 12 78 804 
81 95 79 17 446 
84 29 5 99 123 
45 57 14 60 284 
38 77 78 56 552 
61 99 3 13 481 
96 82 64 98 117 
25 94 87 67 437 
26 85 10 29 291 
46 39 70 50 667 
20 24 45 18 465 
29 68 58 11 326 
84 94 68 59 499 
4 68 10 85 749 
53 72 48 7 87 
55 69 52 21 196 
24 31 55 31 338 
74 39 48 41 707 
59 38 78 28 584 
34 19 53 68 273 
80 32 87 58 251 
50 77 40 7 36 
62 18 40 87 150 
55 41 39 17 728 
67 22 71 98 282 
17 96 23 35 639 
38 18 86 87 374 
94 45 99 101 761 
99 101 43 37 216 
43 100 93 10 150 
96 82 38 79 557 
60 63 91 24 128 
56 56 7 29 559 
46 34 55 41 214 
12 44 40 24 754 
68 81 36 72 760 
19 5 15 17 691 
58 82 9 19 713 
33 57 77 85 318 
44 96 16 68 668 
11 48 54 83 70 
54 44 15 86 20 
81 29 21 31 804 
54 43 92 44 107 
66 27 38 54 773 
57 68 57 85 410 
74 67 70 90 688 
73 53 34 9 267 
16 69 25 17 66 
7 38 49 87 710 
3 7 74 55 145 
85 12 101 89 434 
88 89 32 36 250 
16 61 32 46 224 
3 11 85 12 810 
100 5 23 46 735 
21 22 73 98 402 
69 95 17 73 10 
63 54 47 56 383 
29 39 91 86 763 
48 7 4 59 705 
94 23 64 56 166 
83 91 57 99 276 
68 18 36 87 517 
23 46 62 45 540 
51 66 32 65 589 
63 16 38 53 359 
16 20 16 12 470 
48 33 63 53 168 
74 98 50 22 659 
13 5 6 23 593 
4 48 61 93 305 
29 94 101 84 484 
68 55 7 55 162 
50 4 26 29 144 
91 85 11 25 769 
55 18 12 84 498 
60 13 17 80 340 
70 61 24 75 249 
56 34 81 93 441 
21 94 98 2 265 
11 81 78 6 678 
22 38 38 99 690 
13 84 19 23 11 
58 40 29 13 420 
91 82 53 99 517 
59 6 20 71 615 
63 22 11 52 424 
81 36 14 97 181 
34 26 28 90 157 
74 18 60 92 800 
83 67 86 51 352 
31 30 81 42 215 
18 21 68 24 193 
93 75 69 71 183 
23 28 33 91 161 
68 56 65 80 744 
43 47 30 73 766 
98 38 62 9 186 
53 57 73 71 53 
15 59 6 67 233 
101 51 91 70 625 
58 36 97 31 630 
77 68 3 51 692 
72 93 97 30 228 
57 14 62 48 585 
68 57 65 85 54 
11 52 100 52 751 
95 58 61 97 315 
64 43 33 32 391 
87 56 24 86 295 
24 64 78 39 603 
89 91 45 98 87 
3 73 14 25 559 
27 70 53 59 753 
16 34 3 91 537 
15 84 32 101 709 
14 35 80 49 688 
49 76 63 78 45 
6 15 65 86 307 
93 31 10 63 191 
19 5 67 94 181 
93 63 89 73 494 
7 60 46 12 807 
70 95 67 41 177 
52 9 77 54 722 
3 70 19 54 612 
87 76 71 77 570 
10 70 89 27 765 
88 89 92 17 2 
47 71 56 87 566 
100 66 71 42 595 
12 30 15 5 176 
24 46 37 98 620 
34 92 71 42 739 
3 8 42 47 292 
65 19 62 54 352 
33 17 34 85 627 
23 7 31 5 489 
82 57 85 6 585 
44 54 95 41 560 
58 2 16 97 561 
94 26 26 6 80 
95 70 63 62 736 
9 15 55 22 451 
29 62 68 82 84 
48 25 38 75 768 
13 26 23 85 711 
33 3 39 16 691 
99 83 27 95 550 
15 96 25 15 527 
31 101 76 86 341 
97 36 36 87 190 
71 89 52 12 802 
71 49 79 75 486 
