4 6
250
65 55 56 78 792 
99 10 51 80 913 
34 86 22 42 968 
11 95 10 95 284 
20 37 55 66 180 
87 25 77 75 266 
14 5 60 3 172 
81 66 82 3 350 
31 69 64 60 294 
11 65 65 32 593 
69 20 42 9 348 
30 101 92 63 977 
76 35 78 59 768 
31 27 21 28 7 
47 15 9 66 1146 
53 75 98 42 67 
24 62 47 27 675 
96 65 54 74 1053 
82 76 21 23 669 
98 93 8 97 1161 
86 45 39 31 47 
56 14 78 15 949 
57 5 52 58 705 
15 90 53 3 845 
68 76 49 42 257 
73 96 87 12 1190 
62 69 3 47 263 
81 25 18 23 17 
84 89 41 97 379 
78 25 64 66 505 
11 42 6 28 350 
12 98 100 11 403 
62 29 68 18 221 
90 4 7 37 964 
92 74 32 2 1065 
82 37 54 11 545 
49 34 23 71 1083 
22 65 77 19 141 
84 28 9 90 510 
58 22 25 79 524 
76 20 30 87 624 
39 11 6 41 598 
77 46 91 66 1045 
30 7 100 29 1202 
28 29 90 25 1178 
67 66 44 61 387 
61 14 77 68 859 
31 6 38 20 630 
12 61 38 70 449 
40 39 45 5 172 
52 25 97 81 212 
49 32 6 91 1055 
75 69 47 9 1096 
64 71 25 96 688 
25 71 82 78 1076 
69 92 23 89 711 
30 23 41 47 996 
39 19 98 51 280 
101 2 49 33 962 
45 15 31 80 910 
71 16 51 49 1108 
83 44 21 93 616 
59 11 19 33 715 
54 30 3 28 648 
47 75 76 73 696 
25 24 51 99 550 
56 63 44 14 1088 
16 73 94 56 9 
96 100 8 101 806 
92 85 18 75 326 
17 15 5 28 358 
99 42 80 92 826 
60 96 24 48 1182 
97 69 7 44 548 
83 38 48 27 717 
50 69 77 7 816 
42 8 78 73 369 
43 60 19 85 1129 
75 95 4 89 518 
3 78 62 4 861 
25 80 76 30 563 
81 68 80 69 998 
32 67 75 25 335 
54 20 53 18 680 
39 52 23 52 875 
90 35 61 85 710 
74 9 75 37 533 
64 34 49 27 626 
77 83 52 4 766 
10 22 81 62 1104 
84 27 46 49 409 
75 59 26 59 715 
48 9 96 11 118 
24 94 40 82 798 
22 73 28 67 988 
58 3 22 89 777 
69 56 102 95 925 
50 66 29 4 865 
7 10 92 69 67 
70 89 43 94 493 
18 84 101 97 862 
13 100 81 68 945 
74 39 39 96 1114 
93 9 3 35 760 
61 68 38 11 731 
14 83 61 62 157 
71 62 29 49 584 
87 57 7 25 786 
51 87 63 27 1206 
70 73 99 78 174 
63 88 9 32 996 
52 48 92 37 717 
32 41 21 55 97 
14 12 92 48 75 
38 4 80 71 160 
76 7 14 13 1117 
43 86 86 47 634 
86 55 99 68 1193 
41 68 72 66 414 
12 68 9 19 1058 
61 83 53 72 958 
61 9 40 19 91 
47 37 81 46 217 
48 58 76 4 294 
61 15 26 50 823 
72 33 16 38 39 
11 100 97 26 400 
62 36 16 69 1132 
79 17 81 60 643 
6 89 29 49 1073 
56 94 8 95 334 
48 59 4 5 101 
30 95 4 16 1209 
49 42 56 13 704 
14 44 9 11 578 
46 35 68 98 774 
85 6 69 50 597 
19 94 4 99 1062 
6 34 13 61 789 
86 15 67 62 65 
66 34 18 91 922 
15 87 99 48 1016 
14 93 8 41 305 
26 28 56 68 1004 
57 40 59 26 661 
83 33 49 47 778 
33 70 8 93 1211 
53 91 80 75 444 
34 97 58 16 912 
15 27 74 36 500 
60 61 101 80 610 
28 77 94 37 1158 
84 40 54 84 634 
46 86 17 42 905 
37 49 84 32 617 
62 84 45 52 503 
57 61 15 6 69 
75 71 31 43 891 
78 99 45 80 664 
96 45 76 65 374 
30 12 33 62 72 
13 79 72 29 1096 
46 34 44 96 481 
25 27 50 79 966 
77 58 76 70 1202 
40 6 6 77 691 
19 10 83 21 155 
47 29 55 100 1161 
98 101 3 54 348 
46 57 51 41 380 
71 97 99 86 678 
75 38 66 64 829 
8 75 97 73 887 
39 54 24 84 1151 
98 74 52 84 1017 
78 56 25 41 668 
85 58 67 46 1067 
24 13 99 66 488 
11 66 92 32 1086 
24 6 32 81 1123 
94 35 69 47 432 
99 47 17 3 969 
20 15 26 10 1041 
52 11 52 86 612 
28 57 60 44 1039 
34 84 22 95 742 
74 26 45 50 764 
52 91 22 11 1101 
80 97 98 87 265 
98 42 85 47 471 
16 56 49 31 805 
40 77 27 62 43 
17 27 24 42 92 
96 72 78 47 436 
63 91 43 96 882 
33 60 75 22 1090 
94 101 76 57 573 
19 79 16 84 305 
77 66 62 8 911 
55 75 58 80 336 
28 66 39 12 944 
27 16 55 59 428 
81 4 6 73 141 
18 52 70 95 1101 
19 58 96 23 746 
99 31 37 21 232 
60 4 98 95 775 
30 64 66 80 266 
6 27 59 49 557 
75 62 91 97 712 
5 7 65 90 131 
72 71 18 51 980 
98 81 35 40 942 
79 8 13 10 1016 
56 88 92 74 1053 
94 101 49 77 1078 
39 42 42 63 199 
55 41 10 85 1142 
61 48 17 100 313 
27 93 20 72 833 
69 51 83 14 51 
19 17 93 4 226 
73 24 43 63 526 
58 41 74 24 298 
41 100 31 16 292 
10 73 95 48 746 
3 82 79 9 265 
90 61 31 59 1217 
39 50 8 66 273 
39 7 56 57 847 
89 21 98 48 361 
70 22 69 90 1169 
48 25 47 43 216 
93 47 36 41 667 
100 12 17 25 1061 
93 94 66 94 1062 
6 18 40 79 909 
84 86 33 80 653 
70 94 43 64 656 
17 5 67 49 388 
94 73 17 2 875 
79 7 75 61 471 
78 58 77 3 1121 
32 87 70 69 442 
8 17 58 88 1053 
8 71 55 71 880 
91 29 20 63 1164 
35 3 40 8 1193 
79 13 73 41 945 
15 19 42 72 294 
