4 8
250
13 50 34 9 1421 
25 4 21 28 1279 
34 50 50 54 675 
11 16 45 16 18 
71 65 17 86 1391 
45 19 74 79 1162 
25 46 17 24 1323 
7 20 82 72 459 
78 99 7 14 1008 
44 99 100 76 1409 
16 74 91 12 296 
50 35 50 24 713 
8 32 44 57 896 
90 35 28 73 601 
93 36 76 88 405 
73 59 5 24 700 
48 22 100 93 936 
54 57 7 6 533 
74 72 60 28 360 
48 57 52 59 1208 
12 74 28 40 1559 
81 100 5 87 763 
93 32 28 81 1594 
89 34 53 100 54 
35 30 24 41 1059 
23 79 49 66 1278 
18 9 48 50 543 
76 95 62 97 1270 
55 54 22 59 679 
44 45 81 31 580 
17 6 54 56 676 
84 52 90 75 1214 
5 53 41 9 504 
86 86 80 48 382 
95 73 58 22 813 
83 10 66 99 369 
80 100 21 31 1039 
13 57 94 9 841 
26 8 90 23 1223 
5 15 15 29 945 
61 67 35 7 687 
45 51 34 6 992 
76 88 92 52 1578 
7 34 13 45 317 
30 94 73 96 1615 
90 86 37 47 772 
70 97 40 41 1046 
14 67 15 88 336 
65 26 89 48 1271 
41 17 39 26 1142 
72 4 72 9 485 
68 96 41 8 886 
61 16 88 59 1518 
80 50 53 88 1378 
42 21 26 25 925 
7 7 27 18 984 
74 49 12 77 1257 
67 27 32 12 1593 
20 28 9 34 1000 
51 39 32 55 1622 
93 67 53 42 488 
53 80 49 53 411 
64 72 24 48 1335 
15 6 13 82 451 
55 20 43 91 1088 
16 14 94 64 131 
69 77 74 19 1136 
10 98 73 48 421 
89 80 82 87 588 
50 6 63 52 794 
47 28 52 28 756 
75 26 65 75 262 
41 88 87 45 944 
89 100 7 79 1206 
19 35 68 56 658 
77 40 58 55 302 
12 53 43 15 1025 
43 26 48 73 1573 
86 35 99 32 1409 
3 95 39 29 798 
52 101 86 79 516 
14 62 98 87 1169 
37 70 12 57 99 
90 47 75 82 273 
65 54 36 82 1464 
86 37 38 70 639 
84 3 31 6 1112 
13 69 67 83 825 
83 31 63 101 995 
19 25 45 26 1598 
58 22 59 12 1407 
100 66 6 89 776 
79 26 30 48 1466 
37 40 8 89 1545 
24 82 93 31 587 
36 93 37 21 1194 
63 95 14 72 1351 
63 46 21 20 1137 
49 64 80 36 1203 
58 3 16 11 429 
80 19 58 31 1241 
78 31 30 77 857 
9 31 87 16 1413 
86 14 59 65 466 
93 22 91 19 778 
62 4 59 58 1299 
34 79 28 95 1552 
46 39 85 96 107 
34 18 46 67 1018 
20 79 66 49 1466 
46 46 53 83 573 
60 30 41 83 269 
76 74 74 97 328 
33 5 94 21 697 
49 31 65 59 1572 
77 78 25 57 483 
84 40 12 68 578 
90 28 47 60 601 
18 100 4 80 526 
62 46 51 47 521 
17 87 48 7 704 
18 83 96 87 977 
85 7 86 54 555 
38 64 8 62 518 
7 60 36 84 444 
50 28 87 27 590 
33 28 80 25 235 
99 94 7 25 321 
9 34 63 100 882 
13 16 52 46 1562 
100 40 92 15 444 
59 53 66 79 1547 
91 98 71 50 471 
59 29 63 40 600 
46 58 85 42 398 
75 99 38 30 271 
36 78 43 31 616 
95 39 67 98 932 
48 31 30 30 495 
14 65 14 71 1591 
86 55 15 9 842 
44 57 52 91 887 
62 17 38 63 996 
15 57 42 13 589 
22 64 67 82 1479 
18 31 57 12 211 
12 87 68 32 530 
82 65 36 80 1562 
39 89 78 44 1584 
33 95 69 69 279 
59 25 3 35 1264 
25 90 34 19 588 
15 3 42 78 726 
77 51 7 31 1316 
52 23 64 17 1611 
35 88 26 85 980 
25 64 90 95 913 
89 86 35 55 162 
94 33 19 44 1343 
39 49 102 99 367 
84 89 40 89 1096 
38 63 88 37 724 
39 67 51 59 216 
54 15 49 22 940 
93 18 54 21 1447 
21 5 23 35 1013 
88 88 29 63 1282 
37 25 3 28 323 
28 100 100 11 1191 
29 84 63 31 498 
26 102 81 42 517 
67 37 22 100 791 
35 42 55 75 948 
53 40 90 80 1269 
31 14 23 3 514 
95 20 46 48 1004 
38 45 94 4 626 
88 9 89 31 217 
2 6 5 79 1419 
88 46 27 53 365 
91 97 84 53 32 
14 81 80 10 632 
49 93 76 38 197 
92 50 53 36 1171 
46 53 60 67 1261 
27 11 46 16 742 
51 95 95 25 1184 
44 62 43 3 433 
10 31 81 93 1076 
11 32 69 67 1584 
40 95 93 81 1284 
40 38 20 76 1255 
5 36 67 65 1470 
57 100 52 66 1143 
32 9 52 10 1044 
17 74 70 101 1111 
97 44 81 19 123 
57 4 16 47 569 
8 45 70 26 379 
75 66 18 3 184 
13 81 5 97 1102 
33 45 85 17 1039 
67 71 21 7 1332 
64 58 50 57 570 
55 86 8 31 1049 
89 41 29 87 1478 
53 58 69 90 931 
18 41 85 51 1245 
14 21 101 83 1135 
39 26 64 44 1004 
20 18 63 68 948 
29 76 76 33 1318 
94 18 100 26 206 
11 4 33 50 1073 
25 74 101 81 371 
37 87 26 62 443 
64 79 87 25 1189 
37 98 3 32 492 
44 67 54 71 1372 
98 23 77 71 990 
37 96 16 78 627 
48 19 84 45 385 
44 51 16 6 299 
17 33 77 54 1263 
15 3 3 20 387 
60 22 32 97 434 
16 12 58 101 1499 
71 65 10 87 447 
20 16 60 8 1436 
95 52 50 52 1120 
67 48 25 93 775 
36 95 97 55 1304 
28 89 89 19 158 
34 96 17 14 806 
55 25 91 26 969 
101 46 96 32 506 
10 74 82 28 1011 
70 89 66 54 941 
78 70 57 7 28 
33 29 43 99 916 
101 37 38 3 264 
43 59 101 34 788 
93 100 67 24 1170 
56 9 62 57 682 
47 31 66 57 1195 
87 70 86 25 462 
74 5 100 76 523 
75 37 81 12 335 
13 90 34 5 1093 
80 5 36 36 775 
