8 2
250
5 97 69 50 78 33 54 73 156 
60 16 39 92 100 81 72 100 254 
75 31 88 88 32 19 63 51 250 
3 94 49 17 4 90 57 99 20 
85 84 88 4 5 23 99 48 303 
11 77 10 17 18 91 7 84 216 
91 19 67 52 89 29 71 53 323 
93 45 14 51 37 4 76 89 66 
78 73 28 66 91 86 45 54 300 
55 87 78 60 11 22 38 68 323 
42 35 97 61 35 54 44 8 12 
64 62 42 8 43 31 75 31 45 
28 27 31 83 9 37 56 18 269 
5 35 36 94 15 71 24 37 221 
22 20 40 77 24 85 84 83 374 
35 49 46 49 87 82 12 11 167 
53 61 28 63 7 18 88 41 298 
71 72 49 73 86 8 77 54 50 
74 54 5 48 101 27 45 23 285 
23 58 50 56 84 6 30 74 310 
30 62 15 24 91 85 12 15 47 
46 64 65 40 74 35 70 39 236 
39 7 62 3 19 86 49 66 338 
27 16 90 45 45 14 32 50 378 
101 52 65 23 38 87 16 101 238 
9 85 87 17 88 47 48 93 275 
18 29 44 30 77 26 102 86 403 
25 3 22 53 10 26 42 71 356 
97 19 71 77 89 21 28 42 333 
100 13 31 46 99 54 47 16 87 
52 73 77 41 23 53 89 93 398 
41 58 77 63 76 19 59 54 303 
100 43 42 26 4 37 45 4 302 
72 81 7 70 8 96 5 92 402 
14 58 98 20 90 97 23 89 342 
9 39 38 14 88 47 79 49 299 
83 29 70 42 98 22 80 19 52 
95 73 53 83 60 86 20 48 390 
81 83 55 46 5 17 53 38 263 
39 60 95 62 93 61 23 24 259 
32 73 63 78 42 73 85 30 70 
35 28 81 54 96 43 52 101 270 
22 39 26 55 91 61 57 42 241 
22 35 82 93 62 38 23 89 303 
37 5 43 84 63 76 100 20 44 
87 87 65 54 12 94 95 3 347 
41 79 84 3 23 102 14 65 387 
39 44 68 45 33 9 69 17 393 
27 40 77 52 57 73 51 72 224 
97 70 25 90 100 62 53 84 44 
94 36 84 43 72 100 81 63 312 
47 44 56 59 87 97 97 70 257 
12 92 24 13 54 53 47 19 391 
74 50 45 8 94 51 99 77 330 
17 86 70 79 72 96 97 7 116 
2 41 84 30 95 33 99 44 375 
90 82 84 33 98 55 4 10 55 
35 41 52 7 62 13 17 83 342 
96 34 22 30 19 49 25 47 320 
16 46 57 15 11 52 60 10 385 
101 86 90 18 77 64 83 64 270 
80 97 81 73 15 15 49 5 41 
74 62 66 37 10 53 76 91 263 
60 22 31 102 49 54 19 18 393 
97 80 59 59 50 57 83 47 203 
102 44 32 45 68 9 43 87 200 
32 66 78 39 44 89 100 25 171 
39 80 50 29 57 100 18 53 100 
55 17 14 11 55 65 4 77 190 
36 17 56 25 61 64 5 88 211 
22 60 39 72 61 27 15 47 271 
4 75 90 34 28 17 84 90 287 
39 23 13 15 37 69 42 66 32 
89 16 21 88 26 71 48 98 379 
89 84 58 89 98 10 99 2 9 
61 4 91 42 42 73 94 68 266 
42 9 25 72 32 98 20 28 128 
49 18 51 21 88 32 24 97 26 
17 52 27 5 18 37 67 84 253 
20 50 76 50 96 60 6 8 366 
72 20 54 62 71 72 79 52 344 
55 42 18 61 20 47 67 80 68 
42 39 92 90 6 50 36 101 319 
59 100 24 93 17 82 42 54 315 
56 57 83 57 28 68 53 15 172 
48 61 32 31 85 18 44 66 281 
101 84 16 6 28 72 94 22 213 
64 64 26 38 21 69 70 13 94 
38 87 14 27 38 93 8 90 165 
51 31 17 8 51 54 13 43 284 
65 52 31 13 65 7 16 91 209 
20 13 42 65 63 74 95 8 322 
59 77 48 24 99 40 32 46 374 
39 58 14 75 26 80 99 7 251 
95 27 24 8 13 49 42 91 315 
2 88 70 44 15 45 75 56 272 
26 43 54 93 83 21 16 79 137 
41 47 88 64 68 58 13 102 331 
58 53 66 101 84 11 63 32 238 
26 97 45 71 2 72 14 76 261 
11 4 46 5 94 36 16 4 181 
93 40 22 14 33 15 64 18 16 
5 27 61 46 33 53 63 92 334 
92 72 47 18 52 94 94 4 399 
39 55 60 32 87 82 67 72 373 
41 13 65 32 9 86 69 11 199 
7 67 73 95 45 4 55 26 131 
101 76 90 29 22 31 17 27 259 
47 75 42 81 81 63 62 24 322 
20 62 65 63 52 43 46 89 153 
29 46 12 58 79 63 51 68 390 
6 13 94 36 18 83 23 24 148 
10 28 88 12 36 22 25 36 261 
71 40 27 49 86 34 94 90 334 
55 90 98 81 32 15 67 58 47 
89 86 46 84 42 30 7 37 251 
53 18 12 92 35 45 99 82 112 
73 59 29 61 44 29 102 70 138 
42 31 98 75 47 80 11 38 206 
22 89 100 99 44 50 73 43 295 
74 65 57 55 84 52 88 96 405 
86 30 44 19 84 75 96 67 29 
67 80 73 34 83 100 94 80 381 
31 76 17 81 90 3 57 30 22 
80 89 49 48 88 53 80 28 32 
10 5 6 27 4 79 44 8 256 
3 42 84 60 63 7 59 59 83 
86 7 42 43 64 57 70 18 321 
62 21 94 22 56 57 92 86 307 
91 6 74 40 40 84 41 56 358 
25 23 27 44 92 32 33 96 87 
69 70 43 52 60 88 100 84 356 
73 83 88 29 70 79 32 70 217 
50 48 69 60 4 10 69 47 389 
55 20 31 64 91 61 36 25 68 
36 41 48 88 42 58 97 70 298 
4 98 55 50 14 24 78 85 199 
56 11 68 35 85 15 93 47 260 
60 10 94 29 95 47 63 97 119 
9 64 7 13 66 36 37 67 200 
44 7 8 9 88 8 13 82 60 
52 4 58 35 97 97 94 39 244 
83 77 5 11 89 19 95 72 89 
45 45 47 34 100 20 66 51 165 
60 53 24 89 18 14 32 13 381 
75 75 69 12 21 29 76 56 370 
48 35 19 90 16 18 86 70 155 
71 20 6 40 71 48 57 36 352 
39 96 61 93 80 79 26 22 393 
57 35 26 21 60 45 29 20 65 
25 72 39 8 4 50 77 63 377 
91 37 6 23 57 87 42 39 247 
34 57 57 43 66 95 22 32 143 
16 53 62 62 13 53 32 35 263 
51 33 94 12 18 19 86 37 350 
94 36 81 41 80 23 85 97 261 
63 84 8 46 89 75 16 63 45 
34 31 26 55 92 24 22 93 27 
71 24 40 40 59 31 10 29 391 
58 77 75 42 79 18 89 72 209 
60 7 46 21 99 58 8 54 25 
64 42 45 59 21 89 17 16 301 
28 24 27 79 38 61 79 60 350 
40 94 54 10 67 22 73 64 351 
64 52 27 84 34 6 26 48 358 
54 101 58 88 27 65 44 64 195 
28 83 71 87 44 41 72 70 246 
56 55 76 25 88 58 3 55 262 
51 45 93 23 55 92 74 27 240 
32 54 69 91 68 5 75 47 331 
18 78 10 88 14 65 46 72 379 
15 31 15 102 87 74 101 95 78 
59 7 30 81 16 19 83 42 67 
95 68 89 73 52 44 77 87 313 
58 65 33 29 79 86 99 60 390 
48 32 69 98 92 75 87 18 164 
55 39 65 93 7 74 49 53 18 
8 44 81 73 26 2 97 45 124 
90 31 30 47 84 57 24 37 45 
51 99 78 16 88 36 4 25 195 
16 66 60 61 82 28 82 93 66 
18 77 7 69 2 48 45 99 355 
14 10 57 9 72 72 63 101 222 
30 94 58 47 71 4 55 83 322 
74 30 52 4 67 93 42 7 245 
7 84 99 32 73 91 49 92 60 
95 9 96 90 100 83 73 54 404 
62 73 7 5 16 21 69 73 282 
39 12 45 66 70 67 12 58 72 
59 100 24 69 100 82 90 62 305 
86 86 32 71 33 15 94 82 140 
56 4 69 80 64 101 22 12 326 
73 31 41 32 80 44 66 16 220 
79 94 75 28 18 56 46 85 357 
41 70 81 32 74 90 33 58 223 
52 82 38 24 50 90 2 19 127 
38 57 8 90 7 19 61 17 359 
63 31 88 15 35 81 14 83 170 
3 42 60 53 101 24 90 16 140 
20 57 47 87 28 101 25 10 117 
84 53 65 63 73 59 102 72 111 
71 38 48 59 12 68 49 101 313 
75 87 58 85 2 93 85 44 245 
45 78 5 89 92 27 53 32 125 
80 41 71 3 54 31 97 21 316 
90 63 47 80 40 28 25 52 98 
75 100 53 74 80 31 99 58 383 
26 84 48 23 7 82 38 71 244 
9 75 35 28 90 83 16 98 330 
17 67 40 79 66 42 3 81 132 
82 8 63 42 6 97 38 74 154 
33 68 58 67 44 71 69 17 317 
93 48 12 71 60 85 51 84 371 
58 49 20 8 22 29 50 59 257 
100 69 71 40 93 19 46 85 121 
27 52 25 71 12 51 65 13 133 
24 12 50 81 93 24 6 82 101 
22 27 48 31 19 87 8 70 197 
11 55 57 95 28 77 55 25 132 
70 88 39 71 46 11 97 28 190 
17 22 78 49 35 13 94 26 237 
85 99 35 40 65 43 3 56 237 
79 31 87 74 27 70 91 39 382 
89 53 83 39 36 93 41 93 200 
74 63 21 47 3 4 20 72 111 
101 32 25 98 70 92 54 20 397 
64 44 96 10 60 99 19 7 298 
79 48 65 44 101 74 95 31 377 
40 34 30 85 57 57 43 93 31 
72 94 86 94 87 18 96 80 200 
56 66 6 25 30 98 31 43 100 
66 59 33 54 5 41 99 15 351 
72 80 90 42 69 69 91 49 56 
91 87 63 49 51 23 25 40 265 
91 17 6 33 57 16 33 79 140 
78 21 90 47 96 74 32 26 404 
63 17 99 39 35 83 85 41 229 
65 19 10 12 31 67 76 11 399 
83 40 26 76 11 92 35 15 115 
27 46 93 91 19 27 24 64 97 
69 54 84 26 50 17 60 70 245 
28 68 92 25 73 88 76 50 349 
77 90 8 10 5 22 55 60 387 
67 76 3 85 90 69 44 8 232 
18 60 92 11 18 43 32 9 194 
40 3 75 7 18 70 41 49 302 
19 62 51 64 73 92 22 95 384 
61 45 80 25 84 67 31 60 370 
97 68 74 67 80 98 75 17 232 
24 62 60 34 46 43 95 27 192 
