2 2
250
52 22 393 
90 35 297 
24 19 208 
33 22 214 
94 9 102 
56 10 81 
8 61 271 
101 84 92 
27 86 111 
63 28 288 
41 38 98 
68 79 86 
74 28 242 
22 31 36 
55 59 127 
4 14 20 
100 91 78 
19 74 134 
94 53 154 
76 65 201 
48 63 373 
82 94 341 
31 28 125 
6 84 336 
62 88 122 
60 48 105 
93 25 295 
24 65 151 
54 24 263 
93 75 106 
85 100 258 
12 77 278 
19 74 266 
49 75 350 
76 96 32 
38 58 352 
5 36 21 
14 85 163 
79 25 400 
57 31 283 
21 39 215 
7 23 343 
21 52 47 
64 43 303 
62 46 206 
88 50 285 
31 17 270 
80 90 160 
23 73 63 
25 35 210 
72 64 179 
98 30 146 
35 71 297 
25 19 28 
77 43 381 
33 54 161 
92 92 307 
30 27 56 
5 43 202 
16 86 204 
71 98 71 
62 93 321 
33 67 65 
17 55 323 
99 8 401 
62 5 192 
48 92 81 
78 36 176 
78 44 153 
32 94 357 
88 22 349 
25 57 87 
91 17 204 
17 2 355 
26 77 153 
98 33 81 
17 45 156 
4 70 383 
32 95 255 
76 86 204 
44 3 295 
30 30 139 
96 76 211 
79 72 357 
99 33 368 
34 54 241 
8 82 44 
20 17 201 
51 86 211 
93 95 252 
61 17 131 
2 75 406 
17 98 191 
5 4 235 
70 40 299 
53 7 154 
6 100 168 
5 71 16 
41 26 349 
25 80 183 
84 4 333 
92 21 226 
58 99 235 
93 19 231 
14 4 318 
55 52 316 
78 101 320 
16 90 385 
23 57 192 
30 63 203 
16 94 72 
4 23 2 
78 80 79 
20 97 37 
82 15 329 
87 93 271 
27 88 302 
10 49 325 
68 70 62 
89 71 259 
10 29 148 
10 79 107 
41 12 332 
80 79 294 
60 60 19 
72 36 304 
16 38 263 
82 5 305 
78 8 181 
40 38 216 
87 91 37 
58 12 277 
74 74 150 
57 48 330 
87 50 38 
4 52 366 
77 98 141 
42 75 136 
101 30 100 
63 34 291 
84 3 305 
31 95 363 
65 5 197 
38 99 252 
40 61 370 
86 98 227 
68 75 227 
56 64 161 
20 47 64 
78 59 334 
46 13 165 
67 75 182 
8 58 226 
22 41 195 
44 41 405 
75 5 60 
45 18 133 
71 98 240 
18 29 159 
37 12 195 
76 89 189 
68 95 352 
23 74 351 
48 79 161 
2 48 142 
10 15 97 
42 48 174 
3 35 168 
51 77 65 
83 52 188 
8 73 190 
10 48 211 
3 78 189 
15 53 125 
30 98 157 
95 70 203 
26 10 62 
17 97 263 
7 75 223 
7 19 76 
73 42 95 
42 42 28 
95 95 406 
85 8 152 
79 29 386 
14 75 151 
5 58 27 
68 59 171 
33 93 309 
84 4 301 
99 98 241 
30 44 48 
9 90 229 
34 2 309 
52 44 8 
80 40 278 
72 95 408 
20 5 247 
14 7 338 
83 11 205 
33 13 370 
28 88 43 
80 52 346 
85 7 346 
83 73 229 
33 18 65 
42 55 217 
10 15 38 
76 82 383 
101 18 155 
31 28 321 
8 3 366 
87 26 229 
93 102 359 
85 88 361 
17 39 131 
6 83 362 
69 43 229 
99 25 401 
84 54 26 
18 81 139 
49 57 322 
8 77 285 
68 47 376 
62 51 221 
67 26 108 
23 61 176 
64 96 143 
51 63 347 
25 11 318 
93 6 295 
52 77 83 
56 38 130 
12 11 252 
64 40 148 
99 9 377 
4 34 403 
74 63 380 
65 56 348 
101 100 381 
96 85 270 
94 77 172 
22 12 301 
36 12 360 
97 13 204 
83 102 231 
101 55 221 
95 23 314 
81 21 175 
81 89 87 
