8 2
250
55 64 101 7 37 32 57 19 132 
72 82 42 32 101 46 35 95 249 
55 84 57 11 9 13 75 86 149 
15 17 62 96 44 49 99 97 109 
28 37 73 92 24 80 33 84 226 
65 20 54 94 42 68 78 12 210 
2 46 57 90 34 53 96 44 8 
75 78 40 95 35 6 20 9 240 
91 65 62 79 79 28 58 12 271 
86 23 78 96 21 34 98 99 209 
74 40 5 22 98 82 78 61 25 
19 72 87 51 76 34 9 88 193 
93 25 68 31 34 24 87 12 87 
28 81 59 8 99 38 55 48 284 
58 71 69 83 3 21 22 40 163 
84 37 49 45 89 34 87 7 304 
87 44 8 82 37 88 61 52 327 
50 13 76 51 98 30 65 53 72 
82 12 24 50 11 96 84 5 306 
76 84 94 27 23 93 63 70 17 
66 78 36 82 24 52 40 74 113 
68 35 41 21 83 38 17 7 388 
54 39 35 14 100 34 13 86 278 
90 25 92 84 89 30 26 101 308 
85 102 90 74 11 40 69 18 287 
38 57 4 58 12 18 98 11 130 
73 54 79 4 71 39 84 53 199 
39 86 48 14 96 84 62 34 22 
9 83 29 98 47 84 64 78 120 
68 34 15 76 88 80 98 56 191 
100 83 33 53 91 61 91 32 135 
27 26 63 22 98 81 13 91 116 
6 77 9 98 42 95 10 18 79 
38 65 99 69 18 43 37 64 206 
76 58 94 70 9 17 51 39 214 
70 48 37 36 65 99 52 94 323 
41 4 43 40 45 75 42 55 275 
37 60 10 22 86 36 30 39 138 
38 38 70 94 49 5 43 42 286 
86 3 102 2 19 26 64 98 246 
11 38 15 21 31 56 50 16 325 
46 50 64 4 8 28 65 16 229 
13 49 58 40 99 4 5 58 212 
70 37 43 86 61 90 75 22 7 
22 19 9 16 46 35 25 99 378 
10 84 97 76 39 4 70 53 203 
7 72 41 13 18 74 4 82 322 
41 62 91 76 30 89 26 45 396 
51 99 5 25 17 2 12 97 305 
58 95 100 40 17 10 41 71 202 
64 12 3 37 14 66 56 87 149 
5 36 56 11 52 96 7 21 221 
49 84 57 41 3 23 100 47 355 
83 2 47 83 37 61 39 64 136 
98 16 86 41 70 32 66 9 251 
23 50 45 6 35 98 56 94 355 
96 25 11 82 39 69 79 75 345 
93 24 100 96 73 90 63 11 24 
72 10 15 27 78 96 61 79 399 
46 79 69 51 29 46 74 45 163 
26 17 79 19 64 97 48 75 345 
65 29 78 58 45 26 92 86 340 
76 71 49 17 23 62 71 35 395 
19 44 97 56 24 30 50 39 384 
30 54 49 20 81 5 12 98 205 
24 90 36 46 61 45 63 101 305 
95 11 96 19 50 30 100 31 126 
92 11 7 50 10 8 31 64 132 
39 57 91 46 8 27 12 50 187 
65 75 85 54 96 25 55 58 117 
102 14 6 21 22 53 75 22 358 
47 75 82 30 16 99 13 26 180 
87 50 5 71 9 3 85 37 227 
49 40 17 84 97 54 80 32 207 
30 20 37 41 74 88 39 67 303 
67 38 61 89 43 72 81 70 31 
27 32 7 5 38 87 97 28 336 
75 65 81 30 52 87 48 85 26 
11 49 79 20 34 43 29 19 405 
98 62 99 47 5 29 47 55 404 
48 27 84 52 46 48 5 66 13 
97 39 88 76 43 60 66 72 90 
32 10 100 65 79 21 88 101 268 
87 30 61 54 85 99 88 3 238 
26 61 5 33 16 70 41 33 327 
15 24 21 41 83 35 7 17 185 
3 84 50 65 66 47 82 20 147 
46 45 56 91 91 42 102 42 44 
21 101 95 32 27 47 41 74 313 
48 48 50 28 49 71 54 87 77 
12 62 98 60 53 99 35 97 359 
28 27 36 81 42 42 25 88 64 
54 73 59 5 27 93 70 36 293 
90 20 98 87 39 6 24 92 326 
17 63 51 99 99 32 59 14 196 
45 69 9 9 5 63 56 2 55 
63 9 38 6 92 18 27 47 314 
93 43 90 32 60 52 63 10 107 
69 57 77 29 47 15 46 27 275 
67 83 17 38 33 38 93 62 338 
46 12 73 34 74 54 55 68 289 
62 15 11 59 48 96 37 89 185 
40 36 64 25 63 66 51 62 261 
64 58 12 54 41 100 69 18 401 
57 36 86 25 76 81 44 86 51 
60 10 36 23 3 46 93 55 107 
23 23 51 8 85 13 90 94 44 
62 10 77 14 92 32 98 82 217 
63 18 63 84 83 79 54 93 214 
31 42 57 68 62 88 74 48 388 
51 51 53 74 36 84 71 83 309 
40 49 20 6 27 24 93 32 151 
67 41 42 74 56 94 61 61 211 
58 96 50 90 42 46 37 49 126 
4 91 84 81 15 2 3 17 181 
36 27 17 35 77 33 51 8 31 
57 79 97 61 15 77 33 15 356 
30 51 9 76 71 81 93 91 166 
57 89 28 42 73 41 50 27 141 
39 25 21 19 41 35 39 82 286 
38 45 79 8 50 102 15 75 268 
39 62 58 38 44 88 92 96 82 
83 17 8 58 13 90 43 96 369 
70 13 12 76 40 91 11 57 191 
66 51 41 28 29 99 76 13 268 
80 2 83 35 29 46 16 57 264 
66 82 34 91 67 56 11 47 256 
57 65 24 68 30 89 41 28 188 
83 57 91 11 84 101 24 65 382 
12 38 86 68 62 84 27 47 309 
17 77 85 87 19 84 37 20 197 
46 14 75 96 95 3 101 35 3 
78 57 99 35 69 5 62 101 38 
81 91 5 41 43 85 13 27 210 
64 98 40 9 76 66 53 81 207 
23 18 44 85 69 30 84 51 365 
80 84 10 83 27 19 75 58 119 
47 6 73 91 85 71 52 38 151 
64 71 83 35 83 90 54 41 341 
69 98 24 77 59 94 96 35 176 
45 84 73 23 35 20 37 8 304 
82 34 35 76 35 33 93 23 327 
10 47 3 22 30 87 36 8 245 
8 72 49 80 98 52 28 9 223 
67 43 38 65 100 77 16 74 34 
52 95 65 94 86 38 14 87 360 
44 25 55 88 89 29 61 31 151 
29 4 38 85 50 28 79 28 326 
46 48 48 28 9 58 79 86 57 
99 17 87 13 68 12 64 86 344 
3 81 56 11 6 72 40 89 287 
74 69 47 38 17 61 59 70 163 
44 18 18 99 11 6 16 63 59 
54 18 38 28 23 67 44 78 193 
28 38 44 79 90 22 88 7 69 
71 63 102 29 56 100 73 22 276 
70 6 72 52 97 45 58 88 287 
36 48 48 82 96 41 14 32 132 
100 67 30 98 13 6 89 47 2 
16 27 64 40 57 3 99 76 294 
79 78 43 101 23 4 52 54 242 
73 90 69 62 17 26 68 75 226 
41 74 95 68 65 52 45 43 251 
10 98 93 47 85 22 70 36 221 
93 100 46 29 48 61 47 19 231 
35 56 12 41 74 84 48 60 9 
81 14 16 92 59 82 42 44 226 
70 28 7 49 95 83 72 76 305 
13 15 28 35 23 48 96 12 357 
53 71 26 11 101 27 20 90 94 
42 3 44 66 88 6 6 79 370 
53 87 63 32 71 100 10 37 186 
78 48 93 70 99 49 94 91 296 
33 62 29 82 31 6 60 32 300 
35 49 28 23 31 46 58 45 101 
28 23 3 29 3 66 82 45 173 
34 75 7 97 74 99 34 75 72 
65 73 59 59 74 41 26 77 359 
21 56 19 49 14 56 25 68 279 
74 6 61 65 2 88 64 28 234 
71 40 76 32 91 58 29 94 292 
70 71 52 64 4 28 78 63 361 
27 87 63 53 74 8 31 62 282 
60 102 73 72 96 47 84 58 153 
15 91 67 63 22 22 84 57 394 
21 12 4 35 89 41 100 39 169 
98 20 67 70 3 31 89 70 377 
3 99 77 6 82 48 91 64 293 
26 66 67 43 70 20 12 12 206 
69 28 15 34 75 59 6 87 155 
74 47 90 38 76 53 30 84 235 
24 17 32 58 46 27 70 76 300 
78 58 52 50 60 93 81 22 176 
82 71 27 20 102 97 11 19 71 
86 90 92 16 15 88 62 90 389 
23 13 83 90 66 100 86 30 123 
90 26 89 99 59 56 10 50 54 
35 6 17 37 49 30 10 86 352 
85 64 44 65 90 72 98 60 39 
64 94 7 29 36 73 67 23 378 
32 89 33 38 8 68 76 30 343 
82 88 66 56 82 82 14 2 272 
90 27 38 19 3 100 47 49 229 
10 8 72 46 72 28 37 80 396 
57 49 58 79 92 62 88 18 298 
47 10 14 27 17 35 7 80 393 
58 15 88 35 93 61 12 68 90 
16 39 18 40 21 4 85 59 217 
12 13 37 78 33 87 27 102 160 
46 85 93 39 41 94 32 81 267 
13 23 58 100 69 26 40 74 323 
59 9 91 13 44 59 82 97 273 
63 82 84 3 10 93 22 68 336 
32 79 100 26 11 42 39 74 148 
99 14 46 13 40 60 8 70 380 
52 35 43 36 58 46 28 70 402 
85 12 15 67 80 3 44 10 389 
83 35 100 51 76 72 23 86 336 
25 53 44 26 97 42 100 72 137 
43 98 23 56 100 42 44 55 255 
25 34 36 45 71 32 65 27 144 
97 3 61 74 15 75 64 5 72 
58 61 16 75 69 10 69 3 50 
77 29 37 59 9 23 10 100 213 
50 81 84 14 63 73 7 5 284 
76 71 85 50 94 97 25 88 383 
50 52 67 29 78 69 20 90 399 
102 40 95 40 66 17 23 16 99 
37 46 101 46 70 66 41 95 132 
31 29 37 42 36 24 29 62 200 
89 23 5 17 97 74 75 7 267 
78 38 7 71 29 80 73 90 172 
97 6 83 3 90 85 37 91 250 
65 62 5 73 14 7 68 36 378 
23 22 51 28 73 65 100 64 235 
29 62 102 59 71 48 82 34 226 
70 87 35 22 82 8 13 12 185 
64 7 26 2 5 95 88 53 277 
95 71 35 20 5 28 27 10 119 
63 8 93 59 93 82 51 100 198 
61 2 43 46 17 63 20 39 236 
35 29 60 9 73 20 81 89 258 
24 52 85 10 97 73 79 52 18 
56 7 16 46 53 7 47 28 207 
29 51 56 75 102 68 70 94 333 
73 56 37 75 80 6 19 29 199 
68 54 7 71 69 67 59 66 132 
46 91 78 55 64 47 70 54 158 
11 51 52 18 42 5 92 7 392 
71 82 28 12 29 26 58 81 304 
