2 6
250
13 21 460 
69 59 341 
66 35 1063 
2 85 994 
3 33 1005 
97 82 1080 
71 69 602 
87 30 437 
12 15 651 
37 80 701 
37 91 42 
83 55 811 
50 60 150 
77 14 178 
90 10 79 
61 17 1158 
3 90 488 
101 37 361 
28 28 1114 
4 59 529 
77 31 665 
32 68 1148 
80 22 952 
18 49 266 
78 97 672 
37 99 252 
31 53 1200 
61 36 1110 
19 37 662 
76 57 336 
77 48 14 
71 102 1019 
62 60 516 
15 83 1168 
19 87 495 
20 25 499 
77 94 351 
72 75 73 
47 18 1163 
66 14 375 
42 6 802 
52 43 19 
23 9 1158 
74 76 482 
80 19 853 
5 44 595 
52 101 153 
15 101 771 
101 7 899 
97 26 1027 
90 99 560 
14 75 948 
32 68 550 
41 100 197 
48 5 211 
91 94 685 
38 44 912 
48 15 162 
20 28 59 
5 54 441 
30 27 1018 
13 85 953 
96 69 538 
94 75 920 
6 13 21 
98 69 1180 
48 12 157 
20 61 999 
11 44 1021 
35 95 570 
75 29 184 
11 13 885 
35 37 240 
41 98 309 
14 46 854 
101 45 25 
14 24 724 
10 59 517 
25 12 813 
4 3 511 
96 63 901 
99 21 554 
62 97 7 
31 66 393 
79 9 172 
90 8 186 
14 12 1212 
84 23 877 
89 66 867 
75 88 8 
8 33 416 
80 47 424 
54 17 301 
27 41 586 
3 84 712 
29 33 615 
30 38 63 
53 92 1120 
45 15 493 
4 12 674 
76 90 114 
102 25 399 
100 101 756 
81 38 1113 
93 89 867 
53 82 474 
15 62 405 
23 46 613 
98 57 508 
44 37 391 
96 52 57 
72 52 633 
41 3 722 
28 31 398 
90 51 1220 
16 63 32 
23 93 404 
4 91 610 
24 56 528 
61 6 844 
93 58 782 
32 87 1059 
88 23 457 
21 15 962 
82 90 386 
3 34 1170 
52 83 1148 
41 24 537 
101 95 747 
57 50 1178 
11 81 1188 
92 37 896 
71 61 782 
15 30 487 
67 4 965 
56 24 12 
20 23 267 
49 11 282 
77 54 418 
22 33 1131 
28 34 900 
43 13 408 
84 92 651 
60 34 901 
34 39 660 
56 76 249 
67 47 867 
62 38 322 
77 63 864 
76 17 1011 
41 51 341 
73 90 1175 
68 26 1113 
48 75 396 
50 62 1094 
50 18 879 
71 23 958 
16 57 1055 
24 67 1165 
49 68 607 
65 9 915 
73 21 1022 
48 62 607 
60 90 608 
31 21 881 
41 14 935 
39 28 556 
101 7 1151 
6 27 1145 
44 52 274 
3 21 708 
43 85 801 
60 79 503 
8 4 679 
24 13 405 
31 87 438 
16 85 649 
21 12 490 
6 66 30 
83 68 1148 
92 6 129 
29 59 846 
94 90 447 
9 83 434 
37 33 298 
92 79 1149 
63 78 500 
60 29 820 
71 84 105 
20 39 235 
65 79 135 
49 18 1199 
47 97 665 
66 39 1182 
101 10 25 
20 85 974 
18 16 1069 
10 22 1110 
55 34 941 
45 60 919 
63 76 622 
19 45 53 
27 90 185 
28 47 998 
42 99 476 
46 61 244 
67 54 1206 
31 4 283 
34 57 701 
22 96 1027 
23 4 456 
81 5 770 
48 84 786 
100 95 1167 
67 91 848 
8 71 278 
54 11 899 
59 80 76 
79 34 880 
30 88 1086 
49 6 1150 
33 7 533 
46 62 1147 
78 100 941 
58 69 720 
5 66 157 
56 28 1052 
37 70 1046 
13 66 285 
33 5 877 
93 20 1179 
77 53 1086 
3 35 1031 
28 63 104 
31 78 129 
99 3 136 
49 75 825 
61 76 730 
5 14 442 
11 23 506 
22 15 708 
24 87 985 
83 82 205 
72 4 380 
30 30 791 
80 8 1130 
77 16 766 
14 86 360 
6 34 539 
39 75 471 
