6 2
250
97 33 100 56 56 12 185 
17 27 89 42 88 101 93 
93 101 16 6 82 52 220 
90 13 21 96 2 21 124 
21 27 78 74 79 80 170 
91 50 24 86 58 62 381 
31 73 38 70 23 18 333 
18 11 17 24 57 46 33 
21 81 61 56 92 17 392 
3 13 70 11 23 83 8 
52 94 22 26 91 62 241 
42 85 28 81 5 50 14 
18 63 52 24 36 36 285 
71 65 32 68 47 99 116 
62 69 62 102 37 82 270 
19 97 100 68 86 51 323 
97 35 76 90 69 95 346 
52 21 89 89 49 34 330 
31 92 60 46 65 33 328 
18 68 81 69 70 39 402 
68 53 58 52 87 93 302 
32 58 80 81 6 45 45 
51 74 15 90 50 87 362 
7 42 24 23 20 101 324 
69 97 22 100 58 88 340 
69 34 39 64 43 9 403 
36 82 67 61 90 71 276 
96 69 81 22 54 12 253 
13 35 31 69 94 97 257 
63 60 83 50 59 30 332 
43 77 28 9 80 92 288 
62 59 64 32 31 14 298 
31 43 80 7 79 23 229 
100 10 97 51 14 38 301 
24 87 13 33 44 88 217 
93 56 15 75 22 93 210 
78 69 39 65 85 92 132 
19 5 45 82 8 27 175 
69 33 60 68 56 99 156 
75 54 101 89 27 22 153 
89 67 33 59 32 7 93 
43 59 88 32 48 44 23 
84 70 53 38 63 12 100 
24 57 10 68 96 15 15 
17 40 78 59 72 97 123 
40 14 25 78 22 22 107 
76 74 38 10 57 35 371 
86 51 53 66 11 15 265 
12 26 93 38 94 21 108 
21 13 74 78 49 77 180 
58 29 62 43 92 100 200 
85 74 60 41 82 14 128 
92 26 95 62 84 67 116 
90 34 42 31 3 102 224 
64 66 33 10 59 49 117 
23 94 25 21 17 18 112 
54 35 99 13 9 97 121 
88 81 18 67 13 18 279 
97 22 14 91 100 96 87 
10 29 33 25 67 5 280 
34 72 43 69 51 3 146 
102 45 20 96 7 27 307 
87 18 45 49 33 62 110 
74 13 32 18 24 8 183 
8 68 90 44 94 63 221 
11 77 100 64 17 35 388 
79 96 97 96 70 48 94 
13 90 78 36 45 44 250 
60 13 53 28 97 93 382 
79 31 54 14 67 23 310 
43 47 87 19 29 33 386 
19 36 25 56 62 24 387 
80 15 10 52 21 95 208 
65 49 37 22 44 4 406 
67 45 84 6 27 49 287 
45 93 19 17 13 68 169 
79 30 75 36 71 101 404 
19 47 64 48 30 27 318 
100 52 99 87 32 97 212 
93 43 52 38 77 27 146 
24 92 36 10 29 12 352 
21 65 87 75 5 3 200 
101 21 60 98 24 95 186 
43 23 32 83 73 91 351 
89 25 101 96 76 66 386 
56 30 40 3 18 94 319 
89 13 15 29 97 5 377 
24 94 42 55 34 92 330 
71 6 29 57 22 2 134 
42 89 81 31 39 56 182 
93 22 97 8 3 69 221 
11 19 56 79 89 95 266 
33 61 43 44 75 16 347 
26 12 48 97 93 47 194 
27 36 100 60 51 50 128 
74 47 49 33 25 29 245 
89 75 81 36 9 70 39 
30 39 89 65 42 61 276 
12 51 13 12 24 9 347 
85 58 21 40 47 36 242 
16 96 13 52 89 27 150 
39 69 64 87 80 40 395 
99 13 96 10 91 66 254 
98 38 24 3 22 77 19 
19 62 98 63 36 52 56 
45 78 15 56 36 33 297 
84 51 27 46 71 90 353 
47 27 31 59 72 99 78 
61 91 51 69 52 34 82 
10 68 25 46 90 86 219 
37 83 57 56 35 91 59 
89 99 60 54 89 20 297 
37 69 7 65 55 96 345 
89 66 89 86 100 55 302 
85 4 102 83 6 35 42 
46 76 4 40 10 7 293 
94 94 17 65 17 49 299 
101 21 83 37 91 71 196 
19 70 72 36 38 42 18 
97 60 73 85 87 65 370 
94 5 27 47 92 15 388 
75 74 23 86 8 3 341 
85 21 48 17 66 64 111 
8 34 6 73 66 70 395 
36 46 82 32 86 84 31 
18 58 91 101 58 55 183 
98 51 52 32 41 22 52 
41 27 69 23 3 66 351 
73 24 76 27 47 100 160 
30 43 56 24 20 78 274 
65 58 18 10 11 84 44 
85 55 43 27 49 86 387 
21 15 11 85 21 23 187 
36 18 76 13 56 8 279 
9 99 10 23 46 48 310 
70 54 15 93 83 78 355 
70 35 2 100 16 46 37 
31 46 41 102 57 23 120 
43 44 99 57 79 44 311 
59 35 6 5 41 21 208 
63 99 94 39 48 60 269 
85 75 15 42 64 61 321 
54 72 23 91 26 49 113 
12 18 38 7 35 13 49 
102 98 96 77 27 60 276 
50 49 65 11 65 65 238 
71 86 17 17 85 100 20 
65 85 16 17 74 25 211 
83 57 34 14 50 56 338 
79 21 67 39 4 13 20 
24 60 82 63 85 71 168 
34 24 92 52 15 9 151 
16 82 62 55 37 18 274 
94 32 99 17 11 77 374 
67 51 80 83 88 102 167 
26 37 56 91 56 13 200 
36 45 64 36 49 48 260 
41 7 86 69 97 39 127 
30 85 48 76 96 51 276 
74 13 71 29 9 98 364 
47 9 65 82 7 20 238 
90 37 83 64 31 30 104 
46 96 16 93 64 12 393 
54 10 17 62 63 83 250 
33 95 9 41 52 76 386 
100 23 89 92 21 74 167 
50 67 14 66 23 44 117 
19 57 38 47 88 95 377 
101 50 22 46 39 99 230 
44 76 25 82 56 32 187 
76 30 3 45 40 58 21 
45 6 98 42 41 35 62 
40 74 97 66 84 4 406 
75 68 48 84 77 86 25 
93 91 87 70 14 85 177 
29 37 4 51 39 90 229 
46 26 6 100 66 43 19 
4 30 18 74 30 48 7 
63 57 63 64 73 101 213 
17 13 74 29 52 74 45 
39 95 17 46 16 46 116 
44 44 86 13 45 4 363 
62 71 98 86 39 44 270 
81 42 88 68 91 6 122 
15 34 74 16 72 95 267 
37 3 30 16 4 75 80 
15 79 53 30 99 65 224 
44 78 45 15 32 47 235 
54 31 80 27 42 101 119 
12 14 98 75 10 26 104 
70 70 72 36 71 49 271 
65 37 40 93 43 77 289 
58 30 3 42 51 10 339 
74 51 91 64 76 92 14 
67 57 57 91 41 32 304 
10 76 81 63 100 93 365 
96 43 36 101 26 60 224 
86 97 35 61 18 44 391 
21 83 74 97 58 65 400 
82 85 4 4 47 98 196 
57 24 81 53 19 96 319 
11 56 65 52 34 50 332 
62 24 32 25 89 81 363 
95 9 68 44 30 93 59 
60 34 99 81 64 9 120 
75 56 11 101 51 20 45 
29 10 46 26 17 19 85 
63 74 80 60 20 61 254 
17 15 11 91 4 66 210 
24 68 74 72 43 54 351 
70 23 26 41 63 80 270 
101 24 19 14 77 95 393 
62 21 23 46 50 69 240 
43 101 13 48 55 61 19 
45 74 56 76 66 36 380 
53 56 21 59 83 98 68 
93 94 78 29 73 57 255 
49 53 28 95 87 29 114 
24 15 94 9 21 64 230 
52 65 41 12 61 5 39 
67 4 89 70 73 45 203 
10 36 21 85 7 44 391 
23 30 82 81 9 67 121 
43 28 51 64 36 62 170 
31 40 19 14 53 55 335 
51 41 28 17 87 80 59 
81 75 27 16 22 62 118 
38 60 33 54 40 82 98 
78 40 8 38 85 10 322 
98 4 73 55 91 16 295 
91 57 66 24 89 17 253 
55 27 49 17 102 15 380 
81 88 62 15 76 61 300 
3 22 80 4 72 37 338 
73 56 63 33 49 58 192 
6 69 32 53 66 64 94 
15 61 24 85 98 88 71 
19 13 42 17 57 101 358 
37 88 22 19 82 81 334 
73 88 86 55 58 48 309 
20 32 64 11 99 53 358 
63 58 21 76 51 68 223 
44 23 17 94 60 61 282 
83 12 36 87 85 43 174 
75 40 32 41 42 43 401 
84 79 8 60 50 102 301 
32 3 45 32 15 29 118 
67 70 63 101 89 9 153 
22 31 27 16 12 47 360 
20 91 37 12 27 58 248 
