8 4
250
17 9 52 72 51 33 8 86 458 
28 22 59 15 42 38 80 50 51 
18 57 5 71 29 97 90 65 395 
50 30 98 57 25 15 26 37 749 
52 14 58 102 93 75 62 46 622 
39 71 52 49 93 98 67 79 670 
54 48 82 58 84 88 85 60 460 
62 73 99 46 91 7 46 30 296 
52 18 67 31 11 85 21 53 770 
100 3 39 2 92 48 33 74 730 
13 96 32 71 19 35 19 2 595 
81 95 82 48 5 65 62 17 497 
19 25 39 99 39 33 94 87 465 
21 62 83 53 15 19 17 35 277 
8 83 101 34 14 11 12 42 478 
17 55 100 76 42 77 88 16 399 
55 16 59 102 79 34 78 100 330 
94 30 82 65 32 72 31 56 278 
64 88 13 30 89 99 74 80 265 
61 47 22 7 67 101 70 65 152 
79 8 6 69 57 16 71 20 99 
81 54 24 29 47 88 44 26 228 
40 26 29 62 29 102 102 19 434 
23 89 64 82 97 70 54 54 392 
32 97 33 99 62 71 87 96 213 
12 34 102 35 66 44 74 32 314 
93 19 81 6 69 40 63 50 258 
51 101 59 57 78 95 40 13 234 
99 43 67 60 77 36 76 92 699 
55 89 25 23 11 67 31 63 293 
71 29 30 94 37 14 39 38 774 
71 57 58 9 97 55 15 76 723 
76 35 44 48 32 80 55 10 495 
10 31 92 94 27 17 59 71 689 
3 7 8 55 23 41 41 6 281 
32 48 94 72 9 36 78 58 229 
96 25 99 52 42 29 53 31 61 
7 80 32 43 52 28 70 14 568 
85 22 14 6 9 27 45 25 508 
71 40 23 58 17 72 89 65 377 
90 53 67 81 4 94 33 36 220 
6 91 97 68 4 97 67 96 289 
18 92 19 73 9 19 67 85 741 
88 51 64 62 56 89 82 83 506 
6 6 21 21 74 75 101 41 283 
69 4 38 28 93 24 36 73 600 
31 18 46 50 15 21 3 47 696 
67 46 36 10 88 23 35 62 732 
19 99 20 46 75 70 84 100 655 
57 62 60 43 28 85 16 52 526 
20 58 93 101 20 29 89 36 776 
2 61 18 17 95 33 34 20 605 
58 88 46 78 68 17 41 49 700 
30 26 20 53 97 38 59 17 38 
101 19 81 93 58 41 75 84 326 
66 42 68 29 11 10 11 60 529 
23 44 92 78 62 73 43 62 83 
79 51 66 82 59 81 28 35 5 
97 67 31 7 5 86 77 77 54 
21 3 18 12 44 39 73 38 593 
17 26 59 10 52 99 31 98 274 
78 86 85 90 2 78 10 16 755 
38 18 41 8 2 87 67 24 483 
96 69 9 29 11 23 8 14 79 
45 89 18 35 78 10 53 101 747 
26 34 2 42 4 30 46 37 168 
36 11 25 74 45 30 40 36 237 
29 51 76 64 84 91 68 67 219 
79 5 42 33 57 3 95 43 736 
61 57 66 81 85 76 3 74 29 
88 73 47 90 97 44 81 26 414 
19 64 52 14 76 40 3 70 266 
83 5 55 24 81 3 40 81 650 
67 50 68 2 63 12 87 82 769 
84 91 10 100 54 33 52 78 649 
42 49 83 29 80 17 43 22 564 
52 66 93 45 52 18 64 17 625 
86 19 3 42 28 96 46 21 642 
26 85 53 24 74 5 24 99 261 
101 40 72 53 61 43 43 37 135 
5 41 41 94 37 39 57 68 484 
81 2 23 89 85 61 39 19 307 
20 30 93 90 23 55 86 66 625 
9 35 60 62 101 93 79 43 655 
42 34 49 16 69 9 46 45 792 
13 14 57 13 16 44 5 25 57 
27 16 20 88 10 74 63 50 264 
3 20 3 32 12 44 81 99 696 
92 6 64 87 47 80 58 75 424 
24 98 21 18 59 78 86 54 219 
64 56 26 78 55 20 77 45 208 
98 83 4 15 34 20 59 15 158 
47 42 72 42 32 37 22 41 429 
15 87 63 27 47 59 18 18 344 
63 16 53 45 12 4 54 62 748 
52 11 65 3 62 46 59 41 98 
59 24 27 91 58 16 68 63 471 
66 73 38 47 99 18 78 97 808 
71 4 32 69 90 72 45 72 249 
91 14 27 19 70 8 48 60 764 
19 74 60 39 79 51 47 90 723 
58 7 14 49 27 66 47 91 308 
83 92 37 57 48 88 86 79 404 
34 49 6 32 101 41 25 61 191 
42 34 27 84 25 101 83 90 528 
21 44 89 63 74 81 70 66 561 
61 64 28 75 55 2 101 14 336 
87 27 8 75 26 69 43 6 463 
15 102 69 37 76 60 23 67 287 
65 73 77 27 64 37 72 66 791 
99 70 81 26 85 13 60 98 510 
60 48 20 22 22 70 24 57 527 
4 25 90 70 54 90 67 38 334 
68 62 65 74 5 62 72 46 300 
80 91 19 58 79 80 98 65 155 
19 44 54 9 5 9 72 70 333 
11 31 18 93 61 48 72 94 301 
101 89 46 60 53 77 33 47 544 
49 47 48 12 74 91 71 50 767 
91 61 59 59 3 36 22 62 126 
22 89 31 73 89 87 43 99 620 
77 62 94 78 78 60 42 25 191 
96 101 59 29 24 13 54 83 267 
82 44 88 12 40 92 62 13 475 
39 79 61 63 71 77 15 96 722 
4 15 86 101 19 80 13 27 497 
61 95 67 20 21 8 55 63 448 
92 68 23 4 18 67 102 5 379 
67 35 33 83 17 30 25 52 558 
51 83 27 9 101 15 31 4 148 
95 21 60 55 11 9 23 24 233 
69 3 98 21 101 16 34 48 750 
32 79 80 39 97 71 39 6 657 
32 85 69 10 74 16 49 9 681 
91 14 27 25 63 94 101 58 403 
74 32 84 13 77 54 23 101 199 
42 58 26 91 17 7 29 93 324 
63 61 31 84 74 94 33 45 285 
69 9 19 88 40 42 22 68 607 
101 21 10 17 89 75 92 9 416 
61 102 98 22 98 72 55 40 792 
23 92 59 91 82 34 20 56 754 
9 56 20 87 71 52 33 30 589 
34 49 73 58 94 67 43 74 360 
41 50 13 49 35 2 44 101 618 
19 11 41 78 99 36 82 85 434 
35 77 32 48 91 70 100 23 745 
28 67 100 94 50 11 90 81 53 
84 62 23 20 44 73 76 15 154 
35 58 51 40 77 11 14 10 789 
16 94 60 45 51 14 11 19 277 
80 27 64 32 90 20 29 101 186 
34 17 35 61 74 78 51 66 527 
44 90 92 91 81 41 14 76 709 
50 41 13 10 11 28 39 99 719 
59 5 71 33 12 79 88 82 760 
66 56 22 85 95 87 50 69 233 
46 90 48 24 20 15 33 82 485 
14 26 9 9 25 78 90 94 502 
98 13 80 15 5 101 48 50 163 
69 67 48 28 63 44 99 95 70 
44 37 86 57 102 33 19 77 460 
88 59 34 46 97 3 26 54 462 
52 33 87 49 78 73 96 66 120 
15 88 65 67 12 32 69 48 469 
79 43 13 49 97 30 45 62 742 
90 25 72 47 4 11 87 49 500 
25 97 61 16 64 37 18 6 725 
95 23 49 4 79 52 45 49 96 
48 5 38 59 6 18 82 8 344 
47 70 85 56 82 65 71 46 413 
100 65 81 77 33 93 41 52 316 
46 88 47 22 4 58 99 41 355 
27 68 93 45 36 58 95 74 298 
7 41 43 86 35 35 101 47 680 
35 73 75 47 19 56 79 38 164 
99 26 68 30 59 43 22 46 636 
61 57 31 25 84 61 57 36 91 
99 62 55 15 23 59 75 67 559 
73 82 51 39 68 100 38 99 386 
73 80 84 3 66 92 57 42 738 
56 11 91 16 92 85 45 82 621 
69 86 5 11 57 94 74 51 518 
31 24 91 33 90 87 14 86 459 
31 98 98 65 59 83 68 21 453 
81 59 92 68 96 88 24 70 108 
46 63 25 91 30 17 28 28 146 
3 25 24 6 4 8 29 16 684 
82 6 29 24 45 38 39 95 752 
75 65 30 6 11 21 74 70 188 
35 42 70 83 39 33 66 67 783 
36 77 57 86 40 82 4 44 527 
88 24 20 88 54 37 25 55 514 
91 100 15 5 35 35 85 96 605 
18 102 69 97 61 80 42 5 147 
39 91 27 51 4 70 57 87 380 
6 49 90 35 60 86 70 76 550 
85 33 44 24 3 47 8 88 345 
100 93 65 42 48 51 20 88 520 
40 43 98 48 50 49 89 81 384 
88 85 44 85 29 86 13 60 591 
77 17 90 82 45 18 28 59 767 
85 66 3 41 17 74 23 32 275 
73 39 85 97 37 24 100 21 29 
2 17 66 81 32 90 78 44 580 
77 60 100 82 22 93 55 6 122 
48 49 70 72 64 98 53 41 172 
91 82 82 68 85 26 14 27 345 
32 6 36 15 65 75 3 47 594 
38 93 19 94 44 33 9 54 588 
38 32 55 70 30 93 69 89 507 
93 11 77 76 70 97 51 26 811 
83 35 87 97 71 19 26 17 392 
6 99 40 51 60 33 54 79 772 
91 63 78 45 48 77 13 12 294 
100 64 25 24 45 20 34 29 155 
89 43 63 38 46 15 45 65 733 
26 44 53 46 24 93 2 62 509 
25 39 89 11 86 61 83 28 434 
26 84 56 22 19 34 14 67 291 
35 55 19 65 2 85 88 89 557 
87 56 42 34 23 85 58 11 729 
34 80 59 4 58 20 62 20 659 
37 6 26 21 34 60 58 69 62 
47 62 39 6 26 99 93 98 590 
15 94 63 73 66 11 44 83 708 
80 33 99 101 5 84 4 52 681 
46 68 24 84 78 56 78 13 402 
54 29 56 63 13 62 48 48 215 
22 66 41 17 79 53 73 79 295 
13 49 58 57 4 76 15 49 246 
52 34 18 9 98 56 62 92 435 
35 20 22 39 54 59 58 84 703 
46 31 91 73 13 101 20 67 522 
95 99 27 82 49 66 32 98 123 
12 15 70 88 58 89 100 40 488 
18 76 96 101 101 22 90 71 152 
43 82 23 19 90 33 92 69 758 
30 55 73 58 8 58 44 48 565 
20 61 75 4 75 75 41 4 745 
72 96 100 8 95 80 48 91 135 
96 95 27 40 98 91 96 72 697 
91 62 69 40 59 56 52 72 89 
48 42 9 50 80 88 41 22 597 
97 24 62 95 12 20 42 50 427 
46 82 65 86 10 5 90 52 342 
26 34 38 46 57 25 69 102 403 
12 49 18 41 101 78 18 101 393 
27 98 53 52 100 12 3 8 733 
50 64 34 6 62 29 46 18 724 
