2 6
250
77 42 759 
36 79 1008 
85 62 970 
22 22 62 
27 9 753 
96 57 404 
81 51 634 
35 24 314 
86 75 1146 
4 29 10 
23 89 844 
96 41 95 
18 43 206 
54 96 754 
59 86 1003 
91 78 287 
10 5 118 
20 45 970 
84 44 225 
38 52 48 
91 83 408 
81 100 406 
38 33 836 
56 79 182 
18 28 674 
92 78 464 
46 97 1180 
72 96 294 
93 5 534 
92 14 1192 
91 82 1110 
15 66 162 
30 80 1048 
51 55 557 
57 56 317 
97 4 212 
26 94 801 
82 95 669 
9 20 1068 
11 89 1162 
91 48 236 
73 67 1192 
26 5 764 
44 64 1204 
54 97 521 
53 17 494 
100 98 16 
28 67 250 
34 11 1065 
38 8 557 
28 21 1111 
93 61 80 
28 86 1094 
30 73 1210 
57 84 364 
69 30 1203 
14 58 40 
49 13 1114 
96 65 992 
101 41 682 
12 90 1194 
19 18 528 
10 64 432 
38 27 381 
53 72 315 
4 74 1016 
93 67 986 
91 26 606 
44 81 95 
102 99 1179 
27 29 557 
36 20 1014 
3 40 814 
89 61 817 
65 78 387 
74 98 511 
67 94 1121 
100 10 904 
77 24 784 
50 77 455 
37 10 794 
41 13 1192 
88 19 633 
45 3 414 
19 6 71 
16 28 588 
20 72 1014 
68 36 65 
7 29 237 
74 61 1180 
21 55 773 
31 53 630 
4 26 800 
36 89 966 
92 25 1111 
60 84 54 
70 63 1175 
18 32 59 
56 71 900 
62 36 1022 
80 16 718 
57 26 584 
73 89 647 
56 14 21 
85 86 1022 
6 78 147 
16 49 561 
17 5 1191 
2 5 283 
60 77 1002 
80 44 1100 
84 58 890 
22 37 1207 
45 89 1155 
53 16 604 
96 35 569 
23 52 1144 
64 47 1070 
40 65 131 
63 57 259 
27 14 150 
73 78 854 
14 3 342 
13 86 505 
15 73 730 
53 66 1095 
50 8 852 
79 39 304 
90 18 1187 
4 46 1135 
64 61 979 
80 20 919 
84 83 462 
82 85 398 
21 12 818 
54 50 905 
30 88 1220 
23 15 600 
54 50 918 
89 85 736 
75 11 696 
37 51 303 
63 38 648 
87 71 1016 
54 71 285 
39 60 330 
60 38 831 
25 77 707 
95 43 561 
33 28 863 
2 97 1200 
80 9 901 
78 85 755 
44 93 157 
23 45 213 
19 71 549 
28 16 1102 
50 32 570 
94 52 424 
101 44 97 
81 32 120 
84 87 910 
87 76 757 
52 64 913 
67 18 551 
57 4 386 
42 78 877 
3 7 145 
82 54 800 
53 87 700 
41 78 507 
56 65 746 
5 41 719 
45 34 1164 
85 78 647 
17 85 170 
4 39 583 
5 61 806 
38 80 307 
100 4 401 
11 35 1090 
7 13 1042 
35 13 643 
86 54 779 
75 100 545 
79 20 358 
61 67 845 
54 52 591 
12 38 219 
78 20 1047 
38 7 448 
28 36 1204 
8 80 802 
70 84 877 
63 20 1040 
86 32 749 
23 62 732 
98 41 455 
66 59 1023 
43 97 916 
69 60 1145 
69 50 578 
29 49 780 
48 72 487 
66 93 1014 
99 92 397 
65 28 68 
59 56 712 
28 42 807 
101 64 936 
17 67 1019 
93 2 301 
80 96 852 
40 59 1027 
99 77 1092 
22 34 587 
56 68 822 
53 80 852 
71 13 45 
37 43 99 
83 30 1032 
89 33 65 
58 75 1113 
60 21 1176 
65 27 841 
24 61 966 
71 8 99 
20 47 1175 
11 66 1073 
16 23 1096 
23 45 650 
64 58 359 
102 12 541 
86 66 725 
59 98 577 
73 90 639 
3 50 633 
27 69 437 
102 65 1010 
90 80 828 
19 45 634 
3 39 940 
45 3 845 
41 24 600 
37 87 516 
51 63 604 
51 40 920 
38 15 899 
40 98 931 
19 64 1141 
