8 2
250
39 97 16 28 12 49 79 44 150 
97 69 24 63 8 80 5 59 102 
69 36 101 24 92 24 10 69 382 
70 88 67 27 82 72 68 14 257 
57 13 17 20 70 50 99 20 168 
28 31 56 73 28 50 49 12 207 
48 17 7 94 21 46 56 10 229 
74 73 89 54 97 96 17 50 190 
11 51 68 53 27 73 83 83 158 
42 99 62 19 79 72 21 22 398 
59 65 94 74 66 61 94 28 196 
56 76 36 62 59 80 4 40 249 
86 97 92 36 13 39 7 16 48 
98 57 95 19 35 76 98 59 346 
56 39 87 9 61 101 25 29 32 
7 82 42 84 17 41 11 37 107 
10 25 54 57 69 53 50 98 289 
56 40 43 61 65 101 95 50 6 
78 79 38 92 13 86 32 3 138 
73 17 42 56 9 100 51 90 141 
34 101 72 36 61 65 31 71 365 
68 47 19 43 90 69 40 35 237 
92 20 14 71 27 68 19 79 332 
32 2 32 45 13 77 67 63 201 
33 44 20 75 64 44 96 66 226 
19 32 28 76 18 77 42 61 289 
24 66 76 6 19 84 84 100 282 
61 25 37 44 78 29 20 10 369 
42 19 58 72 76 63 13 3 195 
57 59 86 58 6 54 6 45 397 
76 28 28 39 93 65 75 37 170 
23 76 56 101 58 11 86 2 169 
17 53 91 16 95 18 36 29 172 
87 5 21 84 40 35 32 45 332 
67 5 29 95 100 41 21 92 108 
96 58 3 77 73 5 13 91 375 
10 62 35 11 5 66 23 90 132 
25 40 38 23 71 14 29 21 398 
16 24 56 52 97 5 92 42 290 
43 12 34 18 73 51 43 24 339 
50 57 2 65 73 12 9 99 214 
92 75 89 90 50 54 8 99 276 
40 60 68 33 21 65 95 82 320 
102 9 69 90 82 49 32 81 262 
99 53 52 46 45 100 52 2 272 
86 54 64 82 12 76 83 5 261 
19 19 38 39 72 93 33 9 366 
87 4 96 41 61 71 90 10 187 
19 96 17 69 82 21 98 10 116 
19 22 99 95 8 78 86 14 255 
30 62 83 61 15 38 11 67 399 
74 47 96 95 94 3 31 66 41 
51 52 39 19 43 64 65 16 355 
94 94 98 20 58 49 8 62 198 
66 60 82 81 61 17 23 26 259 
36 26 30 98 66 44 69 37 255 
27 13 21 21 98 101 51 19 299 
4 57 92 49 89 34 55 67 30 
31 73 93 24 97 19 101 31 370 
61 98 30 57 53 23 86 83 199 
31 47 63 84 31 44 44 22 282 
76 89 39 99 45 101 37 40 261 
73 5 18 4 23 70 10 93 86 
47 49 6 71 65 8 85 26 83 
48 49 43 51 82 78 50 27 170 
56 64 54 31 22 15 59 15 317 
34 29 26 96 76 41 23 99 297 
67 7 27 33 15 22 82 91 369 
25 24 25 43 56 98 28 56 118 
70 18 29 93 14 51 30 53 396 
98 54 76 5 30 86 5 85 84 
19 25 51 35 51 33 24 37 375 
56 93 75 30 69 21 12 55 328 
48 75 95 78 5 64 25 86 153 
19 22 96 42 40 73 78 12 130 
82 37 69 98 71 79 59 76 244 
26 70 86 57 94 77 5 59 43 
29 43 22 88 12 68 96 8 61 
100 17 55 4 54 60 90 32 74 
15 52 7 18 20 31 5 101 64 
55 64 29 21 38 83 63 51 281 
14 96 27 4 5 65 64 61 242 
8 24 18 29 69 64 59 92 33 
7 13 25 93 85 14 52 43 180 
89 82 81 75 44 5 91 78 150 
94 14 49 44 56 61 71 99 314 
101 28 97 67 63 48 75 57 158 
48 22 12 16 53 64 21 77 325 
83 35 82 15 40 93 28 67 322 
63 66 59 66 24 89 37 53 62 
51 24 20 35 101 89 66 45 228 
28 81 62 87 24 81 82 91 260 
99 88 90 6 42 99 69 15 372 
84 84 100 26 81 102 49 72 219 
63 50 36 95 51 97 37 101 351 
20 78 43 80 86 35 25 40 268 
29 47 84 23 68 89 98 85 248 
59 4 102 62 40 54 27 20 169 
32 6 39 94 70 42 13 51 152 
52 6 100 67 3 43 36 22 102 
73 42 84 49 100 68 37 80 396 
88 60 39 91 55 68 94 96 141 
31 37 79 44 13 19 52 48 322 
65 94 4 61 28 20 30 56 321 
61 85 8 72 60 92 45 27 370 
102 63 53 34 75 9 9 8 348 
50 31 31 68 99 53 89 74 350 
97 29 34 21 63 101 89 35 46 
30 60 79 89 101 88 28 52 349 
30 33 21 97 55 22 35 82 104 
51 95 88 57 85 88 7 50 400 
60 83 101 53 46 42 98 80 194 
10 63 32 45 41 49 68 61 167 
68 3 76 14 88 83 76 40 165 
27 76 77 93 84 53 90 70 285 
88 79 89 82 100 76 75 27 81 
98 8 56 41 91 26 47 40 194 
26 48 97 20 80 8 102 73 21 
74 19 81 80 58 74 79 82 336 
56 89 4 2 41 63 64 80 132 
88 88 87 53 48 46 6 66 88 
77 70 101 82 82 29 71 3 34 
43 19 52 84 64 11 44 93 212 
47 26 9 36 59 101 76 15 345 
22 23 73 37 76 94 53 4 51 
85 75 8 77 33 40 55 23 250 
84 6 26 78 12 57 94 61 165 
16 42 13 102 8 69 45 52 327 
39 8 45 60 33 62 99 61 74 
47 72 95 71 83 38 40 94 39 
62 46 13 18 45 17 54 39 254 
3 85 69 42 34 83 60 18 62 
20 26 75 67 81 53 39 49 362 
49 47 61 77 63 16 60 85 25 
71 23 65 30 8 97 99 98 307 
53 7 40 14 13 67 23 22 279 
39 97 67 62 81 98 29 6 377 
5 28 24 55 84 51 77 91 388 
53 92 20 80 69 85 78 89 171 
52 37 36 95 56 43 48 23 357 
43 12 44 70 3 4 4 96 287 
55 99 25 91 38 24 72 72 124 
53 60 30 84 86 94 56 78 283 
61 12 74 83 9 63 64 37 324 
55 85 91 18 78 75 15 25 365 
20 63 101 13 25 86 13 97 256 
61 61 28 52 16 27 35 45 346 
100 74 92 64 29 4 45 19 353 
42 37 84 57 71 63 5 38 64 
72 49 88 90 72 14 101 4 311 
55 5 72 67 85 34 90 17 206 
101 58 36 99 70 8 100 73 247 
82 6 92 67 49 80 11 64 392 
100 13 4 80 65 27 27 92 58 
19 78 54 52 69 56 13 6 325 
84 75 81 83 92 101 54 20 400 
88 90 59 94 58 23 38 92 19 
50 23 95 11 74 81 94 83 388 
10 32 40 38 57 45 100 29 364 
19 20 22 5 28 47 29 41 8 
59 27 22 33 15 79 52 65 338 
88 75 3 2 90 11 6 45 360 
62 52 36 15 95 30 34 21 295 
86 47 97 50 84 35 79 37 229 
77 79 19 63 88 94 62 14 222 
90 19 31 13 101 85 59 68 363 
70 46 34 93 101 96 6 68 75 
90 40 93 71 25 56 55 31 270 
73 101 67 44 55 83 76 46 13 
45 74 48 14 93 17 46 12 372 
26 86 80 25 59 22 76 74 301 
65 21 96 78 60 71 19 88 274 
26 28 93 52 19 57 93 63 383 
74 78 49 78 27 15 64 31 187 
90 50 45 47 70 83 10 13 104 
11 69 17 79 97 8 50 21 342 
2 76 68 25 34 97 28 4 392 
28 89 96 82 15 31 26 31 153 
26 81 60 12 45 8 32 84 384 
81 97 83 43 30 8 32 64 225 
81 67 19 50 21 68 87 83 100 
33 30 56 88 55 67 70 26 164 
28 93 34 62 95 51 3 49 29 
17 87 61 90 53 53 76 47 265 
22 78 62 94 27 63 84 101 221 
42 96 45 18 75 5 68 6 292 
25 21 74 70 49 75 61 72 393 
67 45 80 5 13 10 3 50 197 
82 36 67 72 80 96 97 63 217 
66 100 14 58 25 49 82 53 105 
95 55 31 90 34 57 67 19 230 
78 39 84 36 17 27 57 88 287 
8 55 43 80 74 88 22 97 293 
86 11 22 33 25 63 85 10 389 
21 94 3 13 7 63 40 21 101 
73 31 85 89 3 39 79 75 400 
87 17 83 46 70 39 85 83 36 
38 47 15 24 54 10 32 38 383 
71 98 50 82 42 55 63 51 270 
91 99 10 86 57 52 65 100 377 
16 77 26 66 29 26 55 4 305 
13 51 80 77 60 67 45 10 318 
52 7 77 30 84 21 73 97 342 
3 54 92 65 61 56 17 17 252 
72 7 70 25 28 41 80 52 406 
90 15 41 45 43 49 74 14 380 
19 88 94 7 95 35 42 54 202 
86 50 92 26 62 44 5 75 15 
12 29 81 38 52 34 22 85 332 
46 59 14 45 93 48 63 100 119 
71 67 13 37 85 76 91 96 12 
11 66 55 99 42 69 46 64 349 
16 83 38 62 87 13 54 98 389 
40 43 58 46 65 64 16 36 37 
94 77 46 7 49 58 32 12 76 
30 49 19 46 102 31 63 48 72 
94 11 81 2 86 89 81 54 218 
48 67 3 93 86 8 61 54 357 
44 12 36 82 33 77 95 25 200 
80 95 43 29 85 19 47 23 104 
32 94 93 59 28 97 5 86 185 
19 39 66 13 87 50 44 21 151 
85 14 80 6 10 62 40 3 240 
14 21 84 86 48 64 83 31 246 
98 86 86 41 79 49 32 78 353 
87 70 10 96 88 66 82 63 38 
49 28 86 33 21 27 38 93 266 
65 35 93 3 31 58 90 47 144 
55 47 37 33 76 34 76 55 136 
53 20 35 20 6 87 56 36 16 
78 67 67 61 4 88 84 69 174 
98 86 40 54 8 43 31 30 70 
76 18 54 54 59 69 94 88 298 
34 47 32 8 50 97 55 14 327 
72 96 44 51 51 9 92 80 281 
97 101 15 94 91 78 70 81 75 
54 26 10 100 68 19 15 52 92 
15 92 38 45 101 96 63 61 139 
76 27 69 47 64 81 100 100 354 
62 42 58 56 40 70 79 3 359 
74 74 30 28 37 101 87 79 361 
35 54 2 21 33 33 44 96 221 
53 9 64 31 2 71 32 55 42 
69 61 54 70 67 100 8 91 355 
8 50 92 70 62 87 93 67 187 
89 44 11 27 14 46 16 29 383 
28 45 74 61 98 84 91 20 74 
38 67 89 4 14 45 46 38 186 
66 84 49 78 40 37 25 45 48 
3 44 50 10 56 41 6 82 188 
