4 8
250
76 65 8 93 500 
31 41 48 101 847 
99 97 63 77 192 
101 48 25 23 1350 
99 26 61 23 1472 
74 22 66 16 149 
62 91 20 44 141 
59 66 43 51 760 
44 11 7 52 92 
37 51 101 52 1153 
92 15 89 20 551 
52 6 87 3 953 
10 77 34 92 1502 
10 80 21 69 893 
37 7 76 76 666 
90 21 11 17 906 
25 23 16 46 315 
48 4 101 11 948 
55 81 42 92 623 
69 79 17 60 1589 
59 32 35 97 580 
86 41 15 80 752 
34 97 72 47 576 
90 63 90 73 746 
8 80 12 11 29 
58 67 86 38 1206 
12 6 53 20 1607 
95 90 21 10 568 
9 91 24 65 430 
60 11 97 57 821 
8 91 46 15 1489 
81 22 26 96 1293 
21 57 79 6 582 
30 46 54 49 689 
102 44 82 38 629 
19 59 50 84 712 
49 72 31 88 1114 
23 62 40 29 327 
75 66 27 31 251 
54 14 20 29 1607 
16 60 50 15 823 
65 12 10 76 1205 
24 74 44 52 528 
51 29 93 37 236 
70 8 27 29 1123 
38 19 52 23 1414 
8 41 23 86 487 
91 24 18 37 83 
14 55 66 55 1601 
4 24 77 99 1075 
27 22 85 15 504 
10 35 23 46 237 
48 61 89 90 1109 
85 53 60 22 704 
30 13 58 32 47 
17 44 74 31 1094 
16 44 55 57 1005 
88 58 10 55 363 
58 2 73 23 963 
54 68 78 87 243 
53 67 57 56 620 
16 66 54 12 257 
67 63 95 79 15 
6 8 34 28 1342 
29 44 6 100 1418 
30 42 37 73 824 
51 68 89 16 262 
51 89 102 19 776 
24 6 101 40 926 
97 9 96 22 895 
49 36 52 5 1425 
11 62 59 69 168 
76 31 83 61 1081 
102 76 81 63 848 
19 8 17 81 990 
26 46 69 43 1499 
22 47 17 19 65 
17 17 86 29 118 
91 32 35 9 1192 
94 25 41 73 933 
23 31 35 70 610 
42 22 74 44 1034 
67 95 18 77 1466 
31 16 66 58 831 
86 93 54 56 1035 
90 75 10 8 1113 
3 6 97 86 1164 
94 15 49 81 1036 
98 46 44 65 685 
97 16 60 19 719 
80 61 86 23 1193 
32 79 81 7 809 
69 14 68 76 1013 
63 100 34 6 1602 
18 70 87 94 899 
42 51 91 14 1116 
76 18 92 64 1468 
45 23 77 13 676 
17 36 44 32 1575 
86 79 69 3 1326 
99 84 56 21 451 
12 76 94 67 534 
83 90 68 39 1235 
53 24 7 86 317 
42 25 22 64 1357 
85 28 57 98 1162 
65 84 89 33 1165 
93 64 73 36 1298 
71 31 11 80 987 
29 69 7 56 742 
64 75 85 84 674 
76 64 93 38 734 
86 21 98 96 1136 
101 2 37 67 1374 
91 52 73 7 826 
13 16 44 4 913 
17 23 3 52 147 
93 100 7 92 1589 
31 73 38 91 1555 
52 35 17 11 998 
29 34 42 72 921 
14 4 81 33 496 
62 22 91 82 487 
65 20 48 87 1290 
3 97 48 70 895 
20 17 84 11 16 
80 100 35 43 476 
85 83 33 96 1580 
91 22 76 62 605 
11 84 58 61 528 
33 89 32 32 981 
34 89 74 17 624 
100 22 71 33 855 
64 89 50 53 763 
84 90 54 91 1471 
84 23 88 33 743 
39 61 24 79 1137 
93 71 5 83 1586 
98 12 17 58 1620 
71 52 45 9 1224 
24 35 7 15 829 
45 37 43 42 1282 
13 3 43 72 27 
41 99 94 63 1002 
95 86 69 56 821 
74 75 99 91 347 
33 80 81 58 383 
5 56 12 28 431 
58 29 65 4 1409 
98 71 48 56 990 
74 60 84 48 1332 
40 68 53 64 1287 
73 40 54 21 771 
35 24 87 48 1600 
86 89 68 37 87 
68 23 67 69 889 
5 29 45 31 810 
75 97 35 76 1392 
40 5 50 49 907 
20 77 47 57 867 
76 86 101 58 1242 
86 94 50 43 256 
20 3 86 10 1234 
46 98 25 71 1203 
40 91 13 63 986 
83 42 21 81 1424 
93 78 12 16 1314 
22 30 89 55 1068 
84 50 94 61 1106 
39 21 42 74 193 
24 54 78 84 249 
87 75 40 98 1546 
46 75 71 55 410 
44 93 71 29 914 
18 11 73 6 1503 
92 99 54 95 381 
64 2 49 69 1060 
40 102 30 101 1560 
49 92 93 60 348 
10 81 41 36 425 
48 52 14 18 1561 
15 84 74 91 407 
90 23 47 74 536 
46 29 3 91 1417 
44 64 72 34 151 
28 20 15 84 1368 
13 60 20 69 1256 
14 90 33 74 846 
58 30 41 76 123 
28 47 20 27 1263 
84 80 52 49 1371 
86 82 82 9 1132 
97 71 92 8 222 
32 4 79 97 342 
58 98 31 39 497 
16 25 98 26 1358 
83 102 89 7 37 
35 10 73 85 1519 
34 10 26 4 930 
89 40 35 63 1262 
25 70 25 6 355 
88 51 15 18 1138 
62 86 58 26 1439 
97 84 87 5 1306 
24 33 96 4 1449 
50 74 29 82 704 
79 92 37 49 975 
15 79 85 85 269 
87 96 57 16 534 
50 54 2 16 1013 
8 55 32 83 898 
94 76 23 18 1205 
16 24 36 75 1518 
72 51 11 66 1224 
20 101 4 89 1551 
30 78 82 72 663 
98 74 15 20 613 
26 62 56 94 1098 
41 58 70 12 45 
65 63 84 23 1019 
101 45 38 41 720 
9 53 45 88 442 
18 96 53 77 1274 
44 11 18 38 1129 
12 97 19 99 588 
64 33 94 86 518 
69 96 61 9 672 
55 38 75 76 500 
75 19 70 67 830 
47 7 95 34 992 
57 47 48 54 854 
7 29 42 5 1346 
78 61 60 56 974 
24 37 46 36 418 
8 37 44 7 1575 
95 28 53 48 1487 
58 41 62 26 1259 
24 51 10 57 592 
28 98 72 93 893 
15 61 16 8 471 
12 64 61 8 888 
21 5 42 57 973 
81 77 96 14 431 
39 101 37 79 608 
75 29 90 100 1627 
12 67 53 53 1356 
36 14 48 19 1326 
96 82 56 71 948 
22 11 54 97 935 
53 4 60 67 284 
