2 4
250
92 73 269 
87 94 562 
67 49 411 
55 62 816 
53 8 540 
63 67 390 
21 13 592 
47 39 518 
94 49 585 
47 29 352 
100 76 242 
90 27 28 
100 97 439 
41 78 341 
3 10 772 
59 47 216 
30 16 463 
26 42 604 
21 47 278 
71 95 370 
99 22 160 
9 57 697 
73 65 662 
65 65 572 
96 82 293 
33 46 242 
71 37 18 
47 19 106 
88 76 280 
57 71 652 
71 31 20 
11 44 453 
24 96 433 
11 88 665 
47 67 418 
89 32 497 
40 90 11 
6 2 474 
45 54 30 
9 23 658 
53 17 768 
3 96 284 
70 87 307 
82 11 409 
79 62 398 
23 102 421 
64 102 363 
75 19 664 
81 67 233 
46 67 737 
54 18 596 
74 60 583 
89 46 584 
18 21 363 
25 60 647 
53 30 333 
11 25 424 
54 47 175 
38 80 798 
15 24 236 
8 26 165 
49 30 758 
79 6 17 
79 35 457 
82 47 660 
2 52 486 
4 30 305 
90 37 349 
40 2 577 
54 38 653 
76 77 178 
45 12 778 
26 78 242 
88 76 193 
41 34 730 
98 74 814 
42 38 228 
40 13 774 
94 21 722 
79 11 232 
24 27 557 
24 6 480 
36 39 287 
87 78 605 
32 18 438 
16 51 26 
55 44 230 
73 13 815 
54 37 522 
29 53 748 
9 49 549 
3 66 400 
57 19 233 
33 64 286 
67 57 494 
56 10 775 
43 80 569 
88 26 543 
2 53 116 
70 72 557 
97 9 702 
45 81 238 
9 31 422 
7 60 262 
77 24 658 
95 8 460 
42 101 223 
71 88 598 
24 23 185 
3 3 107 
37 89 388 
62 38 445 
51 23 624 
33 49 649 
45 39 162 
40 13 18 
88 9 369 
60 31 580 
43 28 179 
15 23 468 
8 8 230 
41 72 582 
86 16 705 
28 46 693 
82 10 424 
50 28 400 
56 86 87 
23 17 765 
70 79 477 
78 21 85 
35 38 815 
21 27 332 
53 7 547 
50 55 787 
18 62 514 
62 80 170 
21 95 4 
75 61 305 
49 88 746 
36 73 756 
15 10 778 
78 96 69 
87 63 679 
13 98 173 
84 7 253 
16 7 452 
33 10 809 
40 59 212 
12 62 627 
65 74 319 
51 19 277 
76 38 371 
3 41 540 
57 77 143 
39 10 792 
81 93 442 
8 35 662 
38 6 517 
96 77 414 
72 68 276 
33 24 721 
46 64 646 
89 10 568 
87 15 535 
91 78 266 
84 2 405 
31 33 565 
25 58 323 
60 15 113 
73 83 494 
97 34 599 
35 25 433 
31 95 374 
20 94 677 
87 23 165 
18 49 225 
33 14 610 
3 43 290 
66 11 540 
51 88 402 
68 19 222 
11 93 663 
94 59 433 
81 55 62 
6 13 317 
88 40 287 
21 44 539 
88 42 563 
88 96 740 
40 70 120 
89 82 56 
99 54 616 
58 77 250 
41 25 738 
76 53 483 
69 99 248 
99 80 576 
33 31 362 
85 81 628 
60 25 790 
92 56 723 
40 95 592 
3 9 476 
65 32 513 
7 83 155 
78 14 721 
12 20 789 
63 43 733 
46 58 415 
64 16 598 
101 100 427 
36 50 565 
4 38 481 
89 69 733 
74 36 393 
10 29 400 
27 9 551 
91 50 41 
2 32 109 
101 96 302 
24 40 765 
87 67 265 
13 73 264 
52 76 619 
31 25 423 
9 91 64 
44 38 240 
4 39 51 
8 12 406 
49 36 152 
58 5 342 
24 67 233 
98 89 564 
18 99 455 
19 78 276 
94 61 205 
55 95 339 
8 59 474 
10 22 12 
90 81 445 
85 65 306 
16 96 578 
36 9 476 
25 13 16 
41 28 321 
76 87 499 
74 16 418 
27 96 330 
79 52 375 
86 16 369 
