4 6
250
85 16 55 101 75 
13 71 89 98 583 
43 18 13 8 612 
48 77 74 77 1059 
48 45 28 54 1012 
80 18 90 61 403 
59 36 98 42 1149 
36 51 46 85 1064 
56 34 67 93 850 
5 33 55 89 362 
36 39 32 86 733 
42 90 3 19 347 
97 83 30 65 1114 
9 22 73 14 191 
99 33 91 90 403 
17 79 37 85 979 
49 65 4 32 1213 
22 6 14 82 661 
49 50 29 57 1129 
75 6 4 2 764 
85 62 43 73 393 
5 50 44 53 556 
64 55 20 39 997 
34 81 100 66 871 
5 10 93 60 841 
52 5 36 97 735 
12 77 36 22 1192 
89 24 32 100 1176 
74 64 63 37 1120 
96 32 93 75 744 
96 8 40 31 732 
76 71 85 4 1008 
102 16 49 93 431 
89 20 100 42 1156 
11 51 2 70 1213 
43 50 58 68 914 
22 15 63 37 811 
6 40 7 63 286 
20 41 30 17 1176 
60 17 72 2 55 
77 34 53 81 630 
47 8 71 32 236 
28 16 18 30 763 
89 55 14 27 386 
51 15 39 18 938 
72 23 87 74 500 
27 80 57 64 1214 
90 63 84 85 260 
99 70 77 43 1186 
6 25 2 55 108 
8 5 47 71 673 
64 97 37 4 996 
27 24 99 91 1147 
50 60 56 31 908 
28 73 31 6 418 
83 40 98 21 886 
49 22 33 66 433 
25 36 89 9 452 
95 29 82 4 1182 
78 73 88 50 597 
48 70 74 81 1012 
37 76 43 37 903 
26 101 17 32 418 
6 92 36 56 871 
17 73 49 94 988 
101 93 29 9 717 
12 54 50 73 324 
81 51 54 83 11 
50 95 54 35 154 
96 13 52 70 1132 
87 39 34 79 419 
77 23 82 100 1020 
45 49 36 78 780 
75 53 47 6 676 
57 40 55 55 280 
24 21 16 81 1056 
90 44 61 17 899 
75 22 73 39 635 
60 71 56 100 704 
3 61 78 72 488 
45 68 48 15 456 
49 86 81 56 151 
57 9 2 14 1164 
3 90 21 5 1112 
55 82 10 54 1192 
88 86 57 98 267 
65 45 46 42 526 
24 98 48 80 325 
90 43 19 26 1182 
52 71 44 4 686 
15 42 75 81 1063 
66 60 96 17 624 
65 31 85 34 605 
14 65 63 71 898 
8 44 43 78 33 
14 64 86 57 576 
20 45 55 42 112 
25 72 67 55 970 
66 4 33 29 783 
61 60 87 77 1040 
89 10 74 31 616 
73 101 99 78 914 
3 76 41 70 407 
22 78 45 25 327 
43 100 10 92 121 
6 13 17 14 533 
57 79 11 72 733 
12 72 26 92 470 
26 75 91 80 952 
91 65 64 95 540 
85 16 64 50 533 
91 102 84 21 565 
61 86 87 35 247 
27 68 70 11 286 
52 54 56 87 33 
70 11 32 14 254 
43 51 23 70 742 
42 17 62 29 866 
12 90 7 45 966 
42 91 58 60 652 
26 96 56 72 1157 
33 62 79 48 924 
82 72 72 101 60 
13 65 18 74 977 
12 7 44 40 163 
63 50 12 8 766 
81 56 74 61 1188 
49 97 53 76 369 
82 39 16 53 1114 
42 20 8 41 835 
79 75 85 80 532 
20 55 18 59 406 
85 52 73 85 1177 
28 100 13 4 707 
18 14 45 44 2 
74 93 92 49 895 
45 44 74 40 1043 
9 72 95 18 967 
96 81 96 43 580 
32 68 33 57 793 
44 9 6 83 641 
68 32 43 80 869 
29 65 71 86 1097 
43 80 36 100 1094 
58 7 97 25 776 
39 20 4 97 862 
8 62 37 84 386 
38 40 93 88 240 
79 31 17 47 636 
34 12 12 53 82 
53 35 35 68 108 
39 14 84 20 188 
50 30 48 10 792 
69 30 89 55 653 
5 90 50 81 156 
29 92 52 73 387 
29 10 53 91 236 
76 30 71 76 1160 
26 58 75 72 874 
51 85 9 82 1041 
6 25 59 100 46 
65 87 56 55 1002 
49 64 13 88 1077 
43 79 59 91 1112 
41 61 15 60 357 
49 17 80 9 783 
45 85 72 88 338 
6 52 55 87 684 
91 76 17 94 592 
64 47 89 84 378 
73 28 20 91 561 
47 12 102 71 696 
50 9 49 91 470 
65 94 27 61 1025 
93 26 74 35 23 
68 46 24 12 817 
3 31 97 79 1135 
19 67 83 42 1010 
97 52 86 30 96 
84 29 28 55 1038 
72 23 30 101 494 
49 56 87 90 979 
4 90 92 4 680 
22 14 72 99 258 
101 13 87 78 1089 
42 42 46 27 241 
41 20 70 27 1179 
83 3 99 38 564 
66 82 95 62 990 
9 62 84 75 1079 
72 59 31 34 1055 
61 38 54 12 3 
8 12 62 70 505 
86 22 67 8 916 
21 17 36 53 703 
21 21 27 97 1007 
82 60 74 39 602 
84 90 38 41 458 
47 51 89 38 485 
56 22 27 21 1186 
89 97 78 100 849 
57 25 80 77 822 
42 13 58 30 247 
50 40 25 21 724 
98 86 29 70 364 
72 30 100 13 44 
101 96 8 101 1165 
87 84 76 70 1148 
61 12 63 73 1185 
36 95 61 18 1117 
18 99 8 62 16 
5 70 10 70 1222 
29 27 69 74 830 
49 7 60 34 426 
68 67 57 27 1223 
88 25 57 74 1167 
78 71 84 22 1073 
4 90 48 99 1127 
19 76 7 70 818 
36 45 91 6 613 
31 37 29 83 305 
53 44 83 62 189 
82 14 38 75 287 
60 46 49 86 802 
61 61 62 42 213 
95 61 89 60 808 
45 36 54 24 807 
43 44 2 97 447 
62 9 88 84 150 
7 39 34 47 108 
92 98 7 40 1115 
72 77 89 66 395 
94 57 24 96 885 
48 63 17 9 1007 
18 46 54 50 68 
54 75 80 30 152 
57 29 44 52 927 
50 31 15 32 1168 
68 57 38 65 544 
7 87 94 12 813 
46 25 27 65 1132 
49 46 59 35 483 
100 99 61 54 944 
67 15 75 20 304 
19 50 86 14 201 
63 10 91 5 11 
69 83 70 64 834 
34 3 82 59 358 
6 74 82 93 1197 
71 99 86 88 968 
