6 4
250
64 72 75 32 45 14 782 
57 66 71 90 21 57 702 
93 78 12 25 48 44 27 
75 17 18 16 77 88 570 
80 52 96 29 89 10 449 
29 4 61 49 31 52 453 
76 7 87 85 94 44 811 
64 94 55 43 75 44 728 
57 59 18 70 28 28 627 
17 77 63 33 49 33 525 
76 53 77 19 94 50 809 
11 33 33 85 46 72 130 
60 43 88 17 67 68 584 
47 46 81 5 26 81 483 
32 26 54 47 13 37 722 
43 80 26 83 96 92 374 
27 87 88 85 58 63 463 
36 76 18 84 67 95 236 
9 98 16 70 71 42 647 
10 81 40 35 37 29 137 
65 64 36 73 78 28 163 
61 95 22 70 20 4 784 
51 38 65 47 44 62 280 
83 12 15 27 52 68 146 
8 50 51 23 36 42 580 
14 84 13 92 69 11 394 
5 96 102 54 40 85 475 
45 76 90 95 70 84 668 
54 23 48 28 61 4 434 
47 73 50 86 64 27 305 
55 55 58 77 53 88 637 
18 15 76 14 85 62 511 
76 63 30 68 60 91 490 
63 67 66 10 9 97 476 
25 54 70 77 60 23 734 
24 35 19 19 98 6 294 
10 74 16 78 44 93 582 
12 22 20 7 38 79 755 
90 94 70 46 93 22 764 
63 8 39 27 41 75 428 
31 13 51 63 88 26 430 
95 52 34 67 7 89 108 
34 52 72 24 46 99 276 
43 52 75 8 86 44 387 
68 79 53 6 20 21 661 
11 70 46 52 55 42 776 
43 38 81 88 35 83 235 
58 68 5 97 77 21 718 
63 78 58 4 84 7 220 
76 82 63 89 70 34 193 
84 29 74 93 59 41 812 
15 96 21 53 64 21 87 
12 51 11 45 2 95 392 
94 90 51 73 37 70 552 
58 20 102 67 51 7 599 
42 32 7 20 82 90 390 
85 38 53 22 89 18 519 
34 54 46 70 41 77 741 
41 26 21 25 72 34 471 
78 21 88 15 15 39 576 
20 6 27 22 7 2 75 
54 100 53 50 54 6 198 
68 58 99 12 32 85 10 
9 87 97 12 58 92 59 
19 66 9 75 81 95 110 
50 21 49 36 77 84 710 
28 70 76 20 30 36 80 
65 91 5 86 56 72 98 
21 32 13 50 12 4 283 
36 46 77 75 13 13 148 
39 52 78 57 3 16 662 
19 23 93 31 58 99 440 
77 6 91 27 25 4 240 
91 39 88 67 82 54 747 
27 101 48 19 25 94 218 
42 30 31 56 57 33 18 
11 22 22 56 7 83 484 
41 88 50 90 11 91 390 
15 92 92 23 64 92 751 
23 47 14 36 8 29 286 
79 62 73 70 73 29 653 
19 68 13 77 74 34 699 
16 100 31 16 5 81 222 
40 41 34 96 43 12 719 
76 10 22 101 55 26 513 
27 78 22 40 63 70 781 
25 81 48 92 59 8 63 
49 85 22 5 50 10 316 
23 41 76 32 19 94 351 
61 93 78 21 10 25 720 
24 11 77 44 13 33 122 
63 88 6 86 5 83 221 
26 102 98 7 18 26 38 
39 48 11 46 78 55 526 
90 72 73 51 86 21 212 
76 47 63 39 79 26 494 
55 72 48 16 13 18 283 
93 82 16 94 101 86 686 
65 69 100 37 80 52 593 
18 35 37 22 63 3 409 
57 37 69 42 2 46 692 
77 65 32 66 39 32 792 
92 59 59 87 38 44 90 
80 65 4 100 75 90 298 
39 13 96 52 17 87 294 
46 48 54 100 42 101 718 
6 70 73 44 23 78 214 
78 80 37 28 61 41 624 
75 67 44 29 58 50 313 
54 38 16 24 47 63 375 
13 7 89 98 44 25 611 
97 33 59 55 14 12 503 
35 61 26 58 47 61 587 
83 12 73 85 53 52 422 
34 59 22 77 16 82 530 
74 50 32 19 18 4 634 
36 87 76 46 40 79 158 
79 92 68 2 4 76 245 
97 18 14 94 75 25 513 
77 39 80 100 32 99 494 
13 97 41 31 60 96 382 
27 99 41 15 75 34 452 
69 55 77 15 8 37 630 
35 19 27 45 81 17 489 
50 99 48 10 82 61 540 
97 30 73 46 82 85 575 
21 75 81 2 93 9 65 
85 4 87 26 64 85 639 
79 16 87 81 81 89 625 
102 95 7 95 76 91 584 
28 6 71 28 54 9 111 
46 48 45 90 10 54 530 
96 63 86 20 78 90 149 
16 88 67 3 98 96 159 
83 76 9 19 20 38 471 
100 18 100 12 78 67 271 
69 44 94 74 37 14 46 
33 23 77 100 4 55 99 
20 6 28 58 15 96 519 
75 38 72 91 18 9 783 
47 89 10 101 25 87 384 
46 75 31 63 84 16 403 
55 34 21 19 85 48 657 
15 74 56 66 73 72 771 
8 23 84 21 6 11 706 
36 69 101 81 70 67 607 
33 99 96 33 82 16 159 
6 53 75 35 64 18 265 
17 56 37 54 17 55 310 
54 49 44 80 7 65 157 
68 22 40 16 83 8 669 
77 62 35 92 57 77 16 
72 12 88 45 96 56 160 
15 66 28 55 14 39 640 
52 54 55 78 54 2 316 
33 37 20 83 12 52 325 
96 4 64 62 79 38 673 
39 58 37 13 11 102 433 
58 14 63 70 72 6 204 
10 82 17 6 77 65 316 
77 70 64 86 6 82 152 
63 67 95 37 2 98 110 
98 19 67 45 3 88 610 
25 59 14 42 49 17 705 
24 49 58 5 75 46 509 
90 75 29 7 22 37 778 
49 71 35 71 10 14 97 
65 52 63 76 80 66 422 
13 51 46 59 67 34 320 
19 38 35 30 54 53 66 
46 40 40 83 53 81 621 
90 81 73 41 5 77 482 
99 98 30 97 82 13 633 
26 84 50 57 5 58 243 
34 3 44 57 63 6 157 
13 24 95 28 86 77 185 
72 75 20 64 59 82 165 
43 6 34 74 42 32 164 
58 93 28 51 25 48 459 
80 31 86 45 73 42 703 
75 37 71 98 37 57 439 
11 32 95 47 78 12 746 
99 11 85 22 76 101 451 
34 69 80 63 31 68 751 
46 36 21 88 42 36 553 
71 65 78 7 77 68 387 
63 35 5 49 39 67 666 
22 2 25 99 43 33 339 
70 93 37 8 91 64 531 
98 76 61 38 78 26 227 
48 9 17 100 35 10 579 
36 77 16 94 3 13 197 
36 98 91 101 5 28 11 
74 44 101 88 7 84 534 
60 47 13 63 43 56 603 
95 10 101 10 25 72 274 
18 23 16 89 53 43 506 
80 72 39 75 99 29 603 
67 18 14 30 28 8 622 
32 5 33 62 59 52 329 
91 92 93 82 58 70 458 
23 87 101 55 43 5 654 
77 77 91 46 29 102 230 
93 89 82 99 67 59 705 
20 85 29 96 93 24 731 
81 47 95 44 61 20 366 
33 15 77 86 4 98 448 
30 44 19 31 52 14 794 
5 14 84 93 13 72 21 
4 74 61 52 84 93 781 
32 98 4 70 84 85 493 
77 7 15 65 63 34 738 
43 13 67 43 11 94 626 
35 12 53 50 50 44 239 
43 18 36 23 8 61 802 
48 16 63 70 31 39 232 
9 71 30 51 40 14 501 
63 96 12 74 100 21 785 
88 53 22 36 43 33 278 
91 81 44 57 74 94 769 
98 6 75 82 57 50 215 
43 25 101 12 32 70 648 
24 27 50 9 42 4 496 
65 43 36 90 8 96 153 
93 88 96 68 22 69 534 
92 39 94 45 73 72 368 
31 23 26 12 65 57 543 
56 96 50 34 92 36 270 
65 41 94 51 56 10 409 
39 7 46 13 3 16 267 
90 59 66 71 34 18 284 
21 12 80 44 42 54 300 
94 48 35 32 35 34 215 
100 101 96 19 64 97 750 
18 82 102 65 43 36 541 
39 86 65 60 20 100 359 
31 17 9 16 58 15 363 
61 13 83 69 84 8 734 
60 73 55 72 23 45 27 
32 80 82 101 20 72 454 
64 72 74 18 36 84 564 
86 89 4 9 83 50 469 
71 21 97 61 30 78 647 
15 12 90 99 58 43 808 
39 29 17 39 45 91 793 
42 11 54 49 26 23 598 
86 53 65 41 97 48 497 
61 86 42 93 96 78 397 
62 85 20 81 43 72 388 
61 89 71 40 61 62 235 
