4 6
250
22 100 26 13 997 
65 25 100 20 845 
45 76 30 58 1199 
8 46 17 100 563 
73 20 91 87 961 
60 7 14 47 1163 
78 8 36 79 981 
37 42 77 18 10 
89 102 28 2 829 
56 73 11 14 1156 
60 57 12 72 187 
4 11 41 35 294 
59 13 55 25 1140 
40 42 54 78 772 
69 71 101 100 719 
73 94 91 19 297 
88 98 2 52 458 
23 98 66 63 951 
28 2 44 94 531 
78 48 5 9 366 
16 22 35 51 339 
90 59 14 14 542 
12 22 24 11 463 
63 13 5 88 888 
44 78 92 100 453 
68 29 8 57 1008 
27 92 84 89 120 
69 65 53 25 599 
66 86 54 19 825 
8 80 36 57 1004 
68 45 19 36 1074 
40 31 37 14 749 
63 52 59 31 242 
23 40 37 101 871 
101 61 83 39 107 
60 26 75 33 380 
90 96 54 74 207 
84 75 49 101 875 
39 30 42 64 1074 
15 28 25 100 572 
70 45 37 86 1020 
8 64 82 28 362 
16 58 6 83 892 
69 101 87 15 468 
50 93 38 29 414 
73 22 21 51 1165 
34 3 78 86 777 
47 61 70 91 130 
21 95 23 72 700 
83 26 61 91 249 
17 43 12 61 1207 
78 9 9 52 151 
88 45 33 33 1194 
15 83 21 19 339 
10 33 98 4 235 
57 72 68 72 643 
49 63 32 31 986 
92 93 18 88 1067 
40 54 20 79 297 
78 64 93 74 540 
3 6 43 63 146 
86 48 10 42 534 
8 43 39 99 795 
27 15 4 52 88 
24 67 36 32 1097 
59 15 21 80 533 
95 81 95 28 635 
45 22 71 19 1183 
47 84 78 44 988 
99 17 23 14 1211 
65 63 42 67 267 
38 73 13 74 674 
73 29 32 99 621 
29 50 13 48 271 
7 46 86 56 762 
42 91 93 52 1138 
44 94 9 81 992 
34 41 30 7 193 
74 11 100 64 310 
20 54 81 94 655 
51 6 77 92 1146 
21 78 89 5 1000 
49 82 63 81 160 
82 22 53 18 229 
90 22 8 32 613 
98 48 24 30 544 
90 12 102 98 544 
40 18 19 87 764 
58 54 27 25 839 
94 50 21 51 558 
100 2 65 75 796 
31 100 47 42 1193 
74 56 60 61 1147 
39 82 67 36 916 
66 6 68 56 772 
38 97 85 63 706 
50 29 75 85 574 
90 49 28 33 194 
42 73 79 90 1101 
3 96 68 31 388 
14 85 87 77 1003 
96 36 11 12 350 
36 16 86 84 601 
47 84 77 14 77 
91 56 36 20 422 
95 29 80 66 757 
45 31 56 32 557 
68 44 100 3 649 
55 40 18 5 1006 
28 89 96 41 547 
21 20 56 25 516 
61 51 68 42 1094 
69 58 48 50 1048 
6 62 56 39 1021 
5 86 76 61 648 
53 39 33 38 104 
8 35 41 21 519 
27 77 33 90 1064 
19 78 60 14 1052 
99 95 70 19 951 
68 35 59 57 508 
38 46 97 72 1113 
23 20 32 34 1024 
36 19 29 8 746 
32 31 68 52 816 
30 28 65 75 681 
61 71 16 61 523 
75 77 86 80 81 
83 82 63 99 804 
101 47 28 30 633 
83 68 64 58 590 
39 69 9 91 171 
12 83 24 17 397 
54 6 74 91 134 
61 35 51 101 977 
52 70 71 86 831 
84 101 37 23 917 
95 9 60 12 77 
8 70 97 66 1178 
2 60 48 67 166 
97 76 39 19 1133 
50 19 65 78 1206 
70 99 25 23 389 
13 48 2 42 489 
47 49 63 85 58 
93 39 87 5 974 
94 24 7 73 898 
10 64 20 31 330 
78 46 83 14 467 
11 47 76 34 1045 
56 59 8 27 834 
50 15 56 15 19 
13 34 62 99 85 
48 94 54 50 288 
50 30 74 15 788 
3 68 51 47 1168 
48 65 55 20 311 
36 18 82 5 314 
97 11 7 30 199 
46 86 86 7 1132 
19 95 29 11 455 
28 88 95 62 817 
84 66 11 19 678 
49 80 44 74 888 
31 14 51 24 344 
42 25 46 99 252 
19 84 46 55 963 
55 39 47 83 1215 
50 25 22 38 531 
34 102 90 74 842 
68 45 15 35 773 
7 46 6 83 1192 
5 44 98 42 611 
3 22 58 41 30 
13 36 63 74 297 
9 95 15 81 1178 
42 37 74 30 672 
76 71 13 91 906 
11 34 66 85 1182 
8 28 82 88 523 
14 46 51 72 711 
34 84 42 11 693 
14 33 28 86 704 
69 72 70 87 926 
34 11 69 67 1143 
80 71 79 78 218 
82 15 28 38 1034 
98 88 4 72 281 
94 31 5 35 758 
79 9 82 28 361 
38 60 96 13 136 
5 79 87 79 975 
65 6 66 93 936 
101 7 91 102 749 
83 70 100 64 1020 
5 8 36 5 196 
74 92 53 48 994 
24 21 18 27 997 
22 3 27 92 739 
90 67 14 59 769 
74 19 82 67 591 
70 62 34 29 101 
99 45 84 63 99 
75 55 20 12 666 
83 92 66 21 509 
82 45 10 4 1165 
40 97 79 42 534 
56 12 89 100 159 
64 89 90 19 1035 
79 21 67 85 1073 
37 49 4 4 1006 
85 55 63 25 838 
27 54 32 34 855 
4 68 44 19 657 
65 68 22 99 1127 
96 3 49 36 792 
62 80 27 16 735 
94 95 77 60 744 
3 51 65 32 1070 
12 59 58 49 1006 
13 79 49 31 306 
71 29 7 12 1079 
83 8 29 61 100 
49 29 18 74 956 
12 92 86 58 644 
16 5 92 11 1001 
40 48 102 54 655 
85 33 98 92 1113 
67 90 67 72 972 
97 24 6 24 492 
86 43 85 71 888 
23 95 93 78 137 
68 39 98 30 621 
38 9 77 7 305 
19 32 28 83 164 
24 27 17 79 709 
94 101 70 71 1199 
99 64 32 81 400 
92 42 22 80 307 
30 94 39 21 537 
90 48 101 99 290 
56 17 4 58 619 
97 80 16 20 231 
69 71 28 32 663 
75 78 98 75 423 
79 12 50 58 1045 
32 91 98 35 855 
48 102 73 48 545 
84 62 76 31 456 
14 28 4 62 707 
