8 4
250
61 3 37 23 75 27 92 65 40 
36 23 32 49 96 5 9 50 685 
58 22 73 3 91 58 33 89 487 
17 52 86 81 14 75 94 37 396 
53 72 26 85 19 33 66 14 451 
57 4 83 70 60 87 48 68 426 
51 60 15 81 93 87 67 77 108 
23 56 10 59 56 61 57 58 632 
62 75 5 42 39 78 3 77 695 
81 49 94 101 35 48 23 46 628 
38 74 82 41 19 44 20 45 474 
49 100 50 24 15 3 10 88 757 
51 11 23 38 80 17 2 89 225 
23 23 23 64 38 13 84 21 688 
100 23 58 63 24 96 20 57 630 
39 59 37 93 94 49 56 74 286 
58 101 96 66 41 32 16 99 181 
39 87 64 40 41 95 19 12 532 
39 89 88 29 20 25 40 65 246 
95 32 32 76 10 66 78 28 166 
92 35 84 27 49 27 74 84 568 
17 102 19 43 76 84 84 19 690 
50 31 83 73 28 78 2 24 551 
94 64 79 99 64 15 75 29 628 
85 14 43 63 58 39 55 25 519 
15 53 58 50 94 93 82 29 799 
41 21 9 9 27 27 60 81 158 
95 20 40 6 70 49 7 101 44 
46 89 75 47 20 6 14 90 575 
14 46 72 87 19 37 17 36 71 
72 78 89 17 5 78 19 63 38 
28 10 85 11 46 95 88 38 326 
27 96 3 5 97 39 57 48 292 
51 10 3 5 91 36 40 36 195 
21 30 86 99 29 59 101 88 648 
90 5 2 79 101 83 97 92 324 
10 69 83 52 63 59 43 70 435 
5 25 21 51 72 11 71 70 65 
58 30 69 46 6 11 60 69 356 
38 74 11 22 10 101 97 33 549 
45 71 70 29 58 61 6 98 518 
62 41 34 93 10 33 75 41 506 
74 66 66 74 94 96 16 7 786 
47 86 17 22 56 42 44 28 807 
42 31 74 11 42 10 47 100 232 
13 47 66 79 48 71 39 24 543 
5 73 79 76 15 53 64 62 102 
51 42 87 94 51 83 34 35 85 
92 66 27 58 29 96 67 4 493 
34 69 39 48 86 33 75 41 452 
24 68 18 23 48 82 97 99 475 
45 21 98 85 47 15 61 49 480 
44 49 46 85 11 13 93 32 755 
77 5 58 55 21 12 28 12 552 
96 71 20 47 63 32 38 24 683 
66 51 24 26 89 39 75 33 747 
13 41 59 7 32 18 90 22 765 
4 92 102 88 59 37 47 66 636 
43 99 88 16 48 89 29 28 661 
73 52 18 21 83 90 21 17 580 
13 92 41 4 59 42 38 36 263 
86 81 95 89 81 24 61 34 280 
7 99 95 72 80 5 37 19 572 
80 85 11 14 69 43 66 37 611 
41 41 42 48 80 14 57 45 391 
90 86 73 96 63 51 56 15 154 
80 43 14 38 69 42 72 61 420 
25 74 13 54 25 46 50 22 759 
96 61 20 83 17 37 58 49 269 
101 86 24 62 60 56 25 88 768 
65 5 74 102 78 22 63 34 579 
38 38 63 29 48 42 58 62 444 
2 100 28 79 82 23 10 74 609 
31 64 16 60 31 39 52 87 142 
23 96 86 101 21 85 66 21 86 
73 74 40 84 7 101 102 24 722 
70 88 25 53 94 6 47 34 570 
59 81 10 27 79 63 25 36 537 
73 3 80 45 15 63 12 38 816 
39 49 60 17 60 9 50 84 806 
96 72 4 82 56 90 15 9 334 
5 49 97 78 60 72 35 31 172 
12 27 74 64 43 58 6 10 691 
14 44 22 3 79 97 65 31 522 
66 93 50 93 32 9 22 10 731 
7 62 91 89 84 31 88 40 463 
28 34 32 48 78 47 5 3 529 
22 4 72 2 16 32 9 71 309 
75 22 97 68 44 35 69 101 393 
98 27 62 93 17 41 40 38 788 
36 20 17 4 90 31 44 101 49 
22 7 48 61 83 15 94 15 149 
63 62 92 99 81 79 99 9 619 
7 32 89 33 64 79 35 74 413 
24 73 34 68 26 45 29 49 770 
4 38 46 48 101 5 23 79 620 
8 39 41 41 7 82 56 39 571 
21 90 44 71 28 10 65 71 341 
88 97 39 49 71 34 84 98 578 
34 61 32 86 13 88 3 29 287 
13 86 68 54 14 89 75 10 482 
54 34 12 38 85 32 63 37 662 
41 61 70 9 58 11 12 24 634 
42 37 79 58 70 102 75 54 697 
78 36 85 51 76 63 75 32 519 
62 98 78 2 25 78 7 64 552 
69 6 30 59 44 92 12 35 595 
84 98 67 13 65 33 47 87 8 
100 92 87 9 36 28 47 51 217 
4 42 15 3 54 8 34 8 393 
60 20 94 95 42 43 90 93 284 
101 52 35 46 57 39 78 9 590 
85 62 72 4 14 95 66 10 764 
62 83 46 61 81 58 85 89 547 
11 7 52 45 20 45 93 49 813 
96 60 86 77 27 47 35 51 378 
80 58 9 101 31 34 50 30 85 
93 42 73 79 63 71 72 69 14 
24 41 44 29 12 67 95 72 410 
11 87 58 101 28 32 12 7 252 
62 12 78 20 98 92 35 3 58 
31 19 99 18 7 61 45 13 81 
6 54 48 44 7 60 84 40 354 
56 94 16 43 68 58 40 12 460 
27 7 46 54 96 12 60 67 437 
56 96 82 99 58 16 22 8 436 
87 20 7 20 38 60 49 80 76 
95 90 53 43 80 97 4 20 55 
68 55 60 38 85 43 7 31 362 
65 59 38 102 23 62 5 55 748 
53 9 71 88 7 18 3 68 629 
5 15 18 87 97 39 10 56 433 
98 50 37 66 15 9 15 86 176 
75 95 68 92 40 26 5 53 96 
40 82 50 44 38 20 66 4 130 
30 80 64 101 94 69 9 9 40 
59 89 96 64 75 23 96 29 592 
13 15 77 94 84 46 28 72 606 
7 56 15 19 3 13 93 87 46 
62 76 3 101 85 33 22 49 523 
20 77 9 29 49 10 47 55 729 
43 38 99 19 75 23 95 5 430 
94 42 88 84 73 90 17 37 436 
73 14 32 46 74 37 82 10 775 
69 79 9 6 74 50 24 52 403 
11 44 3 82 8 82 81 30 58 
80 38 7 21 14 14 57 76 338 
61 99 66 63 39 67 28 28 211 
48 90 70 40 62 23 40 9 756 
54 93 8 52 67 47 30 4 588 
92 50 67 97 51 99 8 65 432 
87 50 7 38 56 82 56 35 327 
41 41 78 86 83 7 22 5 680 
38 11 35 21 35 37 95 38 635 
62 53 40 73 34 99 70 55 483 
90 19 39 28 98 34 7 92 514 
98 9 69 62 77 49 16 73 439 
22 68 17 72 44 20 4 96 671 
4 70 10 81 18 30 48 34 703 
48 12 15 3 17 45 74 99 240 
13 3 78 94 59 63 45 50 707 
46 19 76 21 25 4 52 5 180 
57 20 93 41 16 45 63 70 499 
43 21 54 74 100 47 91 93 761 
8 12 13 49 37 70 44 4 124 
14 29 89 13 53 13 23 19 650 
41 74 89 35 33 91 102 5 231 
37 75 21 31 33 34 11 46 763 
13 11 84 24 99 14 30 51 340 
76 31 70 42 52 84 67 52 157 
8 75 80 24 49 34 42 9 240 
98 84 98 57 4 10 20 12 66 
99 18 77 77 8 84 49 28 600 
62 97 25 39 66 83 15 5 579 
17 91 64 52 84 92 84 34 545 
48 22 29 62 24 42 76 70 277 
46 33 69 98 77 23 61 82 98 
9 61 20 17 44 101 39 5 178 
48 49 37 87 95 76 18 4 50 
48 102 75 85 65 98 49 71 586 
6 21 16 43 93 4 80 78 592 
51 32 80 30 26 21 20 30 176 
101 60 40 95 83 75 17 15 659 
41 26 98 24 70 75 30 35 688 
10 7 58 35 9 19 4 69 583 
30 20 78 56 67 37 76 50 91 
36 13 40 43 28 81 23 41 424 
78 28 64 7 2 93 37 13 192 
68 68 53 23 93 16 4 89 772 
7 87 61 64 50 23 64 96 181 
48 68 81 79 14 69 67 27 335 
11 25 20 87 21 56 13 10 664 
61 15 22 27 42 40 86 18 444 
95 17 80 43 46 8 71 91 362 
46 91 56 86 57 68 75 94 527 
78 21 68 7 52 42 42 4 659 
4 24 29 43 95 98 15 75 91 
65 70 81 14 19 33 12 69 161 
29 77 60 56 54 50 76 10 790 
90 90 66 40 3 43 27 68 547 
20 5 98 60 73 85 57 12 195 
87 67 4 37 97 85 22 15 221 
25 50 72 81 69 87 101 27 690 
49 27 69 40 88 53 66 94 525 
26 71 6 77 101 44 26 90 352 
97 55 95 83 20 91 16 5 146 
99 41 38 12 61 48 100 10 693 
59 50 80 54 74 4 21 99 357 
24 50 51 29 57 80 44 7 585 
93 67 9 80 25 86 35 68 439 
30 15 12 60 79 93 59 69 335 
67 45 83 93 65 23 47 94 449 
70 72 85 60 70 56 77 9 350 
80 81 26 96 20 7 51 93 680 
36 66 73 61 72 90 40 79 504 
92 3 5 87 35 34 31 67 788 
72 72 47 58 86 72 50 81 724 
19 73 27 78 44 74 40 14 227 
86 12 102 97 22 93 95 86 54 
42 95 48 95 67 56 11 80 166 
40 80 83 3 12 93 101 23 57 
39 16 60 33 49 23 6 47 449 
99 77 52 56 65 101 66 10 707 
45 26 8 73 69 66 54 102 280 
49 86 101 11 98 101 86 57 571 
50 11 48 27 91 22 101 14 32 
72 86 16 83 39 4 6 58 786 
3 68 49 97 81 49 89 59 501 
58 90 81 53 73 10 32 18 808 
43 20 38 87 74 57 62 84 133 
22 68 49 99 7 42 5 85 727 
25 55 32 100 40 34 61 45 198 
27 21 15 9 54 23 5 65 310 
63 18 96 94 37 99 33 69 741 
16 60 85 41 50 90 21 9 513 
71 45 83 6 28 31 33 37 516 
5 15 16 28 96 43 4 45 545 
97 33 20 36 69 72 43 47 693 
43 89 73 27 90 47 60 36 169 
59 59 92 68 63 2 36 30 445 
78 90 66 44 38 7 23 26 623 
46 37 78 13 65 83 46 92 394 
94 80 27 72 70 62 23 47 701 
79 31 72 20 2 41 18 67 462 
23 101 52 68 6 66 70 16 811 
47 48 96 10 24 72 54 44 412 
32 8 22 7 23 93 21 46 777 
9 28 37 39 97 100 27 25 750 
100 28 76 63 4 56 62 78 806 
94 71 9 101 68 61 90 88 475 
