2 8
250
59 10 919 
81 17 593 
23 92 627 
56 87 1325 
50 22 1227 
19 58 1609 
63 88 443 
42 40 636 
95 71 1054 
26 38 742 
54 100 82 
70 60 1003 
80 7 1562 
57 80 965 
24 72 1162 
29 10 1042 
6 96 1201 
45 90 321 
51 19 1136 
19 88 749 
74 99 878 
95 3 1418 
78 81 1005 
16 40 842 
5 7 129 
70 20 1111 
70 68 1001 
3 22 694 
74 11 157 
87 22 669 
94 63 309 
52 85 1321 
7 31 1126 
86 53 470 
4 92 902 
24 42 1356 
14 83 1616 
4 52 322 
87 73 1247 
13 23 1497 
79 93 978 
23 24 1264 
35 55 357 
29 65 1463 
101 85 260 
35 100 499 
89 52 1128 
28 76 638 
44 92 188 
101 67 206 
7 96 126 
79 9 974 
71 84 1110 
80 91 1422 
63 87 295 
11 4 1079 
6 54 1184 
48 26 1163 
25 53 285 
23 81 517 
68 36 1434 
11 24 1118 
84 24 1251 
58 66 277 
65 11 989 
84 67 1447 
23 35 1434 
47 97 218 
42 61 1144 
38 57 914 
44 50 50 
38 14 910 
101 54 1023 
52 29 1316 
91 50 1441 
58 85 241 
13 43 1400 
31 102 754 
46 23 625 
77 71 1039 
100 48 1099 
23 16 258 
16 28 1593 
7 85 217 
28 73 86 
9 58 779 
27 86 1229 
57 28 228 
72 16 787 
59 95 1487 
20 27 1350 
101 53 1335 
15 71 552 
75 44 935 
19 8 948 
75 5 465 
43 39 1060 
93 52 1386 
90 45 326 
55 52 7 
70 59 549 
9 89 946 
33 29 333 
25 96 1420 
16 54 697 
20 40 326 
58 100 179 
22 18 916 
28 29 1226 
100 13 136 
64 62 301 
35 7 1382 
26 13 303 
2 44 1236 
10 20 696 
80 79 1587 
44 72 76 
102 100 863 
91 50 676 
79 82 986 
85 35 269 
14 63 557 
71 82 774 
60 96 457 
3 58 908 
37 14 1601 
16 50 823 
80 57 659 
6 64 1018 
68 46 933 
45 48 495 
60 19 154 
61 98 919 
10 11 1569 
52 86 1239 
79 101 685 
99 56 593 
45 66 523 
12 7 1262 
78 10 1624 
74 5 596 
92 17 788 
100 45 628 
48 78 256 
44 7 639 
56 30 1161 
66 29 1034 
22 70 1465 
23 2 1343 
100 50 203 
34 85 1432 
59 39 101 
62 62 1138 
30 81 904 
5 53 1282 
23 3 962 
95 58 1257 
8 14 1326 
38 53 570 
49 71 240 
68 101 1552 
28 16 1509 
30 87 1115 
35 97 1116 
3 39 787 
10 19 284 
13 2 1611 
25 7 1509 
37 28 1170 
9 23 1394 
73 15 1473 
57 64 1298 
62 79 600 
88 95 269 
93 62 999 
11 7 1223 
35 30 562 
20 37 1130 
18 45 1536 
5 93 1444 
23 23 1052 
85 64 1331 
80 48 1223 
71 50 645 
83 27 121 
84 35 743 
33 29 345 
99 75 1508 
53 56 1267 
23 41 316 
87 60 1417 
50 67 1169 
54 10 1602 
82 33 955 
102 66 1314 
97 39 168 
64 36 161 
51 73 1045 
69 26 782 
74 34 134 
6 59 118 
58 85 1471 
55 34 980 
38 32 410 
49 54 1569 
65 99 148 
14 58 276 
69 61 94 
11 39 1407 
25 83 673 
26 82 1239 
92 78 1200 
53 46 1327 
92 44 74 
52 28 54 
87 3 324 
70 7 447 
41 62 1236 
93 38 1597 
4 48 758 
6 32 846 
21 14 826 
51 59 1240 
25 13 857 
30 24 228 
14 19 541 
4 27 579 
68 57 1239 
16 87 323 
2 101 642 
78 52 1601 
37 88 204 
55 33 233 
55 38 721 
46 47 1527 
77 13 632 
64 81 315 
67 101 353 
13 39 1222 
78 7 442 
33 51 955 
39 49 1004 
56 95 574 
3 62 1404 
21 52 1454 
93 25 163 
84 41 1204 
83 40 327 
22 13 829 
79 26 800 
