6 6
250
55 6 65 90 6 74 287 
48 30 33 58 34 78 602 
34 12 78 57 18 85 1197 
83 25 39 25 78 12 1074 
86 9 83 72 7 56 745 
43 33 9 6 91 55 1207 
77 21 75 42 46 82 897 
73 73 37 3 45 11 879 
83 28 68 31 64 38 761 
23 53 88 29 24 90 1123 
81 71 53 29 32 101 78 
6 66 85 33 32 17 168 
37 47 72 64 47 91 729 
7 43 78 30 19 38 657 
71 89 14 24 94 84 1121 
4 86 76 15 12 68 942 
64 84 99 33 23 51 1049 
8 18 68 79 101 34 912 
30 78 101 14 65 55 437 
79 73 11 41 35 24 409 
63 98 50 37 25 85 525 
61 80 99 98 90 70 772 
73 48 48 94 51 19 911 
11 77 3 49 15 43 1041 
13 90 95 90 29 54 548 
22 19 43 78 52 34 846 
99 4 18 77 87 75 68 
27 65 48 86 7 61 637 
23 50 90 13 43 60 581 
92 6 10 63 17 20 628 
31 6 19 102 87 7 143 
75 87 74 30 71 82 1061 
27 48 6 24 95 95 1218 
72 56 67 10 76 24 93 
100 10 16 71 56 56 1174 
61 32 86 22 56 42 587 
65 17 84 75 80 63 796 
60 6 42 24 28 54 721 
53 53 93 13 86 6 916 
79 61 61 16 27 93 807 
19 23 4 42 54 54 91 
40 85 38 98 63 45 496 
6 76 49 31 4 39 103 
80 94 10 72 38 75 1048 
59 26 60 55 72 101 501 
85 39 84 75 2 53 157 
70 58 18 25 64 36 895 
87 14 88 25 56 60 472 
30 96 72 18 81 24 996 
61 79 45 93 45 102 257 
39 67 57 4 88 98 124 
39 95 49 77 41 15 881 
14 75 32 18 44 4 674 
45 14 59 23 32 33 112 
80 74 34 20 37 54 591 
48 32 23 70 64 30 1121 
3 25 43 42 11 11 581 
7 16 76 4 99 68 1140 
55 100 83 58 66 3 712 
22 18 59 6 62 26 804 
45 11 51 82 76 65 516 
91 18 84 23 24 64 905 
61 59 18 39 88 57 1141 
34 42 14 100 30 36 995 
9 86 38 51 88 84 761 
7 28 24 26 5 53 780 
84 101 37 44 41 86 753 
60 42 69 76 71 74 128 
71 38 84 48 32 63 1008 
34 48 74 38 82 14 660 
33 96 16 86 6 32 618 
43 79 57 90 51 22 599 
46 71 77 19 11 54 443 
92 42 79 75 92 83 614 
56 65 8 61 74 10 332 
48 55 92 66 45 62 344 
62 29 60 83 43 35 1073 
78 99 21 73 62 20 512 
56 39 13 16 50 2 1067 
15 51 31 79 14 24 1195 
19 86 55 68 94 10 368 
16 21 94 51 50 64 949 
68 90 91 14 92 87 1137 
18 81 53 97 62 43 566 
80 31 6 31 14 92 727 
15 68 6 70 12 14 491 
20 21 67 2 40 12 582 
63 42 66 24 39 7 13 
7 4 74 34 69 86 437 
92 90 22 38 74 20 648 
24 86 46 82 75 55 1203 
63 88 96 24 33 101 208 
91 41 9 77 87 60 105 
66 35 38 44 30 6 343 
32 46 66 68 93 97 485 
58 22 44 65 54 5 541 
18 79 12 38 87 21 7 
51 16 63 89 62 46 711 
54 10 40 47 50 72 371 
43 32 58 42 6 79 414 
21 66 14 35 58 66 578 
57 28 8 45 88 29 993 
33 5 80 34 52 84 46 
14 6 20 5 34 16 919 
49 56 98 83 43 69 374 
51 52 56 6 82 13 1185 
85 34 4 65 45 51 135 
30 80 10 56 98 32 84 
62 96 32 26 52 74 101 
73 12 64 46 63 53 994 
55 26 30 72 73 9 363 
75 17 43 91 67 66 240 
78 90 29 48 39 26 1094 
58 26 82 32 41 91 140 
23 43 21 84 100 32 911 
56 82 86 27 25 79 1069 
80 91 36 88 10 91 1163 
24 37 101 26 29 94 1193 
102 50 43 34 20 20 631 
77 24 9 68 36 47 278 
10 45 23 15 49 4 947 
37 48 46 33 102 18 1214 
8 22 60 73 40 79 659 
35 45 95 7 61 38 46 
69 29 21 76 46 74 178 
93 80 13 82 92 22 793 
4 98 3 20 4 54 843 
4 51 97 98 70 71 920 
2 30 10 90 68 76 837 
20 27 59 58 46 87 183 
44 49 93 50 59 91 376 
49 94 89 59 86 37 793 
80 26 79 77 6 41 1113 
52 5 95 25 48 98 1023 
73 46 64 60 69 56 737 
5 6 50 13 82 47 654 
38 23 33 85 41 6 498 
3 82 83 42 47 26 1123 
45 100 27 12 95 49 925 
49 27 101 18 83 7 920 
22 31 66 26 97 40 174 
84 64 43 9 95 45 860 
66 83 20 24 32 70 727 
8 25 3 89 99 80 1089 
98 34 69 60 101 67 993 
53 19 19 53 88 80 750 
39 86 5 102 6 7 1015 
47 83 96 53 38 18 179 
7 65 38 99 62 27 1059 
32 76 51 96 79 91 164 
65 3 73 46 93 100 842 
41 100 89 95 75 8 625 
53 74 9 65 52 69 559 
56 82 55 29 54 77 88 
12 56 8 29 18 72 997 
82 25 9 47 20 48 809 
67 51 6 89 21 38 967 
4 44 33 30 24 70 112 
23 20 19 40 25 64 367 
46 83 69 59 38 72 860 
52 2 19 34 23 82 1093 
33 52 42 35 41 30 97 
14 77 101 96 4 74 735 
7 92 9 96 86 38 261 
70 39 33 85 68 11 640 
43 16 98 3 90 22 1093 
70 79 7 86 36 24 389 
9 70 65 37 99 12 550 
12 12 40 39 45 70 781 
14 11 53 75 21 58 868 
63 5 94 16 55 73 448 
14 4 12 52 16 91 748 
71 70 50 71 101 9 379 
5 60 66 47 54 28 687 
70 56 13 16 68 63 554 
67 73 23 46 42 10 1200 
10 29 89 31 81 5 527 
43 5 7 23 50 42 710 
47 30 71 3 47 82 540 
50 101 38 50 31 18 59 
99 29 26 61 101 35 1168 
33 80 17 75 25 15 332 
54 8 96 20 23 89 244 
45 54 45 96 30 56 736 
30 53 84 52 89 40 543 
78 82 64 51 9 64 175 
52 55 30 24 69 19 1179 
95 44 31 10 31 87 665 
77 83 67 73 81 37 34 
29 36 25 38 77 85 931 
28 34 71 16 27 8 1139 
100 17 74 63 39 66 433 
10 54 44 60 55 92 8 
101 99 80 30 29 14 278 
22 7 88 95 36 22 818 
12 62 96 6 81 63 938 
67 95 13 44 74 69 234 
83 83 80 23 95 78 328 
37 93 87 100 96 72 964 
13 88 70 5 45 71 1201 
94 50 57 76 31 26 418 
6 70 88 57 46 6 471 
26 11 73 44 47 42 919 
72 11 8 87 93 100 671 
9 45 41 30 101 23 1096 
35 25 49 66 54 95 378 
25 101 44 52 69 42 1063 
79 98 63 101 30 25 272 
41 51 91 40 28 81 1194 
27 49 29 47 85 51 1112 
88 26 80 95 49 46 573 
12 66 37 26 59 70 367 
48 80 32 72 100 69 1146 
76 60 28 28 15 35 1200 
54 17 7 86 94 98 1113 
74 85 8 83 81 77 366 
87 56 16 70 13 70 962 
71 99 77 87 83 99 148 
68 54 69 36 13 51 705 
50 33 42 68 74 41 912 
97 26 91 21 94 66 1087 
6 14 59 4 67 22 1016 
20 32 101 12 101 81 70 
33 41 49 70 29 74 455 
25 76 5 41 31 6 910 
76 87 68 91 35 25 760 
42 12 34 48 31 77 372 
3 43 58 75 62 71 776 
87 45 53 67 94 54 997 
39 57 65 39 18 11 544 
46 35 23 67 58 45 1114 
31 17 24 99 100 9 267 
35 49 68 71 37 13 1079 
45 17 26 44 74 83 40 
57 72 11 16 68 88 699 
10 37 10 6 27 74 696 
30 31 70 96 47 62 52 
10 98 70 82 100 58 19 
20 99 26 86 65 90 898 
47 15 86 34 23 67 308 
14 61 66 12 41 33 180 
88 58 50 29 23 101 580 
75 43 35 70 32 58 1106 
40 86 22 65 86 85 1017 
18 86 64 26 97 81 1174 
40 6 73 61 27 89 398 
43 78 59 44 91 28 882 
74 53 66 93 11 37 908 
77 46 49 56 50 34 849 
74 88 5 28 22 53 433 
