2 2
250
84 69 245 
49 87 341 
67 71 379 
18 60 93 
14 29 227 
33 64 337 
45 17 96 
39 71 144 
39 76 256 
10 6 349 
23 74 154 
42 21 387 
41 25 152 
16 6 41 
23 12 361 
44 9 118 
60 6 188 
61 18 240 
45 46 402 
27 11 45 
23 59 267 
9 97 349 
87 74 35 
62 94 159 
48 31 46 
15 18 240 
49 97 272 
36 51 408 
42 64 228 
81 99 307 
98 16 57 
28 96 193 
46 16 64 
5 59 146 
22 100 48 
9 15 357 
50 32 117 
42 80 61 
46 89 33 
67 70 134 
32 8 306 
35 66 321 
27 21 145 
66 71 12 
45 46 155 
33 16 212 
91 34 200 
70 33 275 
49 58 148 
101 84 31 
41 81 189 
85 75 208 
63 89 139 
35 84 384 
54 86 249 
28 99 141 
79 15 298 
58 78 145 
86 63 307 
10 88 34 
45 28 153 
30 26 367 
58 63 289 
89 72 109 
20 58 207 
57 18 194 
9 23 244 
4 24 283 
36 86 13 
13 101 50 
78 55 7 
28 92 229 
59 26 244 
73 71 149 
66 92 175 
49 40 85 
87 31 187 
30 3 266 
50 43 17 
70 96 167 
89 48 253 
61 13 72 
27 94 270 
96 100 375 
90 38 212 
25 40 135 
28 90 188 
84 28 286 
68 50 213 
38 79 201 
54 91 124 
21 86 98 
76 7 320 
27 24 187 
56 92 128 
56 42 268 
15 27 13 
73 44 28 
97 7 82 
94 95 260 
67 91 62 
19 44 40 
64 71 212 
30 51 138 
56 3 270 
2 30 146 
41 15 33 
89 25 216 
48 84 193 
26 26 323 
6 84 52 
17 62 136 
33 39 198 
23 94 291 
16 88 310 
71 18 167 
42 97 314 
86 55 326 
58 81 270 
64 73 247 
65 40 185 
75 26 272 
23 42 168 
35 71 370 
89 19 88 
38 75 153 
79 79 267 
8 85 120 
4 22 122 
35 61 333 
69 71 272 
90 61 219 
28 43 253 
11 50 314 
102 9 105 
88 99 146 
60 22 26 
31 87 383 
97 58 225 
18 73 18 
39 91 330 
61 68 6 
26 101 239 
70 12 133 
77 70 119 
91 8 310 
6 18 95 
96 76 161 
78 40 340 
75 95 13 
100 12 286 
60 74 243 
98 42 171 
26 64 399 
79 93 40 
76 55 73 
67 9 204 
81 15 224 
83 45 61 
44 86 113 
20 53 28 
58 71 3 
64 20 391 
71 95 270 
36 81 221 
27 19 340 
32 4 348 
68 10 352 
55 21 397 
17 79 120 
47 56 233 
16 9 46 
93 23 89 
11 14 146 
24 98 59 
86 47 138 
3 58 107 
33 14 333 
44 54 177 
22 5 205 
5 49 167 
69 27 158 
11 22 296 
45 36 391 
64 23 369 
52 46 53 
74 71 303 
66 16 89 
5 15 174 
77 74 224 
70 73 77 
73 8 264 
97 57 290 
78 76 104 
63 60 90 
32 72 373 
93 95 36 
33 50 138 
78 41 134 
21 65 48 
98 36 197 
20 77 257 
79 92 59 
28 57 361 
44 99 387 
51 5 231 
102 75 180 
53 86 325 
48 39 97 
87 98 275 
34 78 375 
62 82 166 
79 45 338 
61 55 324 
79 67 156 
22 91 210 
41 29 149 
78 21 368 
69 47 205 
70 74 157 
41 94 386 
49 96 322 
99 84 71 
56 74 244 
75 43 85 
67 76 78 
44 28 196 
74 48 282 
33 58 231 
4 94 142 
92 11 293 
47 21 247 
87 32 292 
61 25 32 
36 86 224 
79 5 321 
72 5 292 
33 29 186 
92 69 188 
28 18 156 
25 97 366 
85 66 259 
90 31 89 
62 82 177 
49 85 15 
42 40 255 
16 56 217 
80 34 366 
65 61 334 
28 56 214 
