4 2
250
17 98 87 41 115 
41 69 34 74 52 
47 55 17 51 129 
79 44 74 15 46 
39 62 23 87 386 
33 22 97 87 304 
30 55 39 100 196 
56 87 49 95 259 
5 32 78 41 306 
42 68 25 19 224 
88 47 68 56 384 
57 76 2 46 396 
21 74 49 99 345 
94 18 18 3 316 
94 96 81 52 35 
9 86 84 12 224 
67 98 79 32 359 
85 89 86 6 380 
82 86 5 98 180 
33 85 80 57 337 
26 52 25 42 257 
94 68 18 47 356 
72 94 93 92 133 
25 96 19 11 9 
7 34 14 10 399 
10 94 86 8 316 
26 8 29 29 126 
17 76 40 69 392 
19 73 40 19 95 
90 95 15 66 86 
38 68 71 55 315 
94 40 17 44 226 
2 84 12 70 260 
66 67 66 61 72 
51 59 52 15 345 
36 96 97 87 44 
16 81 22 87 169 
60 39 75 52 159 
79 61 97 14 392 
37 63 72 56 240 
24 32 56 48 291 
81 18 58 71 177 
100 45 32 34 168 
23 64 26 29 27 
29 94 16 22 164 
93 64 40 19 203 
75 25 43 28 360 
86 27 76 16 253 
44 84 7 9 167 
36 31 65 73 305 
75 39 46 50 131 
32 18 35 8 329 
20 79 40 21 288 
77 4 6 46 231 
98 90 12 67 263 
47 89 9 82 26 
64 100 69 45 313 
38 82 95 96 237 
70 94 69 36 182 
66 45 87 38 270 
34 26 21 17 319 
87 29 81 85 353 
45 12 56 3 77 
21 12 98 45 143 
97 11 12 88 360 
7 23 79 23 408 
4 4 72 16 303 
40 81 54 67 376 
11 3 12 10 62 
60 40 69 17 104 
56 50 45 4 291 
25 16 35 29 299 
65 52 60 85 345 
43 42 42 28 330 
42 60 33 52 107 
95 101 4 73 123 
69 56 64 98 188 
57 61 70 45 211 
25 48 28 93 119 
61 45 29 25 301 
21 100 42 36 347 
98 18 94 78 318 
26 14 64 99 28 
11 90 64 39 123 
84 73 99 77 236 
96 34 42 24 273 
52 74 81 100 47 
71 16 30 13 203 
40 69 95 67 115 
13 86 31 87 82 
73 83 91 95 375 
50 3 67 79 370 
66 79 73 11 114 
53 35 66 88 155 
97 62 54 90 374 
17 81 34 49 190 
12 5 57 4 392 
71 85 87 8 259 
69 50 53 22 348 
64 98 86 39 313 
80 22 45 49 102 
12 31 3 4 314 
71 71 20 32 329 
63 24 71 15 240 
70 50 60 24 287 
49 11 34 5 124 
21 97 97 72 281 
92 62 9 79 349 
42 84 86 31 385 
101 32 23 41 99 
42 30 73 80 38 
32 63 23 79 320 
3 100 101 74 239 
76 75 50 64 369 
3 17 93 29 80 
88 66 32 30 292 
18 91 94 81 369 
93 26 19 64 160 
31 41 32 101 345 
44 86 14 73 84 
27 84 61 51 94 
27 38 45 61 96 
67 34 95 8 253 
14 7 22 83 276 
52 59 88 25 253 
65 87 94 45 316 
4 55 61 10 190 
36 31 46 58 267 
57 83 60 40 301 
99 48 26 39 295 
38 66 32 5 287 
71 98 39 89 245 
42 46 2 84 87 
15 75 87 62 114 
85 64 66 18 54 
71 101 50 51 266 
19 62 57 73 169 
41 24 58 40 317 
40 95 59 98 103 
13 83 78 19 250 
26 63 67 12 364 
77 102 17 92 7 
72 50 90 24 178 
82 91 31 43 337 
92 19 49 84 364 
92 7 70 93 10 
90 25 33 90 168 
58 98 48 84 272 
41 10 67 39 34 
93 7 37 55 184 
24 53 37 37 289 
9 16 85 23 403 
71 34 25 90 54 
49 19 2 83 359 
86 45 50 76 179 
85 54 13 76 402 
88 73 17 48 326 
39 90 98 19 140 
44 15 27 85 397 
9 86 79 26 251 
75 6 55 67 248 
81 6 63 93 359 
57 5 10 24 55 
101 19 79 10 311 
61 23 85 49 189 
73 20 67 79 152 
100 77 89 15 103 
83 19 52 88 5 
35 29 7 31 321 
40 7 5 72 403 
92 9 71 50 13 
54 23 8 21 366 
63 41 86 56 366 
83 18 98 99 131 
83 69 93 10 177 
34 19 57 70 33 
68 17 97 80 194 
93 8 41 12 298 
62 13 33 98 162 
96 45 52 41 399 
24 11 8 40 73 
25 18 63 6 290 
37 68 40 13 98 
49 46 8 9 401 
77 79 87 26 292 
72 38 97 70 203 
91 69 17 73 350 
59 11 59 62 101 
78 47 37 41 156 
96 75 22 74 378 
52 38 45 43 95 
47 26 84 69 194 
89 22 94 57 334 
70 53 69 28 273 
40 90 48 85 93 
32 44 48 88 316 
99 17 25 78 408 
55 26 76 50 168 
35 29 92 15 153 
58 54 82 60 284 
45 8 97 8 225 
64 93 62 21 379 
4 80 98 91 205 
74 99 19 57 120 
47 79 21 87 139 
13 99 35 47 274 
79 65 91 19 140 
94 23 20 23 156 
64 65 58 57 159 
57 33 3 65 268 
60 38 27 31 102 
69 88 12 74 181 
67 60 17 54 64 
42 91 81 57 239 
53 81 98 19 274 
84 23 66 48 321 
81 99 71 82 37 
44 40 62 94 276 
7 13 48 79 300 
6 50 6 42 404 
68 54 48 7 61 
81 42 10 64 177 
48 24 66 95 265 
70 91 37 45 301 
4 31 89 90 218 
42 36 21 46 258 
36 19 27 49 52 
29 53 67 67 122 
4 32 100 51 90 
85 48 55 14 24 
17 15 63 68 396 
39 67 60 54 304 
47 23 66 101 40 
31 99 20 83 156 
19 26 72 15 294 
74 33 40 68 285 
96 83 9 40 197 
23 57 61 52 308 
63 95 15 93 344 
83 68 102 41 377 
88 31 74 76 362 
93 45 50 96 104 
8 29 94 84 328 
66 16 28 53 363 
76 40 70 7 313 
25 13 81 31 372 
8 33 101 76 341 
67 11 35 52 233 
79 10 67 27 284 
36 4 33 13 82 
