2 4
250
98 74 757 
54 8 437 
73 83 707 
68 16 681 
67 64 603 
15 19 482 
21 62 116 
48 51 671 
97 36 487 
10 58 121 
14 18 211 
15 44 495 
5 48 729 
37 16 81 
83 2 585 
37 24 388 
88 83 519 
79 34 611 
30 52 188 
13 59 588 
96 66 203 
74 56 804 
60 53 163 
15 12 581 
72 86 377 
6 67 402 
13 62 96 
14 23 609 
53 36 687 
53 87 750 
40 95 725 
19 44 414 
87 11 374 
75 79 578 
30 75 583 
94 10 392 
31 26 699 
76 102 789 
62 84 347 
52 23 166 
16 9 544 
30 78 142 
84 54 345 
97 21 451 
5 40 679 
43 87 398 
5 61 217 
38 24 497 
8 66 758 
94 59 490 
10 37 722 
28 61 573 
6 102 793 
56 12 456 
8 35 42 
32 72 509 
15 22 791 
96 49 507 
96 80 694 
8 24 97 
26 92 776 
84 89 689 
69 80 646 
15 39 694 
53 51 399 
73 33 724 
58 78 764 
33 81 306 
65 16 717 
28 34 656 
87 100 638 
87 32 163 
63 25 376 
23 66 754 
85 2 678 
14 44 801 
15 25 391 
98 52 373 
20 96 96 
60 21 596 
99 42 377 
101 30 313 
9 68 156 
31 12 59 
45 37 102 
3 50 640 
56 53 589 
92 15 72 
35 91 397 
35 69 299 
10 5 37 
75 26 193 
48 86 592 
47 7 622 
81 86 109 
43 55 119 
35 19 377 
35 6 556 
3 9 223 
39 68 319 
92 76 806 
84 23 61 
5 72 95 
91 57 516 
8 12 378 
98 12 238 
97 94 292 
36 101 413 
92 77 810 
38 74 141 
98 11 150 
36 57 251 
79 99 517 
8 40 682 
5 47 507 
85 29 767 
24 7 789 
100 44 607 
5 58 614 
50 94 376 
10 68 798 
96 94 376 
47 74 445 
18 20 111 
68 92 441 
54 33 446 
90 10 390 
7 17 548 
22 100 547 
46 32 812 
57 31 42 
19 100 584 
88 11 426 
18 40 451 
42 8 707 
85 34 429 
22 53 201 
23 62 689 
100 5 425 
33 76 769 
81 3 343 
57 62 729 
10 51 747 
84 68 186 
4 74 568 
95 68 70 
82 39 539 
16 25 646 
77 37 566 
22 21 779 
22 57 283 
60 39 302 
15 87 376 
99 77 683 
63 40 695 
4 20 713 
17 8 302 
46 52 303 
30 67 633 
65 82 209 
22 90 243 
98 65 92 
90 47 291 
35 81 663 
64 85 508 
84 55 698 
96 75 138 
84 8 109 
61 78 42 
100 32 591 
61 52 40 
23 79 710 
56 67 613 
76 16 601 
54 84 218 
58 83 548 
77 48 92 
94 71 56 
11 40 672 
18 39 709 
8 92 124 
65 75 238 
79 44 50 
77 30 723 
12 22 486 
45 32 193 
89 5 773 
40 25 683 
63 69 665 
100 14 321 
7 40 225 
90 70 193 
61 91 73 
100 81 322 
63 102 147 
25 84 401 
49 68 67 
61 32 284 
94 70 553 
33 4 52 
49 80 248 
69 73 739 
63 24 425 
38 86 338 
17 91 195 
57 79 190 
68 41 699 
35 53 377 
33 48 65 
95 98 813 
58 29 710 
5 52 8 
11 97 239 
29 63 486 
99 13 663 
69 46 335 
13 39 749 
47 68 515 
23 17 226 
86 37 203 
85 70 215 
54 82 468 
56 14 318 
25 48 668 
96 40 631 
28 37 326 
67 67 16 
69 84 485 
10 13 504 
26 84 289 
75 27 485 
6 47 760 
35 47 254 
26 14 262 
4 90 738 
12 53 223 
88 96 649 
90 21 578 
25 18 705 
69 46 564 
97 32 248 
6 52 176 
25 91 766 
86 95 740 
11 43 427 
72 67 767 
71 100 494 
37 40 714 
58 88 48 
91 83 235 
