6 4
250
71 90 87 52 82 48 707 
70 5 91 79 67 13 390 
16 7 33 39 18 37 391 
75 35 69 48 5 23 306 
41 43 44 30 100 51 657 
28 8 34 57 24 41 800 
76 48 94 11 3 70 332 
86 37 14 46 6 72 784 
57 19 6 79 28 51 241 
64 48 52 68 65 69 719 
101 101 84 96 99 52 811 
90 77 39 4 55 99 448 
8 32 86 96 81 86 582 
91 30 80 99 91 71 97 
101 45 45 40 2 54 696 
38 32 52 9 22 99 550 
44 69 77 75 54 76 456 
18 68 74 86 85 19 87 
72 6 99 9 83 90 720 
34 96 65 55 46 72 573 
2 35 89 61 90 6 379 
63 5 26 39 96 58 679 
79 72 57 19 38 77 535 
29 55 102 41 11 81 83 
75 14 22 10 7 88 133 
35 87 27 97 15 66 79 
3 75 72 89 34 7 454 
26 10 37 11 97 7 599 
82 89 22 81 27 38 719 
93 6 31 92 72 69 360 
87 32 24 25 13 58 213 
82 32 54 79 76 56 403 
6 87 101 12 83 45 429 
100 7 18 90 30 23 84 
72 43 99 64 40 14 313 
80 15 88 86 51 49 8 
59 69 4 53 84 41 706 
21 32 82 91 26 94 716 
27 8 37 85 37 18 84 
91 57 17 38 45 13 213 
73 15 28 34 97 54 332 
40 17 39 48 85 26 410 
13 20 74 15 22 53 434 
9 53 3 16 34 93 558 
14 88 17 41 30 63 393 
19 56 59 31 42 49 712 
93 100 39 54 94 62 637 
40 45 25 25 63 75 526 
64 27 20 66 63 74 213 
30 24 8 57 65 4 766 
66 17 86 82 5 68 130 
55 66 64 41 33 92 605 
45 94 19 69 90 86 451 
31 41 67 81 77 63 515 
78 33 99 31 60 86 603 
30 40 45 59 9 51 72 
63 58 26 32 84 54 696 
32 92 90 77 21 41 287 
78 21 3 31 6 55 631 
35 67 12 75 8 2 125 
56 76 12 83 37 49 557 
85 43 51 95 12 80 378 
43 11 56 41 48 41 425 
22 43 31 5 98 33 228 
93 16 59 78 54 72 621 
18 80 97 86 94 69 761 
80 54 38 97 77 33 753 
58 58 36 63 63 65 279 
34 84 80 41 17 42 747 
29 94 19 60 10 72 204 
34 61 58 56 74 61 344 
91 95 10 23 2 37 293 
60 25 17 92 9 44 683 
98 18 46 79 28 4 415 
62 20 39 69 63 69 195 
99 80 9 91 6 94 354 
91 73 20 17 7 58 566 
70 4 70 3 30 43 293 
45 13 79 48 59 93 236 
76 73 55 41 70 14 492 
48 10 3 5 52 42 62 
48 28 63 24 48 83 752 
19 71 69 35 28 90 448 
68 32 46 49 3 16 118 
2 67 78 39 46 11 186 
95 69 100 80 3 30 791 
87 18 26 13 12 39 472 
4 89 8 44 26 7 647 
80 59 57 51 28 95 374 
63 87 87 4 74 72 191 
4 71 57 28 62 60 661 
16 22 38 93 80 59 802 
80 72 97 22 6 45 125 
13 45 31 77 37 53 200 
33 41 11 39 69 36 2 
20 53 18 66 50 100 523 
39 21 60 50 38 49 676 
17 91 84 71 28 10 744 
28 28 53 26 9 59 684 
83 29 56 13 24 100 494 
21 81 57 58 47 53 601 
26 73 28 101 6 44 129 
52 29 70 43 28 11 752 
27 67 42 43 44 82 460 
93 6 40 16 51 24 784 
12 29 15 83 59 19 14 
57 26 27 5 17 70 252 
2 87 72 98 91 70 762 
16 17 17 5 73 19 270 
69 91 87 57 21 22 323 
2 57 62 71 93 93 576 
43 17 40 28 14 28 743 
21 70 21 62 56 5 788 
13 100 80 88 2 71 719 
37 43 50 98 51 93 4 
32 12 29 100 80 25 597 
2 79 79 61 94 44 393 
23 68 97 67 19 45 725 
59 84 85 93 24 85 46 
76 92 33 66 36 93 724 
59 94 64 78 82 25 91 
23 3 30 10 29 42 117 
77 55 33 34 50 13 594 
31 46 9 58 42 70 215 
89 48 97 59 53 61 522 
76 35 91 39 22 80 295 
83 57 85 97 44 93 813 
39 102 34 88 81 18 236 
50 57 22 42 58 87 282 
57 35 53 78 83 52 6 
22 43 97 31 36 39 392 
90 26 62 100 79 29 411 
48 65 73 74 45 37 211 
80 71 99 66 95 4 213 
24 34 22 64 43 101 139 
60 39 59 48 81 83 490 
33 62 44 81 60 86 70 
72 82 6 39 17 77 341 
75 99 67 42 37 24 542 
94 42 38 38 29 35 718 
28 16 28 66 56 68 386 
11 58 87 37 19 20 425 
54 18 27 28 26 77 699 
42 95 7 46 61 96 318 
22 8 46 33 53 22 364 
68 80 75 63 11 96 525 
44 82 8 20 7 16 331 
26 13 12 5 60 4 700 
23 22 22 98 74 10 725 
52 43 6 69 99 9 699 
40 54 67 17 83 23 802 
14 102 28 56 81 100 777 
96 36 30 95 20 61 367 
60 55 67 39 88 78 748 
41 3 53 9 9 57 706 
62 47 90 79 83 90 76 
23 96 43 95 12 96 456 
9 79 76 81 51 43 657 
101 102 80 97 48 9 594 
101 77 49 74 45 11 282 
92 42 17 39 73 38 303 
61 26 46 78 84 38 268 
27 79 30 60 16 8 499 
47 12 84 37 83 38 181 
21 96 23 69 87 23 143 
39 61 44 80 7 45 328 
78 37 21 66 73 42 602 
100 21 16 31 5 75 367 
32 35 3 92 101 17 326 
31 25 11 99 17 17 718 
21 88 83 11 65 23 562 
77 65 74 12 98 50 175 
78 9 39 84 50 74 56 
28 43 89 7 31 2 379 
14 12 69 58 27 88 646 
35 35 22 42 54 78 451 
71 32 82 5 69 21 438 
18 74 17 69 45 83 758 
47 95 6 36 23 24 517 
56 7 56 74 65 44 355 
76 19 44 98 98 54 460 
13 9 4 64 84 95 782 
39 53 91 84 6 88 715 
42 18 8 33 56 94 128 
27 28 34 6 78 12 347 
57 76 73 49 32 39 280 
88 3 74 41 32 69 137 
56 67 92 60 58 58 273 
3 37 66 45 62 43 702 
83 73 60 7 85 55 673 
80 20 37 77 52 55 442 
17 36 94 26 26 101 582 
64 44 48 23 56 11 440 
40 9 6 72 98 50 44 
33 16 36 49 16 36 619 
48 56 85 8 4 81 706 
3 74 21 37 44 17 160 
31 14 87 30 46 31 326 
13 34 7 56 7 51 685 
22 60 79 12 67 97 125 
89 64 16 54 32 69 301 
37 87 37 56 35 88 15 
4 52 21 72 8 38 288 
25 81 54 99 32 5 666 
16 44 27 79 21 6 342 
51 72 78 17 63 5 622 
49 72 2 74 65 84 143 
10 60 43 61 61 82 527 
86 64 57 102 67 57 174 
45 12 78 16 83 62 434 
82 45 57 46 35 61 620 
11 54 27 69 22 66 46 
86 86 20 62 26 79 538 
10 23 17 99 50 57 37 
62 26 60 84 25 66 237 
17 87 17 28 23 91 607 
12 32 35 46 93 18 476 
27 60 56 59 85 89 586 
24 42 49 87 6 74 403 
30 69 87 100 102 78 569 
101 6 36 5 91 93 797 
93 84 54 59 41 48 283 
68 6 27 42 79 59 755 
47 69 43 19 19 27 672 
65 50 49 93 41 91 218 
56 22 56 96 98 76 257 
60 97 30 67 28 17 504 
65 62 60 25 21 79 438 
38 94 88 74 68 17 229 
36 8 68 102 60 10 100 
86 73 48 83 85 63 714 
74 15 54 93 12 23 2 
90 91 70 22 13 75 148 
30 69 24 31 61 5 193 
92 64 67 70 9 52 646 
90 14 43 38 18 68 522 
81 36 82 58 97 30 379 
18 99 82 48 37 96 458 
6 26 54 27 60 66 675 
53 89 26 6 73 23 814 
79 29 86 97 9 56 397 
35 44 75 66 78 79 598 
67 87 24 74 57 25 688 
90 91 14 60 4 83 233 
49 59 54 26 9 49 319 
72 98 53 30 42 10 576 
83 81 63 84 89 12 702 
4 4 34 18 100 17 730 
40 74 39 7 75 22 710 
88 23 42 71 33 36 770 
