8 8
250
3 88 6 25 47 21 102 94 1198 
54 67 41 20 17 80 14 59 1423 
14 25 10 54 10 99 87 3 1185 
16 50 82 4 31 35 29 40 561 
95 56 36 84 33 16 58 31 1123 
61 70 58 9 73 60 99 67 1101 
87 51 80 9 40 46 49 88 718 
96 52 38 8 93 79 45 21 58 
56 32 93 96 98 81 30 29 544 
19 9 79 23 7 66 68 44 1453 
58 88 18 91 38 47 72 64 1293 
35 55 79 81 66 54 57 45 571 
78 93 55 102 81 13 13 32 1293 
69 74 47 74 42 51 90 89 549 
89 66 96 48 25 36 101 97 1206 
59 39 45 27 68 64 31 92 828 
38 58 9 7 81 7 68 5 1467 
36 63 15 29 93 78 20 70 1293 
43 32 70 21 2 86 39 56 1513 
38 44 8 85 45 52 100 54 514 
29 84 88 91 82 22 46 67 548 
63 31 48 68 9 101 85 91 985 
85 19 58 24 70 26 15 32 1010 
86 54 21 65 31 42 47 93 1391 
96 54 52 50 78 37 53 78 409 
49 72 37 9 2 56 92 18 574 
78 7 17 63 78 52 60 62 219 
17 101 2 8 23 18 16 91 605 
13 37 43 22 73 93 101 68 977 
29 78 54 67 75 15 7 71 1416 
72 34 78 101 92 18 24 38 1266 
27 42 50 21 96 13 19 81 1317 
96 57 35 25 64 12 93 33 1366 
64 52 28 89 4 54 31 45 929 
63 14 47 28 100 37 16 77 420 
13 10 85 43 50 96 35 13 231 
56 49 72 68 10 61 34 62 1405 
54 40 41 98 92 53 56 57 1099 
38 71 59 100 12 89 86 81 373 
3 23 4 34 56 93 40 77 1570 
88 98 5 88 96 40 51 64 596 
89 17 20 34 89 94 29 99 689 
59 58 39 85 83 31 38 33 644 
86 22 86 50 60 17 57 70 974 
66 51 77 21 51 49 53 100 1047 
7 71 36 12 7 59 51 83 320 
61 5 17 76 52 65 101 67 691 
54 41 59 5 79 21 35 64 785 
69 40 9 92 34 86 67 33 1002 
7 76 16 29 101 79 97 98 1049 
47 92 101 14 22 85 7 101 963 
9 4 94 17 79 45 11 83 701 
14 71 73 33 11 21 4 95 1490 
30 27 41 82 10 84 57 90 1180 
51 57 20 26 87 36 27 60 486 
71 92 99 73 21 20 36 85 438 
95 16 83 82 12 29 94 79 1204 
22 29 96 12 62 91 73 62 427 
27 90 86 40 8 53 91 34 54 
96 59 8 24 47 27 57 64 1200 
93 71 47 93 34 9 62 7 501 
38 61 32 10 3 61 94 11 1548 
45 57 10 33 93 80 26 100 338 
70 100 84 71 58 100 18 82 1475 
83 36 58 79 80 3 22 55 1201 
75 88 58 49 32 38 32 14 108 
67 62 80 69 69 36 89 94 117 
51 69 5 34 94 23 71 13 1228 
41 68 80 9 13 39 6 53 185 
66 23 70 48 41 45 94 52 323 
14 16 69 24 92 88 96 73 1416 
72 43 97 37 80 21 63 93 761 
31 61 52 43 65 19 25 24 1161 
41 5 29 62 42 43 3 59 1581 
10 19 78 94 15 41 52 36 156 
19 31 45 51 87 50 99 65 1499 
72 73 53 52 100 69 17 57 1115 
61 12 3 55 37 23 24 55 1206 
73 39 48 12 93 31 9 9 1524 
30 92 20 81 65 79 52 33 1410 
48 60 21 10 80 60 73 93 387 
10 66 97 25 29 34 76 28 428 
48 62 82 24 45 94 76 89 1072 
52 82 49 26 5 6 36 78 1545 
57 64 61 90 41 102 7 101 703 
101 7 65 88 7 39 53 5 1160 
8 26 17 29 36 93 94 23 181 
78 87 62 93 90 53 39 21 1045 
69 60 22 82 19 46 51 77 1327 
5 66 77 12 75 102 35 30 863 
82 30 30 70 98 20 91 31 232 
85 10 19 14 51 88 75 86 737 
53 28 8 73 80 61 12 91 938 
38 68 14 62 60 62 100 60 1494 
38 100 64 4 94 90 32 68 1099 
66 93 17 92 39 90 57 84 30 
48 11 51 71 61 9 63 55 1024 
4 25 52 59 16 93 96 39 1402 
85 51 37 20 42 15 94 47 1603 
45 48 31 26 7 78 61 53 791 
44 69 42 58 43 41 28 30 707 
19 9 79 25 97 2 4 74 539 
69 30 71 39 79 15 11 20 107 
36 80 19 76 100 65 45 54 1132 
48 29 10 98 94 14 71 76 624 
24 22 53 30 23 35 45 93 378 
82 7 93 28 49 25 34 94 813 
28 46 11 16 82 46 33 58 737 
27 73 38 59 69 5 77 89 1602 
58 7 59 86 32 9 42 65 759 
81 22 82 87 66 2 64 45 499 
31 10 42 9 99 67 90 21 331 
89 25 40 90 53 62 27 79 1414 
95 44 16 4 76 19 99 54 589 
67 42 10 38 96 26 74 48 1290 
60 50 10 94 98 14 89 55 662 
11 93 71 22 63 89 16 72 33 
19 29 36 25 12 47 31 25 1289 
15 53 31 16 18 7 83 68 468 
81 3 47 4 17 23 78 91 1005 
69 47 81 23 24 26 24 57 307 
47 37 40 65 65 75 35 76 24 
14 97 77 66 41 96 60 37 1128 
59 17 14 15 49 24 85 64 1270 
2 94 32 6 94 62 88 38 509 
93 18 40 74 71 43 22 66 1533 
89 5 8 86 65 89 57 67 664 
9 34 90 18 82 2 98 35 1348 
74 9 5 17 80 5 65 70 320 
33 87 47 73 95 85 30 99 976 
74 18 31 45 51 28 22 82 73 
45 76 38 40 78 39 61 50 933 
93 74 27 6 23 97 69 26 1317 
97 38 40 7 90 85 42 26 275 
56 31 60 79 97 100 100 22 1520 
85 95 11 11 14 47 28 39 408 
37 70 97 36 78 27 48 27 713 
68 40 88 55 99 54 22 7 317 
101 16 79 28 7 3 4 86 511 
74 89 26 95 82 54 60 7 917 
24 22 55 35 33 72 57 34 1344 
9 32 98 58 90 9 28 29 364 
50 11 65 96 34 94 96 76 618 
22 75 60 36 98 94 98 100 1396 
69 68 85 9 74 75 20 97 876 
38 18 100 18 69 55 32 12 1581 
95 30 89 62 41 59 34 37 971 
26 75 36 6 62 92 24 61 990 
41 43 39 92 78 39 41 60 945 
42 6 8 7 7 88 97 5 1149 
100 8 29 28 77 39 15 96 358 
21 34 57 10 96 10 94 93 1134 
62 6 54 52 24 83 102 95 504 
55 21 70 51 11 60 22 26 864 
36 15 68 102 78 83 17 21 429 
5 34 11 101 15 16 18 37 1615 
20 50 87 47 29 84 8 62 1239 
55 73 25 100 90 73 57 60 1276 
6 62 29 73 37 4 57 99 999 
23 57 7 57 34 76 61 4 1238 
70 91 88 86 96 18 7 64 795 
5 7 46 41 46 57 38 15 1227 
74 50 15 85 92 32 23 87 87 
73 101 40 52 41 88 97 89 1136 
94 22 68 13 67 75 55 54 1505 
20 85 13 53 21 22 100 89 884 
65 87 101 59 65 11 13 37 1029 
12 55 68 59 46 59 87 46 1517 
11 62 84 42 31 40 39 5 35 
96 22 82 21 53 54 34 34 27 
73 37 59 59 2 32 12 45 1612 
28 62 41 56 67 77 29 91 442 
74 24 58 63 21 62 9 19 245 
85 94 4 16 27 14 58 16 136 
38 54 62 54 33 88 41 13 703 
65 42 57 7 94 64 27 62 163 
48 12 18 99 52 86 17 29 839 
99 14 37 29 100 53 69 92 618 
69 22 94 72 23 10 19 46 1244 
62 80 2 42 92 67 4 12 65 
94 42 3 78 39 6 37 45 1616 
10 38 44 6 40 3 26 60 663 
20 78 91 10 82 8 9 57 795 
53 58 24 72 28 90 49 77 826 
38 93 85 90 37 81 11 11 136 
36 58 42 101 18 34 26 86 551 
17 86 62 97 71 83 57 86 1405 
79 40 12 56 59 65 53 90 1095 
59 32 44 13 101 73 100 76 1615 
10 54 42 93 48 44 56 34 1485 
92 43 24 4 35 53 95 35 1162 
100 82 101 80 50 31 67 69 880 
94 6 87 92 99 97 84 49 511 
48 88 94 70 102 26 74 62 756 
47 57 99 93 20 68 101 102 1535 
101 32 6 14 28 81 90 64 463 
8 3 46 28 22 88 22 49 765 
81 32 82 77 8 90 84 21 194 
59 3 88 21 92 99 3 85 269 
29 36 62 15 82 39 98 68 974 
4 21 38 12 73 73 21 22 1138 
16 26 26 19 31 8 69 33 995 
44 88 13 49 27 39 72 95 209 
89 69 52 44 81 42 30 82 10 
78 49 32 17 102 72 29 89 954 
94 12 7 56 48 51 79 56 1301 
51 56 96 101 42 80 61 35 874 
21 74 48 86 91 51 8 93 1371 
32 29 88 43 22 40 80 80 1346 
10 35 23 3 68 27 62 81 426 
9 80 9 54 58 69 19 10 245 
15 10 24 58 50 57 67 48 438 
95 10 36 58 22 64 98 52 1625 
34 20 8 23 26 11 25 101 221 
79 80 73 21 26 14 25 68 1150 
63 54 87 68 38 22 100 69 1155 
94 53 59 46 59 8 70 86 1470 
11 94 85 14 35 51 43 90 1110 
58 76 86 24 35 57 94 37 1600 
16 68 83 89 25 59 41 33 796 
58 35 23 67 53 42 24 17 1203 
89 50 22 38 27 51 54 44 1515 
89 71 20 5 55 24 10 55 294 
11 24 71 28 76 3 102 87 895 
48 93 25 46 3 20 83 7 1417 
80 80 43 35 37 82 66 54 1015 
33 55 82 102 59 100 24 15 1514 
6 63 77 21 38 42 96 7 845 
72 44 71 102 24 50 37 32 1231 
79 78 89 91 64 23 41 71 522 
77 49 35 27 24 89 27 78 718 
14 62 44 3 41 32 31 97 163 
95 33 33 34 67 30 24 47 611 
8 18 101 55 81 69 10 22 960 
21 46 22 84 76 48 6 24 1139 
36 78 39 59 62 69 14 48 619 
3 44 83 7 5 79 52 22 992 
47 61 82 76 95 21 73 12 821 
92 14 59 88 30 45 60 91 1135 
102 51 57 34 43 36 32 9 1260 
79 15 43 46 34 57 87 61 1033 
91 62 85 20 88 52 19 24 552 
83 17 16 40 49 16 9 52 1159 
7 15 20 49 47 88 44 95 1583 
11 48 82 4 3 71 82 71 473 
89 84 64 7 17 21 102 51 1509 
65 41 68 29 38 84 86 82 746 
48 45 17 99 79 95 55 10 1243 
56 80 16 47 61 81 88 22 1113 
11 102 101 100 49 98 95 81 889 
