4 4
250
16 86 17 29 451 
9 42 42 49 549 
66 51 93 28 258 
73 50 96 83 324 
35 26 60 76 619 
8 23 4 83 80 
4 100 26 5 675 
57 84 56 18 5 
53 89 60 7 173 
99 6 99 67 186 
32 9 6 3 358 
92 28 43 53 402 
88 40 61 40 533 
68 27 89 46 624 
90 96 80 83 722 
48 68 54 55 641 
4 26 40 60 653 
97 96 25 62 755 
31 44 5 69 118 
15 30 22 42 450 
74 19 55 90 282 
37 31 25 14 799 
26 76 90 75 385 
64 2 3 60 574 
74 4 30 53 387 
49 94 13 69 614 
20 48 14 100 56 
87 72 52 26 364 
68 74 13 64 561 
57 56 32 22 427 
15 29 64 72 679 
72 91 4 43 717 
46 20 58 39 653 
80 63 91 68 503 
94 52 79 15 36 
2 93 68 84 750 
94 64 93 16 506 
93 86 44 17 302 
98 70 11 38 7 
50 18 76 84 743 
96 67 66 61 496 
65 53 51 68 677 
81 25 22 51 780 
84 30 43 77 730 
96 21 77 31 532 
26 43 42 15 460 
86 19 86 93 798 
29 100 34 56 808 
42 37 79 34 473 
75 50 62 43 151 
22 76 101 94 793 
77 92 37 95 304 
24 12 38 11 804 
64 41 31 53 556 
86 98 90 78 407 
61 44 45 73 750 
78 83 102 96 296 
12 20 93 96 186 
39 65 41 19 632 
31 101 69 35 782 
36 21 11 74 278 
27 89 25 45 313 
35 50 65 4 503 
43 13 44 75 721 
46 50 36 31 253 
23 59 73 101 168 
62 77 11 78 474 
58 74 29 63 95 
26 97 51 58 735 
92 2 39 57 302 
21 59 96 47 421 
88 87 82 44 106 
70 18 27 24 637 
59 40 90 46 46 
70 85 83 64 528 
52 101 80 40 336 
23 22 18 64 14 
5 84 66 26 588 
73 94 88 50 356 
10 72 28 80 269 
54 15 96 52 560 
38 78 34 82 16 
89 9 44 3 751 
50 102 65 23 611 
78 76 66 74 280 
79 99 35 20 462 
82 75 2 8 731 
10 28 68 95 538 
29 52 86 24 694 
67 52 87 58 779 
11 9 8 5 468 
79 51 24 17 751 
40 45 15 26 180 
16 8 38 13 684 
24 35 72 57 388 
28 92 43 89 568 
29 14 80 25 393 
75 69 99 50 100 
61 6 53 3 227 
87 39 62 2 578 
60 16 76 74 600 
77 39 53 58 259 
89 10 37 48 533 
28 67 92 78 402 
49 11 90 101 201 
20 84 71 29 513 
91 33 43 18 93 
15 40 8 51 595 
37 19 43 19 205 
54 71 7 38 18 
22 48 86 53 194 
51 28 77 50 456 
95 71 25 95 347 
59 69 22 37 426 
89 61 43 5 114 
33 70 73 76 595 
51 80 35 27 352 
45 49 92 94 509 
90 65 60 96 654 
69 95 50 76 559 
87 51 72 86 122 
62 7 83 39 759 
83 56 3 77 56 
17 38 100 52 811 
12 79 30 74 526 
26 4 49 25 384 
39 22 99 8 717 
2 9 51 13 677 
40 68 54 101 665 
35 64 85 89 530 
33 97 100 77 479 
10 23 100 21 742 
61 60 60 92 454 
63 60 97 89 55 
10 89 89 69 503 
46 27 31 93 255 
63 20 62 60 132 
44 24 24 49 654 
81 12 32 22 199 
82 10 64 46 171 
78 69 98 83 466 
46 10 33 16 121 
85 95 9 90 242 
42 100 102 77 110 
41 38 50 9 227 
100 59 70 45 669 
38 65 87 72 454 
96 24 81 3 584 
36 93 10 34 792 
88 5 43 92 685 
83 11 89 32 671 
42 21 91 55 480 
90 42 90 34 644 
22 10 39 35 288 
20 21 100 5 645 
49 30 18 12 339 
98 17 79 61 6 
29 78 57 90 132 
78 35 28 44 685 
96 5 79 55 631 
80 68 11 57 537 
65 12 86 53 287 
14 4 82 14 517 
74 65 31 33 424 
46 55 51 19 485 
88 95 58 21 693 
46 53 65 34 515 
31 9 24 95 311 
19 94 5 55 37 
75 55 17 81 97 
33 77 48 4 273 
27 20 94 98 654 
72 56 67 68 744 
62 42 49 51 278 
68 43 38 95 288 
54 52 97 15 701 
35 80 79 9 441 
71 8 63 101 309 
14 17 28 15 556 
65 29 39 64 359 
36 8 68 47 378 
92 41 54 68 662 
77 24 81 12 387 
94 79 60 15 181 
57 81 50 13 183 
53 16 24 27 592 
27 15 36 71 426 
29 14 34 63 520 
32 55 97 20 509 
91 37 18 68 622 
88 71 26 42 728 
57 59 57 25 777 
78 19 29 96 455 
65 91 13 60 166 
82 47 98 51 750 
3 86 32 51 269 
18 100 59 51 710 
58 91 96 82 790 
72 59 11 68 717 
15 28 3 64 814 
3 26 60 48 787 
42 75 77 50 717 
74 29 9 92 649 
80 62 80 9 811 
76 97 33 63 411 
25 38 32 63 641 
77 85 70 51 262 
93 42 13 54 383 
85 15 48 94 208 
44 52 21 89 85 
55 50 96 65 211 
8 95 99 97 602 
6 44 16 71 105 
91 62 60 60 719 
40 51 28 62 132 
63 51 42 38 66 
74 20 46 53 206 
29 91 7 25 212 
100 45 18 81 351 
43 101 79 81 300 
85 95 63 100 590 
6 24 36 49 529 
59 55 63 90 14 
88 101 65 46 697 
102 57 37 34 732 
97 35 49 19 612 
64 74 63 101 206 
82 59 47 81 170 
7 57 60 60 562 
47 83 30 79 462 
44 37 34 96 300 
30 60 30 11 628 
73 77 19 74 22 
87 95 64 64 180 
31 55 87 26 656 
47 99 78 66 367 
16 7 72 63 267 
29 42 69 65 794 
24 31 38 4 407 
32 40 88 58 686 
54 21 68 57 223 
91 53 10 15 746 
33 84 67 66 511 
67 7 58 41 616 
46 28 102 67 5 
3 19 85 76 411 
9 13 22 82 756 
98 42 16 36 357 
78 34 56 73 544 
41 66 74 41 688 
