4 4
250
96 14 87 71 328 
19 53 57 43 378 
76 51 8 6 683 
90 94 95 100 162 
27 86 57 51 469 
77 66 31 20 789 
102 79 64 32 780 
35 78 14 48 686 
34 58 76 94 471 
28 45 34 32 806 
54 60 100 35 546 
13 58 38 14 527 
55 24 39 46 379 
99 89 78 10 418 
14 82 48 16 713 
71 12 65 93 257 
34 35 102 21 366 
43 81 31 66 694 
78 42 2 84 257 
12 21 32 48 492 
41 70 26 80 710 
74 14 86 48 799 
3 95 46 83 266 
22 24 20 101 41 
21 60 14 25 613 
74 82 66 85 628 
52 82 20 33 751 
67 11 23 34 593 
31 97 85 68 689 
85 98 21 52 93 
91 3 32 43 341 
84 57 2 5 127 
95 50 3 71 393 
22 78 15 91 554 
13 2 88 29 618 
25 77 48 41 753 
78 62 17 73 720 
51 52 79 92 87 
11 11 20 19 653 
83 96 16 20 522 
9 85 33 84 3 
90 17 5 67 150 
9 11 64 13 323 
34 35 32 83 808 
72 101 26 80 479 
4 84 72 49 772 
32 62 31 77 695 
95 31 35 73 2 
36 49 13 73 30 
2 49 9 79 389 
50 66 36 21 763 
10 61 54 25 797 
8 47 58 73 723 
49 82 89 28 379 
5 2 60 83 528 
26 90 54 77 478 
57 78 94 101 385 
68 29 12 83 629 
36 79 12 76 768 
91 92 43 85 463 
22 62 83 33 364 
49 8 55 56 570 
23 9 79 67 348 
32 55 59 26 189 
22 73 7 51 101 
28 93 87 88 614 
35 49 71 20 317 
97 97 63 57 815 
62 75 58 14 461 
29 101 47 33 521 
39 35 19 62 299 
51 57 34 21 152 
58 23 69 81 299 
76 40 61 28 390 
38 93 4 26 517 
49 17 95 95 693 
29 47 55 25 316 
102 32 12 84 731 
42 65 45 38 356 
41 9 79 77 674 
92 42 21 86 232 
47 33 95 99 732 
36 64 41 36 749 
13 70 46 42 300 
46 30 79 38 68 
74 51 68 82 203 
42 40 20 12 776 
88 28 72 96 762 
71 38 15 94 451 
80 26 11 47 264 
73 65 39 41 314 
64 65 85 77 457 
98 67 15 74 405 
99 46 31 41 45 
87 100 52 49 555 
10 17 87 83 250 
50 42 23 50 439 
79 3 82 74 274 
26 45 96 40 792 
5 25 43 45 478 
36 98 72 41 384 
75 15 92 73 249 
49 79 4 47 66 
58 46 67 20 589 
97 66 59 7 666 
44 6 13 52 527 
87 76 45 25 787 
54 73 84 3 658 
66 14 11 43 709 
48 43 51 33 336 
61 60 25 73 516 
72 41 66 60 39 
72 4 42 8 372 
75 37 81 51 453 
87 65 66 40 65 
86 57 17 21 290 
3 56 83 11 46 
29 53 74 62 217 
16 8 26 99 93 
65 74 5 98 118 
13 64 3 77 455 
99 96 87 65 648 
17 25 48 24 27 
17 23 33 3 154 
24 65 22 24 341 
81 41 69 28 370 
14 54 21 6 197 
42 56 7 55 74 
35 68 11 82 95 
92 62 3 95 783 
43 44 4 79 756 
51 44 81 35 624 
60 29 61 20 554 
65 6 44 100 520 
64 18 79 94 703 
58 55 41 13 419 
21 39 76 32 34 
72 52 44 14 614 
99 77 74 79 417 
8 9 94 14 398 
89 21 5 32 281 
27 66 12 93 302 
98 5 70 84 468 
23 55 30 16 798 
15 64 32 25 542 
89 46 2 43 656 
51 64 29 64 527 
2 36 46 98 642 
8 42 53 77 650 
96 9 92 22 250 
55 80 80 17 293 
27 91 82 66 389 
83 66 71 13 718 
36 78 8 20 465 
88 11 34 37 752 
75 13 57 46 588 
82 56 82 12 225 
73 85 14 28 323 
14 56 83 51 795 
43 72 42 89 373 
20 3 74 65 359 
46 48 45 24 513 
17 35 38 94 555 
29 86 61 85 144 
53 66 82 80 369 
34 30 85 40 415 
5 72 70 100 438 
81 84 20 69 678 
26 42 92 66 205 
80 20 91 83 576 
60 13 59 71 776 
57 23 96 20 97 
18 65 7 74 491 
46 67 40 40 729 
46 68 94 2 761 
12 76 18 55 545 
16 41 5 69 760 
93 15 101 5 805 
59 91 102 57 545 
64 37 20 5 659 
15 82 53 93 214 
93 21 58 78 694 
83 7 42 53 796 
79 62 40 81 562 
33 68 37 41 265 
58 68 40 36 260 
77 58 15 75 437 
36 90 13 43 16 
74 59 25 20 144 
54 51 51 59 730 
3 99 42 37 408 
49 47 14 61 576 
27 84 25 46 82 
28 95 69 100 517 
92 51 99 79 790 
76 45 19 24 658 
9 20 82 46 248 
81 18 80 25 53 
92 78 54 72 628 
93 36 81 10 748 
61 83 53 96 816 
55 101 65 40 622 
6 30 92 81 520 
9 3 81 16 256 
12 17 47 93 602 
16 99 29 102 52 
42 67 11 32 178 
28 69 88 46 634 
81 55 42 49 19 
64 88 75 9 570 
91 58 66 79 668 
46 39 62 22 705 
58 74 65 34 300 
42 21 62 59 312 
42 17 36 38 424 
59 77 100 91 98 
30 26 22 32 140 
86 2 34 50 634 
91 9 68 60 181 
9 93 10 12 511 
45 28 18 71 242 
76 23 30 27 208 
71 41 72 11 482 
34 54 34 17 431 
41 89 13 81 401 
35 51 79 17 365 
68 68 90 29 560 
3 9 54 3 350 
65 74 9 25 69 
53 39 59 101 733 
57 60 96 59 190 
58 17 39 22 785 
27 47 15 83 485 
5 52 46 42 472 
27 2 34 74 734 
69 82 90 73 804 
99 94 80 27 728 
10 75 33 6 101 
88 72 34 7 147 
20 61 28 66 44 
2 95 19 43 529 
57 28 24 70 458 
78 29 68 23 812 
35 69 91 93 420 
32 22 42 30 583 
57 70 29 56 586 
10 56 27 68 804 
6 76 39 62 281 
84 53 65 50 294 
62 6 13 7 691 
