6 2
250
59 82 44 90 23 52 284 
65 35 53 9 81 42 263 
30 90 47 94 32 98 334 
61 69 60 90 25 70 340 
89 73 33 41 23 71 381 
74 49 76 64 51 74 315 
3 96 5 14 46 81 181 
4 5 80 95 46 37 397 
15 85 102 100 83 88 313 
64 22 70 60 72 73 231 
43 72 32 83 26 7 238 
75 58 78 81 91 41 348 
70 55 47 79 36 98 242 
65 77 66 70 87 2 160 
77 36 56 76 10 90 246 
34 50 15 21 32 41 163 
29 26 21 94 49 93 384 
69 25 83 38 77 99 318 
97 68 15 41 6 21 401 
23 24 7 83 53 27 148 
7 35 60 6 59 21 148 
53 46 78 40 11 47 33 
14 76 40 35 92 84 152 
84 101 82 28 22 43 27 
4 16 12 98 69 60 252 
92 24 34 20 80 44 181 
24 39 3 97 76 93 42 
50 69 50 63 45 101 98 
35 80 80 39 80 32 204 
32 67 45 45 89 48 89 
53 8 17 15 42 95 245 
64 82 33 48 53 98 218 
49 64 37 26 61 40 233 
47 55 84 102 14 96 373 
74 60 55 90 47 90 397 
63 36 50 4 8 66 291 
100 50 93 30 36 99 340 
5 10 21 30 10 66 28 
55 35 15 30 100 70 368 
23 80 60 8 10 58 350 
31 88 24 55 76 88 190 
8 93 74 80 100 10 280 
52 36 62 38 26 93 36 
3 37 76 10 97 83 314 
72 35 24 28 43 99 305 
24 99 77 36 81 62 193 
44 43 52 3 62 24 292 
46 100 72 86 67 79 115 
53 50 47 81 7 71 149 
60 53 55 58 13 96 117 
39 87 5 47 33 63 240 
96 26 9 37 61 8 106 
37 54 44 78 22 49 289 
51 32 57 76 93 13 342 
93 99 46 51 30 45 31 
14 69 41 36 18 71 233 
26 40 46 47 66 13 97 
101 13 82 93 49 60 359 
58 50 73 42 52 77 17 
29 64 88 34 64 20 93 
87 5 44 6 79 16 105 
94 12 31 29 2 62 376 
88 66 60 83 88 21 232 
21 69 96 68 96 55 397 
78 61 16 3 94 3 57 
9 40 89 72 46 65 262 
40 44 15 52 16 14 166 
100 29 53 79 101 68 271 
38 51 39 85 63 30 66 
54 17 27 10 62 81 322 
29 73 13 44 59 95 332 
27 82 19 82 44 59 317 
33 65 27 95 37 49 293 
91 52 89 85 37 50 350 
29 90 43 57 35 64 292 
59 42 37 45 75 87 45 
71 23 5 21 73 40 86 
54 3 18 26 33 9 155 
23 26 61 24 46 97 401 
94 77 27 11 97 8 305 
25 91 52 64 64 63 84 
31 86 66 65 12 67 305 
89 28 32 4 56 36 148 
18 79 23 31 92 15 313 
48 79 12 78 34 48 123 
13 68 64 71 48 19 372 
42 96 61 36 32 26 21 
51 97 9 43 75 41 29 
15 31 35 74 50 46 342 
9 56 89 80 21 47 311 
62 70 34 10 18 47 310 
85 64 97 61 91 74 392 
84 5 37 61 9 25 402 
38 31 99 100 76 9 138 
42 74 58 13 81 30 364 
29 77 35 58 96 33 125 
70 40 15 62 74 90 101 
53 54 21 14 23 80 100 
41 38 12 44 39 45 176 
92 41 50 12 46 9 227 
30 4 5 15 95 70 280 
93 86 41 4 22 11 361 
22 39 101 60 53 67 359 
41 25 16 59 90 90 318 
102 67 52 30 83 71 95 
51 18 100 30 12 58 197 
54 73 42 20 35 56 285 
4 51 54 95 44 70 365 
81 91 59 7 83 93 373 
21 91 76 41 42 67 290 
23 3 31 43 11 42 357 
54 76 41 57 35 10 399 
18 100 38 41 3 36 285 
29 44 26 31 67 59 135 
85 69 81 95 91 101 330 
50 25 53 35 30 4 115 
17 19 52 50 85 95 13 
93 40 102 41 34 3 382 
61 8 14 46 85 56 283 
9 62 64 46 11 19 281 
77 86 8 76 34 44 51 
26 75 83 84 65 32 374 
31 81 56 59 100 89 361 
19 41 90 46 50 61 37 
59 91 6 75 78 36 66 
56 96 68 2 61 83 143 
34 33 64 22 26 80 319 
83 10 89 14 32 82 239 
47 20 31 86 85 6 275 
87 80 11 89 98 78 305 
87 90 59 40 8 56 345 
10 29 26 25 83 33 309 
83 19 64 49 56 59 38 
78 39 18 78 80 69 195 
56 55 35 30 4 5 393 
22 32 76 26 28 76 153 
93 7 63 4 75 94 19 
62 50 42 44 20 68 40 
53 43 64 30 88 39 222 
76 94 97 81 29 81 248 
90 90 25 29 85 74 346 
34 58 76 7 78 45 381 
7 94 87 85 40 89 280 
91 14 98 42 39 85 70 
15 67 25 48 14 46 298 
62 20 17 37 96 27 81 
87 90 25 13 95 63 283 
101 12 98 92 94 94 403 
78 29 89 48 91 70 78 
92 54 61 65 102 22 186 
77 72 50 46 64 51 17 
26 74 31 46 24 50 59 
57 29 58 22 53 76 341 
93 30 91 7 59 3 386 
38 67 49 96 43 26 102 
41 50 48 32 45 97 215 
56 60 4 69 22 7 145 
27 4 46 50 48 64 341 
45 61 41 7 50 11 357 
10 84 52 83 25 91 66 
81 13 91 10 81 33 151 
72 89 40 38 98 61 48 
64 6 47 96 64 43 394 
91 9 27 97 88 67 191 
77 54 88 99 18 21 190 
94 56 42 69 33 49 298 
74 3 71 55 52 78 188 
81 7 89 63 50 21 367 
6 67 16 95 68 92 385 
37 54 42 82 42 67 287 
51 7 29 33 97 26 69 
8 58 44 39 91 3 394 
49 101 38 70 2 59 361 
92 28 76 67 58 81 155 
50 31 74 12 13 78 122 
101 61 32 55 97 75 397 
10 74 59 79 92 100 357 
56 6 15 42 10 84 245 
81 55 68 40 47 81 238 
29 72 29 80 27 69 196 
41 8 16 7 85 93 332 
56 19 90 69 83 52 386 
28 62 72 5 96 72 83 
8 65 17 53 97 41 333 
4 32 101 67 33 42 61 
100 101 37 27 93 81 104 
38 80 74 66 31 66 7 
12 59 77 33 99 30 136 
45 101 56 90 54 102 214 
90 91 4 53 12 82 115 
63 37 80 5 93 97 287 
87 46 89 68 78 82 374 
74 27 35 35 14 83 225 
102 82 39 41 81 75 197 
91 71 15 20 86 75 202 
24 99 30 8 35 65 235 
57 70 24 78 21 63 65 
66 71 19 100 101 75 251 
57 43 66 14 24 24 393 
76 75 50 94 9 44 208 
30 7 29 81 21 99 182 
14 17 65 62 14 34 102 
2 98 22 87 2 90 274 
58 66 96 13 43 63 332 
96 76 86 14 20 67 152 
66 93 21 82 78 19 174 
28 4 54 11 92 74 301 
79 30 9 9 56 86 291 
42 35 70 80 38 65 75 
43 80 50 96 70 90 148 
7 2 7 26 73 26 126 
65 44 4 53 92 9 71 
48 79 7 66 83 68 100 
60 53 4 42 56 26 347 
25 7 17 24 86 40 294 
30 4 85 85 61 43 316 
93 68 29 48 58 3 388 
3 45 33 89 24 14 196 
51 5 87 19 2 47 163 
39 89 31 8 72 47 74 
77 24 82 24 27 49 271 
87 77 95 100 25 92 94 
64 86 38 64 28 26 322 
101 100 68 61 97 40 223 
81 101 43 88 58 79 105 
22 52 67 99 67 83 262 
30 93 21 79 57 19 307 
4 95 46 46 23 41 310 
26 16 65 32 11 14 25 
78 54 14 70 15 99 170 
36 73 67 63 45 17 292 
9 49 85 42 23 81 315 
8 99 44 37 40 52 392 
38 4 69 58 72 61 211 
41 9 11 44 22 36 279 
24 80 86 80 26 6 74 
69 82 92 90 35 30 289 
57 73 35 77 50 47 399 
71 100 6 75 58 22 277 
43 76 99 3 48 11 341 
21 60 59 16 47 80 284 
24 79 70 39 32 83 342 
38 78 70 74 90 73 218 
82 81 7 70 87 52 108 
9 95 89 89 22 89 150 
15 78 63 4 69 31 193 
23 39 38 28 41 86 22 
99 31 31 59 40 32 158 
81 54 48 63 30 45 64 
86 82 52 12 96 49 97 
