2 4
250
15 98 210 
65 65 561 
89 17 787 
39 5 618 
48 45 633 
53 86 316 
29 18 671 
25 68 293 
34 26 213 
54 89 221 
55 5 29 
31 58 538 
75 11 745 
70 3 747 
16 33 450 
79 30 499 
64 67 460 
85 66 812 
62 92 250 
92 33 321 
45 37 231 
72 86 811 
74 20 706 
14 80 611 
49 61 127 
93 12 286 
83 58 782 
67 92 182 
73 72 318 
6 70 547 
37 85 644 
54 28 532 
65 46 378 
58 6 88 
77 52 709 
83 38 47 
86 72 652 
98 11 611 
45 80 373 
8 101 119 
63 71 404 
22 78 770 
98 97 272 
52 29 535 
91 27 420 
87 92 324 
37 91 282 
35 22 806 
89 42 608 
6 11 392 
22 59 371 
34 97 292 
63 57 604 
94 88 332 
74 36 346 
16 9 685 
25 60 714 
8 73 81 
82 29 401 
53 35 300 
22 94 705 
87 33 572 
22 59 247 
18 26 289 
68 45 32 
96 63 698 
59 75 270 
93 83 414 
62 16 708 
38 54 552 
89 13 185 
39 75 764 
56 89 31 
74 96 408 
56 10 280 
54 42 228 
8 88 545 
66 96 489 
6 31 94 
38 27 139 
85 87 43 
64 31 111 
15 30 574 
12 42 600 
84 86 641 
85 39 595 
18 10 599 
61 32 538 
3 25 137 
65 36 353 
84 20 511 
89 91 81 
47 93 642 
23 41 101 
59 98 378 
95 84 81 
83 23 756 
40 21 136 
46 26 449 
41 64 52 
99 52 770 
29 30 178 
13 97 779 
71 40 372 
96 98 562 
63 3 276 
22 10 338 
9 83 110 
53 46 806 
48 45 527 
57 8 244 
74 26 729 
20 32 557 
27 84 706 
16 15 672 
49 46 196 
50 84 189 
23 22 440 
67 92 562 
83 79 686 
25 67 426 
33 16 267 
18 24 584 
82 45 581 
67 97 210 
57 95 562 
33 5 812 
77 100 496 
44 35 702 
78 10 282 
22 39 439 
86 4 143 
36 85 803 
52 34 185 
54 70 322 
54 58 203 
30 12 791 
102 52 599 
86 50 544 
93 92 658 
49 42 117 
39 61 53 
20 83 760 
10 23 81 
72 83 586 
79 25 248 
23 92 634 
63 50 797 
39 23 710 
82 102 442 
53 45 764 
20 5 750 
10 17 76 
35 36 608 
34 22 730 
89 32 562 
4 9 205 
38 72 814 
5 87 750 
18 102 316 
21 39 667 
41 59 635 
18 54 637 
82 71 64 
23 90 454 
5 32 227 
10 52 742 
20 81 752 
31 16 594 
96 17 147 
102 94 128 
73 16 792 
95 95 512 
14 73 630 
93 24 318 
19 17 667 
46 102 456 
66 10 404 
50 3 478 
92 12 353 
7 24 307 
62 82 627 
94 53 610 
61 13 303 
67 99 645 
16 30 465 
55 14 809 
93 52 127 
64 38 683 
68 25 104 
40 5 676 
21 9 401 
42 32 344 
64 27 528 
9 88 727 
21 101 97 
72 36 601 
4 38 800 
46 16 593 
24 100 361 
95 28 227 
64 22 63 
56 47 733 
32 76 792 
17 93 707 
37 86 522 
28 45 297 
74 98 728 
41 39 548 
87 77 758 
78 19 264 
100 71 808 
39 47 537 
84 67 441 
24 42 487 
79 89 366 
13 12 243 
11 98 451 
10 23 251 
41 25 679 
42 71 572 
99 56 464 
67 19 186 
90 100 323 
100 47 640 
84 52 452 
32 64 411 
24 75 538 
65 70 178 
79 92 389 
70 100 178 
85 43 778 
86 27 706 
5 14 569 
24 26 99 
92 13 417 
79 28 582 
77 11 496 
35 20 785 
6 36 704 
37 90 223 
77 21 809 
20 18 31 
85 100 207 
71 29 415 
83 2 405 
56 75 465 
73 2 526 
78 95 730 
63 52 190 
