2 6
250
51 44 368 
17 47 804 
62 91 864 
57 3 1006 
49 54 1174 
30 21 316 
93 16 172 
32 4 625 
72 64 589 
77 73 664 
11 17 710 
56 35 49 
68 16 1157 
93 25 1025 
76 82 1083 
63 9 498 
60 46 131 
4 58 130 
45 21 488 
81 47 1012 
20 88 223 
18 48 1057 
26 95 230 
94 64 74 
33 2 1118 
32 59 274 
65 11 681 
9 19 320 
46 9 718 
49 13 174 
66 89 842 
14 75 461 
68 59 410 
4 39 178 
24 68 1011 
7 73 688 
21 15 767 
20 18 437 
29 12 841 
94 75 480 
30 79 1002 
7 30 913 
39 21 335 
56 67 1218 
91 62 887 
43 88 628 
46 41 444 
4 30 1193 
53 48 869 
35 87 771 
71 76 1035 
96 76 737 
35 19 463 
10 69 633 
31 67 596 
65 31 686 
65 88 302 
19 51 413 
5 27 594 
86 55 999 
6 6 424 
66 87 1115 
17 97 1052 
14 11 835 
15 38 878 
87 76 769 
51 90 218 
17 72 1208 
40 53 307 
53 93 603 
14 50 787 
58 6 776 
19 67 987 
60 50 420 
72 53 948 
58 6 161 
64 20 634 
88 38 793 
66 91 419 
38 28 409 
68 66 42 
39 3 741 
6 59 383 
10 69 111 
84 93 493 
85 47 237 
23 84 583 
14 91 892 
99 28 154 
102 94 195 
31 83 474 
49 93 1029 
33 35 614 
19 54 571 
84 56 625 
45 5 545 
27 82 536 
17 17 539 
88 56 921 
32 41 914 
50 6 799 
17 81 1056 
72 37 1222 
58 55 144 
71 6 363 
3 32 433 
24 57 278 
70 77 145 
74 16 817 
97 64 458 
11 2 1149 
77 71 589 
83 68 912 
67 75 841 
47 70 343 
34 48 127 
16 87 296 
42 11 1038 
54 82 362 
55 45 794 
22 78 898 
65 49 638 
20 96 436 
84 22 779 
63 59 1005 
56 25 82 
86 42 841 
58 82 940 
15 71 1126 
11 25 1088 
21 30 285 
12 47 1187 
97 84 259 
78 16 638 
77 35 798 
62 81 629 
5 100 693 
25 72 42 
98 65 1168 
99 51 962 
62 11 861 
49 65 1122 
42 53 149 
87 61 508 
87 10 317 
19 84 579 
14 55 1097 
43 8 311 
34 98 715 
22 16 1005 
4 101 403 
45 18 71 
84 30 857 
75 22 346 
41 20 485 
17 39 754 
79 82 995 
50 87 1181 
91 21 29 
47 16 825 
35 22 461 
32 85 732 
11 45 1130 
22 37 658 
79 40 403 
63 3 1086 
88 19 713 
99 44 417 
3 55 173 
38 56 1178 
5 39 172 
5 42 1218 
93 11 419 
82 9 1157 
71 59 547 
30 73 572 
66 29 224 
16 61 1187 
11 39 956 
6 31 369 
48 74 1094 
98 19 1202 
42 77 1200 
35 73 1124 
57 8 133 
66 29 1041 
91 75 1011 
69 75 321 
80 92 949 
19 95 45 
23 89 984 
6 36 422 
7 75 499 
48 90 1179 
51 32 694 
28 61 651 
88 48 113 
95 16 684 
50 81 1217 
65 20 330 
23 25 994 
97 14 1026 
13 52 884 
78 61 665 
46 45 1046 
88 21 521 
71 54 380 
26 33 587 
96 30 892 
27 59 679 
37 44 678 
16 28 795 
17 56 227 
75 17 105 
83 12 1065 
57 51 873 
72 63 733 
59 96 811 
98 98 1129 
35 2 1022 
13 89 1149 
19 43 205 
101 33 210 
22 73 791 
26 99 453 
25 45 254 
63 42 977 
4 56 1167 
98 80 591 
91 20 364 
75 84 661 
37 64 343 
17 66 840 
72 58 223 
56 52 1103 
97 35 1189 
31 75 647 
74 74 741 
6 11 403 
101 23 778 
70 12 155 
89 50 1094 
13 91 426 
11 10 970 
54 92 1025 
64 49 54 
7 2 550 
53 62 548 
79 3 116 
95 33 645 
