6 8
250
14 63 60 12 37 23 1167 
47 76 44 96 13 12 397 
51 83 24 55 53 52 1293 
24 26 9 7 56 18 1150 
51 41 34 49 69 69 1362 
43 42 45 29 19 46 591 
77 88 29 25 20 17 106 
67 21 7 58 22 60 1457 
39 53 7 83 7 3 1575 
37 12 49 47 44 43 128 
43 81 28 36 8 45 770 
40 82 84 38 3 66 1362 
22 30 93 49 11 96 80 
91 40 48 14 45 42 659 
78 81 80 77 77 101 399 
42 80 24 16 17 44 1603 
73 25 47 6 39 15 246 
84 59 100 35 49 5 845 
43 82 24 65 5 9 1022 
3 6 63 28 67 61 1309 
51 71 35 96 54 9 294 
18 3 9 8 29 27 1531 
24 82 44 30 98 75 1615 
100 102 53 14 37 38 1145 
20 86 80 74 56 37 534 
90 68 41 97 98 36 415 
81 17 60 79 83 71 1283 
27 21 100 72 88 83 835 
71 84 84 19 73 50 1590 
19 31 36 75 93 63 563 
16 4 36 101 41 76 313 
87 95 37 56 69 94 1527 
66 82 4 70 55 84 309 
86 59 80 27 88 30 1008 
88 26 6 93 10 46 168 
19 67 72 50 10 34 1382 
91 49 65 6 58 6 866 
52 34 7 39 82 18 504 
47 58 76 55 48 59 1616 
71 33 65 61 49 85 779 
17 34 22 48 52 36 1544 
12 17 23 32 26 11 586 
93 101 56 30 31 81 1171 
11 98 97 64 77 88 323 
18 102 47 11 23 7 565 
3 87 93 32 83 38 570 
43 55 25 24 51 65 1271 
34 11 33 21 6 78 103 
37 27 86 77 51 77 1531 
17 78 23 6 5 3 1485 
16 64 100 49 45 39 1115 
45 74 42 28 24 44 1384 
93 15 92 19 31 30 1064 
62 10 57 35 63 43 418 
78 4 20 47 64 89 291 
49 36 74 63 41 40 1500 
55 45 51 28 35 11 404 
65 33 89 76 75 28 881 
57 45 16 84 98 45 1097 
71 24 83 63 57 69 713 
82 21 58 92 92 75 109 
66 8 9 30 34 3 218 
74 33 73 91 63 66 1503 
93 59 81 45 97 27 1371 
23 70 67 80 44 83 1357 
14 33 86 85 55 49 1481 
38 9 56 66 44 56 1599 
93 12 74 96 5 54 1452 
63 79 49 97 51 25 703 
40 43 52 92 22 32 969 
2 90 8 10 18 3 894 
52 27 81 55 73 88 488 
60 96 86 41 31 96 832 
56 38 89 6 27 50 1595 
68 6 76 24 26 41 1489 
24 67 87 89 52 36 189 
54 70 44 80 39 15 1310 
50 68 53 92 38 10 756 
53 21 6 94 56 59 1365 
23 7 33 49 49 41 591 
30 101 54 81 62 41 23 
70 47 28 90 37 19 306 
40 24 34 90 32 47 1158 
48 83 97 99 79 30 512 
65 13 33 91 77 46 316 
69 102 13 78 71 47 1352 
76 80 5 21 42 67 1362 
85 102 61 19 96 67 1335 
20 59 84 85 14 72 98 
37 98 101 62 75 101 1149 
25 22 14 63 2 90 1188 
5 94 80 40 65 50 1296 
13 74 74 83 81 39 813 
45 31 95 59 77 79 641 
85 6 61 68 68 15 989 
81 49 58 96 79 11 240 
67 7 47 51 24 28 382 
26 29 81 97 64 23 1296 
94 21 6 27 13 36 335 
90 21 74 99 37 21 524 
27 18 89 4 30 37 1282 
26 50 11 55 52 18 960 
79 82 74 6 94 83 1428 
30 54 70 68 77 96 1258 
88 75 53 89 10 93 1620 
14 94 95 35 87 3 1102 
73 97 74 63 20 64 176 
41 102 96 44 40 46 1569 
65 21 38 55 43 3 631 
77 59 68 45 27 62 1068 
90 81 72 9 82 22 946 
59 98 7 60 35 68 759 
75 60 47 72 49 5 786 
75 59 82 46 101 31 1564 
40 9 20 95 4 47 832 
23 26 38 59 26 40 102 
25 32 97 10 37 94 22 
102 23 75 80 58 19 257 
24 92 64 83 93 64 323 
92 90 66 32 23 98 853 
36 11 14 24 67 44 815 
29 87 38 66 39 97 617 
88 47 17 48 30 37 1626 
36 75 79 35 78 88 540 
45 33 80 16 99 51 1077 
14 63 57 94 77 68 1548 
7 28 18 56 70 84 69 
45 51 87 95 62 55 5 
38 38 91 91 58 19 1371 
56 60 52 42 48 74 1205 
86 62 56 55 71 7 474 
49 62 81 11 6 31 1632 
84 95 23 38 98 68 1237 
27 68 5 22 51 13 829 
70 68 16 24 12 32 957 
91 32 42 93 50 73 1458 
77 12 82 53 90 86 1178 
67 32 6 51 8 100 971 
96 53 35 23 96 80 1277 
96 67 89 96 101 43 1520 
65 82 47 51 97 88 806 
58 25 71 63 29 81 66 
38 13 75 6 34 101 1550 
81 9 72 56 95 13 1325 
48 96 59 91 45 81 28 
51 60 2 14 14 12 616 
31 66 62 69 102 76 946 
56 16 92 68 44 100 1370 
75 77 97 3 77 70 175 
31 14 73 86 102 4 1425 
54 75 95 23 91 59 821 
45 13 89 95 39 25 1493 
82 69 25 2 83 20 1243 
85 8 12 38 44 29 1629 
55 90 85 2 74 73 32 
43 99 48 55 43 36 487 
66 10 10 40 47 21 801 
47 50 86 21 87 13 1127 
69 85 86 49 32 52 1479 
24 6 95 67 55 92 635 
71 79 49 42 86 48 307 
100 4 100 99 10 53 127 
42 101 83 89 61 35 1212 
17 63 8 13 85 41 688 
6 17 75 94 32 12 1232 
73 39 81 3 67 52 1130 
83 88 52 24 102 85 1348 
7 14 80 95 59 67 892 
18 42 31 3 9 79 1532 
89 27 7 80 43 34 1125 
64 5 89 97 85 7 561 
77 59 90 86 58 62 1606 
4 98 101 75 48 23 897 
99 51 102 60 76 77 1519 
64 47 46 61 53 16 718 
12 93 100 76 62 22 673 
86 43 19 53 19 97 1388 
31 7 8 97 13 16 1057 
55 89 39 11 32 43 214 
13 47 26 8 48 57 1517 
6 3 101 88 3 16 214 
11 84 9 59 82 10 540 
42 40 66 41 102 81 920 
7 63 67 32 81 30 1181 
98 95 47 73 43 94 403 
6 9 11 13 2 54 728 
6 32 54 52 35 82 1170 
8 62 68 48 77 39 1629 
42 35 58 23 88 43 204 
92 63 87 41 18 10 579 
33 57 30 101 29 14 6 
33 15 82 48 50 3 1466 
34 81 27 68 57 27 1056 
76 55 91 17 13 34 241 
71 69 13 19 74 38 1226 
8 40 49 50 27 102 147 
23 78 78 39 42 25 935 
84 62 76 63 86 73 943 
4 41 87 18 82 88 1009 
48 71 31 79 66 17 438 
43 80 20 33 27 58 865 
79 16 79 73 12 59 1414 
9 39 59 90 68 19 62 
101 64 33 47 16 49 1223 
9 49 63 78 10 32 676 
84 58 32 60 17 7 411 
27 9 47 72 30 77 633 
34 74 91 101 99 25 690 
18 88 87 13 11 80 1143 
69 19 97 4 29 47 410 
83 29 32 53 15 81 1203 
57 88 77 88 74 38 1221 
77 74 79 12 9 101 1074 
72 47 49 8 29 57 950 
93 52 70 3 32 16 829 
48 61 50 87 46 71 1003 
2 12 27 39 44 97 1506 
46 21 93 22 48 61 191 
84 85 46 88 26 17 1043 
38 9 87 44 24 26 479 
15 31 28 65 33 6 1137 
36 24 72 87 62 68 759 
33 79 84 86 56 41 1037 
78 6 101 23 55 100 1046 
6 43 97 21 73 65 512 
92 68 58 18 57 44 781 
63 77 3 66 52 19 78 
32 5 60 70 87 68 600 
27 29 44 80 9 8 500 
83 77 68 91 5 17 675 
13 27 70 102 99 18 256 
31 100 59 5 82 61 1209 
39 38 53 88 99 97 1069 
41 16 40 50 38 19 1301 
102 37 77 49 4 65 297 
80 92 71 90 52 23 1561 
30 87 76 29 48 58 714 
41 16 5 8 23 78 1184 
13 32 53 63 100 38 478 
65 84 59 80 98 58 971 
48 85 101 49 75 72 175 
31 66 23 92 63 38 1002 
23 74 43 84 90 48 1098 
62 19 29 54 87 68 1065 
5 19 51 52 3 86 1502 
34 6 61 49 8 64 1329 
68 32 73 40 102 70 693 
12 18 98 10 12 94 1419 
68 74 97 90 5 47 436 
49 74 42 62 54 71 1454 
