2 8
250
21 27 244 
89 48 409 
6 69 481 
35 31 1604 
35 18 1467 
83 27 1596 
37 14 1082 
37 11 955 
47 26 554 
50 71 821 
96 85 83 
68 5 481 
94 81 782 
100 3 779 
91 99 201 
63 10 816 
89 82 836 
9 57 1503 
7 86 273 
58 45 364 
93 58 1598 
81 41 758 
95 70 217 
62 91 751 
52 39 179 
21 48 192 
48 86 258 
86 63 1443 
101 89 451 
15 63 303 
15 38 604 
28 9 730 
52 12 940 
68 70 664 
39 29 1496 
7 59 297 
83 88 630 
7 12 958 
9 9 1553 
12 82 857 
21 82 116 
97 50 860 
11 26 496 
68 71 583 
56 82 264 
77 49 556 
99 96 487 
11 34 1216 
82 10 424 
80 21 1626 
51 42 491 
7 49 1426 
36 44 1293 
41 98 537 
90 17 288 
5 53 488 
45 33 980 
63 15 1406 
25 11 796 
34 17 650 
29 33 88 
33 19 466 
8 51 545 
31 43 87 
57 60 1595 
99 24 275 
59 79 932 
98 38 1430 
42 90 450 
46 84 615 
41 3 444 
41 14 1068 
30 59 1603 
91 99 31 
98 16 1468 
57 8 901 
90 28 1433 
34 78 619 
85 33 1551 
20 93 466 
3 64 1089 
98 92 659 
80 17 741 
34 71 1051 
21 70 1301 
57 102 358 
100 87 1336 
74 57 924 
52 9 420 
91 59 1332 
72 12 1082 
72 90 581 
37 3 391 
52 79 1487 
12 58 922 
25 15 125 
60 29 509 
75 22 100 
49 31 104 
12 48 1359 
17 91 957 
66 64 971 
100 51 1304 
46 22 1613 
100 50 136 
93 65 1622 
2 28 1523 
20 33 479 
53 99 1469 
62 25 970 
31 27 896 
43 37 1434 
35 48 1536 
99 27 1056 
30 16 120 
34 77 1175 
100 58 1079 
9 12 321 
92 99 944 
31 15 1057 
71 40 421 
23 17 1555 
46 59 215 
22 60 271 
7 5 18 
31 92 280 
24 20 362 
20 64 1096 
95 24 245 
37 53 627 
32 5 537 
31 30 1429 
41 9 1619 
14 90 292 
61 79 1595 
52 4 114 
21 63 103 
43 9 1551 
45 53 1230 
61 29 1508 
82 11 111 
77 92 900 
86 78 1234 
15 92 1359 
20 12 489 
6 61 1388 
71 46 343 
10 19 1459 
34 91 1563 
40 89 1243 
14 82 1305 
9 34 1302 
13 86 1422 
45 68 421 
33 7 1168 
25 25 1588 
67 40 1505 
92 91 1363 
73 74 1499 
19 45 18 
61 48 1454 
101 3 156 
5 13 1279 
52 95 1225 
100 29 1270 
97 79 191 
20 11 1084 
100 75 791 
86 24 1487 
98 37 970 
90 96 680 
88 85 330 
39 34 67 
64 22 195 
21 17 738 
19 94 1020 
8 78 1558 
82 102 544 
37 63 1194 
43 18 1293 
20 9 1236 
21 64 1623 
35 14 709 
60 61 736 
10 58 1464 
57 81 941 
5 69 484 
31 93 966 
66 10 1537 
10 54 370 
49 98 266 
27 46 210 
38 2 862 
48 86 1316 
21 50 289 
52 75 717 
46 82 1328 
18 39 799 
52 92 263 
19 57 893 
7 27 984 
23 13 1024 
31 85 195 
79 20 1298 
7 60 1354 
51 12 698 
44 15 572 
52 67 1168 
43 34 955 
69 77 887 
99 22 735 
100 42 959 
22 100 613 
57 24 1465 
34 69 1007 
4 13 1306 
68 3 1305 
75 77 679 
22 57 984 
91 82 1291 
6 64 129 
60 82 1611 
37 9 280 
26 31 188 
7 89 1499 
47 20 1603 
12 41 342 
80 3 1215 
76 25 731 
5 80 1396 
100 34 306 
60 53 982 
84 77 1410 
65 69 67 
65 44 1177 
71 70 1441 
52 76 600 
64 81 658 
60 28 983 
35 85 929 
56 33 462 
34 28 1583 
95 49 589 
34 65 715 
14 49 1176 
19 18 973 
4 8 903 
58 56 67 
51 38 862 
80 2 407 
