4 2
250
33 30 17 71 2 
10 47 32 69 10 
33 36 77 23 326 
51 65 86 60 232 
71 64 6 97 270 
16 40 55 87 217 
17 13 60 44 163 
11 31 19 34 127 
57 50 76 77 270 
42 84 10 24 347 
72 13 67 13 260 
70 26 22 5 350 
73 94 47 16 357 
22 78 35 83 288 
22 48 54 29 10 
23 91 32 31 106 
34 32 33 2 338 
6 48 49 80 292 
88 11 16 48 246 
65 5 61 89 187 
66 51 29 53 265 
26 61 40 11 174 
81 96 93 79 221 
43 63 47 34 341 
76 31 57 12 345 
13 34 7 69 162 
20 32 45 85 252 
85 6 82 38 240 
47 10 40 38 377 
94 19 39 94 82 
4 60 29 6 290 
37 97 19 69 218 
94 56 72 71 99 
52 53 10 17 291 
39 83 11 75 158 
68 93 21 19 377 
96 96 15 50 154 
62 4 41 14 109 
90 89 15 84 271 
93 40 71 14 175 
43 11 24 23 338 
23 51 56 67 22 
47 78 102 76 242 
100 43 25 34 262 
49 14 98 91 339 
52 70 28 9 194 
30 23 8 77 211 
87 74 94 67 71 
13 50 76 9 334 
14 89 41 25 278 
53 17 39 50 389 
31 15 35 40 134 
54 25 49 20 313 
25 72 27 25 303 
28 51 60 17 219 
101 40 91 9 290 
65 32 5 41 395 
15 86 60 81 94 
74 41 55 34 264 
90 2 58 33 239 
45 64 18 51 172 
3 59 25 97 391 
93 26 28 69 283 
25 22 10 23 260 
41 13 48 2 12 
89 98 27 52 268 
101 84 60 51 117 
3 16 56 99 389 
58 63 66 85 132 
49 16 88 65 171 
70 94 37 69 79 
33 18 18 49 226 
8 34 74 31 395 
10 68 79 41 279 
11 68 13 28 33 
80 50 64 70 226 
75 12 64 11 398 
9 50 93 32 396 
87 100 9 44 366 
26 91 36 89 98 
83 38 49 97 134 
4 83 11 61 169 
86 56 49 94 335 
98 71 65 34 367 
63 77 49 44 341 
13 61 71 38 341 
91 15 78 47 303 
39 65 69 78 390 
28 41 34 91 57 
33 53 17 62 382 
57 28 5 99 257 
8 91 7 14 91 
45 14 74 78 214 
72 80 4 20 186 
35 4 89 38 261 
24 46 61 31 216 
61 46 11 45 119 
65 13 81 84 280 
50 60 58 56 214 
16 68 58 38 178 
54 51 100 16 247 
54 41 69 35 169 
64 32 78 61 256 
102 4 32 49 366 
62 101 23 51 399 
77 49 35 86 203 
57 90 25 88 4 
13 48 97 84 312 
25 46 48 43 28 
20 84 99 94 215 
14 39 11 49 341 
55 30 51 19 349 
8 8 85 85 350 
76 10 92 61 213 
56 9 50 73 271 
18 55 82 45 328 
95 52 43 33 154 
21 81 78 4 195 
84 99 80 99 288 
19 63 65 57 133 
12 94 40 42 402 
7 91 40 82 277 
101 51 8 38 379 
58 67 53 48 273 
97 34 90 13 284 
59 31 53 2 202 
57 93 26 12 287 
2 14 3 35 136 
32 43 97 36 197 
36 93 44 6 61 
54 12 19 91 154 
80 6 29 72 170 
77 40 40 33 55 
11 26 98 68 378 
46 66 21 15 152 
56 38 56 65 146 
69 89 49 88 398 
47 76 38 75 375 
98 86 33 93 236 
93 5 66 23 162 
12 97 78 13 287 
90 93 6 54 342 
44 52 66 37 306 
90 94 55 36 277 
37 90 25 76 392 
62 35 29 58 187 
53 74 35 25 107 
74 14 37 17 41 
56 73 86 91 202 
49 22 99 19 285 
102 53 32 55 21 
23 73 3 17 43 
57 66 50 8 137 
73 19 43 11 13 
78 58 39 26 57 
66 6 36 27 203 
42 38 12 88 187 
2 44 82 21 21 
3 13 22 7 223 
92 25 80 58 322 
32 81 90 16 381 
45 15 8 42 167 
19 39 78 68 287 
21 56 64 62 137 
31 39 24 6 10 
67 38 34 72 97 
43 28 81 48 81 
63 50 98 94 11 
89 38 42 80 358 
66 37 56 37 146 
39 63 20 24 205 
95 59 86 14 116 
9 83 38 18 405 
93 60 32 48 41 
73 59 72 60 191 
95 99 46 18 158 
33 84 99 37 354 
83 11 58 98 110 
6 67 87 66 389 
7 101 26 81 394 
8 7 10 27 265 
82 93 61 78 231 
98 15 69 76 397 
27 86 4 32 77 
84 4 35 22 25 
8 75 7 65 168 
96 75 68 22 135 
28 76 74 72 31 
92 51 82 42 126 
93 99 13 69 289 
23 100 96 62 60 
6 73 90 22 241 
9 88 98 37 255 
25 49 50 43 292 
52 14 34 25 119 
35 24 96 91 60 
11 64 40 94 82 
98 81 8 8 121 
56 88 54 13 3 
6 55 47 80 35 
47 52 72 98 84 
11 68 73 33 331 
84 80 101 7 205 
47 50 6 17 271 
45 43 44 13 71 
66 62 23 24 104 
83 78 18 83 285 
61 93 44 74 47 
32 10 77 27 194 
79 89 49 63 224 
57 50 32 13 266 
6 10 61 81 230 
50 47 51 8 3 
8 64 20 37 372 
56 8 34 6 148 
37 68 19 66 166 
79 15 62 70 285 
34 48 7 18 270 
53 34 65 18 256 
87 61 71 26 170 
17 71 13 72 4 
51 18 28 77 123 
39 92 97 41 324 
37 88 83 38 279 
62 59 4 71 165 
24 45 18 44 210 
78 100 95 25 106 
10 4 92 69 85 
18 22 31 88 118 
63 39 26 39 114 
101 80 34 58 333 
60 69 44 32 321 
8 2 86 26 220 
42 99 74 15 292 
35 98 16 18 215 
42 30 18 43 324 
87 21 82 16 214 
101 67 39 43 278 
43 62 62 91 61 
18 38 7 35 363 
65 67 14 67 385 
5 65 18 6 173 
32 53 3 52 383 
89 23 72 74 225 
76 62 33 47 127 
75 38 28 3 152 
6 25 85 54 67 
21 9 17 22 201 
37 51 36 101 157 
92 60 12 97 113 
