6 6
250
9 67 42 83 72 47 842 
27 63 8 24 64 20 434 
71 98 98 49 77 19 887 
4 70 61 97 51 14 722 
93 47 3 65 98 26 212 
14 43 71 80 40 30 525 
32 52 62 31 86 79 290 
69 94 48 94 51 84 72 
99 83 88 23 35 12 421 
18 7 61 68 95 20 704 
57 29 71 40 91 32 880 
21 100 68 67 37 37 295 
55 57 73 49 44 13 184 
62 85 59 7 20 10 164 
47 3 65 93 61 68 153 
66 79 56 62 54 36 953 
85 22 58 99 77 12 775 
52 90 22 53 9 45 1157 
46 14 35 73 23 61 904 
99 5 76 78 71 14 1090 
80 19 89 92 80 39 946 
66 3 10 45 100 52 1167 
16 45 42 54 26 20 246 
67 24 90 33 77 6 1050 
19 84 23 7 101 76 876 
72 35 63 31 7 19 985 
13 27 30 25 11 80 1020 
61 36 26 48 96 71 157 
98 100 61 4 35 93 573 
20 89 40 101 78 26 534 
12 81 25 20 3 42 670 
99 62 10 69 28 4 704 
50 99 62 7 7 61 913 
37 4 29 74 28 36 1130 
40 92 26 35 57 42 603 
57 3 29 95 32 60 1212 
40 53 38 9 91 91 860 
92 80 97 73 67 71 924 
79 99 48 77 8 64 716 
72 87 36 73 65 10 1137 
98 34 14 78 3 78 1187 
53 93 67 39 46 24 596 
14 31 64 92 73 76 962 
6 84 21 26 98 43 834 
68 4 38 28 83 79 1140 
48 85 97 66 95 80 314 
8 83 40 63 42 12 703 
58 74 83 94 37 16 1131 
53 95 54 7 37 31 1044 
91 31 12 65 47 57 820 
48 69 27 79 97 55 1205 
3 83 64 57 33 13 129 
32 57 37 49 65 3 1161 
92 45 61 61 52 42 203 
54 29 100 98 56 92 120 
7 58 16 41 63 96 605 
14 91 52 6 20 77 727 
76 78 19 84 57 74 688 
25 68 21 48 15 84 607 
55 66 62 78 22 3 305 
101 22 9 4 9 47 951 
56 11 56 33 67 59 952 
54 83 16 102 20 55 1002 
92 98 96 51 14 102 720 
27 92 30 100 76 37 922 
58 11 82 50 29 80 849 
59 66 16 49 27 74 25 
85 48 79 4 49 45 108 
27 16 55 97 48 21 353 
21 28 36 93 25 4 1172 
74 36 54 94 77 15 406 
33 81 3 89 30 59 523 
46 53 98 29 94 69 384 
98 29 55 83 62 43 464 
40 83 58 4 71 8 132 
14 27 12 74 32 78 1143 
36 54 10 20 64 88 914 
77 40 67 33 38 67 935 
9 101 13 17 74 97 1139 
101 47 86 61 53 34 404 
29 88 57 63 93 40 753 
77 47 65 100 57 65 772 
45 93 73 36 44 36 54 
27 101 59 60 82 2 434 
8 26 61 13 56 44 592 
54 12 72 47 29 17 397 
57 49 20 19 34 32 690 
56 15 27 11 100 31 20 
88 100 5 13 39 28 842 
23 7 88 2 23 17 1107 
83 4 91 17 21 74 866 
54 41 43 50 72 81 638 
13 35 4 58 15 49 810 
14 69 36 91 91 66 414 
45 34 19 13 17 68 893 
13 39 96 80 59 33 419 
61 64 64 69 49 19 127 
73 86 46 10 70 26 844 
37 57 28 33 10 39 117 
9 26 40 57 15 81 1218 
99 10 80 58 18 34 658 
7 74 24 44 49 25 874 
50 75 4 49 44 6 936 
84 71 50 50 96 27 630 
40 27 14 36 40 13 912 
78 68 54 54 94 17 361 
85 6 91 63 16 40 732 
53 37 10 74 77 25 186 
41 33 10 24 9 4 831 
49 12 10 11 15 99 875 
9 52 98 51 91 49 1207 
67 60 89 82 89 94 1059 
92 7 64 64 90 61 451 
37 46 32 87 15 64 447 
96 83 54 3 43 90 536 
87 14 24 88 78 18 912 
74 23 44 23 13 83 701 
7 47 49 27 39 37 886 
8 68 66 78 88 64 870 
79 37 81 47 5 45 59 
95 42 78 14 45 64 768 
25 90 66 4 82 81 1088 
38 7 78 6 56 73 961 
48 60 12 92 56 5 1166 
88 65 77 9 40 55 152 
7 73 15 96 74 12 1025 
80 102 76 7 85 84 500 
32 5 44 52 74 28 573 
84 68 23 91 61 69 446 
27 91 97 44 29 79 385 
36 65 11 83 64 97 827 
60 39 87 73 23 56 694 
61 36 59 69 28 68 276 
7 94 8 15 44 49 658 
13 81 66 58 8 11 1168 
43 34 71 12 33 81 303 
31 38 19 40 15 82 802 
58 40 77 2 13 11 363 
73 6 70 21 49 16 577 
60 24 17 18 47 63 230 
3 91 59 97 88 100 924 
58 90 78 31 70 90 677 
43 91 58 97 3 68 856 
30 3 92 86 67 80 875 
16 4 24 70 21 49 664 
51 20 8 27 13 56 185 
17 94 92 82 28 94 208 
35 62 23 47 97 51 895 
90 68 13 23 22 6 508 
88 56 63 51 43 3 1131 
73 52 72 91 14 57 159 
11 2 7 42 88 57 999 
44 3 26 25 100 83 745 
54 97 6 93 52 76 358 
40 31 32 86 93 26 762 
11 53 57 85 96 62 969 
68 8 83 36 51 62 538 
55 40 28 45 22 34 237 
57 68 101 64 83 86 863 
73 76 58 97 32 21 405 
52 70 42 6 23 84 1043 
91 25 58 3 16 87 1050 
94 7 43 73 95 45 665 
87 59 24 15 79 11 1169 
34 27 42 21 42 13 38 
71 88 41 101 52 36 815 
45 44 63 70 100 87 968 
71 17 26 39 78 81 788 
14 20 94 46 75 92 693 
99 19 84 75 76 85 279 
20 4 74 45 11 90 520 
16 63 47 80 26 18 768 
13 17 84 66 34 41 700 
70 49 57 79 46 12 558 
27 81 96 26 4 58 626 
15 54 96 69 93 24 1195 
59 49 68 51 75 96 1061 
3 102 11 44 46 68 616 
56 19 68 67 80 99 1090 
84 53 56 24 62 14 1200 
65 90 99 43 19 62 137 
3 91 30 73 18 61 293 
81 87 84 60 93 3 715 
37 30 5 15 27 11 923 
98 14 29 15 84 91 470 
14 15 3 29 8 41 657 
31 41 96 64 40 67 30 
68 75 66 71 13 42 345 
62 96 30 94 53 38 62 
79 2 60 36 72 88 824 
74 82 32 87 64 7 83 
91 11 54 89 45 75 371 
41 65 46 73 51 12 645 
21 75 38 57 6 51 635 
40 38 30 70 82 37 1141 
94 36 86 51 37 23 858 
87 78 7 10 65 77 461 
40 15 65 23 77 17 661 
9 97 32 60 58 57 629 
75 26 21 66 40 39 574 
31 62 24 16 91 85 411 
99 33 49 43 76 16 9 
25 67 48 6 22 41 1046 
41 56 93 81 69 21 153 
55 88 46 26 40 93 108 
55 43 9 89 34 22 122 
66 85 19 84 43 53 612 
60 75 61 20 100 63 1096 
8 33 37 24 66 23 547 
47 5 19 38 25 94 848 
27 41 20 90 21 78 924 
74 76 99 28 70 64 1152 
15 87 9 42 31 21 587 
12 74 66 70 101 67 232 
82 2 48 19 61 83 414 
36 44 32 81 88 16 418 
58 41 98 98 61 52 396 
20 12 98 96 75 23 181 
69 55 22 22 12 59 1127 
76 53 11 11 84 62 971 
45 79 63 46 7 16 662 
35 70 74 43 17 89 749 
92 52 25 88 61 21 811 
90 12 61 77 60 44 1003 
90 89 89 79 92 55 921 
35 37 52 70 10 63 422 
87 49 81 98 72 33 1029 
3 88 25 25 43 15 674 
69 4 70 49 74 74 549 
83 88 66 27 36 88 696 
17 75 20 54 60 34 40 
64 82 82 89 13 100 1074 
3 66 56 51 42 22 811 
35 84 22 38 91 92 50 
64 17 73 39 47 29 1048 
15 7 73 85 83 54 60 
23 90 62 63 76 59 978 
24 11 78 96 68 93 1005 
92 100 18 72 44 101 10 
67 11 53 68 73 4 1076 
61 85 68 61 70 63 143 
96 62 77 16 35 26 486 
8 97 45 81 39 6 283 
9 57 15 41 55 6 687 
81 11 96 6 57 94 775 
28 12 37 99 31 73 1184 
40 42 58 12 77 63 734 
16 10 89 36 101 67 637 
30 55 21 18 59 57 176 
53 83 12 80 34 78 973 
