6 6
250
52 19 88 89 37 88 531 
33 7 46 101 91 50 883 
11 11 88 72 49 43 1087 
52 47 30 10 90 51 637 
13 25 86 22 70 62 216 
11 79 23 18 20 27 1134 
77 80 3 37 83 41 829 
75 65 101 11 96 22 6 
74 60 81 49 39 93 242 
85 62 81 24 90 57 1217 
34 68 55 31 18 98 911 
69 29 75 9 12 86 461 
61 87 14 76 42 19 461 
21 43 71 83 35 75 1134 
19 24 16 95 87 70 513 
100 48 82 80 26 28 53 
33 9 42 29 9 84 286 
78 69 50 50 39 64 151 
26 86 50 85 25 84 611 
7 61 16 27 18 98 758 
41 33 98 18 93 35 1089 
37 32 56 28 93 71 512 
57 68 47 49 8 32 898 
64 35 97 3 46 56 315 
50 28 4 93 88 63 453 
38 54 34 48 30 25 1093 
56 95 59 34 14 10 610 
95 71 80 12 68 91 943 
101 3 17 49 81 65 1068 
6 55 37 6 10 7 238 
16 15 3 80 8 86 95 
41 39 70 34 48 78 667 
59 25 83 22 75 62 458 
53 19 101 51 62 4 620 
43 24 30 6 5 32 976 
58 79 34 62 6 71 725 
66 49 17 35 90 35 573 
31 56 86 37 47 84 766 
98 4 31 48 84 59 1208 
18 43 30 45 47 77 15 
48 52 62 70 93 80 1068 
72 86 18 74 71 6 143 
70 46 71 60 51 19 731 
78 5 15 24 14 62 589 
8 89 92 44 60 48 1015 
6 26 69 56 6 77 327 
19 14 76 15 55 89 586 
99 60 86 99 60 43 867 
49 49 48 80 20 41 775 
99 28 32 13 60 31 782 
22 5 6 47 44 35 713 
92 41 12 61 75 2 117 
31 8 47 3 6 14 700 
79 23 78 88 38 65 249 
88 46 4 97 61 86 947 
58 82 54 18 10 15 692 
9 38 21 46 41 56 836 
23 87 12 56 19 9 523 
84 30 61 8 72 40 57 
98 10 66 17 18 34 895 
27 95 87 98 102 3 853 
86 59 44 99 12 54 799 
61 93 43 44 79 37 903 
54 95 12 41 77 54 145 
31 57 31 25 24 97 1169 
93 27 60 19 8 75 1198 
74 19 10 62 88 41 449 
18 25 75 41 99 101 896 
102 77 59 27 51 60 683 
4 14 77 90 59 72 829 
68 85 27 73 64 78 987 
79 3 81 90 15 77 149 
34 59 86 26 98 24 1120 
52 3 94 60 17 44 856 
6 36 74 31 71 71 619 
42 50 70 38 26 95 285 
76 81 39 38 85 46 852 
58 93 66 63 49 78 193 
84 35 16 49 36 13 885 
70 9 61 45 8 64 1127 
11 18 91 74 32 70 940 
24 57 24 34 101 2 599 
45 11 70 24 95 37 705 
17 56 91 92 84 53 75 
74 79 94 79 84 80 573 
77 77 91 20 10 41 741 
80 94 17 37 12 25 304 
100 93 23 15 29 37 1154 
64 2 84 50 19 73 612 
80 31 58 18 25 4 834 
36 82 7 87 98 99 455 
64 76 57 74 30 83 906 
89 73 65 57 45 54 158 
77 8 72 92 70 13 1219 
65 61 21 90 23 59 788 
13 19 31 33 40 59 3 
28 30 78 92 92 78 1119 
60 94 63 82 52 57 723 
76 37 97 30 88 39 1217 
17 38 86 8 27 12 927 
57 37 27 7 97 15 600 
80 95 3 80 37 10 56 
69 60 10 74 3 7 458 
84 36 5 53 22 3 131 
94 94 86 67 68 18 46 
60 39 76 56 45 12 1165 
44 96 51 54 31 97 596 
80 78 37 25 6 40 893 
3 24 56 78 14 40 1060 
3 19 16 70 94 3 110 
23 35 19 61 97 44 489 
42 55 101 92 8 64 168 
18 51 43 64 79 33 700 
17 22 81 33 74 11 503 
79 38 85 39 96 42 700 
45 19 67 11 98 35 742 
70 57 87 8 78 75 1036 
70 74 9 17 72 54 81 
15 40 30 25 36 101 771 
19 18 56 14 24 58 898 
34 79 55 83 100 99 567 
67 96 26 97 38 58 117 
66 79 24 26 90 53 361 
81 39 88 65 36 100 626 
41 34 97 56 19 13 441 
98 56 36 75 57 62 594 
47 5 30 100 44 56 658 
41 34 90 36 8 46 649 
42 69 20 65 101 97 321 
64 32 43 21 47 75 836 
25 90 53 35 93 83 421 
36 60 67 94 46 99 1219 
102 9 22 13 69 85 686 
89 18 11 58 67 24 1009 
75 89 81 99 82 87 203 
46 39 3 17 65 21 76 
11 55 74 57 100 28 766 
25 23 10 80 93 14 442 
74 44 79 28 61 54 737 
72 88 97 66 14 85 678 
72 22 98 6 66 52 948 
64 40 3 69 98 22 614 
68 73 22 92 75 82 891 
97 26 92 6 69 48 478 
70 79 93 88 45 9 654 
3 14 75 28 64 61 115 
6 78 60 65 34 12 52 
17 77 76 41 5 85 921 
98 8 2 100 6 41 1162 
63 12 83 55 15 99 801 
61 48 65 13 24 65 1110 
50 33 44 37 38 37 643 
4 19 49 43 27 80 65 
8 75 31 60 22 16 531 
68 79 12 21 15 41 693 
30 13 30 83 21 87 591 
77 61 65 70 6 44 719 
95 36 14 90 21 62 641 
75 37 55 4 51 49 999 
57 34 18 25 98 98 903 
8 21 62 8 96 59 387 
16 68 92 18 74 87 890 
44 100 33 97 80 6 673 
78 77 81 72 39 69 249 
29 49 47 9 49 87 1074 
17 54 85 27 5 23 723 
71 64 88 79 65 11 150 
35 86 30 20 94 21 360 
46 83 38 58 92 13 1071 
20 47 11 27 102 87 331 
48 51 72 77 85 98 91 
15 95 95 77 60 10 1145 
65 19 92 57 68 60 880 
73 49 71 15 12 74 619 
20 79 54 65 26 87 1074 
38 60 45 10 25 24 373 
89 45 84 35 5 96 681 
29 21 72 36 28 57 910 
4 3 64 76 26 59 1171 
19 43 14 36 25 8 336 
61 49 49 45 38 43 1029 
6 89 82 8 80 97 1105 
60 83 31 100 32 15 417 
59 82 36 101 67 37 866 
4 72 101 82 90 30 835 
74 26 93 92 16 92 1195 
16 84 69 49 64 7 724 
61 84 38 95 94 95 23 
69 14 46 73 9 15 26 
19 83 28 91 69 24 1050 
60 40 9 18 25 38 533 
100 69 54 5 31 14 524 
90 65 89 98 37 68 62 
14 48 21 9 79 98 1190 
3 43 59 97 85 75 24 
46 31 78 71 59 60 839 
47 94 70 79 4 61 358 
20 41 96 34 58 83 560 
94 91 12 48 43 48 1197 
28 96 10 48 40 43 536 
36 13 29 80 10 38 818 
56 53 31 77 38 70 1006 
5 66 65 30 94 58 637 
42 69 25 18 14 73 239 
100 62 33 65 20 87 1032 
30 69 56 49 46 81 468 
40 82 73 6 80 18 284 
33 47 20 48 87 94 1154 
46 5 63 98 68 49 686 
93 100 14 20 85 100 918 
99 11 82 50 79 16 28 
89 54 14 36 57 98 824 
17 15 19 36 96 92 1021 
66 95 53 81 33 84 574 
84 61 88 97 20 50 415 
38 40 100 9 80 94 708 
53 51 64 13 53 91 931 
87 97 87 91 10 94 407 
19 31 71 48 34 57 56 
96 28 40 39 50 35 973 
77 21 28 18 100 28 157 
46 91 70 82 95 73 1186 
66 3 8 12 58 3 234 
11 31 64 48 39 55 702 
25 26 75 5 57 99 131 
77 61 75 12 68 22 891 
42 3 67 40 87 10 366 
27 34 29 94 35 62 799 
93 66 71 63 74 57 260 
67 97 79 40 76 88 1085 
45 35 102 93 82 48 851 
29 98 10 54 48 30 1196 
94 48 13 24 38 47 1035 
96 6 51 96 67 54 916 
9 90 102 13 23 43 1003 
101 29 3 55 16 98 778 
70 63 11 29 30 25 896 
50 68 18 40 43 6 599 
31 53 99 17 97 97 254 
10 10 44 26 88 18 1142 
21 12 72 24 52 23 318 
44 42 69 39 30 4 713 
24 86 75 82 39 35 847 
78 6 40 22 3 45 736 
55 70 4 43 10 82 365 
58 48 18 93 85 25 1067 
14 32 80 68 95 64 1058 
26 71 46 51 85 26 524 
8 34 4 51 80 68 1091 
74 67 98 23 24 30 799 
