8 8
250
70 89 51 22 51 9 83 18 1309 
92 70 33 83 20 69 50 62 391 
82 93 92 51 69 29 15 61 1092 
76 93 88 37 85 91 56 35 1077 
37 86 7 74 95 50 24 23 719 
4 53 87 59 41 70 31 47 200 
78 22 22 24 9 93 43 9 420 
97 57 88 43 29 87 3 15 1245 
21 11 100 44 29 48 85 13 120 
84 19 53 19 8 40 79 80 226 
48 15 79 16 33 89 24 30 1083 
60 62 27 2 58 28 94 12 598 
16 36 95 75 41 98 85 61 1460 
77 79 50 50 66 50 73 57 1632 
101 7 79 14 22 101 82 27 834 
84 83 63 27 28 99 3 65 726 
23 75 76 84 33 74 99 49 825 
20 12 98 78 31 3 28 95 82 
61 4 16 96 95 16 46 3 1271 
30 52 54 53 49 3 6 52 1332 
28 19 76 7 17 75 51 64 239 
57 8 54 62 100 34 94 44 995 
33 29 82 62 39 32 96 71 1590 
101 68 65 97 75 81 22 3 1240 
33 56 90 43 47 33 101 92 1548 
28 71 54 21 62 7 42 75 386 
4 67 82 46 13 48 77 52 1561 
54 62 35 75 42 99 59 63 1438 
75 91 84 51 63 50 37 70 1631 
48 82 9 60 57 101 57 20 581 
98 89 45 44 68 98 37 50 485 
63 54 31 57 65 101 19 69 1371 
44 55 6 34 11 45 48 32 1140 
91 96 7 36 20 24 64 62 1198 
48 33 25 88 16 15 20 76 263 
73 93 19 10 42 90 17 15 1064 
33 66 81 102 98 38 28 49 881 
27 29 36 9 95 4 27 74 584 
63 58 41 93 16 37 29 77 634 
54 83 55 19 21 7 59 33 1563 
97 48 37 89 62 69 61 96 763 
84 66 100 17 85 71 54 56 937 
28 42 53 46 75 23 100 75 1078 
2 10 10 32 52 64 9 33 427 
2 76 98 74 34 22 90 47 175 
43 39 100 87 67 67 50 33 1485 
47 53 74 16 91 89 3 61 1404 
41 54 16 38 11 54 45 54 1311 
64 55 9 33 58 30 12 59 587 
70 18 45 45 84 21 73 64 1310 
56 88 87 11 74 76 36 51 1516 
99 7 31 48 44 15 86 88 1267 
86 16 97 46 6 34 53 35 701 
45 97 72 97 67 49 74 91 1075 
97 55 84 36 99 8 37 16 851 
9 24 76 32 61 98 44 90 778 
88 12 84 55 59 41 33 93 885 
25 4 42 84 76 55 49 91 535 
98 52 19 90 11 92 82 46 175 
71 15 38 76 55 79 101 88 1298 
85 44 98 45 5 8 54 15 196 
14 27 50 23 85 72 66 48 615 
33 99 3 95 75 15 30 64 1269 
20 51 51 65 85 90 75 66 767 
39 55 49 13 38 98 80 70 313 
65 50 32 68 12 9 41 71 1449 
81 93 71 84 17 43 30 36 1039 
65 50 44 62 49 21 25 29 1518 
92 22 64 7 17 7 96 68 223 
50 54 41 44 26 16 101 97 1186 
80 57 40 8 85 3 35 17 323 
79 5 3 13 45 86 16 51 803 
29 76 78 66 90 51 29 83 1350 
27 23 27 30 63 55 49 47 1174 
57 86 39 62 74 101 87 20 1024 
15 39 10 57 30 77 67 74 337 
98 16 69 91 81 4 21 10 1534 
97 50 44 50 66 100 14 61 1057 
14 69 4 79 81 73 89 17 714 
76 72 95 52 66 91 34 53 515 
7 68 8 37 43 66 7 92 1130 
22 67 75 12 45 71 12 55 81 
20 21 37 98 4 66 60 46 616 
3 48 87 56 18 15 69 9 1520 
61 79 28 40 74 91 3 68 812 
72 66 29 27 41 13 86 16 513 
99 11 66 44 79 99 29 7 726 
86 69 51 62 46 39 77 53 1233 
81 82 50 48 97 38 16 90 1314 
13 78 8 76 72 4 84 72 1585 
31 19 2 31 14 69 46 19 1623 
2 12 22 92 51 90 37 7 551 
86 53 17 29 29 91 18 18 472 
40 13 99 50 80 76 41 48 551 
77 52 71 83 4 80 39 16 1264 
62 22 28 20 40 67 70 100 317 
84 4 92 13 15 98 40 8 103 
5 55 34 48 53 5 56 62 894 
67 5 51 39 93 15 14 58 1561 
4 22 74 33 82 82 56 59 720 
45 66 39 75 45 97 74 36 998 
48 16 71 25 66 80 13 5 1552 
72 47 13 79 101 59 2 38 1412 
36 74 75 54 94 96 61 13 1567 
19 94 62 56 68 59 54 68 692 
29 81 58 96 22 78 87 86 196 
35 69 67 83 75 9 11 40 1017 
90 96 24 77 66 55 84 95 182 
37 19 82 56 27 35 16 76 920 
33 41 53 99 68 10 84 29 725 
33 39 21 55 47 30 96 67 1181 
23 53 18 5 14 29 67 52 1099 
34 80 44 34 68 101 53 80 1604 
13 93 29 16 95 39 11 53 921 
94 84 74 54 62 62 63 96 363 
43 29 29 26 33 18 43 52 790 
4 102 72 22 4 68 32 86 1203 
47 9 60 81 96 63 73 75 1113 
97 83 20 84 73 75 79 12 832 
73 89 61 13 75 45 91 8 837 
88 74 82 8 24 78 89 18 1422 
66 64 35 68 55 60 50 47 1128 
32 23 31 100 44 94 18 61 1579 
16 36 35 17 92 90 12 87 16 
90 92 61 44 97 57 88 16 788 
20 7 35 3 65 30 76 61 1395 
24 90 32 90 92 65 82 74 1346 
56 51 74 47 58 71 59 62 908 
12 90 28 77 14 31 46 100 883 
65 15 72 7 43 33 5 90 1577 
73 2 102 97 64 25 74 34 1062 
78 75 50 67 46 5 74 66 1150 
62 50 78 3 46 94 11 18 968 
14 51 9 43 44 70 74 88 970 
58 17 28 5 4 82 66 70 402 
8 101 71 69 35 79 63 45 656 
23 71 58 9 88 48 66 62 1359 
60 38 33 82 95 60 46 18 796 
46 59 47 98 40 79 70 6 289 
92 47 18 32 82 101 30 53 280 
5 51 31 82 41 44 99 8 523 
95 28 8 13 25 18 31 19 1395 
97 27 34 81 41 84 30 75 246 
70 30 58 34 54 43 43 43 1105 
22 66 21 5 100 34 47 77 1277 
14 81 24 101 3 65 16 35 430 
87 26 12 49 54 67 29 32 1281 
78 63 76 67 73 84 51 11 858 
69 94 29 2 37 67 6 19 1541 
95 70 28 95 20 20 17 57 279 
60 75 14 55 77 71 55 71 221 
6 49 10 42 53 94 13 49 676 
101 87 91 47 44 37 73 37 1005 
54 85 45 58 52 18 67 93 584 
43 16 19 60 49 68 53 102 1139 
88 55 19 36 84 74 79 18 1146 
30 15 33 79 84 43 9 3 1391 
73 51 99 95 77 62 59 72 542 
27 43 40 25 96 44 68 87 1334 
46 20 3 73 81 36 47 39 1272 
7 66 34 78 53 48 83 82 838 
75 96 80 59 79 14 41 54 1215 
34 7 21 90 13 99 61 65 1350 
86 102 72 65 49 40 84 54 101 
4 50 92 93 44 16 93 95 1486 
6 89 43 91 34 29 62 15 521 
61 18 55 36 19 90 66 99 1315 
84 11 49 43 77 28 8 39 65 
86 43 66 7 99 20 8 57 1244 
44 97 69 45 6 36 8 25 578 
55 69 33 4 30 47 35 12 1367 
46 65 14 17 85 97 25 77 1175 
70 56 21 37 30 64 14 24 37 
15 41 8 15 37 54 92 55 1134 
75 84 15 21 74 90 36 64 1509 
67 28 14 74 22 30 64 40 1120 
18 20 42 72 93 8 44 22 1158 
80 34 30 61 27 32 28 52 1528 
61 51 84 34 3 68 71 49 1556 
92 43 20 80 52 99 86 76 574 
32 5 93 9 79 54 19 58 496 
66 7 3 84 48 72 36 6 1446 
88 87 19 76 2 45 13 54 1282 
55 2 83 33 77 53 97 98 769 
4 53 74 33 17 47 37 7 682 
96 10 97 50 45 49 11 100 1461 
20 58 5 50 99 27 75 66 911 
51 36 32 52 89 52 25 34 854 
18 58 72 74 41 98 4 19 715 
85 7 59 36 24 80 64 79 661 
46 56 57 49 59 53 91 88 1159 
14 46 24 48 27 13 97 94 687 
22 49 19 9 48 82 83 92 971 
101 17 14 54 91 12 11 81 1270 
100 71 100 21 84 54 27 92 1188 
24 39 82 48 42 32 38 44 493 
25 39 10 76 69 69 93 93 1174 
61 62 57 13 39 48 35 99 382 
46 2 66 67 85 58 9 61 866 
82 54 77 84 18 49 82 88 681 
72 25 4 33 30 94 82 67 495 
20 13 3 36 15 45 8 94 683 
68 60 57 54 69 10 16 13 626 
99 79 46 11 33 53 6 66 1201 
23 14 74 74 87 19 28 92 785 
54 48 41 34 78 26 7 16 460 
89 20 58 97 19 19 55 85 1446 
89 11 81 52 32 51 71 87 1304 
72 96 75 40 28 79 62 64 1077 
101 67 3 22 6 19 25 19 750 
19 28 97 57 21 4 31 41 1319 
71 4 18 92 65 92 46 37 333 
57 51 94 81 37 58 53 57 300 
90 69 7 64 29 14 6 54 970 
87 17 77 73 11 89 98 93 964 
52 11 4 12 77 71 99 69 1109 
56 40 93 41 6 66 86 43 1178 
78 9 77 5 88 13 33 61 330 
48 87 42 7 85 46 99 3 747 
18 79 94 38 67 62 47 51 231 
70 48 13 12 89 70 16 23 1372 
86 49 24 93 81 18 51 54 1344 
29 51 57 49 44 5 21 69 1041 
82 41 44 17 61 39 99 65 219 
12 37 100 74 93 64 62 15 884 
25 27 100 77 90 15 80 19 13 
61 23 6 9 94 21 6 36 1329 
44 71 90 87 96 19 5 41 274 
86 57 60 95 89 31 51 97 687 
68 7 54 31 39 44 38 40 675 
12 4 45 80 70 59 83 20 710 
68 40 33 83 75 50 98 96 1011 
45 68 37 76 60 99 79 40 475 
32 14 35 48 51 58 77 95 603 
76 8 89 3 15 70 88 85 940 
13 87 34 5 35 45 82 96 1182 
9 37 46 49 3 32 30 53 98 
13 22 91 77 8 81 14 25 1429 
77 43 55 68 90 77 41 69 880 
99 28 81 92 68 58 86 71 945 
94 29 7 60 75 64 65 77 1028 
71 37 81 55 94 12 58 7 854 
21 42 49 72 10 36 78 33 403 
28 23 56 35 94 39 23 21 1563 
85 19 70 93 6 15 14 72 519 
77 45 36 71 36 63 5 66 466 
13 25 21 73 84 44 39 38 882 
11 38 45 43 34 75 17 75 1439 
86 30 39 36 60 39 5 2 1434 
92 59 89 95 32 30 11 13 1571 
