2 6
250
91 5 210 
65 15 59 
67 6 826 
63 46 521 
20 44 713 
27 49 243 
78 68 645 
36 24 352 
8 46 201 
83 34 897 
87 3 660 
63 17 721 
27 48 97 
59 99 1140 
8 69 673 
12 19 193 
63 51 112 
4 94 49 
48 57 982 
90 59 851 
90 86 886 
96 78 534 
91 60 328 
101 101 16 
14 21 844 
62 30 681 
76 98 326 
3 22 1013 
66 85 116 
52 16 742 
81 39 1086 
40 71 166 
23 14 1106 
13 24 729 
91 64 610 
10 92 886 
37 89 329 
27 17 744 
45 90 789 
92 32 1148 
36 41 529 
68 23 764 
14 76 618 
57 41 198 
67 64 912 
69 14 711 
35 58 1131 
39 17 342 
36 56 275 
30 97 993 
51 33 1003 
99 79 1015 
18 25 502 
89 97 207 
24 82 587 
13 62 641 
88 78 929 
8 59 901 
3 99 292 
17 34 819 
42 86 957 
71 9 95 
36 71 1044 
94 53 1089 
19 48 747 
78 17 435 
82 25 1155 
72 44 241 
7 45 912 
10 97 979 
61 3 1109 
76 49 136 
41 55 894 
42 79 1113 
69 97 308 
89 91 138 
15 28 1005 
90 37 113 
74 72 525 
61 66 784 
35 28 900 
7 34 610 
100 45 1202 
52 39 766 
64 42 573 
5 5 575 
96 20 652 
65 98 848 
100 73 805 
84 4 948 
70 82 1084 
11 9 622 
19 64 764 
77 91 568 
15 65 1088 
22 28 1170 
64 71 819 
98 66 562 
13 72 370 
6 9 754 
86 19 509 
23 84 698 
76 55 401 
98 88 508 
87 21 365 
9 52 406 
82 80 552 
72 21 399 
13 74 197 
45 100 457 
23 15 664 
3 93 878 
7 94 988 
34 48 887 
65 68 1017 
27 13 551 
18 6 239 
99 26 358 
19 16 1196 
11 12 121 
43 33 677 
97 77 891 
89 86 343 
60 4 714 
54 50 402 
75 9 646 
51 87 745 
73 29 1153 
20 26 1095 
27 86 946 
76 98 1003 
73 93 176 
19 69 1114 
12 40 340 
19 60 25 
63 47 923 
98 46 84 
47 62 309 
51 72 60 
63 80 634 
85 64 1217 
53 86 79 
78 83 705 
21 57 488 
64 41 574 
35 56 838 
94 59 967 
16 31 495 
73 31 444 
59 24 258 
11 58 1100 
41 29 932 
30 68 907 
98 87 775 
20 80 1084 
69 85 253 
80 18 198 
38 71 257 
75 71 412 
61 82 675 
72 22 728 
39 11 1216 
52 24 149 
73 7 1073 
96 99 881 
18 98 622 
54 6 560 
18 81 78 
7 75 1070 
71 68 709 
45 71 1056 
21 27 800 
6 83 843 
91 19 745 
11 10 134 
30 44 882 
51 59 894 
85 9 936 
11 57 502 
55 34 441 
14 83 686 
56 30 441 
3 77 872 
9 14 184 
84 65 1060 
87 9 870 
97 79 382 
17 22 118 
87 62 756 
12 12 869 
26 53 608 
35 79 443 
7 56 973 
77 29 816 
3 44 553 
60 3 548 
92 27 581 
72 60 676 
7 99 746 
48 71 837 
76 94 806 
2 84 751 
67 51 1045 
52 82 646 
94 22 608 
66 17 951 
66 29 721 
19 22 1041 
26 56 1137 
96 30 988 
77 60 1042 
13 3 434 
3 3 737 
86 95 637 
61 41 546 
97 80 458 
8 42 1004 
85 84 522 
11 59 877 
83 79 341 
70 73 258 
7 77 265 
70 82 244 
16 66 173 
20 83 418 
9 60 987 
43 31 933 
58 91 1073 
101 94 936 
45 4 532 
66 22 295 
34 17 268 
33 57 786 
25 29 1198 
19 93 940 
70 68 19 
10 5 1219 
93 42 586 
54 15 1006 
35 8 1019 
47 27 964 
78 52 533 
92 87 798 
14 78 39 
18 19 24 
80 40 1191 
13 33 323 
77 36 1214 
46 75 979 
78 83 36 
