6 6
250
39 22 45 59 74 88 441 
15 77 36 29 45 39 888 
95 40 6 24 27 81 41 
55 87 82 71 99 61 1073 
38 99 19 88 85 101 1119 
93 27 82 4 50 55 922 
67 46 53 94 86 32 762 
67 20 40 99 3 56 1019 
37 66 90 77 28 50 935 
80 20 43 62 39 83 21 
15 26 23 79 28 30 1077 
43 30 79 14 31 27 868 
81 81 90 84 47 10 686 
63 94 28 24 7 101 1067 
29 12 35 49 51 63 636 
96 19 23 77 28 97 1159 
37 13 65 99 25 7 1214 
41 55 80 94 75 48 643 
34 96 57 24 31 3 174 
20 46 67 82 67 21 1045 
64 69 9 21 15 63 314 
83 66 27 84 96 90 1076 
60 57 57 78 17 101 752 
25 68 55 99 96 83 217 
69 100 19 60 88 16 939 
87 73 74 62 86 29 629 
33 32 42 37 15 28 738 
92 12 5 52 22 26 481 
3 57 24 21 83 10 173 
68 9 25 9 76 13 884 
86 85 19 33 74 12 1130 
38 14 64 84 56 59 947 
90 16 11 69 92 39 1033 
18 52 43 6 21 39 795 
24 19 30 41 17 90 71 
29 89 21 49 16 49 793 
44 63 39 28 53 39 947 
96 17 42 86 76 90 831 
35 77 29 55 75 29 173 
97 36 45 41 71 74 756 
29 92 22 78 93 22 904 
92 6 79 71 3 90 353 
4 90 56 43 2 40 1148 
14 93 96 43 21 53 573 
29 96 89 83 67 18 819 
27 23 10 85 70 96 531 
73 52 87 74 42 87 1145 
48 90 100 71 36 70 186 
100 28 37 73 71 29 767 
12 92 89 38 74 64 940 
69 48 60 34 46 52 504 
43 11 71 82 68 55 998 
8 91 14 33 50 54 332 
97 75 14 101 69 83 739 
62 100 38 70 25 19 956 
44 42 39 92 20 76 697 
19 68 94 5 76 83 62 
3 77 7 26 12 52 892 
75 48 34 79 72 83 996 
13 35 14 44 38 5 775 
51 77 43 32 80 72 950 
10 22 98 95 102 57 721 
24 34 45 15 69 7 851 
96 7 15 50 95 78 71 
34 82 63 39 80 44 639 
3 66 96 34 82 97 795 
28 38 86 72 27 25 1092 
4 70 31 72 100 96 681 
72 30 84 87 97 74 924 
42 37 58 24 16 9 266 
70 51 83 89 12 7 826 
70 31 79 70 55 18 379 
14 34 70 82 50 99 376 
37 14 50 87 25 91 1050 
3 30 51 13 18 70 412 
21 50 84 90 91 90 21 
101 7 19 43 57 47 353 
5 90 44 68 12 93 400 
39 35 4 89 17 84 823 
3 31 59 39 51 99 1131 
86 88 93 60 10 31 451 
9 33 46 70 47 59 1202 
42 8 47 8 79 3 1003 
17 82 3 76 8 36 1195 
78 62 6 9 49 38 234 
4 53 10 4 64 98 374 
4 60 21 72 27 71 747 
25 13 34 74 98 12 850 
7 92 86 4 97 41 377 
73 42 63 100 23 81 464 
58 40 6 17 7 54 154 
24 85 6 84 67 39 657 
51 75 36 53 28 52 1188 
63 25 102 69 59 102 382 
21 59 75 6 92 25 822 
75 30 59 93 61 59 1021 
9 82 22 31 4 79 274 
69 29 49 97 32 43 1159 
17 6 50 50 54 83 41 
28 34 80 78 15 89 924 
47 79 62 69 95 16 658 
45 81 40 56 25 11 635 
32 28 11 62 84 74 721 
26 12 45 9 78 82 999 
51 45 56 91 93 49 273 
52 89 30 39 29 43 875 
27 12 96 31 75 53 1167 
8 70 17 33 16 19 262 
69 19 62 19 36 74 1155 
38 86 67 34 64 32 984 
41 83 25 57 33 89 1205 
102 50 80 5 31 88 525 
77 40 60 78 32 3 1009 
72 70 22 95 71 79 1086 
28 31 99 12 24 17 824 
89 94 78 85 31 25 830 
71 84 16 7 88 54 756 
48 9 58 34 31 100 837 
15 6 64 65 12 12 907 
21 83 95 9 73 78 1076 
48 84 96 3 80 17 23 
88 8 91 85 28 29 978 
24 43 81 95 19 101 898 
90 16 22 21 15 96 601 
2 24 100 17 78 76 1216 
27 64 33 53 85 69 332 
100 75 82 87 85 96 1197 
42 16 16 56 79 17 713 
71 76 84 67 23 55 1054 
86 93 70 52 55 83 1184 
81 50 45 36 34 48 1105 
42 42 36 32 101 53 736 
10 86 62 101 61 43 688 
90 51 88 64 16 43 172 
84 13 37 32 16 3 751 
68 73 22 46 70 70 351 
35 50 37 24 3 28 937 
9 10 52 96 41 43 1111 
101 59 74 20 7 78 708 
31 101 3 88 52 101 510 
15 42 57 93 75 30 672 
2 53 42 15 17 39 927 
5 87 38 76 62 73 817 
16 50 28 65 94 73 57 
51 36 38 53 29 37 1149 
70 97 5 68 15 38 1210 
8 33 7 93 41 84 317 
16 67 14 92 30 77 1211 
94 31 30 84 59 52 626 
19 7 64 90 4 84 432 
92 35 10 49 37 70 95 
19 23 74 55 91 81 439 
71 26 63 101 62 97 935 
68 76 86 58 88 50 1100 
29 46 5 39 2 93 289 
33 5 45 96 9 93 915 
10 58 31 70 74 17 577 
82 3 91 44 89 61 295 
61 26 93 51 22 20 1103 
79 71 18 90 90 14 467 
23 21 7 55 6 4 709 
20 57 90 16 34 45 569 
45 16 96 15 34 101 886 
82 54 47 89 76 87 384 
89 15 82 86 5 11 730 
84 85 91 85 59 68 503 
70 5 37 90 77 46 415 
57 23 77 58 15 68 504 
69 63 68 32 19 29 384 
44 11 32 31 36 89 748 
33 7 32 77 35 33 139 
51 11 101 101 43 99 390 
94 7 29 92 45 21 186 
25 25 55 42 42 12 326 
96 7 60 43 59 75 297 
18 47 84 81 36 32 223 
53 69 33 78 31 101 614 
6 5 41 93 70 48 103 
85 79 36 96 24 87 674 
7 43 60 86 27 10 929 
62 48 13 11 91 99 875 
58 24 66 12 12 78 1097 
4 21 52 91 29 18 409 
70 49 88 15 47 65 572 
28 76 94 6 94 76 548 
59 30 84 82 51 39 332 
56 72 85 13 10 67 31 
24 9 98 100 94 45 1116 
100 27 98 45 36 27 365 
51 74 8 21 4 47 554 
93 70 11 80 81 8 172 
79 4 4 39 100 46 53 
68 98 9 2 34 56 719 
5 88 38 17 14 99 73 
100 80 95 8 22 59 379 
41 89 22 15 38 79 258 
25 96 9 38 83 27 1009 
78 101 21 72 93 89 1081 
84 75 64 69 11 10 975 
26 11 33 79 89 75 335 
12 88 89 98 78 40 972 
94 32 81 33 74 25 269 
80 76 38 31 73 45 694 
16 60 48 29 71 43 1210 
87 78 61 95 54 57 811 
15 33 77 17 51 11 1108 
45 85 38 39 87 60 568 
37 97 50 18 33 73 1170 
30 44 70 9 98 83 82 
56 23 40 22 70 58 798 
45 63 16 24 36 68 873 
77 12 92 87 85 55 620 
83 12 79 23 87 73 1035 
92 8 10 54 30 86 1090 
65 99 19 19 4 83 1123 
36 36 97 99 6 26 659 
33 80 24 15 30 58 892 
12 63 101 85 87 83 653 
56 8 72 7 84 84 151 
15 74 70 83 73 61 577 
78 84 26 82 48 33 714 
30 88 41 2 30 18 641 
38 21 35 19 3 40 973 
31 27 94 24 44 44 231 
8 57 34 58 99 28 421 
81 77 5 41 52 97 325 
22 32 7 56 68 62 933 
55 37 66 73 22 70 581 
60 34 60 6 91 42 271 
33 10 46 33 92 20 709 
46 32 81 53 45 55 105 
97 89 70 78 84 45 644 
22 69 88 79 60 89 259 
45 47 36 63 57 6 1090 
24 63 25 78 44 20 112 
7 88 22 79 17 41 768 
47 92 31 9 99 71 143 
42 60 56 34 33 39 23 
87 46 92 90 51 21 887 
29 47 2 42 26 46 180 
84 67 102 46 50 60 1202 
57 8 55 61 37 79 1005 
4 71 46 13 84 9 247 
43 32 91 68 22 92 221 
48 30 70 75 28 99 716 
95 57 90 85 80 6 372 
41 39 31 15 44 92 297 
78 58 31 45 38 97 498 
37 13 80 30 70 82 114 
79 88 88 11 83 26 118 
