2 6
250
36 60 380 
71 5 1129 
66 51 9 
77 78 1151 
10 65 297 
49 59 610 
61 23 100 
96 85 516 
36 25 692 
66 101 464 
81 25 1204 
65 41 1073 
23 37 515 
44 78 1139 
17 69 387 
58 58 205 
32 42 297 
22 68 1134 
50 42 915 
91 37 986 
38 2 618 
65 98 644 
98 47 294 
38 28 277 
10 19 551 
17 81 192 
12 80 812 
42 36 722 
16 61 700 
8 17 1214 
15 35 3 
64 8 932 
45 55 878 
81 63 146 
95 96 172 
4 14 602 
50 35 745 
61 80 696 
16 98 816 
94 51 445 
97 92 361 
27 26 1142 
24 48 134 
71 74 323 
46 33 217 
56 49 488 
47 14 577 
10 60 1006 
40 56 663 
45 49 131 
11 53 45 
37 86 865 
84 70 860 
23 81 809 
40 81 742 
36 17 575 
41 62 597 
29 48 454 
91 89 392 
49 88 855 
41 81 1210 
2 61 262 
25 10 587 
49 74 968 
72 26 402 
83 72 969 
24 6 470 
9 6 1073 
64 85 58 
68 48 1177 
41 37 1002 
2 83 5 
69 40 241 
41 14 89 
101 94 1072 
72 59 272 
6 10 217 
55 28 1007 
33 34 917 
13 40 939 
19 58 759 
54 10 453 
99 71 527 
34 16 391 
62 84 1129 
33 10 149 
2 94 312 
85 64 469 
81 88 118 
102 71 607 
27 58 1219 
45 25 679 
47 49 1026 
53 75 1080 
81 74 1153 
88 95 532 
92 2 292 
65 13 567 
53 36 1152 
26 75 276 
29 100 3 
95 9 709 
34 19 732 
39 88 747 
30 51 242 
39 5 1106 
46 95 1135 
68 12 842 
28 65 551 
55 94 1081 
63 23 906 
63 25 918 
90 88 794 
38 56 937 
86 55 174 
65 37 757 
29 16 379 
6 82 986 
32 63 1077 
33 70 545 
15 81 309 
73 78 793 
89 69 320 
47 51 217 
28 10 480 
18 85 692 
57 65 343 
85 29 950 
59 59 512 
95 34 761 
89 59 224 
22 25 914 
53 14 950 
51 78 831 
38 84 796 
15 80 882 
43 16 964 
34 79 60 
19 32 640 
50 16 223 
25 95 432 
66 60 1130 
101 7 1032 
66 67 861 
81 7 1065 
62 49 550 
15 46 970 
72 54 223 
85 57 981 
15 6 1145 
24 6 1202 
62 28 1009 
35 74 296 
75 16 895 
90 79 598 
10 55 874 
20 59 1009 
9 37 856 
41 55 509 
19 82 31 
14 88 19 
93 44 747 
74 21 966 
7 29 925 
23 42 371 
8 84 919 
71 77 35 
11 98 579 
13 17 845 
30 23 896 
43 18 1120 
24 62 343 
74 99 428 
90 38 410 
94 15 358 
9 89 1161 
42 35 872 
68 50 67 
102 5 1105 
56 82 332 
94 46 1208 
8 66 146 
86 101 975 
4 36 1043 
42 84 476 
71 18 1012 
20 6 350 
76 91 1075 
4 76 831 
88 24 699 
40 20 211 
10 98 1133 
37 89 605 
19 25 1072 
17 39 1204 
88 28 811 
69 32 1065 
10 38 925 
100 20 675 
13 6 1092 
46 100 942 
25 67 209 
70 34 1049 
48 37 364 
35 3 996 
43 61 630 
91 18 591 
4 22 1123 
72 32 997 
44 11 955 
39 26 1015 
62 76 307 
13 95 889 
83 20 1151 
82 22 1171 
59 76 435 
96 60 724 
6 23 1077 
43 44 958 
87 55 425 
38 28 281 
10 11 136 
49 75 334 
58 32 809 
81 10 1198 
56 23 1217 
98 15 684 
48 49 636 
21 36 30 
97 21 385 
49 27 494 
40 48 1121 
73 75 141 
87 13 14 
10 40 334 
95 27 167 
92 89 259 
81 91 489 
81 92 968 
73 91 919 
11 54 663 
98 12 63 
28 43 760 
8 85 594 
90 13 27 
57 40 118 
27 28 112 
91 7 396 
12 70 445 
2 61 692 
