4 2
250
92 19 18 90 263 
100 57 27 77 380 
68 80 45 17 330 
53 95 19 14 160 
46 74 69 96 26 
62 98 41 76 286 
73 81 70 2 169 
12 56 78 63 299 
27 88 18 40 180 
37 44 70 33 303 
81 39 19 22 55 
20 52 24 85 18 
4 18 54 7 90 
90 12 45 75 291 
99 19 58 41 59 
60 58 31 52 288 
21 31 10 102 373 
37 63 50 89 97 
62 34 95 59 291 
11 36 13 18 230 
28 101 96 62 314 
63 82 81 8 223 
64 23 74 14 349 
75 10 54 16 356 
28 64 57 52 48 
68 26 102 69 22 
26 47 15 96 184 
21 36 50 25 125 
56 85 43 35 250 
41 61 83 74 399 
3 84 99 31 122 
66 46 46 50 48 
39 83 13 3 125 
20 10 80 69 271 
41 62 31 86 135 
46 23 25 91 296 
8 45 30 72 18 
44 49 86 66 331 
77 92 2 14 381 
76 73 42 4 178 
33 83 16 7 241 
43 55 16 98 351 
45 23 57 78 23 
96 55 44 100 361 
72 26 16 88 371 
51 62 20 92 243 
74 83 22 47 169 
27 31 25 13 257 
91 36 89 81 155 
56 37 26 8 404 
23 32 44 16 299 
9 70 30 16 42 
84 38 25 39 57 
65 3 12 37 328 
68 32 33 37 407 
39 39 37 51 153 
16 37 13 93 158 
45 40 8 74 140 
59 3 10 3 331 
55 12 52 67 306 
55 27 92 28 138 
93 101 10 16 149 
72 35 81 79 389 
48 26 34 101 289 
26 97 40 3 96 
67 24 32 56 192 
29 89 72 76 345 
92 48 87 60 195 
46 33 94 38 261 
27 24 33 8 143 
31 80 53 96 207 
60 89 91 5 282 
71 71 56 69 41 
85 65 7 95 24 
3 42 76 53 111 
96 5 4 39 402 
45 93 26 21 75 
50 38 78 25 112 
5 59 84 91 320 
77 79 27 29 328 
64 18 40 2 139 
91 6 102 70 233 
57 87 54 7 107 
80 47 37 51 251 
50 89 84 68 11 
46 60 87 75 213 
19 80 77 59 150 
29 55 25 87 120 
46 38 10 68 295 
20 7 79 65 408 
32 44 78 67 135 
77 36 74 100 365 
33 21 29 18 164 
79 12 97 70 404 
27 24 52 22 71 
14 81 18 96 345 
42 83 24 75 92 
77 4 12 26 250 
95 83 27 98 399 
28 11 95 28 386 
10 11 11 66 305 
10 94 58 50 88 
99 20 80 16 204 
52 98 55 95 267 
78 2 74 9 27 
46 98 56 24 372 
4 88 92 101 314 
33 75 60 100 60 
84 48 63 4 264 
77 5 13 48 195 
31 58 101 63 78 
9 39 3 60 125 
14 41 35 59 80 
12 31 81 39 79 
80 40 57 81 338 
32 41 71 45 130 
44 87 10 77 254 
48 89 30 82 284 
95 73 3 70 12 
46 14 6 85 222 
48 26 76 29 286 
93 3 22 80 362 
70 70 61 28 362 
29 33 60 97 298 
26 2 101 70 106 
8 40 89 79 162 
20 37 88 90 349 
20 12 83 7 290 
47 69 52 94 7 
27 15 76 81 308 
15 56 11 12 126 
48 27 9 3 260 
55 16 46 41 290 
36 84 72 43 289 
18 52 56 26 115 
59 52 9 68 3 
96 65 9 3 111 
66 28 77 60 162 
95 6 81 43 73 
33 25 13 23 277 
45 44 36 11 242 
64 2 87 84 301 
98 20 43 3 285 
92 9 44 14 31 
10 9 15 3 316 
15 73 14 9 397 
36 41 89 101 233 
54 32 100 44 264 
66 43 95 86 180 
78 65 80 74 112 
26 83 101 16 244 
39 32 34 34 189 
93 90 80 87 163 
59 33 44 46 75 
63 11 2 50 179 
69 16 31 60 8 
52 95 43 82 301 
55 42 75 41 85 
24 99 69 98 301 
77 65 10 46 356 
47 23 36 56 272 
17 82 53 72 378 
25 3 77 32 392 
100 50 100 14 352 
18 60 5 26 391 
65 44 6 76 278 
6 8 86 72 231 
31 62 89 15 239 
75 91 5 48 399 
23 25 39 2 310 
30 67 98 60 290 
89 19 12 60 15 
75 78 79 4 360 
19 19 6 76 273 
40 63 87 55 56 
29 57 59 28 305 
43 7 6 100 165 
41 12 28 101 283 
14 52 31 12 348 
99 14 3 60 331 
7 21 65 35 156 
69 82 45 47 181 
34 63 86 85 256 
70 74 81 64 200 
9 93 7 7 225 
90 34 76 70 69 
17 56 101 47 286 
24 44 73 62 299 
61 69 83 57 152 
53 68 48 50 70 
26 35 41 11 303 
16 16 60 80 205 
37 8 77 30 119 
81 64 40 15 167 
28 4 21 91 365 
41 11 51 70 17 
24 88 29 53 376 
84 16 92 73 230 
10 86 94 12 155 
56 95 55 28 239 
92 30 35 9 371 
25 16 53 22 143 
6 66 93 77 118 
52 81 25 38 192 
66 74 69 59 134 
44 11 11 53 148 
49 59 25 11 59 
96 55 22 62 283 
71 66 72 38 212 
46 95 19 83 359 
77 71 19 82 385 
20 63 78 77 201 
16 6 102 86 359 
50 43 84 63 144 
99 61 65 69 319 
3 4 33 7 362 
51 94 30 65 250 
80 42 45 17 393 
35 79 47 13 228 
66 66 88 50 17 
4 14 58 48 371 
17 8 52 4 383 
18 32 72 88 3 
24 79 39 25 43 
10 100 69 67 10 
22 16 54 13 59 
39 18 85 4 352 
39 38 83 74 188 
74 92 44 23 330 
5 9 61 13 141 
90 29 65 40 391 
6 47 94 46 290 
3 56 40 90 233 
102 49 71 2 258 
88 97 67 79 158 
20 59 48 86 403 
15 57 42 79 109 
12 55 47 8 334 
95 46 39 3 183 
19 54 56 66 331 
59 40 61 50 198 
94 64 88 102 320 
50 100 10 48 236 
48 16 63 63 191 
49 4 65 20 288 
44 60 66 34 87 
68 5 84 5 173 
77 99 94 31 140 
50 68 47 29 141 
96 38 93 46 404 
