2 4
250
34 6 425 
35 37 438 
95 80 757 
73 93 424 
34 91 710 
25 92 719 
40 65 219 
18 17 685 
65 40 325 
37 3 736 
51 43 253 
22 14 624 
78 38 521 
6 31 332 
28 20 466 
78 13 732 
70 20 80 
77 21 641 
51 19 728 
70 72 795 
16 60 626 
5 23 414 
23 14 632 
12 50 441 
26 36 277 
88 92 791 
29 89 217 
52 69 680 
83 76 178 
54 74 777 
89 10 542 
68 93 578 
66 25 788 
8 57 813 
14 59 571 
58 53 698 
47 65 218 
94 43 676 
73 66 743 
95 24 384 
31 71 329 
84 25 328 
90 60 353 
65 24 547 
2 22 257 
29 40 82 
15 27 194 
38 10 74 
71 97 541 
86 97 220 
82 72 12 
52 79 709 
62 32 281 
32 70 759 
44 84 332 
62 94 173 
53 46 213 
83 82 791 
25 95 498 
33 16 231 
76 6 510 
18 85 423 
68 53 351 
47 69 65 
78 86 467 
33 96 212 
70 11 28 
47 34 418 
3 100 738 
6 28 691 
28 30 137 
8 58 522 
33 28 805 
91 96 338 
80 9 630 
20 8 787 
42 95 809 
37 65 38 
27 31 587 
13 17 691 
63 63 199 
60 21 318 
93 71 227 
95 2 552 
29 81 125 
64 69 208 
76 85 757 
96 67 276 
87 93 535 
14 83 225 
94 21 90 
16 30 267 
19 22 719 
40 29 299 
71 49 757 
34 10 681 
91 65 501 
49 39 268 
94 69 790 
93 75 230 
75 81 718 
2 3 660 
59 15 424 
85 47 389 
39 38 455 
58 27 149 
43 56 676 
84 25 152 
68 47 668 
80 24 494 
38 28 384 
62 67 392 
50 71 372 
14 77 773 
34 9 148 
16 12 18 
79 38 343 
81 52 156 
47 93 460 
72 36 456 
101 81 745 
93 49 153 
3 79 576 
10 10 464 
75 31 647 
90 52 134 
3 54 294 
82 3 704 
21 59 627 
30 17 601 
94 81 281 
92 15 783 
5 42 488 
101 15 267 
33 71 229 
87 8 170 
42 59 336 
42 71 669 
22 21 635 
7 75 735 
44 75 507 
99 18 238 
24 85 133 
85 87 84 
58 3 319 
5 50 260 
60 35 414 
58 90 473 
35 54 82 
54 72 765 
20 100 552 
72 60 333 
72 36 435 
101 65 191 
7 58 591 
33 86 555 
45 19 578 
48 49 322 
41 88 688 
6 66 528 
21 72 110 
24 67 706 
45 89 356 
100 35 116 
80 61 579 
29 54 262 
88 3 554 
44 11 435 
25 74 422 
30 32 588 
58 68 572 
91 82 755 
12 84 746 
88 91 792 
26 47 682 
59 70 712 
70 14 279 
54 21 514 
99 79 497 
62 101 760 
37 16 460 
73 44 545 
46 92 651 
80 19 567 
43 102 108 
73 19 528 
72 68 37 
66 62 152 
40 6 389 
9 94 23 
34 52 677 
100 53 607 
43 55 24 
19 15 636 
10 92 771 
67 14 158 
52 28 489 
98 92 271 
91 72 444 
40 36 311 
21 39 800 
79 49 552 
89 44 397 
41 32 527 
64 55 437 
28 59 570 
26 75 751 
30 59 537 
45 38 486 
52 12 660 
22 5 160 
67 100 620 
82 32 356 
29 80 569 
73 13 783 
97 36 309 
82 64 111 
87 16 491 
48 93 652 
34 36 92 
10 39 269 
70 21 224 
47 99 451 
79 49 218 
28 99 778 
24 60 374 
72 49 12 
24 72 386 
69 37 727 
61 21 57 
98 49 784 
34 21 339 
39 5 756 
71 52 305 
85 4 129 
89 60 139 
67 26 272 
36 64 710 
12 88 544 
88 2 680 
40 88 639 
50 83 809 
32 96 639 
56 88 448 
55 3 791 
66 41 555 
34 82 629 
74 96 777 
76 64 694 
11 25 265 
