8 6
250
67 9 97 30 80 37 30 8 1036 
82 12 69 17 49 6 101 13 660 
95 54 64 48 31 40 27 6 1183 
79 36 79 99 74 80 20 50 669 
34 48 60 21 87 52 98 32 679 
48 58 41 75 45 35 78 102 1190 
14 21 80 59 6 76 41 53 875 
9 85 40 91 99 101 52 70 803 
97 76 69 14 52 100 85 81 585 
60 6 94 46 23 74 83 8 360 
79 77 44 87 82 36 81 90 577 
20 59 61 42 26 77 70 83 314 
32 102 71 81 76 26 28 83 576 
82 65 65 67 10 93 71 75 1130 
26 13 96 35 35 64 53 67 275 
91 20 82 18 78 42 49 53 82 
63 99 3 19 60 102 89 101 308 
86 54 51 70 73 53 85 46 854 
34 100 69 9 30 11 4 39 773 
69 65 89 25 21 59 87 11 926 
93 8 54 96 48 36 39 69 160 
75 23 49 32 35 34 72 17 649 
42 55 71 94 17 23 38 22 438 
40 64 35 94 85 64 77 94 464 
19 39 54 35 73 63 98 31 200 
18 39 32 57 54 5 6 47 680 
8 101 93 33 60 27 100 101 65 
81 83 40 87 56 43 96 55 952 
3 9 85 10 98 88 7 22 1023 
7 84 12 32 90 40 9 71 1134 
49 88 82 28 37 74 58 19 589 
80 34 84 91 63 101 28 5 467 
75 100 5 7 28 40 44 95 206 
98 51 95 2 80 88 51 49 823 
100 77 74 13 54 81 40 29 1085 
3 18 23 12 6 87 2 36 867 
91 44 61 44 86 44 57 62 826 
57 80 55 99 42 16 34 30 345 
68 63 48 26 69 102 51 43 935 
98 87 47 10 2 46 17 62 70 
10 58 92 32 58 94 14 85 601 
37 6 78 9 80 79 59 36 888 
27 67 77 62 95 46 68 61 918 
24 49 80 11 84 83 10 26 880 
40 38 7 55 15 86 53 15 447 
2 91 9 70 53 68 74 92 1161 
33 50 65 49 67 99 19 91 448 
73 29 24 98 101 56 7 21 1206 
69 74 54 93 11 82 9 67 863 
70 56 97 14 39 94 88 80 936 
11 93 73 10 38 26 49 81 1065 
16 6 92 55 65 34 69 6 221 
45 42 41 85 41 101 29 51 429 
43 61 91 32 12 23 80 98 348 
29 61 38 30 46 32 95 95 748 
82 17 93 65 47 35 76 45 467 
40 28 54 74 83 89 91 8 251 
100 86 97 71 77 70 6 42 552 
84 17 98 11 92 48 40 48 419 
46 80 16 59 58 69 85 42 849 
79 58 80 51 41 40 11 97 120 
68 13 42 25 62 7 90 94 347 
45 31 38 7 36 37 55 46 351 
8 43 30 30 88 38 100 29 1033 
69 36 77 60 101 97 39 74 432 
97 23 20 12 71 66 41 42 128 
35 73 24 45 98 97 11 5 667 
84 40 27 6 26 35 22 23 712 
55 87 32 43 71 64 102 60 285 
13 98 74 65 91 48 28 67 680 
65 26 40 82 51 98 42 56 410 
12 93 99 87 91 50 8 88 682 
82 94 5 62 45 40 74 101 89 
84 21 51 81 80 61 79 60 1181 
22 75 38 36 3 16 31 92 824 
28 27 9 26 59 6 92 47 905 
55 5 83 2 10 52 91 60 436 
86 33 15 40 10 34 54 88 157 
22 48 93 90 33 55 72 47 896 
2 61 64 47 91 35 87 26 673 
17 22 66 88 48 45 81 46 718 
56 90 20 78 74 73 93 73 1221 
85 67 74 30 32 65 79 90 1213 
76 41 44 82 55 85 79 39 808 
50 35 102 49 11 89 97 18 698 
57 26 89 92 56 20 35 4 732 
85 89 92 3 11 60 46 7 67 
18 76 38 36 101 37 7 45 457 
2 38 57 87 35 16 8 23 783 
14 85 87 26 49 53 26 95 607 
78 49 26 44 5 6 84 80 512 
23 23 28 54 87 14 83 35 806 
6 100 56 78 98 90 96 34 268 
23 94 29 87 13 7 88 31 1175 
15 60 35 53 5 57 74 87 4 
40 62 100 75 45 16 87 21 1164 
98 102 53 38 51 73 84 63 1052 
17 39 12 22 68 58 18 70 917 
35 55 97 100 6 13 90 57 878 
26 49 51 15 101 94 12 92 364 
47 79 11 63 71 44 71 59 590 
92 20 96 44 60 77 41 54 812 
102 99 98 42 50 95 102 61 169 
38 4 39 21 12 78 28 73 1108 
67 74 86 55 31 48 65 100 452 
79 83 92 76 75 50 27 12 1132 
36 6 31 18 63 12 30 35 678 
13 73 11 20 18 89 87 76 975 
84 49 70 52 80 52 58 25 950 
26 64 31 91 95 101 85 94 816 
63 51 13 76 27 98 93 54 333 
30 61 67 5 92 101 70 45 778 
26 86 28 81 62 41 35 7 868 
28 24 80 11 37 26 22 25 304 
71 10 24 74 60 28 25 30 782 
15 23 74 32 24 52 38 61 103 
42 84 92 74 43 22 27 67 369 
52 21 26 43 85 69 76 101 426 
43 54 28 2 58 33 77 22 1024 
101 98 2 29 76 78 18 82 506 
37 99 69 4 49 96 98 75 120 
42 74 40 8 58 24 18 97 93 
85 42 28 60 99 23 38 29 840 
32 24 47 50 27 5 27 41 34 
70 41 7 34 6 85 24 37 592 
48 95 43 80 13 81 70 35 492 
17 79 101 48 68 22 27 68 625 
67 94 48 37 82 18 22 50 687 
4 52 38 45 39 65 75 93 413 
30 54 13 68 82 94 65 12 765 
5 24 74 87 9 40 34 59 525 
4 12 15 26 60 65 25 68 1012 
6 75 42 39 75 77 88 99 171 
42 101 14 56 74 73 56 18 323 
86 19 45 100 13 82 22 73 986 
23 6 97 50 45 16 12 61 457 
24 69 51 99 101 12 26 94 713 
33 50 40 44 72 43 39 41 602 
41 8 64 63 19 4 97 67 1141 
21 94 58 100 46 16 35 34 610 
79 89 20 35 76 21 23 91 280 
45 81 36 55 13 5 67 72 643 
78 64 52 49 4 35 19 7 1220 
4 35 6 26 11 41 94 62 649 
33 8 34 44 41 30 81 54 1063 
62 68 83 55 35 76 63 60 859 
2 32 86 87 18 71 21 21 692 
21 21 72 97 63 53 52 36 788 
22 35 24 24 70 52 49 59 471 
20 51 101 32 64 53 70 94 364 
71 48 92 65 25 22 73 62 411 
19 67 7 32 4 101 11 43 298 
50 80 64 36 40 61 33 3 854 
59 90 58 20 29 72 24 84 1073 
77 60 12 4 52 10 19 32 1133 
35 90 49 102 23 23 29 23 166 
69 36 10 33 34 24 52 16 882 
79 101 40 37 11 23 14 37 1023 
16 48 30 57 20 11 69 100 162 
25 59 70 37 93 8 58 56 582 
82 46 28 91 54 38 38 41 381 
56 100 81 29 90 88 40 15 915 
88 15 18 101 66 36 11 30 699 
6 44 9 34 81 57 75 34 1112 
60 27 96 94 21 80 80 14 1220 
36 98 71 84 99 80 33 73 503 
33 82 82 94 82 26 81 33 1192 
26 24 21 27 55 58 97 82 1081 
83 96 96 40 24 54 37 77 394 
90 25 47 31 3 11 16 44 639 
13 68 47 73 15 90 83 56 1099 
83 11 44 15 88 19 92 53 942 
49 95 60 30 59 7 94 93 103 
55 97 24 12 13 13 6 86 175 
45 12 83 8 59 70 64 55 805 
92 77 39 30 41 52 34 69 605 
96 85 11 42 81 24 81 31 721 
70 73 100 33 11 4 5 48 501 
98 43 38 92 68 6 41 4 195 
74 27 57 74 80 46 64 12 21 
7 5 33 61 29 31 11 96 1008 
69 60 68 37 27 95 11 38 322 
16 6 19 7 3 79 8 10 47 
5 98 95 56 71 101 2 100 527 
12 39 16 9 83 74 23 74 537 
52 39 2 65 65 44 20 50 79 
87 2 5 56 55 21 27 8 1201 
91 15 91 69 36 29 52 101 1209 
14 8 25 47 86 31 35 58 863 
6 43 35 53 38 23 95 18 1191 
42 57 86 96 84 77 76 34 721 
57 85 5 75 15 66 46 7 513 
85 42 19 76 23 99 51 23 798 
67 41 79 70 76 21 32 12 536 
17 20 26 50 73 54 72 80 904 
69 33 30 71 9 33 81 12 922 
83 68 36 89 48 63 12 11 1141 
84 89 10 86 45 5 22 31 1070 
20 37 71 67 6 45 25 83 1105 
39 98 34 48 90 67 45 51 539 
12 29 74 65 41 64 61 90 1115 
68 85 90 28 51 80 45 64 912 
8 18 63 93 67 66 73 75 152 
64 38 101 45 43 96 61 13 18 
17 57 98 9 8 19 54 59 1201 
4 13 50 55 4 29 92 40 406 
85 21 65 10 94 68 52 99 635 
94 24 44 96 69 40 79 30 90 
80 100 12 47 41 9 68 71 756 
66 10 36 74 55 5 63 78 1128 
41 9 64 33 60 11 67 62 429 
58 10 46 12 78 76 21 14 481 
25 40 82 57 44 26 6 87 1088 
20 22 71 41 36 93 48 40 262 
47 49 43 3 82 81 74 12 743 
20 56 34 61 55 43 66 40 472 
15 85 68 41 29 74 22 49 481 
68 19 76 55 66 40 55 77 797 
100 24 60 2 85 33 65 88 383 
59 61 70 31 77 98 54 35 676 
58 8 23 71 83 35 42 9 1141 
88 66 92 96 9 80 78 68 190 
83 14 2 36 78 42 43 65 1073 
73 39 45 81 3 33 85 99 842 
47 32 44 26 62 78 40 79 276 
43 65 54 92 55 11 83 74 254 
57 23 32 82 30 19 48 71 851 
53 10 65 61 13 11 11 33 443 
76 58 55 26 99 101 20 102 1222 
37 83 86 36 100 31 13 30 929 
41 66 4 26 81 93 9 89 847 
61 84 55 45 83 24 75 9 192 
70 32 27 33 64 30 19 12 1069 
87 19 11 36 50 85 36 72 817 
36 51 80 63 20 11 32 61 214 
49 95 3 64 63 93 16 44 1199 
53 10 4 76 9 70 6 23 864 
62 28 36 72 11 12 57 41 708 
40 9 14 18 3 6 12 72 217 
89 25 57 20 22 8 87 84 765 
67 61 44 11 60 98 41 72 404 
85 79 86 92 9 25 35 78 440 
87 38 9 100 66 39 53 19 1206 
17 43 8 31 87 29 50 92 972 
17 31 51 18 79 32 73 29 1135 
36 98 18 35 87 46 72 101 574 
57 69 97 8 60 42 100 26 357 
29 56 94 59 45 19 45 20 575 
89 71 61 79 29 39 46 19 258 
85 84 58 64 61 88 82 95 292 
