8 6
250
101 92 28 21 76 81 34 44 138 
59 85 92 47 72 53 67 66 1055 
47 42 90 97 46 38 5 66 30 
35 10 45 10 81 88 43 43 900 
64 71 31 49 89 33 42 96 552 
84 18 14 22 60 40 3 21 853 
71 5 48 91 18 12 78 101 418 
71 51 6 6 6 30 80 5 1155 
59 101 55 60 57 52 93 23 585 
92 14 52 7 9 62 18 73 468 
29 75 55 22 72 90 99 74 553 
43 80 14 86 44 57 46 46 248 
19 14 50 98 100 98 64 88 1062 
86 66 43 45 90 35 92 53 370 
43 39 31 67 63 85 7 52 522 
38 8 72 97 63 65 42 101 732 
92 33 77 59 60 86 3 15 97 
6 100 92 81 96 94 27 4 90 
94 53 53 67 93 50 55 28 987 
19 90 5 80 5 91 75 2 239 
57 86 81 47 67 50 78 3 637 
55 59 14 80 73 60 58 51 589 
11 27 42 29 6 33 5 86 300 
7 27 97 3 8 95 74 72 227 
30 49 89 5 91 92 98 2 854 
70 40 20 47 24 56 43 66 922 
81 30 82 50 43 82 26 73 930 
59 54 53 21 8 3 42 30 22 
63 8 38 53 33 6 64 37 565 
9 62 5 43 62 43 20 95 513 
41 82 7 8 81 21 16 41 598 
21 52 34 19 7 96 55 81 715 
42 30 98 78 88 9 36 19 134 
75 18 93 11 3 15 61 3 590 
98 57 29 19 39 94 57 45 1041 
16 92 57 11 90 83 85 80 796 
47 65 96 101 74 64 10 43 279 
59 12 51 21 60 5 48 59 300 
34 25 93 6 23 45 24 22 335 
57 66 30 13 28 24 50 16 470 
56 99 85 67 11 98 72 100 409 
38 97 34 54 65 33 58 54 685 
76 43 44 52 79 54 37 54 945 
96 49 85 29 73 46 67 94 727 
44 69 15 97 36 25 12 88 309 
97 5 3 99 56 77 68 76 887 
98 6 22 33 32 59 21 78 624 
52 11 26 90 89 73 74 17 1036 
45 81 9 21 42 93 29 42 598 
78 99 95 11 63 99 73 71 1076 
41 13 39 58 77 61 74 62 944 
3 9 19 32 27 41 92 26 1159 
67 79 65 31 6 92 10 45 960 
60 44 50 29 19 20 85 35 46 
49 89 6 51 49 82 16 28 405 
34 49 74 55 20 39 5 8 1127 
26 12 10 49 50 35 82 16 228 
31 77 92 101 48 94 38 45 455 
93 19 32 85 17 80 59 78 1174 
9 7 25 13 26 13 28 61 277 
98 2 41 73 70 35 64 87 625 
45 35 3 81 19 78 2 14 1096 
64 43 98 32 92 74 39 76 108 
97 21 53 81 75 89 72 42 520 
100 21 50 99 23 31 29 16 526 
97 29 90 49 12 14 23 66 217 
29 68 12 69 37 97 26 68 815 
2 66 62 15 12 79 36 4 1134 
43 67 22 68 5 79 31 43 571 
23 50 10 41 60 11 72 45 902 
35 33 86 56 75 57 65 29 606 
85 84 20 13 16 10 22 82 1215 
99 62 65 35 40 95 50 6 223 
60 64 9 53 46 68 6 3 864 
10 90 94 67 6 78 29 48 730 
31 12 37 102 21 80 12 74 1013 
12 101 95 93 8 71 39 6 797 
45 34 40 53 9 15 40 13 1132 
10 34 59 89 8 94 36 21 1151 
85 61 45 31 43 73 86 95 24 
79 19 84 24 31 101 13 86 175 
23 80 4 24 64 10 87 4 494 
28 25 95 3 59 89 77 55 562 
24 16 93 69 69 16 13 62 1152 
13 87 5 60 78 24 80 14 501 
94 63 99 37 46 41 33 60 856 
11 78 62 97 49 77 55 91 864 
25 57 13 90 13 3 16 77 210 
39 70 49 73 25 47 48 86 1128 
51 90 72 54 38 12 46 4 1029 
36 17 40 30 6 89 53 57 708 
32 5 52 97 23 71 24 96 1095 
24 39 56 17 51 65 85 6 16 
3 73 21 3 46 11 19 82 727 
81 11 66 62 22 70 89 18 987 
44 56 69 3 33 44 22 24 797 
32 21 68 77 47 2 88 53 1031 
41 31 61 43 80 43 12 45 1046 
27 64 19 87 30 36 85 43 621 
37 102 42 79 83 25 46 89 746 
95 6 66 66 77 72 86 50 1062 
24 3 78 27 93 90 58 97 733 
50 47 93 34 94 6 51 53 626 
46 63 50 38 99 93 83 18 477 
23 64 89 49 4 82 49 63 485 
77 12 10 54 23 88 65 98 514 
72 63 14 62 16 25 21 42 1062 
41 87 7 86 46 77 51 37 405 
74 3 45 13 87 33 66 76 512 
45 94 42 63 76 3 51 12 675 
29 63 49 66 30 64 95 10 924 
37 93 67 36 5 89 56 92 1161 
100 62 78 83 98 42 83 78 577 
49 80 14 6 37 36 22 24 896 
88 10 75 83 19 79 58 32 1022 
79 11 92 56 10 85 8 53 619 
81 48 68 9 85 54 17 49 374 
66 33 58 33 16 83 16 70 1008 
24 19 44 101 27 68 59 7 821 
59 95 72 31 100 86 86 43 927 
9 80 27 22 68 73 49 94 1207 
30 48 97 11 42 42 3 86 416 
10 83 24 102 53 80 87 60 658 
63 37 35 74 49 75 7 8 1096 
59 4 53 74 54 35 69 31 724 
74 50 55 32 30 16 52 78 736 
56 10 30 49 37 11 19 88 702 
68 58 101 24 6 36 52 46 1001 
85 38 31 91 34 24 21 15 121 
3 33 9 21 24 73 15 53 1207 
64 12 69 44 57 68 77 4 899 
62 52 46 21 81 86 34 69 486 
33 67 77 8 30 23 101 18 674 
52 49 36 29 11 56 37 91 415 
17 43 83 65 15 33 50 60 779 
68 83 54 25 89 57 34 84 1045 
25 58 84 48 45 41 13 27 678 
42 35 43 92 86 93 52 20 314 
60 70 54 47 59 72 60 35 427 
5 29 62 81 97 29 70 14 397 
54 71 100 44 55 90 77 11 310 
25 78 99 63 75 71 31 75 174 
35 81 101 14 90 12 6 10 1200 
97 63 40 16 24 74 60 100 600 
29 18 17 66 71 51 47 37 697 
39 44 57 93 51 24 15 37 407 
36 42 83 90 40 47 92 82 590 
89 10 56 27 5 76 22 4 703 
101 72 11 52 69 54 55 69 809 
45 6 13 18 3 89 41 27 712 
70 41 80 72 76 92 3 59 333 
5 14 41 82 73 49 67 16 801 
26 86 75 31 37 74 81 49 926 
39 74 9 70 88 80 18 54 777 
82 30 98 22 52 12 27 53 668 
29 65 35 66 53 89 23 17 504 
87 41 6 8 93 29 16 66 1046 
22 37 28 62 66 21 86 87 1050 
72 6 36 64 5 86 19 54 1021 
45 75 23 21 48 73 39 33 159 
62 76 39 71 8 88 27 7 194 
31 69 102 16 82 68 4 54 135 
9 25 38 21 90 42 46 73 1112 
67 3 91 57 25 35 8 26 133 
51 3 101 50 40 100 71 91 1034 
86 31 95 57 20 96 62 32 103 
79 43 88 99 27 36 97 62 53 
29 76 46 69 9 58 57 55 624 
14 61 87 40 52 101 57 62 522 
100 12 85 97 96 95 26 32 1022 
27 54 78 66 55 79 96 44 179 
42 19 23 39 101 67 45 50 878 
25 41 92 89 43 67 94 99 615 
23 34 82 54 45 80 75 33 8 
77 50 7 10 46 10 87 17 527 
23 63 13 20 53 48 23 3 1108 
95 40 13 12 75 58 29 75 122 
36 91 76 45 66 71 67 70 3 
68 17 97 84 4 28 24 73 437 
42 5 83 36 33 43 89 81 1136 
92 67 78 51 82 73 101 52 323 
71 80 99 44 55 85 48 57 1051 
97 13 38 86 90 4 23 90 850 
31 2 60 35 58 87 78 77 44 
27 19 37 26 85 53 2 56 1135 
40 100 52 100 90 78 57 94 835 
59 8 79 76 30 95 4 72 613 
70 38 24 15 68 80 81 23 458 
53 73 30 87 86 36 11 84 1102 
21 32 15 84 80 66 19 21 846 
29 53 91 44 25 16 3 34 223 
73 28 34 74 21 69 41 7 261 
42 74 24 44 66 48 5 85 484 
39 88 60 60 98 49 11 55 862 
50 11 50 16 86 54 18 41 695 
60 49 14 48 46 75 45 78 582 
49 86 89 45 42 42 76 66 566 
62 14 32 87 65 68 98 92 1175 
75 28 90 72 28 28 91 46 440 
30 93 44 87 18 22 101 64 836 
86 7 71 10 42 22 8 58 321 
29 76 85 48 52 55 79 72 617 
61 80 61 63 56 97 6 48 887 
6 77 99 12 87 3 100 15 1046 
29 67 88 70 66 72 102 64 864 
54 84 44 91 10 48 71 42 1030 
12 24 53 76 6 96 49 4 987 
31 19 90 84 50 39 70 52 59 
67 93 16 91 63 94 27 54 789 
33 17 70 53 43 47 19 90 1103 
37 56 63 94 23 64 91 72 552 
84 72 36 6 23 59 44 7 602 
72 23 63 60 51 54 32 19 1069 
15 81 79 45 67 62 49 35 1183 
45 75 72 54 102 93 49 45 999 
32 28 95 13 11 38 98 49 821 
31 78 7 12 64 6 77 78 1120 
71 41 8 76 59 90 63 100 389 
81 21 23 72 13 8 72 101 1107 
96 4 72 43 49 20 95 20 694 
94 36 13 68 79 25 102 81 47 
78 59 71 7 52 13 6 19 348 
48 61 67 101 42 65 16 83 909 
24 30 94 90 83 41 34 71 791 
23 15 43 100 72 35 4 96 521 
24 91 55 61 39 32 91 49 718 
94 95 96 50 54 99 51 80 624 
14 90 78 31 75 83 48 85 44 
89 49 91 35 98 47 23 94 1116 
24 65 93 64 101 36 83 42 930 
73 75 64 47 51 94 84 93 82 
69 94 18 74 15 55 29 4 1223 
71 61 99 51 29 62 7 29 187 
62 52 91 44 50 35 7 78 130 
44 44 100 99 53 8 41 56 1224 
77 52 52 40 37 98 36 14 996 
81 24 48 4 41 24 79 24 499 
20 27 46 86 69 39 45 87 738 
4 74 10 93 12 75 62 33 947 
67 24 17 95 10 39 53 27 658 
67 42 5 78 22 31 67 23 359 
58 93 85 15 97 52 38 34 484 
75 90 14 74 45 11 47 14 7 
28 27 18 9 34 44 85 80 555 
59 28 54 81 28 91 46 5 485 
97 54 28 67 58 79 100 80 457 
44 94 99 96 33 10 30 41 1176 
15 51 61 43 32 19 7 81 79 
90 96 64 25 30 41 71 52 738 
76 63 71 42 11 56 6 44 1050 
