2 2
250
61 16 84 
18 91 81 
34 83 41 
40 63 364 
60 39 33 
61 35 292 
4 40 383 
51 92 20 
29 87 248 
12 39 7 
7 16 335 
48 76 226 
82 21 201 
64 14 370 
44 37 238 
10 97 207 
101 74 159 
49 98 280 
94 12 102 
18 91 17 
61 24 179 
10 35 192 
9 13 255 
55 81 59 
24 42 107 
5 9 223 
48 21 370 
12 13 269 
65 60 75 
16 57 264 
32 66 121 
47 5 368 
49 35 11 
13 3 340 
90 49 377 
27 26 230 
45 91 11 
72 72 288 
15 51 45 
80 48 305 
31 95 232 
100 24 62 
87 79 151 
38 58 303 
54 37 75 
9 24 265 
75 40 141 
64 73 269 
64 62 387 
61 34 224 
82 71 357 
30 84 33 
29 92 101 
80 42 193 
22 9 135 
30 20 142 
54 7 110 
48 7 35 
43 69 93 
93 37 253 
22 28 183 
84 58 354 
89 27 216 
12 83 131 
42 98 398 
89 44 261 
35 36 174 
62 9 112 
30 36 265 
81 89 63 
87 38 225 
65 60 61 
5 40 210 
48 43 380 
84 44 102 
97 7 37 
13 55 104 
61 60 6 
21 62 79 
19 56 91 
24 10 155 
40 27 184 
79 80 157 
85 86 20 
15 89 380 
51 81 265 
4 35 118 
58 71 138 
92 29 320 
56 45 400 
98 87 341 
31 26 139 
57 46 70 
82 20 115 
73 30 282 
23 48 289 
10 72 331 
56 17 86 
95 68 160 
6 50 402 
69 25 141 
42 89 405 
23 86 258 
61 96 142 
50 25 64 
3 87 168 
67 71 331 
10 48 300 
19 43 286 
65 38 238 
97 53 393 
20 15 388 
96 33 165 
72 102 254 
10 51 311 
48 8 377 
7 94 329 
100 42 322 
20 61 314 
63 25 190 
31 60 196 
7 66 175 
40 32 41 
22 9 224 
3 97 283 
21 102 397 
99 73 143 
80 59 178 
80 99 49 
20 2 221 
20 35 34 
96 42 171 
16 5 345 
35 10 312 
85 87 348 
28 99 183 
11 101 242 
81 65 213 
13 54 5 
6 29 275 
33 22 122 
58 4 304 
49 9 224 
30 6 396 
15 66 255 
60 97 295 
60 54 407 
69 10 8 
97 41 284 
58 85 362 
43 12 309 
19 4 359 
49 29 341 
13 81 369 
92 84 386 
64 69 407 
92 55 232 
31 48 308 
69 66 52 
30 63 257 
7 93 100 
68 89 384 
23 98 252 
76 14 279 
91 49 298 
11 79 110 
9 35 296 
72 68 122 
34 14 262 
2 52 156 
78 21 269 
23 8 359 
68 26 387 
2 43 289 
40 17 170 
90 42 403 
5 60 357 
88 23 118 
93 37 103 
97 36 305 
32 23 189 
25 101 380 
4 70 170 
87 45 216 
34 8 375 
4 34 208 
90 46 296 
67 100 374 
53 92 397 
39 32 290 
65 74 368 
22 72 81 
27 17 70 
50 88 293 
60 20 62 
37 56 62 
39 91 16 
76 8 369 
4 67 98 
56 75 36 
98 67 157 
72 24 293 
65 14 149 
74 79 71 
36 42 236 
3 10 326 
79 18 149 
84 2 169 
69 91 267 
102 20 23 
98 72 172 
10 55 86 
35 89 391 
45 74 173 
81 66 51 
89 42 271 
35 4 236 
46 80 233 
74 15 266 
99 5 135 
8 65 384 
33 79 29 
77 27 357 
39 69 85 
86 36 181 
96 6 149 
31 83 200 
101 69 67 
50 54 378 
87 38 162 
58 38 344 
65 39 38 
50 50 358 
7 13 62 
81 98 141 
39 62 180 
15 80 40 
31 70 92 
86 9 393 
80 85 103 
16 92 365 
50 83 128 
38 23 396 
37 48 230 
51 26 284 
36 22 291 
84 13 375 
51 74 238 
32 29 279 
64 81 121 
