8 4
250
42 97 75 32 25 95 19 36 47 
64 18 48 7 87 18 75 59 416 
101 39 52 66 36 44 2 3 142 
51 63 18 44 37 100 79 62 718 
23 90 36 32 84 54 65 30 194 
62 68 71 71 6 92 78 80 676 
41 78 63 33 32 24 78 71 596 
92 23 83 50 30 27 30 54 565 
19 71 57 100 3 8 21 42 285 
50 82 59 27 68 59 17 40 680 
29 92 60 14 56 15 81 75 63 
44 14 40 46 43 54 23 61 77 
30 43 77 57 14 91 89 30 726 
18 66 56 27 35 92 44 3 503 
13 6 17 44 21 30 100 78 234 
99 6 41 7 6 9 49 90 791 
10 73 80 71 27 28 26 65 74 
55 20 81 49 4 42 93 12 447 
96 88 24 50 59 38 63 92 196 
52 12 62 49 79 47 95 36 245 
85 44 81 91 20 58 21 47 480 
51 52 4 101 16 96 54 55 17 
77 62 16 44 10 37 4 76 430 
51 8 42 36 56 70 12 9 556 
77 7 69 67 31 14 79 14 329 
24 53 98 68 97 26 45 20 605 
18 43 36 46 89 46 6 72 322 
21 17 98 35 91 9 28 79 391 
36 12 33 4 67 98 97 82 188 
59 84 13 18 93 37 96 96 542 
36 33 20 25 64 61 75 61 792 
46 91 64 91 42 20 79 11 70 
46 16 78 40 51 9 23 49 717 
30 5 25 63 41 97 43 94 373 
32 13 50 73 31 9 101 53 744 
63 70 44 95 41 85 29 53 651 
93 98 84 13 4 16 73 47 457 
76 85 52 68 50 51 74 49 796 
62 74 87 71 40 100 18 62 651 
48 37 65 43 36 90 18 52 779 
65 20 11 36 2 86 53 28 553 
44 97 21 95 23 94 87 69 642 
96 24 60 86 97 44 37 27 79 
95 35 52 63 53 100 55 11 235 
90 28 74 3 20 15 32 76 535 
62 55 16 73 58 69 12 23 236 
40 81 25 70 102 77 77 60 755 
20 82 46 23 42 14 66 99 336 
9 95 5 47 56 23 78 76 589 
97 23 79 85 53 31 71 18 250 
7 22 28 99 29 62 22 14 766 
23 41 15 5 10 61 28 5 234 
27 94 27 5 94 27 5 82 303 
17 37 31 17 54 26 83 60 624 
17 11 68 46 27 44 29 57 289 
61 94 16 21 60 50 3 46 191 
8 5 31 3 96 49 25 7 634 
67 9 89 91 24 51 84 13 765 
64 84 70 85 78 39 92 46 713 
25 99 79 83 16 10 3 77 454 
50 15 17 21 23 22 66 64 394 
50 72 73 66 38 49 57 40 507 
58 25 29 94 13 52 62 102 73 
3 86 95 81 90 49 96 37 796 
81 45 63 50 21 16 91 44 603 
19 61 62 32 28 77 48 47 425 
31 58 4 67 61 23 13 65 635 
57 72 84 26 72 4 51 78 777 
3 9 6 15 5 72 79 45 332 
50 72 60 19 34 45 96 67 646 
97 16 86 42 39 57 38 35 585 
94 95 91 61 83 52 82 47 311 
50 18 54 35 90 18 83 64 759 
22 40 40 41 32 7 24 56 506 
13 63 72 51 79 72 100 87 412 
54 92 91 10 39 89 7 49 407 
29 65 28 69 61 77 64 18 778 
36 54 65 86 38 29 90 71 688 
70 101 41 84 37 5 68 31 593 
6 14 3 52 37 85 57 97 744 
38 46 3 97 89 63 77 66 265 
89 70 55 64 22 70 5 39 395 
13 47 30 25 3 33 4 61 38 
96 86 20 82 30 43 38 55 203 
85 75 14 80 9 73 73 81 495 
21 44 94 34 50 100 37 46 414 
65 15 45 73 95 30 58 82 653 
17 9 42 14 28 69 46 22 524 
38 35 40 59 54 25 72 85 139 
14 64 38 22 48 86 92 75 325 
84 14 82 86 24 29 93 58 582 
23 9 18 27 91 30 36 100 93 
15 8 63 22 2 11 13 46 153 
46 97 64 58 24 55 29 64 65 
86 54 13 13 68 98 54 51 625 
3 89 75 11 88 49 75 79 543 
81 64 14 73 75 80 10 49 503 
12 67 87 65 100 29 22 52 376 
102 4 43 67 70 53 35 13 469 
47 37 11 16 84 47 88 51 810 
98 15 82 35 4 20 36 44 688 
94 39 91 48 91 38 3 75 611 
28 15 96 63 40 64 22 65 103 
55 97 85 42 79 51 30 26 298 
68 69 2 25 33 28 69 43 600 
71 101 48 75 15 11 72 63 291 
7 37 78 20 15 41 8 83 381 
4 54 62 41 20 67 102 37 56 
77 5 84 70 96 99 91 54 520 
68 82 85 75 72 19 16 25 729 
63 50 56 63 19 52 81 67 725 
15 32 83 83 75 79 5 98 470 
56 38 42 81 31 63 78 42 13 
66 30 85 46 27 97 77 41 709 
55 16 88 34 91 31 10 77 181 
85 87 9 7 73 76 61 62 707 
51 84 21 94 87 79 51 18 304 
8 72 6 88 8 36 93 52 670 
73 24 49 13 73 56 41 95 448 
96 60 59 10 87 67 11 28 470 
69 63 30 11 85 75 94 4 46 
20 99 81 75 17 23 94 90 314 
41 40 12 68 55 95 24 56 469 
82 100 87 41 79 82 78 25 725 
56 64 41 76 21 72 50 24 782 
78 23 46 38 18 99 29 71 723 
49 4 10 37 89 31 18 15 34 
22 81 22 101 99 94 34 40 213 
102 67 21 43 19 33 99 48 274 
16 45 83 91 14 10 93 31 176 
83 20 77 12 60 8 68 30 353 
78 79 26 54 6 80 73 29 37 
72 8 87 79 41 42 97 4 565 
25 33 69 15 10 70 72 54 162 
53 92 9 15 77 91 90 23 567 
12 64 41 5 20 87 5 24 186 
39 6 82 37 16 58 39 45 790 
79 65 71 58 84 55 61 22 305 
100 59 33 98 91 20 73 88 331 
32 22 16 84 11 88 47 36 393 
42 18 78 53 77 34 94 13 471 
2 56 82 89 46 100 50 8 529 
93 43 16 64 66 30 18 9 191 
85 97 56 85 13 50 6 21 40 
64 49 83 101 6 80 62 73 264 
62 45 77 18 36 6 23 56 756 
36 80 53 49 37 70 11 11 134 
6 19 45 34 84 28 95 88 481 
85 94 39 38 4 95 98 57 524 
50 69 63 52 64 59 58 73 333 
55 16 14 15 92 97 64 59 439 
91 31 63 52 25 50 47 40 506 
57 100 79 60 53 82 6 63 338 
57 55 58 89 78 14 87 42 587 
49 72 4 44 77 47 42 9 217 
5 100 47 16 8 25 97 2 597 
66 97 65 34 11 31 56 9 30 
100 4 55 51 67 85 78 100 556 
62 15 25 34 20 46 55 3 512 
99 44 50 34 94 78 41 23 366 
10 17 63 75 90 70 43 44 42 
76 56 36 64 40 10 57 37 709 
52 34 79 22 80 10 69 59 532 
58 68 12 79 13 46 40 69 672 
9 89 27 57 92 79 41 82 384 
31 37 6 42 79 59 91 90 724 
70 90 39 55 8 33 5 88 617 
97 99 45 92 25 72 28 50 390 
64 97 44 102 83 100 63 40 185 
63 18 91 55 90 24 57 72 645 
47 56 83 96 54 7 3 46 678 
6 41 13 36 16 30 12 29 763 
49 70 9 41 94 70 10 44 569 
88 43 11 23 37 55 93 82 769 
69 70 45 39 100 39 17 60 809 
13 30 4 63 46 63 31 10 17 
74 9 64 15 88 13 37 17 23 
76 84 6 60 44 36 36 45 489 
53 12 72 72 25 36 71 99 116 
70 27 100 50 95 29 53 22 601 
34 56 84 34 4 85 37 43 615 
97 55 87 70 29 3 3 80 804 
34 4 86 30 46 90 99 69 731 
7 28 92 79 9 25 62 4 727 
80 21 10 88 37 84 61 76 363 
31 2 101 99 50 17 30 21 145 
92 5 12 95 37 37 96 32 129 
88 21 48 64 9 26 13 25 483 
93 48 69 4 72 72 46 70 545 
93 9 80 77 50 89 7 72 809 
81 86 85 75 94 7 68 75 449 
100 68 95 77 88 27 58 40 603 
53 90 36 43 51 69 70 5 186 
39 13 73 61 59 39 27 35 314 
78 20 55 64 38 98 17 48 14 
76 18 24 56 21 13 15 56 670 
67 40 37 18 7 91 84 31 512 
86 41 11 58 51 55 88 82 165 
23 91 55 39 28 5 68 96 710 
3 86 93 62 48 5 57 62 772 
5 62 15 66 81 9 36 32 62 
94 20 69 70 69 41 93 95 534 
32 30 14 34 52 13 4 83 370 
74 27 95 8 3 92 61 85 166 
9 59 12 48 5 97 98 76 624 
22 35 18 54 71 55 39 27 257 
84 74 12 4 64 100 63 64 51 
16 88 19 79 12 86 21 85 294 
58 86 27 19 38 78 36 84 398 
31 22 57 42 71 77 61 78 94 
12 8 97 14 86 43 91 84 715 
61 45 25 34 34 88 19 84 342 
8 67 38 36 69 82 51 35 347 
53 76 19 44 20 36 75 11 632 
43 46 101 86 30 56 91 77 316 
28 99 90 71 25 89 36 54 94 
77 79 40 18 64 54 101 41 65 
73 20 27 91 61 25 11 78 310 
45 25 39 84 47 94 43 26 295 
57 84 53 32 10 68 24 100 265 
41 27 83 50 87 91 48 20 468 
16 39 40 66 62 49 52 93 244 
76 95 34 48 77 41 18 46 463 
59 43 12 61 69 63 93 72 421 
58 97 39 50 38 29 37 29 709 
100 93 24 6 82 19 38 50 39 
2 95 52 45 34 43 35 91 630 
50 57 72 78 75 92 97 95 783 
94 28 59 7 13 49 54 19 436 
37 55 63 95 25 21 59 93 627 
4 16 65 98 17 49 52 90 595 
19 24 19 34 11 89 23 46 179 
49 97 84 5 93 16 90 100 295 
18 57 34 53 22 85 15 96 650 
35 98 13 12 58 25 77 37 779 
38 5 47 76 74 80 99 12 781 
97 101 25 51 11 19 13 35 268 
43 68 4 37 20 17 9 90 395 
12 39 41 61 30 58 21 54 771 
94 44 85 56 56 12 89 21 774 
59 86 89 96 102 25 93 36 558 
95 3 87 32 69 86 32 89 595 
59 38 73 69 32 59 25 21 745 
52 89 15 94 50 101 22 53 37 
63 18 39 19 70 96 90 28 415 
11 64 77 101 25 69 39 32 675 
26 91 56 33 73 82 33 43 381 
58 3 55 88 12 18 81 71 575 
38 42 70 79 81 6 8 15 471 
18 52 66 48 57 20 19 98 500 
