2 2
250
27 90 261 
86 42 293 
39 88 33 
18 70 227 
35 100 220 
13 56 358 
74 57 135 
43 56 10 
6 47 263 
41 22 240 
66 25 408 
2 33 134 
93 84 319 
5 88 333 
20 49 345 
79 96 326 
96 68 114 
102 44 287 
45 85 140 
64 83 388 
9 100 274 
51 54 184 
57 34 272 
23 22 295 
12 71 280 
53 26 32 
19 29 207 
86 47 219 
33 66 331 
32 59 197 
100 31 8 
85 97 358 
17 71 386 
42 23 254 
15 74 189 
58 92 300 
4 94 244 
29 47 220 
47 25 218 
15 20 361 
66 28 306 
20 25 373 
73 28 301 
83 39 225 
15 80 24 
90 73 297 
9 77 300 
10 30 267 
90 74 344 
50 40 296 
36 3 208 
8 78 391 
89 97 205 
57 87 262 
102 23 226 
7 16 273 
50 58 213 
83 8 176 
17 58 397 
12 32 208 
9 25 360 
3 48 146 
6 9 11 
11 3 311 
25 55 369 
12 10 32 
12 86 238 
19 101 335 
23 56 388 
10 93 80 
101 79 266 
101 50 253 
78 101 304 
22 2 31 
67 41 225 
78 60 219 
54 7 199 
92 102 190 
95 92 97 
8 83 378 
43 98 63 
85 13 100 
13 26 22 
31 36 39 
35 92 340 
53 55 248 
29 47 392 
44 58 352 
73 11 317 
21 8 237 
40 72 75 
84 81 18 
94 83 115 
33 67 140 
50 26 292 
41 59 41 
65 44 152 
65 81 147 
98 101 168 
31 15 11 
49 94 72 
49 92 263 
93 53 47 
81 61 292 
35 98 328 
64 95 131 
17 33 212 
70 58 264 
23 78 369 
84 87 328 
65 65 282 
28 86 295 
19 3 138 
9 50 25 
100 86 341 
67 32 339 
57 36 25 
11 16 333 
53 80 152 
55 28 62 
76 11 269 
33 18 388 
4 9 50 
10 47 375 
100 9 339 
48 72 293 
83 58 186 
9 29 210 
77 56 202 
90 77 26 
37 66 308 
21 35 161 
42 70 278 
90 65 95 
73 49 362 
16 13 30 
100 7 38 
67 74 288 
71 69 335 
16 58 254 
48 17 133 
8 75 333 
18 81 302 
46 8 10 
6 95 378 
24 38 326 
65 63 177 
44 91 288 
99 72 376 
7 52 274 
59 28 49 
8 44 197 
93 67 304 
9 99 130 
35 57 403 
9 63 322 
80 49 126 
4 54 389 
21 6 107 
64 11 13 
91 13 123 
9 88 328 
92 100 208 
46 34 289 
7 57 259 
14 11 141 
74 92 38 
15 29 14 
38 57 301 
18 89 159 
24 31 232 
74 20 351 
4 28 280 
20 18 259 
30 35 63 
62 99 394 
34 9 385 
94 92 76 
96 78 344 
29 72 129 
9 76 45 
14 24 13 
16 36 155 
79 12 340 
68 55 302 
47 87 383 
90 79 239 
79 86 327 
46 32 160 
40 80 170 
4 77 228 
39 14 174 
55 18 47 
14 48 257 
61 57 396 
13 28 151 
46 50 373 
92 41 383 
75 31 367 
33 70 375 
66 77 230 
98 77 145 
30 31 172 
34 95 281 
85 77 126 
97 20 122 
85 35 20 
4 96 121 
52 14 147 
64 66 336 
54 24 199 
21 51 289 
9 65 324 
64 85 397 
97 15 228 
25 9 261 
65 80 48 
62 50 141 
89 63 332 
29 48 261 
101 68 264 
62 81 289 
22 66 110 
62 91 228 
52 23 206 
9 10 332 
76 30 19 
74 100 353 
73 94 304 
16 34 357 
91 82 69 
17 64 72 
35 37 138 
87 4 180 
39 6 362 
58 12 110 
86 82 220 
102 55 77 
62 30 278 
80 91 355 
98 8 132 
41 73 39 
41 37 240 
35 76 296 
50 91 105 
62 37 386 
100 17 337 
50 32 211 
36 91 110 
100 58 144 
