6 8
250
15 72 77 95 91 49 1541 
17 6 31 50 69 67 150 
72 15 60 31 12 44 1145 
57 19 62 49 38 99 1519 
60 35 78 60 20 23 323 
42 71 52 58 25 22 520 
42 55 31 92 62 60 968 
90 37 40 77 83 15 943 
55 17 47 55 52 3 923 
73 55 92 51 46 91 490 
46 10 76 88 24 40 255 
66 33 59 78 41 36 1156 
100 40 85 39 9 64 1420 
56 7 5 75 21 77 1127 
102 41 43 18 71 31 712 
29 67 90 62 77 44 1456 
86 90 78 14 70 88 1184 
17 9 13 39 29 45 1469 
5 73 15 4 65 48 1049 
94 18 63 72 6 29 1161 
76 97 79 35 22 100 1141 
19 28 63 54 92 98 1388 
34 32 81 43 88 56 383 
96 77 59 14 98 27 1501 
74 18 44 65 60 3 675 
14 36 6 10 47 22 1417 
46 54 53 75 52 81 987 
88 84 30 20 76 50 1301 
22 22 23 26 75 80 722 
13 22 90 33 97 46 317 
98 77 36 43 35 39 808 
25 8 40 48 48 34 1418 
36 16 47 87 56 64 1507 
16 85 86 74 44 45 553 
34 65 44 57 37 43 1460 
9 96 79 42 13 32 1588 
16 84 80 29 48 59 1252 
8 45 48 43 84 29 1346 
93 52 71 93 96 18 1476 
46 98 93 12 92 99 435 
21 70 47 45 33 97 1628 
3 7 47 98 87 59 429 
21 98 16 55 16 9 265 
46 10 51 19 17 9 1148 
88 90 19 58 62 52 1421 
77 4 101 53 34 85 1475 
47 26 97 11 60 66 398 
2 79 59 78 92 12 1223 
63 98 27 19 90 31 238 
20 30 42 27 9 41 727 
96 17 4 84 26 28 1623 
86 56 11 58 45 48 1406 
12 62 82 71 42 14 236 
8 75 36 46 55 78 442 
97 57 85 53 27 82 100 
64 57 96 68 87 77 1249 
44 19 62 47 85 30 122 
71 62 58 69 29 32 1437 
43 70 40 73 52 74 1448 
100 27 7 20 68 82 787 
7 87 5 57 39 40 1050 
59 76 101 72 50 22 433 
97 29 86 100 52 20 344 
89 58 97 37 5 90 713 
94 58 30 19 50 61 1050 
77 55 14 92 94 26 1383 
96 42 3 4 55 64 53 
100 23 22 19 64 29 287 
32 10 22 36 52 23 1061 
20 73 55 101 62 64 334 
76 74 10 59 96 38 1522 
18 96 35 52 28 43 1528 
37 10 3 88 34 49 739 
47 94 59 44 5 22 1235 
71 50 5 94 2 85 388 
51 14 61 70 93 26 221 
16 90 86 26 82 73 1357 
65 54 15 30 17 77 479 
82 53 17 93 19 20 771 
48 32 60 27 60 72 1410 
98 43 20 43 25 34 515 
7 75 20 25 50 94 102 
98 92 66 87 10 96 1126 
63 46 79 76 9 68 1108 
60 28 101 24 3 99 1090 
13 97 89 95 45 100 1228 
80 99 70 70 27 43 806 
42 95 43 52 78 19 575 
99 43 69 18 68 66 764 
49 21 3 49 98 41 1399 
96 79 94 66 99 96 1350 
49 10 8 83 27 21 289 
35 60 74 28 81 34 224 
56 22 79 80 36 30 511 
80 70 23 31 4 66 750 
18 51 88 81 26 54 816 
35 63 36 42 47 31 236 
62 30 23 18 10 74 664 
59 17 89 65 67 53 1121 
43 87 54 26 57 74 269 
12 89 49 58 81 66 339 
61 44 39 91 101 19 297 
41 2 15 96 93 7 965 
35 101 18 60 3 83 1504 
78 84 19 92 59 100 823 
44 76 63 31 10 22 1601 
75 51 76 68 37 53 30 
86 41 32 65 69 59 1253 
89 33 99 80 84 31 1351 
62 23 101 44 21 70 1587 
28 55 67 85 87 63 982 
52 45 94 68 33 92 1503 
46 89 29 93 43 76 889 
45 65 53 28 93 17 218 
31 77 26 18 85 6 946 
88 67 82 83 98 19 619 
90 7 14 54 40 93 267 
36 74 53 80 96 45 1352 
91 17 59 96 48 49 342 
70 70 53 50 88 36 933 
24 48 12 46 59 19 909 
60 41 76 55 27 99 1554 
5 75 39 91 64 77 1582 
52 25 89 53 72 19 328 
39 63 6 54 59 61 187 
27 44 36 39 28 29 515 
78 85 43 23 52 28 1059 
98 15 61 26 61 62 1177 
25 24 96 89 102 38 347 
80 72 3 70 40 86 1267 
33 5 54 38 50 67 1215 
43 49 32 22 93 57 673 
50 47 30 99 101 41 39 
21 43 52 29 93 12 1600 
14 42 55 14 44 89 1053 
12 9 91 13 97 100 1350 
78 66 69 10 83 82 492 
27 75 73 41 47 77 196 
65 4 11 58 57 78 462 
9 79 10 52 70 79 613 
40 41 88 6 44 22 710 
79 85 20 13 32 70 1418 
69 84 75 99 14 55 777 
7 82 57 42 23 56 1128 
89 61 60 15 5 95 1430 
36 86 37 5 58 70 1403 
21 93 47 27 10 43 652 
97 37 55 58 26 92 535 
62 34 67 22 67 76 1464 
26 62 100 29 77 101 544 
100 40 96 58 86 64 1403 
91 11 17 15 15 31 1508 
26 8 59 81 5 57 1209 
55 72 85 93 96 98 1559 
33 49 100 35 44 9 1580 
99 61 102 42 30 49 1151 
24 52 10 54 47 99 1627 
56 44 50 75 46 61 738 
70 13 67 92 67 92 952 
64 19 82 73 25 98 447 
49 59 41 76 10 6 496 
22 77 41 51 101 98 1253 
7 52 62 100 49 54 465 
50 36 52 65 58 14 984 
35 30 83 25 4 74 118 
87 11 100 38 58 17 788 
38 29 43 68 97 84 927 
69 21 75 77 46 101 1622 
24 91 13 54 93 72 1424 
50 60 28 99 25 72 334 
43 64 64 94 39 82 191 
10 11 99 64 33 5 1073 
10 10 50 60 76 10 1024 
21 89 86 66 47 63 1444 
71 17 71 73 14 38 425 
59 14 85 9 21 90 240 
83 17 92 63 69 24 643 
52 81 41 52 64 60 361 
77 79 30 94 21 25 634 
96 30 92 21 69 42 830 
98 66 53 57 22 50 630 
74 96 6 80 41 51 306 
38 32 23 52 81 6 1344 
37 58 17 101 67 78 1419 
89 102 44 101 84 91 891 
16 91 97 44 12 85 51 
85 26 16 82 76 22 940 
100 71 71 90 38 70 998 
11 37 57 57 74 54 1387 
96 63 81 60 63 66 362 
43 28 10 71 22 81 841 
34 4 22 93 58 31 1456 
33 75 13 48 22 95 88 
56 42 89 39 34 20 1454 
65 37 24 15 58 37 936 
45 63 21 17 91 12 1263 
36 38 66 18 24 98 1032 
90 70 14 43 73 19 1422 
89 23 34 91 63 64 1125 
69 99 80 102 96 34 1439 
15 94 33 33 86 30 325 
6 24 23 12 24 28 1217 
69 13 75 87 21 72 919 
41 89 29 30 49 10 1097 
40 89 19 30 66 77 1227 
78 83 12 89 91 69 1346 
101 13 81 41 39 96 1621 
89 7 17 77 64 34 1205 
7 6 5 39 21 55 1073 
37 6 83 60 53 101 1495 
32 65 100 32 5 76 654 
78 50 91 13 16 70 846 
84 4 55 4 45 3 1158 
79 9 52 72 17 19 1041 
9 100 83 88 97 10 924 
44 18 48 61 60 36 468 
58 16 28 7 87 16 873 
4 30 58 10 100 23 870 
58 50 62 90 59 78 1129 
52 10 27 21 62 97 654 
88 9 45 87 69 44 334 
94 26 66 32 5 12 84 
71 26 80 99 89 5 1398 
70 88 73 3 60 61 106 
8 3 88 27 21 15 263 
23 15 25 33 80 35 1046 
26 98 60 56 68 66 1315 
86 49 24 75 94 56 294 
24 75 86 12 85 16 1407 
25 80 7 86 99 91 793 
13 58 68 11 72 24 724 
92 15 49 94 97 28 366 
56 66 53 29 61 100 1617 
42 41 23 98 21 80 8 
20 55 72 71 77 34 1182 
93 58 66 23 35 76 527 
62 39 20 89 90 66 1131 
16 56 59 40 93 51 1161 
19 48 15 54 46 46 1169 
62 79 25 22 96 52 1028 
11 89 7 28 26 69 1310 
4 4 10 33 16 33 73 
101 15 33 86 84 3 1214 
12 53 72 91 32 63 10 
62 98 69 96 16 8 85 
69 54 13 68 85 93 246 
45 7 23 32 15 69 990 
66 93 38 13 51 91 1612 
38 38 39 97 8 82 686 
9 43 38 2 27 101 526 
