8 2
250
91 97 58 14 77 79 77 25 99 
22 52 26 72 54 10 5 43 221 
75 93 79 66 87 11 44 57 363 
74 40 60 11 31 2 57 62 398 
72 84 82 33 33 63 69 88 365 
10 12 52 63 93 75 16 95 53 
87 27 12 49 72 22 90 5 346 
68 13 24 26 18 93 12 35 241 
76 44 62 18 99 101 22 36 183 
41 13 49 86 97 37 90 71 147 
89 25 14 61 45 30 78 3 306 
70 87 96 60 52 61 17 41 210 
55 72 30 13 29 38 78 51 376 
40 84 18 88 38 49 58 25 39 
49 17 101 34 41 98 26 54 201 
53 83 63 90 72 58 86 37 406 
10 78 99 78 86 96 37 40 80 
61 83 51 50 5 29 51 70 101 
54 23 32 33 89 76 89 27 278 
34 52 14 62 4 3 49 50 191 
14 73 33 7 99 3 79 67 291 
2 5 80 35 41 4 33 34 61 
71 79 91 25 91 61 28 6 362 
9 101 81 50 3 57 83 39 398 
95 50 26 31 56 24 5 89 92 
92 100 13 12 30 72 88 80 291 
59 91 84 74 80 95 14 72 269 
94 54 4 25 54 4 6 40 343 
93 42 24 70 22 4 39 39 23 
80 99 73 11 64 25 86 26 195 
18 23 72 33 19 86 58 13 145 
22 69 48 11 8 92 88 98 154 
51 91 71 82 37 43 90 36 298 
97 86 92 81 41 30 56 90 70 
16 62 25 40 14 12 69 19 287 
61 71 93 83 24 68 88 37 142 
80 38 88 30 45 84 13 63 111 
47 43 29 20 57 20 75 74 145 
16 13 80 62 15 21 73 31 268 
84 16 63 26 96 6 96 78 215 
33 88 20 43 28 52 85 23 310 
45 43 16 75 9 52 33 73 98 
59 20 24 69 59 16 19 31 192 
67 23 49 25 26 81 67 44 352 
20 76 87 29 79 94 45 30 358 
53 11 9 13 95 24 83 39 236 
32 66 31 6 26 99 6 19 408 
30 22 19 37 9 67 66 15 397 
41 31 43 32 26 31 28 67 82 
42 56 31 27 44 89 23 37 321 
59 16 52 90 26 62 94 17 36 
72 18 4 44 50 81 27 44 33 
18 101 42 2 79 61 79 66 259 
73 5 79 32 16 74 88 9 406 
49 53 8 84 41 12 22 58 202 
20 99 8 52 102 2 81 7 148 
41 59 38 93 13 62 98 23 47 
33 42 4 32 58 43 82 80 373 
4 37 63 32 82 24 11 62 272 
59 23 6 79 53 11 38 50 205 
65 58 42 48 87 20 101 91 65 
49 89 44 68 72 24 11 79 288 
77 11 79 17 84 53 95 41 407 
9 56 92 95 96 10 93 19 89 
53 58 52 45 33 93 8 64 296 
27 93 53 83 70 75 41 63 160 
75 50 76 91 55 48 20 93 144 
28 56 95 35 77 55 3 60 89 
23 34 79 88 11 22 80 70 197 
50 28 88 18 56 35 71 20 280 
49 64 6 6 27 42 58 82 33 
81 94 19 100 82 12 54 20 120 
64 90 41 56 13 86 100 72 266 
51 11 2 62 66 59 87 55 393 
20 19 8 39 32 30 15 101 314 
33 52 48 79 67 38 6 10 125 
31 95 53 21 8 58 77 9 290 
9 22 30 62 15 29 15 36 5 
25 26 60 13 43 14 9 68 79 
21 74 47 66 57 58 29 58 246 
48 100 13 52 64 24 60 7 324 
51 74 39 21 65 33 38 84 341 
74 20 54 41 14 42 39 58 145 
28 46 66 74 35 60 69 70 146 
92 74 65 37 56 38 35 60 387 
84 3 11 16 30 76 74 56 155 
10 9 88 73 16 8 89 33 253 
17 79 40 82 54 97 97 48 40 
23 39 66 18 8 56 47 57 227 
29 14 18 93 101 81 22 61 250 
51 21 61 59 50 24 76 20 332 
58 4 51 15 21 85 66 54 71 
75 94 3 34 27 61 52 63 81 
48 26 80 62 62 94 36 48 108 
53 65 91 44 44 90 75 91 216 
9 15 95 35 28 50 64 49 276 
62 19 96 102 9 90 5 30 380 
6 99 44 59 81 75 58 16 361 
30 33 52 15 62 38 8 46 195 
28 15 100 32 100 15 27 76 120 
34 53 58 4 42 16 97 71 377 
12 52 36 23 79 14 61 36 66 
20 49 60 60 96 65 42 79 63 
97 76 100 31 34 7 46 27 257 
34 28 93 38 20 93 46 98 383 
15 7 39 88 73 66 99 9 112 
73 76 59 95 64 65 101 2 388 
96 83 20 31 79 54 52 29 32 
26 84 32 69 16 100 72 29 293 
80 11 5 36 34 27 80 74 206 
8 41 67 31 39 20 98 52 61 
78 86 30 87 38 46 59 75 104 
99 6 63 61 25 37 93 22 371 
94 62 51 95 53 7 4 46 359 
45 98 47 14 73 66 86 96 174 
45 96 75 62 79 61 102 83 277 
91 49 18 32 40 19 29 6 367 
67 84 35 26 85 94 58 16 316 
83 87 35 99 77 31 94 50 110 
20 34 85 92 96 73 39 14 395 
74 15 60 30 88 70 76 21 49 
12 22 13 83 6 65 83 21 389 
37 94 74 89 39 92 92 11 293 
9 77 91 64 89 72 98 86 6 
21 55 102 68 25 59 19 85 117 
18 39 30 22 11 76 77 4 84 
27 86 78 70 40 79 98 69 180 
25 50 35 43 87 22 64 64 272 
98 71 71 17 72 56 63 76 293 
46 89 68 17 88 87 52 73 406 
27 53 17 25 72 59 15 97 145 
98 77 54 10 60 49 10 82 135 
53 12 17 24 9 65 7 54 327 
80 10 63 50 93 17 23 39 48 
54 75 102 14 4 77 21 68 406 
22 38 31 21 9 9 54 101 248 
87 6 46 53 20 20 79 37 353 
76 50 86 39 89 23 37 58 29 
35 41 10 41 4 43 66 87 67 
53 61 3 56 98 94 56 38 138 
70 3 57 84 38 69 91 47 75 
18 84 51 10 86 53 2 21 244 
55 48 3 4 89 35 4 28 312 
87 22 54 94 86 53 90 70 227 
54 54 5 43 52 59 26 50 13 
69 45 77 52 56 79 35 3 367 
34 68 15 23 82 12 93 6 106 
68 26 101 100 22 18 98 50 274 
58 14 97 46 81 41 32 37 337 
3 37 67 76 61 84 63 57 10 
44 33 74 95 52 49 33 59 102 
6 71 25 61 57 8 12 78 363 
97 90 89 76 93 47 30 92 282 
62 94 66 18 38 67 16 55 72 
97 65 65 51 15 23 16 28 269 
62 44 82 61 66 85 95 69 275 
17 70 42 28 68 62 80 73 269 
62 90 35 59 47 4 91 17 55 
28 48 77 68 62 67 81 69 194 
91 3 30 83 25 72 100 101 348 
80 71 99 5 73 43 57 56 159 
35 5 99 80 72 51 72 69 88 
94 51 10 77 49 100 15 90 287 
40 81 67 65 62 48 18 13 189 
18 26 76 36 12 8 28 49 266 
52 13 33 81 13 58 50 8 203 
79 5 24 101 92 85 73 19 306 
76 71 45 54 64 61 5 56 178 
49 60 41 5 50 2 35 65 317 
41 62 70 11 17 56 98 41 35 
26 18 36 93 65 95 33 54 316 
24 100 51 74 78 59 14 4 195 
12 77 57 24 68 29 7 34 236 
9 67 56 91 57 25 53 81 156 
12 57 98 48 74 98 25 13 263 
31 70 86 13 99 15 8 88 264 
55 5 53 8 88 33 37 26 357 
25 35 45 28 23 99 21 5 189 
54 66 5 61 100 57 65 79 261 
76 97 70 43 85 71 60 100 312 
89 6 72 67 13 49 11 2 319 
23 5 49 89 95 96 69 57 91 
64 97 6 98 45 11 69 64 120 
21 84 53 76 69 25 22 33 404 
79 89 55 58 52 100 78 44 300 
19 88 4 76 76 30 49 99 15 
74 94 62 62 100 51 20 92 77 
30 49 38 27 69 64 97 93 276 
71 8 46 8 21 3 38 52 309 
29 47 10 25 29 73 21 50 163 
41 18 91 6 39 63 82 51 390 
40 94 21 43 82 85 62 80 369 
61 68 74 61 26 50 76 93 185 
12 7 21 67 7 21 24 58 304 
81 67 71 86 28 73 7 100 240 
59 88 67 27 64 51 82 63 335 
70 81 94 43 33 48 18 71 179 
78 75 89 102 21 25 10 84 58 
24 77 42 3 56 28 91 19 24 
82 87 45 72 87 47 39 56 315 
84 39 36 24 70 59 29 31 106 
74 59 69 44 19 82 37 60 349 
44 68 27 69 54 16 43 38 346 
3 8 90 44 65 67 48 28 182 
82 101 9 85 76 27 102 19 248 
40 40 70 65 37 28 61 97 361 
54 17 87 22 84 34 74 28 93 
40 32 96 4 97 93 38 58 242 
80 62 94 102 69 37 55 4 397 
19 40 74 64 85 70 78 96 48 
61 61 20 77 12 50 5 64 357 
69 38 45 79 29 81 69 83 143 
99 54 51 52 69 82 37 57 362 
53 78 49 27 28 3 81 79 392 
43 6 52 46 99 6 49 88 271 
56 42 13 95 97 5 36 81 173 
65 11 94 40 42 57 61 54 353 
43 44 12 44 100 52 85 28 314 
87 55 57 46 5 83 15 82 65 
79 60 83 46 93 49 61 19 276 
6 5 66 97 86 47 20 8 182 
59 15 44 63 12 71 28 50 108 
89 21 8 13 27 61 41 84 384 
7 99 52 65 85 83 85 81 93 
15 93 71 12 28 98 39 59 277 
76 19 50 15 20 45 23 74 400 
63 95 81 6 57 4 53 15 40 
96 96 32 63 80 32 48 15 237 
59 79 94 12 76 70 94 68 267 
48 95 81 9 44 13 85 24 353 
46 11 37 69 62 16 89 45 258 
40 14 41 20 68 8 87 66 389 
8 54 21 13 15 92 39 7 83 
33 89 54 21 80 59 46 5 19 
25 92 19 81 25 34 7 56 218 
29 30 29 75 24 80 17 79 286 
70 34 98 47 33 57 96 58 229 
14 20 36 84 76 65 4 65 304 
80 29 31 89 8 61 38 12 317 
95 60 67 76 6 3 89 78 288 
10 79 61 65 87 68 78 95 148 
21 47 55 65 73 61 6 39 206 
43 83 28 39 11 23 79 2 401 
93 40 16 35 98 100 95 95 349 
17 18 44 64 13 15 25 20 267 
26 32 89 8 72 69 53 47 389 
46 73 70 41 88 87 70 87 226 
24 87 51 57 73 80 76 91 89 
11 81 71 15 16 93 57 55 288 
13 87 70 49 85 52 5 51 91 
