4 2
250
92 101 6 78 360 
67 51 46 15 196 
28 64 69 100 84 
10 22 83 88 280 
95 60 40 5 356 
17 97 48 72 21 
78 22 21 71 222 
90 93 69 86 144 
26 17 8 98 156 
50 40 95 46 387 
46 25 97 91 12 
35 63 3 90 301 
72 5 75 10 292 
8 44 99 46 132 
19 55 99 53 185 
81 54 44 67 163 
79 4 4 78 248 
55 27 32 69 89 
29 92 81 12 268 
23 43 100 26 132 
7 43 51 14 317 
93 28 46 46 97 
83 21 38 51 394 
69 3 100 49 76 
83 14 32 25 20 
29 76 89 88 100 
40 56 20 35 142 
38 56 92 100 284 
29 83 88 46 166 
11 56 32 16 401 
22 46 53 8 210 
95 13 28 10 206 
19 42 60 22 350 
29 3 5 16 248 
16 12 102 80 372 
102 28 89 84 391 
75 46 75 90 18 
96 5 13 84 170 
28 29 84 50 213 
89 25 68 60 55 
10 53 18 55 345 
12 46 75 17 212 
69 26 46 14 315 
76 68 72 18 375 
26 92 23 75 144 
89 30 54 28 18 
78 61 31 71 360 
24 30 22 5 384 
52 32 98 32 303 
3 85 73 73 320 
23 55 53 68 362 
20 33 45 20 400 
84 94 49 13 307 
10 97 77 26 226 
48 48 69 24 173 
96 95 92 101 138 
6 60 83 50 339 
26 11 65 82 287 
93 88 4 7 53 
59 85 87 57 271 
8 9 49 18 135 
76 88 31 26 385 
27 42 46 87 384 
26 13 101 30 211 
101 35 97 56 262 
62 46 64 11 347 
13 10 37 35 113 
99 13 68 17 37 
40 82 41 88 186 
53 44 19 13 361 
48 86 59 6 276 
75 14 95 53 297 
32 25 22 41 338 
19 7 13 59 398 
15 48 86 22 56 
21 96 11 10 57 
20 29 53 23 160 
30 53 34 67 221 
87 19 16 44 321 
17 62 2 5 118 
48 33 62 15 307 
2 102 40 92 200 
82 5 87 40 223 
5 74 101 102 226 
68 75 47 5 55 
98 33 44 43 401 
60 96 8 82 278 
89 69 40 48 159 
30 15 43 19 304 
84 34 78 90 308 
45 63 2 50 257 
74 88 59 2 323 
71 60 99 94 369 
88 99 7 72 277 
38 36 55 63 111 
55 34 31 31 129 
66 57 56 68 227 
99 95 60 19 391 
3 12 40 69 285 
72 19 52 28 361 
87 29 8 22 162 
11 10 41 23 43 
42 59 30 71 65 
16 6 33 39 381 
95 40 90 76 274 
28 98 89 93 231 
38 84 4 42 190 
39 51 36 28 190 
91 56 39 9 227 
45 84 71 53 229 
68 88 15 35 391 
49 41 34 55 57 
15 23 50 67 304 
60 57 90 24 322 
67 72 7 92 20 
40 3 84 21 97 
46 29 38 37 367 
52 71 71 46 406 
100 18 82 15 136 
70 8 75 34 397 
90 96 49 74 369 
98 83 25 31 236 
48 59 15 32 284 
89 88 15 77 101 
91 88 46 25 330 
51 92 94 59 152 
34 31 51 24 145 
52 82 65 47 383 
71 49 42 89 221 
43 5 52 45 190 
84 96 100 10 36 
4 52 26 94 170 
8 91 67 94 106 
19 10 94 97 81 
9 25 70 83 226 
44 48 59 71 163 
48 41 51 13 226 
40 32 43 15 136 
102 58 74 6 358 
83 84 51 63 152 
35 13 58 25 162 
61 28 19 55 272 
58 96 57 54 387 
69 41 56 39 358 
89 69 81 64 83 
53 53 66 95 305 
62 99 98 34 28 
38 86 28 74 393 
14 15 90 49 314 
8 4 22 11 87 
43 30 14 75 206 
69 34 96 5 363 
10 64 26 80 27 
61 100 24 48 242 
85 16 84 42 309 
75 81 34 87 59 
51 34 57 74 138 
34 87 24 84 163 
5 92 24 85 360 
52 91 12 43 75 
10 81 76 52 156 
29 48 74 100 314 
90 3 11 91 164 
78 9 54 47 301 
76 77 42 8 230 
95 93 101 54 108 
86 71 93 69 25 
72 60 8 36 26 
89 16 27 7 211 
4 82 35 45 50 
45 39 67 69 182 
35 41 70 96 183 
38 48 22 74 378 
21 12 44 86 286 
21 3 19 41 354 
62 52 37 56 220 
15 61 58 42 340 
49 6 26 25 297 
33 91 14 92 286 
43 96 55 14 133 
95 40 51 75 380 
44 22 28 82 345 
85 6 16 42 132 
79 92 81 90 187 
17 88 22 13 160 
31 91 30 71 188 
68 99 25 24 249 
77 11 85 49 171 
29 80 46 40 368 
29 78 74 60 378 
53 17 67 69 70 
9 20 40 36 260 
55 94 59 36 78 
87 83 94 81 235 
70 8 34 49 78 
39 44 83 23 48 
56 19 72 78 387 
53 35 58 7 220 
58 73 51 86 363 
37 23 11 22 21 
49 86 95 3 103 
47 85 20 50 326 
67 39 19 25 41 
38 25 83 42 277 
55 27 88 27 7 
99 59 50 60 343 
18 34 64 18 265 
72 26 71 53 205 
70 17 10 28 362 
21 56 28 76 217 
14 43 72 54 213 
24 100 70 101 117 
89 37 62 66 262 
35 77 3 60 164 
14 56 31 92 407 
40 19 63 39 336 
44 33 76 7 295 
77 65 12 66 176 
74 58 72 25 256 
36 57 46 64 230 
46 55 70 36 168 
60 14 82 54 59 
7 39 33 19 351 
58 62 57 94 364 
72 67 38 17 277 
58 86 8 29 271 
85 75 101 82 158 
91 65 42 66 60 
65 84 60 52 156 
37 27 55 39 27 
75 2 54 75 351 
81 19 55 68 345 
76 7 55 88 128 
34 40 53 81 396 
95 22 93 80 106 
90 9 88 79 133 
34 33 71 23 379 
85 23 28 96 245 
74 13 76 82 165 
60 31 74 21 28 
99 76 76 42 55 
55 11 76 49 401 
73 33 77 36 217 
45 38 34 95 198 
12 13 58 21 103 
84 48 13 40 276 
61 37 69 73 144 
60 59 31 10 163 
75 49 82 98 362 
43 37 42 29 396 
