6 2
250
86 62 94 80 43 39 348 
69 84 19 92 81 82 97 
76 30 9 62 94 86 57 
91 93 39 47 10 15 134 
93 75 18 95 72 47 176 
11 24 20 66 81 40 378 
73 94 61 21 24 26 381 
14 53 81 27 95 81 390 
71 56 36 35 26 55 313 
11 3 99 11 36 83 264 
8 91 98 15 48 23 75 
102 81 27 87 91 41 320 
24 39 70 79 69 49 167 
70 86 33 57 87 18 253 
93 63 13 90 46 31 28 
64 85 14 49 60 79 282 
78 10 50 37 16 100 352 
66 31 34 70 35 26 156 
7 67 61 63 7 58 38 
19 17 99 47 12 74 248 
56 58 32 11 72 74 377 
78 85 22 73 20 78 112 
34 81 22 12 7 70 232 
21 55 88 55 23 62 238 
96 52 92 5 28 27 43 
75 4 61 65 54 48 121 
83 41 91 89 82 84 349 
38 79 37 7 6 6 144 
5 46 58 51 14 36 335 
35 32 70 94 52 19 240 
79 64 49 55 25 29 153 
15 99 68 43 80 75 238 
75 57 100 24 24 77 285 
60 5 17 43 13 49 197 
12 23 97 32 67 29 239 
17 90 55 83 79 100 368 
49 91 10 35 63 26 245 
77 72 72 31 44 91 81 
61 34 14 13 82 91 18 
78 74 13 15 48 102 238 
69 48 43 47 79 82 46 
16 9 9 52 26 90 141 
53 27 4 25 40 41 231 
58 43 72 99 11 88 292 
20 99 22 17 26 4 37 
26 30 86 66 11 11 185 
27 7 63 58 3 71 100 
49 11 92 10 63 4 46 
7 73 50 71 95 41 392 
12 89 36 101 88 28 112 
99 20 61 30 32 13 127 
38 11 42 10 19 49 290 
90 33 9 65 2 100 81 
59 37 97 18 71 51 63 
20 29 59 17 46 99 206 
93 33 82 33 92 82 281 
65 10 63 79 94 27 90 
58 29 38 88 30 10 162 
84 66 14 63 64 18 77 
84 85 95 75 52 23 396 
102 29 35 12 20 53 384 
29 36 42 79 26 95 252 
102 23 30 18 91 13 37 
69 70 72 30 66 52 331 
27 70 5 44 6 27 231 
102 6 78 12 59 47 226 
31 75 86 40 25 59 336 
65 67 59 63 12 90 135 
62 65 84 56 3 15 13 
68 38 37 22 70 7 406 
19 54 7 34 67 56 156 
97 88 92 44 95 101 254 
5 48 83 96 39 26 166 
43 97 58 58 34 54 258 
39 51 21 56 54 85 187 
15 54 31 46 37 97 265 
79 94 14 9 16 43 257 
92 56 27 34 84 61 311 
59 51 78 35 3 77 238 
39 73 90 44 18 18 369 
96 54 52 4 31 77 263 
5 46 51 20 13 2 191 
97 96 24 72 25 71 229 
5 54 13 35 22 9 162 
22 27 68 100 26 74 393 
4 77 32 55 86 14 220 
7 29 17 92 77 14 175 
80 67 74 95 49 37 370 
102 41 71 11 71 27 339 
21 86 22 89 30 52 378 
20 94 19 41 60 4 401 
27 98 45 47 97 99 175 
61 96 7 79 40 8 11 
38 63 46 17 89 73 348 
45 97 5 49 63 52 243 
75 57 56 91 34 94 304 
45 28 66 75 30 42 246 
92 17 12 92 47 92 336 
33 75 26 73 33 15 335 
2 42 100 36 49 85 352 
41 53 90 7 15 30 380 
38 83 44 60 32 27 221 
82 95 59 19 62 79 172 
84 32 20 3 81 94 176 
87 67 41 84 59 76 206 
66 23 87 34 65 91 390 
94 84 14 3 90 30 83 
49 44 19 89 8 46 236 
24 72 7 36 37 52 206 
17 5 79 75 53 6 71 
74 74 87 99 90 48 364 
50 8 2 94 66 25 159 
26 24 97 53 32 94 172 
54 82 100 29 41 48 315 
81 38 30 38 26 5 305 
71 34 92 20 100 70 303 
66 6 44 73 29 14 373 
83 84 24 24 13 77 85 
94 89 72 51 3 14 279 
72 75 57 42 22 66 223 
91 7 35 33 26 70 358 
78 58 58 14 36 88 402 
56 7 16 15 30 56 315 
48 22 71 99 58 8 383 
34 88 33 9 50 39 373 
79 92 92 89 10 35 70 
33 16 39 69 28 72 69 
69 43 28 94 12 79 180 
87 65 36 70 64 96 179 
72 27 6 88 51 9 313 
18 26 28 22 23 62 62 
8 34 32 32 38 79 264 
47 7 17 40 61 49 377 
28 58 22 48 41 75 250 
91 35 83 79 64 42 212 
19 2 74 90 19 31 322 
34 6 40 27 18 81 100 
22 91 50 91 62 86 365 
70 9 76 84 89 56 70 
101 52 55 76 39 15 118 
7 45 52 44 20 16 386 
54 84 23 25 96 39 284 
46 35 90 4 58 64 201 
96 100 8 32 77 64 136 
56 87 53 81 68 98 64 
49 100 49 43 73 97 66 
27 55 61 95 19 49 226 
19 66 74 84 53 82 46 
47 46 15 45 53 64 400 
99 72 46 30 43 56 396 
36 43 63 87 69 35 282 
47 49 38 60 17 80 153 
23 81 99 17 18 6 11 
57 36 100 21 35 20 114 
85 18 67 78 95 60 339 
25 13 98 85 49 44 406 
99 78 87 39 86 63 312 
93 48 15 27 52 97 324 
9 65 68 36 17 43 252 
33 73 84 23 22 56 397 
70 3 34 71 64 5 237 
60 15 84 52 59 53 378 
71 55 53 46 65 6 68 
50 32 51 33 3 40 270 
7 5 18 66 9 81 92 
48 82 58 89 94 23 203 
52 86 86 61 92 71 253 
20 34 79 59 53 83 84 
73 85 40 64 67 94 214 
12 69 88 52 74 72 98 
74 97 59 73 84 69 402 
48 67 75 13 71 6 356 
73 40 9 58 100 4 306 
100 20 27 30 31 99 161 
19 101 10 20 100 40 188 
39 23 88 71 16 24 101 
20 68 53 98 90 67 162 
30 80 96 76 71 51 305 
79 33 45 55 72 62 120 
68 66 95 73 68 43 140 
20 24 89 86 82 53 327 
54 76 34 43 34 102 363 
23 16 46 32 91 73 244 
91 44 18 47 64 97 211 
3 60 27 24 26 7 45 
58 9 92 90 100 97 105 
59 13 13 39 62 42 187 
53 51 43 79 72 76 118 
82 74 41 20 57 30 207 
19 9 22 11 96 80 264 
9 56 44 93 79 36 133 
33 6 9 4 57 8 207 
11 86 46 56 33 84 312 
38 53 72 45 68 77 166 
6 94 31 68 64 83 181 
97 101 88 95 42 98 199 
69 34 18 102 25 2 33 
25 77 57 65 98 90 290 
5 73 49 12 61 94 112 
14 81 38 96 27 8 57 
88 60 62 93 88 30 278 
21 56 45 46 77 35 333 
18 76 4 67 95 75 379 
29 41 85 83 6 24 225 
55 82 8 100 96 96 152 
19 97 75 12 62 5 339 
19 6 69 87 61 47 392 
7 36 31 34 35 23 238 
21 79 12 84 8 15 272 
76 39 48 83 41 47 405 
81 32 57 35 72 12 43 
37 18 98 47 78 61 197 
47 79 68 63 75 81 401 
20 65 30 56 92 19 176 
69 23 5 22 3 99 108 
7 76 101 65 13 50 344 
63 16 39 32 56 21 120 
62 82 23 67 68 3 251 
69 29 81 82 95 69 279 
97 95 27 77 64 24 168 
6 69 100 64 33 16 231 
51 93 26 38 100 16 29 
43 85 57 37 98 67 155 
49 22 85 20 83 18 269 
23 14 57 94 99 90 230 
15 25 5 37 89 7 75 
37 57 46 97 55 64 221 
12 72 42 68 59 5 234 
49 17 47 52 100 93 115 
81 72 46 3 28 52 118 
62 54 2 11 62 22 48 
68 40 25 30 56 14 48 
45 16 27 41 87 101 270 
10 60 87 91 16 92 231 
87 3 96 29 13 28 203 
19 42 60 99 86 48 331 
79 24 24 46 81 19 148 
57 21 64 43 53 65 215 
96 18 22 48 32 57 329 
40 31 2 45 88 64 105 
77 70 44 3 56 87 127 
38 65 48 37 75 22 124 
84 34 88 62 65 99 97 
26 40 54 56 93 3 162 
95 24 2 95 57 13 328 
53 22 42 100 80 24 238 
55 76 13 58 37 53 228 
99 16 85 25 67 4 208 
31 93 49 65 86 94 174 
43 47 45 21 12 52 128 
