8 2
250
52 61 55 3 19 56 95 22 126 
92 21 15 57 12 42 52 78 290 
68 18 2 5 11 73 94 93 342 
96 40 95 15 83 98 30 11 10 
60 84 53 84 7 62 21 27 27 
16 38 69 98 15 89 99 76 153 
59 48 52 84 10 27 73 101 334 
40 78 41 19 30 3 40 94 385 
22 87 13 43 86 86 67 80 227 
19 100 27 8 18 9 61 73 254 
54 78 76 27 13 8 80 84 200 
70 100 10 68 60 23 95 79 364 
28 19 64 69 19 33 72 56 4 
59 34 62 33 60 59 41 88 65 
23 97 75 7 65 4 37 100 327 
49 53 42 6 15 42 20 35 222 
102 87 62 45 57 59 8 23 206 
91 38 42 53 28 74 8 74 333 
18 23 56 62 34 21 53 24 14 
62 56 20 22 15 27 5 41 5 
58 80 42 18 102 44 54 48 252 
42 98 26 71 100 43 60 4 53 
2 41 55 43 94 35 56 47 276 
34 71 25 17 50 89 73 52 386 
44 101 23 14 10 88 59 12 108 
81 93 58 79 64 13 14 4 408 
49 17 87 9 64 56 76 22 313 
41 27 50 39 100 50 48 18 14 
93 90 33 69 86 84 9 78 221 
14 56 9 14 5 48 89 25 144 
11 37 39 69 40 90 12 20 346 
80 43 96 10 33 48 10 23 61 
71 82 33 5 102 88 2 65 269 
71 29 24 4 52 76 15 39 330 
68 26 52 45 59 67 99 31 142 
62 6 25 64 6 84 33 20 177 
6 8 37 53 69 77 24 43 371 
64 78 93 21 97 96 67 44 393 
66 28 25 68 8 73 54 42 242 
44 9 26 42 73 34 33 11 130 
48 17 60 77 23 19 76 37 218 
46 43 10 32 99 63 88 69 378 
22 40 2 66 101 29 18 82 138 
69 24 6 61 90 88 64 21 113 
41 91 7 8 93 73 20 10 404 
53 14 12 64 56 6 41 13 291 
33 83 18 33 61 43 85 9 53 
51 87 54 24 70 80 36 49 318 
90 16 48 31 48 92 30 67 277 
25 7 70 3 21 79 17 33 156 
13 10 32 67 25 86 60 71 97 
49 30 47 34 30 9 28 54 396 
27 4 37 28 5 96 75 62 9 
47 50 67 77 9 39 42 25 159 
50 25 93 64 73 79 69 83 152 
25 93 79 63 77 70 82 92 117 
5 87 8 39 94 65 85 16 87 
60 74 23 9 94 7 71 80 119 
8 65 34 60 61 23 59 51 282 
27 86 76 100 97 20 11 39 156 
35 13 33 30 81 59 58 11 41 
18 18 101 74 94 98 41 76 111 
99 46 28 86 82 44 96 60 122 
49 62 79 5 100 57 69 38 274 
100 80 86 76 4 52 14 43 138 
72 54 94 79 61 23 93 14 379 
14 51 33 91 36 23 30 11 200 
35 15 19 46 7 58 31 43 391 
45 24 44 78 74 41 11 26 25 
39 72 3 58 15 88 64 57 355 
38 11 46 65 49 96 3 81 116 
18 27 49 38 50 20 27 50 368 
53 38 79 94 82 12 18 92 158 
50 79 102 33 85 52 71 96 133 
53 82 77 51 77 95 13 95 403 
61 3 24 85 33 67 98 13 80 
12 45 31 37 49 59 57 56 12 
30 87 45 99 69 56 88 76 277 
17 4 63 85 83 89 13 59 365 
19 67 47 37 37 74 33 61 206 
5 19 35 21 95 23 93 85 34 
58 64 36 70 99 60 99 83 37 
60 29 64 43 25 92 69 41 364 
59 95 52 73 68 10 6 84 232 
37 98 11 42 94 100 81 57 389 
58 51 70 90 40 56 65 75 131 
90 64 95 45 54 57 34 36 366 
60 88 98 27 65 17 3 64 349 
102 20 37 66 64 71 97 14 365 
24 71 57 98 10 95 79 19 84 
65 94 46 56 11 60 11 23 284 
101 32 88 55 89 78 70 65 227 
99 26 102 27 50 42 67 12 265 
36 65 80 5 51 49 97 39 285 
43 48 11 79 57 43 101 98 333 
6 71 84 81 29 46 39 82 379 
22 41 47 6 91 100 95 76 240 
93 98 83 41 60 52 8 29 72 
48 22 70 61 28 54 61 64 170 
85 57 37 36 68 71 56 76 403 
27 39 59 13 85 83 84 10 406 
2 66 13 35 75 2 29 93 242 
27 63 15 95 48 29 59 13 80 
25 60 32 14 87 86 53 83 370 
62 38 39 89 78 20 54 60 398 
32 52 84 37 9 77 12 31 54 
88 34 93 32 55 74 64 61 206 
71 91 81 29 84 94 11 69 226 
24 40 87 97 42 89 31 29 250 
40 90 53 57 3 58 73 67 200 
102 32 84 67 27 19 70 85 285 
21 5 70 91 28 42 22 91 373 
30 92 94 5 3 29 13 26 289 
101 16 89 24 58 19 45 11 154 
75 58 14 69 30 59 20 13 96 
95 50 65 13 37 15 67 45 306 
59 98 30 57 56 3 49 70 284 
85 98 49 53 48 18 4 49 132 
81 63 65 37 88 92 6 20 309 
10 90 80 76 59 15 44 88 55 
11 19 4 13 23 61 90 37 62 
78 44 5 48 11 90 83 88 336 
14 25 13 40 54 38 28 41 328 
93 10 41 36 12 61 5 95 123 
32 70 42 5 49 53 77 30 313 
75 64 81 92 96 73 33 31 261 
4 73 68 69 87 84 81 98 110 
78 43 34 45 45 18 60 53 76 
44 11 77 62 65 26 61 55 315 
3 3 17 70 5 83 98 3 93 
66 65 84 60 26 53 26 101 354 
47 32 20 66 34 45 55 90 83 
90 45 10 44 10 35 7 80 390 
14 10 40 53 49 44 95 96 359 
38 87 87 27 38 65 39 16 94 
61 40 71 74 16 17 63 9 238 
17 25 58 52 55 48 57 14 371 
51 96 84 78 72 40 57 19 17 
37 65 9 46 7 95 12 48 165 
28 42 96 25 93 42 86 81 292 
34 88 34 41 72 26 74 90 86 
42 85 69 33 19 99 13 28 180 
53 72 20 64 41 8 8 31 293 
99 28 5 44 94 94 69 25 129 
73 98 96 86 74 18 75 72 259 
75 97 25 99 14 67 98 35 37 
56 72 49 28 34 43 54 77 256 
20 100 93 78 67 96 68 42 121 
52 70 100 3 92 71 45 36 140 
50 2 16 40 48 61 85 15 215 
86 48 66 55 34 99 56 57 296 
74 99 32 31 33 74 38 48 267 
13 54 82 80 85 101 9 6 308 
50 82 54 35 95 54 44 84 386 
67 100 38 3 49 37 98 73 150 
6 21 71 45 4 2 95 75 249 
74 8 65 67 48 30 23 8 306 
23 41 6 80 89 51 79 73 199 
31 11 7 48 84 14 64 5 345 
8 7 80 54 42 22 93 72 309 
34 102 54 10 82 44 62 78 132 
34 28 34 22 68 33 53 66 260 
58 28 26 53 5 45 45 17 4 
99 71 101 86 89 19 76 47 291 
99 23 31 65 88 8 82 32 315 
55 89 42 49 2 78 59 37 179 
53 83 98 11 67 67 43 65 29 
35 50 41 17 48 23 62 57 174 
36 94 42 21 73 75 68 93 118 
63 51 71 26 30 54 76 25 262 
77 90 59 66 24 25 101 49 335 
40 40 43 21 90 48 35 24 175 
5 35 12 25 45 76 38 82 58 
40 11 22 89 43 25 59 87 271 
88 72 72 20 21 26 93 30 217 
90 44 64 25 92 7 11 72 367 
56 54 48 85 30 44 11 63 157 
64 54 99 20 64 5 82 50 213 
75 87 15 88 33 17 23 51 158 
54 17 20 17 79 73 35 4 134 
22 4 44 30 11 60 88 32 311 
58 72 81 61 46 45 55 39 347 
79 71 23 33 65 81 6 59 191 
22 49 76 28 86 62 73 61 186 
12 46 79 57 102 3 41 67 320 
61 95 73 78 64 43 88 58 138 
14 92 42 65 26 54 14 68 340 
4 32 88 21 90 87 99 46 377 
10 23 71 21 94 100 3 47 259 
77 46 87 36 43 30 29 61 284 
7 48 22 27 46 36 20 39 143 
95 42 7 89 80 20 50 79 144 
67 94 99 44 65 81 91 38 91 
101 70 91 60 95 31 17 94 398 
74 86 80 37 3 57 65 10 24 
60 90 68 69 87 65 95 64 273 
74 66 86 43 38 9 14 22 280 
48 37 49 78 74 88 22 78 383 
59 32 93 44 81 56 76 33 198 
58 34 85 28 67 33 65 45 117 
16 33 49 73 24 84 89 20 301 
60 84 19 81 48 11 72 38 129 
78 32 87 31 69 8 61 58 359 
88 22 71 18 15 31 60 9 185 
48 89 10 11 57 63 83 18 198 
34 79 87 76 58 31 102 89 54 
45 87 66 44 14 68 96 3 398 
6 44 71 90 23 42 66 25 202 
25 69 77 26 50 54 59 29 325 
5 14 66 42 18 28 18 17 90 
83 6 77 44 17 56 65 79 300 
81 46 58 47 11 35 82 79 85 
40 21 38 15 87 86 89 93 364 
36 66 28 45 74 8 20 85 79 
76 83 53 23 62 74 80 80 341 
26 59 5 33 62 42 8 80 390 
87 70 21 93 58 26 67 32 52 
49 39 74 52 29 28 16 8 392 
71 19 61 67 36 9 3 65 140 
88 5 6 88 39 96 13 35 64 
102 86 27 29 58 33 61 33 170 
13 76 32 79 19 56 46 39 250 
39 23 36 14 92 95 92 80 111 
10 63 102 80 41 97 13 16 92 
73 44 63 30 7 6 68 92 362 
6 12 88 52 45 2 35 76 51 
83 89 96 35 39 80 6 53 284 
44 35 37 37 68 5 34 75 388 
3 10 17 32 49 2 6 88 281 
43 60 21 101 47 67 84 31 112 
30 40 7 84 26 56 36 26 231 
55 71 45 85 20 72 7 34 269 
99 53 42 96 31 53 11 65 380 
53 44 90 73 55 39 78 6 143 
93 20 86 63 98 25 46 53 71 
27 61 42 51 96 15 101 88 319 
89 36 12 55 75 63 63 85 334 
71 84 18 8 9 16 37 16 60 
83 38 57 19 52 80 36 86 19 
55 4 50 77 74 69 61 91 286 
27 39 47 25 102 15 43 77 280 
3 21 54 28 16 82 101 20 204 
25 72 86 34 21 91 59 10 330 
36 96 13 51 50 20 46 12 315 
71 60 38 44 78 77 11 35 267 
54 29 90 70 78 56 20 38 81 
88 95 21 58 68 94 34 9 332 
60 55 73 36 83 6 5 32 243 
16 83 95 11 25 88 25 7 329 
94 68 20 59 33 14 101 60 68 
