6 2
250
93 86 93 34 17 15 391 
62 87 55 29 59 18 132 
57 82 51 6 87 18 99 
4 44 70 45 57 7 243 
86 71 48 69 27 5 361 
63 90 53 55 49 71 288 
18 29 37 49 35 37 87 
58 99 42 77 61 64 361 
43 25 92 62 11 39 313 
18 9 61 34 14 46 383 
94 100 53 40 49 55 352 
18 35 97 24 72 40 113 
74 8 94 68 44 2 80 
67 63 95 40 34 96 4 
21 77 17 23 93 29 265 
101 90 39 14 11 4 106 
92 96 41 40 100 51 180 
3 69 68 73 45 77 109 
39 60 2 17 61 88 393 
60 82 3 81 13 65 296 
20 57 56 35 100 96 307 
68 56 102 36 47 58 77 
10 51 52 50 55 40 256 
32 39 99 51 18 31 134 
17 39 62 89 88 73 341 
14 14 40 47 83 53 288 
6 2 84 16 31 80 202 
32 53 33 61 26 12 358 
20 59 86 84 66 44 212 
19 42 49 61 87 37 393 
39 14 4 74 89 94 106 
39 17 37 89 53 85 344 
88 30 31 64 63 98 384 
57 56 66 18 11 21 358 
62 37 58 46 45 55 381 
41 31 89 40 20 64 332 
44 51 97 15 61 70 127 
13 20 99 26 41 4 337 
60 41 57 80 75 40 312 
82 81 44 10 32 93 192 
102 44 26 45 36 15 52 
7 70 5 52 53 59 201 
19 61 23 6 53 13 330 
92 33 62 47 26 7 255 
72 55 7 31 79 86 50 
78 74 82 7 92 72 220 
72 54 30 24 83 29 259 
22 23 6 82 82 68 41 
13 67 100 11 10 52 142 
17 100 23 76 75 39 167 
89 43 101 63 43 29 81 
81 34 25 46 80 101 207 
34 3 51 99 20 4 268 
10 84 98 84 22 21 226 
56 9 49 10 92 25 134 
83 7 21 41 41 92 130 
35 77 68 32 53 86 342 
99 74 80 57 37 77 325 
61 6 81 22 10 66 103 
27 78 38 90 78 20 209 
98 32 60 81 14 36 305 
8 32 54 71 37 73 233 
36 72 55 57 49 55 89 
3 42 21 33 28 9 34 
102 32 44 76 68 35 6 
44 22 78 25 43 7 217 
76 29 53 74 95 70 370 
8 85 34 31 67 31 388 
93 41 50 89 29 69 27 
102 12 97 72 40 58 376 
52 79 35 8 50 71 113 
15 70 61 34 41 19 385 
49 12 47 3 6 8 212 
83 30 38 16 40 49 302 
19 58 5 57 14 101 229 
8 101 25 19 63 70 317 
73 91 56 91 51 14 218 
2 52 71 37 52 42 281 
51 99 94 11 24 55 393 
14 59 79 29 21 40 169 
13 24 85 45 40 76 41 
41 84 27 91 37 23 69 
8 36 22 64 60 89 231 
4 33 10 41 16 83 245 
34 79 64 33 75 14 365 
30 88 94 14 68 61 42 
17 69 22 89 35 82 24 
25 59 67 62 53 87 35 
93 77 6 26 95 52 32 
7 66 60 63 11 29 321 
50 30 51 94 30 49 355 
66 90 54 84 4 56 39 
22 99 72 24 29 83 149 
13 90 91 76 11 4 46 
5 64 28 26 55 29 307 
31 18 70 26 40 23 111 
89 54 44 93 97 100 347 
69 90 41 84 48 44 153 
42 62 20 20 46 78 252 
28 28 60 51 30 36 370 
83 4 100 91 62 12 96 
37 49 85 16 6 28 148 
76 89 44 9 86 40 361 
58 52 7 96 47 67 252 
29 85 44 70 67 96 352 
88 43 94 88 35 16 22 
15 37 7 42 53 28 214 
41 18 44 45 98 4 104 
54 95 97 17 46 64 37 
66 43 48 41 33 52 358 
47 52 23 54 26 85 175 
17 3 55 96 42 11 357 
69 102 27 71 94 63 143 
50 99 73 91 54 98 202 
96 60 3 21 78 67 383 
68 23 94 73 21 85 150 
94 44 22 7 54 23 393 
43 23 72 41 91 55 397 
55 53 65 74 89 95 87 
44 54 77 66 47 96 7 
81 35 100 76 80 100 229 
57 52 86 102 77 55 216 
39 33 82 89 14 99 57 
72 31 101 33 91 18 205 
92 47 43 10 29 97 256 
91 75 67 12 57 43 401 
2 81 75 14 42 70 24 
23 97 79 35 99 90 37 
6 100 44 91 85 8 264 
7 46 94 50 60 92 199 
60 17 79 59 57 17 286 
52 29 21 51 49 47 283 
53 66 77 32 9 56 344 
76 25 23 74 37 36 390 
37 83 66 84 80 59 256 
82 3 78 44 74 41 223 
73 25 42 37 63 97 222 
82 19 19 52 38 66 343 
94 57 87 22 83 76 60 
48 57 69 71 90 9 291 
65 101 90 37 17 32 14 
3 83 39 76 41 44 227 
66 49 34 44 95 81 359 
47 93 24 93 66 42 106 
70 75 68 76 90 85 71 
20 31 17 23 37 83 372 
76 50 48 45 35 61 335 
10 37 29 97 30 85 74 
9 69 46 53 92 79 135 
10 73 102 52 61 40 186 
20 19 24 60 100 99 292 
45 77 50 34 83 45 246 
41 41 81 62 102 101 46 
64 73 72 47 5 60 271 
79 48 95 76 23 39 365 
20 8 39 33 89 48 262 
93 98 21 11 36 75 282 
34 23 92 61 41 36 229 
47 54 15 96 40 7 270 
31 57 59 62 9 73 87 
36 43 32 15 55 49 290 
78 52 38 72 88 99 186 
27 5 17 84 4 36 297 
56 26 38 50 43 100 256 
43 64 50 29 4 50 401 
82 62 48 88 90 87 284 
3 79 27 55 10 23 17 
54 44 81 7 39 50 326 
19 95 66 14 51 10 144 
91 90 44 85 51 49 185 
45 71 98 17 51 5 215 
49 14 98 35 79 61 360 
21 72 25 67 102 20 256 
69 84 76 41 79 37 53 
91 84 71 61 76 61 41 
75 85 92 90 47 29 288 
84 71 80 74 52 49 283 
21 22 20 51 31 84 309 
89 24 78 74 71 42 239 
31 29 77 6 102 81 190 
89 35 79 57 93 94 349 
15 98 69 29 90 45 287 
65 53 11 47 78 36 350 
63 16 19 78 90 14 213 
44 6 70 52 70 25 132 
89 43 97 40 92 92 304 
28 11 47 83 99 90 273 
78 68 61 25 47 63 104 
21 62 81 6 82 35 292 
94 101 80 22 22 40 309 
11 17 9 88 46 13 146 
8 74 97 93 26 87 269 
40 11 28 25 64 9 280 
83 18 36 12 59 5 140 
11 69 63 78 52 93 272 
53 53 39 3 51 92 54 
90 85 14 58 50 8 220 
92 53 98 60 33 9 116 
101 75 78 89 11 4 393 
7 36 17 76 96 101 355 
60 91 25 15 19 58 381 
35 24 56 11 99 82 81 
18 67 20 20 86 41 215 
80 63 16 43 90 19 338 
51 100 84 56 8 69 130 
64 76 47 16 53 37 269 
54 24 80 13 23 79 365 
71 99 58 12 63 37 329 
30 11 74 31 41 13 341 
26 74 56 93 15 90 218 
93 75 6 35 6 89 108 
41 37 31 69 42 95 327 
3 29 47 48 34 53 143 
67 75 87 14 26 84 115 
52 26 22 10 91 38 317 
26 53 79 59 50 56 363 
75 45 64 101 19 5 96 
47 12 47 83 39 21 110 
2 21 22 82 6 100 361 
13 11 61 53 59 5 315 
77 70 91 86 99 48 373 
32 25 15 9 81 7 23 
17 77 29 54 20 53 97 
35 58 79 45 58 2 255 
36 5 50 62 3 48 287 
44 58 99 42 75 37 288 
98 9 75 28 95 85 394 
36 34 101 41 54 56 175 
13 15 43 42 47 31 391 
22 67 49 80 61 37 297 
22 32 13 47 18 55 152 
51 5 20 65 19 68 4 
73 51 22 51 94 30 126 
45 58 2 29 8 77 309 
44 28 50 37 50 26 59 
4 90 97 38 3 8 254 
11 25 79 30 66 97 201 
19 28 31 68 9 44 311 
76 13 19 12 80 63 33 
79 72 30 71 44 88 281 
63 28 15 94 24 71 141 
35 25 101 44 81 29 103 
102 21 70 43 84 40 118 
79 79 28 24 46 56 132 
55 51 61 24 11 82 230 
2 18 76 87 76 44 168 
91 20 70 101 36 85 315 
53 62 30 62 51 42 344 
51 89 71 80 16 4 326 
76 42 22 73 49 71 406 
