2 8
250
11 37 722 
31 17 771 
76 81 783 
40 23 334 
15 47 792 
57 46 788 
17 40 1435 
28 85 446 
36 70 256 
50 2 314 
63 35 888 
89 72 704 
77 49 412 
22 31 1095 
82 32 394 
64 69 71 
88 37 898 
34 55 1158 
63 85 852 
19 97 765 
34 28 1284 
31 79 1435 
68 28 1219 
7 82 1586 
25 96 143 
23 47 872 
5 73 23 
13 64 1069 
66 31 1315 
85 28 1415 
93 60 842 
80 91 56 
90 54 865 
38 98 672 
32 83 893 
60 11 955 
64 42 622 
101 16 393 
47 22 1049 
15 67 780 
9 85 1623 
90 17 363 
48 47 98 
7 34 1531 
2 69 1228 
62 84 1316 
13 8 327 
24 23 1416 
51 94 726 
30 35 1115 
41 77 1420 
7 31 223 
44 44 1086 
35 14 1051 
55 59 121 
46 100 763 
51 87 629 
86 4 953 
30 87 1003 
15 41 367 
80 20 195 
40 68 933 
9 97 625 
64 21 658 
16 80 1537 
58 72 1050 
81 6 1531 
100 81 777 
32 58 1190 
31 79 711 
54 31 37 
46 57 1535 
54 17 1480 
52 39 53 
10 89 1091 
100 71 394 
66 74 260 
99 35 571 
31 82 644 
66 10 177 
86 80 293 
97 12 1462 
40 72 385 
2 5 892 
76 31 1095 
93 91 1497 
83 34 1405 
51 67 86 
30 57 1560 
69 17 1222 
57 90 117 
82 68 968 
87 16 1266 
79 62 1623 
3 66 1129 
63 25 69 
70 40 1481 
50 86 1245 
27 37 224 
15 69 890 
96 73 891 
51 47 244 
50 96 1033 
10 7 1233 
16 6 1166 
89 50 10 
38 68 518 
93 101 1266 
86 9 78 
33 57 500 
48 75 763 
25 85 1458 
47 54 305 
56 16 486 
43 62 532 
17 36 1305 
7 40 1421 
15 79 11 
25 4 1167 
79 67 628 
12 19 628 
35 64 537 
31 93 334 
84 44 1575 
84 84 864 
4 53 643 
47 71 1200 
27 28 285 
46 34 1566 
48 2 1318 
20 70 1424 
82 46 1580 
93 10 1597 
102 88 693 
62 25 1570 
93 33 1550 
50 23 848 
34 34 1563 
67 87 1484 
23 91 486 
39 85 1482 
42 66 1205 
11 4 616 
58 13 694 
43 47 1345 
33 67 52 
23 55 22 
3 100 1298 
31 88 589 
93 17 957 
8 72 312 
70 65 63 
54 22 957 
24 83 484 
59 94 167 
11 93 1413 
15 36 334 
90 102 591 
30 38 1374 
13 13 1281 
40 20 1408 
81 52 661 
25 75 1347 
81 81 738 
46 101 1172 
74 46 114 
71 21 1551 
51 80 1333 
40 20 1149 
85 42 440 
22 42 152 
82 87 1036 
45 80 678 
72 88 285 
6 37 886 
77 45 21 
66 59 1506 
79 44 1491 
85 90 649 
7 43 525 
72 43 550 
58 61 639 
38 66 233 
10 30 1068 
67 102 547 
80 47 710 
29 65 1219 
71 20 1353 
37 44 1609 
20 99 1571 
26 41 612 
11 102 743 
86 50 1234 
17 41 1290 
89 58 466 
29 14 687 
60 8 700 
98 79 1272 
59 3 361 
53 23 277 
43 20 1105 
20 87 1463 
30 58 5 
90 96 1586 
70 14 388 
98 84 1019 
56 10 495 
59 62 1483 
55 30 1003 
61 54 1610 
25 35 448 
61 77 346 
13 71 1169 
41 101 914 
44 72 196 
48 30 1063 
56 64 306 
62 98 218 
89 86 953 
79 66 931 
30 71 68 
4 67 994 
72 11 614 
5 86 217 
93 18 148 
76 17 1466 
81 10 1618 
98 7 1473 
82 66 600 
16 74 1480 
65 37 77 
17 13 496 
54 42 92 
53 78 315 
30 54 1264 
7 71 1319 
6 14 1131 
70 100 925 
60 34 1033 
16 23 14 
26 58 607 
49 42 814 
11 78 82 
81 24 1214 
86 30 523 
82 71 877 
15 77 1551 
58 12 975 
23 96 600 
50 59 1286 
