8 6
250
72 74 76 59 44 56 4 68 807 
74 78 9 49 53 32 39 27 815 
59 10 58 64 76 25 82 95 1101 
16 6 21 80 44 10 48 69 846 
44 9 28 99 27 34 71 68 548 
43 6 67 19 86 42 30 24 440 
42 10 101 53 80 51 66 90 764 
49 96 36 101 3 86 63 97 219 
43 62 85 26 95 10 80 41 1087 
27 99 22 81 52 22 74 8 724 
72 93 31 78 35 39 72 24 887 
13 43 5 82 59 91 24 89 763 
54 18 16 93 75 41 63 41 1119 
45 69 45 15 29 98 27 93 52 
91 66 29 49 56 73 37 70 1195 
88 47 42 32 59 65 60 21 1093 
47 81 21 92 18 96 47 29 675 
31 99 16 9 57 68 87 36 282 
37 7 65 45 58 7 43 76 1152 
53 14 12 82 57 10 9 83 144 
87 100 50 35 4 29 18 8 861 
86 81 91 76 47 26 42 25 173 
29 3 25 16 51 43 102 96 181 
47 51 44 8 2 77 56 102 433 
77 4 6 38 29 52 37 59 1166 
7 79 69 88 42 34 96 82 970 
91 74 51 9 35 10 14 73 702 
30 80 81 17 22 48 90 68 251 
12 93 76 75 81 94 48 97 209 
49 61 11 12 14 22 97 67 341 
88 70 71 98 26 58 95 8 973 
18 92 59 24 100 76 14 86 1091 
7 18 95 59 63 40 93 66 155 
50 21 68 61 21 56 20 4 1199 
53 16 69 20 82 75 15 32 68 
62 28 63 37 100 30 33 92 606 
37 32 9 34 7 62 46 46 1071 
16 59 72 5 6 98 78 63 854 
24 89 38 22 46 33 34 33 473 
54 16 23 40 30 31 7 85 886 
93 21 11 9 76 38 87 101 890 
37 59 24 67 60 38 60 11 42 
15 17 88 79 101 76 23 94 376 
68 78 32 43 100 23 26 88 513 
63 17 15 2 37 47 60 99 906 
18 89 58 87 82 21 28 94 837 
89 16 22 37 88 85 7 21 289 
45 95 61 4 43 75 97 100 1149 
93 15 82 43 21 4 2 7 57 
77 83 98 13 18 8 54 39 872 
24 28 31 32 97 18 24 17 52 
17 17 48 85 92 84 27 37 963 
91 48 98 20 37 83 80 32 461 
29 34 80 55 51 6 4 75 877 
67 63 20 66 21 6 100 87 1104 
60 94 93 16 88 83 30 66 1113 
77 6 93 49 54 68 81 96 1015 
28 63 67 44 83 19 12 62 908 
63 27 29 94 22 51 93 22 461 
48 15 48 99 28 88 15 28 849 
82 20 11 54 87 27 23 73 295 
27 18 13 76 6 28 9 68 473 
66 85 85 44 58 34 30 34 990 
39 32 38 82 31 57 50 32 516 
67 11 42 4 74 51 27 68 45 
28 74 12 22 92 61 49 51 528 
88 40 64 80 26 55 46 86 513 
90 47 90 58 28 76 86 44 702 
100 64 14 36 19 92 30 4 733 
73 19 41 79 35 81 14 64 1121 
82 89 87 90 60 90 9 39 265 
18 72 49 38 38 50 4 51 1070 
34 54 24 74 52 24 95 75 825 
5 13 14 10 46 66 84 6 671 
74 13 6 26 29 82 70 14 389 
15 37 82 93 77 86 94 82 118 
72 10 40 65 97 87 22 7 316 
11 10 28 84 56 35 96 32 466 
85 10 28 44 6 39 92 82 463 
89 14 39 30 18 66 57 14 1169 
19 11 18 21 5 24 56 61 57 
8 33 83 50 99 47 48 11 889 
86 30 6 2 75 17 49 35 1138 
91 83 94 64 30 44 39 78 254 
24 66 6 6 90 48 35 86 600 
58 41 16 94 84 9 93 73 1032 
94 19 39 3 74 72 31 67 945 
15 46 5 42 12 23 26 26 545 
70 82 42 60 70 90 68 93 1149 
81 99 102 86 72 59 59 48 730 
86 23 94 36 77 25 70 22 494 
48 19 31 96 69 60 65 25 1111 
46 35 51 51 37 83 78 52 828 
80 31 76 48 84 67 63 42 39 
54 36 7 19 92 50 50 22 910 
67 87 32 44 23 49 68 15 156 
12 37 88 13 60 26 58 93 1113 
68 2 36 66 34 29 57 13 1093 
88 30 45 3 3 17 9 13 800 
39 38 10 28 82 72 54 53 61 
19 43 78 83 63 101 59 83 245 
42 3 55 5 89 12 60 83 1041 
72 11 37 73 6 49 61 20 670 
85 42 22 67 14 83 24 40 853 
16 7 69 46 46 21 97 69 134 
15 36 51 99 70 101 87 85 513 
72 47 39 31 24 45 47 76 507 
101 77 91 74 83 51 43 47 931 
20 28 67 17 79 39 38 49 1029 
8 88 74 24 82 31 41 54 1133 
35 87 85 26 101 73 80 98 1117 
24 43 55 2 58 26 25 68 694 
79 57 71 101 95 77 61 41 1072 
72 80 97 61 34 31 58 10 736 
95 96 29 96 39 83 48 16 71 
33 8 32 50 101 16 75 64 1189 
26 35 93 10 67 62 85 10 218 
98 65 11 26 46 50 66 32 886 
31 85 20 90 55 81 71 30 413 
60 24 81 84 89 72 34 35 916 
71 87 31 69 13 31 65 52 624 
99 9 64 83 86 71 43 45 973 
82 38 82 14 40 40 28 27 1061 
40 16 78 41 94 13 76 97 547 
45 64 74 91 27 5 30 75 252 
74 79 40 12 42 45 92 55 1187 
97 58 49 93 43 88 44 27 447 
77 59 18 53 10 91 26 100 995 
9 93 13 79 86 68 19 56 592 
51 30 76 35 51 41 16 81 473 
100 54 23 88 49 102 68 56 190 
7 23 71 50 88 45 64 85 759 
88 19 75 83 76 89 40 95 1186 
65 44 10 79 39 31 53 28 561 
63 23 46 14 13 32 52 14 412 
81 3 44 33 73 68 79 30 755 
68 19 80 36 51 56 5 6 151 
9 30 86 42 100 62 99 4 754 
20 76 8 45 33 64 55 60 1130 
57 34 73 44 101 11 69 87 119 
70 29 75 92 11 10 20 45 1030 
52 41 5 84 36 72 7 61 664 
57 25 88 18 82 92 63 50 880 
44 67 31 77 75 15 52 31 914 
91 30 67 100 27 90 80 6 240 
91 75 99 3 39 42 57 14 755 
26 54 49 85 31 63 38 78 954 
57 77 68 92 34 7 97 18 384 
91 59 100 100 40 79 73 74 916 
77 43 30 90 22 63 53 29 941 
30 8 101 6 65 51 12 25 353 
56 101 43 94 8 23 11 68 671 
65 27 16 72 14 59 88 63 435 
52 69 57 6 41 7 31 69 122 
34 87 96 52 91 18 50 19 897 
36 85 37 9 81 57 9 90 19 
65 60 96 44 20 4 15 62 680 
76 51 62 38 65 41 13 79 985 
62 15 39 100 24 97 85 55 961 
3 44 90 102 100 53 6 68 105 
17 92 70 95 39 31 62 76 831 
15 100 22 97 98 4 76 48 913 
67 66 38 101 61 67 25 14 222 
70 76 53 11 34 100 33 98 1065 
15 70 79 10 40 50 29 72 670 
61 8 48 87 28 54 79 41 17 
74 18 33 5 72 26 13 94 1222 
19 7 68 24 66 3 17 63 960 
100 59 28 90 74 91 12 66 84 
74 84 50 102 34 95 98 61 976 
58 12 100 55 99 48 50 13 797 
91 39 43 47 72 66 75 81 1005 
77 86 46 44 95 7 19 40 126 
53 19 75 75 28 7 23 61 628 
82 47 61 82 42 64 26 24 334 
67 29 14 86 28 55 13 23 923 
38 16 20 95 37 61 38 99 1146 
94 17 13 38 26 13 15 95 414 
25 97 45 84 20 73 80 54 143 
100 69 93 21 64 7 32 87 551 
36 90 12 2 46 46 70 34 80 
18 31 5 3 73 35 22 90 318 
34 56 99 49 16 85 50 40 359 
5 75 55 9 8 41 68 82 70 
26 24 53 101 16 88 66 64 286 
11 98 99 60 102 76 81 100 380 
50 89 75 29 55 8 16 67 720 
56 11 25 65 38 93 29 98 808 
77 35 42 13 84 54 62 41 510 
35 47 75 80 30 10 10 20 1136 
34 99 71 47 87 51 29 13 654 
2 48 63 8 32 6 10 6 797 
93 39 6 23 69 16 66 84 250 
88 77 83 16 57 20 100 97 1211 
99 31 50 94 86 74 101 61 1137 
83 29 17 71 72 26 45 20 986 
90 13 31 57 83 5 30 44 438 
74 88 93 45 9 37 7 14 915 
19 101 55 35 24 10 23 86 674 
8 19 7 59 73 39 39 12 1024 
72 44 50 47 65 44 38 28 894 
4 40 22 81 66 60 51 28 229 
29 57 91 23 36 99 50 25 308 
33 18 17 56 7 99 54 38 861 
28 75 38 13 99 98 37 22 558 
37 28 55 49 9 47 20 12 669 
97 50 10 53 99 43 19 7 132 
60 50 35 25 29 30 90 25 656 
85 18 60 95 88 16 54 15 1176 
74 86 10 73 38 97 45 59 1068 
64 78 78 97 96 94 87 80 879 
15 14 101 27 61 86 93 38 1159 
98 4 65 96 101 86 47 47 266 
4 89 14 40 82 72 43 27 582 
80 90 24 68 9 10 44 41 9 
99 50 27 26 81 2 2 48 678 
27 71 79 94 52 51 72 85 1106 
62 77 34 31 86 36 39 16 584 
75 32 97 56 53 62 85 50 1191 
99 80 10 14 40 36 17 18 694 
73 87 40 74 98 26 20 85 786 
70 70 66 93 89 68 54 29 205 
63 72 20 19 11 5 54 75 63 
85 50 39 101 16 69 79 68 348 
12 3 36 72 39 70 98 17 973 
36 8 93 44 62 12 19 56 568 
41 56 78 37 22 25 21 37 432 
29 72 56 98 16 23 39 44 325 
85 92 35 51 23 97 25 20 826 
16 42 90 29 83 62 23 40 149 
54 77 82 13 53 3 35 71 551 
27 39 94 72 7 19 86 36 783 
15 92 35 83 14 4 57 7 1163 
49 102 90 97 77 78 11 87 828 
48 74 41 34 18 54 52 100 991 
78 46 38 73 45 49 98 10 590 
81 73 65 80 57 48 8 88 848 
59 32 64 18 62 22 52 40 757 
27 83 76 82 34 16 23 82 743 
61 78 59 43 101 69 30 32 174 
7 70 19 95 28 32 85 95 828 
21 62 86 18 23 7 88 73 339 
76 101 41 51 59 78 88 49 124 
14 18 34 98 89 32 8 47 857 
47 34 57 46 99 41 48 4 241 
79 45 57 53 57 30 41 56 381 
77 58 13 43 9 81 22 73 948 
38 25 75 56 12 78 37 43 475 
75 32 3 2 5 57 58 11 45 
57 63 62 5 59 36 101 33 1092 
