2 2
250
86 34 15 
17 98 398 
56 94 96 
62 46 386 
100 92 178 
91 8 61 
68 12 33 
80 21 326 
56 101 120 
38 12 308 
4 62 301 
27 34 307 
24 62 207 
80 35 381 
53 45 285 
60 45 32 
74 34 63 
13 73 289 
14 9 55 
26 64 397 
71 20 336 
50 60 340 
23 75 240 
70 68 191 
66 89 313 
16 28 309 
12 97 228 
24 66 318 
62 93 364 
5 15 103 
64 101 401 
55 12 62 
13 5 346 
88 39 287 
51 5 270 
70 49 343 
96 99 327 
39 15 270 
44 49 224 
6 89 278 
96 20 247 
36 9 276 
50 13 317 
64 5 95 
93 26 238 
88 75 247 
14 94 178 
7 11 65 
47 26 349 
34 14 257 
62 9 68 
19 94 80 
12 17 395 
100 22 149 
8 34 385 
59 49 366 
10 58 304 
96 94 388 
26 91 39 
47 91 335 
84 18 405 
17 4 393 
9 76 130 
41 78 235 
66 16 295 
9 101 314 
23 90 318 
98 26 229 
90 68 62 
23 94 15 
12 67 109 
17 19 18 
39 94 125 
100 53 297 
60 71 327 
19 33 321 
25 19 368 
34 26 7 
6 88 376 
45 28 147 
84 87 333 
30 31 46 
33 51 396 
70 72 31 
48 25 153 
7 40 225 
78 74 145 
38 100 307 
15 80 170 
27 13 126 
14 96 268 
97 19 267 
93 32 167 
71 88 334 
84 56 195 
85 88 3 
66 101 198 
39 69 224 
3 47 355 
8 17 209 
71 8 157 
69 58 311 
43 54 29 
74 16 35 
16 9 351 
55 57 181 
30 32 374 
43 63 49 
84 77 109 
13 96 291 
80 87 61 
92 2 325 
46 17 400 
73 44 141 
96 94 346 
42 25 249 
71 49 371 
45 81 348 
61 30 185 
29 86 334 
52 33 236 
38 96 122 
95 27 29 
8 12 163 
48 58 361 
59 49 282 
29 44 213 
67 44 192 
82 37 26 
31 32 294 
36 19 126 
18 24 47 
78 60 402 
57 49 399 
56 64 154 
53 99 93 
99 4 330 
78 102 173 
32 86 360 
13 57 238 
26 66 386 
37 74 378 
11 32 143 
79 83 364 
72 74 390 
56 13 327 
11 31 159 
85 35 117 
93 60 73 
90 88 154 
25 68 14 
42 34 338 
5 22 368 
47 44 274 
90 22 87 
93 8 116 
49 78 299 
10 3 107 
22 42 130 
68 46 59 
77 23 178 
99 56 64 
88 32 164 
15 53 373 
92 67 356 
74 97 54 
10 102 214 
91 44 46 
66 17 263 
79 23 373 
53 39 311 
78 72 89 
26 93 267 
7 7 309 
90 36 103 
84 20 152 
41 50 184 
21 61 180 
64 88 322 
35 35 163 
53 11 40 
51 64 58 
17 16 387 
68 50 21 
50 4 386 
79 3 34 
88 85 393 
29 41 297 
48 34 319 
34 17 342 
45 93 237 
28 56 392 
68 42 295 
13 68 21 
44 75 3 
42 73 232 
51 87 347 
73 49 205 
45 26 289 
39 4 121 
38 85 405 
13 25 232 
49 24 196 
100 12 251 
38 77 69 
94 87 268 
75 8 251 
23 85 122 
101 74 183 
10 84 126 
28 32 154 
45 77 341 
7 33 205 
46 95 202 
11 53 305 
26 37 293 
36 53 159 
7 66 392 
70 16 406 
72 14 209 
14 41 162 
19 75 330 
26 95 406 
35 88 221 
18 31 55 
14 14 134 
57 77 153 
75 76 128 
94 23 268 
43 77 250 
86 38 80 
101 34 223 
12 94 318 
96 102 172 
74 3 266 
87 91 145 
85 58 9 
69 17 152 
16 41 263 
10 27 215 
17 84 75 
41 51 207 
37 19 397 
60 4 86 
57 63 307 
97 3 302 
68 9 129 
32 60 80 
61 19 87 
84 87 377 
