6 8
250
81 39 9 65 25 62 1476 
56 13 57 49 99 72 291 
86 66 90 51 36 86 1127 
36 15 79 70 13 9 1238 
60 8 83 53 53 18 1083 
23 30 101 6 97 91 1592 
13 90 73 48 60 4 10 
21 15 69 90 93 63 723 
26 32 96 13 55 17 1563 
7 76 98 49 57 53 1022 
38 91 46 41 97 74 389 
27 8 24 56 7 77 632 
95 16 65 61 57 24 1588 
100 7 95 44 76 4 96 
16 77 102 5 53 40 1361 
26 24 51 98 91 22 1612 
26 74 60 50 41 59 193 
62 34 90 102 31 67 619 
86 54 99 23 72 20 193 
32 24 53 56 39 57 1133 
94 17 65 68 4 101 1200 
34 37 96 37 47 96 872 
45 14 5 23 75 48 651 
73 53 77 21 5 89 1537 
52 9 95 4 4 44 1122 
20 27 36 30 69 66 845 
19 5 89 27 26 60 1426 
12 50 35 67 12 32 345 
66 90 48 101 13 81 1338 
29 2 35 45 54 87 415 
89 71 96 8 83 90 870 
50 90 96 81 31 9 658 
62 63 39 94 15 50 882 
39 90 31 57 87 72 1470 
5 56 84 74 76 64 372 
81 41 61 31 43 70 259 
101 54 22 85 75 44 1101 
42 98 53 41 39 73 823 
82 67 53 98 20 65 735 
37 14 9 57 47 20 1319 
23 80 65 73 82 40 617 
39 10 75 15 30 25 1028 
60 34 35 39 93 74 1612 
76 10 35 25 7 73 1054 
42 16 30 30 26 89 305 
20 89 70 59 35 15 713 
59 80 86 92 43 84 1256 
82 75 20 56 47 84 774 
71 33 50 77 70 75 1579 
96 47 87 6 38 46 650 
47 68 81 60 62 57 279 
32 51 35 66 91 90 975 
42 11 76 81 7 73 794 
58 21 84 68 41 49 1024 
35 101 89 7 40 39 582 
10 41 99 88 29 32 638 
84 18 13 81 88 39 879 
38 13 27 33 75 93 1440 
48 99 94 22 10 56 1589 
52 48 62 53 52 26 533 
72 79 95 80 43 12 1214 
5 73 89 56 12 11 1589 
90 64 75 67 48 49 1005 
44 7 67 21 78 44 520 
72 54 30 37 15 23 1070 
36 33 56 34 84 16 701 
28 7 68 100 47 102 1023 
86 88 88 6 79 73 468 
74 30 61 67 70 45 550 
21 61 21 99 90 34 869 
33 22 34 66 35 21 248 
101 101 22 33 44 71 1399 
67 43 33 38 52 39 1011 
5 96 69 16 73 11 118 
48 50 4 60 70 11 875 
69 56 42 45 54 15 1196 
31 41 36 28 75 50 885 
20 90 63 40 97 93 447 
27 67 53 64 11 10 862 
54 21 75 76 62 34 1608 
89 93 95 100 26 91 1213 
57 35 90 100 63 55 471 
61 43 22 75 20 28 677 
92 92 83 45 7 23 1263 
22 63 54 16 18 58 501 
100 70 42 73 5 55 1141 
33 65 66 50 57 26 1503 
80 55 2 44 8 59 1590 
3 14 57 20 70 99 572 
74 37 86 48 99 100 1011 
75 82 4 18 75 74 950 
29 19 97 52 99 87 699 
10 54 74 12 100 35 1577 
58 87 55 37 58 37 968 
30 82 5 60 28 32 74 
74 101 28 35 88 41 1213 
97 62 70 74 14 94 1040 
85 14 38 101 67 67 287 
97 51 83 19 39 101 1614 
39 94 95 73 57 40 588 
55 48 79 15 96 24 993 
27 88 65 46 45 98 729 
70 69 61 63 67 89 1258 
52 47 18 51 42 77 950 
70 77 3 58 56 30 486 
68 61 88 73 45 59 1153 
65 20 75 96 5 56 1124 
27 36 12 92 53 61 60 
3 63 66 56 49 5 929 
13 64 90 91 70 17 37 
10 75 92 24 32 8 1418 
29 45 57 39 23 91 698 
43 93 68 4 71 28 1058 
99 24 19 98 56 16 855 
58 87 7 38 41 69 279 
63 22 70 23 54 19 1211 
20 11 19 28 15 16 1142 
73 24 88 101 91 39 179 
52 74 28 78 95 37 1158 
61 52 3 84 25 28 1296 
73 100 83 18 11 93 1292 
16 3 72 43 102 84 1388 
65 21 39 53 31 8 183 
50 44 47 62 84 5 974 
61 17 46 93 90 93 3 
26 7 84 81 49 34 601 
73 58 38 95 54 88 1565 
33 67 33 95 22 70 381 
57 39 59 29 89 22 895 
88 28 52 13 94 87 632 
16 56 73 85 76 76 1244 
89 11 68 32 19 66 453 
52 15 99 71 24 79 1123 
70 28 54 61 14 84 1398 
32 88 84 62 3 59 284 
13 62 13 47 96 49 1123 
29 92 99 72 58 29 582 
14 55 44 71 10 72 742 
31 21 25 64 94 93 919 
25 86 71 19 9 12 647 
55 89 26 30 32 102 670 
37 57 91 58 57 52 292 
35 42 93 95 89 74 1338 
43 89 85 4 58 15 69 
8 30 55 51 19 98 966 
68 20 43 80 72 6 1524 
67 36 8 39 42 40 1473 
46 80 26 21 41 60 208 
101 43 29 75 89 39 479 
29 38 9 40 56 61 1096 
24 52 16 20 69 91 1243 
56 79 66 18 76 16 1006 
52 32 32 80 40 48 1091 
79 16 7 84 70 66 621 
100 101 101 88 82 25 374 
30 12 4 73 71 39 745 
66 65 59 15 25 70 1257 
8 79 62 18 14 2 723 
38 11 37 102 26 40 907 
80 67 32 96 93 41 347 
22 31 9 71 12 23 218 
53 50 71 47 98 63 1497 
24 41 73 70 25 81 1512 
3 69 73 47 100 92 1407 
100 30 21 34 31 58 1411 
50 55 48 4 81 33 1376 
63 68 57 30 79 66 913 
28 61 29 70 62 31 315 
64 38 27 14 33 29 876 
22 52 14 69 7 7 1204 
88 26 67 46 50 10 647 
3 18 19 23 28 32 1178 
71 94 66 71 29 69 1408 
19 24 93 50 6 33 669 
18 45 63 74 61 84 646 
37 63 26 15 22 82 1004 
22 10 92 7 99 83 840 
60 50 101 80 40 90 1130 
5 77 98 46 80 101 1384 
75 58 51 70 50 35 561 
33 42 58 9 90 27 1579 
15 2 45 9 51 92 945 
97 64 96 22 97 72 520 
89 30 71 45 83 79 776 
54 43 39 51 51 19 443 
10 44 73 53 65 74 1458 
76 55 39 30 11 29 1267 
96 58 49 56 64 4 723 
14 89 66 9 50 51 999 
62 8 61 2 74 33 1428 
21 25 72 34 100 44 203 
77 34 16 74 52 72 950 
87 92 97 89 17 85 1558 
57 9 46 17 25 30 241 
49 80 30 39 98 92 1218 
35 79 24 66 62 34 602 
57 52 37 100 81 5 1216 
18 66 16 60 50 94 1055 
18 28 19 77 16 100 466 
56 88 37 56 82 86 856 
14 75 24 57 53 61 1627 
58 11 18 46 27 42 502 
16 16 81 50 100 12 272 
54 7 92 48 36 10 14 
66 101 47 102 22 24 65 
93 94 5 99 35 67 978 
18 3 33 91 59 100 660 
74 58 8 84 76 38 991 
71 35 11 19 52 101 1506 
12 74 46 8 20 29 385 
24 78 53 67 47 59 577 
6 61 58 79 12 62 1502 
45 41 20 48 88 45 361 
61 96 83 85 68 70 106 
31 89 86 41 73 19 813 
83 57 19 30 81 27 1056 
76 55 42 42 41 2 1091 
35 28 62 34 86 3 1029 
83 72 84 81 91 31 1224 
74 74 40 41 45 44 1022 
86 4 20 9 20 59 1394 
44 43 45 29 69 42 1568 
63 26 9 89 17 89 1619 
86 37 51 92 98 92 36 
82 4 2 97 60 6 791 
26 44 27 68 46 80 651 
31 41 54 24 91 81 181 
50 32 54 30 58 65 4 
69 70 19 23 70 85 1002 
41 45 34 12 37 50 595 
84 85 24 73 11 61 897 
97 99 71 9 13 93 524 
74 50 69 4 43 50 939 
76 10 46 78 96 80 1478 
99 21 14 56 33 77 1074 
50 32 59 48 6 47 1168 
73 50 16 59 94 31 1092 
96 67 9 97 101 81 147 
77 79 97 17 83 66 1614 
80 58 55 82 18 68 399 
20 13 58 39 5 88 45 
62 32 21 4 51 26 41 
56 7 61 34 98 59 1193 
55 63 34 25 83 75 1516 
94 63 79 78 65 45 1244 
57 53 60 98 95 8 244 
49 78 15 34 43 98 388 
54 96 50 23 11 53 1062 
51 26 16 24 15 12 1108 
71 44 28 88 83 28 1627 
