2 8
250
70 83 1230 
58 47 674 
71 23 857 
89 26 1437 
55 15 554 
25 9 1499 
33 91 747 
54 6 1575 
76 77 1446 
68 68 1144 
30 101 474 
93 19 746 
74 60 560 
21 49 751 
79 64 958 
28 15 1432 
38 12 529 
53 41 885 
88 18 1252 
81 84 1148 
55 5 899 
84 61 413 
61 64 1570 
90 53 790 
60 14 698 
102 78 689 
40 50 1016 
3 32 909 
40 80 982 
77 7 21 
71 96 1247 
66 68 712 
93 96 57 
35 69 827 
94 49 969 
86 95 433 
13 88 659 
37 43 551 
10 54 1188 
101 47 1321 
67 86 938 
97 21 936 
74 96 757 
101 11 1326 
41 6 1330 
14 11 1354 
98 56 1379 
36 65 306 
63 36 860 
45 58 233 
73 93 812 
24 70 1346 
95 99 460 
4 14 1624 
82 14 1266 
61 98 599 
54 98 695 
92 5 1485 
98 33 342 
41 36 1386 
7 31 618 
34 30 284 
34 18 589 
101 20 210 
57 96 682 
87 56 836 
43 4 631 
18 93 969 
74 83 1443 
61 28 605 
64 56 1019 
45 99 1351 
64 50 1369 
62 30 1296 
3 55 1275 
32 37 145 
51 13 1271 
72 100 529 
48 91 634 
80 62 775 
31 75 1476 
101 39 1045 
52 14 1583 
61 25 92 
69 83 1212 
61 17 611 
83 44 753 
82 11 238 
61 94 926 
32 99 142 
46 85 1428 
38 33 895 
91 4 258 
16 81 382 
14 92 1439 
74 4 277 
60 89 1198 
3 99 306 
3 51 1035 
78 42 745 
9 22 241 
90 17 655 
20 33 810 
21 72 225 
24 69 1020 
25 70 315 
28 89 1460 
42 74 163 
37 45 1404 
71 37 1338 
93 15 1011 
72 9 966 
11 25 1229 
50 56 1169 
69 41 276 
62 82 491 
58 81 1331 
46 52 865 
58 69 788 
7 55 1182 
56 51 1562 
70 30 936 
54 54 988 
5 16 726 
46 80 533 
20 75 547 
95 78 1026 
58 15 924 
2 49 1033 
11 16 642 
13 6 1145 
5 96 86 
78 102 174 
62 10 462 
72 55 1052 
39 2 1168 
22 40 1550 
17 14 1269 
12 100 595 
41 69 1319 
96 45 615 
23 94 171 
76 43 1373 
29 44 1189 
25 36 1104 
37 89 978 
94 65 768 
94 91 1234 
46 98 1502 
94 95 1567 
71 39 532 
32 67 1062 
93 50 988 
56 65 967 
89 95 1573 
24 94 1277 
12 77 190 
79 49 66 
36 4 887 
64 79 1571 
20 84 782 
90 61 87 
42 95 1111 
5 46 625 
101 40 9 
90 6 1559 
81 24 70 
16 84 298 
86 94 1465 
31 98 1031 
13 31 1166 
66 38 1321 
13 101 563 
93 84 1612 
12 10 509 
75 79 146 
6 48 1601 
61 85 894 
94 6 1625 
32 6 1084 
17 14 1588 
7 94 252 
69 37 42 
21 78 83 
63 90 661 
7 6 1220 
89 13 247 
83 27 814 
67 54 748 
19 74 511 
83 84 1560 
70 78 1143 
3 7 259 
18 9 688 
8 86 1138 
95 100 1546 
16 89 15 
27 45 1511 
53 37 1415 
50 42 651 
72 52 1029 
73 40 1545 
11 95 204 
72 6 1608 
61 73 76 
75 77 671 
82 74 887 
53 4 1393 
32 58 641 
5 19 672 
85 56 1065 
78 48 923 
81 37 750 
77 86 78 
84 46 1354 
4 68 1162 
90 80 980 
48 69 1113 
88 21 779 
80 43 1333 
57 8 1245 
73 89 815 
35 85 413 
50 96 644 
97 7 1437 
52 71 956 
4 30 1479 
70 17 627 
83 40 1414 
99 92 453 
11 3 1541 
66 22 1264 
30 13 929 
35 71 1353 
48 42 1382 
23 52 1017 
82 38 814 
91 77 206 
93 89 1491 
40 92 807 
65 38 1512 
100 41 1507 
47 33 1398 
13 23 942 
4 71 968 
10 24 1225 
56 63 1423 
26 19 890 
80 22 430 
84 75 524 
