4 2
250
43 41 30 65 13 
51 33 35 96 141 
61 87 33 9 290 
16 101 5 64 96 
7 74 100 5 296 
63 43 96 47 45 
69 3 96 56 75 
46 85 25 63 309 
19 95 51 66 175 
98 97 8 55 399 
6 37 77 61 234 
71 43 27 92 172 
10 38 90 85 276 
59 93 80 91 112 
33 78 45 88 26 
15 25 37 63 311 
68 37 44 49 28 
34 28 38 99 202 
5 60 35 21 276 
83 7 68 98 347 
8 19 18 28 275 
30 94 91 55 182 
48 9 66 16 311 
75 97 43 78 148 
33 57 83 42 102 
74 46 26 21 103 
10 59 41 78 287 
51 21 18 82 321 
41 39 85 54 16 
98 97 20 45 385 
88 66 92 62 221 
53 38 78 3 388 
86 70 72 30 149 
91 70 90 46 114 
56 81 63 100 395 
96 74 31 39 118 
79 28 83 26 159 
46 69 81 24 80 
14 45 17 87 386 
73 69 57 18 61 
30 9 76 17 166 
9 6 94 65 246 
81 9 42 74 73 
60 89 48 91 378 
24 92 68 27 63 
13 66 78 5 106 
29 18 15 24 6 
72 53 68 86 129 
42 78 17 64 165 
7 5 44 69 149 
86 23 69 26 379 
40 43 51 2 120 
45 30 91 40 137 
65 97 20 73 193 
9 23 64 60 215 
48 76 6 87 43 
10 24 10 69 172 
8 52 91 31 257 
31 4 68 57 360 
14 89 80 31 316 
12 88 73 22 120 
65 60 11 73 192 
66 39 67 92 87 
23 22 23 98 113 
15 8 90 11 74 
7 58 10 71 166 
61 99 77 9 3 
25 53 90 40 324 
50 43 20 84 404 
94 40 78 36 275 
94 67 84 3 262 
6 99 64 5 100 
9 53 42 33 358 
69 64 59 92 401 
72 34 86 18 325 
74 90 8 12 107 
69 82 76 4 198 
96 17 76 45 393 
27 91 87 16 296 
99 3 89 97 133 
32 82 88 38 399 
62 84 68 24 374 
18 93 55 79 233 
29 79 40 85 383 
54 90 16 96 298 
82 49 72 46 336 
73 3 14 79 393 
89 96 40 6 360 
14 51 54 54 329 
36 39 10 59 187 
22 65 6 3 327 
44 69 94 65 73 
15 14 24 41 84 
16 81 77 83 286 
35 41 35 96 335 
5 38 64 15 159 
45 41 15 100 255 
10 99 13 99 224 
23 4 77 89 308 
102 29 15 34 270 
57 64 29 89 54 
83 32 12 21 316 
8 7 81 26 302 
76 101 25 79 52 
20 71 80 28 202 
33 66 49 21 336 
77 25 32 49 342 
84 14 28 88 331 
80 89 94 22 201 
18 25 53 15 8 
3 6 38 21 199 
88 85 4 40 334 
19 85 93 39 10 
85 76 34 42 376 
64 75 40 98 142 
33 79 60 79 138 
10 14 36 20 332 
73 89 13 100 398 
100 12 91 6 261 
97 98 57 20 271 
44 93 13 23 163 
30 68 42 87 73 
11 27 27 6 301 
7 51 75 57 126 
98 65 36 44 382 
54 86 36 34 164 
37 24 42 12 374 
19 3 15 80 217 
7 49 28 83 360 
75 87 87 32 241 
47 25 102 89 289 
81 59 71 29 358 
46 34 10 47 337 
90 87 16 15 231 
6 38 97 4 106 
50 39 55 56 85 
69 101 6 75 386 
14 24 55 42 54 
62 34 88 92 38 
75 42 83 100 4 
90 73 74 76 225 
11 29 100 64 93 
44 6 16 9 86 
47 30 36 52 286 
68 34 77 102 391 
73 52 7 96 216 
11 58 56 56 133 
98 29 32 20 350 
87 26 93 20 289 
58 20 81 72 262 
46 8 33 30 141 
58 98 74 80 342 
61 25 6 11 58 
89 52 63 76 102 
20 100 18 67 347 
44 43 59 31 163 
55 73 37 31 36 
5 27 28 22 311 
102 57 54 37 111 
64 22 84 6 344 
8 59 7 47 191 
48 92 68 45 376 
17 41 45 40 125 
90 90 77 3 46 
64 26 43 100 103 
65 48 83 40 93 
24 60 55 47 137 
98 67 92 85 255 
15 61 85 30 249 
63 14 16 7 159 
77 48 84 95 93 
85 18 9 22 343 
102 11 30 23 287 
59 88 100 7 141 
25 100 94 40 400 
5 43 15 39 263 
53 35 78 101 195 
78 79 62 25 208 
82 60 72 101 256 
6 33 64 59 18 
77 15 11 72 67 
79 56 45 97 81 
44 5 72 58 136 
69 35 31 75 384 
82 27 78 56 223 
66 30 95 78 385 
74 81 58 35 366 
40 26 8 85 287 
24 36 68 5 39 
79 90 16 68 391 
73 3 90 65 100 
51 39 56 18 211 
52 64 69 3 193 
64 49 39 68 389 
45 29 48 5 294 
48 62 75 47 317 
78 15 28 82 97 
73 93 95 11 166 
2 72 92 34 85 
62 69 67 58 192 
32 54 50 73 217 
46 58 87 93 319 
91 67 11 40 308 
38 37 89 79 311 
73 56 30 28 388 
75 39 16 85 48 
82 97 19 101 196 
26 67 58 29 326 
17 8 3 33 209 
38 63 53 58 344 
27 81 90 82 309 
78 26 25 78 326 
8 43 4 82 402 
97 50 12 92 209 
73 81 62 99 249 
67 55 99 77 244 
14 88 60 101 351 
2 9 39 25 295 
3 45 82 49 302 
76 6 23 35 231 
90 52 63 7 54 
48 21 93 21 45 
25 29 50 18 275 
22 85 6 96 401 
90 13 90 20 207 
31 101 15 25 354 
63 34 66 20 294 
64 27 55 88 165 
83 18 20 14 204 
75 97 66 82 220 
93 102 29 36 280 
78 65 45 57 344 
49 8 70 35 202 
93 65 32 46 23 
97 33 20 56 72 
74 96 77 70 316 
36 37 35 72 391 
64 7 32 52 390 
102 84 100 3 381 
77 50 87 65 242 
12 67 22 77 241 
62 84 75 19 393 
85 89 76 80 207 
14 76 100 39 358 
88 36 82 51 24 
14 35 19 62 176 
26 11 14 11 276 
71 17 60 13 147 
82 34 14 55 53 
14 10 22 53 334 
