8 4
250
41 83 78 50 35 15 49 27 569 
93 7 27 48 44 35 51 26 463 
32 39 24 44 17 60 73 9 649 
73 62 90 44 79 54 59 77 756 
56 46 93 98 80 25 34 87 683 
20 49 27 46 85 62 39 82 411 
54 99 68 21 79 29 35 79 527 
84 50 30 76 90 70 42 97 656 
68 36 61 101 11 32 76 55 490 
57 28 79 30 7 99 4 8 636 
29 37 69 67 65 3 61 52 303 
58 46 60 59 6 90 82 73 380 
93 55 90 38 47 26 69 80 414 
89 56 45 33 74 85 92 16 493 
16 3 73 60 43 61 95 20 74 
3 100 24 92 50 36 53 13 434 
92 93 92 45 100 87 53 73 785 
96 28 75 78 69 92 29 68 576 
78 35 14 30 45 29 17 67 657 
30 100 8 12 82 63 31 101 187 
72 73 5 88 10 71 65 101 754 
38 28 33 34 64 84 65 77 638 
43 64 50 66 30 35 6 24 601 
92 86 48 13 48 70 69 59 779 
70 91 27 45 67 45 36 81 324 
52 98 37 26 48 7 85 91 306 
77 8 44 72 84 87 98 75 126 
49 27 81 65 67 7 89 98 698 
55 100 99 7 31 52 95 56 216 
40 68 40 43 30 60 32 95 420 
55 99 9 41 49 95 30 90 438 
62 89 33 33 39 53 22 32 739 
43 72 79 95 79 30 61 60 53 
80 8 99 23 35 74 55 36 801 
80 16 53 6 79 44 98 35 552 
97 9 31 89 23 100 69 92 191 
76 62 23 81 82 92 88 52 665 
59 41 56 61 79 6 55 43 133 
42 39 95 37 99 46 62 66 411 
79 93 87 100 56 45 51 81 600 
79 101 35 63 20 28 62 41 766 
15 38 32 28 36 82 84 29 435 
33 41 65 79 21 18 42 11 488 
98 61 87 13 13 100 32 77 346 
85 81 21 68 77 60 52 49 231 
22 53 59 8 18 29 92 20 326 
12 2 82 19 23 10 69 66 657 
11 4 27 34 98 61 39 102 397 
36 66 66 8 29 74 90 21 473 
5 93 45 60 24 94 61 22 613 
64 68 59 12 101 13 79 43 370 
5 91 58 100 70 18 80 57 441 
78 7 75 10 31 4 53 66 600 
40 52 82 35 75 78 86 77 278 
93 26 67 55 31 88 29 87 250 
4 7 24 29 82 69 40 85 127 
4 56 39 57 62 38 39 41 741 
67 72 18 82 16 95 84 89 257 
91 24 78 89 83 46 74 51 481 
53 13 72 15 96 92 62 84 173 
99 38 66 31 18 91 97 64 124 
17 24 93 31 46 95 37 51 499 
41 17 75 95 86 13 79 88 233 
23 54 78 28 22 35 74 87 421 
69 62 8 89 94 22 31 59 219 
70 24 69 79 80 47 31 23 546 
50 6 54 55 54 32 63 77 81 
41 90 4 60 59 61 44 70 727 
57 54 25 55 66 28 86 10 527 
64 46 76 33 99 101 68 26 660 
101 16 10 78 28 19 12 91 561 
27 13 66 10 37 12 58 76 559 
46 97 42 28 71 46 67 101 253 
38 10 93 5 94 35 80 44 440 
83 81 28 8 45 77 60 62 798 
2 56 11 66 77 26 33 24 238 
43 76 48 66 13 29 88 76 661 
80 24 21 33 31 95 58 77 776 
44 40 54 67 70 11 48 67 371 
24 74 36 69 74 72 7 40 562 
10 19 70 101 21 71 96 82 312 
81 71 27 18 10 102 31 90 684 
79 78 8 39 20 48 84 66 17 
49 12 51 51 28 94 26 50 469 
30 45 21 85 73 90 73 69 782 
23 9 67 36 41 86 88 29 505 
65 73 102 23 19 57 69 49 571 
91 32 45 35 94 62 45 3 371 
67 96 6 20 68 52 52 63 470 
39 15 74 67 65 101 32 63 625 
60 8 28 66 18 27 20 84 307 
55 90 17 7 93 40 41 23 270 
59 47 7 51 73 58 100 32 272 
100 26 69 46 5 33 85 87 774 
22 3 81 82 2 86 15 99 602 
44 34 24 36 28 44 68 75 135 
73 10 37 71 68 88 94 22 474 
73 11 86 86 24 8 45 21 163 
56 80 46 23 39 76 85 57 799 
13 66 99 27 80 33 16 14 629 
62 52 37 95 90 83 28 44 723 
91 60 12 18 93 9 24 14 774 
74 53 73 63 89 13 90 83 451 
62 48 33 56 72 13 31 85 560 
86 63 92 65 96 96 87 95 793 
90 96 75 92 5 68 38 44 498 
8 101 66 27 8 9 28 68 786 
60 38 90 101 90 10 41 40 419 
7 11 58 79 78 95 15 102 706 
84 72 45 67 20 30 52 25 687 
7 62 57 85 39 30 100 30 471 
11 91 9 68 53 67 17 33 272 
7 31 25 72 13 8 23 46 780 
55 95 20 62 52 66 26 36 637 
98 25 73 30 81 50 38 6 92 
82 18 21 80 52 89 97 47 773 
63 36 50 51 64 95 35 47 287 
42 51 41 44 44 19 89 21 69 
64 79 52 77 37 9 97 43 230 
79 77 44 33 68 6 72 65 814 
32 49 63 80 97 36 15 98 455 
74 39 76 3 93 34 81 35 559 
47 88 101 43 56 23 67 58 573 
95 11 85 37 75 81 20 59 582 
50 86 84 18 64 41 53 25 32 
56 77 85 13 54 35 38 27 624 
2 90 95 42 15 41 66 22 710 
74 39 66 97 86 36 62 33 402 
89 31 26 63 92 33 19 14 658 
89 84 59 53 100 50 5 19 561 
80 10 73 45 54 43 54 81 699 
41 61 94 51 52 23 86 51 777 
54 42 100 65 24 3 60 79 317 
32 24 41 18 94 69 68 84 191 
80 46 79 85 11 13 47 80 431 
91 40 33 38 69 51 55 53 633 
73 17 88 72 86 77 5 24 467 
49 25 69 27 86 70 100 8 43 
20 71 33 89 19 46 50 71 324 
9 96 57 92 65 43 91 97 548 
40 9 62 5 82 89 56 100 448 
88 66 56 65 40 63 46 37 663 
48 86 100 43 24 17 37 98 229 
5 59 62 28 38 91 3 62 803 
47 17 92 46 35 21 91 64 47 
88 46 58 95 48 30 62 45 95 
71 98 87 48 69 86 61 54 341 
97 62 30 67 64 80 65 101 168 
94 4 53 81 54 62 11 52 421 
74 11 13 35 68 95 79 34 522 
15 101 50 7 87 83 79 97 22 
80 22 84 79 32 48 9 70 330 
63 92 46 27 38 20 35 89 345 
32 64 96 37 90 32 17 52 3 
75 89 19 72 4 59 60 34 242 
72 97 81 67 28 100 55 19 343 
22 91 65 32 74 101 41 49 272 
10 45 34 53 64 82 48 36 668 
25 93 90 89 69 7 90 65 745 
65 67 38 98 83 74 90 97 499 
39 45 16 20 33 57 26 51 724 
100 20 35 101 21 93 18 32 213 
56 35 23 60 43 11 9 78 664 
99 14 64 62 65 70 21 11 743 
69 7 62 35 65 20 18 93 367 
60 66 49 47 83 53 48 37 507 
42 81 4 7 13 56 76 29 305 
29 40 57 67 82 12 2 50 206 
68 23 72 5 44 53 66 51 105 
37 54 33 12 16 30 8 81 241 
91 64 96 8 62 38 83 91 432 
91 95 86 39 46 34 28 82 117 
94 39 40 53 43 64 44 41 609 
8 19 25 29 62 2 83 13 703 
33 62 63 36 24 55 100 77 457 
30 100 10 101 86 36 16 15 350 
94 40 23 34 66 23 63 77 592 
31 64 35 86 58 35 48 97 163 
55 60 17 87 55 68 8 15 336 
68 9 35 91 15 48 59 91 594 
67 101 98 42 75 49 82 71 102 
24 46 44 77 55 91 16 63 449 
30 9 88 57 28 53 82 97 557 
42 42 52 89 29 69 62 83 788 
25 15 88 69 7 86 56 85 562 
101 93 56 46 77 54 93 31 672 
89 12 74 48 63 80 81 42 236 
64 37 20 77 17 74 94 93 393 
71 63 4 4 3 45 84 82 30 
16 97 67 100 98 99 87 75 583 
26 79 54 10 91 67 57 94 394 
53 27 79 84 54 86 6 24 561 
83 87 11 31 66 82 76 67 369 
66 66 42 22 92 43 2 70 113 
98 63 74 39 48 11 97 33 453 
29 34 45 83 97 75 31 6 718 
64 97 15 74 36 26 21 94 223 
11 33 37 37 84 87 72 10 499 
99 46 41 102 36 36 27 49 270 
4 84 72 68 94 87 56 40 595 
2 26 29 50 20 57 84 88 816 
22 94 52 60 13 89 14 34 497 
51 65 62 82 49 88 93 19 81 
59 44 41 52 84 46 14 72 686 
36 50 28 86 19 50 36 7 455 
85 46 73 85 56 61 26 7 612 
14 23 79 43 59 2 47 27 360 
63 72 12 7 49 44 5 81 686 
37 67 48 14 48 44 33 10 601 
41 76 91 82 28 79 71 101 398 
9 94 93 27 42 94 6 75 284 
48 80 99 31 82 77 77 91 328 
31 2 77 37 13 52 29 8 415 
57 83 47 35 38 49 95 97 705 
95 12 27 55 10 75 10 87 242 
78 12 96 16 6 38 39 42 808 
76 75 84 43 101 36 43 51 747 
92 14 44 52 38 87 91 84 653 
17 78 94 4 29 27 22 52 784 
59 44 79 10 98 98 50 21 187 
7 54 13 93 14 61 83 20 594 
89 28 76 11 27 24 58 24 524 
9 74 48 59 23 50 40 87 60 
17 84 18 48 4 19 64 86 248 
71 26 66 35 23 11 55 35 196 
24 50 19 57 54 76 34 43 392 
79 50 33 64 56 29 54 69 295 
58 43 27 59 49 43 94 89 804 
2 76 53 38 6 90 27 17 300 
93 62 31 45 16 62 71 87 296 
101 9 72 38 83 56 75 98 748 
101 67 3 77 65 67 77 34 549 
99 43 46 45 40 40 93 64 59 
9 16 29 66 91 64 7 95 656 
31 66 95 99 65 10 98 27 414 
38 17 99 66 69 85 95 74 364 
94 57 71 33 48 21 49 69 675 
67 37 78 41 72 72 87 49 553 
76 102 80 39 49 15 90 57 379 
12 45 48 46 73 19 19 15 307 
14 99 20 76 53 98 27 33 739 
76 98 47 29 81 23 17 22 587 
69 57 10 58 46 92 75 38 199 
38 22 66 61 24 59 34 75 404 
51 102 51 84 14 18 24 15 481 
3 85 66 28 31 53 47 53 471 
31 57 56 30 3 16 74 91 92 
29 17 76 89 96 8 73 67 165 
25 87 46 94 36 32 34 73 433 
62 12 93 14 16 73 102 5 150 
