6 8
250
3 65 54 42 82 65 681 
34 47 84 14 47 31 48 
69 36 92 22 91 70 802 
92 58 67 53 44 60 1079 
40 26 67 37 12 38 1564 
97 68 46 96 52 69 1385 
63 44 38 44 38 67 1463 
23 80 81 70 25 99 186 
9 89 91 40 7 78 1546 
23 19 79 37 95 9 1179 
70 48 28 41 4 66 480 
16 31 11 8 95 78 273 
48 88 69 90 41 87 1428 
81 57 58 47 93 92 645 
27 61 9 45 60 19 867 
35 55 31 23 35 84 1526 
60 82 34 14 101 80 1236 
33 12 50 57 24 87 1451 
93 71 96 12 76 92 1440 
72 4 66 37 61 66 214 
35 40 68 8 5 96 346 
77 27 34 94 14 66 1541 
50 62 90 38 35 66 684 
86 37 13 61 94 7 1427 
80 70 80 42 17 65 1601 
74 83 51 22 93 70 254 
46 63 20 64 28 96 362 
44 77 101 28 101 73 801 
5 57 49 12 91 36 1586 
59 57 54 99 3 98 1246 
80 41 18 44 98 28 645 
76 95 99 68 13 67 594 
95 81 16 17 94 51 1130 
28 4 12 4 36 20 1430 
9 68 67 27 99 48 1036 
38 85 86 5 47 12 473 
64 52 46 79 70 63 1047 
78 41 84 12 49 9 856 
39 8 42 64 10 54 1097 
29 34 43 16 22 75 927 
98 31 14 49 41 42 1042 
54 67 27 68 59 25 509 
29 85 17 52 41 13 1611 
79 46 42 39 60 64 568 
20 5 65 51 90 9 1304 
11 72 65 10 69 91 1389 
43 17 99 53 30 38 11 
51 28 66 83 64 60 307 
87 74 12 84 81 31 556 
64 64 19 71 18 53 288 
15 55 44 74 24 16 589 
31 46 88 31 28 36 1126 
79 102 70 28 51 63 402 
100 55 28 90 62 53 1291 
56 82 83 14 87 85 591 
75 23 11 41 46 85 908 
30 26 54 55 97 67 1379 
64 51 45 69 92 95 253 
102 18 85 65 65 59 1234 
66 6 19 43 53 35 70 
80 61 89 7 81 71 1135 
30 76 37 67 88 97 1496 
33 40 47 97 92 23 1198 
7 28 78 84 28 82 1048 
22 37 14 46 34 82 1368 
92 58 64 14 26 48 1171 
45 50 100 78 64 86 541 
68 74 48 63 14 33 1195 
35 13 25 55 91 7 134 
40 25 23 56 16 10 664 
84 85 85 68 77 4 1018 
80 80 7 65 98 33 884 
65 68 85 22 52 13 934 
48 41 61 37 43 66 70 
27 79 25 50 78 94 1368 
91 65 97 39 31 13 905 
34 19 91 95 76 56 1226 
60 40 36 67 99 85 598 
46 26 33 36 40 60 867 
3 85 17 22 41 72 1221 
5 89 85 22 102 4 219 
24 72 44 68 12 31 1092 
41 91 85 81 11 49 725 
40 66 5 93 55 4 514 
37 76 75 37 86 2 895 
53 53 46 99 84 25 371 
57 91 70 30 31 88 1013 
96 34 43 32 25 32 1052 
25 82 31 49 101 84 1420 
98 71 33 28 31 14 1433 
40 41 84 29 26 24 1365 
78 37 65 26 18 71 662 
44 34 8 63 72 92 460 
73 17 52 84 43 38 969 
22 39 4 2 76 76 915 
95 61 4 101 11 83 774 
47 68 25 85 15 49 876 
39 27 67 61 24 62 1101 
26 33 47 85 88 26 914 
100 63 25 44 97 86 800 
75 5 64 63 12 83 414 
51 29 101 31 91 8 1348 
14 39 43 54 17 91 1131 
30 59 18 25 59 93 779 
8 2 43 20 64 7 1051 
24 6 100 14 81 44 1221 
6 48 56 99 21 75 1396 
26 84 92 83 98 82 728 
48 47 41 55 91 80 709 
29 60 13 29 3 20 1476 
35 46 42 38 48 96 388 
13 64 28 40 20 64 1336 
20 53 39 68 27 22 1236 
60 61 61 92 67 33 1270 
90 45 72 20 57 97 1478 
40 52 47 51 87 23 565 
85 15 17 73 17 64 138 
9 76 63 78 100 17 1223 
87 83 48 84 65 48 387 
21 58 22 65 69 93 1312 
3 94 19 42 101 43 1225 
48 46 20 51 72 71 1319 
71 11 43 59 82 18 869 
71 101 70 24 77 13 1049 
59 97 10 50 72 30 99 
84 46 38 101 76 102 628 
39 29 35 95 78 45 820 
49 81 8 89 78 29 522 
95 51 20 26 32 13 1463 
51 12 3 102 44 77 1416 
67 7 59 9 18 17 532 
74 37 31 101 70 16 161 
18 4 64 97 3 76 1457 
97 21 77 45 91 51 1426 
19 34 96 37 70 65 1339 
76 51 82 62 14 101 349 
17 91 27 64 99 82 547 
10 41 7 43 3 100 1148 
88 84 65 29 68 47 884 
5 37 66 102 53 30 685 
56 84 37 90 77 70 1309 
32 52 83 94 71 56 160 
95 91 96 69 68 14 1435 
68 19 35 48 56 69 193 
55 64 64 48 54 94 885 
60 72 54 28 32 92 910 
35 85 37 99 93 46 166 
48 72 35 87 18 56 1423 
67 4 44 22 3 70 1254 
90 21 48 19 64 57 574 
21 44 43 38 24 34 555 
36 101 51 65 25 4 119 
94 32 64 38 40 69 1511 
70 12 8 31 24 81 728 
66 91 82 31 91 77 451 
30 94 50 96 24 55 508 
5 95 59 80 69 72 1564 
91 86 82 27 91 45 823 
34 37 10 102 55 91 1144 
12 71 36 36 29 82 1050 
40 16 44 18 16 64 1064 
19 50 53 57 11 51 1225 
6 2 6 2 34 79 1570 
58 43 97 71 66 63 1521 
26 25 46 42 92 34 829 
73 41 11 77 83 87 239 
89 59 47 46 43 97 94 
71 32 35 96 4 70 1339 
75 49 49 52 3 74 1513 
27 8 17 21 19 26 552 
63 97 28 53 94 84 1131 
86 52 26 25 68 90 912 
95 13 48 90 65 71 1592 
93 64 27 82 15 24 1008 
53 32 27 26 73 74 121 
37 10 45 12 89 15 1462 
100 25 29 37 86 39 525 
97 71 34 56 58 38 1141 
35 3 73 81 62 10 538 
22 102 102 97 18 51 949 
5 5 79 79 58 10 1532 
41 101 48 31 87 32 906 
63 95 72 17 38 39 32 
9 74 34 29 7 59 1275 
25 29 41 71 90 76 1499 
68 56 79 102 30 78 1536 
4 27 52 77 80 79 955 
8 32 82 82 13 58 1571 
33 47 52 53 53 18 261 
74 8 62 99 58 66 1550 
41 95 17 9 63 10 86 
49 84 54 29 81 22 278 
99 61 91 79 20 98 572 
11 29 51 79 62 80 494 
21 92 80 24 16 66 1098 
39 67 75 52 51 93 1380 
66 100 25 74 98 101 1222 
49 73 22 40 70 62 493 
68 69 32 3 32 77 455 
94 76 7 67 58 52 980 
97 18 29 71 6 52 737 
31 28 7 66 81 57 1172 
20 61 86 48 6 39 1153 
100 44 51 21 18 59 1176 
26 20 9 42 51 17 856 
58 94 71 66 12 87 617 
43 27 39 52 22 58 1197 
17 23 22 55 15 91 1576 
75 81 52 90 96 75 76 
10 100 26 32 42 21 1025 
68 17 84 96 54 35 935 
19 14 71 99 3 101 142 
99 89 89 39 27 58 1343 
15 21 77 18 14 35 543 
29 15 22 81 39 13 801 
8 40 61 63 59 41 923 
69 83 94 95 76 98 180 
13 39 95 17 66 83 871 
98 9 80 42 102 26 1463 
101 50 19 66 90 62 1477 
51 31 78 71 18 28 754 
39 86 25 40 39 24 262 
78 29 66 75 32 98 164 
33 83 23 59 17 69 1109 
35 76 31 88 38 22 1014 
10 19 48 49 57 9 963 
25 57 4 64 4 76 385 
24 55 93 60 66 83 299 
50 57 14 3 61 80 71 
11 96 53 3 4 56 1100 
11 20 28 77 91 53 135 
27 20 97 16 95 46 189 
23 40 30 74 42 46 983 
64 36 48 98 31 57 221 
63 53 63 102 22 58 200 
37 67 85 77 31 12 371 
39 19 90 68 36 95 1443 
58 25 30 64 12 9 775 
86 82 81 62 98 97 1053 
69 35 16 75 90 101 1401 
75 47 99 12 36 40 405 
19 61 32 97 64 27 76 
30 35 40 12 51 67 838 
87 5 18 35 17 60 1147 
86 76 95 47 95 5 1369 
80 33 53 78 72 25 1098 
23 51 66 36 72 62 637 
2 78 65 41 37 37 1422 
44 83 79 20 81 56 529 
87 40 52 70 24 23 824 
