4 6
250
44 70 22 66 186 
57 75 78 70 1022 
52 21 59 9 857 
51 22 79 78 314 
16 26 18 50 634 
41 96 100 86 667 
92 65 45 69 232 
15 61 75 5 823 
4 68 41 43 925 
75 98 86 30 826 
62 13 80 72 1207 
20 54 73 15 937 
64 77 95 16 1140 
90 79 92 90 697 
92 49 76 10 294 
50 88 77 75 960 
44 12 72 18 1161 
81 87 74 71 11 
63 90 62 29 69 
29 75 27 50 1076 
99 9 98 73 948 
14 39 71 49 615 
34 79 100 36 421 
54 7 79 21 171 
5 6 23 89 1172 
4 89 49 5 1187 
77 62 30 87 1000 
38 16 101 41 1008 
44 18 28 21 837 
87 92 28 94 657 
24 99 8 36 1043 
95 88 11 78 926 
28 92 68 52 920 
74 51 15 55 1208 
40 8 40 38 877 
89 80 4 21 138 
14 63 57 51 916 
80 56 96 102 1091 
52 7 25 65 695 
54 51 78 46 1178 
38 79 75 96 189 
18 61 72 64 1201 
16 86 92 66 780 
67 37 19 77 1187 
20 57 15 66 601 
35 85 77 82 240 
40 4 60 25 923 
37 90 63 36 716 
21 86 34 4 915 
68 17 61 101 1127 
19 34 4 49 956 
83 65 12 47 1003 
36 86 92 45 739 
15 28 69 91 349 
79 76 85 18 952 
36 25 14 91 1021 
20 26 78 90 31 
8 2 14 47 1158 
74 80 19 54 304 
37 95 91 43 760 
42 50 72 73 186 
45 51 87 71 537 
59 53 23 63 778 
12 10 5 42 672 
15 16 25 96 689 
101 59 33 94 522 
43 37 72 29 531 
73 56 7 75 726 
58 17 45 3 458 
23 59 57 91 184 
29 93 50 89 608 
28 27 77 17 197 
88 20 96 28 37 
25 83 96 20 1138 
57 6 32 83 1205 
100 73 24 59 435 
44 4 44 79 195 
52 89 86 79 208 
47 81 92 59 901 
40 23 19 100 182 
42 65 39 98 728 
25 62 69 90 635 
58 6 20 81 907 
85 78 19 13 644 
38 99 19 3 585 
78 16 76 10 739 
79 56 26 44 1171 
81 67 49 19 1138 
92 22 98 27 747 
44 63 13 85 1104 
64 6 8 47 964 
45 48 38 50 1018 
11 89 61 30 918 
4 82 77 86 1166 
20 31 102 20 766 
18 4 93 42 76 
17 5 93 19 1197 
75 50 80 66 651 
34 31 101 36 1030 
5 62 70 52 725 
64 88 29 89 878 
36 6 91 85 764 
43 57 98 44 834 
7 98 44 32 26 
56 4 14 33 771 
92 32 68 35 727 
58 36 43 83 544 
31 79 6 48 786 
71 61 97 3 149 
79 35 59 68 963 
10 20 40 50 65 
62 76 98 26 1006 
6 40 57 26 77 
9 16 17 99 476 
31 94 98 68 406 
97 8 12 21 1050 
58 74 102 57 635 
40 98 94 78 1032 
57 82 81 66 738 
33 6 74 97 60 
65 20 62 29 610 
18 24 74 17 130 
56 65 80 41 317 
34 41 2 74 835 
13 24 41 15 1023 
51 15 35 8 32 
93 37 17 16 282 
40 14 74 7 445 
18 26 79 67 377 
94 5 43 40 352 
94 6 102 29 1143 
43 81 49 46 15 
5 92 68 15 244 
21 50 66 18 1072 
21 69 97 38 643 
89 47 76 84 1123 
48 74 97 79 134 
89 37 90 22 1007 
61 68 31 6 408 
28 60 66 48 146 
46 41 27 52 118 
27 10 66 77 75 
97 8 66 54 672 
33 97 91 4 402 
86 62 45 35 351 
55 40 93 4 323 
32 83 30 73 591 
10 49 47 70 1048 
81 72 16 17 1065 
56 3 79 51 26 
33 70 64 15 340 
86 97 94 24 689 
89 19 64 50 935 
16 79 96 6 581 
87 52 24 19 660 
16 48 31 48 919 
54 63 44 2 1162 
63 22 17 45 792 
14 57 25 13 1206 
64 10 67 40 895 
78 10 75 4 215 
83 49 47 61 172 
39 68 47 49 54 
28 76 64 55 188 
96 64 53 41 431 
31 29 12 20 1123 
8 83 93 75 1211 
46 91 43 85 172 
16 77 58 31 338 
48 12 78 9 891 
90 48 14 25 968 
16 59 36 69 1077 
56 38 29 69 103 
58 78 74 50 735 
39 36 81 42 12 
21 8 24 14 1094 
22 53 5 47 51 
61 71 70 96 1042 
89 57 76 97 740 
80 50 91 23 875 
72 40 31 49 438 
56 69 74 24 730 
10 37 24 79 838 
4 35 84 65 600 
89 10 79 65 889 
84 62 86 81 282 
74 19 3 42 238 
83 25 58 12 615 
94 99 48 37 948 
54 35 99 28 712 
47 68 28 74 1038 
64 63 68 77 654 
96 85 95 101 1075 
92 36 84 60 1066 
81 79 74 15 698 
92 65 45 87 249 
52 65 60 23 957 
8 94 31 57 704 
23 59 84 58 690 
11 6 48 49 1064 
20 53 41 41 962 
70 96 15 17 1163 
101 20 83 56 47 
33 28 74 23 1001 
101 7 29 3 813 
25 97 18 59 591 
88 18 98 100 23 
101 27 20 44 129 
14 81 16 62 712 
5 78 29 55 315 
85 34 27 67 1078 
16 26 40 75 685 
74 80 58 69 113 
85 24 85 55 60 
8 9 32 13 850 
22 92 68 44 780 
49 70 65 33 797 
56 93 33 12 1077 
77 88 47 89 467 
37 25 50 53 919 
82 95 77 50 240 
78 4 16 98 837 
25 60 98 11 114 
6 16 27 4 673 
94 94 74 67 364 
22 64 45 75 428 
98 45 17 69 1019 
55 95 17 14 1093 
54 79 37 44 791 
19 93 38 79 413 
22 101 48 98 1019 
91 23 12 20 1221 
15 61 44 63 881 
83 45 30 28 685 
13 101 15 14 38 
17 59 33 2 152 
31 29 68 41 182 
100 99 21 86 1158 
34 85 99 14 929 
95 37 76 72 1027 
77 64 11 24 278 
23 88 35 95 834 
34 92 12 8 865 
89 96 5 48 910 
86 26 46 34 288 
30 4 3 39 127 
82 85 63 18 460 
69 19 46 18 1146 
14 65 27 18 772 
44 75 93 43 1091 
