6 2
250
86 52 21 29 92 81 211 
101 47 59 64 74 63 268 
6 17 41 62 14 63 374 
66 33 101 52 2 89 118 
67 91 80 22 64 85 349 
72 52 94 52 54 45 291 
18 3 49 40 42 50 133 
32 54 57 32 97 21 83 
21 22 79 91 95 25 143 
58 81 44 13 80 82 140 
67 48 13 62 20 23 195 
32 53 14 62 41 98 142 
39 25 92 69 67 67 209 
31 18 63 61 23 38 246 
24 8 29 65 69 100 265 
8 46 71 79 100 74 366 
71 66 31 56 28 2 81 
58 53 46 15 17 85 147 
33 52 3 99 86 89 35 
48 87 99 74 100 72 128 
81 23 92 69 95 63 247 
54 33 8 96 38 43 270 
56 85 52 55 17 31 307 
96 71 82 16 87 83 96 
81 34 84 30 32 90 312 
33 56 48 24 24 77 323 
21 97 5 50 49 44 375 
4 49 21 85 43 58 348 
54 12 55 10 82 39 297 
101 25 68 8 54 92 97 
32 6 33 95 56 98 308 
75 79 68 40 41 33 314 
88 65 47 91 35 93 320 
46 95 16 44 40 8 84 
74 38 44 97 54 70 294 
45 90 92 89 62 12 324 
35 89 72 43 8 98 55 
62 23 18 22 101 47 352 
13 19 53 18 92 57 6 
43 25 45 89 65 7 177 
77 57 4 75 83 101 46 
7 46 3 34 12 9 51 
17 28 77 56 26 88 128 
73 41 74 72 57 80 375 
66 28 56 45 93 72 346 
68 16 49 19 48 77 26 
76 53 85 81 50 91 106 
100 70 35 41 21 14 21 
18 32 5 29 23 21 171 
19 49 91 21 39 29 200 
14 30 38 80 12 27 396 
90 90 93 9 91 68 271 
60 23 6 74 60 82 205 
86 46 93 27 59 66 230 
6 96 62 13 64 79 350 
42 99 64 11 89 10 118 
44 14 22 34 55 77 243 
27 87 50 81 49 101 116 
86 48 55 56 63 43 343 
96 33 98 29 91 83 74 
27 44 65 73 74 23 170 
35 73 95 6 91 99 321 
11 14 34 17 80 60 232 
53 10 57 28 69 47 198 
83 26 6 65 97 44 4 
45 86 10 77 79 89 210 
77 62 52 74 46 7 346 
21 66 15 13 25 63 301 
36 10 47 7 79 95 213 
48 91 43 96 57 80 270 
30 25 42 3 73 7 312 
50 8 56 25 41 66 252 
62 94 54 74 83 29 40 
78 66 72 2 96 101 117 
74 11 79 91 29 21 372 
43 75 12 54 58 99 349 
4 92 84 39 32 92 351 
99 90 24 77 53 59 211 
61 72 3 79 8 50 313 
99 79 36 14 47 72 82 
21 45 22 27 31 26 303 
75 89 65 66 11 44 305 
23 57 16 78 64 42 333 
4 11 77 52 52 11 25 
15 50 27 87 22 68 317 
48 5 52 24 35 79 351 
85 40 15 99 7 4 312 
24 22 38 85 33 40 72 
36 47 77 82 17 70 247 
42 40 81 91 78 99 306 
54 67 56 32 64 97 79 
73 63 54 46 9 31 372 
30 91 4 92 30 62 51 
59 77 44 19 11 28 177 
102 36 11 31 7 3 285 
58 84 55 70 45 100 255 
86 25 38 10 41 71 52 
51 79 101 50 39 65 388 
92 14 14 55 72 78 292 
29 46 17 4 30 23 294 
8 51 23 88 64 52 299 
54 8 11 72 59 33 208 
59 12 84 70 41 77 268 
72 43 17 75 24 93 235 
81 23 8 13 50 42 176 
30 80 64 76 15 24 156 
8 5 86 15 47 23 286 
36 35 36 91 49 8 149 
10 9 15 42 61 18 298 
87 5 61 11 93 10 118 
34 21 96 27 55 30 263 
40 33 62 79 72 90 185 
90 74 24 3 36 9 85 
73 52 37 56 8 67 86 
2 27 6 56 15 43 10 
16 43 66 96 81 74 287 
78 55 65 90 30 30 396 
33 39 10 58 3 10 249 
72 61 73 48 65 46 154 
8 57 25 60 48 45 305 
34 60 9 57 37 52 390 
99 74 68 80 39 26 284 
90 98 100 13 35 43 180 
84 95 50 18 30 35 284 
100 41 33 84 87 24 405 
81 4 3 69 60 67 299 
89 7 70 27 22 70 73 
61 27 48 15 4 33 205 
67 60 41 8 19 28 403 
35 37 98 54 3 72 42 
97 99 46 77 78 73 386 
90 82 93 10 67 54 159 
16 86 71 85 94 51 56 
45 64 62 43 41 76 223 
72 74 75 20 100 10 264 
30 4 40 28 62 57 317 
80 50 100 54 76 62 76 
53 29 71 12 23 98 211 
37 86 36 39 99 42 74 
11 19 92 69 46 76 352 
85 33 60 34 96 38 265 
15 64 90 67 16 38 81 
46 7 11 79 13 15 380 
20 5 91 65 17 62 285 
33 10 87 32 88 34 278 
98 13 80 29 63 89 90 
24 48 73 84 6 100 263 
15 83 93 35 63 95 266 
30 70 71 81 78 97 336 
56 5 37 31 6 53 199 
96 33 51 53 28 74 389 
59 20 83 13 63 7 77 
29 96 99 27 41 5 277 
45 11 51 86 93 41 280 
45 38 56 2 49 18 79 
52 43 84 37 23 72 290 
52 90 70 17 92 66 108 
11 41 6 67 50 83 208 
24 3 68 37 34 29 61 
84 29 12 16 92 101 317 
55 17 92 20 35 99 377 
23 83 72 4 78 44 139 
99 52 38 101 37 70 115 
43 18 102 91 45 58 280 
62 60 2 102 66 51 230 
26 16 49 17 86 60 5 
22 99 36 59 86 83 346 
80 77 18 57 33 52 51 
101 92 31 93 42 26 249 
25 71 4 13 96 80 299 
37 91 86 52 12 29 86 
21 68 35 60 77 86 338 
85 86 47 35 101 46 104 
26 20 26 46 36 42 397 
29 34 47 93 5 14 174 
88 34 7 23 25 94 327 
26 98 35 67 42 80 165 
87 59 80 97 36 50 47 
73 61 9 77 89 25 374 
36 89 70 74 74 42 396 
54 42 14 78 55 47 408 
24 94 81 96 64 59 173 
77 69 97 72 66 33 62 
75 100 48 38 70 90 367 
11 67 95 70 40 45 137 
19 69 22 83 5 13 203 
70 30 83 28 68 51 244 
23 74 4 10 11 84 323 
44 68 42 86 59 12 54 
29 88 28 26 16 11 234 
102 78 91 63 22 67 23 
72 67 12 4 41 32 359 
95 93 62 31 63 56 310 
3 82 99 48 3 39 169 
44 57 4 55 42 4 87 
98 15 50 91 19 76 291 
3 31 85 20 81 27 139 
97 68 97 55 57 83 402 
98 94 17 21 31 66 117 
12 11 51 101 30 69 394 
79 14 42 46 82 7 5 
53 16 30 24 14 9 193 
91 9 102 87 23 24 3 
23 35 73 90 12 45 370 
23 35 21 53 60 39 74 
56 57 11 77 78 100 186 
80 89 99 19 59 83 89 
3 52 15 9 47 98 230 
82 71 58 72 64 12 123 
83 10 72 56 72 31 141 
54 93 13 47 27 57 177 
47 76 73 55 64 71 81 
86 8 46 15 43 64 306 
88 55 6 17 90 17 397 
81 28 65 89 54 89 203 
61 4 64 22 43 15 140 
97 86 19 2 43 13 396 
4 28 43 31 70 62 269 
39 8 32 39 42 48 273 
49 10 68 11 84 72 101 
6 84 95 102 51 43 371 
71 89 16 49 7 2 312 
2 24 60 86 29 86 92 
98 34 85 4 69 69 197 
78 53 93 60 43 75 402 
46 50 31 21 21 77 277 
22 18 92 37 47 92 192 
89 10 27 57 88 4 34 
52 12 100 83 75 45 382 
38 25 90 66 30 80 230 
76 30 67 11 11 56 313 
18 95 69 24 79 3 364 
45 68 6 56 72 93 386 
40 33 40 48 34 76 343 
94 4 72 20 14 93 54 
82 62 48 79 50 33 137 
19 33 62 98 44 6 378 
60 87 12 60 89 64 145 
99 30 65 79 82 95 99 
93 99 6 67 12 78 259 
8 59 79 24 61 63 90 
3 80 51 92 72 93 144 
19 63 62 27 31 80 338 
34 85 2 70 41 11 106 
36 58 34 33 30 31 212 
30 34 37 30 2 16 394 
52 16 89 12 3 91 304 
38 46 41 83 101 83 301 
76 79 56 23 54 98 272 
24 19 61 44 64 85 364 
