2 4
250
24 25 533 
5 19 617 
42 16 327 
78 99 248 
85 25 482 
16 97 780 
72 78 592 
67 90 515 
95 44 705 
51 84 424 
59 3 553 
44 52 688 
69 99 73 
36 89 678 
20 28 506 
31 47 764 
76 52 775 
85 95 356 
8 59 288 
4 11 610 
91 93 262 
90 21 780 
65 43 596 
77 49 797 
89 38 727 
91 49 504 
3 66 795 
95 77 263 
59 76 74 
26 38 762 
51 66 717 
36 47 787 
53 32 61 
68 69 32 
23 101 19 
99 98 462 
56 18 84 
75 3 372 
79 98 132 
102 33 363 
89 40 43 
82 27 679 
12 55 744 
95 40 141 
56 37 793 
96 74 618 
32 61 641 
54 72 162 
85 78 517 
44 59 398 
82 53 807 
65 82 233 
101 43 603 
21 90 353 
67 64 637 
95 21 542 
50 86 198 
42 72 586 
68 36 561 
87 98 407 
22 69 783 
45 14 712 
20 94 450 
71 97 257 
4 13 587 
37 89 67 
44 92 465 
99 96 598 
27 42 662 
29 99 371 
62 15 364 
26 101 166 
49 25 404 
93 77 224 
13 82 722 
95 40 482 
102 33 389 
63 46 52 
95 25 599 
25 20 590 
8 93 772 
12 11 669 
89 80 99 
54 90 523 
61 53 127 
32 88 120 
87 34 15 
24 29 543 
100 101 567 
40 33 621 
49 27 42 
79 87 686 
35 3 577 
9 8 496 
49 50 347 
86 4 759 
93 65 306 
61 40 704 
73 86 519 
30 14 82 
15 50 381 
38 7 519 
61 83 541 
33 99 688 
46 80 213 
43 77 648 
26 16 793 
78 50 554 
41 90 708 
21 8 8 
23 6 730 
63 96 470 
16 13 353 
81 26 170 
29 61 543 
55 17 486 
62 32 74 
86 6 798 
15 38 8 
81 99 140 
79 42 613 
67 13 754 
97 85 689 
70 29 523 
38 47 733 
79 52 720 
3 88 597 
29 60 625 
94 39 5 
94 50 473 
59 37 115 
28 4 687 
48 63 398 
76 60 260 
77 94 27 
47 50 481 
10 38 705 
15 79 96 
46 51 668 
100 76 606 
94 5 287 
28 14 745 
52 12 353 
8 33 722 
42 29 224 
43 54 544 
75 49 724 
43 86 100 
73 46 475 
4 84 431 
4 49 715 
76 84 452 
99 51 654 
14 97 308 
18 4 44 
100 75 409 
86 5 794 
17 27 219 
87 53 160 
25 57 552 
35 50 229 
92 5 684 
3 67 370 
74 47 31 
88 64 427 
53 28 663 
9 76 581 
10 20 651 
57 89 182 
63 91 259 
38 76 765 
14 81 384 
12 27 810 
23 99 66 
7 14 473 
96 31 517 
76 36 204 
40 18 665 
98 27 244 
50 37 133 
64 42 622 
16 38 580 
12 76 678 
7 43 3 
84 88 623 
65 5 50 
24 64 476 
61 89 446 
9 100 469 
14 18 437 
19 64 739 
85 62 470 
34 93 620 
89 86 448 
82 71 760 
27 58 252 
7 35 181 
26 28 598 
60 5 435 
24 9 318 
16 100 474 
32 90 649 
12 101 213 
21 34 99 
32 37 635 
5 81 143 
63 84 337 
29 9 677 
33 95 292 
19 27 465 
6 12 689 
39 75 704 
99 53 663 
16 17 472 
7 88 14 
12 96 743 
97 56 199 
38 62 204 
100 89 740 
77 100 772 
46 94 599 
71 17 177 
30 95 505 
93 9 231 
38 50 547 
85 24 169 
83 24 813 
47 24 579 
35 70 409 
61 41 704 
98 24 428 
89 72 188 
86 38 587 
82 84 9 
31 6 392 
98 102 102 
60 16 532 
72 96 626 
97 101 574 
4 38 378 
73 70 438 
78 98 691 
78 52 638 
46 101 702 
51 3 321 
101 17 149 
25 39 561 
40 4 206 
23 27 232 
78 94 575 
