8 8
250
91 20 78 93 92 23 87 82 252 
38 84 89 76 60 67 94 21 722 
49 84 98 61 101 50 34 36 895 
94 98 71 18 54 87 39 83 1308 
4 6 9 33 87 68 70 13 319 
76 53 41 66 36 7 18 43 1586 
13 32 21 30 61 57 69 95 1384 
49 23 32 4 39 80 87 93 244 
39 19 99 32 93 90 30 61 1369 
18 31 64 66 102 13 90 28 823 
63 75 47 53 66 94 83 24 1475 
91 74 16 64 81 45 92 80 390 
102 82 42 34 2 2 74 53 1051 
25 85 23 21 16 13 29 26 281 
72 88 55 7 51 71 99 41 1423 
72 56 52 21 75 23 89 90 750 
13 31 75 47 82 15 30 60 631 
71 73 60 5 36 56 28 22 1510 
73 97 33 72 37 63 15 3 1580 
17 6 12 102 34 28 67 18 1554 
46 27 8 42 79 93 33 30 1120 
31 69 22 97 95 55 31 18 1519 
17 42 96 15 34 81 18 15 886 
31 71 41 34 41 20 61 84 1559 
89 33 20 42 42 9 94 85 565 
79 21 13 59 73 17 35 52 1243 
3 33 95 29 26 66 39 3 956 
32 100 30 4 38 13 59 44 1393 
77 76 2 90 22 51 46 41 1539 
45 74 100 26 101 91 44 60 833 
5 61 9 56 5 40 50 65 1403 
8 77 85 2 101 31 32 59 1233 
78 15 13 46 86 86 71 96 476 
62 8 100 42 62 80 62 57 1359 
80 23 73 64 42 59 65 40 1048 
13 45 75 72 96 44 15 68 743 
42 60 78 25 87 12 11 90 935 
90 68 17 7 42 46 48 54 596 
7 16 75 56 84 48 22 60 826 
58 92 13 59 29 96 34 22 1573 
10 57 38 63 55 54 2 77 1164 
51 8 5 31 26 44 7 11 855 
74 88 79 32 5 29 61 55 1591 
48 33 42 23 75 22 50 40 1581 
2 45 63 23 56 9 76 73 846 
50 29 68 71 53 20 44 62 552 
22 80 54 12 4 101 56 56 720 
34 30 35 84 83 88 48 7 1064 
93 53 35 72 57 34 77 13 433 
33 79 82 24 81 15 89 30 978 
47 92 44 64 69 101 64 45 696 
20 68 48 82 25 48 55 52 148 
3 51 25 22 37 92 75 25 1261 
66 12 51 23 98 54 28 3 245 
25 31 86 35 10 14 91 59 750 
82 53 56 35 71 31 6 88 1291 
39 26 57 54 91 46 24 100 542 
95 100 72 96 55 25 33 32 345 
27 70 44 12 33 80 46 95 1175 
26 33 43 23 19 12 75 91 1247 
62 74 42 42 13 12 81 98 961 
78 88 100 33 4 41 9 81 291 
39 29 95 79 9 98 74 101 1096 
94 74 83 62 22 66 48 74 945 
83 87 59 34 33 37 22 70 103 
76 94 31 4 15 40 94 38 1015 
85 84 66 46 70 15 45 89 389 
80 18 68 35 87 33 83 29 1535 
63 8 98 60 60 41 92 100 102 
40 92 61 45 70 87 4 65 1455 
95 39 19 46 91 46 13 44 857 
42 43 10 100 23 88 46 33 495 
68 27 27 28 56 73 9 6 1580 
67 37 50 83 33 24 43 90 1472 
80 19 18 54 49 18 88 52 928 
101 42 72 74 101 38 56 38 626 
66 70 85 48 39 87 49 49 108 
6 61 11 88 59 35 98 68 230 
16 15 80 11 41 6 16 10 1041 
29 94 38 14 29 97 85 79 327 
9 34 82 33 8 2 11 84 1492 
49 15 86 39 78 35 24 42 371 
62 57 31 81 34 32 23 22 887 
73 94 33 16 4 81 15 91 566 
36 85 10 80 102 59 14 68 1551 
82 92 18 5 92 89 75 25 362 
93 30 102 52 12 88 48 41 1477 
62 35 13 6 26 89 100 90 941 
17 85 58 74 69 68 37 43 494 
40 69 4 47 43 81 59 24 1001 
37 86 75 24 34 63 68 54 540 
86 77 67 31 7 3 31 60 665 
68 21 63 36 18 70 57 10 1170 
90 17 94 33 49 5 28 65 70 
87 94 53 97 8 17 35 52 1077 
67 11 64 3 17 85 40 93 46 
3 3 70 6 69 26 91 80 601 
43 55 30 65 5 44 99 47 1073 
92 73 15 48 4 68 5 93 1613 
11 89 2 11 95 58 2 27 1024 
38 82 27 29 8 30 80 94 1584 
40 4 8 22 6 73 20 50 319 
92 57 101 5 4 78 27 81 1482 
39 34 62 74 64 80 81 64 1050 
42 65 67 87 69 12 71 67 1441 
95 91 86 32 93 46 39 12 1142 
66 35 80 51 3 29 39 44 969 
39 68 42 29 43 44 8 79 1391 
56 7 90 91 36 39 90 34 1473 
9 9 43 18 37 54 10 17 468 
88 93 64 41 50 27 53 34 1615 
50 68 50 44 25 16 61 85 96 
84 77 101 43 63 71 38 32 569 
20 23 33 90 21 28 16 22 1405 
25 18 59 64 40 5 40 42 1079 
44 68 86 29 58 54 48 28 659 
32 47 32 94 4 20 93 35 168 
70 62 49 24 30 5 30 38 1097 
51 22 39 98 5 23 5 96 1050 
53 93 67 81 44 94 87 86 1234 
58 33 15 41 74 7 94 72 1298 
21 22 40 83 102 23 87 99 111 
5 36 44 11 91 10 56 42 686 
47 91 20 57 39 46 29 74 77 
56 12 50 34 5 35 44 86 1217 
29 72 93 47 96 47 88 84 812 
36 48 44 8 87 34 65 49 1326 
63 66 85 95 55 30 18 33 1415 
61 73 32 11 70 7 35 29 1131 
53 3 97 76 71 57 97 95 417 
64 50 27 18 70 58 54 82 327 
94 36 19 65 31 65 60 29 180 
21 27 81 40 74 60 65 14 764 
88 90 98 30 100 62 4 56 1354 
63 45 5 76 59 89 87 44 1525 
54 90 74 34 17 44 46 78 1112 
49 27 78 69 55 58 11 67 1516 
26 66 37 59 62 77 82 99 1374 
10 47 70 94 55 32 67 12 390 
77 56 74 56 86 25 94 58 474 
9 96 92 49 67 94 96 62 1275 
60 98 30 99 54 21 60 38 500 
102 57 73 48 5 45 34 37 183 
23 73 81 14 67 7 48 75 48 
96 63 82 78 99 95 54 8 242 
98 80 4 56 98 51 94 94 13 
59 63 93 49 16 32 83 76 1463 
101 48 33 25 53 81 18 65 1216 
52 26 60 81 95 98 30 39 931 
11 69 77 33 22 75 6 91 199 
13 49 49 52 98 25 5 55 985 
86 74 29 25 40 35 76 44 1119 
45 81 70 97 21 80 75 74 113 
17 70 28 61 22 64 69 6 262 
29 3 30 36 77 42 38 46 1048 
32 88 31 44 59 80 6 63 162 
47 18 30 71 79 26 19 90 1391 
36 27 55 67 58 36 19 49 675 
43 10 5 30 61 77 15 45 1398 
80 75 14 50 56 61 54 24 1434 
90 60 26 6 20 89 57 4 316 
13 68 32 97 27 12 39 65 860 
8 19 59 55 58 36 40 41 245 
76 88 73 96 14 36 48 31 1449 
20 39 93 18 75 59 58 4 1264 
58 85 50 4 13 93 8 48 90 
32 37 4 92 67 81 74 83 254 
51 19 55 98 51 98 23 21 434 
64 92 46 2 100 56 58 85 914 
69 74 77 82 90 68 30 18 1539 
89 30 74 14 46 94 44 9 1390 
26 62 36 54 82 94 67 46 915 
63 32 39 50 36 85 25 8 150 
42 71 31 89 70 36 4 36 1495 
57 52 48 55 60 93 71 34 371 
24 16 94 86 17 47 12 69 1394 
59 41 96 91 91 40 84 4 618 
59 39 94 102 53 48 2 12 1530 
12 10 74 48 81 3 62 3 1493 
19 59 56 86 79 2 50 46 1560 
99 68 64 10 72 59 55 14 1562 
32 24 66 48 85 7 53 2 961 
16 13 61 95 31 90 49 67 735 
86 75 61 94 54 8 53 5 718 
34 4 40 17 95 69 7 32 1277 
30 74 75 51 35 79 43 37 547 
38 7 39 76 63 7 14 71 643 
38 40 73 59 97 83 63 21 1597 
23 101 19 94 89 101 12 21 1521 
74 37 41 84 53 19 75 16 1601 
9 61 43 35 5 26 30 71 1498 
9 73 79 95 90 17 81 23 585 
18 46 19 40 66 44 14 42 565 
102 57 89 56 86 83 85 56 981 
59 90 98 95 66 20 9 4 789 
18 81 49 27 4 32 83 59 1145 
83 71 97 101 23 65 92 30 237 
6 55 88 98 12 35 56 25 539 
42 25 82 101 32 63 96 98 997 
90 77 54 59 75 29 13 4 1385 
67 59 69 35 5 38 6 5 802 
64 23 71 16 72 82 99 43 558 
92 84 41 35 8 27 4 4 870 
64 49 83 61 87 10 50 91 1074 
68 8 21 47 97 29 14 34 1224 
94 76 6 75 62 33 95 23 319 
48 34 53 44 34 3 84 44 913 
70 5 37 63 67 83 16 33 573 
17 47 89 14 23 76 52 12 465 
51 92 89 51 67 66 91 5 935 
16 26 77 20 64 55 73 46 467 
42 33 11 25 61 32 98 81 1233 
34 36 13 79 93 24 75 36 848 
71 21 40 73 74 64 26 101 108 
62 99 85 36 42 79 48 13 1288 
22 28 33 59 55 89 91 59 1122 
48 39 35 55 47 30 3 4 403 
93 71 61 48 101 61 25 38 1335 
94 99 96 35 33 82 45 55 134 
23 14 68 53 84 17 96 80 1014 
75 9 54 57 35 40 55 57 688 
22 76 29 74 36 19 7 99 970 
77 15 8 55 12 94 22 82 1466 
61 42 89 46 54 23 99 52 471 
32 39 66 58 83 79 40 25 1298 
84 51 80 51 48 88 58 21 1057 
58 23 99 62 37 55 50 96 240 
58 79 23 7 77 86 90 77 968 
97 21 34 31 16 89 15 41 513 
14 11 97 3 90 36 59 43 476 
34 73 5 13 9 89 64 85 756 
60 78 76 96 63 73 28 63 1620 
34 29 8 12 49 98 24 39 1385 
22 57 91 89 50 36 57 59 72 
59 86 14 48 69 34 43 56 1017 
59 20 50 26 77 29 36 26 224 
25 23 26 9 91 72 4 44 462 
59 73 30 43 41 6 68 72 1249 
89 89 62 77 71 95 36 67 317 
38 98 82 64 55 26 22 34 577 
83 52 97 44 46 27 5 86 1358 
36 18 81 46 60 7 53 50 612 
55 50 54 33 75 27 53 67 756 
50 97 20 6 22 8 71 88 323 
84 47 45 38 73 88 12 101 790 
42 94 40 77 13 7 89 69 1377 
85 52 79 72 93 81 80 57 1439 
67 33 98 75 77 74 87 71 48 
97 20 79 69 23 76 78 13 1192 
10 75 86 15 19 56 24 88 590 
