8 2
250
38 99 4 72 68 22 5 3 27 
18 7 58 63 84 82 89 19 279 
87 41 67 38 75 35 40 58 236 
27 27 56 65 32 73 75 56 108 
61 35 80 80 7 46 84 46 368 
82 72 51 44 77 72 37 94 14 
65 101 26 71 34 12 65 80 312 
54 55 76 87 91 30 56 29 344 
92 8 36 23 57 32 44 60 354 
11 85 52 87 29 41 70 12 223 
4 92 2 71 17 29 70 32 369 
18 97 83 23 90 50 87 48 348 
71 44 46 96 29 76 25 56 387 
29 69 28 37 19 81 76 54 154 
86 23 93 10 55 27 41 28 259 
8 90 97 4 101 84 56 102 276 
12 10 65 28 48 63 34 43 256 
66 83 80 4 49 38 13 4 103 
96 63 91 21 57 3 13 19 270 
102 27 70 46 84 19 13 66 178 
76 60 77 32 78 14 65 77 187 
88 6 43 61 93 100 59 62 160 
80 93 55 65 17 31 97 34 68 
97 22 101 62 93 85 95 38 181 
52 66 87 79 59 82 57 27 58 
27 43 36 72 90 24 80 35 300 
92 13 44 48 37 46 98 70 225 
49 27 15 60 68 57 56 9 391 
56 4 36 75 10 92 17 72 372 
85 27 34 78 84 60 12 5 103 
4 6 31 42 83 91 27 10 3 
3 68 77 81 18 83 29 26 130 
41 19 6 54 33 67 55 15 178 
25 73 45 57 51 65 32 54 15 
69 16 22 48 50 102 92 16 17 
18 6 10 53 52 61 28 72 354 
23 51 74 65 89 70 47 4 153 
59 48 19 14 51 66 80 62 41 
13 96 70 6 65 19 63 39 41 
37 74 23 86 31 81 78 10 14 
33 6 29 55 3 48 65 34 280 
88 6 57 47 75 92 51 17 314 
20 20 89 57 4 53 60 12 127 
18 75 19 41 38 43 63 49 229 
85 60 95 25 43 32 51 77 136 
57 92 100 33 37 16 4 60 370 
18 78 3 78 96 92 17 49 242 
54 49 70 16 86 28 36 68 233 
86 98 79 58 8 29 20 5 82 
35 87 40 5 39 81 52 47 289 
56 9 66 5 10 96 73 100 114 
67 43 9 74 99 71 59 20 255 
16 62 73 76 60 93 73 84 252 
23 50 12 91 66 41 58 82 242 
95 83 90 85 87 10 101 54 254 
15 63 90 71 48 21 18 39 345 
2 82 51 75 34 28 35 52 201 
20 78 79 70 18 19 12 66 153 
77 33 77 64 77 8 31 60 89 
76 54 4 93 75 29 57 58 406 
12 21 51 64 52 37 61 84 311 
87 47 47 73 61 84 84 44 26 
11 40 7 45 46 76 6 61 400 
49 29 6 52 15 63 20 101 184 
90 14 82 42 5 95 32 46 54 
79 5 95 22 11 33 23 47 75 
96 70 77 76 60 93 39 14 226 
74 36 34 86 55 62 39 96 121 
28 71 36 14 15 102 64 29 229 
7 29 20 75 31 70 45 26 131 
72 16 57 91 5 93 40 60 43 
83 95 52 35 85 17 3 98 311 
86 84 57 77 15 33 38 34 349 
39 101 7 65 43 31 30 69 326 
77 39 68 45 76 57 92 82 141 
7 74 46 5 73 36 94 61 169 
79 97 3 26 55 74 8 3 238 
7 20 54 23 7 18 37 29 241 
12 43 10 102 87 34 99 32 244 
44 37 30 74 73 84 90 53 295 
80 53 85 96 39 75 99 87 256 
84 86 69 30 70 47 77 84 76 
35 79 12 71 29 25 14 66 269 
32 35 49 72 35 56 46 59 310 
78 18 5 37 5 102 72 16 190 
95 16 69 85 99 91 66 58 303 
64 11 25 62 84 75 10 69 213 
17 14 53 15 86 13 71 101 271 
17 100 76 12 102 15 79 22 208 
101 49 38 60 8 80 81 83 195 
54 18 36 32 29 38 50 56 10 
98 81 31 58 17 100 25 51 237 
102 55 11 12 85 65 24 11 83 
18 59 9 75 36 5 65 18 340 
35 86 72 40 64 48 13 83 166 
24 44 34 40 38 59 22 82 118 
40 44 35 73 10 20 18 34 395 
97 25 47 28 95 100 17 92 265 
90 64 93 66 101 4 24 3 272 
90 80 24 52 55 56 77 27 304 
53 64 78 54 24 32 51 18 240 
97 98 52 36 25 48 94 34 75 
40 76 45 33 51 9 54 30 223 
77 48 72 93 53 69 26 66 117 
90 38 41 63 17 86 45 29 22 
19 56 57 78 60 23 39 39 210 
33 22 15 71 2 96 77 76 286 
91 6 47 84 12 61 20 6 394 
80 79 61 61 90 24 4 37 305 
101 101 90 51 56 16 18 94 182 
18 21 38 48 88 43 16 56 94 
62 36 46 98 60 56 26 60 247 
94 74 34 93 69 67 21 78 304 
84 41 52 33 68 20 17 4 345 
63 35 93 20 48 36 101 44 4 
33 5 43 36 27 98 56 26 84 
14 27 54 73 28 12 69 34 62 
75 31 70 28 83 58 71 65 104 
72 77 28 100 94 27 66 90 296 
35 50 16 56 79 45 99 4 316 
34 92 9 82 53 16 21 28 53 
34 7 24 87 67 64 73 86 202 
96 16 35 29 8 40 40 36 342 
3 21 55 28 31 81 81 39 297 
20 91 26 14 81 68 15 34 341 
52 50 85 54 85 95 95 5 360 
47 7 86 71 45 19 33 20 32 
62 9 78 45 8 29 92 55 387 
27 84 37 69 16 76 57 89 349 
2 51 38 62 34 28 93 36 132 
90 52 49 9 84 63 60 55 104 
10 10 44 58 64 32 100 70 90 
55 80 93 12 16 57 33 32 283 
73 2 77 52 54 74 97 3 15 
50 20 2 75 11 64 51 49 325 
45 47 89 9 64 66 6 40 231 
43 80 38 93 78 53 94 89 216 
52 59 58 72 63 63 28 52 203 
24 82 71 31 63 69 78 90 350 
85 66 40 13 48 16 18 56 95 
69 59 45 51 83 24 11 101 367 
26 75 86 27 82 14 17 84 236 
89 15 19 71 17 89 68 12 97 
16 42 13 44 57 9 40 61 379 
9 75 101 49 22 64 79 54 65 
4 59 86 28 98 66 58 30 169 
8 101 44 57 85 73 100 97 242 
81 84 20 79 89 23 21 10 41 
61 42 95 57 94 65 74 66 215 
42 90 46 49 87 28 68 35 247 
53 53 92 30 51 27 5 100 286 
100 27 72 64 9 90 56 100 359 
51 52 9 80 86 21 21 61 27 
17 34 99 94 13 56 63 70 233 
22 33 93 69 54 96 95 76 161 
84 79 84 58 95 90 40 19 337 
55 75 69 73 11 92 21 90 270 
75 8 15 19 3 40 33 37 272 
99 83 100 15 87 12 82 39 332 
26 61 41 11 55 96 73 10 388 
92 51 24 3 50 67 30 22 278 
28 68 78 45 28 60 23 44 148 
86 42 91 60 93 74 11 97 118 
29 67 55 21 47 96 45 43 350 
46 98 35 35 87 67 44 56 291 
7 83 35 83 89 13 60 89 276 
8 34 60 52 94 56 38 3 227 
17 9 22 85 102 87 74 79 187 
5 53 57 26 18 39 3 6 56 
97 47 79 44 63 60 28 39 39 
30 96 6 81 99 86 11 29 194 
53 25 84 51 11 12 68 57 147 
14 84 17 22 51 89 42 43 229 
80 75 48 64 58 65 77 46 342 
43 26 56 73 17 92 92 52 333 
34 48 38 70 78 8 25 16 224 
96 10 47 19 41 58 30 33 218 
4 91 68 21 75 67 28 27 131 
84 43 69 28 32 101 8 10 386 
21 12 99 42 41 45 10 84 148 
41 26 86 100 45 86 39 90 252 
17 15 75 74 43 53 76 43 296 
90 70 80 48 13 33 63 11 86 
58 64 51 26 13 94 31 89 3 
49 86 100 85 91 44 39 92 390 
24 50 71 48 67 101 72 22 57 
60 95 15 55 38 36 65 83 108 
14 94 4 83 45 56 53 29 232 
76 6 81 38 10 23 37 42 250 
53 12 99 53 55 93 80 73 382 
89 96 50 66 22 10 18 27 402 
96 42 7 17 97 41 44 98 67 
37 24 87 95 20 98 75 14 290 
31 64 41 13 5 74 62 66 134 
11 12 86 73 22 85 24 43 407 
58 39 17 60 11 59 77 45 199 
10 97 78 53 93 10 39 88 260 
62 85 39 35 56 33 8 35 352 
34 66 4 4 72 79 99 19 308 
58 74 55 83 38 62 25 54 283 
59 60 20 78 35 36 21 64 237 
65 25 84 85 54 78 73 45 323 
48 8 26 101 56 76 35 83 62 
13 81 49 78 12 4 64 52 307 
70 58 33 71 85 10 21 36 384 
95 75 22 79 12 95 83 79 190 
47 59 5 46 45 54 21 10 340 
12 88 15 82 23 4 3 5 356 
50 79 25 18 82 23 82 41 34 
97 36 71 57 97 34 58 19 376 
74 26 14 81 52 77 27 11 194 
83 16 54 20 78 9 8 35 408 
26 31 79 85 66 6 46 26 305 
17 58 93 83 26 6 12 31 324 
77 72 30 50 93 73 75 101 107 
58 79 60 64 51 64 34 34 362 
17 91 62 10 36 28 2 12 217 
58 102 92 50 10 49 29 33 260 
74 78 39 8 12 67 80 90 190 
19 55 9 31 51 93 17 97 164 
22 69 37 3 50 83 20 19 405 
38 11 72 12 37 20 101 62 232 
53 11 81 97 32 48 82 85 237 
48 29 53 100 34 14 10 10 263 
30 73 30 58 90 95 67 44 323 
79 9 20 91 32 90 37 66 353 
62 26 39 91 24 67 25 75 366 
50 40 79 60 5 29 55 73 364 
31 97 23 89 32 90 69 5 311 
42 58 99 65 66 70 28 49 341 
30 41 51 65 35 17 5 20 20 
5 21 6 93 38 61 101 8 282 
67 76 97 51 24 21 91 85 69 
94 87 76 10 34 57 45 28 131 
42 68 64 8 86 14 85 66 344 
74 50 22 40 66 60 101 63 301 
91 81 19 32 76 52 100 13 135 
32 96 89 51 50 12 30 61 163 
9 61 92 85 68 60 36 19 144 
98 57 23 18 11 73 84 56 193 
17 12 94 14 10 75 81 55 286 
99 25 102 12 12 7 20 94 9 
86 8 15 61 98 59 17 4 229 
14 16 87 18 69 96 65 15 201 
50 97 53 19 5 15 90 39 381 
37 88 47 18 100 19 71 100 197 
36 58 16 36 100 8 19 70 160 
87 83 58 8 49 99 58 72 397 
53 69 5 3 73 61 66 81 66 
13 97 18 70 48 71 48 31 234 
