6 4
250
72 95 55 41 27 4 240 
78 7 2 79 73 93 778 
13 67 22 66 19 31 109 
82 20 62 22 34 64 573 
30 85 70 57 56 16 284 
29 73 67 51 91 66 692 
44 22 58 39 53 28 447 
65 77 91 45 47 10 736 
77 95 21 95 42 61 392 
24 34 24 18 79 63 692 
96 58 17 29 67 30 316 
100 6 85 83 38 17 532 
9 80 13 11 8 46 426 
81 47 58 51 7 39 162 
90 36 23 76 67 72 568 
22 76 18 83 82 54 622 
90 38 14 6 46 85 123 
56 13 10 73 18 35 123 
12 61 80 61 94 21 87 
73 64 9 73 47 98 716 
6 97 30 28 95 78 737 
11 46 47 64 56 7 280 
24 15 5 51 39 57 76 
17 40 23 91 35 68 147 
76 6 34 100 89 29 407 
18 82 48 25 59 27 13 
17 35 100 40 16 78 396 
51 7 25 10 43 81 726 
59 9 39 62 12 75 284 
42 15 65 69 80 86 50 
36 59 27 82 32 10 3 
7 25 53 20 91 71 212 
101 12 92 48 50 63 482 
75 11 65 49 54 69 612 
22 37 73 39 94 45 123 
50 99 30 13 73 91 431 
86 88 44 23 5 11 333 
5 75 22 31 26 49 500 
50 64 36 80 43 27 687 
91 82 84 100 29 13 419 
14 64 38 80 74 8 727 
25 23 28 51 60 36 145 
63 53 9 70 97 56 5 
37 96 35 32 66 71 774 
8 62 25 78 100 91 739 
13 87 54 54 43 74 205 
43 10 31 85 93 69 228 
31 76 31 33 59 53 630 
70 5 49 11 40 96 138 
63 5 74 62 47 29 407 
68 58 19 57 84 77 767 
88 5 49 74 4 69 628 
88 96 47 43 41 15 354 
84 6 45 5 80 10 657 
7 59 25 48 42 80 516 
20 15 79 78 77 85 666 
101 2 38 38 29 42 611 
11 29 21 8 16 9 686 
54 75 53 6 69 16 667 
48 26 28 64 91 16 552 
83 70 67 65 32 64 675 
6 9 70 53 71 8 780 
32 6 42 28 73 81 544 
41 27 74 10 72 102 433 
79 12 75 40 28 9 231 
61 56 45 86 47 3 393 
68 86 55 101 10 88 136 
22 88 38 20 37 3 340 
45 95 57 62 64 32 223 
99 96 15 45 100 69 581 
52 99 44 28 80 21 597 
43 21 12 64 16 38 465 
26 39 22 93 8 89 129 
63 90 25 85 74 23 566 
92 42 58 12 21 47 568 
91 96 93 59 84 70 16 
77 47 100 50 95 72 596 
59 94 53 94 83 58 731 
11 21 45 8 100 6 423 
80 56 54 97 93 89 288 
45 31 36 26 20 16 703 
46 27 37 80 53 98 268 
50 7 20 40 92 82 655 
77 50 53 87 67 52 785 
93 48 55 4 85 40 113 
66 19 70 65 44 5 533 
96 10 30 49 10 21 248 
51 36 59 3 9 57 562 
82 85 41 56 66 92 430 
80 85 78 70 60 21 689 
90 52 77 50 79 17 654 
43 25 40 59 33 68 341 
14 97 3 78 85 47 681 
35 31 11 80 16 15 132 
27 53 81 51 102 48 501 
87 84 56 33 42 91 323 
62 4 99 35 26 13 544 
90 78 94 78 76 3 446 
23 68 72 65 4 66 132 
74 61 10 33 22 82 223 
15 49 47 45 58 46 599 
29 14 47 92 4 51 305 
77 89 76 28 47 9 520 
18 85 70 40 27 26 716 
45 91 4 6 32 41 612 
31 49 35 20 59 83 767 
56 27 75 3 17 81 791 
73 36 7 77 76 66 786 
66 79 7 33 22 88 686 
25 45 88 73 12 64 382 
42 43 9 90 27 72 510 
61 96 39 12 47 93 584 
57 98 31 59 78 81 532 
72 29 89 39 98 12 255 
83 90 31 7 18 52 260 
95 100 89 50 96 36 43 
85 70 23 77 97 14 552 
49 59 17 36 86 84 571 
15 22 53 32 62 33 630 
8 9 7 31 42 42 511 
100 43 10 84 47 62 710 
61 68 63 3 100 66 281 
33 17 73 35 71 64 648 
80 38 20 37 5 30 625 
63 18 49 56 75 7 402 
18 8 54 41 24 85 444 
57 92 31 64 70 45 619 
95 36 98 74 80 85 165 
7 92 49 44 34 12 803 
51 16 48 27 60 87 123 
11 21 95 49 81 27 191 
49 91 75 37 87 3 558 
84 53 85 96 24 31 91 
18 7 99 91 74 58 49 
78 85 39 11 60 63 683 
17 5 27 101 60 99 477 
3 77 9 49 12 32 545 
65 65 32 39 58 6 757 
16 98 60 8 71 19 580 
8 38 27 29 42 87 547 
50 60 97 66 34 55 126 
32 92 44 65 28 41 101 
22 9 75 4 59 93 15 
9 69 95 91 81 89 773 
41 84 22 72 48 102 126 
7 37 75 26 53 80 684 
8 18 46 45 80 61 706 
31 54 27 85 96 67 339 
93 5 77 55 67 23 741 
10 24 95 82 41 99 117 
73 2 80 8 15 20 6 
53 51 47 3 30 10 85 
32 97 89 54 36 76 120 
34 99 73 88 59 95 802 
95 53 65 41 64 74 471 
54 49 79 82 50 43 324 
56 32 54 39 14 83 639 
30 7 30 7 25 102 319 
5 9 22 58 27 4 474 
100 84 64 69 38 55 633 
49 12 73 89 35 77 642 
70 21 51 46 14 22 538 
48 37 36 41 75 21 402 
42 60 26 25 41 84 458 
49 92 72 79 30 3 656 
97 59 20 92 27 62 290 
90 72 14 15 84 94 427 
50 30 30 65 36 30 57 
55 50 66 96 95 25 166 
31 81 70 86 21 88 411 
80 18 50 50 60 16 430 
89 14 12 58 91 6 814 
64 44 16 96 74 75 350 
11 56 98 33 40 17 479 
93 46 30 65 9 4 573 
13 82 17 78 17 56 534 
38 56 40 6 21 22 546 
39 56 92 49 14 10 557 
65 54 19 23 101 96 784 
70 84 95 85 4 32 417 
64 100 20 60 21 79 601 
102 60 30 21 97 94 443 
92 40 18 97 96 4 399 
30 101 57 18 62 71 557 
74 46 23 19 93 18 609 
58 74 91 95 32 97 515 
96 91 4 6 4 44 635 
46 79 90 9 30 4 285 
102 65 44 61 10 7 224 
16 9 4 6 78 82 279 
68 28 4 66 9 88 278 
12 55 14 60 29 92 232 
69 35 12 65 16 42 457 
11 50 36 24 91 38 652 
84 102 102 28 64 46 639 
53 88 45 22 18 3 737 
12 31 3 83 17 101 383 
76 94 43 64 42 80 464 
80 70 44 20 52 56 224 
55 15 34 67 49 52 132 
48 69 45 99 41 68 810 
21 35 44 76 39 35 73 
10 60 66 25 68 24 593 
20 3 4 68 49 65 460 
19 71 17 70 51 33 224 
27 101 67 3 14 59 488 
37 2 46 15 23 20 373 
56 70 45 83 31 45 229 
68 42 33 94 5 45 20 
65 28 8 90 4 83 675 
62 101 24 55 66 15 678 
2 60 55 28 47 13 509 
4 75 89 22 89 101 485 
60 36 10 12 16 59 588 
76 40 27 21 39 65 770 
71 23 30 66 32 47 535 
84 80 69 60 34 42 505 
55 20 70 17 84 25 13 
66 16 46 52 58 13 215 
23 30 9 9 50 70 265 
54 62 58 59 57 96 626 
58 44 54 84 19 12 172 
21 60 6 57 42 95 42 
9 86 17 77 36 41 500 
52 62 53 86 74 31 10 
61 14 60 30 31 27 65 
74 94 70 40 3 7 11 
72 5 54 10 77 29 372 
78 43 84 23 57 18 53 
84 3 100 47 83 22 496 
48 48 30 12 70 99 285 
94 49 39 35 36 62 658 
59 100 78 99 4 58 679 
72 78 9 77 11 4 738 
93 72 95 22 87 42 194 
58 27 100 9 32 13 679 
96 47 90 23 57 28 202 
5 23 50 81 66 80 618 
73 23 38 61 98 46 16 
79 46 15 51 22 59 8 
75 80 93 74 47 102 624 
33 21 56 56 78 68 716 
51 47 43 23 65 50 701 
6 64 49 37 68 83 140 
3 77 74 38 71 26 242 
45 60 9 22 80 101 328 
4 84 7 22 80 16 233 
101 73 30 59 11 17 567 
18 45 39 80 20 62 241 
46 84 20 9 44 60 47 
