6 4
250
51 8 50 13 43 75 206 
93 77 20 42 5 99 676 
97 14 59 4 80 85 282 
29 70 24 87 93 71 548 
34 3 68 81 33 87 150 
36 43 74 57 90 75 482 
25 24 93 48 88 64 813 
47 15 60 25 26 16 181 
40 28 28 52 6 60 481 
76 54 63 75 14 67 499 
73 86 50 93 11 77 30 
48 33 41 7 9 70 710 
90 10 58 9 73 98 785 
17 48 7 86 17 2 400 
72 33 75 76 99 41 600 
31 13 34 16 40 21 755 
97 89 47 98 92 74 708 
46 6 68 43 71 67 463 
40 45 8 96 77 57 615 
102 68 33 13 31 15 478 
99 26 95 35 80 6 159 
61 62 90 27 30 64 215 
28 9 35 30 76 19 741 
69 28 22 65 66 19 778 
24 16 88 63 60 30 385 
82 75 10 93 63 39 650 
86 21 71 49 94 51 603 
60 100 84 57 99 70 245 
100 75 72 16 88 26 304 
48 4 65 72 36 81 374 
37 28 39 14 81 13 682 
9 53 18 73 70 23 516 
18 6 8 64 63 19 673 
102 40 79 77 15 45 309 
19 8 79 61 72 30 195 
74 47 45 19 59 48 740 
24 56 44 20 5 76 248 
100 59 10 75 64 65 288 
90 62 39 68 71 48 738 
47 41 15 100 95 42 358 
61 65 47 6 73 94 630 
86 37 58 13 71 9 155 
51 71 87 10 67 91 685 
86 8 53 90 2 2 635 
16 31 22 11 36 89 319 
96 65 71 93 74 60 33 
27 83 57 102 40 74 784 
72 30 92 30 53 62 610 
59 96 18 72 93 101 570 
8 38 4 36 23 82 443 
8 18 19 95 33 82 486 
27 98 90 64 31 84 363 
4 32 83 85 29 66 304 
72 55 22 82 61 36 158 
47 56 68 19 94 44 526 
14 75 37 22 82 17 268 
100 30 10 65 20 27 36 
8 23 53 96 17 19 293 
64 99 15 74 48 42 652 
44 24 47 39 42 82 733 
59 48 65 49 51 6 589 
27 14 19 43 11 17 316 
35 17 25 78 27 31 404 
78 23 50 36 77 55 455 
8 66 28 80 48 16 399 
76 90 49 68 15 66 304 
87 98 33 39 27 43 74 
10 23 62 17 53 42 664 
27 17 15 76 53 18 162 
50 93 65 65 3 92 482 
29 78 12 14 67 14 745 
27 19 98 51 13 49 800 
45 68 65 96 76 69 404 
75 36 94 63 49 19 301 
7 70 76 27 54 52 660 
47 52 5 88 30 92 812 
99 19 27 42 72 24 46 
28 102 71 29 24 12 437 
45 20 53 20 97 57 169 
51 24 27 62 99 19 798 
17 63 10 48 79 52 620 
18 69 23 80 98 33 646 
71 8 100 31 42 29 20 
35 54 70 35 38 81 398 
98 2 82 74 6 10 86 
41 63 83 47 62 80 217 
52 32 42 101 25 43 653 
18 29 33 59 92 98 675 
11 42 14 44 73 29 170 
69 43 7 93 26 71 245 
47 19 86 82 52 78 672 
24 30 36 14 40 71 651 
76 52 18 17 14 30 247 
23 71 5 91 52 8 677 
91 37 10 102 75 52 579 
12 48 79 42 22 2 709 
13 80 32 35 60 43 765 
94 92 79 14 43 102 196 
50 83 93 102 72 101 275 
96 29 15 67 21 11 524 
5 41 77 94 29 45 84 
93 75 58 94 67 91 791 
47 33 90 34 53 49 502 
67 87 42 51 3 55 143 
53 19 70 42 34 32 720 
53 4 21 16 58 16 465 
10 37 10 8 12 39 398 
98 27 35 70 64 5 317 
56 37 45 28 92 95 332 
59 90 54 34 61 11 770 
31 71 20 96 35 7 463 
52 34 46 93 19 71 446 
94 37 74 73 29 52 792 
69 78 90 68 23 18 421 
50 58 75 53 30 56 549 
58 18 76 30 100 84 32 
4 101 37 75 26 88 528 
55 82 64 34 61 99 507 
95 32 30 14 90 7 19 
79 73 42 91 16 89 296 
21 100 44 31 69 95 529 
79 55 95 99 32 89 777 
78 13 20 71 59 7 515 
88 48 18 12 79 4 211 
30 97 87 12 101 31 272 
84 22 5 94 6 99 132 
79 37 17 60 20 9 8 
62 24 22 59 84 75 276 
54 28 21 93 94 41 397 
60 10 89 34 60 64 768 
94 17 79 55 10 49 70 
13 3 54 61 97 27 562 
75 66 55 19 57 101 243 
95 86 3 14 60 69 160 
29 30 29 62 47 9 554 
9 45 6 76 28 27 336 
28 70 34 99 16 82 697 
46 36 17 5 65 66 804 
33 78 43 52 82 91 690 
74 27 100 52 20 3 532 
23 50 44 31 76 91 553 
18 71 17 46 90 36 675 
96 14 59 84 44 71 627 
69 66 27 48 38 59 436 
45 36 49 98 81 22 185 
88 75 75 90 78 33 117 
8 27 8 94 57 4 641 
16 43 70 78 34 90 441 
87 20 85 40 34 16 603 
38 70 50 11 16 62 65 
41 86 96 68 40 65 498 
40 21 56 83 57 77 239 
94 81 22 49 34 71 13 
57 92 53 46 18 42 578 
59 59 85 43 44 73 610 
59 76 11 95 28 95 379 
101 31 59 79 41 47 355 
91 30 64 84 94 8 684 
96 45 25 24 24 92 666 
64 73 42 15 6 56 286 
7 13 56 8 78 57 462 
63 96 68 79 97 29 555 
31 23 61 52 66 93 521 
33 89 73 5 5 67 303 
59 19 66 37 92 10 682 
19 10 78 18 53 29 264 
51 58 47 29 65 16 264 
52 83 65 42 65 73 607 
26 85 5 75 92 22 34 
79 4 44 7 21 86 99 
15 85 36 15 66 34 669 
32 28 78 42 53 7 61 
38 3 98 29 39 11 763 
28 75 45 63 10 30 586 
56 5 24 46 31 22 306 
100 31 28 102 42 94 764 
58 29 35 41 17 99 342 
3 48 80 84 77 20 712 
12 94 54 58 5 12 621 
25 56 98 24 87 72 312 
74 71 29 100 19 102 566 
48 12 24 95 33 32 436 
60 46 64 56 4 52 712 
39 76 46 38 84 20 274 
74 39 19 32 29 6 233 
78 53 86 60 21 20 523 
84 33 65 74 82 25 533 
13 36 70 85 22 53 290 
98 85 63 37 84 38 606 
74 6 65 7 28 27 663 
95 80 98 85 34 25 451 
45 83 66 4 97 70 503 
5 51 49 9 55 95 660 
70 25 26 38 84 92 80 
29 102 69 56 100 86 146 
58 74 102 90 30 82 431 
4 99 35 89 70 15 566 
57 18 99 75 34 2 204 
57 74 49 52 35 48 134 
83 99 50 99 86 46 386 
79 50 22 27 15 30 541 
28 93 51 16 79 42 587 
86 72 83 68 86 95 10 
2 55 39 96 36 38 169 
102 87 92 85 71 24 635 
70 80 50 21 74 61 239 
83 100 38 58 7 46 791 
29 69 33 3 53 48 629 
97 84 33 80 94 48 215 
8 61 33 10 20 96 137 
94 34 49 13 36 74 156 
57 4 40 31 94 26 593 
20 61 85 20 78 3 594 
98 19 42 83 15 5 613 
41 7 50 89 52 82 288 
37 87 91 19 76 60 327 
83 95 51 102 24 56 722 
3 50 93 44 96 46 786 
17 8 33 23 71 46 136 
99 92 44 44 45 40 676 
76 95 3 4 44 35 126 
26 93 83 93 51 89 312 
58 59 47 59 38 41 163 
80 61 98 7 16 25 682 
5 10 60 81 18 8 217 
57 92 43 53 13 83 742 
17 52 32 22 59 80 332 
35 99 87 9 101 65 783 
36 8 98 30 11 34 174 
85 25 15 35 83 14 13 
70 7 8 27 60 31 514 
11 67 88 59 47 45 576 
13 75 74 19 45 33 169 
86 46 25 4 52 72 261 
28 20 88 78 69 41 530 
94 81 84 43 36 35 207 
42 12 73 66 91 53 591 
53 43 18 41 83 83 683 
62 85 26 10 61 33 679 
50 102 83 80 6 8 159 
95 92 78 10 100 97 359 
36 54 39 63 21 61 614 
79 72 40 88 60 83 258 
99 60 35 77 4 44 755 
12 92 88 87 47 55 473 
53 42 32 86 88 42 215 
33 89 49 42 74 10 580 
32 45 94 48 26 90 787 
34 45 35 98 55 53 195 
64 53 78 76 8 19 211 
