8 6
250
75 93 65 30 82 94 32 5 386 
95 4 70 42 6 12 67 26 712 
101 57 20 47 51 90 55 43 614 
82 92 18 20 48 92 45 52 1060 
16 89 51 32 64 28 94 53 591 
36 2 44 43 61 98 35 74 430 
59 30 43 77 77 41 43 52 166 
17 77 58 80 99 56 26 53 460 
11 70 95 94 55 100 42 22 495 
10 41 33 22 87 76 57 89 264 
47 41 14 12 91 14 14 79 935 
94 57 6 90 19 9 61 27 48 
44 66 77 45 37 57 101 36 134 
84 97 92 84 26 12 35 81 156 
28 101 82 84 82 79 24 50 790 
39 22 24 26 64 62 72 15 275 
49 4 6 59 13 57 3 32 1001 
89 12 33 95 57 41 97 35 315 
26 62 87 100 23 89 93 64 166 
91 61 35 31 14 13 90 88 936 
11 71 90 27 82 52 97 37 466 
35 45 68 85 31 31 37 48 649 
40 50 83 19 68 51 44 14 875 
51 59 100 22 8 70 64 88 785 
40 101 82 37 5 88 51 60 230 
50 8 31 7 97 68 60 52 466 
97 94 5 41 85 71 80 48 958 
42 15 40 99 23 46 66 99 578 
75 5 47 97 70 10 32 96 68 
44 46 64 34 65 58 32 69 1149 
63 100 18 13 59 59 10 11 550 
83 53 88 88 42 99 21 86 582 
95 2 26 98 11 91 65 38 31 
18 10 52 84 69 56 52 6 1209 
33 64 48 90 90 61 65 51 529 
21 59 6 67 15 80 10 40 815 
72 67 91 29 50 23 56 94 11 
96 101 86 34 38 38 101 90 271 
4 6 15 68 34 62 48 46 970 
101 53 97 74 76 31 89 82 476 
11 7 17 27 36 98 60 71 620 
61 89 23 69 68 28 58 8 410 
56 6 35 32 82 6 44 58 501 
8 24 26 56 47 58 100 91 1017 
9 79 72 19 10 66 11 89 692 
60 33 87 71 18 70 98 35 934 
8 82 26 13 85 80 57 54 569 
28 7 44 67 72 79 45 51 367 
65 39 98 71 22 96 49 85 303 
58 38 8 59 61 13 81 93 119 
61 98 95 94 64 58 19 85 1000 
16 95 63 10 29 69 40 35 1177 
82 39 61 33 65 2 55 101 196 
42 72 49 33 88 81 69 86 642 
39 73 78 43 54 40 14 36 1105 
65 51 11 41 21 28 17 101 665 
52 30 35 95 41 65 42 79 166 
37 85 9 85 42 45 17 3 765 
23 42 88 24 21 32 12 92 614 
9 4 53 23 18 88 26 19 676 
21 46 34 15 3 77 26 79 619 
85 83 11 68 26 19 65 97 733 
71 31 12 5 85 51 15 35 919 
64 16 69 23 60 25 90 98 705 
33 10 41 13 100 44 81 29 117 
43 43 80 36 60 23 29 58 1085 
47 18 63 85 2 70 102 64 767 
85 64 24 88 80 30 62 34 1066 
23 60 33 70 26 58 42 73 1134 
99 31 58 48 96 5 36 45 972 
99 50 10 73 13 38 81 98 796 
89 58 65 53 76 28 36 8 1197 
60 79 94 7 45 31 77 5 403 
8 39 70 21 53 37 50 65 1028 
81 52 49 97 91 30 93 54 192 
32 48 57 33 15 91 7 79 804 
89 94 7 81 98 10 5 75 728 
99 70 6 30 4 13 44 56 683 
53 65 90 67 15 93 15 47 698 
80 78 26 81 16 77 71 64 867 
81 3 56 41 94 18 70 96 1029 
13 4 46 46 91 60 35 56 173 
79 24 81 16 67 53 53 28 1193 
37 20 56 32 61 42 42 65 657 
4 15 73 75 99 22 9 4 529 
15 35 89 68 48 62 63 94 484 
94 66 38 4 89 68 20 35 925 
32 83 45 6 7 28 7 33 507 
45 7 27 61 10 65 10 40 1131 
13 71 74 96 71 69 3 50 1211 
20 102 27 7 56 66 46 79 257 
102 11 31 63 63 17 21 20 1072 
16 35 58 74 96 51 76 10 778 
5 38 14 79 5 59 29 89 386 
18 40 52 64 17 33 44 10 357 
66 52 10 59 77 54 81 89 185 
45 48 7 78 33 49 2 43 501 
11 25 9 74 36 77 86 5 969 
39 54 20 28 32 88 22 12 701 
57 48 63 63 99 18 44 86 503 
28 42 10 6 63 76 92 36 1036 
24 94 19 35 76 74 74 44 425 
99 19 17 21 58 23 92 47 1164 
82 50 28 93 32 51 36 59 770 
73 36 93 46 38 99 4 100 225 
42 24 74 91 90 57 83 47 828 
28 10 86 89 16 19 81 12 1052 
61 33 64 70 102 18 11 3 103 
46 55 83 21 19 60 4 51 278 
25 93 61 73 12 88 84 10 608 
81 86 22 76 67 28 13 45 813 
59 75 25 58 81 89 49 39 1125 
88 9 93 27 87 67 96 58 228 
29 90 23 78 88 94 69 32 208 
91 71 89 57 10 76 94 48 933 
2 69 14 74 26 75 96 97 14 
61 56 101 57 82 11 9 86 677 
47 83 89 33 91 51 72 60 835 
7 33 101 19 35 41 91 96 1089 
8 56 66 50 84 93 93 10 938 
20 36 91 80 50 26 21 49 797 
91 71 80 66 4 67 7 91 787 
4 44 22 62 68 88 22 3 365 
93 99 100 98 42 83 74 55 302 
81 29 85 77 100 89 76 101 305 
13 45 55 101 46 95 29 91 809 
58 59 70 4 60 49 96 30 612 
69 95 31 99 94 51 42 27 766 
84 29 46 36 88 69 64 12 716 
79 93 55 7 71 53 17 18 1170 
59 79 71 37 83 73 39 9 75 
98 16 53 6 61 21 33 47 758 
24 24 73 3 43 50 91 19 446 
99 64 26 80 84 78 55 86 592 
96 48 48 75 99 81 63 68 1175 
9 75 34 36 76 26 92 94 1146 
26 57 38 23 49 66 36 42 557 
84 20 33 77 53 77 72 39 1208 
18 51 27 94 43 77 54 83 548 
6 65 90 101 90 92 84 31 355 
14 75 102 84 41 60 35 80 582 
67 34 24 59 66 39 28 76 526 
71 34 16 63 71 67 21 32 943 
60 85 32 43 95 24 48 60 792 
101 36 13 69 61 64 30 89 603 
25 48 101 53 76 16 49 15 1187 
17 53 6 36 65 10 83 78 1174 
19 25 41 101 13 8 74 29 485 
34 4 75 54 35 84 18 98 1028 
80 9 11 18 96 82 27 33 84 
63 67 73 4 88 85 68 13 782 
12 26 37 95 80 49 77 17 145 
26 65 20 24 20 69 26 5 837 
89 3 31 61 76 82 101 13 764 
70 32 17 91 87 24 20 8 883 
51 87 31 64 43 81 70 3 841 
90 41 48 6 80 86 17 82 120 
37 54 52 57 96 69 86 8 1044 
98 37 79 98 6 15 97 78 213 
41 27 62 52 92 75 13 13 885 
18 66 54 33 76 8 15 85 661 
24 96 93 64 80 37 96 74 809 
93 94 37 35 11 4 69 78 672 
52 86 63 79 46 85 97 70 517 
36 67 63 74 85 23 61 75 1003 
28 79 49 27 58 20 9 22 225 
39 85 57 51 67 100 53 65 1210 
94 47 52 10 69 12 95 62 86 
7 22 11 16 76 39 22 43 1205 
10 27 30 45 72 26 67 59 1043 
89 86 2 64 23 22 24 68 333 
34 20 12 39 34 98 13 4 4 
11 26 11 20 31 26 102 45 466 
73 51 78 28 45 12 26 7 932 
9 45 101 91 94 10 12 90 283 
91 73 94 34 34 70 26 58 411 
79 71 57 78 64 79 85 53 210 
54 9 76 102 15 29 22 7 719 
3 22 34 3 11 43 3 13 888 
48 41 20 9 4 89 79 50 445 
23 33 83 24 8 42 93 60 1000 
51 91 60 67 14 29 12 25 435 
4 78 62 16 77 53 7 39 151 
101 46 7 89 25 67 93 101 910 
80 81 16 93 12 52 61 54 276 
17 82 29 93 100 81 54 77 881 
78 8 57 32 19 71 30 94 173 
79 64 68 95 76 15 55 34 534 
23 12 68 12 57 25 31 92 696 
87 11 48 28 37 50 95 17 1134 
21 50 64 47 65 20 38 84 1110 
58 24 8 16 40 68 37 33 798 
8 68 53 35 3 29 14 45 1017 
70 53 29 21 102 61 22 36 1020 
83 78 49 50 76 75 34 74 836 
53 73 72 82 92 6 84 89 605 
44 88 49 38 35 22 37 71 382 
66 39 24 48 96 6 85 56 671 
20 59 94 80 3 31 60 63 885 
15 90 63 25 38 15 12 81 587 
38 47 46 29 15 7 44 70 430 
48 7 79 68 99 38 51 66 367 
59 66 87 20 79 73 50 24 993 
73 43 3 11 38 17 59 49 111 
13 93 46 89 38 35 96 14 694 
97 49 93 26 76 74 85 55 182 
65 20 70 74 81 93 26 74 337 
36 39 71 64 11 52 29 40 895 
88 72 30 54 27 67 17 55 922 
92 48 69 31 29 85 2 96 355 
43 41 14 55 66 66 7 62 919 
90 35 40 42 99 38 101 99 1020 
88 13 95 5 60 29 18 35 314 
63 7 13 87 63 18 23 88 1213 
63 34 8 66 49 67 92 29 236 
40 52 51 33 32 31 102 16 1017 
37 40 83 87 40 32 40 47 674 
66 5 74 24 21 13 39 40 794 
79 24 66 31 15 33 10 80 1021 
79 32 77 83 88 49 35 88 593 
20 78 97 78 28 4 12 28 294 
49 18 33 40 96 94 67 25 1130 
21 9 27 52 79 62 49 64 187 
82 85 19 27 91 35 64 21 757 
72 4 98 64 21 89 9 62 763 
55 40 38 85 19 65 57 15 969 
25 70 101 37 31 66 89 32 520 
9 25 28 100 78 77 32 96 257 
99 60 90 40 44 19 99 96 289 
82 99 69 56 72 78 56 41 621 
65 37 75 34 77 91 47 3 465 
38 57 65 62 54 24 44 60 678 
93 87 28 84 40 36 43 9 398 
78 55 55 52 46 38 26 69 728 
50 67 85 100 96 44 81 63 486 
63 21 47 46 14 13 23 65 670 
27 84 99 41 93 69 59 71 587 
87 88 13 28 38 87 65 96 1145 
74 95 93 86 4 78 97 82 1083 
90 33 43 43 31 83 84 102 1049 
64 11 76 18 43 27 96 96 927 
30 37 85 62 83 20 20 51 852 
66 43 81 23 46 13 81 71 459 
9 46 58 32 46 38 102 3 1045 
22 58 54 68 92 10 3 68 555 
7 30 52 25 25 82 13 20 719 
8 43 66 65 40 74 90 89 617 
21 100 92 49 62 83 34 100 1141 
20 100 53 73 22 80 68 75 507 
89 86 22 78 21 28 80 95 728 
