6 8
250
79 95 58 2 78 61 975 
96 76 25 11 74 28 1228 
25 20 30 40 92 38 1443 
45 61 76 95 66 66 1449 
7 79 99 87 31 61 1544 
23 12 60 29 97 37 484 
28 44 74 5 81 6 1209 
25 33 17 4 38 48 550 
36 83 9 14 97 73 1452 
99 28 26 44 70 83 24 
10 72 13 97 3 61 271 
19 4 93 88 63 17 1337 
48 84 85 96 15 63 1421 
31 53 17 2 66 43 482 
18 50 63 13 25 75 240 
63 6 9 37 89 19 290 
81 18 28 36 58 9 830 
46 43 51 57 22 16 1288 
21 98 97 39 20 89 11 
56 32 77 40 44 69 1396 
80 78 61 28 46 71 818 
37 91 68 10 36 81 1181 
9 14 59 5 60 38 676 
10 14 99 71 32 19 405 
88 53 99 16 42 67 1072 
67 92 30 78 47 31 1376 
9 32 31 87 10 30 782 
20 20 36 86 34 46 1151 
66 64 60 16 54 27 796 
40 71 96 96 15 9 671 
24 30 30 16 9 59 6 
84 70 86 24 91 79 1111 
35 64 33 10 23 97 20 
30 73 64 95 5 38 1137 
62 38 93 97 24 9 1567 
92 9 72 27 89 72 1342 
96 76 94 65 50 83 78 
9 65 88 94 14 42 1538 
59 67 23 5 23 33 357 
34 95 28 69 72 74 704 
58 62 85 36 27 21 558 
99 72 31 57 57 67 874 
75 7 5 12 69 4 532 
43 51 23 68 42 62 1010 
83 68 98 80 11 64 838 
5 4 60 89 23 62 989 
98 94 50 69 68 70 967 
90 26 59 5 72 13 235 
13 64 70 87 60 74 262 
6 35 79 48 5 4 1146 
5 47 25 48 44 74 746 
60 75 101 76 94 5 1525 
44 41 77 40 53 39 1490 
42 92 3 65 90 47 1493 
60 74 22 64 68 91 1378 
81 36 60 31 41 71 878 
91 71 13 68 72 24 1013 
97 4 10 54 67 81 1030 
57 24 85 56 29 56 1621 
3 81 14 28 16 11 1033 
7 19 12 14 70 40 830 
22 92 98 20 24 31 1037 
72 14 12 3 12 23 392 
14 77 77 13 16 56 1439 
93 102 42 58 15 101 1471 
86 100 42 99 43 14 568 
34 89 37 7 27 38 507 
68 4 27 5 90 41 1515 
45 36 3 56 85 65 481 
93 58 64 11 33 75 1405 
16 72 6 71 11 91 1304 
90 42 8 92 21 59 402 
100 17 54 28 61 99 673 
66 41 45 60 52 7 677 
32 75 99 96 64 47 855 
34 23 37 81 52 15 899 
97 97 66 67 7 7 1513 
43 12 85 73 78 47 816 
34 63 13 61 86 40 940 
69 11 98 58 14 74 1084 
96 20 49 11 86 88 1131 
45 81 96 46 2 51 1454 
65 15 25 88 2 4 1630 
62 26 21 68 76 100 458 
88 70 11 95 35 28 780 
94 38 64 94 61 83 1444 
84 19 17 85 92 70 60 
98 75 72 14 72 69 542 
96 30 45 12 91 43 938 
13 87 53 70 24 43 1161 
79 63 97 43 24 13 1284 
9 6 85 87 31 26 1466 
97 41 83 65 62 17 1607 
10 21 84 72 41 33 1160 
34 66 17 69 29 34 304 
15 77 73 50 57 56 1408 
26 62 27 62 19 70 260 
48 72 7 65 29 75 1131 
43 15 73 84 82 10 1234 
42 69 19 4 94 73 1343 
66 12 17 7 62 14 1380 
61 58 13 25 65 57 1394 
96 12 7 2 62 51 1164 
64 102 68 77 49 13 1368 
95 10 60 27 98 36 1343 
62 93 60 68 62 87 1344 
59 63 62 19 54 92 748 
59 15 3 34 24 13 40 
12 51 32 15 4 3 1087 
50 55 100 69 24 5 558 
22 49 36 101 67 91 81 
41 8 60 96 22 40 581 
97 58 95 76 25 82 812 
44 30 55 61 86 18 142 
10 64 52 33 89 14 609 
68 69 35 59 24 99 1161 
44 74 21 83 65 33 865 
99 7 95 101 25 86 1271 
21 83 42 83 75 98 515 
46 10 65 35 28 100 483 
91 62 19 3 84 81 1626 
58 36 80 23 87 58 183 
59 59 34 66 29 61 767 
88 94 79 51 3 42 1599 
66 58 50 38 35 25 127 
47 78 101 43 8 80 1032 
49 65 61 90 43 22 1422 
54 34 72 101 41 85 42 
70 42 54 83 41 4 1498 
81 32 87 54 34 5 204 
82 35 25 23 83 86 649 
32 20 62 63 21 13 204 
26 80 39 96 43 7 1258 
38 49 61 69 79 73 1114 
34 76 38 10 19 77 1164 
100 49 80 60 101 65 621 
24 93 23 22 93 81 895 
54 50 60 93 100 37 716 
88 66 57 7 14 73 1592 
45 26 54 4 38 43 415 
33 61 38 44 44 41 234 
58 41 49 88 94 15 1303 
28 80 19 21 41 29 200 
85 25 55 88 93 42 1287 
69 70 19 57 40 31 344 
91 24 51 58 98 32 502 
27 9 21 22 60 20 288 
48 37 86 99 16 15 794 
38 85 58 53 101 37 1442 
72 32 33 56 86 61 599 
58 70 65 45 100 83 946 
18 36 68 35 25 63 353 
35 35 60 27 18 74 875 
41 95 7 100 96 44 890 
80 89 69 76 61 83 1464 
69 23 56 18 34 93 326 
50 91 20 78 76 69 605 
98 76 31 70 88 85 274 
77 60 47 6 41 5 624 
49 102 61 66 82 34 1085 
14 6 11 86 84 36 1486 
6 89 24 22 77 19 1327 
16 40 8 74 100 75 1508 
65 11 14 95 89 84 24 
92 61 14 96 37 73 1373 
72 22 85 7 51 28 1152 
73 26 85 66 88 59 545 
64 55 93 85 61 76 802 
97 99 94 97 54 92 232 
30 11 29 42 49 99 714 
20 25 70 50 49 24 1503 
87 31 31 3 27 70 457 
8 23 13 78 99 37 1224 
25 93 12 99 38 58 702 
16 59 25 41 62 92 725 
32 25 36 13 54 59 167 
70 65 95 29 24 88 368 
91 18 66 52 64 71 1545 
33 60 53 13 67 51 1156 
74 8 64 67 80 86 1234 
99 79 67 46 80 67 890 
31 19 72 16 72 22 419 
43 61 91 100 23 52 1611 
68 85 2 89 10 41 1577 
59 33 64 45 5 49 1487 
41 101 8 86 6 42 48 
43 83 99 97 31 47 504 
49 75 69 59 36 79 516 
96 67 60 72 28 60 1168 
87 10 73 69 76 37 34 
61 85 16 19 12 98 413 
4 5 93 81 96 68 168 
60 97 88 71 72 62 744 
37 50 16 80 84 33 903 
75 28 30 57 13 31 1427 
92 56 42 26 83 8 1490 
64 68 93 33 94 63 442 
15 87 101 6 77 58 405 
37 102 41 29 67 72 480 
79 66 26 86 39 25 1122 
43 47 47 91 55 56 1190 
84 25 49 92 72 30 976 
43 31 53 38 74 65 893 
56 3 99 18 38 64 1384 
5 69 50 57 41 60 1182 
42 56 17 24 4 54 873 
79 94 39 97 44 72 597 
36 75 50 67 62 16 1412 
46 49 75 19 94 90 1290 
58 101 37 33 72 89 12 
77 39 16 72 13 3 1263 
11 62 24 97 94 50 1114 
96 102 92 81 46 88 1563 
9 44 7 12 66 76 346 
95 3 66 74 84 38 970 
38 36 97 51 15 11 568 
89 53 24 102 42 13 1006 
101 47 55 28 3 7 1118 
97 11 62 49 29 58 274 
61 60 25 12 14 11 951 
68 97 32 33 79 63 321 
93 85 12 26 66 62 1525 
58 13 48 83 33 93 674 
27 37 4 88 55 20 459 
95 101 92 30 4 5 548 
52 25 96 27 46 51 62 
28 52 25 65 99 25 53 
49 80 32 83 20 19 664 
63 29 47 26 45 94 1602 
86 23 98 64 58 62 98 
90 53 58 89 44 40 1624 
87 81 25 58 97 27 747 
23 62 48 86 88 95 1459 
98 51 3 3 59 8 675 
31 29 4 43 65 99 968 
28 76 96 78 81 43 1236 
51 25 70 50 69 54 1034 
63 52 79 72 69 19 1506 
4 57 89 87 34 60 913 
54 23 18 33 30 88 1549 
88 55 10 9 54 16 768 
28 36 54 93 55 80 1118 
79 26 73 98 83 69 394 
21 9 93 49 85 22 1575 
4 54 19 41 68 70 1212 
99 71 65 17 5 47 1238 
23 37 96 81 82 89 1230 
99 47 37 49 22 73 1105 
48 19 62 71 96 52 404 
84 37 54 89 12 96 1294 
