4 6
250
15 7 75 23 310 
60 81 91 45 782 
63 8 60 71 176 
70 9 92 57 953 
86 39 96 16 1000 
71 100 51 49 248 
101 61 63 69 720 
66 92 40 51 658 
45 71 7 16 852 
100 91 82 96 454 
58 47 77 36 1035 
78 13 61 41 694 
62 31 44 25 794 
5 47 93 12 619 
81 71 43 3 424 
17 34 82 47 1026 
81 21 57 12 791 
56 85 29 84 1009 
55 33 101 94 1150 
16 28 84 51 817 
55 101 72 46 715 
89 6 76 102 851 
46 33 16 58 946 
43 76 35 61 139 
21 20 10 30 1199 
49 72 51 9 254 
91 52 33 80 377 
83 51 14 53 955 
51 11 29 15 466 
23 19 45 17 647 
42 96 25 40 580 
37 92 44 48 136 
19 58 69 81 990 
96 2 38 27 1179 
94 65 83 83 761 
12 93 97 92 939 
32 29 36 56 992 
97 29 95 33 1170 
93 9 68 42 751 
95 44 50 34 535 
23 83 20 21 743 
79 15 44 78 455 
46 97 54 71 990 
92 24 15 100 1051 
69 9 8 31 71 
87 99 43 21 841 
70 45 65 48 685 
51 10 17 96 53 
84 87 19 96 628 
98 57 99 62 873 
73 32 52 48 935 
15 78 91 15 925 
82 74 25 9 845 
4 34 8 15 391 
84 9 21 96 44 
85 92 14 80 122 
32 102 83 50 1190 
41 95 19 72 521 
75 21 4 20 295 
13 64 12 27 610 
66 50 86 30 1096 
66 13 58 45 1148 
25 66 13 5 553 
83 93 77 12 374 
11 17 39 73 717 
64 7 3 72 1135 
23 82 89 30 559 
84 17 55 61 404 
30 38 76 78 234 
12 11 101 75 532 
22 89 3 96 500 
52 13 16 71 334 
61 12 88 52 892 
46 78 84 60 771 
67 39 18 79 32 
75 43 63 54 599 
56 9 30 28 890 
36 81 95 90 1176 
73 4 86 33 902 
20 52 26 5 919 
35 28 43 12 959 
85 72 26 94 834 
11 53 64 22 901 
55 84 62 79 472 
67 85 97 64 1129 
65 55 87 5 1029 
25 19 60 78 190 
29 68 20 50 1099 
66 57 4 22 1068 
22 42 66 60 260 
39 92 48 67 124 
53 34 81 20 188 
32 87 23 10 553 
94 95 88 7 570 
89 66 14 90 913 
12 83 77 76 883 
25 91 29 84 581 
35 72 95 68 794 
97 88 102 35 734 
81 36 96 77 1164 
29 56 61 13 420 
75 80 61 92 1223 
71 59 7 48 1127 
43 60 41 62 147 
24 101 21 42 628 
2 66 81 30 1175 
78 89 2 81 547 
71 32 18 50 916 
57 14 5 69 1168 
40 83 56 43 236 
22 98 36 65 896 
30 37 21 62 414 
11 101 33 96 297 
84 59 28 3 286 
12 45 93 87 691 
12 98 54 47 162 
21 12 40 11 929 
82 55 40 8 203 
35 14 57 16 811 
59 83 11 44 163 
84 58 55 20 109 
79 7 50 8 769 
34 85 76 49 182 
101 63 24 20 542 
31 21 21 87 1101 
101 89 79 21 1220 
32 89 12 34 386 
65 59 23 102 1207 
77 7 33 45 1031 
52 40 10 101 828 
98 61 93 100 1031 
65 38 70 30 125 
92 31 31 9 407 
47 75 44 18 633 
44 42 24 22 848 
26 89 78 3 485 
63 81 79 54 44 
73 98 14 49 841 
29 91 95 92 110 
48 78 27 12 476 
79 98 95 50 319 
58 38 73 31 739 
77 62 70 90 603 
13 53 79 5 761 
52 63 97 49 307 
55 49 34 13 281 
50 65 68 64 762 
67 89 31 28 577 
37 26 85 89 1142 
68 23 7 43 1204 
97 100 24 50 1090 
18 3 48 25 895 
12 6 63 8 151 
15 97 8 28 1028 
26 24 54 58 339 
27 81 10 56 721 
34 44 94 14 343 
52 43 20 75 565 
66 43 8 55 460 
32 65 79 77 987 
73 17 81 59 912 
75 49 67 23 778 
39 95 94 66 507 
70 15 50 80 767 
74 79 35 82 240 
85 18 101 21 1190 
64 4 35 75 1070 
19 65 37 40 674 
5 78 99 11 107 
73 51 44 13 855 
20 17 100 14 110 
96 84 101 39 1123 
59 50 49 25 21 
37 62 21 79 305 
7 80 12 25 732 
98 82 26 73 589 
35 75 90 51 975 
49 6 23 66 1139 
36 66 100 48 1197 
57 31 76 10 896 
13 33 68 88 797 
42 7 77 55 158 
16 60 30 91 714 
86 62 100 46 670 
34 42 56 86 1107 
43 82 66 27 56 
69 9 18 100 450 
5 9 4 86 488 
44 31 70 54 967 
78 38 10 90 170 
98 33 32 55 509 
74 78 84 98 293 
62 42 52 50 558 
9 44 32 55 678 
79 60 16 6 155 
5 73 5 7 177 
8 74 78 14 108 
38 79 65 59 795 
29 27 8 62 983 
4 81 22 8 876 
36 8 58 35 454 
40 19 28 43 473 
2 75 80 84 224 
90 66 40 41 116 
33 81 75 90 350 
54 54 56 26 134 
26 53 99 35 983 
2 18 46 77 870 
21 53 25 20 790 
56 49 26 44 1134 
39 43 83 99 502 
57 34 70 6 1045 
87 65 4 32 182 
51 78 47 3 224 
74 23 65 70 1103 
81 58 57 25 915 
6 31 14 33 898 
84 73 2 94 310 
70 50 42 91 1051 
58 51 95 5 193 
80 5 24 26 260 
19 80 14 9 754 
101 79 47 31 993 
59 53 73 58 397 
80 78 55 78 618 
25 83 76 84 415 
32 66 54 10 1189 
4 8 91 12 691 
6 61 96 33 326 
93 5 12 10 360 
8 80 39 73 461 
4 52 48 75 1196 
38 7 32 75 384 
37 27 39 34 975 
53 64 63 102 347 
21 84 24 52 730 
22 73 67 55 345 
54 29 83 72 1167 
53 62 17 14 251 
101 31 23 101 1119 
68 68 80 31 965 
46 19 39 45 224 
22 30 99 16 949 
67 41 79 47 972 
10 46 69 39 348 
93 48 51 82 355 
92 63 25 60 1148 
56 95 39 76 1031 
37 92 40 54 925 
25 65 4 37 675 
