6 4
250
32 8 61 7 29 35 150 
100 59 100 52 56 35 580 
15 79 31 78 58 66 794 
70 32 14 31 61 26 743 
38 102 29 24 45 73 715 
85 49 51 75 13 25 794 
87 38 31 4 31 96 408 
8 25 92 31 15 20 504 
79 49 78 70 12 29 504 
60 73 31 12 64 85 246 
32 82 5 47 43 102 683 
96 85 29 32 32 43 249 
79 39 95 32 56 28 58 
2 75 7 3 98 38 221 
67 102 94 70 13 22 621 
45 89 86 74 20 80 673 
65 51 40 82 88 33 662 
36 38 82 10 60 25 242 
9 101 46 48 66 59 238 
86 37 64 21 23 56 276 
52 11 60 38 50 26 302 
26 68 23 12 6 48 258 
66 14 62 55 99 49 297 
90 42 29 55 23 56 652 
16 78 63 67 79 49 681 
28 24 74 12 101 95 677 
34 25 38 62 13 99 163 
25 5 68 26 10 99 505 
72 34 85 29 73 59 80 
93 62 47 29 100 50 307 
92 90 45 100 56 55 460 
19 93 95 12 58 62 747 
75 97 42 71 52 24 463 
93 91 85 30 38 75 339 
64 93 35 15 51 84 271 
17 24 28 56 46 8 429 
43 91 19 17 99 20 147 
67 7 60 50 28 83 809 
100 63 72 20 82 17 448 
102 63 99 9 80 60 472 
75 16 18 8 18 6 407 
2 68 15 41 57 26 796 
88 77 66 25 4 36 141 
64 58 38 66 93 100 337 
31 21 10 21 62 62 753 
93 44 44 12 79 51 798 
97 59 82 27 93 59 112 
88 35 86 78 27 43 93 
59 82 44 27 9 11 586 
48 7 21 98 66 7 779 
34 24 15 27 86 21 543 
102 58 41 101 42 30 349 
88 26 45 37 21 83 274 
64 2 87 72 43 28 398 
54 62 31 30 54 20 436 
13 73 53 42 23 47 473 
26 5 28 68 83 31 493 
83 78 63 46 26 64 572 
24 30 57 46 95 20 390 
98 12 74 90 12 91 612 
55 94 97 100 38 78 315 
100 61 6 62 99 90 581 
86 70 85 30 58 85 731 
46 98 98 30 29 12 231 
94 56 80 73 42 87 228 
86 68 48 90 88 34 196 
70 53 86 98 32 78 94 
44 90 63 56 8 87 77 
98 100 72 12 67 12 48 
7 28 90 59 5 45 9 
4 39 42 72 54 68 615 
47 15 34 99 36 19 408 
68 19 20 36 102 20 714 
70 78 80 23 23 20 519 
27 97 41 29 35 12 330 
53 22 86 56 22 36 419 
88 40 14 34 95 58 320 
11 72 25 5 27 15 282 
63 64 51 33 50 14 162 
19 94 73 3 8 12 121 
99 36 82 82 87 38 669 
40 68 91 30 64 27 138 
27 18 26 10 99 8 738 
60 37 26 74 24 34 560 
48 44 33 89 48 26 96 
39 46 25 42 79 54 187 
99 61 5 87 89 5 752 
78 49 95 11 6 26 318 
100 58 10 64 7 15 752 
26 60 43 18 2 7 722 
74 3 70 22 55 70 502 
78 23 89 37 31 78 568 
97 40 79 44 2 75 312 
90 16 80 75 41 33 597 
3 64 71 89 100 6 34 
48 27 92 52 59 79 183 
37 24 29 78 39 25 236 
22 65 76 2 34 52 692 
88 92 49 16 39 90 617 
61 20 50 33 75 68 399 
15 90 94 45 97 18 431 
95 53 99 4 10 46 658 
100 97 89 67 55 21 489 
37 45 38 22 91 49 620 
6 82 47 66 59 82 57 
78 84 59 39 37 34 763 
41 52 14 31 46 97 495 
25 63 68 22 48 91 637 
47 58 26 8 71 79 728 
73 54 40 53 66 76 189 
15 32 30 21 89 68 788 
94 25 93 47 54 17 659 
21 81 47 13 93 31 249 
28 35 33 67 57 6 555 
100 77 80 82 23 40 83 
32 39 3 61 25 83 432 
35 35 63 20 63 10 425 
75 95 42 76 47 95 712 
100 99 55 34 64 31 771 
51 14 68 33 80 73 723 
44 46 53 70 49 80 758 
102 72 50 96 98 18 203 
83 40 8 78 47 25 268 
42 50 29 63 55 60 686 
23 98 89 86 40 65 259 
52 91 7 100 17 96 800 
30 8 40 68 15 72 552 
77 62 57 35 50 58 15 
98 26 10 96 21 11 643 
76 63 12 60 54 95 259 
50 3 80 32 31 37 100 
44 92 96 42 91 19 376 
38 34 53 92 9 32 438 
67 100 5 98 88 21 442 
47 30 10 62 79 38 218 
61 79 5 21 23 92 443 
36 15 56 33 94 35 308 
31 61 70 47 65 80 677 
5 77 36 45 17 60 794 
64 88 82 14 82 21 632 
57 50 72 88 43 101 256 
87 51 67 95 89 18 131 
70 42 17 15 60 46 456 
4 70 78 8 33 59 591 
29 77 21 14 15 62 599 
13 100 61 25 81 54 153 
28 71 52 31 44 84 762 
48 67 100 24 78 24 437 
82 96 82 11 44 61 471 
76 48 83 75 58 44 472 
44 59 93 81 94 39 623 
101 29 79 92 77 81 656 
12 22 91 40 40 22 253 
6 80 16 38 95 63 420 
25 70 57 87 41 38 40 
10 10 45 86 87 79 659 
69 5 21 69 82 79 527 
28 94 38 20 24 29 311 
80 79 45 101 78 27 626 
60 24 7 38 45 78 17 
15 48 55 56 45 52 300 
77 96 71 15 86 89 787 
79 22 69 19 11 69 246 
32 102 87 10 54 6 77 
83 16 33 38 4 65 113 
47 84 66 82 79 3 24 
85 76 88 95 40 82 667 
4 39 22 37 11 74 671 
49 70 48 93 48 29 769 
82 41 79 84 26 85 255 
39 6 39 34 67 29 389 
28 102 17 16 26 30 644 
79 13 4 95 93 33 807 
16 20 91 33 76 11 24 
37 11 13 16 100 53 531 
35 85 5 46 47 37 169 
71 32 78 24 102 17 25 
30 77 91 35 53 34 191 
88 50 3 93 21 47 740 
93 6 2 28 79 16 358 
30 101 51 48 99 80 371 
90 15 10 76 95 102 65 
36 23 82 48 20 44 391 
37 3 54 28 92 32 635 
28 78 98 25 4 61 812 
78 43 89 57 56 80 801 
37 95 19 28 47 85 467 
85 22 82 60 74 98 758 
100 98 22 9 50 70 503 
39 14 53 93 43 10 474 
83 95 94 67 66 52 4 
10 37 2 47 49 23 351 
58 18 67 32 65 9 635 
46 69 50 7 12 39 801 
83 68 36 6 77 101 20 
29 90 96 10 48 95 730 
63 22 64 3 49 21 658 
98 89 64 80 4 82 300 
28 46 61 56 15 4 230 
71 68 43 74 24 43 242 
30 73 23 19 16 90 678 
49 88 6 65 20 20 688 
81 74 28 75 21 68 5 
46 36 57 35 92 64 750 
56 23 31 27 80 53 558 
18 43 63 90 94 55 651 
60 57 92 97 87 46 733 
96 17 102 5 77 31 684 
38 69 86 26 29 93 754 
67 77 40 42 68 18 521 
34 67 87 29 14 23 699 
81 67 40 8 20 4 494 
8 31 24 5 24 87 646 
76 79 66 67 64 89 762 
82 54 58 20 30 28 508 
52 16 78 65 10 100 468 
4 48 20 11 91 34 485 
48 18 39 46 33 87 472 
90 23 64 52 35 94 810 
15 84 90 92 78 100 454 
17 48 42 16 88 24 587 
33 48 58 75 57 36 279 
38 21 76 98 43 6 508 
95 16 15 77 8 60 728 
66 32 21 15 36 6 254 
72 99 33 47 65 88 466 
77 8 78 80 60 67 631 
65 16 96 37 96 95 182 
34 29 40 83 66 85 543 
18 39 63 23 32 5 536 
24 45 53 81 21 7 146 
11 39 99 50 95 14 11 
18 27 80 42 12 11 313 
71 94 66 101 5 93 483 
70 18 59 30 64 14 335 
73 44 58 77 90 6 188 
93 43 35 73 73 67 5 
14 85 83 22 96 29 434 
52 89 82 17 17 61 332 
23 42 22 33 2 62 364 
85 24 67 24 6 17 642 
53 34 30 34 27 61 462 
35 77 10 70 86 90 173 
57 78 62 75 48 84 569 
3 15 42 72 7 58 236 
63 19 100 92 14 76 811 
57 54 85 92 102 86 719 
67 14 65 18 74 25 229 
47 7 51 61 35 11 409 
21 89 64 22 5 30 587 
