6 4
250
9 15 93 65 77 93 754 
7 70 22 58 23 8 583 
102 31 90 18 56 66 650 
62 68 46 52 85 35 598 
35 24 58 101 28 54 446 
2 89 20 67 60 85 117 
44 79 84 72 71 33 457 
56 46 59 44 6 50 381 
49 49 14 94 60 21 586 
48 66 58 97 57 19 809 
44 73 53 97 83 67 150 
91 64 83 16 4 19 644 
80 101 60 23 5 10 435 
42 7 75 3 66 44 787 
15 28 77 16 16 59 104 
75 8 48 26 85 30 479 
87 34 80 58 4 95 551 
67 101 76 53 11 48 15 
67 80 97 19 25 24 616 
38 8 102 90 63 68 44 
95 13 100 22 81 97 451 
76 96 47 64 52 31 396 
29 3 65 7 13 13 68 
30 54 9 62 9 85 402 
28 81 70 43 29 64 584 
89 78 33 32 53 48 747 
85 52 57 75 95 29 73 
7 39 84 52 57 99 531 
62 93 62 75 14 8 395 
18 78 23 25 69 79 326 
27 33 78 62 66 19 368 
4 54 89 16 58 42 166 
44 88 93 73 67 8 229 
87 73 59 42 42 45 553 
76 36 53 28 52 71 660 
7 8 92 93 83 22 473 
41 76 61 58 68 30 601 
92 32 54 3 73 14 322 
62 21 22 26 75 79 230 
21 38 90 8 73 41 301 
82 3 82 87 88 72 383 
100 100 86 77 17 96 682 
6 101 27 82 59 44 368 
89 72 69 9 45 32 163 
40 73 52 96 91 39 84 
30 73 19 86 44 95 514 
23 38 51 60 85 46 121 
39 65 28 16 100 94 759 
33 15 79 45 42 29 490 
29 36 83 28 59 75 619 
30 10 97 17 51 84 539 
36 20 51 62 88 7 6 
10 25 82 93 47 19 793 
60 41 43 4 68 5 766 
3 71 34 28 73 41 79 
57 33 101 51 12 29 789 
98 30 86 57 24 62 157 
13 3 37 14 58 81 570 
71 57 15 85 81 74 270 
51 20 36 16 68 93 436 
95 83 44 37 92 2 508 
13 59 49 46 45 77 739 
70 98 15 17 62 42 701 
78 88 67 33 57 66 382 
12 52 42 57 71 68 150 
22 95 79 68 80 10 469 
100 68 42 38 99 44 661 
24 23 102 8 53 69 137 
96 79 7 37 39 17 13 
10 9 90 77 11 74 392 
5 38 50 84 34 30 641 
22 28 97 60 24 68 722 
31 42 51 20 100 4 210 
18 74 33 44 94 58 735 
60 53 63 90 72 35 154 
86 53 26 21 41 40 605 
53 12 79 17 52 15 643 
69 41 59 13 73 24 708 
66 19 42 42 74 90 507 
77 36 72 54 35 72 364 
91 27 101 61 66 53 531 
64 56 29 44 45 13 745 
14 6 79 101 13 34 166 
36 86 81 69 52 14 627 
78 10 65 19 45 36 639 
17 61 54 9 73 24 16 
65 15 100 31 79 73 512 
32 94 54 24 40 26 448 
42 22 94 16 41 90 704 
48 65 27 102 79 15 795 
47 27 94 42 12 20 578 
73 83 39 75 43 16 378 
17 13 97 7 12 25 605 
41 61 95 34 36 18 144 
52 74 31 102 60 67 692 
69 62 84 30 8 86 567 
41 57 43 100 76 42 251 
54 33 97 69 92 25 54 
68 101 10 78 5 55 174 
11 10 75 86 51 63 397 
53 15 80 6 41 7 4 
6 54 36 61 78 89 797 
44 37 35 70 44 80 8 
64 76 53 5 33 50 243 
49 71 16 27 80 84 15 
20 19 65 52 21 8 507 
49 76 19 29 68 25 551 
75 42 17 9 85 50 727 
40 28 3 11 58 73 466 
86 21 36 99 7 98 194 
20 71 20 25 74 41 125 
2 36 78 66 27 64 606 
31 101 20 97 36 15 652 
93 65 43 64 38 7 514 
57 85 32 64 29 46 450 
73 99 86 13 11 76 312 
94 27 46 34 11 85 450 
22 18 4 73 85 46 222 
9 79 63 39 36 54 369 
54 48 5 100 20 21 474 
4 37 86 27 41 44 808 
40 99 32 29 24 10 285 
69 30 93 46 2 30 521 
23 24 76 77 24 95 330 
81 44 36 92 66 99 151 
83 20 47 47 4 30 565 
82 33 12 13 46 12 692 
20 14 56 20 93 96 664 
15 12 52 19 51 61 480 
57 98 39 61 13 18 699 
13 48 101 100 102 97 335 
93 67 66 79 85 58 501 
32 82 74 74 5 39 561 
10 97 30 55 71 12 200 
36 75 55 36 96 101 59 
68 57 22 93 102 42 175 
47 88 42 68 5 99 206 
18 67 88 10 81 19 26 
53 73 47 33 86 19 465 
94 13 46 91 58 56 528 
28 54 83 5 99 50 511 
11 90 89 68 15 101 153 
10 68 28 17 84 6 123 
85 77 62 17 26 66 435 
77 98 79 49 45 62 735 
15 7 6 85 71 42 343 
85 60 67 73 19 40 685 
47 20 76 76 52 52 348 
79 23 90 75 85 11 276 
94 12 21 72 41 31 777 
63 24 34 15 66 75 5 
19 98 46 8 28 71 248 
80 5 75 95 13 50 294 
87 18 12 88 33 10 741 
50 48 4 81 12 91 687 
98 44 63 89 79 44 490 
27 46 69 59 42 5 115 
9 48 79 30 83 61 619 
7 24 29 35 67 12 561 
52 45 30 18 83 48 673 
63 14 8 36 7 78 491 
75 45 31 93 7 79 342 
101 27 52 31 31 10 741 
23 36 56 14 35 93 611 
3 41 43 61 59 33 376 
37 72 96 78 85 18 266 
81 99 44 62 35 29 416 
20 79 90 53 40 94 329 
79 54 24 75 87 87 587 
6 91 34 49 47 98 525 
56 58 55 48 95 60 343 
39 15 54 102 66 26 678 
64 55 10 22 42 8 473 
20 74 5 101 33 63 607 
11 12 15 89 33 89 520 
23 36 8 47 35 100 328 
42 73 75 22 63 91 350 
38 26 29 8 92 8 296 
86 53 49 64 100 70 231 
5 41 15 35 39 21 333 
21 4 77 9 10 20 643 
3 32 81 71 74 34 598 
88 87 84 43 82 30 300 
86 61 85 37 33 14 302 
34 62 89 26 71 4 139 
23 55 101 84 91 59 678 
23 70 95 28 38 57 138 
55 33 94 59 94 6 288 
46 94 73 79 8 44 566 
71 94 47 4 32 58 529 
35 85 61 93 72 55 511 
92 92 11 97 59 22 645 
31 97 69 79 100 84 633 
63 30 7 85 17 16 424 
79 49 26 9 101 54 168 
50 35 68 24 53 75 439 
3 64 84 51 24 92 327 
99 81 27 34 77 89 585 
57 56 11 57 42 13 113 
45 88 90 60 70 61 662 
64 3 58 49 11 26 490 
68 25 36 96 26 14 649 
70 101 77 26 67 51 762 
82 59 69 13 64 42 474 
78 96 93 56 34 61 291 
80 71 86 68 65 14 724 
33 77 63 18 101 36 611 
89 15 36 5 12 90 669 
46 91 38 49 86 4 737 
30 45 42 94 55 46 739 
32 92 60 3 39 7 401 
84 8 97 65 8 85 727 
83 58 52 24 73 56 279 
82 50 21 82 12 100 20 
34 23 26 48 92 86 466 
25 78 4 75 85 35 504 
85 43 86 80 21 3 386 
89 92 72 84 92 59 406 
44 42 24 30 8 49 411 
87 73 20 18 101 34 479 
83 50 51 90 23 74 792 
9 37 4 93 99 57 371 
34 57 65 102 30 9 658 
38 82 47 79 88 14 805 
73 68 64 22 71 90 51 
43 22 96 72 86 55 288 
7 22 39 11 94 7 433 
18 56 18 73 27 80 362 
71 7 13 36 63 100 297 
71 42 73 30 69 41 738 
36 71 32 45 57 47 260 
62 10 70 96 9 48 449 
14 48 51 47 12 64 593 
18 86 38 25 56 101 291 
82 68 83 27 68 64 666 
87 88 30 72 35 15 73 
99 44 42 56 55 83 468 
96 24 86 58 79 20 154 
87 96 22 3 48 98 649 
43 89 71 43 85 75 219 
62 23 77 80 51 66 155 
43 98 71 3 20 80 707 
46 99 71 90 47 65 815 
94 10 71 88 18 31 453 
57 73 15 72 10 33 279 
3 11 81 30 56 102 359 
101 53 102 31 20 95 792 
92 2 55 41 12 29 553 
15 8 93 35 37 65 706 
27 58 34 11 50 55 354 
