6 6
250
5 99 73 50 96 97 63 
29 47 61 98 60 24 730 
8 39 80 67 73 59 1000 
49 43 20 13 96 98 627 
26 33 55 47 50 93 762 
47 32 36 54 17 97 488 
58 92 45 51 49 81 371 
87 87 23 3 49 28 686 
58 55 39 2 101 56 35 
16 8 53 11 33 99 742 
9 46 15 58 64 44 1120 
54 77 63 49 19 23 480 
48 34 46 4 67 8 1088 
79 99 54 17 43 39 508 
85 94 42 18 84 72 955 
43 11 47 86 86 67 55 
81 77 56 85 35 66 832 
77 10 10 68 93 74 374 
49 63 43 23 7 52 838 
85 24 32 37 53 63 73 
25 100 20 84 44 87 1203 
23 100 35 10 76 75 108 
86 34 53 93 100 50 1142 
49 7 65 81 16 38 1169 
56 25 50 84 4 64 632 
11 92 86 52 89 34 320 
65 10 14 33 79 62 1208 
91 81 46 55 16 15 926 
95 56 5 29 51 5 825 
77 87 29 73 13 59 917 
44 69 43 13 17 69 1035 
99 53 49 40 78 99 791 
46 6 30 91 52 78 200 
38 83 24 40 31 61 1080 
26 88 62 67 5 26 582 
14 5 44 100 47 93 1181 
5 57 91 75 8 5 379 
83 101 85 64 83 61 75 
88 21 74 88 11 98 897 
67 89 75 75 75 19 385 
3 88 92 6 87 22 399 
27 35 68 25 58 59 525 
89 80 6 23 67 43 326 
87 72 14 39 97 25 470 
70 19 101 35 88 102 980 
15 94 59 98 41 75 741 
87 9 64 55 41 32 958 
12 71 54 10 78 7 198 
18 80 70 92 98 96 703 
19 69 92 72 60 65 908 
87 48 27 28 70 68 1216 
66 52 86 58 95 62 715 
49 49 27 12 97 66 1189 
16 91 8 45 81 5 841 
42 74 85 83 70 6 301 
25 29 84 10 41 19 639 
30 86 36 6 36 101 848 
22 67 62 65 101 79 872 
59 21 86 91 65 33 293 
80 3 77 27 58 36 303 
22 46 5 58 49 47 1055 
7 74 41 47 6 101 247 
9 25 20 71 29 55 809 
10 100 21 78 88 30 615 
85 61 81 80 67 47 1217 
23 59 9 54 34 87 629 
49 47 46 61 33 6 869 
80 59 58 31 83 61 152 
48 86 82 63 19 38 273 
15 62 69 41 57 23 1048 
68 13 19 97 70 17 751 
55 77 19 57 27 81 69 
5 24 52 86 88 89 925 
75 30 92 17 51 31 417 
86 79 22 79 85 87 146 
48 41 36 14 46 53 1131 
11 64 8 94 59 19 124 
40 19 57 71 35 12 1135 
85 29 82 21 88 29 848 
100 100 80 43 96 96 694 
86 18 74 44 38 85 790 
67 86 25 94 14 26 567 
62 67 10 52 77 21 773 
14 56 95 60 26 25 133 
66 30 53 65 25 55 664 
3 84 28 99 29 30 218 
45 59 29 75 5 25 472 
35 72 94 21 77 96 883 
64 81 86 14 62 56 12 
58 74 31 91 73 94 715 
84 84 54 50 93 47 839 
99 68 87 22 2 74 389 
60 61 46 50 62 84 478 
6 44 87 69 76 19 1071 
87 99 86 35 33 82 617 
91 41 72 86 50 6 805 
14 101 94 62 84 71 1195 
15 87 43 13 12 21 965 
42 70 83 18 31 83 150 
71 3 90 71 94 83 851 
22 76 66 14 80 75 1117 
45 95 9 95 50 92 873 
14 44 24 23 63 74 600 
74 91 69 21 25 56 531 
100 6 93 91 90 30 1144 
13 79 101 34 48 90 1184 
77 76 26 83 93 43 698 
61 68 50 33 12 23 590 
87 99 94 58 22 50 552 
90 19 5 62 64 80 14 
68 25 92 16 86 54 1186 
17 46 40 34 15 88 480 
40 45 60 80 9 47 323 
82 9 78 29 42 54 1057 
59 22 23 31 65 58 1141 
45 61 19 28 70 53 856 
55 56 26 9 64 8 614 
76 47 84 56 34 77 1050 
18 16 90 46 3 13 707 
26 19 4 52 32 48 1162 
86 43 54 41 96 58 330 
55 54 22 80 48 38 1020 
77 42 77 32 83 9 342 
47 31 83 70 43 14 360 
39 24 59 33 62 57 1102 
6 31 17 40 20 61 767 
64 70 69 57 76 76 601 
80 30 22 51 40 69 482 
14 73 73 55 46 100 201 
32 65 48 88 83 95 864 
12 62 94 65 51 67 1011 
63 17 15 68 40 82 725 
96 39 84 24 90 53 1129 
61 46 87 76 63 48 396 
6 22 71 95 83 81 826 
70 30 88 92 4 59 620 
58 60 89 8 19 59 439 
28 66 66 95 44 80 633 
18 9 91 89 21 52 701 
97 46 75 59 4 94 322 
12 98 34 88 96 44 30 
88 100 70 46 91 98 953 
58 7 2 41 2 18 640 
22 100 5 85 8 95 756 
16 16 52 18 67 12 209 
70 34 9 50 39 51 369 
12 23 45 32 56 81 472 
41 75 20 4 78 76 1092 
100 31 5 90 50 43 877 
86 20 30 26 89 63 1078 
75 95 92 66 68 24 134 
79 61 55 54 16 25 917 
43 34 16 91 38 30 852 
5 6 63 90 11 60 319 
5 17 8 69 21 52 815 
81 30 40 11 54 80 265 
72 52 37 36 19 99 517 
88 16 36 53 35 20 855 
92 32 77 60 66 87 908 
46 49 87 97 75 10 761 
6 78 82 86 51 50 402 
56 27 56 93 64 86 206 
3 73 18 87 34 99 1096 
100 65 54 90 95 49 319 
4 52 41 47 90 82 1000 
40 56 69 86 72 39 440 
6 23 69 4 3 59 534 
78 72 12 43 14 75 82 
15 30 98 58 3 9 633 
77 17 49 75 6 37 765 
19 50 4 63 62 56 1143 
44 87 88 94 92 84 323 
82 31 6 79 9 77 307 
28 74 30 72 32 86 360 
8 22 31 99 24 83 723 
23 10 82 54 21 15 874 
45 12 66 13 26 27 1160 
89 45 99 98 62 40 1113 
79 76 94 31 71 66 446 
67 60 97 69 3 69 727 
23 26 27 90 64 56 1015 
64 66 61 8 61 37 234 
78 34 3 65 46 70 544 
36 90 24 52 51 37 953 
54 71 45 25 60 37 809 
21 74 10 100 86 10 181 
12 35 26 13 32 19 1088 
28 96 7 60 101 17 1058 
38 5 41 15 21 7 125 
97 18 85 3 101 55 700 
62 95 67 62 62 32 299 
57 101 41 22 20 91 324 
77 41 68 61 22 82 1021 
71 71 87 67 5 7 178 
19 43 12 32 66 34 799 
2 42 100 41 87 64 988 
6 2 95 3 18 86 252 
79 19 44 81 75 76 1120 
26 82 96 59 27 12 468 
60 31 91 55 59 63 914 
101 70 22 37 20 5 797 
71 94 67 89 23 96 494 
26 70 54 93 60 76 930 
63 6 84 62 54 45 566 
73 6 50 61 25 48 960 
52 23 46 58 73 28 681 
90 32 72 6 18 100 416 
63 40 64 101 89 101 465 
66 40 77 67 62 21 1198 
90 19 30 100 50 64 909 
49 10 38 89 49 22 894 
76 13 58 38 47 14 130 
68 88 62 37 49 42 1051 
85 71 92 13 10 60 1220 
15 45 8 70 38 62 168 
32 28 14 42 80 67 1100 
29 21 31 17 9 89 267 
33 70 65 3 23 90 782 
41 47 78 42 65 75 748 
70 52 70 11 55 99 450 
61 50 97 71 78 98 688 
52 63 98 3 72 80 1000 
77 45 69 17 73 52 1105 
83 38 2 18 94 31 718 
71 63 8 56 92 87 884 
22 70 34 48 94 10 1098 
87 82 41 94 97 81 1143 
9 3 96 83 49 48 956 
13 96 55 86 69 100 988 
101 91 49 82 95 11 674 
76 37 71 81 44 3 1179 
58 63 26 98 51 67 756 
62 14 75 45 41 96 108 
76 81 64 27 12 11 1044 
93 94 14 4 72 40 404 
68 28 5 7 48 84 677 
35 31 90 20 34 21 479 
79 76 39 56 17 48 9 
58 9 56 34 94 13 801 
71 13 96 81 29 31 1156 
88 72 40 95 14 56 501 
52 76 9 80 92 48 167 
20 77 50 56 94 34 122 
21 51 75 56 73 92 778 
20 96 40 8 92 47 1113 
7 101 63 5 95 62 81 
35 48 56 4 67 54 634 
38 48 27 37 98 87 828 
23 67 41 44 66 79 388 
82 71 74 102 4 25 163 
