4 4
250
42 16 4 89 66 
91 27 80 95 206 
42 5 16 94 590 
20 61 96 21 696 
6 69 75 99 282 
87 101 61 73 25 
22 83 40 87 608 
96 16 37 99 338 
40 64 69 89 85 
81 79 37 45 282 
37 98 81 33 407 
74 44 6 54 189 
92 68 9 93 41 
61 67 31 20 639 
6 26 99 80 385 
45 3 88 89 455 
9 65 18 39 554 
26 3 9 37 21 
54 12 85 76 419 
74 56 78 84 418 
16 51 20 67 250 
13 101 4 86 60 
73 58 19 99 128 
29 53 73 25 659 
60 60 95 17 215 
96 43 25 28 612 
90 27 6 38 340 
60 48 52 8 466 
27 102 25 30 254 
98 94 88 60 202 
23 86 55 3 761 
58 58 5 41 297 
71 78 77 11 156 
49 55 84 57 467 
83 2 66 68 460 
60 37 67 86 248 
4 57 67 4 439 
7 73 4 45 696 
5 45 13 72 716 
50 26 16 11 689 
45 13 33 3 357 
23 22 90 47 287 
23 93 20 11 279 
16 14 76 58 119 
77 52 41 72 446 
40 91 96 80 68 
36 23 58 102 710 
94 26 66 60 268 
87 86 59 10 522 
14 27 4 38 602 
38 53 60 97 77 
95 74 64 49 48 
34 27 12 39 9 
2 37 20 24 346 
92 50 17 25 241 
93 95 33 8 352 
15 89 60 6 587 
86 65 63 93 768 
22 64 19 55 9 
62 76 22 9 522 
78 9 82 96 681 
90 37 37 68 146 
102 42 58 6 755 
47 69 7 67 143 
39 77 29 30 183 
30 33 65 24 568 
19 75 26 44 545 
8 8 67 23 684 
50 30 97 75 771 
82 8 15 62 457 
95 71 57 91 222 
3 81 55 74 454 
59 74 15 98 5 
28 18 16 39 703 
41 4 87 83 563 
11 82 56 35 347 
24 20 5 68 628 
51 20 37 17 534 
29 56 95 67 222 
78 17 101 75 556 
66 94 78 76 142 
92 86 76 23 150 
23 27 21 31 277 
41 72 49 21 424 
10 83 101 74 480 
87 11 21 56 760 
96 83 84 67 640 
31 44 31 51 707 
66 46 16 99 361 
5 37 66 34 723 
8 70 81 23 489 
85 95 7 17 265 
83 67 21 29 198 
42 45 56 53 39 
99 43 100 35 714 
66 68 4 29 459 
52 48 90 68 710 
29 4 63 8 777 
38 39 16 19 50 
101 27 89 75 35 
62 83 15 29 751 
67 71 49 35 783 
19 93 79 61 669 
37 79 56 42 796 
40 84 50 58 560 
61 30 84 29 719 
41 81 31 25 786 
72 35 63 76 181 
59 57 30 12 641 
47 62 56 37 578 
24 73 49 77 539 
80 35 59 61 269 
39 90 22 47 467 
39 64 56 65 103 
4 19 82 21 331 
85 56 41 79 194 
101 75 49 58 540 
70 35 56 59 152 
39 77 4 43 690 
71 37 84 54 338 
85 8 94 24 558 
7 93 30 37 677 
26 96 82 37 277 
66 43 66 81 730 
6 9 98 46 616 
29 17 41 36 581 
50 74 88 38 329 
95 83 27 90 499 
79 7 21 77 772 
45 97 69 9 165 
30 73 5 65 301 
78 12 49 49 336 
92 54 96 66 288 
54 9 47 97 335 
85 18 78 20 105 
102 90 24 52 264 
35 50 34 16 350 
79 71 25 101 524 
85 36 80 49 580 
27 13 58 41 350 
38 52 74 68 304 
14 97 87 52 304 
90 90 100 17 71 
44 21 82 23 479 
85 86 48 33 474 
51 41 32 49 714 
91 34 85 9 788 
85 78 68 79 254 
84 86 75 64 621 
97 39 65 40 236 
8 33 37 83 487 
54 6 44 10 719 
75 67 40 65 395 
58 8 93 20 214 
68 55 5 92 629 
101 13 86 57 515 
14 78 94 20 665 
60 99 4 49 368 
80 36 60 91 473 
18 48 12 16 164 
91 48 47 14 510 
55 30 47 6 492 
42 23 89 47 618 
99 75 21 83 736 
61 6 45 75 392 
34 97 16 34 495 
55 3 72 37 602 
68 33 82 58 232 
33 54 100 89 40 
59 49 15 15 493 
45 29 31 25 499 
88 5 74 66 248 
61 15 15 45 58 
41 53 54 73 78 
69 96 65 55 487 
8 8 58 70 739 
87 83 3 74 145 
29 74 49 76 719 
65 61 18 28 568 
20 42 57 82 535 
9 97 44 6 764 
51 65 78 66 446 
82 49 5 76 370 
79 14 43 27 653 
69 6 80 85 375 
10 80 40 86 344 
69 53 78 5 685 
92 41 100 80 558 
66 99 85 21 68 
18 57 44 83 751 
8 101 32 2 805 
5 19 61 60 699 
73 27 94 24 717 
31 73 3 92 451 
40 16 65 59 133 
72 23 61 77 241 
55 38 59 94 296 
70 23 77 6 661 
75 83 42 95 792 
40 7 63 33 643 
47 57 54 27 441 
94 38 74 86 235 
84 59 85 30 269 
37 70 2 88 166 
10 98 98 11 667 
59 76 72 62 633 
67 62 30 98 688 
100 86 34 40 359 
33 51 93 78 808 
18 99 14 62 505 
72 7 77 13 577 
51 60 46 46 788 
20 68 14 9 518 
24 31 89 46 285 
54 39 65 44 724 
61 8 23 12 535 
62 64 12 100 62 
63 86 19 28 292 
42 42 90 43 210 
67 39 86 14 628 
89 12 69 27 85 
35 44 36 24 95 
45 39 36 80 298 
58 58 16 101 26 
40 14 63 11 775 
14 51 24 18 194 
25 24 11 35 641 
52 97 87 90 605 
20 53 96 16 754 
4 8 11 7 568 
11 25 87 11 321 
77 51 61 32 802 
86 23 20 101 725 
24 31 3 102 705 
63 73 28 27 689 
89 20 49 18 756 
8 42 19 49 123 
102 39 101 96 32 
3 38 57 92 734 
100 35 98 27 579 
75 6 12 20 71 
39 99 61 27 425 
59 4 45 40 751 
47 6 73 86 729 
87 32 10 98 694 
27 19 38 37 706 
56 24 23 47 158 
4 32 100 40 633 
4 80 76 44 384 
101 96 19 100 371 
