2 2
250
91 60 294 
101 26 398 
24 93 376 
31 48 260 
78 87 4 
54 86 169 
95 59 327 
10 14 354 
83 49 232 
45 96 83 
75 70 62 
35 38 140 
20 50 227 
83 39 160 
56 54 70 
11 66 100 
42 26 308 
45 80 159 
63 83 191 
87 19 317 
43 81 398 
74 58 321 
51 44 203 
69 36 146 
88 13 86 
43 56 245 
72 74 339 
35 6 285 
46 32 365 
78 74 224 
89 35 127 
80 42 235 
43 84 390 
40 63 89 
77 75 369 
42 60 274 
20 22 114 
89 17 186 
96 10 309 
30 30 109 
91 75 286 
97 81 4 
7 10 290 
65 102 291 
66 34 47 
64 60 125 
81 7 296 
24 60 215 
29 3 75 
88 86 132 
84 16 224 
71 51 360 
53 82 384 
92 37 204 
98 57 83 
58 25 339 
36 35 207 
47 51 96 
56 69 61 
20 69 321 
85 21 100 
41 83 353 
19 97 339 
25 12 319 
38 91 283 
25 28 14 
35 73 319 
37 53 208 
83 38 266 
34 17 335 
76 36 52 
18 9 68 
28 59 301 
35 42 114 
2 13 94 
74 11 242 
56 33 167 
14 87 393 
2 50 277 
75 60 184 
23 87 325 
3 51 311 
68 23 335 
55 99 284 
31 101 129 
53 37 165 
30 11 113 
8 80 344 
44 64 201 
18 17 245 
50 54 405 
31 14 224 
50 101 254 
48 9 360 
79 3 141 
73 84 351 
67 52 53 
30 47 199 
19 18 32 
97 61 356 
29 52 25 
24 6 183 
72 2 355 
79 4 147 
80 84 11 
41 30 313 
52 72 325 
65 53 267 
49 23 30 
53 13 393 
49 55 164 
77 21 234 
84 57 394 
92 3 336 
101 91 195 
79 51 261 
48 80 356 
33 47 363 
9 66 403 
42 77 341 
40 22 362 
93 31 203 
98 5 255 
47 59 299 
82 62 284 
99 66 255 
20 72 292 
45 6 137 
11 19 32 
53 69 225 
60 44 328 
15 54 333 
95 10 244 
100 83 190 
3 3 89 
16 53 348 
22 12 2 
38 25 21 
14 97 64 
57 83 53 
44 47 147 
9 89 62 
95 69 35 
90 6 229 
5 22 364 
27 44 15 
14 97 268 
24 33 235 
57 24 80 
78 3 235 
68 40 110 
49 58 150 
12 96 61 
9 23 344 
79 34 27 
46 35 14 
18 89 217 
14 45 352 
49 22 56 
80 54 264 
97 19 268 
53 24 270 
31 58 260 
55 17 195 
91 7 303 
83 47 407 
53 13 362 
18 62 60 
6 56 386 
42 2 149 
25 34 171 
52 13 18 
21 28 43 
42 17 317 
41 65 295 
7 25 156 
14 68 306 
16 29 171 
78 81 234 
53 48 274 
73 91 228 
30 32 337 
8 41 384 
72 65 79 
92 13 391 
13 79 396 
44 101 129 
59 30 142 
63 11 23 
102 76 132 
49 69 326 
45 71 108 
24 14 137 
92 101 344 
46 44 14 
58 26 67 
48 67 12 
62 11 194 
38 17 248 
23 68 84 
79 8 266 
64 26 389 
41 49 173 
72 91 265 
66 55 408 
49 15 353 
34 7 349 
91 56 39 
32 89 238 
35 9 222 
67 3 188 
15 14 380 
21 84 76 
10 19 316 
76 78 310 
39 98 231 
49 91 10 
76 92 249 
37 90 213 
58 34 151 
39 9 162 
90 6 360 
21 53 167 
9 30 127 
70 26 362 
10 17 320 
35 94 371 
4 87 76 
54 93 48 
87 80 98 
43 66 203 
84 73 43 
40 88 292 
90 20 185 
18 42 251 
73 8 269 
74 29 299 
76 25 165 
48 37 89 
23 37 55 
79 36 298 
19 68 262 
83 89 217 
80 72 120 
9 47 302 
48 88 185 
59 83 349 
47 15 211 
52 69 168 
11 38 146 
