6 6
250
79 35 40 85 31 71 580 
86 76 45 55 87 68 126 
30 89 49 5 90 6 564 
3 10 38 79 11 2 990 
59 93 15 70 38 73 712 
70 5 14 96 19 52 1096 
23 48 8 51 20 44 1192 
68 53 86 54 50 56 930 
27 4 8 22 71 68 335 
85 33 87 51 97 54 737 
87 37 11 73 56 58 972 
64 32 30 93 61 85 1108 
42 31 18 90 19 84 522 
3 8 76 50 86 64 476 
17 23 102 25 92 39 1000 
18 77 83 96 100 99 776 
73 80 31 12 85 39 523 
4 71 63 80 72 20 1024 
31 36 25 72 96 43 576 
11 30 70 71 48 11 294 
56 37 96 21 88 81 368 
30 47 40 3 28 98 163 
54 41 47 22 22 100 1066 
43 60 26 6 58 18 755 
52 64 44 39 30 21 592 
36 69 61 86 40 56 15 
92 87 72 70 46 36 708 
91 25 51 29 13 39 157 
80 72 17 32 65 70 956 
85 98 66 100 79 67 217 
74 87 38 83 46 88 626 
74 56 37 14 85 6 741 
41 95 12 19 84 38 692 
99 46 57 78 87 25 86 
91 8 73 69 71 42 222 
40 15 47 68 53 64 67 
18 82 20 82 66 20 540 
6 56 82 98 31 63 912 
43 83 8 61 65 46 1023 
50 67 47 16 66 45 16 
81 67 53 33 76 53 992 
67 39 97 23 7 65 1040 
54 93 73 42 81 46 1182 
35 42 9 90 19 24 831 
17 75 69 3 77 45 303 
91 31 66 57 12 95 936 
46 12 40 60 83 101 1174 
76 75 76 87 101 7 572 
27 46 45 59 31 15 607 
65 31 22 32 22 62 778 
63 9 86 71 52 22 1084 
31 71 32 38 25 74 504 
2 95 18 78 40 80 780 
87 23 101 82 82 29 987 
84 20 29 64 40 34 157 
68 92 18 51 86 60 1174 
77 15 23 8 43 10 775 
38 7 56 84 84 102 930 
88 88 91 72 95 10 580 
54 5 76 87 42 30 418 
5 2 29 56 22 70 133 
10 80 76 41 20 19 562 
15 75 82 58 35 39 982 
6 29 81 93 52 51 282 
12 48 24 4 82 31 407 
6 29 30 65 34 67 956 
10 17 33 77 93 3 475 
32 97 31 9 94 56 1211 
75 50 65 72 21 90 1196 
34 54 40 40 90 15 106 
48 54 95 2 74 4 1177 
14 51 19 61 49 86 981 
54 95 96 90 77 36 386 
81 67 95 15 79 82 934 
64 95 38 4 91 32 1032 
45 37 9 22 54 5 743 
101 48 12 74 6 20 977 
61 45 52 15 80 79 816 
89 3 89 96 24 22 613 
58 82 59 60 56 98 115 
60 90 70 26 33 73 976 
21 85 43 76 65 99 39 
52 88 92 12 55 20 684 
37 21 28 32 85 13 538 
68 55 16 52 24 73 23 
57 84 91 49 8 89 825 
20 48 22 61 25 49 73 
96 69 50 3 80 55 281 
70 44 96 50 62 38 658 
31 29 26 43 28 3 1155 
7 3 65 49 33 90 206 
75 8 73 62 66 40 877 
88 68 51 45 19 81 1065 
41 97 101 48 53 16 1087 
21 98 20 99 48 13 1095 
68 87 56 49 67 8 1168 
39 26 91 98 100 84 531 
64 78 100 11 24 9 802 
8 67 2 82 77 30 665 
12 54 64 20 29 84 243 
83 97 98 54 75 94 31 
73 12 52 55 34 48 697 
23 22 91 25 6 26 736 
22 56 70 92 80 43 335 
73 29 80 73 2 26 996 
83 4 59 52 18 65 433 
57 53 29 45 84 99 1090 
34 76 97 24 60 62 740 
43 30 64 97 52 77 1222 
85 73 84 34 24 78 487 
21 34 76 90 63 27 800 
5 43 49 98 46 40 481 
55 86 51 44 66 23 488 
75 96 57 68 90 37 881 
81 47 14 62 24 51 163 
44 23 36 99 37 97 467 
89 17 101 8 39 63 367 
89 35 92 60 57 102 557 
40 21 25 75 91 95 292 
98 37 37 24 91 28 143 
65 17 47 31 28 4 1055 
81 58 61 53 77 44 1123 
14 24 4 69 51 70 51 
4 14 26 48 4 16 1115 
82 65 86 50 37 20 300 
20 47 31 31 100 61 714 
64 65 24 17 53 34 1030 
15 35 57 42 60 10 746 
5 22 86 26 89 97 1214 
95 77 5 42 26 69 1146 
79 76 40 53 11 48 490 
50 4 33 53 84 9 823 
32 32 10 78 13 66 191 
27 47 7 13 66 61 843 
91 21 76 30 67 93 439 
61 18 90 52 64 23 669 
20 55 75 7 90 34 774 
47 97 66 15 6 80 643 
30 35 42 46 89 73 730 
86 59 25 20 18 33 867 
15 22 29 51 45 63 85 
95 34 8 78 29 8 536 
26 13 17 63 14 85 383 
85 50 7 77 52 97 421 
98 52 89 74 3 94 391 
76 39 66 63 19 48 436 
4 37 70 61 67 18 727 
48 10 59 6 50 42 368 
74 23 76 95 68 74 1183 
83 20 6 29 15 14 612 
75 53 102 97 40 98 998 
15 39 18 86 81 77 615 
44 33 70 54 55 4 26 
18 92 70 53 75 41 250 
19 66 35 54 6 11 888 
60 59 11 13 46 50 729 
87 60 10 89 100 49 485 
90 39 76 63 12 50 707 
63 33 46 66 59 63 1177 
75 85 34 77 68 80 1030 
75 61 44 11 55 45 384 
34 62 67 78 94 83 360 
29 61 94 96 64 17 1186 
28 67 48 89 89 65 145 
77 78 13 34 71 57 175 
80 35 54 59 7 28 358 
73 81 91 66 83 69 557 
26 43 83 6 65 89 579 
95 98 23 68 81 22 690 
86 55 46 25 27 17 602 
28 42 39 58 90 70 674 
88 60 25 9 99 68 625 
37 32 30 8 70 69 1041 
39 32 92 28 9 75 1066 
27 47 43 57 54 98 1204 
3 46 50 77 21 94 84 
40 101 62 85 55 7 598 
25 18 19 59 50 66 1089 
11 49 32 83 97 70 748 
15 84 53 47 72 55 419 
88 82 34 51 77 80 1214 
34 33 46 56 69 40 27 
31 26 100 6 34 11 1126 
99 20 95 26 26 48 306 
19 10 40 85 55 17 457 
37 88 11 75 88 92 949 
19 88 30 30 32 61 1026 
60 55 43 40 45 44 1095 
65 40 26 53 35 76 182 
24 8 72 17 26 67 1148 
40 92 32 49 22 16 982 
33 67 99 97 89 43 722 
57 99 48 11 74 50 892 
49 86 25 55 17 65 1154 
83 59 15 8 96 92 249 
66 13 93 26 30 11 382 
75 29 58 48 35 58 822 
11 27 7 53 19 23 1107 
7 9 95 6 54 88 622 
10 86 91 95 53 41 1121 
88 56 88 47 40 44 910 
59 69 9 84 9 29 878 
35 10 57 79 71 32 715 
5 100 21 78 25 82 799 
45 69 55 84 19 78 284 
72 22 9 81 81 18 591 
42 88 24 47 61 81 922 
79 36 18 84 11 35 1010 
59 68 71 17 63 11 171 
2 56 102 92 54 51 763 
90 50 100 92 16 12 772 
13 99 34 67 3 92 818 
35 40 3 10 44 43 169 
55 40 65 20 9 36 495 
35 24 57 9 32 15 1083 
88 19 94 97 25 22 555 
71 39 53 62 21 49 825 
18 101 84 11 10 51 428 
12 37 74 9 78 25 965 
77 79 59 73 79 80 571 
22 11 15 21 23 70 1031 
3 15 60 90 89 75 203 
25 75 100 24 66 56 930 
85 22 90 49 99 68 1150 
62 95 91 44 71 23 1174 
93 70 92 89 82 53 116 
24 16 21 90 52 64 637 
6 61 51 15 27 73 462 
91 27 74 26 4 92 501 
22 71 48 20 54 23 399 
6 10 37 86 5 69 744 
7 72 61 49 6 44 687 
36 42 32 46 52 60 22 
46 20 65 80 62 70 28 
47 75 72 99 44 21 1219 
54 16 30 24 6 79 1023 
57 15 79 100 50 87 1053 
31 18 76 4 64 33 744 
92 74 8 45 100 61 737 
98 91 52 64 25 58 1006 
28 3 25 48 83 20 1083 
7 88 82 14 86 18 204 
59 98 97 82 91 41 758 
44 25 81 8 20 25 720 
26 29 38 28 30 6 31 
17 54 58 83 15 74 1032 
88 27 33 16 45 46 482 
95 57 85 36 20 22 1040 
81 46 42 65 97 32 999 
61 47 88 57 14 16 522 
