6 4
250
89 45 76 80 8 82 168 
93 64 66 36 63 73 580 
94 6 25 56 66 19 793 
20 29 51 33 15 8 601 
36 98 65 71 78 36 549 
24 11 87 6 101 23 639 
26 100 40 87 69 99 298 
23 12 67 99 83 10 559 
18 27 50 95 76 49 465 
68 3 67 87 39 6 571 
97 40 52 67 98 21 770 
31 13 48 48 11 39 113 
88 100 75 97 27 101 53 
87 40 14 28 76 23 473 
99 75 102 31 95 68 214 
74 18 33 87 91 76 709 
15 3 48 66 12 45 656 
5 94 92 14 7 66 83 
102 40 42 24 100 38 266 
40 48 19 18 73 90 110 
84 43 11 38 27 21 582 
38 68 63 66 80 80 762 
83 11 19 90 5 18 593 
79 94 65 94 40 56 614 
57 31 50 41 58 69 176 
53 83 78 82 46 41 518 
75 80 60 22 61 41 466 
39 3 30 70 73 43 40 
51 48 46 89 67 98 665 
39 15 28 24 12 74 246 
30 43 10 60 79 11 39 
15 7 74 81 17 20 147 
30 22 73 86 28 19 16 
37 34 95 81 45 84 294 
67 34 99 50 69 29 76 
62 23 12 96 33 2 296 
43 74 10 52 80 66 72 
96 57 40 86 57 30 763 
11 16 81 37 29 71 396 
75 77 32 50 93 11 559 
101 63 92 97 19 68 760 
61 87 32 67 20 29 581 
79 61 66 14 101 18 414 
8 33 61 6 33 90 562 
99 80 4 89 57 42 772 
96 50 91 41 65 2 408 
31 51 72 11 43 79 779 
18 68 38 94 95 20 758 
32 33 93 87 80 26 507 
9 30 80 65 89 79 678 
13 77 75 38 17 3 627 
83 91 97 92 13 75 663 
14 67 96 64 24 4 523 
19 100 55 87 78 90 184 
23 94 47 56 3 14 45 
93 65 58 80 19 18 400 
43 98 97 69 53 83 777 
65 86 4 67 77 21 762 
79 22 53 41 15 56 490 
99 52 38 12 63 78 173 
5 40 85 7 88 17 621 
5 60 20 27 9 29 478 
10 46 92 28 95 14 116 
45 7 41 6 64 91 360 
48 61 59 92 7 76 492 
47 20 61 91 6 19 606 
64 36 17 8 29 4 725 
8 48 86 69 66 9 487 
35 47 3 26 28 34 464 
101 62 36 4 55 100 515 
27 32 39 92 97 42 663 
74 26 100 36 89 57 326 
15 75 25 43 69 3 105 
76 60 67 80 87 19 513 
75 82 6 76 5 28 662 
18 50 80 71 69 80 500 
22 5 91 41 79 19 700 
89 14 63 88 100 52 419 
74 73 14 11 25 20 803 
46 96 62 86 31 61 791 
28 47 74 2 24 53 438 
57 78 41 10 2 79 706 
70 46 91 8 77 32 364 
78 68 62 47 62 65 620 
11 31 57 49 60 91 499 
69 91 87 77 101 100 135 
97 75 3 24 43 14 619 
52 73 81 56 31 54 404 
81 14 58 64 91 80 378 
49 86 63 44 90 27 17 
57 5 32 78 34 30 663 
95 61 24 20 53 2 482 
60 78 95 31 38 14 715 
79 32 15 12 22 72 397 
91 42 82 55 89 76 778 
70 50 80 99 26 70 701 
55 35 46 40 80 89 724 
10 70 15 54 16 16 639 
75 19 68 14 60 35 40 
21 44 67 66 28 66 733 
30 18 34 14 45 4 197 
99 71 74 44 85 62 654 
74 69 4 75 62 19 773 
33 13 87 68 38 83 273 
93 81 76 53 26 101 659 
54 82 42 72 14 56 627 
50 96 72 77 75 26 387 
77 66 93 68 49 97 789 
7 50 48 10 23 93 49 
92 100 93 61 63 101 169 
89 64 4 49 65 20 675 
19 17 93 65 59 88 130 
17 84 87 79 6 86 385 
34 95 64 94 66 73 477 
98 81 18 14 27 29 721 
4 91 21 86 79 16 712 
35 57 47 66 7 92 609 
18 8 84 59 17 75 445 
71 42 57 101 49 26 180 
38 77 53 34 61 29 116 
95 68 95 29 72 62 810 
40 19 30 61 83 86 647 
75 36 57 11 55 36 271 
51 66 87 32 92 67 794 
82 96 34 47 65 63 190 
42 91 32 47 16 57 248 
25 29 42 68 43 45 512 
43 99 24 8 96 83 361 
5 10 98 82 96 4 474 
25 98 16 21 25 58 275 
46 26 66 42 81 5 216 
38 47 67 51 25 37 319 
99 12 41 71 82 81 303 
83 36 67 21 55 74 811 
33 28 49 19 88 31 791 
74 60 68 17 80 20 543 
65 34 34 74 69 21 214 
88 76 52 46 79 99 514 
92 101 23 27 33 29 42 
22 19 34 38 7 44 205 
54 75 56 4 63 73 155 
4 35 49 88 55 75 369 
53 100 76 11 35 36 670 
61 47 92 50 93 64 352 
16 2 37 64 79 3 284 
3 98 44 18 28 46 721 
68 75 41 80 56 62 556 
22 60 29 75 10 45 754 
30 66 56 72 11 78 715 
35 14 26 78 74 12 413 
4 34 95 9 92 96 763 
74 52 72 39 4 77 771 
44 10 91 71 60 44 593 
33 90 48 19 70 3 265 
63 17 4 83 51 19 149 
28 36 68 20 51 101 462 
16 86 35 9 3 95 743 
6 37 9 16 70 80 577 
46 49 91 24 95 63 88 
37 70 58 54 59 78 136 
76 25 53 11 45 18 140 
6 15 12 69 10 43 464 
82 97 69 83 42 49 670 
89 79 98 58 40 48 649 
18 79 57 45 19 77 253 
15 57 7 27 64 56 326 
36 82 56 87 22 56 447 
75 90 73 20 31 36 705 
48 57 55 8 72 40 721 
38 57 26 93 69 28 551 
42 65 59 80 96 44 433 
99 44 72 20 94 27 348 
91 86 27 90 42 46 548 
102 54 21 94 18 53 806 
27 32 97 55 30 89 272 
28 16 42 37 94 35 395 
15 85 90 80 15 48 380 
73 101 5 28 83 2 328 
13 39 88 80 93 56 593 
14 78 66 66 40 11 518 
72 87 55 50 13 21 707 
71 33 16 5 8 54 441 
34 93 29 49 89 95 122 
79 56 59 3 81 78 16 
9 25 16 77 38 85 11 
15 52 80 72 84 56 344 
8 74 77 87 4 21 653 
86 39 19 53 18 51 756 
33 97 49 34 45 87 507 
10 102 30 71 71 55 150 
43 51 78 7 42 75 581 
84 85 18 79 59 24 185 
88 98 26 22 37 10 674 
57 33 41 41 71 82 799 
74 48 18 35 68 64 356 
90 43 48 79 78 24 397 
15 34 56 88 65 42 179 
5 6 51 37 46 38 701 
21 40 68 73 95 75 85 
38 102 47 93 62 81 802 
57 80 46 61 89 36 347 
101 86 55 8 42 78 561 
45 69 100 23 28 60 567 
6 82 8 85 50 40 625 
34 11 97 5 63 25 394 
27 7 78 60 4 45 162 
55 16 67 54 99 44 763 
34 49 72 36 23 31 423 
101 40 78 41 98 68 547 
77 60 5 82 55 22 143 
64 24 66 26 16 52 411 
68 43 33 53 99 85 812 
65 27 71 41 97 98 218 
69 2 21 8 80 55 640 
58 65 74 46 23 78 577 
27 8 12 9 81 3 271 
99 47 89 101 85 70 100 
35 35 43 60 26 93 770 
24 47 20 39 99 74 83 
80 60 9 78 9 31 314 
20 62 34 17 97 95 574 
57 34 9 97 87 68 186 
31 34 88 99 87 78 23 
64 93 73 84 32 25 160 
88 82 25 78 41 76 124 
76 11 45 31 99 26 543 
15 13 44 14 8 89 398 
29 23 81 24 55 38 463 
70 63 35 67 72 53 565 
54 86 21 48 94 10 452 
25 45 70 90 54 38 396 
82 31 72 26 38 73 486 
61 46 56 88 40 60 49 
50 11 66 29 75 99 503 
28 25 67 15 82 95 35 
80 13 36 2 102 10 717 
34 65 44 37 82 12 754 
42 66 62 56 51 52 613 
36 6 63 81 41 89 441 
8 7 13 58 79 57 666 
35 23 88 41 52 20 128 
48 24 95 95 90 71 702 
61 7 61 33 46 31 356 
9 75 24 63 23 36 217 
60 33 81 5 56 13 63 
45 77 18 101 34 62 715 
84 70 88 53 20 70 384 
102 54 27 35 28 40 215 
50 66 80 31 86 91 722 
93 16 92 35 60 81 128 
