2 6
250
13 77 609 
27 89 982 
71 23 944 
6 68 1040 
23 43 586 
67 65 206 
50 34 244 
21 41 1132 
50 46 47 
34 66 343 
81 75 698 
26 60 877 
7 58 1206 
14 92 1021 
57 70 420 
46 85 1204 
43 87 283 
4 18 41 
50 94 438 
59 79 526 
78 39 696 
51 26 1140 
30 99 1014 
78 62 86 
20 38 522 
38 67 877 
60 6 754 
7 93 975 
7 80 693 
56 78 817 
38 50 968 
58 38 644 
29 8 532 
43 18 1056 
18 67 307 
18 86 986 
63 14 332 
66 101 903 
83 73 566 
79 46 573 
39 76 255 
18 42 145 
30 64 1219 
92 12 721 
30 19 1072 
77 92 320 
57 91 1150 
78 95 787 
42 74 602 
7 76 793 
8 51 754 
99 6 514 
68 101 304 
15 90 260 
83 73 23 
70 38 998 
88 8 996 
22 24 680 
55 63 995 
58 79 836 
65 25 1079 
37 86 742 
99 34 159 
48 12 1107 
3 43 8 
75 97 276 
65 73 444 
70 21 837 
85 88 330 
8 46 538 
63 11 281 
58 53 805 
35 48 1065 
43 73 52 
71 43 1178 
93 21 993 
57 82 802 
61 96 64 
34 97 44 
22 53 1193 
36 93 1075 
71 87 10 
70 47 1110 
37 42 601 
37 23 9 
34 101 962 
74 94 825 
48 53 783 
80 4 189 
20 26 683 
64 15 1159 
92 9 974 
18 102 680 
98 25 907 
92 22 491 
18 25 887 
6 2 1176 
27 50 723 
32 90 495 
26 93 1019 
87 52 253 
37 74 329 
56 48 172 
23 18 1215 
25 79 845 
95 57 378 
26 64 961 
45 15 297 
62 39 802 
38 61 241 
41 94 114 
74 12 903 
56 57 586 
15 64 947 
60 85 1034 
99 4 872 
92 39 400 
12 2 350 
7 44 448 
98 77 430 
63 21 1060 
96 84 287 
92 53 811 
97 42 1222 
85 13 1223 
3 86 367 
42 65 437 
96 48 277 
89 32 1131 
83 70 832 
39 59 981 
15 54 533 
93 66 21 
63 9 626 
7 97 1190 
35 29 1094 
31 6 710 
9 59 155 
101 69 894 
66 9 640 
33 12 1017 
100 60 1009 
22 72 721 
59 12 250 
30 81 688 
87 91 624 
27 56 39 
5 54 786 
12 33 10 
70 15 1037 
72 29 696 
51 32 1189 
70 9 450 
17 15 693 
32 74 1140 
40 80 955 
58 17 953 
24 41 651 
51 30 705 
21 90 337 
84 54 695 
76 88 1025 
66 81 593 
61 19 1012 
16 12 507 
48 75 979 
73 74 641 
25 13 1206 
9 50 1075 
6 2 31 
42 51 226 
11 35 744 
102 58 1053 
11 76 1217 
32 99 1203 
97 10 350 
14 5 678 
80 50 198 
77 61 504 
60 69 462 
98 62 964 
48 21 828 
66 7 946 
83 49 200 
96 64 1202 
55 95 171 
2 14 498 
61 94 1192 
49 64 15 
4 36 908 
22 44 1092 
50 15 177 
23 85 953 
33 33 37 
53 33 689 
41 86 1056 
20 24 807 
29 60 679 
99 39 832 
83 101 704 
69 64 866 
5 63 62 
29 48 592 
86 34 120 
38 71 992 
40 10 745 
43 10 959 
17 86 150 
10 95 1026 
36 53 941 
48 41 1034 
22 66 843 
34 50 860 
53 14 467 
40 36 1101 
58 93 1083 
76 61 349 
9 42 1115 
81 54 950 
61 97 838 
23 95 1155 
73 40 1137 
27 18 66 
14 7 736 
93 92 1174 
42 79 619 
24 54 19 
97 61 1124 
50 41 1214 
95 43 155 
93 76 653 
4 32 231 
46 69 1181 
99 33 924 
85 64 661 
70 19 617 
97 41 918 
29 38 525 
69 28 415 
5 25 1203 
96 34 911 
95 23 391 
9 91 731 
79 99 127 
56 27 258 
28 14 1190 
40 82 279 
51 100 31 
40 66 458 
12 37 56 
