8 4
250
89 28 94 8 17 66 81 66 634 
39 62 79 79 83 45 72 15 266 
33 83 7 47 56 49 44 3 288 
27 71 82 42 39 79 61 35 519 
34 39 59 13 35 33 21 100 509 
8 14 16 32 89 81 50 73 519 
19 44 74 46 66 16 31 56 776 
99 99 26 102 21 51 81 39 616 
77 22 51 75 29 58 87 39 728 
24 97 84 3 94 68 15 44 744 
93 90 76 45 84 81 38 23 8 
41 8 95 67 53 52 5 75 420 
17 46 17 18 61 29 27 10 478 
15 98 7 60 88 79 60 90 400 
4 34 40 72 39 7 57 48 255 
98 59 46 35 100 21 16 100 803 
78 77 31 49 21 76 23 25 210 
98 83 21 18 9 65 3 4 336 
15 47 9 12 63 15 98 31 417 
16 82 100 88 46 90 80 83 106 
22 57 15 66 51 15 82 62 535 
14 82 51 83 34 98 80 3 434 
94 68 16 18 53 92 25 8 354 
30 12 39 33 40 28 52 83 381 
30 52 98 95 32 3 49 86 399 
4 35 50 4 10 45 37 89 123 
101 6 6 25 42 45 72 54 411 
31 83 44 25 33 54 52 53 419 
59 100 38 15 71 69 43 24 601 
97 28 4 96 98 53 13 54 625 
45 6 11 56 25 80 53 21 30 
9 80 4 98 54 59 94 80 720 
80 88 37 39 84 21 71 77 216 
50 37 86 93 14 81 77 9 378 
44 5 77 60 64 52 66 36 356 
74 101 76 47 4 20 65 35 539 
43 8 24 93 87 50 54 5 688 
21 18 68 24 23 47 13 52 615 
15 22 25 88 75 50 77 99 623 
54 5 34 68 29 81 15 36 13 
26 53 20 29 9 61 67 46 149 
79 52 79 31 36 54 45 52 105 
45 58 35 77 17 90 74 101 812 
54 55 91 89 11 90 46 89 803 
59 87 15 66 22 31 32 100 387 
101 25 71 82 25 79 69 73 639 
71 51 38 32 58 9 62 16 745 
31 93 43 92 87 49 56 88 532 
101 81 38 6 47 20 42 75 622 
32 74 32 14 22 40 11 77 308 
65 29 32 8 6 9 39 2 61 
8 11 40 24 28 40 14 70 753 
45 67 6 20 92 85 33 31 341 
63 20 73 5 82 13 12 93 484 
37 95 77 31 69 47 12 36 520 
40 11 48 94 102 54 48 69 83 
35 46 39 49 77 77 67 78 675 
39 5 31 29 14 37 80 79 612 
20 16 100 62 10 58 21 95 171 
98 71 20 21 60 16 3 78 385 
25 90 20 2 66 93 64 76 255 
37 13 99 13 16 25 79 30 433 
14 76 38 83 30 85 56 71 57 
67 20 48 17 29 38 90 58 723 
59 20 52 10 100 36 27 86 665 
26 87 57 97 43 32 63 91 23 
13 44 62 37 48 97 86 99 456 
88 21 87 63 25 60 36 22 87 
5 6 78 4 58 46 3 32 688 
54 72 79 18 57 40 35 79 114 
31 25 73 57 26 2 80 41 533 
99 66 64 99 63 23 21 60 694 
29 11 88 18 35 19 12 34 229 
81 72 67 49 29 48 47 8 794 
41 50 82 78 26 19 80 7 540 
25 57 11 57 99 99 55 9 557 
30 14 91 57 47 94 74 101 568 
3 52 38 17 54 57 26 82 81 
7 53 87 71 40 31 53 90 634 
21 26 75 69 97 23 80 19 765 
10 87 5 91 6 26 49 80 449 
32 9 4 56 33 19 89 50 459 
85 60 76 62 6 59 16 55 617 
99 35 57 17 39 38 63 18 779 
9 18 49 63 24 62 76 22 659 
77 67 95 58 82 49 67 97 477 
22 50 82 48 77 53 51 52 365 
102 17 72 69 94 17 24 83 256 
11 25 38 16 88 86 78 41 717 
85 43 55 10 53 44 79 44 558 
17 62 44 98 14 74 18 76 48 
13 11 75 80 36 101 18 57 590 
24 8 64 99 72 38 65 68 76 
94 94 66 30 92 53 49 9 171 
91 15 13 66 100 14 80 67 247 
17 7 9 56 94 97 72 57 294 
9 20 92 8 36 48 65 26 674 
44 85 21 24 33 30 81 28 345 
63 60 10 52 21 7 8 50 502 
4 40 101 71 59 37 17 42 719 
33 85 81 67 4 76 31 39 671 
13 94 75 81 77 68 55 11 794 
30 59 102 87 2 88 86 63 705 
85 75 28 86 10 94 42 49 353 
65 98 58 36 22 84 25 97 454 
90 25 65 35 17 50 39 89 674 
90 48 85 96 83 43 89 48 520 
58 29 87 84 42 30 25 93 107 
43 96 39 20 64 8 32 98 313 
26 52 60 79 49 23 11 53 10 
62 71 17 17 49 76 20 68 553 
73 8 85 37 12 27 38 98 757 
47 73 87 79 66 87 5 66 784 
8 81 82 66 75 91 29 65 180 
100 28 49 65 101 98 40 61 736 
57 91 42 35 44 53 30 66 659 
18 84 7 32 15 85 80 14 713 
90 9 35 96 10 50 5 40 572 
47 84 73 91 42 7 97 49 614 
58 75 39 31 37 11 10 12 657 
19 70 16 67 87 89 10 52 424 
59 63 82 94 32 6 83 85 663 
12 29 45 2 37 67 10 24 317 
52 61 74 26 88 100 69 88 566 
58 83 99 86 83 92 55 40 702 
97 66 46 35 50 55 30 100 677 
40 18 35 50 59 66 51 60 739 
82 36 77 84 27 46 37 27 20 
86 28 49 55 50 99 81 15 466 
97 19 14 21 97 90 17 31 570 
38 10 26 36 37 25 101 75 35 
13 14 41 102 100 25 52 46 593 
38 87 71 38 71 46 9 55 332 
81 63 40 89 69 98 76 101 136 
81 52 92 26 56 77 95 70 4 
20 97 22 91 71 53 17 81 367 
3 3 41 81 29 84 84 22 101 
68 25 47 46 28 101 9 74 766 
84 14 33 96 44 3 46 91 474 
23 92 94 89 74 90 53 75 801 
79 101 25 10 44 36 64 30 368 
57 76 71 22 84 99 59 35 545 
16 9 60 40 37 40 26 63 250 
23 81 53 59 95 55 3 31 590 
73 76 73 99 34 16 58 91 125 
90 3 10 96 32 41 24 39 539 
42 41 66 87 86 83 5 44 399 
96 100 83 18 21 55 27 89 483 
98 19 77 46 85 48 25 38 494 
25 28 51 14 37 58 89 63 737 
10 87 91 92 96 92 68 64 740 
36 74 83 57 71 45 82 28 160 
93 98 58 21 64 51 22 82 130 
102 84 65 27 31 60 65 19 13 
72 8 25 88 80 23 57 91 520 
81 70 59 9 33 11 39 98 537 
36 91 26 43 72 15 76 68 651 
29 11 44 25 94 54 43 13 160 
98 7 19 38 65 75 87 43 102 
61 95 53 56 90 35 94 31 231 
80 31 38 12 14 14 43 30 650 
23 58 78 7 67 23 92 43 744 
50 100 28 53 57 31 3 17 597 
31 75 23 11 33 65 26 65 664 
85 88 95 7 97 37 95 66 692 
38 56 30 32 66 49 44 46 253 
4 29 76 10 11 98 41 14 450 
60 14 27 15 83 4 41 9 448 
100 45 5 93 59 93 46 67 503 
47 100 11 76 69 89 34 24 296 
9 77 79 99 68 85 82 37 428 
61 25 74 28 93 59 94 46 6 
30 13 72 85 65 46 37 96 113 
48 86 47 41 83 62 68 34 259 
80 3 80 22 13 24 41 87 340 
91 21 10 54 84 25 88 7 86 
68 26 14 35 64 74 71 36 419 
10 22 45 14 63 61 28 17 356 
25 9 2 50 46 81 5 48 612 
8 97 4 24 55 78 52 102 63 
22 47 41 8 53 79 73 33 527 
101 79 61 50 28 69 81 65 796 
12 20 82 35 33 18 99 65 321 
51 88 70 69 65 63 54 8 572 
7 19 58 25 79 15 16 6 561 
18 60 71 37 44 91 80 42 666 
29 88 16 24 11 90 40 24 365 
99 34 16 100 99 22 99 77 383 
44 89 43 69 21 29 50 83 45 
72 17 46 81 90 25 81 26 165 
58 85 10 69 87 58 71 19 585 
56 21 63 51 39 69 44 38 431 
43 62 69 89 76 31 85 70 59 
2 20 46 93 20 75 102 43 750 
41 77 4 87 100 4 57 95 504 
47 23 79 79 38 54 72 40 524 
55 71 10 81 86 19 51 70 812 
30 65 3 90 52 98 78 5 506 
53 58 64 67 34 83 69 40 383 
32 26 83 94 23 82 10 48 593 
86 62 92 87 38 32 4 29 245 
63 59 73 83 3 35 92 22 669 
4 91 39 29 14 48 72 21 367 
20 38 45 23 82 6 25 94 351 
74 68 23 34 64 7 53 8 668 
78 51 24 50 4 3 100 8 472 
38 58 50 46 16 19 87 86 741 
89 42 79 69 60 11 92 20 436 
63 72 28 34 78 8 66 97 575 
25 72 37 44 25 75 48 90 291 
96 29 54 6 49 80 16 66 540 
7 10 93 15 60 85 50 39 297 
34 5 82 45 82 21 48 65 119 
58 47 19 5 24 72 76 98 744 
3 60 25 50 20 14 42 61 706 
81 12 14 54 96 88 39 16 689 
57 54 49 35 59 87 66 60 155 
51 4 89 23 41 64 94 49 645 
15 86 87 70 5 23 35 69 433 
4 6 53 32 68 9 88 21 360 
46 70 2 40 86 62 95 93 469 
102 60 73 52 62 49 9 26 253 
101 89 51 27 2 92 34 64 439 
70 21 37 81 38 22 20 50 643 
81 77 101 27 77 14 66 35 74 
84 54 47 6 25 44 79 88 264 
97 21 70 12 9 25 9 27 587 
24 22 25 53 35 14 71 31 403 
34 76 13 39 63 69 83 51 82 
11 66 98 95 5 51 90 25 238 
13 70 70 78 20 52 42 44 105 
88 34 21 35 37 96 95 47 99 
23 60 60 3 31 59 15 100 502 
78 31 20 75 65 12 85 60 495 
83 57 58 63 98 21 56 97 147 
93 78 31 4 2 60 39 69 530 
73 12 41 12 65 23 91 66 107 
97 15 71 11 52 79 36 14 731 
58 61 64 40 49 36 42 24 174 
35 77 31 62 38 97 47 13 395 
23 73 94 38 75 34 8 61 672 
51 84 28 54 70 90 70 84 65 
5 35 65 7 73 43 101 58 733 
86 38 79 76 66 41 31 14 333 
99 22 89 31 34 90 54 93 331 
97 83 9 43 93 56 90 44 639 
87 18 2 53 38 19 44 25 195 
8 77 20 90 25 58 50 73 505 
23 76 3 77 55 82 3 7 613 
85 45 46 24 88 24 62 45 787 
