6 4
250
67 52 57 78 4 19 251 
42 49 86 87 25 86 757 
22 92 8 87 14 65 200 
79 6 62 64 7 78 304 
18 82 82 26 48 76 641 
63 46 44 66 29 81 319 
36 58 94 23 82 23 178 
72 92 5 28 18 5 721 
48 98 15 99 42 95 198 
69 5 63 79 13 16 482 
47 67 23 87 85 87 352 
50 70 43 28 57 18 376 
92 80 100 32 72 92 119 
51 30 69 88 88 17 545 
54 33 45 71 9 65 201 
27 83 43 35 20 47 800 
30 74 73 87 80 80 624 
28 65 49 42 26 47 786 
38 56 101 100 73 78 785 
38 100 59 50 55 23 533 
99 59 99 54 47 18 173 
59 98 4 10 39 92 218 
71 98 31 85 20 30 726 
29 44 37 50 71 4 749 
76 16 39 27 59 13 238 
8 52 90 81 30 77 648 
61 99 92 36 88 72 551 
4 30 67 37 95 78 572 
17 64 7 78 16 31 678 
83 67 85 82 81 100 513 
48 42 6 92 55 12 555 
47 47 16 85 34 26 585 
88 74 92 65 37 61 744 
90 86 5 16 48 98 631 
35 9 56 9 74 7 458 
90 64 47 42 69 4 572 
19 93 95 84 7 13 775 
95 95 18 46 41 74 478 
59 3 78 9 15 93 101 
40 61 78 62 22 18 807 
12 47 25 70 59 23 574 
95 12 34 43 87 84 323 
16 40 65 36 35 100 251 
63 71 36 55 13 60 645 
34 19 24 87 98 98 680 
50 95 78 84 52 90 526 
92 46 68 31 10 75 199 
24 15 29 89 20 70 401 
78 92 17 48 65 93 498 
95 12 58 91 88 58 544 
46 89 54 85 11 68 577 
27 70 27 5 87 57 82 
6 98 101 80 30 36 583 
6 63 38 89 99 5 791 
37 12 42 24 19 60 632 
28 77 6 11 4 80 422 
24 92 45 80 38 53 731 
16 59 13 60 24 97 332 
28 18 97 14 65 76 732 
60 87 83 71 99 34 633 
23 97 71 28 58 22 670 
73 96 11 63 54 9 171 
55 31 66 97 64 39 816 
61 11 99 41 7 64 521 
7 64 12 41 21 14 759 
64 44 35 68 78 60 456 
24 88 54 13 68 71 46 
58 19 76 37 98 80 511 
88 75 89 53 60 20 535 
34 101 24 36 97 30 736 
89 33 31 89 80 46 296 
24 47 31 40 95 60 397 
46 38 6 25 37 33 623 
71 48 17 20 42 92 738 
89 32 79 73 43 17 568 
88 47 50 19 35 28 524 
30 60 15 67 62 19 717 
65 20 12 63 99 16 150 
87 15 71 40 56 48 286 
17 53 69 54 45 81 472 
92 58 8 3 6 14 337 
90 4 55 82 75 5 195 
14 69 12 46 3 53 13 
34 81 81 81 83 31 106 
9 47 15 19 40 32 597 
64 6 62 95 4 79 794 
13 18 60 83 45 13 23 
87 59 10 44 30 58 478 
79 29 24 25 85 30 661 
59 42 65 38 75 53 415 
64 53 53 102 76 6 171 
65 23 101 40 20 12 180 
90 7 77 12 76 17 695 
80 40 72 21 51 18 443 
78 96 47 72 63 54 187 
8 59 44 55 54 40 113 
8 25 88 67 20 61 563 
37 91 28 101 38 68 690 
15 83 83 28 90 69 706 
29 56 70 59 60 101 667 
50 35 59 23 79 73 587 
17 86 56 33 59 87 340 
8 21 73 27 88 40 765 
78 63 30 67 73 29 646 
71 20 10 62 62 89 712 
58 71 80 61 96 15 798 
99 29 97 32 83 47 171 
37 98 35 74 63 90 582 
74 31 58 8 46 95 378 
68 48 73 99 100 56 412 
52 95 67 94 27 98 651 
36 35 36 92 84 60 279 
24 77 90 101 101 18 684 
42 24 56 52 22 54 250 
83 26 35 85 93 72 691 
5 70 82 38 94 93 313 
98 24 18 64 36 14 364 
73 85 100 101 40 69 82 
73 14 44 7 46 51 428 
11 3 8 93 90 51 154 
9 9 65 9 27 47 362 
102 40 90 88 42 88 83 
43 37 86 54 6 77 260 
58 40 32 50 44 88 714 
22 12 73 48 65 28 526 
78 37 94 16 23 68 584 
76 56 22 7 65 44 552 
69 24 41 86 77 89 419 
71 35 61 84 62 59 650 
30 19 41 79 62 48 530 
102 95 41 85 11 62 667 
86 12 45 81 45 22 437 
90 34 64 90 41 15 61 
4 34 33 63 11 94 378 
39 83 30 5 99 5 549 
31 2 3 68 29 72 689 
25 18 5 18 39 28 331 
88 79 91 23 34 60 798 
62 9 23 2 70 37 389 
32 17 78 49 19 88 476 
33 63 24 14 46 25 643 
18 30 47 74 68 8 419 
6 41 83 66 47 71 563 
95 82 67 60 36 39 763 
3 29 72 22 42 84 444 
18 69 11 91 37 21 362 
81 78 30 5 32 98 211 
78 97 84 74 19 91 315 
83 59 56 11 88 87 123 
3 78 54 28 26 99 719 
74 74 78 13 52 27 111 
6 39 58 7 42 70 205 
34 90 50 25 95 18 284 
12 58 81 51 36 31 642 
2 78 79 8 101 40 35 
25 9 63 69 67 27 630 
22 100 7 48 20 92 561 
90 7 5 33 83 55 509 
18 98 64 19 97 37 31 
63 81 101 43 32 23 78 
83 88 59 30 93 60 737 
60 77 5 18 41 12 102 
73 76 77 20 86 44 55 
12 102 52 71 92 76 475 
22 8 7 90 71 61 60 
20 48 5 93 98 74 481 
24 61 2 58 27 93 737 
6 26 25 48 81 5 577 
89 9 61 2 86 34 311 
70 100 31 72 53 7 431 
30 74 30 90 72 50 724 
43 51 15 68 84 70 128 
84 84 44 92 58 38 260 
41 46 92 14 42 23 436 
63 74 87 76 88 40 619 
54 97 59 11 57 84 378 
59 47 37 4 66 24 702 
18 89 83 96 71 23 725 
30 40 79 32 29 37 652 
80 30 94 98 32 42 251 
89 86 82 3 57 87 672 
100 58 12 78 101 69 363 
87 7 82 20 18 89 193 
59 83 82 30 48 68 649 
19 45 8 36 85 57 239 
5 2 95 16 38 9 245 
84 69 56 30 70 38 757 
25 14 80 16 55 9 245 
6 3 75 10 21 5 662 
15 6 44 18 14 17 673 
7 89 6 83 82 96 617 
16 28 2 80 33 89 769 
33 29 22 32 50 101 807 
101 22 8 18 6 51 562 
64 14 14 59 22 12 151 
27 77 35 75 15 56 730 
77 75 32 90 18 89 670 
79 24 88 65 18 86 49 
68 100 66 79 47 9 426 
15 90 24 12 79 78 46 
54 89 59 37 47 11 196 
49 78 30 90 64 89 694 
92 28 95 6 29 15 483 
79 71 98 71 49 39 507 
87 10 80 41 13 79 204 
37 31 30 73 76 84 156 
24 38 91 85 22 69 189 
63 31 8 52 65 48 612 
20 63 68 100 74 64 511 
70 52 50 53 12 62 450 
99 67 35 55 33 42 456 
35 9 88 29 72 41 193 
82 74 92 49 32 52 144 
70 64 75 4 22 58 441 
88 42 34 12 9 70 524 
66 75 99 35 8 21 696 
56 83 72 4 25 41 718 
80 61 6 82 12 40 244 
5 62 53 13 86 4 379 
69 56 19 66 73 61 131 
101 95 16 26 33 34 115 
83 5 2 99 19 68 67 
84 30 32 98 33 36 502 
15 48 24 24 19 41 708 
29 55 40 54 82 74 649 
68 92 57 82 7 18 175 
59 52 15 68 38 40 697 
28 89 69 43 27 56 700 
49 94 4 15 95 29 445 
52 64 48 40 96 30 131 
40 77 18 27 21 42 460 
98 11 58 84 3 3 5 
68 73 13 57 20 96 159 
100 56 69 14 91 69 55 
90 69 31 44 12 72 723 
14 53 17 8 16 31 413 
85 48 33 95 28 56 689 
94 37 85 78 37 98 330 
23 52 15 32 75 52 69 
44 29 42 93 34 14 438 
22 98 50 5 66 71 122 
9 37 21 65 15 24 785 
35 48 67 77 75 50 742 
3 4 79 43 82 44 338 
21 94 4 96 44 33 586 
41 37 75 72 30 28 115 
16 96 69 63 30 14 73 
84 76 18 61 66 65 155 
96 73 64 87 29 75 722 
46 20 71 72 93 26 769 
