6 8
250
46 46 45 23 51 90 980 
57 7 23 50 43 7 982 
42 65 72 8 48 92 1421 
99 88 88 15 11 55 705 
80 22 10 86 50 98 829 
39 20 8 76 78 11 1217 
79 69 33 94 95 60 100 
80 12 69 5 31 32 763 
59 59 10 42 37 19 1259 
88 15 66 95 11 11 51 
46 65 35 71 82 14 327 
21 57 22 18 97 39 8 
12 43 83 22 68 6 1305 
63 100 35 43 95 99 1492 
57 68 101 86 51 5 542 
49 36 36 50 20 29 624 
4 90 27 42 82 79 1234 
74 86 75 45 7 25 1363 
67 101 30 90 17 31 1053 
91 23 34 48 36 69 1037 
9 49 73 50 79 44 959 
12 11 3 15 23 18 1350 
85 28 43 46 82 52 1325 
37 8 63 5 100 76 225 
69 95 97 48 11 14 1057 
39 4 97 30 83 27 900 
93 30 77 96 15 84 96 
97 93 4 56 20 84 1184 
43 13 47 81 70 47 711 
18 8 69 13 6 20 752 
27 48 18 101 27 28 717 
80 88 10 88 94 10 1174 
4 94 93 94 32 94 1560 
93 52 51 15 82 14 1222 
24 10 85 11 66 62 1147 
47 89 58 95 58 31 1037 
27 39 95 78 39 74 225 
16 78 21 76 28 52 549 
97 69 87 47 17 71 914 
80 27 79 30 50 4 930 
8 38 101 75 66 34 1083 
15 58 39 45 42 63 133 
34 66 37 40 11 39 813 
22 72 50 44 62 10 754 
14 19 50 91 72 59 134 
42 22 3 64 20 69 1345 
13 50 4 77 10 50 767 
64 44 92 41 67 9 1396 
67 53 34 6 27 22 23 
41 91 56 72 6 102 1487 
45 36 78 93 71 69 150 
24 47 69 54 62 101 818 
77 60 52 7 52 25 1231 
71 71 60 96 49 83 1179 
61 51 7 5 50 58 303 
10 16 50 98 42 78 700 
8 67 54 67 23 53 1047 
33 6 67 57 79 18 1210 
67 19 99 24 88 39 1027 
99 65 50 14 45 34 1090 
46 4 12 12 48 35 1030 
6 8 31 28 32 10 465 
47 42 51 73 42 46 698 
99 53 75 55 42 82 156 
4 6 55 80 22 99 1424 
3 57 47 33 85 13 993 
13 70 98 59 31 36 841 
25 102 43 5 89 26 762 
54 38 58 9 55 56 42 
5 78 51 12 13 43 718 
86 6 41 59 35 84 1407 
84 79 99 13 47 60 1289 
6 14 76 34 75 43 809 
21 90 27 33 59 60 134 
95 50 48 20 95 10 630 
98 4 48 56 44 62 1132 
61 62 98 9 98 26 1615 
65 76 80 39 3 96 1070 
17 17 29 78 26 80 1467 
31 53 95 54 52 42 128 
13 30 81 33 82 82 972 
31 31 25 64 37 11 476 
76 71 83 95 15 75 1320 
89 22 80 21 84 81 492 
11 5 57 47 85 93 865 
48 101 8 22 16 8 1409 
88 5 16 91 71 63 911 
84 14 61 39 69 29 383 
11 3 15 100 3 31 326 
28 70 19 54 20 78 457 
72 76 74 101 69 97 29 
18 66 32 15 21 76 446 
93 98 10 18 66 32 603 
101 96 24 15 79 68 973 
37 100 39 53 87 30 202 
39 89 40 2 34 24 1507 
39 85 86 84 57 95 571 
75 11 38 56 49 93 1158 
83 52 88 92 30 44 1334 
68 95 64 36 48 17 875 
11 71 17 34 10 47 1011 
13 40 33 23 76 27 1012 
91 3 100 40 39 43 924 
39 55 12 6 82 13 1152 
92 24 50 11 80 83 1049 
41 23 23 41 48 11 1145 
14 56 71 56 19 22 1261 
94 67 98 11 76 99 1168 
19 7 30 30 36 93 342 
18 85 14 98 45 100 813 
82 78 102 92 34 88 412 
101 43 52 64 93 95 1598 
59 54 101 6 86 95 370 
17 96 12 14 20 51 1567 
73 59 60 76 24 29 198 
91 98 21 43 13 48 294 
67 80 68 45 100 25 957 
33 15 94 61 7 29 1054 
85 91 80 17 39 31 453 
86 94 90 71 68 88 1119 
58 82 65 76 48 7 831 
17 46 71 22 28 39 657 
46 68 17 19 2 49 103 
9 43 29 75 19 92 1316 
88 80 76 34 39 92 1221 
35 31 87 61 25 16 1095 
47 11 97 13 94 89 659 
28 75 54 68 40 64 798 
41 38 2 31 16 72 477 
68 97 89 91 49 67 182 
39 32 60 80 36 41 1020 
34 34 64 27 5 42 994 
7 25 69 101 30 28 1523 
95 87 31 10 45 40 1279 
16 10 23 46 24 31 1444 
45 95 90 7 25 88 114 
7 40 6 14 32 70 1006 
74 23 93 22 41 20 724 
47 31 72 92 3 86 310 
26 43 83 83 13 74 1002 
31 81 96 7 42 88 1438 
49 28 98 16 72 19 674 
89 33 27 85 14 46 1608 
66 20 16 24 4 90 1317 
99 24 33 21 98 2 705 
44 99 17 102 33 58 1600 
5 75 79 34 69 80 611 
12 59 100 101 30 65 1059 
62 82 85 39 100 9 816 
5 67 97 76 18 100 728 
36 11 85 82 90 3 1001 
47 39 92 37 12 45 1412 
68 35 21 70 39 80 1333 
19 35 65 35 51 50 1629 
10 84 60 53 82 95 1253 
49 17 21 42 64 6 255 
44 94 4 90 66 65 614 
34 77 8 81 22 65 270 
79 22 49 41 54 63 607 
57 34 86 33 52 12 302 
20 2 29 77 77 68 1223 
42 62 47 87 87 64 1234 
9 54 74 62 32 62 1152 
97 74 3 12 44 80 1421 
62 20 59 16 56 21 235 
77 81 6 47 99 44 598 
62 5 57 70 101 64 792 
83 14 73 22 51 50 378 
30 28 67 34 90 90 1309 
44 89 73 33 45 63 518 
75 70 16 35 21 36 575 
71 48 44 45 19 41 1295 
8 88 95 6 73 93 763 
54 41 15 11 56 58 289 
18 86 39 58 2 19 127 
46 59 89 33 16 90 972 
82 25 91 73 51 3 589 
3 80 29 74 72 87 340 
31 4 26 67 80 20 870 
64 7 89 18 24 74 1012 
32 8 76 59 5 89 1177 
17 25 40 7 58 84 245 
8 12 86 32 34 89 241 
57 65 68 38 72 8 291 
20 4 57 29 31 76 1156 
74 55 17 69 100 51 235 
80 88 62 24 38 40 920 
97 5 88 92 87 49 1225 
45 10 23 35 83 56 1581 
23 85 79 28 10 46 563 
59 72 66 36 40 2 1251 
79 7 16 36 70 63 385 
101 70 39 47 29 98 469 
47 95 36 19 96 19 934 
5 85 98 30 96 24 615 
36 24 58 48 49 100 1087 
4 9 101 15 95 75 360 
17 42 84 83 50 8 197 
78 32 19 46 85 21 1201 
24 21 8 76 41 88 1071 
48 83 100 82 99 64 700 
89 37 6 3 46 37 1436 
45 16 50 48 18 28 939 
94 41 4 66 81 95 1310 
90 94 41 55 89 58 1127 
60 85 3 53 46 71 1463 
97 15 45 41 86 88 1286 
6 60 30 25 62 10 875 
44 98 18 20 71 65 1602 
45 67 50 59 81 21 1386 
33 49 97 74 59 70 1591 
28 62 27 97 9 3 1369 
36 13 32 29 50 17 264 
89 87 34 77 8 93 855 
51 97 84 7 69 96 1205 
14 35 53 6 42 58 275 
38 93 26 64 63 16 142 
55 20 31 33 6 71 708 
64 65 100 52 78 47 1260 
67 44 91 43 10 12 367 
81 81 26 10 61 101 835 
96 11 15 47 79 46 1556 
79 55 77 65 27 33 813 
72 55 56 66 13 42 1160 
51 37 23 56 6 88 1216 
41 8 25 46 72 94 1113 
56 87 7 101 3 84 1446 
91 17 80 85 82 75 142 
28 72 46 50 62 82 735 
76 95 94 75 60 23 622 
50 54 21 58 40 84 265 
71 51 67 12 60 84 974 
22 45 73 27 15 68 205 
38 81 98 12 14 25 1304 
94 15 28 46 63 53 679 
64 61 29 43 93 94 942 
23 81 41 4 100 87 885 
52 23 50 46 57 28 197 
75 25 48 28 60 38 1248 
38 40 68 99 34 20 939 
86 46 85 24 75 57 237 
101 59 10 17 40 28 693 
94 80 102 8 27 32 1452 
38 83 17 35 58 83 1392 
43 75 7 68 69 99 1074 
79 67 24 84 73 99 1213 
68 40 14 22 13 36 716 
63 68 93 9 90 71 784 
65 70 92 19 76 31 952 
86 5 51 73 31 79 253 
