4 6
250
32 71 102 90 197 
63 96 22 44 150 
64 77 15 50 694 
51 63 48 45 932 
13 82 101 17 201 
57 78 85 42 682 
2 26 35 80 42 
91 63 8 68 968 
100 11 5 4 314 
56 22 21 23 683 
16 101 27 13 705 
52 72 86 73 744 
87 14 82 88 147 
40 44 37 47 831 
90 57 82 66 955 
4 79 100 92 769 
37 60 63 86 512 
3 101 24 23 653 
21 79 37 8 1156 
89 32 19 92 1078 
14 87 76 55 831 
61 21 63 35 682 
75 74 96 11 315 
29 52 98 47 129 
40 21 16 93 597 
13 22 76 72 1120 
74 63 10 4 624 
52 85 10 18 1009 
85 40 91 67 985 
49 84 28 82 826 
38 36 74 81 609 
94 73 85 7 694 
41 47 93 44 1019 
14 66 94 60 929 
46 44 82 64 341 
2 32 51 13 21 
31 96 96 4 676 
41 91 30 54 716 
80 2 5 62 529 
40 49 50 84 835 
85 92 70 6 290 
96 56 12 54 607 
64 24 74 5 340 
47 52 91 88 548 
26 38 42 101 1195 
46 41 22 21 1098 
55 85 69 45 231 
41 28 92 81 747 
86 81 79 5 1177 
58 30 2 34 1201 
90 60 63 39 545 
49 52 71 8 979 
57 36 93 64 1179 
82 57 31 86 1086 
21 62 12 28 740 
47 61 40 5 511 
18 41 90 23 25 
97 23 32 100 879 
91 59 86 101 71 
52 90 17 8 203 
3 101 18 45 970 
30 50 38 79 1218 
90 14 68 67 789 
18 48 72 62 17 
60 27 33 15 1216 
64 78 13 22 131 
59 46 33 89 499 
19 25 47 44 906 
49 88 56 101 1028 
79 94 21 36 1092 
6 20 57 7 713 
78 70 5 46 218 
54 39 18 68 522 
45 83 81 26 583 
95 3 30 88 661 
74 73 34 31 273 
72 59 79 33 87 
41 92 28 31 787 
51 22 3 26 276 
13 72 90 58 498 
98 15 97 89 1175 
4 92 71 53 1050 
8 37 76 24 589 
96 62 87 61 47 
56 57 52 62 1204 
75 2 6 66 530 
4 85 78 90 318 
59 65 92 37 61 
51 23 77 45 719 
16 48 81 78 348 
53 87 31 55 1065 
44 65 37 91 282 
4 88 7 10 1021 
24 62 88 98 1117 
33 72 52 56 671 
34 82 10 3 1036 
29 23 30 37 1127 
19 57 25 3 1032 
96 30 3 14 39 
65 18 69 61 445 
56 62 86 87 1185 
83 37 76 100 669 
64 57 35 6 1174 
83 60 72 18 810 
70 38 87 13 1188 
5 70 41 53 1119 
18 15 50 67 374 
69 39 45 41 131 
85 82 27 49 278 
41 97 99 18 271 
8 49 53 95 838 
20 77 74 90 1143 
15 98 25 8 473 
51 9 70 75 356 
46 16 33 7 1020 
90 13 40 91 709 
11 73 25 31 1049 
71 64 57 99 154 
94 67 58 47 1192 
89 59 21 10 903 
35 28 26 89 959 
94 18 48 12 990 
9 39 85 32 1034 
44 75 96 23 847 
89 54 74 63 456 
81 60 88 10 1178 
32 94 32 17 311 
85 49 38 53 1150 
56 18 47 18 64 
57 84 28 63 675 
16 65 100 41 1063 
83 56 65 52 1218 
35 32 40 16 620 
18 8 70 7 23 
97 39 45 29 192 
73 9 58 58 1005 
99 34 27 55 1004 
69 95 93 30 545 
30 86 89 53 743 
26 81 33 67 1095 
51 16 23 61 732 
80 23 73 25 201 
76 100 9 70 33 
3 7 87 34 1025 
24 17 42 62 898 
13 52 93 68 1125 
94 77 93 69 412 
85 13 68 95 55 
48 24 70 14 859 
32 79 21 51 732 
21 96 102 83 825 
36 76 63 88 595 
30 31 7 33 303 
101 9 42 36 237 
92 41 93 29 460 
2 49 30 92 531 
36 33 45 8 897 
99 77 12 101 1224 
11 52 82 47 939 
19 19 39 89 870 
25 39 87 32 857 
82 5 74 46 823 
89 48 73 44 179 
99 89 101 60 335 
26 100 43 36 123 
42 61 49 53 252 
85 12 42 21 254 
99 48 15 38 1144 
97 5 68 34 163 
65 81 40 32 980 
32 20 81 62 582 
27 98 53 22 369 
23 58 24 25 1027 
79 8 54 24 214 
53 76 64 67 401 
22 34 11 23 575 
63 23 19 73 1102 
67 33 82 73 1172 
3 97 95 8 888 
41 83 44 50 445 
59 28 18 15 360 
59 58 16 30 332 
95 89 32 75 840 
102 42 53 36 229 
48 28 83 28 198 
58 82 58 94 1152 
41 92 63 87 1100 
37 7 6 43 407 
12 19 55 46 40 
17 67 23 40 888 
101 32 11 32 1106 
33 47 92 99 898 
79 102 24 35 1077 
5 28 48 85 407 
97 38 12 2 111 
31 75 39 25 18 
93 62 20 22 1165 
11 84 33 96 719 
92 17 9 70 693 
12 97 21 58 9 
91 21 40 7 949 
65 23 10 23 754 
60 10 69 98 1003 
19 84 4 40 973 
23 96 53 26 525 
82 31 44 46 1213 
36 56 82 24 150 
75 24 15 44 393 
90 75 13 35 11 
84 50 13 88 488 
30 95 83 79 975 
97 69 15 64 1192 
36 81 66 23 341 
6 30 47 85 117 
97 71 62 8 1124 
50 85 21 26 747 
34 20 57 6 872 
43 75 5 45 211 
7 11 53 47 1197 
10 11 91 7 1184 
56 5 30 79 554 
61 34 77 87 392 
14 51 92 3 798 
19 26 62 52 1059 
33 27 4 68 54 
88 19 18 10 1022 
41 96 16 29 93 
31 92 81 61 148 
11 100 20 13 66 
59 21 52 82 993 
86 51 41 20 807 
30 3 64 74 728 
44 19 68 4 1140 
20 37 65 96 441 
29 47 3 40 951 
35 9 93 63 584 
69 69 38 29 1214 
92 57 97 63 969 
30 30 8 101 859 
94 34 18 20 1067 
24 58 59 46 661 
41 49 3 43 409 
23 12 3 27 1137 
77 83 41 5 40 
65 41 4 16 94 
101 41 4 70 1046 
3 93 76 76 315 
12 13 95 75 737 
45 56 57 30 713 
21 29 83 9 1170 
