4 6
250
50 56 42 95 699 
76 27 44 65 812 
88 6 5 59 662 
49 54 80 10 809 
55 86 3 48 1180 
57 90 21 63 425 
58 45 8 37 224 
46 28 78 77 587 
79 52 15 23 180 
74 93 64 100 260 
93 21 61 73 269 
66 54 96 98 28 
88 8 83 31 131 
45 101 70 41 119 
24 78 5 62 1091 
6 74 83 34 304 
66 28 23 42 538 
39 86 37 15 663 
94 34 81 75 757 
73 71 86 12 882 
75 24 26 90 1218 
17 19 101 83 225 
95 73 64 74 464 
62 87 43 87 906 
61 66 58 87 212 
92 98 32 100 225 
37 90 73 62 634 
44 4 35 42 354 
22 87 56 97 754 
23 71 10 37 23 
88 30 101 38 165 
11 69 41 73 122 
21 89 3 65 1021 
7 3 5 22 1171 
60 54 3 58 662 
76 12 63 25 1178 
22 90 96 99 399 
9 91 36 48 520 
78 65 64 32 123 
35 87 92 13 693 
22 69 90 42 539 
36 29 45 84 489 
101 7 18 77 1095 
32 95 6 33 934 
18 68 59 80 247 
97 92 72 48 259 
91 22 52 69 932 
56 3 57 55 1211 
82 48 54 8 529 
72 49 89 43 974 
42 83 62 37 494 
56 12 12 21 606 
45 59 98 63 622 
82 58 51 101 438 
32 40 53 34 1176 
72 16 52 36 612 
49 5 31 69 987 
10 62 17 28 274 
46 92 37 5 681 
26 52 93 58 777 
17 100 91 7 608 
5 32 30 41 858 
42 62 78 72 30 
42 29 32 83 520 
22 43 25 78 1124 
42 4 50 78 887 
23 25 97 73 434 
51 16 26 19 954 
81 34 78 58 1009 
86 16 68 3 189 
99 22 13 15 534 
76 77 14 15 123 
2 84 54 68 606 
19 67 7 36 653 
28 5 14 5 779 
90 67 69 96 97 
27 38 49 63 929 
2 14 83 30 753 
76 4 13 9 951 
99 82 12 9 803 
21 12 34 50 1091 
96 10 10 52 679 
11 10 21 8 1034 
66 37 93 93 601 
7 86 79 75 969 
26 94 7 27 816 
10 57 62 30 1088 
18 7 101 74 1007 
95 6 33 74 641 
68 85 7 25 170 
64 91 21 60 746 
37 34 61 71 793 
4 5 85 85 580 
56 50 92 19 841 
61 38 21 10 691 
2 55 7 22 163 
43 89 84 13 59 
21 38 4 69 662 
86 48 32 9 988 
92 23 50 27 1202 
20 95 90 56 670 
28 72 13 3 743 
84 29 41 57 288 
17 23 74 81 347 
20 48 25 65 1041 
15 8 14 30 815 
81 6 82 24 1167 
50 100 30 59 964 
51 28 3 9 879 
59 9 77 86 808 
71 52 72 99 982 
74 72 28 71 507 
22 60 85 37 1000 
80 49 18 62 919 
18 95 17 102 967 
94 47 18 93 349 
8 32 31 64 1193 
31 37 86 44 284 
80 75 61 17 714 
94 45 68 27 1148 
12 93 17 11 609 
78 36 72 20 1075 
29 56 37 43 432 
92 31 23 39 642 
45 65 76 39 1184 
46 36 102 44 1070 
52 81 93 99 227 
17 17 22 14 262 
97 67 68 56 1171 
26 40 20 82 835 
64 23 31 75 617 
49 19 80 14 76 
44 36 30 32 466 
51 65 40 24 246 
77 11 11 18 703 
81 98 22 43 889 
8 19 22 75 306 
31 52 20 49 872 
100 39 10 8 973 
63 38 38 18 577 
63 2 97 62 1144 
55 14 14 17 876 
53 99 39 41 7 
27 16 57 7 116 
101 48 93 53 265 
40 3 5 39 1186 
45 62 6 96 147 
7 23 62 82 875 
19 40 4 77 250 
4 2 71 8 664 
48 83 33 9 595 
17 12 46 40 684 
55 11 78 21 356 
93 95 45 29 1163 
6 56 77 36 1134 
63 45 17 33 245 
39 34 100 84 622 
63 32 99 48 1182 
98 79 23 26 233 
10 64 86 48 366 
11 60 44 13 615 
94 8 99 16 1074 
74 96 15 21 228 
23 13 95 70 831 
63 98 99 33 1216 
29 35 53 17 1038 
101 61 71 3 141 
82 92 89 34 725 
57 35 84 60 300 
3 66 5 8 1203 
99 71 18 81 844 
14 63 13 13 285 
61 58 84 32 1087 
15 27 14 9 476 
32 26 63 11 162 
30 16 41 8 1199 
65 32 47 19 1076 
32 45 92 34 1215 
21 82 78 11 8 
101 53 55 71 141 
78 54 98 69 834 
75 10 9 68 500 
100 24 6 15 737 
31 13 67 44 716 
72 37 82 10 245 
53 50 54 10 174 
79 63 72 97 270 
13 36 80 51 183 
25 38 27 93 19 
99 77 65 51 881 
90 88 13 13 510 
43 74 90 49 216 
27 58 101 53 776 
38 54 11 93 600 
96 34 19 29 438 
36 12 90 8 279 
77 87 5 38 315 
94 52 61 55 993 
41 49 33 33 1098 
69 39 75 30 796 
47 68 73 2 953 
58 71 86 77 94 
32 86 83 26 518 
42 55 65 28 876 
88 95 58 12 119 
50 3 88 39 842 
99 39 62 44 950 
11 16 5 60 853 
25 68 86 48 621 
58 67 9 91 610 
16 76 49 59 966 
54 12 63 92 371 
57 85 49 8 125 
95 25 42 49 406 
28 52 7 58 595 
22 12 12 62 660 
84 96 99 89 671 
26 92 6 65 317 
101 55 14 30 185 
42 21 79 38 703 
35 28 62 58 292 
66 71 93 10 723 
44 2 3 39 588 
62 88 62 54 1056 
6 21 79 23 420 
75 40 78 43 108 
3 34 76 4 261 
59 36 43 66 1114 
57 100 98 6 1023 
101 54 78 82 671 
55 62 27 52 660 
15 50 41 24 621 
28 95 52 101 714 
12 28 101 17 1117 
28 47 98 63 386 
7 26 75 39 438 
23 64 98 88 676 
43 9 26 50 101 
10 97 21 15 799 
64 50 98 47 903 
74 55 62 91 356 
10 66 67 20 599 
91 77 4 88 359 
65 98 66 46 212 
5 4 53 9 1017 
32 28 85 98 848 
59 30 30 66 776 
71 4 9 59 578 
79 44 8 102 232 
35 96 36 86 23 
