4 8
250
39 70 77 13 963 
56 47 67 66 1000 
46 39 22 28 1074 
7 20 58 93 1224 
71 91 92 96 1100 
41 25 95 100 947 
31 61 28 21 1583 
94 94 85 37 1397 
89 28 50 60 961 
73 34 55 32 1345 
17 44 4 62 1628 
49 80 84 46 328 
33 55 69 8 530 
87 13 3 31 1212 
15 37 23 7 1435 
46 43 34 37 1566 
9 72 64 17 697 
88 59 68 21 809 
16 12 41 17 895 
36 60 44 28 1205 
62 33 26 58 1132 
82 24 99 74 917 
8 48 48 50 209 
63 92 54 65 751 
30 47 84 82 988 
5 98 8 52 874 
87 101 8 63 584 
78 48 8 48 1016 
67 61 96 65 710 
70 66 94 4 1539 
46 8 81 82 744 
17 51 46 97 1085 
87 18 49 21 1154 
9 42 87 14 593 
16 86 8 3 1326 
71 53 21 38 1515 
41 6 5 58 154 
81 23 28 18 336 
29 4 13 82 1266 
51 14 77 94 601 
30 81 81 68 1309 
62 102 80 100 1249 
66 33 10 5 447 
82 15 93 11 1489 
88 16 71 94 151 
14 75 29 25 533 
59 78 28 102 1063 
62 27 39 78 798 
82 45 30 41 923 
98 96 10 54 1585 
38 23 68 3 828 
16 11 90 59 1118 
90 75 56 68 321 
90 6 10 40 1092 
58 78 18 63 190 
45 88 32 37 208 
19 66 76 28 1584 
38 12 27 51 832 
53 39 82 9 998 
9 91 64 22 1122 
94 88 73 87 677 
61 7 7 92 125 
31 81 55 46 836 
25 101 30 71 1363 
79 81 62 89 258 
21 99 10 101 83 
56 25 12 68 337 
33 96 91 87 616 
33 7 38 43 366 
74 86 37 58 618 
10 63 95 38 1490 
15 29 86 72 371 
65 99 8 87 868 
7 71 88 26 327 
32 12 45 33 860 
74 45 20 66 718 
37 63 54 64 1587 
96 32 76 77 124 
7 12 21 64 1222 
36 101 53 90 282 
5 100 13 38 135 
100 20 64 86 314 
72 10 22 28 1437 
4 47 46 89 973 
77 97 13 18 251 
22 92 83 58 307 
75 94 32 49 674 
39 52 18 55 1620 
78 70 93 58 617 
98 92 96 76 1196 
91 57 66 31 692 
10 88 97 23 1437 
9 39 8 67 760 
80 80 75 87 837 
54 31 93 90 1371 
9 6 57 81 311 
32 99 8 85 483 
19 30 3 7 547 
52 57 97 67 1499 
40 64 28 11 982 
20 19 11 25 353 
63 67 78 47 582 
5 33 18 4 941 
13 33 25 37 477 
51 79 70 53 14 
99 35 27 98 749 
46 81 48 21 19 
16 90 85 64 1125 
55 55 59 71 493 
22 41 95 10 1326 
9 42 92 82 181 
43 51 60 24 407 
29 41 81 101 1489 
27 87 100 3 719 
25 50 63 68 1248 
98 22 101 23 1325 
60 42 20 17 635 
7 90 68 10 982 
67 32 63 39 679 
15 75 60 80 93 
37 43 95 66 956 
61 80 26 6 239 
23 52 39 43 1093 
89 24 66 62 1412 
38 21 92 43 1295 
95 89 26 27 1028 
25 64 23 17 760 
19 49 56 58 1301 
28 67 64 95 645 
17 95 22 72 883 
94 11 100 93 1136 
18 53 54 86 1072 
74 56 101 43 1491 
60 31 24 97 822 
42 70 10 82 985 
73 59 99 3 1056 
102 69 57 73 1163 
16 66 31 48 506 
67 97 71 93 125 
74 68 23 4 1325 
87 73 27 21 226 
26 3 20 33 1603 
60 56 53 22 1072 
7 101 30 72 1255 
96 102 78 66 1387 
47 101 19 75 1436 
8 38 97 22 1293 
31 44 37 59 776 
16 49 100 50 1184 
13 46 51 27 43 
75 40 53 27 1425 
88 98 64 36 1120 
27 86 47 45 1513 
24 61 33 43 604 
65 66 73 24 1029 
49 3 30 93 1206 
3 51 94 72 246 
70 87 72 35 1524 
35 82 3 91 367 
32 4 57 57 823 
54 16 11 90 644 
11 69 31 64 660 
86 69 72 63 1109 
78 94 77 30 409 
39 91 100 49 64 
85 65 84 102 536 
47 48 75 43 358 
89 42 6 33 97 
3 58 11 94 147 
68 12 42 23 760 
41 30 29 32 216 
65 18 64 86 926 
48 87 31 31 1560 
40 96 32 41 1319 
38 90 46 24 398 
83 82 8 40 619 
75 25 63 55 1534 
19 21 46 30 954 
73 81 21 76 976 
18 28 82 99 1153 
74 82 3 42 182 
53 86 7 8 518 
85 12 25 49 1370 
25 25 78 37 1277 
21 52 4 82 155 
59 71 72 65 141 
57 2 11 70 1075 
94 23 24 44 703 
36 17 40 98 1223 
64 58 75 92 600 
94 52 47 21 841 
24 81 23 33 887 
84 16 44 99 1251 
85 3 58 83 1494 
4 4 36 94 730 
7 14 8 7 782 
3 98 81 28 267 
7 58 92 18 721 
16 2 93 90 990 
21 75 43 21 1498 
62 102 94 101 574 
92 18 54 76 766 
11 75 18 85 867 
89 37 18 83 1174 
29 13 41 39 1269 
3 13 48 33 414 
34 73 89 16 1427 
3 6 83 93 422 
90 5 19 71 569 
43 87 10 37 1208 
87 59 62 50 1054 
52 63 57 23 553 
82 72 23 51 246 
40 88 4 97 846 
85 56 27 57 1365 
26 96 72 4 596 
19 4 13 59 665 
77 13 41 51 615 
43 51 62 59 755 
20 84 70 56 1581 
57 84 15 85 1491 
32 33 7 66 665 
58 93 55 87 281 
79 61 66 10 647 
29 49 55 60 184 
36 96 70 11 1075 
43 28 18 7 1327 
36 91 30 68 168 
46 8 77 10 1339 
52 97 77 42 1128 
60 21 62 17 1149 
10 31 58 74 938 
38 65 98 100 1619 
31 77 50 5 1353 
90 33 99 100 1559 
22 74 47 78 1000 
40 21 30 42 123 
25 68 3 37 1194 
7 36 58 11 1209 
83 12 79 11 861 
77 49 74 59 1327 
29 24 64 21 817 
38 87 82 13 310 
19 37 59 93 1251 
65 76 16 32 1272 
56 77 91 26 241 
12 97 38 25 1411 
93 49 73 60 1313 
3 6 83 87 604 
22 56 47 92 934 
