4 4
250
57 84 51 91 767 
29 8 22 72 737 
66 80 25 12 786 
46 86 68 23 628 
41 43 52 87 736 
17 77 87 42 763 
8 20 75 102 63 
13 53 12 91 106 
13 74 29 25 92 
8 5 85 90 683 
7 89 62 33 756 
16 33 65 101 644 
55 23 81 79 686 
48 7 25 4 697 
95 76 79 10 536 
69 16 29 76 684 
14 93 99 59 723 
21 59 44 9 761 
82 89 13 12 491 
92 94 52 41 528 
4 82 83 5 736 
33 12 54 68 208 
102 6 91 17 547 
63 26 25 90 533 
91 65 18 11 49 
8 66 69 50 616 
77 67 90 12 670 
34 12 96 68 473 
11 7 78 84 761 
78 100 97 45 807 
68 72 63 76 617 
40 65 74 99 687 
69 45 6 92 411 
37 18 81 35 285 
53 32 58 32 462 
86 89 37 18 248 
10 70 26 51 80 
7 5 16 36 358 
71 41 99 84 742 
68 3 87 34 474 
62 21 64 10 393 
38 15 33 19 748 
53 31 58 69 624 
101 20 57 83 366 
34 4 47 91 540 
14 35 76 42 739 
85 4 5 60 576 
90 8 18 3 602 
94 75 99 44 758 
42 85 33 8 753 
49 47 7 89 214 
60 76 75 44 292 
5 41 93 29 72 
51 28 100 98 718 
95 4 56 9 429 
61 7 5 98 214 
32 4 70 49 353 
40 99 18 34 103 
16 35 76 67 574 
55 83 72 36 361 
16 87 37 20 814 
47 93 100 36 545 
56 73 78 18 51 
4 73 46 86 580 
54 11 68 86 602 
61 30 91 39 812 
80 36 71 54 98 
47 69 52 49 800 
49 101 84 67 481 
45 59 60 61 561 
84 40 89 65 754 
7 21 53 46 331 
19 4 63 37 725 
21 5 26 6 500 
36 23 98 88 201 
54 29 3 27 253 
4 73 32 70 146 
42 50 8 62 59 
28 18 8 9 665 
47 40 49 78 323 
42 35 56 100 281 
63 43 3 40 330 
79 20 28 15 311 
48 74 95 19 397 
74 98 66 99 290 
20 17 91 6 653 
16 82 26 87 739 
72 19 34 36 466 
101 49 70 22 243 
10 92 95 71 291 
74 47 32 30 552 
46 71 58 65 134 
47 54 99 60 217 
99 96 43 25 559 
31 43 61 62 402 
27 31 46 70 228 
30 25 22 71 65 
71 52 98 20 382 
2 63 71 19 96 
50 52 11 95 264 
15 52 72 3 58 
34 88 72 81 346 
17 27 91 37 721 
25 33 30 53 473 
50 100 25 78 556 
70 74 44 50 14 
78 21 53 38 121 
80 55 22 64 621 
85 82 19 78 259 
77 74 36 31 725 
18 23 61 37 690 
17 29 96 35 320 
62 46 24 79 545 
98 76 55 22 83 
72 14 69 77 612 
70 83 49 47 756 
97 40 15 62 695 
56 63 17 53 812 
54 61 89 25 132 
41 60 42 11 293 
3 21 16 21 155 
7 57 86 62 137 
36 82 51 42 358 
24 33 64 94 102 
37 61 4 23 477 
13 26 46 61 293 
12 43 40 11 746 
78 26 96 43 655 
102 79 57 36 534 
74 12 49 81 763 
10 98 50 99 7 
44 19 95 63 65 
82 13 27 27 53 
95 43 43 51 552 
101 39 23 14 106 
60 6 70 58 705 
3 79 67 67 225 
17 95 44 10 401 
61 33 35 35 815 
91 54 32 30 587 
33 71 100 13 774 
73 76 38 86 348 
40 52 39 76 54 
5 48 62 99 748 
3 101 34 102 72 
70 6 90 14 199 
9 76 41 86 453 
34 81 56 72 458 
42 59 60 68 89 
11 96 61 29 789 
45 94 35 39 581 
34 39 101 5 224 
69 88 26 61 294 
66 12 56 21 606 
26 94 92 43 420 
46 43 69 91 809 
76 48 63 17 666 
17 43 5 14 195 
97 82 53 45 725 
56 35 101 32 380 
101 42 42 55 592 
52 4 94 87 224 
93 72 12 6 436 
24 27 11 80 172 
25 9 43 97 643 
46 44 49 54 794 
13 44 39 44 815 
36 8 11 45 256 
15 52 20 87 271 
27 72 49 92 548 
31 26 23 11 192 
94 101 46 76 231 
11 57 41 90 135 
50 35 69 6 159 
18 18 68 49 67 
75 92 58 64 437 
76 96 59 87 557 
89 24 30 21 64 
37 64 37 17 184 
59 13 32 71 692 
94 5 45 73 421 
15 61 76 3 408 
5 45 84 23 441 
16 101 56 22 242 
29 7 50 98 685 
56 84 53 26 413 
65 62 89 79 501 
73 53 88 36 454 
30 50 29 71 43 
95 82 16 63 68 
61 59 12 41 474 
89 57 49 89 796 
33 10 52 52 711 
45 57 7 61 674 
65 15 22 66 12 
81 80 81 93 745 
76 70 92 18 749 
8 52 50 21 607 
19 6 101 38 202 
23 100 79 84 510 
39 77 57 80 368 
48 39 48 40 644 
11 77 58 97 190 
65 20 35 61 662 
95 10 87 87 536 
61 15 85 42 658 
83 3 99 31 441 
102 15 14 73 373 
71 7 12 42 535 
43 50 6 15 500 
5 66 20 3 571 
32 91 72 15 701 
35 56 8 60 797 
9 81 29 44 193 
52 8 64 15 102 
90 100 47 21 199 
13 11 72 80 632 
19 85 98 61 198 
12 45 101 87 104 
17 101 54 45 475 
65 23 65 92 90 
99 4 7 91 668 
34 46 52 90 610 
26 86 29 82 660 
26 85 70 19 111 
9 9 79 3 793 
91 47 4 63 501 
92 49 82 70 653 
17 80 9 79 752 
68 95 13 13 723 
33 73 74 64 278 
82 54 47 78 30 
93 28 6 94 756 
89 44 91 29 689 
79 5 62 2 541 
48 78 93 27 390 
17 98 68 14 536 
20 75 42 29 664 
40 3 6 66 726 
91 76 17 86 47 
25 6 86 28 93 
30 14 74 98 721 
6 63 22 31 725 
97 61 94 28 612 
15 4 64 48 379 
78 101 97 13 629 
74 62 9 22 200 
13 14 42 3 306 
8 3 46 41 629 
79 84 77 77 766 
