8 8
250
34 66 7 82 16 64 94 48 1139 
101 15 9 31 68 36 83 74 483 
95 33 73 90 56 37 54 46 662 
72 37 24 94 63 76 44 19 1523 
33 93 22 21 26 63 63 58 44 
52 37 100 28 2 78 25 67 725 
16 46 12 72 30 72 24 25 179 
49 9 54 35 89 51 42 51 1325 
12 76 9 12 29 100 34 4 142 
44 45 37 48 71 99 32 30 1205 
85 63 65 52 100 3 52 16 789 
53 19 50 52 88 53 97 15 1481 
39 6 19 14 40 28 63 82 1294 
78 3 41 57 5 60 77 59 1436 
20 62 78 8 62 15 52 83 1380 
62 94 60 86 53 57 8 95 404 
59 74 25 38 90 20 24 76 203 
12 98 17 92 77 31 65 79 873 
16 33 46 5 63 59 44 3 1428 
24 94 52 86 51 12 36 20 1390 
67 84 74 61 86 88 3 42 1397 
72 72 19 31 22 77 4 94 1004 
83 56 12 67 97 89 32 102 1339 
64 28 48 7 58 60 46 100 1541 
84 58 49 60 5 23 74 74 505 
72 95 74 78 84 60 51 54 1043 
77 2 90 87 30 86 6 41 238 
41 67 16 61 87 25 82 22 586 
17 26 53 92 96 25 58 62 114 
12 88 46 91 58 6 96 71 1597 
9 99 29 64 56 66 8 34 104 
19 13 10 51 98 64 24 36 473 
15 87 8 67 30 70 80 96 861 
72 53 11 12 68 18 27 75 379 
10 54 72 90 85 63 19 41 801 
101 63 93 84 69 24 77 83 1367 
93 44 71 61 87 62 13 38 1334 
99 9 47 94 27 25 41 16 1331 
61 27 4 47 50 91 21 81 536 
64 90 86 89 37 87 34 35 505 
57 51 70 12 79 49 81 22 522 
6 9 38 70 45 55 43 18 916 
84 48 96 81 42 8 29 51 778 
100 12 75 63 62 93 94 86 1051 
16 51 50 57 68 30 59 18 1174 
98 96 47 33 49 20 31 53 1422 
39 77 11 64 85 30 101 84 169 
61 45 49 47 78 61 91 29 1095 
10 28 82 68 24 26 36 33 891 
5 69 65 56 34 11 6 57 152 
57 54 68 22 58 86 20 100 1180 
27 53 20 88 44 22 53 23 400 
9 73 55 87 30 54 75 99 250 
49 7 13 41 43 23 52 36 1216 
3 89 73 98 50 26 54 12 1295 
39 18 26 45 5 13 86 99 1378 
58 72 27 16 49 61 71 73 1524 
63 88 13 99 38 10 47 53 545 
56 13 25 31 35 20 75 39 1315 
93 6 4 102 56 45 39 95 1050 
52 88 42 14 29 79 33 93 386 
71 42 82 18 99 54 80 32 1409 
64 30 38 9 44 12 80 80 1082 
94 63 34 70 62 45 46 98 1048 
95 44 86 48 100 44 97 6 1582 
3 77 9 51 24 26 59 77 1074 
30 45 47 32 35 51 13 41 488 
94 3 82 39 74 4 90 87 1443 
4 18 32 96 14 40 15 80 49 
61 44 41 10 13 87 79 18 855 
21 64 11 37 37 61 15 5 52 
19 66 5 7 63 39 37 57 964 
38 36 33 9 19 58 48 54 1583 
93 86 92 97 62 58 51 71 371 
82 70 84 73 83 11 37 98 229 
102 56 83 4 74 58 28 43 1334 
23 14 47 55 91 85 64 24 304 
15 24 6 50 58 94 16 58 1422 
79 67 55 24 74 23 44 49 1593 
18 91 14 37 72 20 76 31 919 
79 29 81 101 11 61 93 24 1217 
12 54 100 91 90 19 71 50 1239 
30 101 42 26 13 44 87 48 547 
9 80 54 88 76 29 38 39 474 
10 81 58 96 33 52 49 34 1547 
101 29 3 97 68 23 44 48 485 
18 55 18 39 15 65 28 86 720 
24 26 80 73 55 53 90 63 1137 
22 36 70 92 80 81 49 88 310 
35 14 14 33 45 30 100 22 1362 
15 74 67 95 71 49 8 26 138 
19 30 76 51 9 7 54 25 189 
64 28 78 39 91 29 46 95 1176 
34 94 82 52 75 35 70 76 1449 
6 28 67 22 86 56 73 33 942 
47 85 7 9 81 22 19 38 1527 
10 79 84 40 51 78 77 77 532 
30 69 57 43 84 35 18 49 1578 
48 44 45 24 68 61 72 102 155 
69 27 14 62 35 40 41 62 1597 
8 68 79 92 47 11 23 45 1041 
5 5 4 74 93 34 26 73 1534 
53 87 13 26 70 51 69 10 816 
22 70 36 19 4 24 37 12 1321 
22 59 99 36 3 25 97 69 1577 
10 97 36 82 38 65 46 91 1220 
89 85 100 30 25 39 61 3 1223 
32 88 3 82 39 83 53 6 232 
99 19 86 89 31 3 55 61 208 
18 42 34 73 75 16 49 50 448 
85 94 36 61 77 3 50 67 1325 
98 29 60 55 31 34 50 48 1167 
93 102 56 99 77 66 27 45 991 
45 61 15 89 35 92 55 70 203 
83 40 44 86 41 66 22 59 515 
57 65 13 102 24 29 44 58 781 
75 88 19 71 37 34 42 7 93 
71 11 96 70 2 63 22 70 135 
31 9 63 92 79 20 35 72 1314 
52 46 39 88 47 79 44 82 1348 
97 13 5 13 46 36 60 53 793 
39 88 65 52 82 57 21 15 804 
89 85 11 101 39 67 53 92 1001 
71 85 66 19 29 22 80 26 926 
7 20 65 28 34 27 71 97 1366 
20 102 66 84 69 34 30 57 1572 
76 98 76 40 62 56 75 91 1117 
87 22 62 44 74 58 100 16 1549 
88 63 54 86 32 44 83 35 1475 
100 89 18 34 91 74 26 7 470 
84 68 60 12 55 44 59 86 1223 
26 77 30 10 86 55 39 44 1531 
47 92 67 35 59 29 65 77 46 
54 55 33 90 20 69 29 17 778 
38 78 9 12 29 48 69 59 944 
65 91 5 65 97 49 80 81 244 
65 52 11 34 49 80 42 7 513 
46 38 59 62 83 71 7 2 1079 
88 37 65 21 68 102 71 3 1406 
2 91 60 86 12 41 54 65 1073 
40 7 31 31 72 24 17 25 345 
3 4 10 36 60 97 83 94 726 
54 46 86 11 65 48 94 41 262 
75 62 29 20 10 20 5 69 1564 
39 59 67 43 6 45 81 70 1605 
80 68 33 65 5 20 97 3 318 
84 31 44 85 39 33 8 43 1025 
96 85 96 92 33 93 101 46 563 
82 13 42 43 32 97 50 16 1190 
87 12 59 11 25 9 101 23 616 
56 56 22 36 37 65 82 86 1389 
6 90 38 41 66 60 86 17 1465 
82 43 101 48 37 26 60 23 509 
7 88 62 89 93 12 56 47 1476 
17 47 78 78 62 48 12 46 416 
39 48 48 101 27 10 20 21 1307 
41 10 21 98 78 16 34 77 1609 
27 20 99 28 88 22 70 71 1139 
16 5 83 55 38 94 100 23 1222 
87 8 63 54 71 75 32 17 599 
74 21 71 64 46 87 49 87 425 
31 13 62 28 33 58 40 6 255 
101 88 73 29 100 58 41 49 1125 
40 75 51 26 99 73 85 98 821 
3 54 61 97 7 54 68 72 159 
17 62 77 7 16 67 59 32 467 
67 46 23 16 24 100 19 12 189 
79 6 16 91 44 37 8 40 843 
59 6 83 22 64 30 48 27 1424 
96 35 61 86 69 68 44 20 848 
31 89 32 63 81 98 42 90 1067 
97 27 19 42 101 78 16 2 425 
50 48 85 95 70 100 12 24 1248 
54 96 39 50 49 26 85 79 830 
24 97 28 87 81 75 65 53 1622 
72 57 36 85 72 69 43 97 1182 
71 38 21 34 53 58 21 90 1545 
30 49 80 95 58 24 27 94 83 
2 64 68 11 33 19 100 42 1110 
44 71 26 73 9 54 54 16 664 
34 91 47 72 68 93 81 37 59 
23 80 100 15 60 80 64 42 532 
8 62 8 4 36 13 90 79 322 
73 59 42 28 42 44 83 96 42 
62 33 98 77 32 98 16 79 1023 
72 31 13 48 11 69 22 48 881 
37 32 57 36 84 91 73 10 1266 
66 97 39 58 33 66 78 3 158 
38 33 32 12 90 59 50 20 782 
11 27 50 75 9 96 90 48 1044 
49 28 51 9 6 25 20 52 1351 
28 16 100 49 72 10 60 85 248 
26 27 43 101 88 65 43 65 1348 
32 93 90 45 69 87 2 31 1230 
62 31 29 9 93 40 76 24 72 
52 64 57 42 17 26 81 66 340 
25 50 42 88 68 43 42 91 961 
97 85 49 15 49 43 34 99 886 
90 20 36 5 27 66 61 93 14 
29 91 78 66 65 5 66 80 1308 
38 77 65 88 69 4 82 81 646 
60 38 17 16 10 20 71 93 761 
89 22 26 78 29 77 42 15 1624 
85 33 22 45 51 71 63 99 372 
93 4 53 34 25 48 26 3 901 
87 16 83 60 97 74 59 80 948 
58 62 49 90 48 56 5 99 782 
22 17 89 48 54 13 97 80 1460 
98 57 98 80 53 28 22 57 1618 
20 26 38 50 88 73 13 7 606 
77 6 58 99 31 28 100 6 1412 
70 41 63 72 65 19 84 63 375 
64 80 10 24 70 93 57 87 1182 
13 74 30 18 37 49 76 22 1213 
35 101 28 72 83 49 41 54 262 
40 50 63 22 67 27 51 51 447 
31 56 37 68 44 46 56 88 526 
60 54 6 16 98 45 45 51 1011 
99 94 99 63 84 19 77 19 599 
13 94 9 5 69 88 22 47 1084 
41 70 59 84 18 96 17 83 1624 
14 26 54 20 79 18 65 54 939 
32 69 73 21 93 27 9 45 1542 
27 57 87 20 96 53 79 6 1335 
7 17 78 5 49 3 19 64 1517 
87 95 17 93 42 18 31 92 1277 
97 22 79 35 76 75 102 92 425 
17 97 32 3 43 76 36 61 597 
84 29 23 72 4 31 34 25 820 
82 36 18 71 91 6 74 84 1360 
7 74 43 5 5 59 77 4 1107 
65 85 53 43 59 83 81 49 1032 
60 27 20 50 3 54 25 22 916 
12 47 8 28 31 62 92 31 1419 
98 81 25 66 97 101 63 71 648 
101 41 79 37 92 44 43 17 929 
67 59 73 91 82 85 3 67 935 
64 39 56 94 53 30 96 85 1119 
42 96 32 21 89 34 14 26 1330 
81 78 57 65 87 16 5 27 1171 
18 9 100 42 65 32 44 100 530 
88 9 90 50 43 9 76 3 342 
29 48 72 41 79 58 4 23 1455 
4 101 53 42 91 27 59 80 1252 
72 2 33 101 79 91 101 28 274 
96 33 37 50 92 87 95 78 1304 
4 78 31 44 40 44 43 42 1628 
83 48 20 64 94 65 32 5 15 
92 30 70 83 42 53 42 10 1471 
56 56 11 69 48 15 48 57 28 
