8 2
250
94 87 99 54 17 19 84 59 304 
10 68 64 19 45 59 8 10 175 
35 50 5 55 95 97 6 101 145 
8 2 75 19 40 27 67 36 34 
70 93 102 30 81 95 78 45 168 
75 48 69 69 12 21 100 55 53 
95 42 94 4 50 18 84 77 230 
3 93 30 38 55 11 51 40 71 
45 7 71 11 79 52 56 33 216 
70 41 93 56 21 87 15 73 383 
18 69 45 85 48 6 39 76 213 
15 38 95 60 21 74 4 57 196 
46 86 65 44 49 19 66 16 151 
67 49 75 45 26 84 17 35 292 
76 62 62 67 74 4 100 43 386 
61 12 22 21 54 65 39 71 355 
33 75 21 27 22 34 69 74 113 
81 72 15 14 45 88 2 30 389 
90 81 14 63 47 8 25 6 15 
19 49 96 11 8 56 96 86 245 
54 51 42 30 100 3 77 21 293 
84 49 69 37 21 27 70 51 369 
77 72 31 15 5 17 31 53 104 
35 72 66 60 19 61 28 50 324 
57 62 83 13 88 28 36 43 233 
38 84 30 72 43 59 66 21 60 
33 41 48 27 101 49 78 44 199 
10 25 32 11 11 73 47 15 362 
11 66 87 5 81 63 60 95 282 
99 65 31 9 96 100 46 97 40 
35 32 64 36 37 45 79 29 74 
29 29 75 59 26 30 70 56 224 
32 31 62 87 69 8 80 80 323 
22 3 31 34 67 16 63 14 340 
29 77 31 43 27 54 46 33 271 
98 42 41 2 41 42 46 17 270 
52 50 65 58 58 59 66 60 105 
91 97 64 61 98 14 47 43 324 
27 91 5 9 43 38 41 84 159 
42 21 64 91 90 52 50 14 261 
22 72 21 74 79 70 29 57 148 
6 39 46 28 57 99 63 20 109 
65 44 9 29 19 76 20 26 156 
65 101 10 14 12 86 51 27 290 
62 55 14 38 82 88 102 37 186 
97 16 66 67 31 71 26 88 284 
58 95 55 47 56 55 32 66 229 
30 94 29 61 80 33 28 2 266 
16 29 64 24 29 84 31 25 42 
76 100 73 40 91 27 17 94 129 
20 17 101 61 8 19 32 73 180 
21 37 38 35 41 30 6 11 242 
10 37 68 74 18 33 45 58 270 
87 92 5 4 47 88 101 11 347 
68 57 22 47 94 58 40 12 359 
76 43 61 44 36 82 67 9 236 
67 48 101 71 19 53 52 47 332 
43 19 93 53 36 32 45 41 222 
41 65 45 12 36 8 45 71 63 
9 45 58 25 39 40 30 36 256 
87 99 40 72 97 49 77 99 382 
99 25 9 30 101 97 27 29 182 
17 57 14 96 28 50 37 45 9 
27 20 82 55 25 102 70 60 170 
18 71 70 97 38 39 14 47 189 
10 81 46 63 100 12 95 15 324 
52 94 73 93 36 53 48 52 321 
16 46 2 9 62 43 56 12 237 
78 22 21 77 84 83 4 29 262 
60 66 23 72 62 12 22 19 271 
72 27 36 19 51 88 61 100 9 
48 3 21 5 9 90 54 19 379 
62 77 12 92 91 9 89 90 351 
60 46 85 92 89 45 77 85 345 
26 62 73 35 19 85 81 58 106 
47 57 59 35 20 45 19 62 172 
58 82 38 29 31 63 2 3 223 
20 58 17 77 30 26 5 31 234 
24 29 61 29 13 36 84 44 136 
31 27 28 42 75 28 3 21 15 
51 99 32 11 35 18 31 63 407 
13 72 29 35 31 91 88 97 137 
85 31 71 4 47 89 30 73 310 
30 80 85 90 76 11 22 57 132 
29 15 96 45 100 53 36 73 294 
8 98 97 39 56 80 95 20 366 
36 49 54 45 83 64 42 2 337 
19 24 98 20 15 77 59 62 336 
41 42 33 20 70 76 18 24 306 
82 94 26 7 97 58 22 88 34 
83 86 34 34 5 100 70 19 200 
78 90 86 23 82 96 98 56 319 
60 18 81 80 30 61 89 62 37 
60 14 29 42 100 29 69 79 311 
53 10 39 36 52 53 27 41 142 
93 62 14 32 11 43 80 63 286 
31 5 58 75 47 45 91 12 24 
23 39 91 59 55 5 20 47 189 
43 27 68 30 54 90 26 98 408 
99 30 4 88 63 39 59 40 301 
22 80 65 96 47 43 48 6 14 
47 36 8 11 14 67 97 39 150 
6 4 53 70 51 51 45 94 332 
5 37 77 54 3 18 31 100 275 
85 50 82 27 84 50 87 81 254 
96 90 19 40 93 26 3 54 149 
25 54 31 16 52 54 61 44 280 
30 95 36 93 82 15 99 14 365 
58 81 22 4 84 71 89 52 22 
67 68 47 53 53 50 81 8 189 
40 71 100 30 68 42 82 60 353 
30 5 10 5 42 81 37 46 299 
19 23 72 62 30 2 49 96 314 
26 79 43 87 13 75 69 61 178 
94 30 15 82 24 27 85 60 193 
99 63 27 68 18 9 77 65 350 
78 81 43 99 83 73 65 58 330 
47 45 93 37 38 83 37 45 67 
62 39 100 47 78 72 55 52 137 
54 60 63 37 12 51 90 93 328 
4 97 50 44 19 68 46 40 63 
58 64 27 46 33 75 93 17 108 
89 33 4 73 46 32 40 13 401 
22 12 35 45 49 47 3 35 198 
70 21 22 34 3 40 57 99 360 
10 10 29 90 46 97 24 2 245 
80 33 52 20 5 8 70 26 115 
84 15 17 82 45 100 27 25 393 
8 57 32 66 18 49 44 32 15 
73 34 68 40 23 49 87 25 9 
100 52 17 16 66 79 12 75 346 
75 30 67 31 65 23 101 18 186 
32 16 17 5 78 75 4 99 373 
63 46 94 70 97 22 98 29 295 
83 94 93 55 55 46 64 71 13 
40 44 72 47 41 7 3 57 38 
89 96 76 44 14 70 88 51 117 
94 7 35 48 35 38 51 20 98 
57 79 63 73 43 9 72 66 223 
24 18 8 90 69 42 13 11 135 
100 41 83 25 69 6 17 72 262 
72 94 11 36 98 23 83 49 319 
50 18 55 69 74 49 15 66 136 
24 7 40 95 37 26 5 53 324 
45 34 12 59 58 74 45 2 294 
48 90 22 87 9 22 64 65 381 
82 33 68 35 12 5 73 95 266 
28 79 60 86 33 47 43 40 64 
70 93 62 84 25 74 77 69 312 
15 39 100 20 33 74 33 25 82 
15 12 24 9 87 65 9 19 94 
16 64 58 77 46 71 7 96 292 
36 100 10 96 60 44 28 60 229 
69 11 48 88 55 10 28 30 114 
95 62 8 99 77 8 51 63 24 
22 40 95 30 15 39 2 100 103 
14 21 54 82 83 29 9 41 37 
78 30 11 50 51 18 44 14 139 
67 39 25 3 47 99 39 8 84 
65 41 98 11 88 57 85 16 40 
78 15 81 82 91 38 100 75 135 
98 74 91 79 89 3 5 37 247 
4 13 76 57 45 77 8 46 4 
15 69 45 56 67 38 9 68 404 
56 87 50 90 6 74 66 43 143 
33 89 54 97 8 52 97 84 14 
38 22 72 7 75 47 37 87 25 
92 44 9 56 72 23 4 51 204 
15 16 9 4 93 4 42 77 235 
51 20 63 94 61 85 35 73 187 
31 52 14 4 55 20 68 76 402 
30 80 18 33 95 59 3 84 276 
98 35 31 70 67 100 90 88 275 
47 100 85 25 23 101 77 75 405 
40 12 64 91 38 19 6 14 398 
43 19 27 6 94 79 18 39 155 
18 63 87 16 16 68 53 23 311 
17 6 59 19 58 22 60 65 293 
8 9 99 14 66 55 3 49 283 
44 43 8 8 10 86 64 61 49 
17 26 98 97 39 16 43 91 32 
43 26 63 7 48 30 7 12 122 
42 6 100 33 15 70 99 11 330 
72 11 99 75 58 100 11 45 162 
78 12 72 85 73 77 48 62 96 
10 40 97 80 3 100 57 23 223 
16 85 12 30 101 31 36 73 327 
12 70 70 65 98 4 91 32 406 
62 59 35 25 88 56 46 91 290 
88 94 10 101 20 36 45 97 247 
31 49 14 43 51 102 97 37 374 
57 47 43 94 91 74 100 97 263 
23 93 100 59 86 12 60 50 322 
74 13 52 36 22 3 44 62 336 
90 21 10 36 30 52 64 92 182 
32 96 6 38 3 25 72 24 19 
65 75 65 4 85 4 23 25 100 
43 23 26 42 52 31 91 13 312 
58 89 64 50 97 96 67 30 222 
77 38 12 30 66 100 99 81 356 
21 87 37 8 15 8 28 23 279 
22 92 45 77 49 92 48 16 145 
44 17 80 71 39 57 49 48 353 
16 15 60 28 45 73 44 72 106 
43 52 76 59 24 76 28 47 158 
13 3 91 22 83 52 65 57 263 
11 52 50 82 61 69 21 14 32 
13 96 49 75 35 78 67 7 260 
63 87 96 6 45 94 19 39 184 
99 96 34 10 66 89 9 34 84 
80 63 93 9 40 12 68 17 211 
93 40 70 15 57 78 89 4 289 
73 7 10 58 65 24 25 24 76 
77 5 32 62 68 2 58 89 182 
74 56 49 86 40 29 42 27 401 
79 87 40 58 23 64 19 38 112 
15 23 99 71 87 18 93 93 52 
24 34 74 70 59 70 34 16 199 
26 89 70 82 18 40 26 48 152 
82 22 84 70 45 32 75 45 269 
49 5 71 33 95 49 17 21 382 
28 11 30 72 26 9 15 95 203 
61 34 8 61 47 41 81 14 292 
32 55 91 44 97 15 4 87 46 
81 95 96 23 68 99 47 100 152 
11 11 98 77 57 52 83 16 47 
62 90 61 32 53 83 77 86 269 
7 86 16 17 70 41 98 36 406 
58 40 69 11 17 49 4 73 11 
78 57 100 40 64 83 4 45 397 
54 51 44 15 48 83 33 42 60 
25 96 44 59 81 24 53 27 309 
46 53 75 14 31 83 81 102 120 
70 68 24 35 15 27 44 46 345 
59 45 94 87 80 77 34 81 314 
63 21 78 78 90 39 7 60 376 
27 42 23 64 36 49 54 65 299 
94 91 83 19 17 38 39 95 337 
86 61 74 100 82 52 6 20 329 
55 94 81 87 30 57 35 19 15 
66 98 10 47 35 17 4 42 365 
98 46 6 42 41 96 56 24 404 
22 29 63 73 60 18 68 101 290 
96 9 64 28 86 100 35 75 399 
76 40 28 59 98 41 62 10 303 
78 16 55 87 33 8 58 15 368 
45 95 40 94 81 36 46 10 138 
30 72 62 9 9 68 98 82 341 
75 65 33 23 13 52 44 92 348 
20 12 78 57 72 73 9 92 329 
