2 8
250
41 66 911 
32 82 737 
94 84 1596 
89 90 1242 
84 42 1574 
101 70 273 
88 13 629 
37 73 781 
49 95 18 
44 96 679 
91 26 569 
73 9 1566 
20 81 1286 
66 24 422 
14 64 12 
64 69 955 
70 79 1015 
38 21 1548 
60 5 1515 
10 85 1415 
46 52 1447 
58 100 1054 
43 13 543 
2 83 1454 
40 25 1443 
15 26 151 
49 87 428 
44 76 269 
81 55 78 
42 15 52 
5 12 1563 
94 21 1182 
39 57 1041 
38 23 910 
27 70 1574 
75 100 1569 
8 47 1301 
86 63 1599 
63 4 1245 
74 79 734 
62 3 1603 
32 99 1159 
95 48 57 
18 78 1117 
47 13 1039 
72 19 97 
22 8 894 
11 35 1111 
25 21 801 
100 34 291 
98 67 1282 
21 78 326 
59 97 1152 
27 82 861 
95 93 1131 
13 40 809 
36 92 1379 
72 54 1152 
92 53 1109 
32 9 1272 
24 97 231 
88 22 178 
92 29 575 
46 15 361 
37 97 435 
4 18 702 
101 14 1324 
101 65 679 
35 28 207 
10 31 404 
54 29 1443 
95 5 1376 
41 9 1154 
60 23 195 
16 93 1259 
64 37 942 
46 90 583 
27 33 1544 
99 24 524 
75 54 1537 
100 84 1597 
12 94 1399 
36 45 1487 
44 65 144 
74 42 1480 
71 87 1189 
66 73 1477 
57 66 662 
91 29 1563 
96 98 1323 
54 68 893 
78 62 648 
16 6 1612 
93 31 1510 
69 4 407 
29 55 1489 
6 30 611 
61 10 1332 
6 45 293 
59 23 1059 
92 42 766 
12 92 1587 
56 98 1305 
53 57 1325 
76 75 687 
100 90 1018 
18 64 1212 
7 92 1115 
46 95 949 
75 75 279 
24 59 1347 
36 3 1452 
48 59 191 
30 75 929 
13 55 1179 
58 87 572 
42 8 898 
58 44 969 
93 87 818 
81 68 1584 
41 83 377 
65 31 1611 
101 42 1170 
55 54 519 
53 90 1456 
19 95 603 
98 89 129 
25 36 1097 
64 68 245 
25 45 264 
41 69 1472 
17 90 1500 
36 50 389 
76 60 738 
65 88 870 
25 7 877 
72 75 1502 
15 85 1288 
91 18 776 
58 3 1028 
86 77 1578 
58 16 1395 
44 38 1624 
99 85 736 
15 25 490 
65 62 768 
16 41 1004 
63 55 1145 
26 28 1379 
13 27 1184 
46 80 775 
63 92 1340 
50 10 1181 
70 84 1121 
56 75 1465 
49 2 978 
51 29 917 
2 44 1015 
3 25 367 
29 34 1444 
3 32 179 
29 55 91 
100 54 538 
50 16 853 
77 48 932 
95 9 1311 
82 79 421 
27 64 1610 
18 46 590 
87 61 1098 
62 24 1242 
86 69 841 
60 29 326 
86 51 779 
29 3 203 
6 28 1563 
7 11 254 
44 48 892 
65 78 1109 
14 13 147 
71 14 1519 
68 90 1508 
78 93 1294 
8 37 1305 
62 98 452 
80 100 1000 
88 14 300 
42 82 828 
54 20 1235 
24 23 1477 
86 48 270 
13 17 606 
57 63 212 
22 30 571 
18 102 1202 
38 84 817 
29 87 1287 
9 28 1603 
93 31 526 
44 16 1152 
19 57 1138 
91 24 1460 
65 52 1326 
93 25 591 
50 68 1381 
85 26 1317 
79 18 590 
28 97 596 
14 79 324 
20 22 1401 
7 14 776 
44 5 1196 
67 30 1265 
86 74 525 
71 38 1001 
45 60 972 
16 9 87 
53 67 1594 
37 93 981 
35 79 739 
72 47 478 
97 88 184 
91 8 1031 
13 20 1569 
5 95 722 
6 59 949 
77 71 304 
62 7 215 
83 55 768 
52 10 199 
15 34 826 
34 16 438 
5 75 831 
52 56 853 
98 4 1454 
11 50 1181 
55 33 560 
4 60 135 
29 11 665 
18 17 526 
66 41 1605 
53 100 1408 
48 73 1281 
19 3 1363 
9 27 246 
68 66 40 
26 74 88 
77 98 1261 
80 13 1204 
44 8 84 
