2 2
250
9 81 73 
88 3 212 
89 80 343 
3 8 110 
87 58 277 
71 70 265 
61 66 252 
75 2 402 
80 73 281 
20 99 72 
33 44 257 
47 97 237 
28 10 6 
79 70 300 
71 45 30 
72 63 96 
61 65 324 
26 89 114 
71 36 321 
21 9 125 
85 72 330 
69 72 262 
66 42 252 
12 45 248 
66 83 392 
90 6 232 
94 10 43 
48 61 139 
40 10 222 
37 78 250 
81 8 4 
73 96 402 
95 4 302 
45 8 88 
63 51 85 
21 62 27 
34 83 123 
24 29 403 
22 39 47 
49 31 254 
12 31 261 
3 33 150 
62 95 356 
99 98 8 
85 51 11 
91 86 41 
15 21 196 
50 5 387 
33 59 323 
4 52 233 
89 47 300 
14 35 316 
59 63 77 
86 60 272 
21 36 350 
30 41 321 
98 33 218 
4 36 41 
16 64 105 
71 71 301 
59 61 175 
32 12 205 
30 73 67 
27 34 97 
93 31 249 
83 31 283 
11 5 75 
2 7 80 
6 88 49 
66 100 291 
54 90 374 
47 29 407 
26 91 100 
38 2 280 
65 73 407 
32 12 20 
51 35 134 
58 62 271 
58 59 219 
26 29 100 
40 66 300 
47 75 178 
34 48 13 
63 59 167 
47 76 13 
52 40 139 
21 76 308 
9 17 264 
41 98 118 
27 91 284 
48 2 254 
2 99 148 
97 20 402 
58 100 263 
4 90 310 
94 13 352 
65 8 80 
22 6 217 
51 33 202 
11 8 314 
17 8 234 
35 17 233 
81 47 312 
69 57 84 
37 65 309 
13 7 113 
91 49 348 
44 64 339 
52 29 393 
11 54 270 
89 88 47 
24 44 375 
9 70 298 
21 15 270 
12 99 212 
101 87 168 
79 39 107 
24 22 245 
94 74 181 
76 85 361 
63 72 381 
13 82 280 
11 16 89 
86 6 152 
57 72 137 
21 35 268 
33 53 173 
57 34 59 
42 67 269 
53 32 283 
50 35 348 
86 60 180 
75 101 69 
85 92 290 
21 96 137 
91 69 207 
29 75 163 
81 45 132 
48 7 156 
81 73 64 
5 60 342 
54 38 291 
54 72 49 
91 48 138 
51 50 250 
73 38 157 
83 53 398 
17 27 235 
32 71 369 
55 40 216 
8 96 118 
3 83 134 
89 69 236 
64 39 397 
41 39 108 
8 32 386 
73 77 285 
102 100 80 
20 89 136 
28 25 273 
83 101 131 
61 85 217 
7 49 276 
31 86 281 
82 20 60 
2 78 356 
33 25 162 
98 84 258 
85 8 388 
11 86 381 
101 63 182 
93 84 158 
67 82 221 
75 3 336 
29 44 371 
3 21 327 
7 20 46 
48 97 406 
29 87 69 
71 78 316 
60 97 261 
76 31 98 
26 91 152 
78 37 394 
35 60 90 
59 71 163 
74 84 354 
17 6 271 
85 55 267 
47 66 394 
24 99 18 
79 18 27 
20 55 56 
69 79 124 
45 31 338 
16 15 154 
80 72 68 
79 98 384 
93 44 372 
100 94 309 
60 81 107 
42 56 156 
95 59 174 
18 41 66 
28 7 22 
58 74 307 
85 70 167 
30 69 381 
82 47 3 
12 88 299 
17 23 251 
40 11 398 
6 5 307 
47 24 230 
97 64 130 
2 52 374 
91 36 287 
18 16 97 
37 32 51 
34 62 37 
40 85 289 
71 3 74 
56 91 392 
9 54 284 
2 41 189 
87 35 22 
64 82 388 
11 22 212 
5 101 29 
40 5 320 
87 74 176 
69 9 161 
87 28 252 
16 48 251 
97 84 336 
3 18 309 
79 52 398 
9 72 326 
15 31 255 
21 68 7 
13 18 352 
20 24 327 
29 36 130 
9 101 32 
45 50 141 
36 15 159 
71 4 341 
33 63 215 
83 80 9 
65 55 319 
