2 8
250
25 54 968 
5 34 616 
28 23 1519 
67 56 975 
50 33 857 
85 76 31 
96 16 1082 
43 62 433 
90 4 1317 
11 64 1247 
41 64 1467 
9 59 1181 
7 88 541 
43 85 1281 
65 93 1510 
27 3 1558 
55 95 184 
3 66 695 
4 84 1503 
35 17 496 
59 19 966 
19 28 1489 
72 43 1202 
82 81 1441 
71 55 507 
90 80 1129 
36 65 20 
87 58 1128 
67 40 1599 
49 7 1226 
82 74 1161 
5 86 1079 
21 48 1064 
3 57 968 
24 75 238 
25 35 178 
14 16 63 
25 101 842 
31 74 995 
92 53 1433 
95 24 601 
101 102 115 
19 68 1142 
67 70 530 
6 35 137 
44 65 1350 
57 44 90 
89 38 1474 
73 59 1192 
22 76 193 
7 31 1541 
79 10 533 
25 25 1199 
10 8 1088 
43 49 751 
73 21 1081 
45 89 140 
80 37 151 
84 8 1413 
48 29 697 
36 100 1506 
60 62 640 
40 29 404 
78 21 656 
11 49 599 
41 48 1456 
46 102 626 
9 78 1408 
5 29 1531 
87 97 34 
48 78 1568 
33 76 134 
76 85 1419 
9 35 1509 
44 70 1111 
70 71 1442 
75 46 976 
99 4 446 
6 29 350 
8 57 537 
47 55 516 
25 32 706 
46 80 1199 
31 66 1040 
4 40 1087 
48 67 145 
20 37 945 
8 15 839 
44 51 1209 
71 28 761 
89 70 454 
56 63 1318 
63 21 618 
27 26 1478 
17 46 1294 
98 97 1053 
63 61 1008 
15 90 328 
77 42 653 
82 83 1324 
71 77 850 
29 44 1567 
38 50 1242 
88 87 761 
73 95 175 
69 93 1122 
74 48 873 
12 10 1108 
87 76 1315 
10 81 355 
43 83 625 
59 58 804 
41 90 39 
85 62 769 
90 77 1202 
17 44 1540 
11 10 804 
73 10 563 
30 62 1092 
86 44 1103 
17 30 1126 
56 47 71 
10 16 618 
63 31 45 
68 91 1405 
8 23 546 
96 72 533 
88 100 1167 
74 72 1185 
6 31 1566 
84 56 752 
37 70 520 
80 36 488 
71 9 449 
59 50 1287 
49 7 317 
50 23 631 
36 92 1181 
37 31 491 
99 84 1232 
34 6 1390 
44 81 1216 
59 34 345 
56 30 1422 
6 27 1026 
7 32 821 
95 28 1057 
55 58 130 
59 51 1051 
76 102 630 
4 83 849 
56 40 42 
44 17 1127 
6 92 1194 
100 96 1516 
53 32 1063 
11 32 1625 
82 7 915 
13 80 799 
79 86 494 
12 85 523 
85 54 780 
37 51 1423 
62 65 246 
83 90 591 
94 57 1004 
17 8 310 
101 66 1142 
41 24 1237 
98 46 968 
56 67 495 
41 96 114 
43 18 681 
47 18 1318 
80 51 1093 
87 100 272 
22 21 384 
89 64 1282 
13 13 308 
64 46 496 
74 41 94 
30 9 1598 
87 44 1535 
31 52 642 
22 72 1463 
40 23 249 
5 56 387 
61 78 399 
38 68 44 
54 29 1361 
90 81 1179 
13 75 1259 
77 52 690 
71 102 916 
25 93 1124 
86 70 1512 
91 75 1463 
6 61 1456 
9 15 1031 
83 94 667 
97 35 245 
13 43 1162 
69 10 1575 
15 65 1162 
75 36 890 
70 39 1394 
58 54 1606 
12 65 888 
96 86 330 
85 7 989 
16 96 948 
3 76 1091 
43 14 808 
100 19 967 
98 78 166 
20 33 411 
37 41 1240 
80 28 660 
44 87 1148 
63 19 927 
53 86 64 
38 101 1132 
15 73 985 
90 28 407 
38 60 566 
41 16 1411 
46 77 877 
97 50 1070 
87 38 1111 
20 61 1440 
99 83 1550 
95 49 540 
57 62 1269 
43 7 968 
67 49 211 
53 44 1109 
8 5 1170 
86 18 679 
5 58 587 
40 53 1020 
3 97 204 
74 93 748 
32 45 185 
4 86 876 
11 6 1143 
96 32 21 
55 35 1540 
2 14 914 
19 15 1050 
55 92 1479 
