8 4
250
95 22 48 77 32 80 13 88 432 
99 24 2 22 98 65 99 9 440 
72 95 58 16 65 24 70 68 646 
64 56 78 81 28 21 28 26 176 
24 49 88 53 83 63 44 89 757 
51 83 33 80 33 85 62 16 786 
47 81 59 27 9 66 101 51 265 
79 19 98 84 96 74 43 77 491 
70 22 13 97 74 78 31 20 696 
50 87 25 96 21 14 24 83 369 
67 99 42 24 54 34 31 67 574 
99 69 88 61 38 58 25 94 768 
87 52 9 83 98 91 80 52 527 
11 85 100 86 62 15 29 79 634 
22 48 70 81 68 8 8 34 417 
101 91 50 70 73 30 20 39 258 
40 86 3 53 46 4 70 22 673 
74 14 10 75 34 62 80 5 375 
29 7 86 3 77 66 40 81 500 
18 43 14 72 68 24 84 91 758 
79 71 4 68 14 48 26 35 164 
45 28 60 90 92 70 84 94 263 
49 40 10 39 16 66 42 53 640 
73 5 48 88 93 45 69 3 280 
46 63 96 40 79 44 46 97 438 
6 30 54 45 90 77 92 36 417 
86 42 57 40 28 63 70 55 251 
76 59 36 17 23 90 36 40 254 
41 12 63 68 95 21 13 39 192 
29 29 16 74 98 59 94 84 505 
81 8 37 35 72 25 14 72 306 
21 91 9 65 11 52 46 53 201 
92 20 48 38 29 91 39 43 216 
18 4 64 79 25 41 29 57 264 
98 8 42 40 56 25 84 94 392 
19 66 20 66 30 46 35 4 524 
17 45 81 48 98 31 99 98 560 
78 44 68 70 38 56 20 50 375 
87 54 66 26 57 38 43 23 631 
10 54 76 19 47 22 77 13 101 
55 51 12 13 43 61 56 8 408 
84 51 29 66 49 82 101 50 412 
2 94 91 45 8 77 54 90 361 
97 60 99 48 95 27 44 66 801 
38 76 13 7 72 51 88 61 583 
52 46 7 95 21 99 72 77 160 
26 12 46 37 61 55 17 61 389 
55 37 58 4 24 85 84 65 604 
42 97 24 42 60 49 6 4 360 
41 4 42 2 78 20 8 20 442 
57 2 17 60 93 12 3 35 195 
17 50 24 24 13 58 25 32 654 
99 86 55 99 34 59 11 77 470 
10 55 61 40 98 6 30 30 512 
61 83 6 14 41 27 25 91 437 
24 19 93 86 79 48 40 11 285 
3 59 71 59 52 18 55 95 653 
66 78 54 21 96 85 95 66 401 
78 87 47 30 76 45 6 89 477 
69 26 78 15 3 89 71 29 574 
96 4 34 90 61 48 47 61 102 
3 5 25 9 93 16 99 64 193 
92 76 85 28 55 64 59 88 563 
6 53 78 67 52 69 15 101 506 
19 90 28 101 85 17 33 5 686 
37 62 36 64 19 41 66 81 437 
89 70 50 71 33 75 79 43 63 
38 39 55 58 96 93 54 82 598 
99 93 93 70 97 53 80 24 216 
37 44 37 39 3 73 16 28 255 
15 50 60 55 24 44 10 96 539 
33 81 67 44 12 39 68 69 715 
65 21 75 100 93 11 49 44 803 
75 101 38 85 45 70 62 40 262 
18 47 71 50 62 3 87 50 350 
63 95 34 100 73 36 85 53 64 
60 18 59 51 8 82 46 37 773 
32 50 39 100 84 74 7 52 182 
20 17 61 74 15 45 68 88 398 
69 77 30 4 102 94 62 4 186 
77 69 41 91 6 27 8 57 4 
8 65 13 61 95 23 14 67 296 
51 88 4 16 85 21 34 79 491 
68 30 50 47 39 82 52 32 678 
85 31 12 36 68 60 45 62 189 
40 9 84 9 92 37 58 13 137 
22 63 86 21 59 29 67 42 224 
54 64 28 33 12 65 40 31 294 
28 17 21 46 73 25 99 96 571 
80 61 39 15 91 28 66 32 562 
101 66 74 85 71 29 33 92 801 
99 9 100 21 71 64 101 32 787 
99 78 92 63 25 66 59 89 655 
92 41 75 2 69 82 96 41 529 
66 44 48 95 15 83 27 102 706 
74 60 92 77 16 61 31 68 439 
81 40 43 10 28 84 49 43 417 
27 99 42 20 27 32 99 37 715 
53 7 65 11 38 25 79 87 237 
92 17 27 16 73 3 28 17 15 
26 58 18 66 48 74 32 101 27 
48 56 35 63 80 81 73 81 505 
93 71 3 20 33 44 55 59 216 
28 14 28 42 94 12 30 75 640 
74 89 61 93 82 39 22 33 250 
98 31 38 48 44 94 41 37 378 
2 8 27 76 13 91 48 6 716 
79 9 65 25 34 7 3 102 753 
5 2 91 66 100 2 13 59 225 
92 81 71 36 3 58 66 30 548 
55 99 78 71 47 78 51 45 199 
70 75 99 33 47 45 102 38 289 
59 38 11 27 65 56 64 58 202 
20 45 8 9 61 7 40 50 21 
18 36 57 15 17 57 78 45 688 
33 61 36 29 36 67 23 9 749 
60 30 36 24 9 91 53 33 812 
20 63 16 94 95 100 42 85 15 
82 46 23 56 51 22 71 33 791 
92 94 12 43 88 54 15 82 160 
70 96 29 68 64 86 57 60 673 
72 41 68 39 88 53 66 43 518 
73 7 81 16 55 78 94 63 322 
92 80 77 64 81 15 80 74 727 
77 16 84 39 101 93 39 101 757 
33 56 7 61 79 47 91 44 614 
42 56 43 53 76 3 47 67 655 
9 11 61 55 61 16 64 91 223 
84 36 8 90 79 56 85 63 64 
36 33 2 33 75 39 40 40 154 
50 26 42 83 94 36 13 32 734 
35 80 97 94 99 90 20 9 71 
72 54 78 89 70 15 95 13 280 
82 79 38 25 17 23 97 16 533 
89 3 44 74 79 49 66 52 681 
15 44 36 14 15 68 30 70 699 
44 63 58 29 90 83 101 33 439 
56 13 65 76 98 86 25 32 49 
69 99 78 32 25 20 31 82 562 
2 70 65 72 96 49 37 55 433 
12 62 15 63 75 48 95 12 322 
23 41 48 52 91 85 62 64 579 
12 15 40 40 100 9 14 101 517 
92 87 18 18 41 46 33 16 575 
94 8 27 32 38 14 81 11 341 
25 52 81 83 11 35 78 27 329 
17 74 64 8 50 76 84 5 211 
25 6 102 4 22 77 14 70 455 
48 82 78 28 61 92 68 91 399 
86 12 77 86 43 16 5 18 342 
11 88 60 53 50 35 89 58 38 
44 23 33 6 70 43 79 32 369 
66 91 15 74 42 61 27 100 762 
52 41 65 88 101 6 36 6 665 
100 97 34 45 41 5 87 26 561 
20 82 44 36 8 13 71 42 219 
31 39 48 100 29 51 42 38 135 
43 58 24 29 72 66 62 81 286 
15 22 52 12 88 18 92 9 148 
54 18 35 54 20 61 79 7 544 
37 102 70 85 5 5 89 46 559 
49 93 12 79 76 29 78 58 159 
79 21 53 32 10 22 33 90 167 
85 91 40 64 51 68 100 27 650 
69 32 19 49 25 44 50 45 126 
10 77 44 8 78 64 42 3 695 
18 7 93 50 53 17 84 6 453 
32 87 44 46 81 52 50 11 214 
4 31 99 11 84 67 7 26 109 
81 79 15 78 24 51 82 84 161 
90 20 80 4 67 21 89 19 481 
75 65 98 94 60 69 38 40 582 
90 9 25 29 46 30 4 6 216 
44 56 64 95 66 99 32 62 743 
50 2 66 80 24 67 8 34 491 
20 89 21 48 43 87 80 94 610 
99 63 77 52 102 63 94 46 519 
99 82 101 100 64 101 78 90 307 
9 12 87 60 23 14 70 87 140 
9 98 15 79 18 74 25 35 801 
18 99 3 5 88 80 3 11 422 
63 21 27 23 73 55 49 72 671 
92 41 42 65 85 17 47 87 395 
52 21 66 30 78 30 2 61 740 
39 6 26 9 58 14 63 9 532 
94 88 27 63 32 47 92 35 767 
60 56 17 88 60 2 31 53 733 
89 35 46 99 22 14 64 13 539 
60 84 85 31 4 77 52 55 808 
25 92 91 21 40 44 36 45 47 
78 53 48 26 80 7 24 75 606 
23 97 68 15 101 22 81 34 418 
13 31 54 41 38 7 3 8 502 
3 71 97 3 64 80 8 88 490 
22 36 6 80 9 31 3 31 470 
35 12 93 71 42 8 93 26 113 
56 38 17 43 25 74 46 23 39 
81 22 35 90 9 14 62 62 798 
49 35 24 25 40 9 50 70 785 
72 34 31 91 12 41 66 54 407 
47 81 13 34 36 88 26 24 75 
27 47 5 81 11 82 10 46 737 
93 33 100 9 95 56 78 76 729 
77 93 12 96 26 57 65 16 662 
88 17 101 38 100 19 101 25 192 
96 93 24 51 82 68 50 75 175 
54 40 88 59 58 62 98 51 256 
101 33 23 50 18 97 101 24 242 
93 57 34 83 11 72 33 84 671 
69 28 12 46 48 53 36 13 620 
97 31 60 41 42 52 87 101 756 
4 48 77 29 53 60 38 59 145 
91 72 32 18 28 76 80 31 187 
23 58 87 72 16 7 21 5 757 
73 54 17 85 98 11 79 31 296 
9 42 78 54 9 90 36 47 332 
48 81 5 86 63 13 29 67 356 
10 35 34 72 10 49 67 67 45 
4 8 76 22 41 99 40 73 729 
49 70 50 99 38 71 67 75 197 
92 89 93 7 58 34 68 72 785 
6 39 34 30 89 44 85 33 319 
68 28 42 8 48 92 23 82 785 
97 13 98 65 7 37 25 78 638 
16 100 52 44 56 71 3 36 283 
59 21 83 8 16 7 32 100 388 
86 86 43 4 85 78 37 73 480 
102 43 34 99 7 13 66 71 274 
91 26 73 73 6 14 57 66 496 
17 91 99 94 35 9 89 42 749 
39 14 16 76 9 86 13 4 760 
5 62 16 72 44 47 74 43 607 
78 15 82 32 49 21 18 23 669 
64 10 10 27 12 67 21 29 464 
21 17 19 90 62 5 21 54 33 
49 47 49 54 22 94 35 13 223 
14 9 68 97 60 88 4 51 762 
87 80 52 51 53 17 90 55 212 
59 91 54 79 13 97 18 71 620 
37 11 90 18 94 101 40 9 165 
93 26 60 33 88 13 11 35 600 
56 100 96 34 66 69 68 77 185 
77 37 98 73 81 91 12 69 325 
7 71 89 53 13 45 97 99 236 
70 29 5 43 70 80 23 64 583 
84 5 47 23 52 18 78 65 587 
26 22 46 71 22 21 74 6 524 
89 4 89 53 39 69 41 100 399 
22 36 70 20 51 20 19 31 518 
97 86 21 72 77 49 73 73 623 
