2 4
250
40 97 657 
101 11 508 
49 37 811 
28 34 666 
21 34 337 
45 82 541 
83 10 315 
50 78 12 
51 72 581 
52 63 38 
7 45 720 
11 44 317 
28 95 187 
24 79 712 
50 83 664 
3 59 96 
15 45 723 
34 44 595 
5 92 153 
81 52 323 
93 100 606 
97 23 728 
95 11 740 
4 19 709 
45 61 251 
53 102 778 
22 50 107 
61 39 150 
18 75 6 
17 9 423 
22 49 354 
85 33 650 
15 55 491 
94 10 390 
23 12 212 
4 91 682 
44 54 736 
25 61 20 
28 34 496 
58 81 390 
91 80 22 
41 84 574 
46 62 226 
53 40 384 
37 30 330 
67 41 221 
94 16 686 
19 75 451 
64 99 715 
43 59 814 
21 59 604 
14 6 242 
47 84 229 
58 60 236 
58 93 110 
45 90 259 
64 63 759 
36 65 530 
66 74 42 
49 79 697 
85 5 29 
30 34 663 
75 25 199 
13 22 462 
101 39 459 
57 63 668 
44 20 74 
58 81 780 
9 87 764 
11 51 261 
27 100 40 
44 75 453 
27 30 485 
34 72 533 
9 53 337 
39 37 218 
11 10 90 
25 8 482 
79 29 195 
10 23 382 
90 66 603 
94 88 183 
54 59 523 
3 32 267 
24 12 393 
46 51 228 
56 72 414 
69 2 332 
23 3 754 
48 68 379 
34 20 61 
15 46 56 
93 17 531 
21 87 637 
64 10 641 
80 3 782 
13 35 635 
98 55 416 
98 23 517 
35 73 692 
32 8 741 
20 71 100 
27 12 533 
43 54 277 
65 38 698 
75 7 756 
64 45 8 
99 37 269 
70 38 527 
58 19 196 
45 60 357 
82 91 640 
89 47 317 
68 55 742 
33 72 661 
46 35 146 
67 26 133 
73 73 233 
86 35 585 
60 51 274 
50 71 760 
43 100 767 
92 85 380 
9 87 489 
56 98 734 
12 68 530 
54 26 24 
49 93 759 
10 75 709 
17 98 455 
9 31 779 
7 21 687 
100 91 587 
89 56 413 
73 60 313 
58 19 618 
40 76 550 
9 8 204 
33 3 635 
2 36 206 
9 77 705 
93 2 460 
66 51 627 
8 14 628 
95 67 578 
54 77 270 
57 53 458 
13 79 182 
90 2 188 
73 76 148 
8 100 452 
49 82 644 
66 82 473 
84 94 557 
101 35 507 
93 16 338 
56 81 209 
47 47 674 
71 98 801 
66 4 4 
35 96 606 
61 101 120 
24 48 696 
94 90 775 
77 75 485 
90 14 362 
62 100 706 
84 18 782 
94 64 427 
75 80 685 
83 102 637 
60 51 801 
96 42 273 
50 71 551 
58 64 739 
33 72 593 
25 83 681 
56 6 39 
16 54 632 
80 68 310 
64 51 558 
3 13 719 
19 19 198 
63 96 592 
13 15 237 
21 28 443 
7 64 749 
82 52 790 
2 29 783 
75 46 792 
23 18 600 
97 87 166 
101 57 417 
5 16 429 
51 64 712 
13 45 747 
78 97 214 
25 75 39 
48 85 810 
74 3 690 
94 45 600 
29 42 638 
101 18 224 
11 22 579 
5 5 395 
41 33 714 
12 92 683 
6 100 404 
73 100 349 
71 51 23 
23 30 440 
69 12 573 
81 24 180 
11 14 226 
66 69 609 
57 22 575 
58 9 422 
14 64 94 
3 90 374 
26 58 349 
38 32 541 
27 90 755 
19 39 753 
80 62 80 
68 3 635 
58 42 253 
77 18 635 
74 15 349 
53 11 536 
45 68 187 
26 57 535 
81 75 666 
63 42 645 
84 40 680 
80 80 380 
44 48 501 
35 47 390 
17 51 330 
67 65 145 
26 76 645 
29 76 580 
72 56 46 
46 88 223 
98 97 5 
54 95 634 
96 96 283 
98 11 512 
6 11 174 
77 12 47 
27 16 86 
