6 2
250
61 50 11 87 13 78 116 
99 82 62 69 93 57 337 
45 96 29 59 8 77 39 
23 100 10 85 34 92 225 
21 55 58 40 18 15 361 
46 21 9 87 72 86 366 
23 61 76 16 24 35 184 
74 39 38 59 56 11 154 
52 3 4 81 88 75 316 
29 6 31 76 44 96 403 
77 22 74 38 93 22 408 
41 36 71 12 59 12 192 
18 22 82 64 7 53 385 
21 7 8 86 13 14 387 
57 47 41 82 41 48 398 
18 66 23 66 91 39 48 
68 35 72 31 65 32 44 
85 50 14 39 45 6 231 
18 68 54 82 9 7 341 
91 32 32 20 66 51 3 
58 61 101 18 16 85 214 
74 38 58 50 84 86 294 
99 29 45 98 44 43 4 
100 71 86 84 34 30 315 
5 42 13 101 83 12 113 
91 15 23 31 23 6 179 
31 99 34 28 23 14 378 
5 88 23 24 10 102 236 
93 17 36 83 57 77 285 
98 47 50 3 76 47 34 
16 24 69 22 39 59 282 
74 54 58 13 18 87 406 
55 91 79 75 13 72 401 
101 89 50 68 31 76 136 
54 85 27 48 69 87 364 
67 56 4 73 44 91 76 
64 80 72 41 93 72 177 
57 73 30 66 77 12 64 
36 21 56 10 85 38 86 
71 34 67 51 2 13 362 
37 77 3 70 83 82 149 
12 80 29 40 6 92 393 
14 99 85 94 77 76 125 
37 50 65 61 55 99 382 
48 7 92 93 61 56 84 
98 28 98 97 31 81 101 
43 30 72 81 48 26 231 
37 84 60 27 39 60 407 
29 40 11 30 85 44 261 
75 39 50 46 38 78 68 
72 89 99 47 97 8 385 
22 96 82 9 75 39 48 
25 34 67 25 98 22 281 
90 89 69 49 39 63 277 
93 24 37 12 50 42 263 
97 63 82 44 54 7 31 
46 31 23 12 7 54 207 
6 84 24 42 58 50 335 
2 32 101 60 47 29 122 
74 47 98 27 99 49 114 
74 88 83 46 17 64 181 
60 48 39 33 10 19 353 
41 15 73 95 94 84 387 
32 83 86 9 81 80 295 
86 27 87 10 7 25 134 
99 43 98 43 88 40 174 
86 64 29 39 12 45 135 
34 28 34 7 67 35 170 
7 99 39 38 86 74 304 
23 54 25 5 96 56 174 
74 77 54 8 46 54 188 
21 59 72 71 37 41 211 
101 55 5 42 92 93 376 
45 61 6 4 68 70 259 
12 5 36 18 91 92 244 
53 82 100 23 83 98 347 
43 69 70 51 34 25 93 
101 22 65 6 65 52 120 
17 50 6 80 86 85 42 
55 37 55 48 51 94 197 
75 7 22 12 98 9 13 
94 39 55 36 47 43 45 
86 74 14 28 42 33 147 
34 96 45 98 15 77 357 
34 17 6 85 33 76 108 
17 45 96 69 45 28 97 
13 53 46 41 44 101 285 
66 43 21 11 63 14 167 
13 79 16 85 34 17 246 
24 51 52 16 68 87 281 
30 19 61 99 6 14 88 
45 100 59 73 78 20 279 
75 86 76 72 64 87 17 
68 83 86 13 13 65 363 
4 96 28 77 17 3 146 
26 62 14 59 102 21 280 
81 59 14 58 100 94 201 
67 78 46 6 101 67 254 
39 77 88 95 51 34 166 
6 33 98 63 19 35 203 
26 64 15 64 68 37 356 
26 74 57 16 73 42 153 
20 83 73 18 38 75 355 
87 28 66 53 89 30 306 
28 18 97 83 61 101 169 
16 34 44 35 32 77 54 
5 33 81 80 95 5 352 
52 26 48 83 61 64 158 
38 50 13 81 9 14 401 
58 63 35 14 42 98 19 
52 31 84 8 101 76 338 
98 87 75 96 27 90 310 
94 51 102 102 39 5 317 
85 33 56 24 64 17 190 
72 49 68 54 9 84 3 
97 65 77 63 90 58 167 
66 40 87 84 26 24 264 
14 35 15 5 95 29 271 
100 30 86 38 62 39 107 
40 9 44 20 8 78 393 
87 27 41 51 49 39 82 
94 71 42 40 94 84 237 
16 55 51 16 58 36 396 
37 93 26 31 21 17 106 
33 45 66 20 48 70 109 
10 76 56 48 92 49 26 
61 46 100 69 57 70 99 
56 95 6 53 44 101 207 
36 17 22 30 24 96 251 
29 78 22 48 15 33 28 
81 96 70 68 89 93 310 
49 28 63 66 49 4 313 
51 62 69 7 71 78 300 
61 36 20 69 54 46 135 
70 80 23 44 38 19 307 
101 39 86 57 10 77 355 
90 61 66 77 94 87 316 
18 55 43 46 57 35 84 
62 52 101 37 49 45 325 
51 42 25 13 86 4 206 
25 85 52 63 3 88 290 
77 55 94 62 62 57 211 
27 82 99 83 86 57 159 
89 88 22 63 34 9 163 
21 44 67 10 85 29 380 
72 94 85 56 49 51 349 
99 9 77 89 90 30 99 
62 27 32 2 49 14 150 
99 32 2 72 81 33 229 
14 29 54 79 31 60 223 
90 17 29 39 8 55 368 
81 47 76 46 81 18 241 
18 37 10 38 17 59 299 
63 84 86 70 20 32 346 
82 25 13 61 72 72 294 
12 5 65 43 61 48 76 
87 28 28 102 17 99 389 
94 46 42 15 4 83 112 
34 45 71 90 26 7 405 
24 65 87 11 48 89 26 
35 47 97 59 12 57 310 
58 60 71 5 35 91 358 
81 72 48 70 90 47 319 
62 96 56 37 43 21 261 
65 43 92 71 12 91 242 
101 47 59 94 29 53 313 
87 3 87 93 18 13 175 
95 42 43 60 44 30 299 
54 44 24 71 38 14 378 
20 80 35 25 102 31 329 
28 91 79 64 96 3 307 
95 71 46 27 10 23 287 
3 51 13 70 64 88 193 
5 37 25 93 41 86 273 
24 53 70 18 85 64 275 
53 66 98 50 29 100 240 
75 80 46 30 93 24 69 
31 24 57 40 45 36 94 
56 56 73 57 19 10 290 
19 78 11 27 61 5 207 
87 17 22 37 90 90 124 
59 81 65 50 64 52 379 
31 16 80 42 30 47 394 
12 27 96 11 92 90 228 
4 36 5 34 21 68 182 
9 37 5 57 47 95 396 
77 10 9 58 60 80 359 
64 34 87 33 60 56 304 
92 28 28 100 3 76 224 
47 62 18 44 86 51 94 
81 76 86 85 54 101 146 
19 89 55 34 11 70 166 
5 20 3 63 14 72 70 
11 79 60 46 20 44 125 
51 93 16 76 32 67 340 
59 3 49 8 57 41 299 
41 75 68 93 9 16 172 
44 17 83 74 80 8 284 
99 29 41 36 59 7 280 
99 41 60 82 5 59 187 
19 56 57 59 33 45 288 
7 94 55 14 30 90 30 
78 35 4 53 61 16 247 
77 10 74 100 36 7 173 
35 10 13 6 59 98 103 
62 28 17 49 64 101 377 
36 88 24 31 19 64 86 
9 58 31 45 46 87 174 
48 84 61 99 41 30 292 
86 43 10 73 94 84 65 
9 89 6 99 16 70 165 
24 52 71 19 45 24 111 
53 85 63 16 13 85 59 
46 58 52 26 73 23 205 
47 17 60 27 82 7 408 
72 27 48 31 19 4 102 
34 92 82 98 9 46 137 
61 49 59 83 101 4 256 
33 56 75 45 49 92 313 
37 13 94 65 19 29 334 
59 16 87 95 82 91 49 
68 72 30 67 78 19 352 
70 3 45 82 6 39 158 
73 75 88 72 14 50 395 
81 90 34 92 20 53 8 
35 74 90 21 14 53 268 
86 47 81 73 75 92 277 
12 51 85 15 91 45 351 
43 101 25 70 43 17 352 
84 98 77 61 67 87 145 
31 57 64 93 88 75 356 
30 9 102 41 60 31 286 
41 51 79 30 10 17 374 
75 67 53 73 38 81 13 
51 6 14 10 7 35 329 
96 24 24 5 72 101 53 
94 25 31 86 88 18 177 
49 100 33 59 71 46 228 
92 13 23 52 96 87 325 
5 90 33 54 99 91 182 
29 57 27 40 19 81 333 
43 24 89 52 65 62 9 
8 83 53 38 91 27 19 
13 3 55 78 16 35 364 
37 100 33 91 29 101 82 
45 8 21 55 67 76 200 
91 35 2 33 27 80 393 
9 83 18 10 66 42 70 
56 75 64 5 48 94 26 
26 58 63 38 63 84 261 
