8 6
250
100 73 23 48 52 35 20 11 55 
100 73 81 37 48 90 38 66 708 
89 33 20 96 93 65 26 23 798 
67 11 80 10 8 66 67 4 1161 
6 3 42 43 98 6 41 58 138 
40 30 90 39 73 7 81 20 473 
101 7 82 60 24 31 70 56 1223 
29 92 67 16 72 45 95 34 772 
20 48 37 16 57 37 54 88 1138 
79 30 41 75 32 90 28 68 1199 
17 48 81 13 76 45 6 14 802 
48 26 61 47 46 41 44 63 878 
6 87 51 47 8 38 38 92 315 
63 56 63 80 91 5 47 80 1055 
86 9 74 94 12 45 72 8 756 
36 35 87 102 33 71 18 24 1003 
51 72 41 45 78 85 19 45 716 
7 70 37 58 101 67 55 60 663 
101 13 76 8 77 2 76 3 702 
43 64 24 94 63 68 23 98 102 
49 43 33 91 77 69 87 67 465 
28 80 36 21 49 75 17 19 139 
9 45 97 41 71 76 28 78 994 
38 15 9 71 37 5 59 8 211 
25 13 38 9 23 12 65 50 287 
26 24 17 51 79 46 57 16 653 
15 10 74 58 65 101 88 51 632 
33 59 45 33 64 43 58 93 79 
78 2 24 87 78 23 53 5 665 
69 89 38 64 16 23 52 46 1198 
47 69 50 38 23 74 60 34 1115 
82 95 61 75 95 87 40 81 168 
33 30 34 53 7 62 47 21 752 
17 71 45 24 83 20 45 13 303 
60 41 81 52 29 47 32 73 119 
97 95 97 53 26 37 9 21 203 
68 96 63 90 93 4 13 45 770 
50 60 14 43 32 83 63 82 492 
37 82 3 89 23 36 53 53 322 
69 66 46 10 17 65 4 79 209 
65 73 50 79 42 85 84 83 166 
100 55 65 15 92 47 97 75 468 
18 82 75 29 39 42 78 46 973 
20 43 45 51 42 55 66 99 114 
94 59 43 19 7 42 23 55 1188 
65 55 76 102 15 44 26 88 1194 
46 38 35 10 4 98 6 65 495 
73 50 16 13 51 95 37 5 192 
100 100 77 35 8 87 45 15 1111 
8 21 30 3 27 56 57 22 750 
78 86 58 47 15 43 102 52 54 
85 54 6 83 66 11 29 29 1076 
25 14 32 51 67 91 7 100 550 
14 72 26 62 57 31 34 61 240 
62 55 87 36 35 58 82 62 746 
88 27 56 21 76 100 68 35 105 
33 29 21 69 42 17 98 90 978 
83 25 99 78 51 7 92 68 906 
5 91 81 77 70 6 30 21 892 
93 95 98 27 97 25 22 3 394 
2 95 15 71 39 47 78 101 457 
66 13 78 51 31 9 26 64 534 
31 58 61 17 41 23 44 8 1156 
86 57 30 76 57 50 75 92 895 
63 36 54 36 101 71 69 66 98 
98 43 66 91 3 34 81 93 548 
75 88 57 94 29 33 53 94 541 
11 93 57 30 78 41 36 65 355 
94 97 60 92 50 77 15 48 790 
32 97 56 98 96 67 5 102 50 
20 70 9 23 86 8 27 60 892 
55 70 67 27 56 40 5 90 1171 
89 85 40 82 81 83 69 23 1194 
92 15 99 93 27 78 37 18 1162 
24 73 14 53 67 92 4 62 956 
101 7 42 18 95 8 71 18 206 
68 41 91 28 56 65 11 37 551 
78 64 45 91 92 40 45 83 210 
86 38 20 50 79 21 5 69 194 
59 75 22 92 24 11 62 71 950 
8 99 19 50 44 32 47 28 1207 
37 12 17 4 76 14 91 87 982 
101 20 63 73 25 89 49 54 754 
26 88 42 36 31 22 63 39 1034 
2 38 96 90 6 53 22 70 700 
3 57 102 11 3 39 31 63 635 
18 37 76 32 3 93 71 22 488 
60 3 83 97 43 39 29 91 604 
89 13 16 12 52 57 31 49 1179 
64 18 88 5 7 71 71 46 26 
13 72 37 5 21 86 14 64 814 
78 8 16 65 84 13 90 44 615 
40 9 87 21 3 56 96 9 58 
56 57 98 14 28 99 37 18 238 
17 86 93 32 100 91 91 55 500 
84 101 36 76 18 65 20 32 461 
19 94 71 82 10 14 81 60 81 
73 66 82 19 31 67 94 75 716 
61 10 11 98 32 50 16 14 104 
73 82 41 35 96 98 61 19 301 
52 36 77 81 53 42 84 20 1092 
63 68 72 70 84 45 7 62 274 
31 24 64 23 69 99 6 10 951 
69 40 72 86 59 13 43 44 470 
85 82 59 70 15 14 61 55 568 
40 5 100 98 30 36 75 33 1171 
65 31 70 81 77 45 65 17 984 
21 79 10 60 29 42 7 23 979 
67 62 10 52 65 16 52 67 69 
82 73 12 38 13 29 18 81 160 
73 7 7 17 8 100 34 41 930 
40 82 78 59 93 9 56 11 861 
90 14 68 56 30 12 39 85 542 
73 86 68 84 45 51 29 36 209 
77 52 57 12 21 26 40 14 1047 
32 24 82 5 83 4 58 30 809 
49 19 78 97 80 25 56 63 682 
12 58 39 29 32 59 92 81 718 
18 80 96 44 18 18 26 9 741 
67 70 4 66 27 17 85 82 214 
43 82 74 34 58 60 70 30 682 
50 5 94 24 15 4 46 43 620 
74 6 3 62 73 73 64 91 1142 
55 48 33 25 47 52 42 51 1206 
88 86 24 38 77 89 63 78 57 
70 44 56 2 22 86 66 12 931 
18 83 12 4 72 68 66 17 1004 
26 28 60 45 84 67 6 59 700 
31 38 32 16 101 97 68 96 577 
41 55 28 49 61 36 76 26 830 
91 87 16 58 74 62 7 38 617 
48 27 62 92 98 65 29 37 914 
48 4 84 17 37 77 21 27 753 
58 80 69 26 71 60 99 17 885 
45 75 66 72 11 65 47 22 842 
89 52 59 65 21 25 61 30 271 
88 76 51 41 38 49 100 51 719 
85 24 58 4 95 84 93 86 763 
13 78 95 21 72 18 9 34 928 
7 95 60 46 67 44 38 13 498 
25 6 39 19 74 61 6 63 1193 
15 87 59 77 74 37 63 51 632 
31 68 6 36 34 6 73 96 693 
3 42 60 16 68 84 43 70 979 
27 95 6 36 17 11 20 96 579 
21 31 23 25 85 18 92 10 549 
38 91 74 35 49 80 5 5 266 
42 100 22 77 36 6 57 38 679 
49 97 53 97 17 40 59 54 788 
38 80 59 44 26 60 39 6 962 
9 95 49 28 33 14 89 80 1175 
30 46 97 18 70 49 62 45 160 
95 43 76 37 78 97 16 69 317 
67 100 76 64 40 32 28 50 526 
11 23 65 42 10 39 44 31 99 
71 22 12 12 83 84 47 45 775 
7 75 19 54 15 67 88 25 987 
24 68 8 67 92 22 6 54 270 
52 56 35 39 95 49 89 46 577 
18 57 18 94 19 97 69 23 919 
28 59 10 101 56 87 58 22 775 
4 6 31 92 7 32 62 97 1096 
32 70 82 72 67 70 20 72 828 
66 32 51 13 101 71 47 80 1163 
16 53 2 50 83 75 85 87 498 
20 28 52 89 35 23 7 39 652 
97 58 94 42 83 85 20 94 1096 
16 93 7 62 47 29 37 48 541 
91 84 89 9 88 83 30 102 548 
20 79 99 30 8 64 18 52 268 
5 76 72 19 32 90 86 72 1140 
38 59 82 25 54 89 79 18 671 
68 90 72 13 14 83 41 102 182 
94 88 88 45 46 97 7 33 876 
76 74 54 101 25 19 89 94 522 
66 97 27 13 53 91 10 52 752 
54 94 65 91 80 33 76 94 1025 
9 95 15 87 19 23 17 5 539 
5 69 68 55 26 22 40 76 56 
91 84 37 98 37 96 36 56 480 
11 86 96 23 27 33 35 82 1212 
31 81 80 7 97 50 47 6 1020 
98 101 71 45 53 6 28 86 125 
51 13 60 21 53 65 84 8 233 
52 84 44 36 22 46 23 11 1162 
28 87 88 89 53 33 13 40 677 
73 68 35 92 97 43 23 86 849 
43 12 31 17 25 91 31 97 271 
44 63 80 27 24 44 11 102 1220 
26 64 62 29 11 15 10 13 495 
87 62 90 3 15 38 76 82 1219 
68 13 64 100 61 58 11 71 941 
79 47 46 94 83 97 43 99 281 
11 16 3 18 9 14 50 45 432 
37 43 50 45 53 45 44 45 1082 
40 28 5 6 21 42 38 33 804 
99 96 81 95 61 18 15 67 806 
101 52 7 52 51 17 22 76 341 
31 36 97 3 52 40 8 5 875 
22 7 97 63 82 77 48 54 607 
58 44 84 35 32 88 79 45 1132 
86 91 79 90 86 46 14 9 1194 
73 98 46 43 88 58 46 95 731 
73 40 72 32 5 100 68 66 398 
48 98 6 11 26 8 48 25 180 
97 34 23 53 50 75 80 77 684 
7 17 58 28 90 39 28 8 62 
25 56 88 81 24 21 14 69 137 
96 64 74 40 97 65 44 52 744 
40 22 92 98 54 30 44 63 608 
79 22 10 69 84 19 3 25 849 
31 18 12 4 41 84 64 86 163 
86 69 21 95 86 41 78 90 1062 
17 28 3 60 39 63 72 37 568 
5 29 82 57 39 74 96 15 419 
52 39 83 11 36 70 17 60 1143 
32 86 38 71 93 97 33 89 1185 
70 73 80 51 34 6 37 61 702 
35 31 33 49 101 73 7 28 626 
8 8 94 35 45 81 70 42 627 
12 36 38 87 26 52 77 28 509 
58 3 7 79 75 77 13 83 353 
65 85 87 67 66 67 46 27 986 
7 37 30 101 83 94 55 27 302 
23 50 7 83 74 75 32 51 302 
48 31 35 19 24 64 53 7 698 
68 48 72 73 44 101 71 73 1113 
16 59 22 15 26 50 53 92 410 
25 84 13 15 37 18 42 99 1171 
50 90 15 68 50 78 37 89 973 
57 52 8 8 13 3 84 18 1120 
6 35 7 87 68 34 31 29 288 
48 55 13 56 33 46 6 24 1010 
80 50 11 46 80 39 71 98 486 
29 19 72 12 33 20 26 38 786 
93 65 24 83 39 23 54 91 417 
71 3 21 64 5 92 21 6 833 
84 62 57 69 18 72 94 3 125 
55 38 24 95 32 97 82 15 720 
62 99 13 90 94 91 6 2 1170 
22 68 17 83 94 29 52 44 930 
11 26 49 54 91 37 13 101 657 
14 78 73 26 83 92 33 60 96 
59 96 70 69 66 18 76 74 439 
98 74 46 97 44 90 21 73 1087 
14 10 10 78 79 95 37 94 297 
27 98 86 26 52 35 21 96 584 
10 44 62 33 80 19 102 17 333 
12 18 36 85 7 12 3 21 618 
102 83 19 77 34 74 94 51 926 
