8 8
250
9 85 61 25 46 48 42 67 787 
52 51 33 42 45 3 25 63 1396 
89 87 41 88 46 59 94 59 1625 
93 71 73 11 8 72 62 48 767 
62 27 17 5 94 90 75 82 548 
80 89 63 20 75 23 59 98 639 
62 23 41 4 33 90 48 51 1576 
79 44 45 64 82 99 56 65 584 
73 86 96 53 15 66 25 16 1146 
41 75 97 52 54 13 32 2 411 
10 59 97 29 59 45 94 98 623 
93 18 9 66 66 12 88 88 187 
47 11 10 76 81 18 19 9 1230 
3 29 92 34 33 81 74 47 101 
43 45 30 53 61 19 28 34 1603 
65 76 11 87 66 67 101 87 1485 
19 36 80 81 12 51 70 93 1122 
50 60 87 30 94 21 6 47 700 
86 97 53 93 50 49 20 56 541 
69 18 65 27 35 48 90 57 180 
30 64 36 80 85 70 50 80 1209 
15 37 84 92 84 21 25 18 1473 
42 28 88 33 63 58 18 3 1222 
8 25 28 40 42 40 10 78 1352 
11 7 14 84 45 72 75 7 313 
53 79 36 46 4 19 58 50 469 
27 99 3 80 64 84 95 45 894 
50 77 97 46 83 8 39 16 168 
80 60 85 19 60 58 38 67 397 
43 64 24 10 84 94 11 86 1284 
84 33 45 32 91 2 17 26 484 
26 9 97 31 9 90 9 80 1466 
47 10 41 47 44 99 60 55 1312 
35 42 95 5 37 100 29 57 1346 
69 51 71 85 4 36 29 15 958 
31 14 57 35 3 7 4 66 1240 
42 39 91 48 74 39 22 84 1375 
39 22 73 100 3 54 8 42 477 
23 64 8 7 20 31 40 31 664 
27 102 41 90 3 74 24 89 293 
95 23 78 34 65 22 52 92 1512 
90 33 13 5 29 63 77 83 25 
72 37 21 63 10 46 98 97 1340 
47 51 21 101 78 16 36 15 317 
55 91 101 88 57 30 38 53 1594 
32 24 74 80 14 22 72 54 862 
101 34 15 35 38 70 40 6 665 
76 90 57 99 71 16 44 25 1499 
4 86 81 93 26 59 48 68 1182 
12 70 39 101 31 26 63 37 1313 
8 22 55 33 50 53 90 64 1020 
45 35 56 60 38 92 30 70 1109 
76 10 10 58 89 72 98 30 594 
6 77 62 33 37 35 36 38 41 
41 74 38 30 5 64 97 5 535 
21 54 34 49 72 63 58 90 445 
74 52 35 85 37 22 17 86 1424 
5 13 100 23 26 102 89 92 1576 
34 48 7 48 63 86 39 79 1253 
6 59 7 101 77 50 8 64 1391 
71 57 39 18 15 21 77 94 1498 
37 100 30 34 61 82 66 26 686 
24 28 91 52 48 59 45 13 434 
84 6 39 52 17 64 17 20 562 
61 18 35 88 74 72 94 5 1295 
51 74 100 27 37 53 8 86 590 
98 21 11 82 75 4 95 94 1438 
57 86 86 67 20 43 48 7 125 
11 38 56 21 60 46 80 96 641 
31 59 71 88 47 33 28 21 1613 
27 82 46 33 95 81 84 39 297 
98 86 56 59 81 33 45 98 784 
84 79 64 68 4 81 65 66 574 
22 71 42 55 41 101 44 23 409 
66 81 45 77 40 23 27 84 170 
87 74 80 40 45 50 85 46 680 
39 61 79 67 70 31 46 64 1102 
80 45 46 57 17 60 8 82 291 
7 9 41 43 42 22 70 80 1508 
59 83 29 94 72 97 59 7 1008 
50 100 13 16 32 78 56 49 641 
68 32 59 23 34 65 32 80 598 
4 98 21 59 99 92 38 90 1316 
43 89 75 51 100 12 98 60 1328 
9 92 79 66 89 95 83 4 786 
37 38 51 66 63 95 61 57 142 
45 92 3 23 80 45 97 15 986 
69 19 34 50 26 76 84 26 1426 
61 41 11 27 79 97 44 3 844 
34 79 28 82 93 45 3 55 1110 
82 88 14 37 70 77 35 16 1401 
18 90 14 77 84 39 7 101 263 
101 19 15 8 81 79 93 65 579 
37 89 28 91 49 73 8 3 624 
77 27 72 37 95 64 11 28 225 
42 59 97 90 77 93 29 4 587 
56 76 8 38 46 7 41 100 449 
62 29 43 43 70 83 101 32 1217 
48 66 27 53 99 56 65 53 107 
42 49 14 37 64 47 37 54 451 
34 41 83 68 98 96 37 51 1606 
75 101 91 17 91 47 19 83 610 
13 5 78 54 74 95 101 101 838 
17 27 67 98 8 18 55 69 1481 
95 82 71 33 18 50 58 92 853 
19 27 60 70 20 83 9 26 793 
53 82 69 91 69 99 45 22 394 
35 79 95 75 64 23 56 25 23 
71 82 90 30 99 84 42 83 1200 
95 50 9 86 91 84 69 4 1426 
26 7 15 74 89 98 26 24 229 
61 46 66 39 16 97 82 41 713 
63 25 85 87 50 88 25 52 1173 
19 51 90 13 7 62 36 32 304 
90 98 95 93 6 77 70 83 601 
12 58 36 14 7 52 40 8 1289 
6 40 59 29 51 40 26 9 1188 
28 50 41 6 5 86 78 93 695 
53 72 21 11 19 69 51 15 1526 
40 7 47 40 75 101 83 32 1497 
64 63 50 57 69 98 4 44 544 
100 8 56 53 38 15 9 90 601 
62 97 23 91 80 37 46 89 42 
30 90 77 42 25 75 94 16 495 
97 97 5 25 9 77 36 53 130 
42 89 71 33 33 87 64 23 573 
72 75 85 14 13 82 96 76 882 
60 60 84 83 61 24 85 14 1507 
36 39 90 48 58 29 30 6 1627 
36 99 59 91 80 4 40 23 680 
49 85 86 25 31 35 23 77 1520 
28 61 30 49 50 21 95 30 1378 
49 26 19 58 87 9 82 62 1255 
99 71 82 82 46 39 82 38 487 
10 13 10 56 27 82 36 4 748 
74 89 51 40 98 51 20 93 1590 
27 94 100 79 44 71 59 26 109 
15 47 17 93 69 15 91 87 281 
79 95 101 39 24 85 63 11 1199 
30 60 75 33 64 55 42 58 718 
34 33 71 41 100 3 75 23 924 
33 83 22 38 52 14 34 43 1597 
100 89 72 17 18 35 97 30 1072 
36 84 85 64 53 13 71 59 872 
50 40 97 100 66 3 28 32 458 
55 94 11 63 101 23 57 44 1115 
76 19 17 37 46 72 37 42 642 
75 71 32 11 69 95 60 86 58 
5 2 26 71 91 87 8 44 585 
59 75 85 64 9 11 45 97 654 
40 15 96 27 65 26 64 55 1007 
100 46 27 18 5 17 20 54 672 
46 7 30 32 32 4 36 81 1089 
58 14 64 23 68 75 55 22 1161 
11 80 40 102 9 38 26 10 1598 
13 43 72 70 46 57 70 100 1461 
14 10 85 94 93 86 59 7 672 
102 79 80 55 65 85 46 10 1213 
5 47 100 94 8 24 6 25 619 
99 90 70 9 55 70 85 43 204 
90 19 88 56 45 4 97 26 502 
22 60 79 89 27 38 82 67 879 
94 21 4 63 91 70 48 62 285 
75 95 26 12 72 24 72 58 1489 
90 52 4 97 99 84 94 86 1067 
63 12 65 34 29 90 16 93 352 
13 29 31 20 9 84 87 23 514 
9 13 90 57 19 71 46 95 250 
54 99 24 21 71 7 5 88 830 
56 43 68 38 97 80 3 62 464 
65 72 44 22 13 78 53 87 1192 
79 8 95 97 90 36 75 64 1544 
101 93 60 26 17 24 33 33 1311 
67 72 17 12 56 59 43 84 377 
75 34 88 48 70 86 34 28 1302 
60 61 55 34 65 35 86 3 1112 
72 41 56 23 91 82 98 87 238 
60 69 54 38 56 8 13 102 502 
11 55 25 76 94 91 44 75 1170 
29 36 9 84 28 54 91 72 704 
71 54 45 8 52 85 72 76 965 
30 24 7 49 23 65 4 77 785 
47 99 49 67 81 17 10 71 847 
9 77 42 102 49 86 65 44 777 
90 4 5 42 6 20 32 16 836 
68 82 15 46 82 53 6 46 1199 
98 6 76 30 100 84 33 64 1611 
21 30 78 23 86 80 18 17 1191 
47 7 95 31 36 66 66 44 1448 
41 66 97 91 97 5 12 69 627 
76 62 6 23 11 43 21 14 1411 
78 47 98 36 30 68 80 61 633 
83 69 72 11 66 59 95 94 1612 
6 31 34 75 13 19 42 44 892 
71 26 99 54 12 25 80 91 1577 
95 7 38 31 13 38 66 32 1628 
71 67 98 49 30 18 45 18 1346 
56 5 36 80 96 88 13 11 581 
44 31 59 49 33 77 62 2 1429 
65 76 20 98 11 83 20 73 1264 
60 24 98 82 11 96 42 26 1406 
65 17 12 52 20 4 3 24 18 
45 24 35 24 89 30 31 82 676 
66 60 95 55 63 25 10 55 1419 
42 64 22 65 9 9 91 100 1393 
79 15 58 19 98 90 82 77 810 
46 39 37 70 53 31 55 78 1081 
95 11 56 89 44 67 17 63 972 
83 82 17 28 35 91 45 54 1097 
87 50 64 8 75 88 75 66 268 
54 74 13 93 12 33 43 98 1441 
33 92 73 93 4 37 30 101 1550 
37 21 6 48 27 101 64 70 465 
6 89 38 70 16 80 51 65 1445 
50 93 72 86 86 39 3 13 1011 
99 97 48 29 80 76 93 41 741 
14 7 50 14 30 44 5 39 150 
54 65 78 95 44 40 48 82 139 
27 53 36 69 48 15 39 68 1190 
84 79 11 64 79 77 35 39 951 
43 39 64 31 83 49 30 51 785 
88 6 55 10 83 100 68 68 1437 
13 47 62 36 76 65 71 22 992 
102 92 88 3 62 7 82 7 700 
48 98 71 89 42 99 67 53 1006 
22 77 97 13 98 13 89 24 1494 
101 9 65 101 62 63 88 30 964 
64 87 46 50 30 78 57 21 1150 
21 26 7 65 71 25 3 51 740 
67 91 96 77 16 40 16 84 1606 
82 49 38 10 3 14 40 5 1083 
20 74 49 22 57 79 42 70 1593 
88 38 40 42 100 12 18 23 630 
67 89 74 7 37 48 80 77 1181 
36 13 25 96 27 67 58 86 1265 
100 48 36 19 37 47 43 30 750 
62 43 51 28 94 82 75 74 278 
97 14 39 3 44 82 7 8 940 
77 94 12 75 85 16 35 20 1230 
7 51 54 28 67 9 2 19 566 
25 10 21 45 22 55 50 64 1166 
42 99 6 56 14 31 90 68 573 
37 89 59 37 95 76 6 71 383 
67 70 50 32 3 27 48 83 1604 
40 33 74 59 26 24 45 95 348 
74 53 39 25 41 100 74 67 489 
79 90 17 47 41 53 32 85 1522 
26 12 98 81 10 33 32 51 575 
65 80 65 38 94 3 54 35 287 
89 45 32 51 60 38 97 70 1516 
