8 4
250
33 45 20 17 14 24 58 23 200 
90 83 79 43 102 12 52 9 471 
99 56 11 85 90 49 87 76 325 
54 47 85 35 62 42 40 5 146 
30 33 60 91 38 92 69 41 318 
21 48 81 51 16 76 44 15 587 
77 50 57 73 32 39 84 6 617 
43 57 23 39 4 98 94 24 618 
101 10 20 22 18 51 10 69 232 
63 5 34 11 93 49 70 65 452 
64 59 3 23 8 34 16 27 690 
20 83 46 84 59 93 100 45 37 
56 57 34 9 65 65 11 23 8 
46 35 66 76 72 41 43 32 536 
76 80 4 87 8 93 66 92 699 
86 81 48 43 12 50 44 15 70 
25 58 96 40 14 87 33 72 757 
23 45 13 7 43 29 28 26 530 
4 71 51 43 45 75 79 27 347 
56 5 24 17 34 59 33 20 606 
74 38 68 19 56 38 100 45 386 
76 82 40 21 17 88 85 42 362 
61 84 15 23 63 89 45 79 545 
72 7 13 57 76 26 55 56 716 
101 87 17 16 45 101 28 5 368 
7 37 90 38 34 94 14 74 292 
63 53 78 80 76 79 71 30 311 
38 22 7 16 69 63 100 86 446 
31 47 41 16 97 60 45 40 345 
80 36 75 21 44 5 90 93 22 
14 22 13 41 47 18 63 91 680 
41 93 70 29 40 50 39 85 215 
99 49 58 20 38 38 37 93 764 
67 19 79 5 28 77 61 88 523 
45 92 3 25 55 8 76 5 385 
76 53 98 28 84 61 79 93 362 
49 97 86 77 6 56 24 98 592 
8 39 67 95 70 54 86 96 758 
27 76 97 52 45 35 91 63 322 
99 41 37 20 28 37 33 14 748 
82 70 89 49 3 58 35 70 543 
84 83 86 47 44 89 68 53 146 
52 99 53 54 88 45 17 27 468 
39 90 12 32 64 58 62 6 220 
8 80 74 40 18 77 68 9 651 
58 55 99 50 54 77 19 84 124 
42 30 83 45 34 79 101 98 656 
58 54 21 30 87 40 62 62 595 
47 13 83 78 87 81 65 61 586 
62 91 38 37 15 82 43 22 623 
48 65 48 98 41 22 97 12 453 
62 30 70 62 90 94 4 74 575 
36 66 45 4 82 75 7 41 60 
46 23 40 41 89 67 63 17 792 
29 51 74 63 84 77 26 5 255 
5 2 4 46 35 44 12 8 452 
36 46 85 75 93 2 15 52 732 
19 23 43 5 100 75 97 78 183 
101 76 85 70 80 79 44 3 319 
8 3 90 98 31 83 12 30 579 
16 56 60 73 49 33 87 9 670 
92 2 4 31 51 60 22 13 268 
75 68 68 8 32 92 63 9 406 
4 23 94 62 96 72 4 83 177 
66 29 28 53 85 73 97 54 12 
39 79 54 32 79 20 50 39 509 
7 11 26 71 12 42 84 85 698 
92 32 8 33 29 70 38 58 685 
8 23 85 97 13 80 90 26 252 
100 74 46 75 14 59 10 99 588 
100 97 19 88 71 102 87 7 179 
97 8 52 85 96 23 36 44 127 
81 11 100 47 82 88 11 86 89 
43 19 20 51 25 32 98 40 499 
69 22 54 85 12 8 59 95 153 
83 17 80 26 41 72 44 31 718 
76 55 17 33 79 88 91 46 714 
6 48 84 22 89 58 62 70 179 
65 99 102 93 90 89 69 31 563 
34 19 80 50 10 97 44 24 696 
48 38 45 68 96 67 21 55 390 
38 62 30 25 66 73 51 80 263 
90 85 66 30 66 51 19 59 221 
11 58 40 90 81 67 73 15 263 
81 99 5 36 75 37 41 33 556 
43 12 55 9 101 31 65 55 320 
23 21 74 96 52 39 40 12 796 
12 51 84 65 54 53 41 72 664 
31 56 12 31 91 35 82 77 385 
75 5 58 11 27 27 28 52 774 
62 86 49 68 98 65 40 32 674 
88 81 60 5 69 31 50 35 810 
31 94 32 41 16 76 92 67 59 
43 3 25 59 38 4 58 81 698 
36 65 60 49 93 61 52 96 788 
91 73 37 29 63 94 28 99 474 
67 24 72 75 79 33 58 99 236 
61 32 44 58 49 90 46 16 578 
43 83 2 73 90 22 80 3 771 
74 16 42 34 33 41 46 93 467 
17 63 88 30 94 97 32 93 529 
56 35 25 49 85 48 23 87 132 
60 97 35 53 98 78 38 86 673 
91 29 101 5 13 59 33 31 439 
87 15 92 8 42 99 57 25 549 
73 26 33 96 13 48 25 89 783 
26 67 67 12 93 9 14 44 521 
68 53 24 68 18 56 95 38 587 
28 54 56 38 98 75 11 67 489 
53 97 19 55 82 27 63 10 524 
91 77 24 85 96 101 35 91 588 
47 7 11 79 3 76 76 99 286 
44 89 71 94 3 28 49 63 379 
49 15 73 99 8 10 92 6 505 
52 45 60 58 5 9 2 66 494 
53 76 97 44 82 85 92 21 167 
97 99 75 98 37 35 54 88 625 
3 50 101 2 89 99 15 26 440 
79 88 86 64 94 39 68 98 707 
54 7 35 91 9 88 90 97 59 
90 56 10 28 6 19 32 102 130 
63 53 89 100 31 58 31 15 275 
38 35 7 38 33 41 48 2 663 
46 14 43 15 14 94 92 26 574 
48 53 84 70 34 94 24 6 369 
101 56 78 79 62 96 55 54 507 
4 55 25 71 82 5 37 88 719 
77 51 40 98 10 7 87 85 506 
54 70 3 15 16 29 96 49 378 
8 68 54 48 62 62 32 90 585 
49 79 74 81 34 48 6 49 451 
9 6 49 72 94 79 34 3 686 
63 91 40 98 76 35 59 32 165 
38 31 91 80 68 22 36 40 50 
92 75 38 57 11 70 74 90 354 
102 37 77 77 16 60 78 70 808 
35 53 5 41 24 5 28 70 145 
68 31 40 29 39 56 73 44 233 
50 8 81 73 27 89 91 60 774 
47 63 17 33 4 99 23 2 711 
5 53 53 35 31 44 52 8 483 
7 75 100 23 6 74 32 30 507 
22 64 28 18 52 66 10 82 52 
5 37 29 42 8 38 69 70 744 
79 17 79 40 23 21 30 86 690 
99 26 59 46 3 76 37 3 312 
63 89 3 89 27 51 38 49 574 
34 67 69 64 57 38 82 55 106 
87 84 44 9 91 68 81 13 461 
51 61 37 55 7 6 100 7 662 
92 92 92 30 4 75 51 97 155 
19 37 71 23 65 49 63 52 159 
98 56 100 38 10 16 94 89 722 
38 81 62 65 65 51 57 93 519 
25 59 82 70 60 95 49 64 623 
89 29 98 89 94 57 87 4 419 
85 56 84 78 38 17 87 15 138 
61 56 74 22 68 74 86 40 766 
41 30 98 7 91 48 40 8 487 
95 50 88 7 80 63 100 74 300 
84 49 23 67 85 46 79 90 64 
7 69 63 26 6 56 63 48 603 
57 80 68 38 40 32 57 94 532 
33 56 79 12 24 96 38 4 743 
75 76 47 54 30 3 40 35 319 
101 71 47 34 46 34 90 45 764 
73 48 11 92 12 93 81 48 280 
33 97 46 69 90 4 65 90 591 
31 5 52 67 100 7 93 59 192 
22 101 12 47 25 81 3 67 455 
84 85 65 56 75 84 68 9 317 
97 34 83 45 70 59 61 61 330 
45 8 51 7 101 56 70 61 388 
27 88 74 67 68 25 48 84 40 
11 77 32 70 100 92 68 99 203 
44 79 32 55 88 66 41 59 479 
9 79 86 12 88 16 37 44 180 
69 32 68 60 99 89 54 52 679 
12 77 10 61 41 4 31 28 664 
19 73 102 10 28 10 66 41 37 
23 101 92 18 35 58 70 101 549 
61 86 83 45 3 38 83 31 671 
53 50 41 84 83 62 35 20 576 
24 61 5 60 96 60 85 33 418 
96 96 44 53 92 41 37 72 341 
3 76 72 66 29 100 28 15 740 
68 40 20 31 86 18 88 48 330 
66 3 92 25 63 72 87 89 282 
42 102 60 101 49 12 21 34 357 
2 61 34 8 34 82 69 19 759 
35 66 13 28 67 47 101 73 570 
53 80 15 3 81 41 65 88 113 
35 69 93 10 12 54 74 88 712 
10 60 71 12 58 46 79 54 189 
26 16 37 16 2 78 43 69 440 
32 102 82 95 45 48 69 37 409 
4 27 56 61 56 81 59 93 111 
3 44 24 71 26 29 18 41 586 
81 21 69 17 69 45 100 44 704 
9 17 17 26 45 23 96 77 222 
71 67 63 57 58 11 65 42 209 
33 63 78 55 78 5 76 90 127 
85 89 60 13 63 14 95 52 617 
100 79 101 3 77 51 102 49 604 
13 26 65 60 55 29 20 69 660 
12 57 41 14 52 57 8 13 723 
71 60 6 51 64 8 36 66 517 
28 32 88 29 55 31 31 65 520 
54 28 36 33 95 96 33 85 776 
38 88 29 46 98 67 62 33 729 
72 64 64 59 26 90 66 93 298 
97 85 4 12 84 89 93 55 692 
57 41 67 12 20 81 13 99 637 
38 84 36 23 69 24 41 62 6 
3 98 4 48 69 3 60 38 813 
95 28 6 42 54 44 82 8 752 
26 61 46 85 47 29 12 29 76 
4 76 18 82 73 24 89 92 470 
85 11 74 66 54 84 81 20 579 
76 98 32 94 43 63 32 17 7 
58 20 52 77 38 41 94 58 506 
85 15 57 84 55 64 87 99 791 
22 62 9 64 6 29 58 38 256 
81 12 35 57 52 57 24 32 589 
9 10 75 34 73 98 22 98 46 
17 94 45 70 9 46 66 11 449 
95 96 16 25 21 102 10 15 378 
31 30 65 2 62 25 92 80 722 
26 90 91 13 44 10 24 43 363 
90 14 5 91 93 43 2 30 298 
60 86 92 75 26 60 52 93 557 
45 17 34 22 79 31 58 42 175 
68 85 54 8 4 80 57 22 15 
46 42 39 24 102 34 89 34 766 
101 53 66 33 63 53 42 81 210 
15 71 36 75 35 52 22 37 373 
87 54 84 14 20 6 59 9 420 
33 23 18 102 35 47 38 59 734 
59 37 24 3 69 25 54 45 418 
69 72 9 89 4 67 88 4 658 
14 89 34 62 76 56 102 11 472 
12 15 38 91 40 78 62 65 812 
26 86 87 61 62 77 55 91 298 
46 46 21 53 16 33 66 26 576 
59 99 63 70 4 60 67 44 245 
17 80 35 33 28 42 67 65 155 
98 54 29 59 9 87 20 57 526 
41 61 101 7 27 16 8 5 538 
41 58 84 29 96 19 48 40 91 
6 16 20 81 87 53 14 71 588 
