8 4
250
85 12 41 48 15 13 18 71 494 
67 16 44 38 101 13 12 44 690 
65 74 74 67 86 44 32 69 807 
99 60 93 33 98 93 76 56 72 
33 41 10 54 59 16 7 83 354 
102 19 7 97 68 93 12 44 376 
18 21 29 99 17 49 14 21 95 
71 36 20 53 64 47 5 81 21 
78 13 17 60 61 5 101 33 407 
95 4 94 2 23 56 47 60 285 
84 36 26 64 42 40 5 38 385 
28 51 57 62 94 89 90 36 251 
33 60 62 26 100 87 99 21 144 
22 71 15 65 8 6 13 23 368 
80 16 74 79 57 26 58 75 665 
97 36 11 6 14 89 26 16 811 
77 60 38 41 66 23 23 85 544 
36 64 46 53 51 74 44 12 162 
61 56 5 38 71 27 5 5 697 
10 17 59 28 42 93 7 37 511 
11 41 52 53 58 74 59 23 91 
40 45 86 39 64 4 69 67 489 
98 41 92 13 38 64 37 15 555 
11 10 24 54 48 16 11 35 582 
72 10 101 33 81 49 16 67 483 
3 73 55 57 61 77 33 10 784 
75 100 5 90 18 45 6 50 113 
91 88 99 73 30 31 33 100 463 
63 67 63 44 99 73 5 36 344 
17 56 51 49 23 40 20 38 290 
70 83 94 58 29 33 35 27 650 
64 33 45 26 27 63 21 72 357 
38 33 3 34 88 83 3 91 767 
67 44 67 61 55 94 96 64 135 
66 7 39 32 11 73 93 43 32 
101 93 31 90 30 52 96 84 49 
36 39 98 13 57 40 39 71 682 
17 5 80 53 33 65 47 56 534 
8 8 23 32 43 47 80 3 801 
67 79 16 17 67 73 88 61 210 
23 55 52 101 95 42 90 79 308 
28 50 62 69 44 76 87 90 621 
86 7 98 52 35 56 42 74 747 
72 2 40 9 67 73 39 26 12 
18 9 15 83 44 66 10 54 433 
40 100 37 42 32 79 97 4 447 
31 72 22 98 61 23 51 20 625 
101 21 85 91 32 20 74 71 662 
65 5 65 34 45 83 3 4 602 
59 32 73 64 14 65 19 10 443 
83 22 50 95 34 26 89 10 269 
72 51 71 19 70 62 98 34 801 
94 99 29 41 97 59 49 94 723 
8 40 9 22 74 24 66 93 409 
35 72 73 41 47 37 51 33 435 
7 42 64 12 68 82 67 27 86 
29 45 26 93 48 42 37 83 576 
28 52 79 49 55 78 12 65 509 
29 55 54 95 92 66 6 44 422 
29 98 74 28 57 50 14 39 399 
28 44 26 33 6 65 66 24 668 
79 60 90 88 2 5 20 40 584 
60 36 55 63 90 6 91 10 700 
101 102 97 31 37 17 30 87 171 
41 98 51 91 30 69 84 29 688 
66 43 97 70 10 18 78 56 25 
98 67 56 22 44 97 80 68 186 
89 50 24 74 60 18 85 81 348 
24 71 8 87 81 63 22 27 550 
92 32 94 80 55 84 15 34 161 
69 21 55 56 13 65 47 97 646 
64 94 85 82 88 31 76 56 690 
99 13 89 95 102 20 30 89 290 
33 11 97 43 62 28 98 18 494 
91 71 60 45 42 86 84 60 272 
86 13 46 65 7 101 99 17 170 
35 75 21 38 28 26 30 16 705 
86 23 34 59 86 72 70 87 696 
29 56 73 5 14 44 87 46 628 
93 70 6 98 45 46 8 65 348 
44 55 45 36 17 28 99 100 299 
3 29 29 76 96 22 15 73 499 
52 32 64 79 53 84 49 39 374 
85 90 80 90 53 22 29 29 259 
45 95 41 46 8 16 8 85 137 
52 19 76 86 85 75 85 58 272 
83 67 4 63 89 81 83 17 84 
60 16 78 9 49 70 90 73 638 
24 8 26 50 73 70 67 99 166 
74 101 7 7 6 97 89 49 508 
31 84 7 63 66 93 6 49 569 
42 45 71 8 98 14 97 63 411 
11 35 96 36 98 93 60 11 133 
7 55 11 83 21 3 7 61 729 
75 63 44 35 46 26 100 27 438 
53 68 5 95 13 45 47 81 112 
70 97 88 17 4 57 77 100 770 
63 62 26 71 3 39 25 24 4 
11 77 91 72 38 73 39 10 352 
15 15 44 68 38 43 89 39 523 
5 60 61 88 60 48 31 40 534 
32 84 67 68 72 91 45 39 27 
26 101 61 17 80 97 14 64 698 
54 96 26 85 84 66 75 21 515 
43 24 19 46 42 101 7 9 213 
80 49 45 55 25 101 40 65 313 
7 90 83 66 76 99 62 79 353 
43 49 102 3 95 52 28 4 118 
88 83 60 62 12 72 71 36 122 
45 102 73 27 47 21 28 70 259 
84 79 50 22 86 65 58 66 493 
28 80 56 94 28 24 87 54 668 
82 47 80 12 98 42 84 19 631 
74 18 4 83 77 28 21 46 201 
68 68 99 97 7 48 12 45 460 
63 52 76 52 42 95 39 48 187 
56 74 83 10 41 68 88 86 389 
61 47 5 30 75 84 99 21 702 
87 87 42 34 2 55 86 23 548 
6 24 78 10 45 31 5 67 593 
45 60 29 33 11 23 101 53 797 
55 36 79 94 55 24 9 55 496 
85 24 73 31 26 20 101 85 505 
73 52 4 76 26 10 11 56 496 
61 56 78 21 35 51 57 32 709 
92 14 71 57 3 93 70 23 353 
3 16 36 11 34 28 61 29 11 
98 82 11 70 84 100 63 50 810 
86 65 91 24 75 96 33 11 578 
94 19 51 13 7 6 67 10 325 
29 52 24 52 62 8 50 61 413 
80 24 31 73 96 54 93 86 470 
56 81 43 41 80 25 57 69 86 
54 87 77 7 5 76 61 36 804 
79 36 5 85 76 16 46 55 712 
43 23 25 99 22 23 48 13 239 
100 90 74 101 97 95 98 98 608 
78 74 20 57 14 62 56 16 410 
56 73 7 29 98 26 38 16 371 
89 57 67 56 61 94 47 62 375 
28 80 41 12 89 80 42 70 662 
71 88 11 65 45 8 73 94 327 
26 73 94 50 65 83 50 10 340 
11 24 15 28 12 54 16 29 290 
13 47 86 29 89 30 45 69 230 
38 27 14 61 85 69 54 23 726 
56 81 17 61 64 81 39 32 373 
70 44 78 60 50 18 73 62 386 
58 100 86 66 6 98 55 14 683 
32 52 42 48 76 91 65 62 398 
22 54 85 7 92 59 84 77 202 
54 80 78 98 90 24 22 98 189 
7 92 77 21 8 51 97 9 651 
8 24 70 89 97 90 69 53 67 
66 54 10 29 83 31 74 3 277 
10 36 64 19 28 80 68 60 575 
76 3 48 36 11 85 79 79 436 
58 67 85 90 31 40 16 58 364 
17 80 11 48 49 7 18 90 597 
20 91 98 92 23 39 20 95 402 
64 32 44 27 51 7 78 17 295 
52 22 6 26 5 72 36 53 648 
64 30 56 43 20 23 12 62 718 
59 68 46 48 72 38 91 55 210 
4 92 31 6 72 34 71 67 559 
71 95 88 28 58 72 60 58 526 
97 22 14 23 17 92 19 20 401 
94 6 51 70 38 52 46 34 496 
53 60 60 25 75 55 55 43 543 
4 33 12 76 90 16 74 96 269 
15 83 78 41 89 54 85 79 498 
21 3 60 38 84 27 11 9 799 
8 74 50 62 70 75 25 17 710 
41 19 18 37 98 44 19 33 413 
87 13 73 9 42 97 94 36 331 
11 68 52 87 67 83 18 68 178 
87 55 15 4 18 74 67 46 489 
47 86 7 18 21 52 76 26 783 
29 101 34 54 70 37 35 16 402 
40 56 54 37 21 32 22 34 638 
40 85 97 101 44 98 38 49 405 
38 95 49 101 13 43 87 92 546 
91 35 87 80 71 4 25 29 729 
10 12 68 77 97 89 74 38 337 
3 30 60 38 19 24 87 100 173 
4 40 46 13 52 31 65 33 807 
95 62 16 95 79 16 9 30 304 
86 62 100 61 29 76 2 86 506 
11 55 18 65 95 74 83 22 726 
48 99 61 39 14 66 90 81 625 
29 9 53 45 31 91 86 3 306 
25 45 13 72 12 68 69 56 639 
85 32 69 44 14 58 27 63 250 
80 49 50 35 73 50 100 75 627 
13 68 25 29 81 93 36 60 631 
79 78 89 95 72 61 88 8 402 
11 87 97 97 20 70 60 9 443 
92 92 74 66 74 40 91 58 718 
57 57 53 78 10 57 81 50 696 
46 86 80 91 49 67 101 90 716 
84 18 50 57 71 74 39 47 555 
7 16 6 51 6 15 73 33 413 
100 36 79 42 18 72 85 17 184 
79 3 44 9 67 86 52 10 329 
42 102 88 81 41 65 89 76 280 
83 96 82 66 20 18 17 2 447 
12 43 2 80 74 56 52 63 361 
27 101 51 22 101 98 75 33 257 
66 21 97 16 56 44 38 4 167 
44 14 84 28 94 66 31 41 543 
42 64 30 34 31 80 21 63 613 
87 63 97 86 93 90 87 53 662 
62 99 90 60 45 72 36 10 394 
64 101 9 86 93 62 32 35 562 
6 34 92 19 97 94 69 52 329 
27 60 24 97 43 43 85 72 350 
81 84 21 59 100 23 32 60 508 
70 3 73 37 56 59 21 83 156 
93 44 4 97 93 94 32 11 410 
29 69 60 68 3 23 19 53 425 
51 48 35 71 89 39 32 101 405 
71 92 5 66 78 62 24 95 223 
43 86 92 29 29 92 73 5 739 
6 5 102 52 20 5 7 71 287 
88 24 57 67 67 95 45 63 154 
49 64 93 100 46 11 96 78 550 
64 24 21 45 100 86 49 28 785 
52 22 74 102 61 9 27 38 579 
74 78 21 99 87 68 73 26 335 
102 9 61 93 58 43 38 46 384 
18 44 26 73 20 41 99 95 337 
48 49 6 86 75 9 40 24 3 
50 66 40 55 74 76 45 49 159 
39 61 66 33 66 17 62 11 770 
49 3 60 82 3 94 27 27 631 
39 17 36 54 55 36 43 90 647 
11 65 72 52 30 73 22 61 279 
79 18 85 91 26 65 15 93 168 
44 70 66 48 30 50 98 8 260 
87 87 7 32 91 78 38 53 376 
26 99 76 89 62 43 60 50 76 
96 51 93 73 41 65 16 102 159 
17 65 38 24 56 24 41 37 605 
31 50 28 9 55 75 19 90 767 
49 56 10 24 90 82 40 4 467 
43 16 48 44 18 92 59 22 716 
12 4 45 54 50 28 69 31 816 
85 89 98 20 55 53 71 69 369 
13 95 77 58 86 54 67 101 167 
30 88 34 38 53 34 88 9 703 
