8 8
250
98 32 51 87 5 75 100 47 1103 
37 5 62 102 5 32 7 94 158 
64 20 34 62 81 49 43 98 1397 
100 56 35 27 45 40 69 8 477 
85 44 95 96 43 24 93 43 437 
3 3 5 16 74 6 23 10 1288 
82 39 53 4 46 8 89 2 1491 
37 13 62 24 35 99 3 24 818 
19 70 79 12 71 40 22 42 1560 
85 86 84 31 6 37 61 89 1130 
80 83 100 88 8 42 33 58 490 
68 81 70 8 15 52 56 6 654 
4 72 70 15 83 6 13 7 268 
11 8 9 28 65 48 29 25 669 
54 32 64 39 81 15 10 56 1001 
30 79 73 34 77 102 97 59 281 
3 67 102 96 78 4 26 24 819 
25 43 18 23 81 92 11 3 1208 
80 67 93 57 7 29 44 85 454 
47 79 33 9 33 8 31 28 953 
43 60 57 62 15 60 65 87 218 
48 9 100 83 25 76 28 19 1506 
29 48 61 75 54 95 76 81 729 
22 18 12 12 94 54 34 70 705 
21 20 54 35 95 22 16 99 1238 
32 67 56 59 84 16 16 5 1315 
101 70 8 64 88 36 15 45 1132 
6 38 17 48 51 57 33 8 1612 
42 96 55 41 60 57 19 46 227 
93 65 36 97 98 91 74 35 1626 
39 59 34 20 22 51 53 13 991 
63 86 18 100 28 77 18 76 148 
29 62 12 53 47 44 22 24 1315 
37 10 42 28 76 17 58 96 803 
69 24 76 6 91 50 96 58 986 
100 95 39 61 82 24 82 46 1201 
92 87 14 92 99 100 71 18 37 
22 37 12 3 45 34 28 51 835 
37 26 73 64 59 91 83 25 484 
46 78 31 20 48 31 44 68 143 
39 79 27 78 37 75 48 76 348 
52 99 52 6 35 33 73 47 343 
5 30 30 25 11 77 70 27 647 
75 4 91 83 61 79 26 91 1178 
28 61 90 100 18 85 70 33 428 
82 42 45 100 49 2 10 41 627 
82 16 69 52 10 12 36 74 1179 
34 71 40 75 83 46 61 47 1411 
34 7 13 48 58 80 51 90 1389 
99 77 57 91 75 22 41 45 1229 
7 78 53 80 66 46 13 38 1014 
90 9 61 101 41 4 16 78 555 
29 37 60 91 4 22 27 39 1582 
20 45 98 20 36 39 71 56 1132 
38 56 43 70 37 22 18 62 1321 
28 100 38 54 77 99 88 14 145 
19 17 76 33 55 29 49 95 1510 
68 72 75 23 32 87 35 80 357 
95 61 101 40 75 44 41 101 636 
63 68 70 102 34 24 31 54 633 
98 7 3 16 23 44 29 52 1464 
10 7 70 53 21 99 77 95 855 
11 81 44 34 94 56 90 88 448 
26 68 41 53 95 80 48 40 1193 
23 81 41 59 13 25 54 33 1540 
73 12 49 74 27 41 72 21 1195 
99 66 16 49 28 36 17 5 1372 
53 59 14 92 7 83 25 56 237 
16 54 70 21 82 62 62 20 1250 
83 54 44 102 83 76 7 52 1206 
61 75 55 6 44 10 41 3 1210 
84 82 7 67 50 72 26 58 1098 
8 80 86 55 90 10 60 36 836 
44 53 79 40 88 57 10 66 1323 
63 12 12 62 82 81 88 79 608 
74 18 6 73 77 26 8 101 1168 
92 8 88 47 48 10 59 99 810 
99 46 97 52 59 87 91 65 766 
60 48 100 7 69 12 73 88 300 
50 73 78 55 34 88 85 19 947 
97 18 65 3 5 85 32 91 541 
44 24 60 21 84 15 79 51 873 
75 88 41 77 76 62 92 11 420 
76 47 14 10 69 42 29 96 760 
86 58 44 17 77 81 79 31 1058 
62 30 91 65 77 85 35 12 520 
21 22 45 5 13 96 59 58 715 
23 36 57 20 95 90 68 96 1506 
13 60 13 62 100 47 97 32 1317 
39 12 72 31 78 58 10 9 1207 
6 82 47 50 60 21 37 58 1549 
12 44 38 2 99 84 93 24 862 
23 61 24 99 10 83 16 22 743 
76 94 60 101 12 87 17 64 222 
49 65 101 93 27 44 52 87 1443 
47 39 15 90 39 56 5 89 784 
54 9 74 67 36 40 76 63 1043 
39 13 34 52 88 37 70 46 960 
55 32 36 82 49 25 94 71 1369 
34 88 57 7 98 25 39 65 906 
44 84 31 64 20 66 80 16 1220 
59 97 53 80 22 95 97 52 933 
16 74 61 51 74 68 56 43 1219 
11 34 17 11 15 25 82 28 1011 
32 94 14 72 4 36 50 38 1208 
35 57 68 64 12 48 68 25 1479 
98 95 12 65 10 78 92 71 1333 
62 49 84 30 100 95 33 67 955 
47 46 72 28 3 38 94 23 1415 
10 49 24 72 45 91 35 86 552 
54 69 86 38 82 35 54 91 1443 
94 7 59 75 32 47 89 23 1295 
23 72 94 76 73 89 91 83 355 
62 92 6 94 97 16 62 82 1586 
77 10 66 38 76 14 50 102 256 
32 38 19 79 84 24 12 14 223 
44 80 99 99 49 101 14 94 1607 
86 2 12 44 15 53 50 14 208 
17 86 98 81 28 73 74 61 743 
7 85 10 84 84 85 3 20 32 
3 80 63 67 27 84 16 65 1623 
8 89 25 68 31 72 12 97 449 
19 65 54 27 27 89 55 9 159 
93 5 20 29 44 97 51 49 555 
53 52 61 16 68 65 74 68 1175 
25 41 56 39 74 89 58 85 902 
52 77 55 76 14 20 74 25 988 
83 81 48 29 19 84 38 61 735 
70 5 99 91 55 61 18 33 1116 
58 56 33 33 73 61 42 101 1174 
83 79 40 44 44 45 4 92 1423 
28 97 23 74 3 15 44 90 1309 
60 63 24 96 61 83 52 18 1133 
31 53 10 89 89 20 12 58 1332 
9 28 63 56 89 65 74 91 578 
49 86 54 20 91 85 80 84 613 
52 88 21 59 94 28 75 75 650 
81 41 10 5 65 47 33 37 1008 
21 6 77 61 24 71 48 5 532 
19 13 64 28 11 8 83 62 1131 
65 52 36 37 83 16 25 95 819 
30 46 23 9 89 55 23 61 1269 
65 92 66 51 13 91 95 58 1013 
80 55 32 4 24 5 78 70 1390 
29 86 25 63 38 32 21 20 959 
13 12 26 11 7 52 30 20 1135 
7 16 41 47 44 27 54 47 645 
22 27 24 21 33 21 70 96 1219 
57 4 56 36 32 94 33 84 759 
40 71 51 83 76 6 35 73 892 
48 84 45 100 11 93 92 101 1518 
39 95 81 7 43 13 77 75 259 
17 73 86 49 17 61 80 16 1253 
93 41 53 20 87 62 66 24 187 
34 58 95 65 46 33 101 96 1460 
69 35 30 40 7 3 90 20 5 
73 101 70 85 22 97 16 101 982 
44 21 9 21 43 21 102 45 279 
25 54 28 55 50 23 72 13 1326 
51 55 36 52 32 70 62 95 385 
46 51 38 100 51 47 73 60 1227 
84 50 93 11 40 64 86 68 1079 
76 20 53 49 15 11 16 67 761 
28 93 91 42 62 50 97 58 1546 
83 27 4 83 84 92 48 90 1032 
92 42 17 74 69 66 4 88 1223 
75 99 37 29 86 86 100 46 1084 
88 45 90 45 16 84 69 5 664 
66 94 38 63 3 28 48 26 417 
34 57 27 27 40 76 76 25 966 
62 56 43 20 85 40 26 61 738 
77 49 28 35 6 66 26 40 1523 
41 14 97 12 83 62 61 69 1467 
44 63 7 16 71 93 25 10 805 
101 48 11 100 39 44 82 73 1251 
102 101 52 63 3 2 83 36 180 
66 52 75 84 61 18 50 84 1599 
43 63 80 36 12 98 16 26 1501 
86 43 77 55 31 12 85 61 1106 
42 83 62 6 35 37 83 61 945 
79 19 89 95 52 57 46 42 158 
100 68 91 56 49 79 10 99 1524 
38 12 23 65 101 102 51 10 21 
40 38 30 46 56 53 41 40 114 
7 93 93 22 11 91 3 87 1523 
81 88 36 85 98 38 43 46 798 
39 16 21 89 46 44 56 8 62 
83 57 14 40 17 11 72 5 95 
4 19 3 34 64 16 9 72 369 
69 56 42 94 4 11 4 4 388 
90 20 49 51 68 5 88 21 492 
83 42 72 27 15 95 33 41 451 
50 7 54 7 82 76 21 89 848 
66 92 54 5 38 16 87 84 1388 
61 55 53 100 48 45 86 28 483 
54 44 43 49 63 65 84 56 1571 
74 86 40 75 32 81 53 24 486 
80 80 6 59 42 34 10 74 1404 
78 52 61 12 22 57 47 69 739 
13 19 30 91 23 84 20 16 1601 
49 88 25 74 49 26 15 8 778 
28 98 4 11 41 91 79 7 68 
39 64 65 85 30 65 36 42 90 
3 91 59 24 41 28 36 63 1397 
65 6 5 37 99 16 9 21 1168 
46 4 79 41 14 18 80 82 845 
37 66 60 62 41 8 21 14 286 
93 6 58 77 77 80 6 16 18 
3 4 67 51 78 11 94 92 626 
30 64 79 43 45 61 77 101 1570 
29 5 68 99 18 87 99 18 251 
17 70 29 101 37 99 17 80 1280 
88 88 91 52 70 51 70 93 808 
42 52 63 100 3 79 84 79 175 
37 6 88 82 54 61 95 78 355 
14 31 29 82 27 68 82 90 209 
9 79 37 19 31 28 38 59 1075 
56 19 70 52 19 61 89 82 1203 
95 8 36 31 58 94 29 58 1008 
24 62 27 97 20 14 66 77 1618 
77 21 77 62 47 98 96 41 968 
56 64 14 71 95 48 94 89 1341 
81 80 23 46 92 74 66 15 1574 
43 61 102 57 88 44 61 13 1000 
100 35 63 40 38 19 34 75 1542 
51 56 69 81 5 32 32 87 1578 
80 34 31 5 98 34 101 55 1300 
62 100 78 72 11 84 86 96 893 
23 43 44 6 13 19 80 16 970 
31 63 58 71 27 3 47 83 1301 
35 97 39 32 41 85 40 75 1223 
20 81 47 87 97 12 78 11 725 
56 76 23 14 28 84 74 72 1494 
26 92 75 77 27 30 4 54 1608 
20 93 4 61 68 40 44 61 576 
17 46 68 48 96 18 58 93 118 
61 23 72 57 59 71 93 16 1343 
4 45 56 19 85 45 13 59 300 
45 97 10 84 72 68 49 60 420 
27 80 99 59 21 36 23 45 511 
31 65 36 34 70 54 58 42 266 
83 100 63 25 37 38 100 16 1566 
101 79 52 5 10 102 46 68 594 
88 47 26 22 98 42 14 84 1537 
87 12 29 58 28 32 52 68 977 
67 4 45 62 61 7 40 24 1081 
83 28 57 36 91 4 18 73 1551 
94 63 3 23 13 55 44 15 56 
71 45 53 22 55 45 42 81 1042 
96 27 87 21 84 76 76 33 923 
