2 2
250
29 82 269 
37 92 132 
30 59 348 
55 50 153 
44 74 379 
72 60 126 
102 90 240 
36 31 252 
36 23 351 
46 23 190 
11 58 275 
41 44 16 
29 37 400 
71 102 216 
19 15 110 
11 10 318 
4 100 324 
8 26 276 
29 96 208 
6 4 280 
48 86 148 
41 46 375 
72 5 124 
92 46 93 
34 32 361 
8 18 68 
37 26 57 
10 44 97 
69 5 133 
102 14 198 
55 25 139 
32 26 67 
19 80 282 
37 41 22 
50 14 223 
59 76 382 
81 23 315 
36 71 317 
57 40 170 
15 74 171 
62 72 370 
84 39 87 
91 5 29 
74 91 157 
49 2 347 
11 63 124 
71 12 119 
41 22 371 
73 20 220 
58 77 351 
76 6 27 
29 77 281 
16 68 308 
35 70 290 
89 9 133 
41 89 281 
95 48 314 
13 46 253 
15 23 205 
102 13 77 
69 35 115 
23 100 345 
34 22 105 
18 96 387 
57 38 174 
60 54 58 
61 34 129 
87 65 119 
11 65 249 
46 17 222 
21 17 226 
59 68 144 
45 68 37 
50 9 275 
45 79 212 
84 59 34 
21 57 283 
38 43 320 
89 84 284 
101 14 145 
26 90 24 
73 99 325 
41 99 284 
9 17 349 
7 13 106 
66 43 354 
79 29 26 
55 27 245 
87 85 302 
79 72 342 
68 46 224 
75 26 78 
64 74 324 
74 45 244 
41 14 164 
86 33 123 
55 25 168 
85 24 346 
31 73 258 
48 88 62 
8 65 114 
88 44 290 
33 34 356 
9 4 283 
9 7 344 
48 16 54 
22 3 211 
46 26 192 
45 85 90 
72 46 218 
58 18 352 
67 68 327 
34 55 287 
71 55 406 
44 48 87 
74 77 73 
3 85 231 
52 28 346 
65 64 158 
83 45 241 
51 63 358 
36 53 351 
85 45 158 
6 16 251 
45 53 199 
54 4 318 
28 73 32 
6 71 251 
99 8 370 
4 3 20 
44 53 43 
13 21 376 
14 10 388 
37 91 135 
81 99 280 
97 9 305 
38 13 247 
63 57 294 
54 47 373 
28 39 186 
97 83 170 
36 64 257 
53 33 130 
58 42 381 
85 93 336 
77 27 298 
95 4 400 
18 67 367 
46 83 395 
40 62 303 
3 87 290 
52 42 33 
93 47 141 
8 46 311 
45 82 291 
69 80 260 
92 79 86 
21 36 147 
49 81 66 
53 92 332 
68 15 293 
59 58 225 
24 35 210 
77 85 325 
41 89 237 
24 75 350 
21 79 15 
35 51 338 
55 84 212 
37 4 247 
94 42 228 
55 42 127 
6 88 99 
18 47 183 
14 17 383 
43 82 191 
80 27 29 
32 35 53 
80 35 263 
91 6 301 
5 89 127 
93 85 177 
26 88 195 
29 20 354 
64 5 134 
61 23 139 
91 14 11 
7 59 315 
56 64 33 
45 77 29 
69 17 334 
52 15 235 
16 23 132 
53 19 384 
101 53 33 
22 70 124 
82 21 50 
32 2 375 
73 100 125 
56 39 88 
37 83 46 
43 62 12 
7 13 365 
77 47 407 
4 40 388 
10 8 26 
72 36 382 
80 65 227 
97 38 64 
92 81 63 
29 62 345 
13 17 150 
85 60 371 
7 17 233 
43 7 305 
14 31 253 
99 65 376 
27 86 15 
30 60 73 
57 48 99 
89 17 133 
76 50 344 
17 93 95 
61 27 196 
17 67 78 
39 39 241 
83 85 33 
55 95 65 
25 4 312 
83 85 235 
21 30 53 
69 20 3 
26 68 230 
92 99 154 
41 40 159 
46 12 81 
86 93 86 
61 77 257 
18 36 89 
19 54 189 
10 36 36 
67 42 395 
37 50 192 
20 14 290 
5 93 352 
72 16 227 
79 81 379 
59 99 375 
39 62 218 
52 53 341 
