4 8
250
31 40 28 83 969 
100 28 87 19 529 
14 22 95 68 1556 
65 58 50 42 44 
83 23 24 81 158 
64 68 27 65 419 
34 22 2 65 1038 
67 38 79 27 1337 
31 81 89 78 202 
44 79 26 65 594 
77 25 22 9 55 
10 18 49 74 1595 
34 4 24 94 1631 
94 22 32 5 492 
29 80 25 60 1195 
4 36 48 68 1096 
86 45 64 28 830 
12 102 95 62 902 
51 91 8 29 814 
30 59 97 78 337 
25 50 23 35 150 
99 101 64 35 22 
76 73 83 7 221 
91 42 98 43 1470 
94 28 72 50 1328 
40 75 98 10 742 
47 41 72 48 723 
39 24 31 19 886 
12 39 62 61 1318 
80 10 3 15 986 
90 63 57 88 464 
99 80 75 54 1153 
26 5 56 90 921 
38 3 37 63 1255 
69 13 81 89 1300 
57 68 13 69 56 
33 74 85 50 938 
86 86 86 19 776 
61 51 79 49 498 
9 85 74 4 733 
79 75 42 39 1517 
79 85 70 8 1198 
33 68 8 50 655 
54 22 8 33 1189 
54 19 19 15 296 
20 36 34 58 1180 
74 96 11 24 428 
60 34 48 57 1315 
3 18 80 46 278 
94 45 31 9 1283 
89 79 43 31 1517 
62 57 29 20 1216 
45 53 14 36 24 
38 59 86 24 1346 
22 76 53 52 1174 
38 41 75 98 418 
78 7 27 80 1386 
97 55 82 31 1073 
4 7 30 82 617 
52 6 46 45 1316 
37 61 9 26 955 
16 27 93 59 932 
24 84 33 95 1615 
40 27 36 51 102 
85 79 57 58 1312 
18 48 73 14 355 
34 97 33 18 1472 
18 100 3 21 1161 
72 64 24 74 717 
22 75 37 83 3 
27 72 97 39 1587 
60 6 52 46 701 
70 56 81 38 413 
29 54 18 5 1347 
41 26 17 80 593 
24 57 84 15 986 
44 13 91 14 1575 
64 101 96 20 527 
14 50 60 78 49 
17 85 89 49 273 
70 60 34 101 993 
3 56 19 2 1236 
5 24 40 85 13 
60 67 69 41 1029 
30 60 99 73 1151 
93 68 41 77 343 
41 70 38 98 1500 
86 80 92 54 1555 
10 84 96 45 478 
92 12 76 77 738 
52 18 49 86 1448 
13 62 64 30 1140 
37 17 44 81 606 
37 88 44 93 266 
81 77 17 46 899 
48 66 57 43 1311 
83 94 66 32 1153 
24 23 54 9 1323 
26 19 64 84 987 
95 42 16 8 1542 
6 71 85 61 1072 
78 3 5 31 699 
49 8 22 50 1457 
45 53 15 11 245 
16 37 37 12 1503 
65 15 35 86 1014 
8 52 51 49 1250 
14 11 7 66 1548 
23 20 25 66 560 
21 98 16 94 290 
44 29 7 93 1317 
71 36 74 69 47 
65 70 22 69 593 
99 58 75 74 1264 
35 48 50 16 1537 
98 14 72 78 1200 
69 101 43 68 330 
82 47 61 68 126 
80 39 40 63 518 
55 100 58 30 610 
64 25 44 17 1378 
97 81 93 98 1380 
59 66 98 96 591 
66 29 56 49 927 
54 100 9 66 1627 
98 11 89 84 680 
100 58 44 41 185 
46 58 28 83 404 
3 55 64 84 831 
16 43 46 27 1097 
27 46 11 73 1390 
67 18 80 17 1439 
89 94 11 57 1406 
2 24 59 84 1507 
10 3 74 24 910 
101 37 27 15 1400 
57 67 64 17 267 
57 49 73 56 760 
30 80 13 95 623 
12 46 9 98 826 
94 86 63 35 966 
26 73 89 18 1410 
31 92 67 32 537 
24 32 96 41 516 
55 53 6 38 1049 
32 93 81 86 754 
56 30 32 64 1528 
74 6 31 58 1507 
85 62 57 69 283 
40 15 83 62 272 
82 53 71 66 1593 
43 82 27 71 478 
35 94 5 72 524 
3 62 5 38 997 
20 3 40 48 789 
95 98 38 21 430 
19 12 21 69 1084 
6 61 68 67 858 
94 80 62 29 965 
93 59 87 37 260 
80 12 47 101 1612 
81 15 25 18 84 
47 46 9 44 200 
26 75 38 5 462 
44 96 40 85 1129 
42 43 13 89 934 
37 13 3 5 794 
9 66 21 71 1430 
93 38 52 62 124 
50 74 20 17 581 
20 24 84 9 1200 
85 74 64 32 968 
40 3 38 61 1140 
36 45 6 96 86 
61 56 69 18 606 
8 46 80 78 346 
70 25 99 54 645 
16 30 96 31 1068 
37 5 91 11 813 
92 3 93 92 1195 
7 70 26 11 1248 
66 57 69 72 1101 
41 96 88 11 1490 
17 7 86 21 918 
8 51 76 30 1147 
58 67 60 68 772 
7 55 90 5 261 
2 101 89 77 1236 
61 64 26 64 436 
43 19 82 20 573 
87 19 74 36 1100 
58 95 97 41 329 
101 99 3 25 1012 
88 8 85 95 1486 
17 20 11 45 1586 
46 27 14 4 481 
41 87 42 33 1016 
91 83 56 37 977 
9 6 50 57 1258 
64 63 3 2 667 
37 36 89 29 323 
69 10 31 39 383 
33 83 96 12 1315 
16 59 72 63 1195 
7 54 50 36 1372 
13 72 56 68 571 
85 27 14 63 1543 
8 101 15 13 1547 
83 54 20 14 478 
28 12 40 77 1037 
7 93 42 29 584 
85 88 55 45 136 
100 56 64 4 660 
8 70 35 17 1223 
17 46 61 68 1504 
55 36 38 6 945 
3 33 81 5 486 
94 86 88 27 187 
22 48 72 5 1582 
29 91 18 74 380 
60 80 25 102 794 
63 34 76 37 1346 
51 52 51 87 118 
68 77 62 74 789 
24 85 9 6 904 
71 76 58 71 1061 
66 20 66 83 2 
26 10 82 56 1121 
62 12 53 45 1016 
71 99 87 98 498 
55 32 46 25 27 
77 72 21 46 1295 
89 78 8 72 306 
33 88 69 87 1363 
60 97 7 5 1440 
14 34 67 44 1407 
74 92 62 40 205 
36 76 43 82 409 
55 91 37 77 1338 
86 6 83 26 511 
85 32 102 14 1182 
59 27 43 37 1465 
45 7 79 60 117 
99 18 69 59 1383 
59 48 90 62 493 
71 62 32 23 70 
9 52 43 12 59 
45 92 50 68 898 
11 36 7 92 1332 
50 14 79 70 1386 
