4 6
250
18 64 47 66 60 
86 22 21 94 89 
51 54 90 87 778 
73 3 17 21 855 
82 84 98 76 924 
48 36 4 74 694 
40 19 25 43 130 
79 78 9 78 389 
95 79 80 29 1133 
5 17 42 18 517 
82 56 62 31 302 
35 68 73 90 720 
51 20 49 37 846 
34 31 50 77 1058 
96 96 40 90 937 
4 6 71 83 892 
33 96 88 32 934 
86 59 96 18 943 
13 7 21 19 1006 
77 32 45 60 744 
75 69 67 31 588 
88 18 74 54 276 
31 99 92 17 342 
57 34 20 61 1045 
77 37 34 100 920 
91 78 23 8 20 
74 64 12 23 1217 
66 31 59 84 1106 
70 87 44 96 589 
16 18 6 92 333 
45 14 86 75 1056 
41 37 69 56 723 
12 97 69 53 616 
69 89 71 18 785 
28 77 38 71 217 
91 95 40 52 746 
75 74 33 80 713 
62 80 40 36 745 
30 64 5 25 981 
75 20 93 45 988 
30 48 90 27 19 
71 78 17 57 1185 
48 99 19 95 1048 
40 65 90 95 1103 
92 51 37 57 440 
66 74 16 90 549 
73 3 97 71 409 
29 86 8 79 1098 
87 64 84 40 182 
33 47 12 39 515 
12 32 101 55 1116 
80 14 35 92 464 
99 64 29 12 315 
47 4 50 62 719 
56 59 13 5 70 
29 69 99 42 59 
21 64 79 48 432 
43 4 44 80 673 
17 54 18 41 1135 
25 38 74 14 853 
31 99 52 80 1079 
54 21 98 50 786 
14 17 94 87 236 
37 87 82 77 1036 
45 63 72 7 533 
4 43 74 12 1016 
93 97 87 73 929 
24 14 100 60 1016 
24 8 96 16 529 
3 61 33 22 704 
39 57 99 29 329 
70 29 47 37 1051 
13 49 88 67 890 
19 31 24 11 1191 
26 89 24 94 767 
39 69 58 64 525 
45 11 54 55 560 
38 100 60 46 97 
97 69 65 74 879 
77 22 31 43 322 
73 39 24 25 416 
52 35 6 67 1100 
3 73 85 94 525 
4 97 35 21 446 
21 74 80 3 28 
59 25 52 22 1075 
19 40 17 38 877 
8 89 31 21 1165 
5 96 95 56 81 
27 85 73 32 858 
81 89 12 7 92 
102 62 23 23 941 
29 85 86 79 895 
66 58 50 22 457 
17 68 16 26 406 
27 81 26 97 950 
76 54 22 52 104 
32 30 12 30 882 
48 68 10 44 833 
22 12 18 83 524 
71 38 53 94 679 
15 75 88 74 1008 
23 38 28 45 43 
77 65 36 71 531 
38 47 21 50 1118 
51 60 74 58 162 
17 64 45 54 107 
40 3 30 97 1168 
59 43 40 48 625 
12 42 67 41 1137 
59 78 49 40 81 
26 19 4 3 83 
57 2 32 61 820 
61 95 76 36 805 
76 38 40 75 1052 
97 9 75 100 996 
11 95 36 65 693 
41 17 7 48 1042 
23 101 29 90 497 
59 13 82 81 1131 
19 67 33 75 231 
23 40 76 54 146 
18 45 7 22 1192 
64 68 69 4 342 
46 90 31 51 550 
77 11 52 35 353 
85 29 96 7 790 
46 64 63 46 440 
3 43 55 36 840 
79 96 9 93 960 
93 46 80 53 597 
31 39 84 30 531 
13 90 44 25 349 
91 51 102 57 657 
2 8 25 68 325 
5 37 97 83 825 
84 5 61 56 465 
41 52 45 58 438 
9 82 35 3 300 
16 101 32 8 973 
30 96 54 39 958 
87 24 13 27 562 
96 44 3 63 754 
11 31 89 87 1094 
41 8 45 22 573 
22 75 24 44 158 
6 7 91 3 479 
90 53 23 78 645 
19 40 20 13 511 
67 82 74 42 191 
87 14 47 18 492 
24 53 34 93 717 
14 2 71 14 517 
92 55 102 24 904 
60 9 13 35 883 
3 90 35 80 1004 
42 3 84 28 343 
94 61 75 63 209 
39 21 33 20 495 
19 71 8 70 639 
14 82 52 68 704 
79 3 14 46 479 
36 20 56 11 227 
13 20 45 86 618 
32 82 40 7 450 
41 79 96 94 673 
34 84 66 28 863 
62 53 18 71 618 
93 49 31 24 1016 
21 67 24 101 358 
101 28 24 20 273 
33 44 48 31 226 
3 9 22 91 86 
54 56 30 40 716 
62 4 76 36 731 
85 53 18 24 215 
76 57 96 65 685 
8 62 48 6 479 
20 7 89 53 608 
85 29 42 17 383 
68 38 86 43 841 
99 54 90 60 481 
82 28 26 14 539 
48 15 59 35 9 
93 9 27 101 495 
57 16 26 86 934 
58 13 3 92 635 
40 73 56 96 719 
57 75 90 66 721 
95 83 78 9 45 
72 72 9 17 489 
60 13 86 2 167 
85 30 6 84 1016 
71 27 35 62 72 
77 61 65 77 563 
21 22 63 42 586 
76 41 19 83 72 
88 7 88 53 1146 
29 89 55 83 929 
29 71 8 83 1101 
70 50 18 3 351 
13 9 34 71 259 
41 53 46 55 489 
46 13 25 78 1182 
66 40 85 68 965 
90 8 84 101 238 
52 16 81 52 976 
28 25 18 54 1157 
82 75 20 32 676 
78 44 3 43 391 
17 48 31 87 317 
32 67 52 24 493 
7 27 35 51 871 
27 74 96 75 176 
23 97 73 84 210 
94 22 55 13 34 
48 7 43 69 49 
6 87 96 27 611 
62 75 96 14 1093 
56 41 70 61 375 
7 51 30 29 134 
22 77 49 70 420 
11 14 41 21 1153 
102 86 69 48 822 
42 79 71 25 664 
50 3 61 95 767 
54 54 96 83 1199 
99 80 16 58 1022 
31 39 29 92 495 
50 37 76 20 1094 
72 75 25 93 1108 
29 81 7 75 773 
21 18 57 7 1001 
59 20 60 24 1187 
24 72 13 64 469 
5 53 81 85 81 
15 29 43 5 1132 
82 31 5 92 865 
20 75 43 95 787 
15 84 23 11 1015 
32 79 55 23 820 
102 64 63 55 1074 
79 3 24 68 615 
95 77 54 15 24 
30 17 70 53 969 
52 31 20 100 313 
23 31 72 102 940 
38 76 22 38 1134 
20 70 52 4 1150 
19 53 77 45 878 
