4 8
250
11 30 49 3 1183 
50 39 100 12 620 
59 88 29 39 412 
81 71 15 35 1309 
26 66 33 82 830 
58 8 99 81 399 
8 91 84 53 196 
58 99 40 71 904 
43 31 52 34 1119 
77 82 13 90 1469 
19 48 55 36 759 
47 98 70 53 272 
44 42 21 88 529 
70 7 78 27 1122 
85 34 45 80 646 
97 16 101 13 1241 
78 97 11 91 127 
61 38 49 7 1090 
62 31 89 55 223 
3 13 66 101 7 
72 6 88 22 124 
87 5 77 96 848 
33 99 58 77 662 
49 34 32 80 1190 
34 59 73 60 142 
55 47 93 66 638 
86 53 102 13 101 
74 11 91 84 375 
59 63 55 55 588 
65 75 14 14 1095 
71 83 88 29 1116 
15 35 30 13 881 
42 14 13 57 1110 
82 99 47 70 1115 
39 45 50 57 265 
72 6 20 24 746 
83 34 81 99 1145 
5 67 75 45 1527 
41 84 80 30 1354 
47 53 100 87 911 
68 29 46 46 488 
28 35 32 12 1598 
10 17 7 67 1195 
10 35 15 87 1063 
17 26 5 77 475 
58 66 22 74 1159 
22 9 35 69 1305 
55 90 37 69 715 
72 37 65 47 1394 
26 78 15 56 1232 
14 39 14 22 663 
44 27 71 17 1212 
64 15 60 41 1279 
3 84 41 87 325 
21 100 48 44 1553 
82 63 60 92 77 
81 54 68 99 958 
84 97 15 28 624 
31 21 22 95 1335 
59 79 25 68 1372 
45 40 30 37 921 
17 93 73 27 984 
83 68 81 12 1549 
12 48 63 83 1571 
9 70 15 49 1484 
102 79 55 62 618 
5 40 94 8 1011 
44 26 33 43 720 
93 26 91 68 937 
65 42 12 100 1167 
13 18 45 72 1262 
76 27 83 46 928 
39 41 13 89 933 
45 76 76 50 869 
88 17 22 39 93 
85 82 49 92 465 
62 69 57 90 440 
89 97 24 30 1429 
19 45 90 86 113 
54 15 4 11 232 
90 68 64 47 1388 
98 98 8 66 1545 
97 80 93 17 1588 
72 86 24 62 1148 
50 55 48 63 595 
45 29 38 32 875 
71 80 40 78 658 
95 7 12 5 508 
93 91 59 36 1518 
41 55 74 88 599 
70 93 44 40 1072 
38 22 3 11 688 
70 62 78 13 414 
19 42 17 77 64 
67 76 21 31 1301 
62 97 14 70 1592 
92 57 52 95 1397 
81 38 102 12 77 
75 6 3 63 1023 
33 15 49 10 1248 
101 39 99 85 1167 
96 74 15 61 100 
43 10 36 13 845 
15 12 85 27 763 
82 42 7 72 502 
63 76 60 68 798 
49 50 6 93 1605 
55 60 69 24 1502 
9 25 43 6 1046 
67 72 92 12 803 
23 32 23 64 1569 
61 34 29 54 165 
22 16 48 12 964 
94 6 45 15 1613 
58 44 63 35 653 
59 100 3 8 1071 
94 86 50 19 455 
19 29 44 97 636 
23 33 17 14 1177 
95 79 33 47 1175 
63 29 79 13 1523 
81 71 90 24 642 
63 33 23 88 303 
38 68 31 84 683 
67 64 50 76 1276 
27 29 51 63 769 
82 69 58 36 77 
66 9 40 26 805 
50 41 23 58 1272 
92 12 31 95 588 
29 50 51 5 118 
101 82 5 35 1114 
53 21 29 77 968 
96 77 88 84 887 
32 30 7 35 1523 
27 43 94 98 1443 
17 100 58 27 326 
34 20 55 29 88 
86 5 7 58 1597 
31 15 48 99 1373 
17 26 49 41 106 
101 44 18 12 1332 
60 90 9 46 872 
55 66 3 57 441 
78 24 61 79 1142 
28 25 52 37 1050 
15 97 97 14 1197 
93 53 19 21 342 
92 3 45 48 767 
98 98 63 4 733 
67 13 93 72 133 
96 68 72 71 1310 
78 94 83 48 1122 
66 95 98 73 1024 
4 49 85 36 601 
77 80 15 32 1204 
32 64 50 92 1612 
4 5 28 6 1303 
27 83 50 41 736 
100 22 100 79 1360 
5 2 92 42 706 
21 30 60 35 546 
17 55 43 97 819 
15 47 93 49 1092 
62 69 94 93 614 
23 101 46 91 636 
57 83 38 48 1150 
32 74 10 49 1306 
75 48 95 72 1055 
75 42 54 90 516 
55 30 53 12 376 
38 11 101 4 369 
22 86 71 96 1284 
37 19 96 27 334 
43 39 46 69 1527 
17 76 23 28 1062 
82 49 58 59 1399 
28 32 28 25 562 
23 76 8 26 983 
91 79 101 94 492 
58 48 29 70 1479 
18 86 86 19 134 
64 89 74 39 687 
75 31 14 10 855 
7 93 73 93 1618 
69 33 22 9 76 
40 78 32 98 153 
37 21 89 69 1130 
44 48 11 17 1188 
36 3 71 84 1420 
62 67 93 41 415 
67 77 39 71 381 
88 66 79 14 1145 
88 59 78 30 122 
56 43 47 41 166 
61 84 58 20 1064 
68 64 40 22 726 
75 87 92 73 730 
62 84 20 45 1362 
80 70 99 47 1415 
79 27 43 77 541 
21 22 54 31 1083 
85 21 21 6 932 
26 28 60 70 1588 
3 69 7 85 778 
74 25 3 58 519 
93 87 12 33 1444 
43 22 65 89 419 
54 35 63 7 1016 
42 65 17 88 969 
54 12 31 50 1399 
12 22 60 29 1003 
98 21 98 100 1232 
99 11 90 17 261 
6 66 73 44 734 
70 8 2 23 119 
10 10 17 98 1300 
83 58 64 47 1289 
23 64 37 27 486 
35 39 65 31 1058 
34 77 101 73 910 
90 41 89 5 296 
5 22 39 22 868 
90 6 102 20 1549 
44 48 44 38 1546 
43 31 48 14 189 
32 45 73 58 1235 
35 11 46 43 1489 
44 71 61 29 1233 
4 27 17 74 688 
31 40 47 36 382 
87 35 65 78 236 
62 95 77 94 1434 
63 50 83 47 333 
81 62 61 29 870 
75 89 17 63 1518 
18 16 76 72 1342 
95 100 39 35 1479 
102 48 71 28 515 
51 96 70 42 246 
55 46 72 54 1037 
72 81 20 83 824 
100 20 4 85 1598 
48 20 7 11 1555 
65 13 51 56 335 
35 93 35 97 72 
81 21 78 48 648 
75 46 25 9 207 
16 81 58 84 1513 
84 46 88 30 1394 
