2 8
250
73 38 1289 
9 59 1581 
2 46 1520 
6 57 1187 
41 36 379 
3 52 956 
80 100 705 
8 91 543 
87 79 1303 
98 101 1522 
50 85 1128 
38 55 706 
39 91 1409 
61 102 718 
61 50 701 
71 99 1583 
56 32 578 
13 70 922 
26 67 769 
48 24 1306 
19 6 738 
102 58 1189 
6 5 1319 
82 66 992 
74 21 1603 
101 49 662 
92 18 1302 
85 44 1117 
60 38 237 
15 14 1442 
98 93 1094 
8 44 1560 
101 61 1499 
72 68 1547 
18 76 1081 
77 41 798 
60 26 291 
9 57 104 
2 36 1014 
79 44 326 
60 93 1471 
94 86 1186 
96 68 1265 
5 2 1429 
51 22 815 
87 69 1113 
4 85 1588 
68 56 1436 
73 92 587 
63 8 127 
35 24 286 
74 14 1223 
7 26 1472 
96 83 1195 
73 58 393 
32 60 576 
58 17 1104 
96 77 958 
25 95 598 
4 24 1539 
39 35 978 
72 71 1281 
72 79 141 
77 82 701 
80 11 42 
26 96 1613 
66 42 518 
3 6 1481 
42 42 776 
61 51 310 
40 5 33 
98 59 783 
15 4 1410 
48 62 1325 
29 83 572 
27 18 1076 
58 100 1609 
40 40 1330 
65 38 468 
71 32 485 
33 13 449 
92 39 1270 
43 84 846 
57 13 1512 
14 20 1311 
52 76 376 
58 17 388 
84 5 831 
22 3 1052 
22 35 340 
21 46 1173 
59 17 797 
56 39 733 
59 86 552 
16 4 1430 
8 27 322 
3 14 1015 
8 15 236 
8 51 144 
79 71 588 
15 23 799 
33 37 1089 
23 58 66 
34 99 603 
80 101 517 
92 69 17 
65 16 1230 
47 21 346 
61 16 504 
59 53 1064 
42 79 1107 
11 46 1032 
87 85 1084 
23 87 1138 
18 72 253 
27 30 242 
85 18 1338 
10 15 897 
63 71 24 
30 74 355 
38 65 79 
41 93 320 
71 71 897 
70 7 1378 
37 44 480 
8 31 809 
8 35 1404 
18 77 571 
85 34 1044 
15 50 1227 
64 59 175 
47 87 355 
67 79 1277 
98 58 953 
62 16 179 
100 75 1159 
28 57 645 
54 24 639 
38 22 1449 
72 58 967 
58 58 344 
82 9 786 
76 92 935 
10 43 853 
73 12 1259 
30 58 984 
26 88 965 
95 89 1524 
38 12 572 
74 11 1066 
35 97 350 
21 42 1632 
39 82 130 
65 26 1360 
16 20 233 
89 83 202 
64 10 1036 
30 48 1141 
2 65 1126 
30 46 1576 
15 4 1320 
94 77 747 
33 54 1134 
79 92 1245 
54 63 1012 
78 81 1132 
81 50 482 
25 12 19 
4 6 805 
53 21 1269 
33 12 590 
13 52 353 
4 24 707 
70 58 463 
45 87 291 
89 78 1380 
10 26 1362 
102 50 1559 
69 92 1511 
82 92 1147 
98 81 546 
94 48 1314 
42 43 191 
42 75 936 
28 13 1503 
3 82 407 
85 17 464 
67 46 1542 
96 33 1003 
43 46 967 
31 25 520 
75 74 1258 
97 53 633 
39 49 573 
75 69 836 
28 76 616 
5 68 175 
70 99 1232 
44 34 585 
41 99 241 
21 102 1581 
54 13 827 
28 55 633 
17 8 470 
88 48 1103 
95 94 1243 
45 70 945 
26 39 1278 
51 63 428 
58 33 658 
43 58 877 
26 20 775 
40 23 915 
3 3 336 
101 90 976 
84 84 824 
10 51 654 
62 98 479 
59 97 1020 
21 6 821 
26 71 361 
100 76 818 
77 64 457 
22 57 1163 
22 45 1104 
39 27 798 
20 69 1300 
78 50 1345 
2 84 989 
26 69 373 
87 22 275 
8 78 512 
101 2 239 
12 9 320 
25 90 1527 
71 42 861 
64 22 1153 
16 2 606 
73 51 343 
42 100 1505 
92 53 1549 
7 37 581 
56 16 1090 
38 41 397 
36 11 978 
62 55 990 
91 33 688 
10 65 779 
54 73 319 
82 37 447 
