2 6
250
55 41 327 
15 22 899 
43 21 1028 
31 22 530 
28 34 1199 
4 94 346 
101 64 1143 
15 51 410 
84 3 719 
32 22 399 
12 35 661 
50 6 462 
101 7 866 
24 78 697 
54 74 571 
53 58 453 
65 4 911 
88 80 1186 
7 43 1096 
95 33 229 
17 13 1213 
54 21 1068 
91 81 342 
62 5 1062 
59 79 1055 
38 63 954 
89 33 549 
24 69 221 
60 26 670 
59 44 777 
50 8 908 
54 10 797 
60 2 646 
61 64 952 
11 5 1208 
90 30 17 
13 71 980 
14 8 1221 
76 95 542 
83 95 1157 
35 34 447 
66 14 1193 
15 7 848 
23 81 742 
27 30 851 
69 15 777 
21 73 1172 
55 48 896 
85 38 1219 
76 80 180 
23 79 85 
60 29 363 
43 47 1114 
3 77 284 
34 92 1106 
21 89 964 
32 9 982 
83 64 282 
101 81 1054 
65 83 926 
100 40 333 
57 2 28 
56 69 12 
42 28 834 
74 20 1169 
75 23 692 
85 66 612 
23 46 877 
36 42 181 
86 61 583 
45 80 780 
17 5 451 
98 79 1096 
90 68 241 
80 92 991 
14 10 539 
29 28 708 
32 82 211 
28 79 1151 
58 22 737 
89 72 94 
55 99 585 
6 59 181 
61 79 540 
69 97 1202 
32 45 662 
93 24 389 
73 59 410 
92 16 1197 
49 92 326 
45 42 700 
31 3 1174 
14 27 1146 
35 10 630 
31 71 604 
16 65 1049 
21 97 416 
42 67 1198 
30 19 165 
76 65 1014 
52 60 825 
90 18 447 
89 40 1149 
4 20 228 
62 59 182 
82 43 1076 
86 78 627 
14 30 1155 
95 5 924 
61 3 1030 
85 40 749 
13 85 608 
86 43 645 
15 29 307 
94 19 944 
17 82 95 
85 50 922 
27 92 1070 
34 40 373 
75 98 164 
63 30 451 
12 22 984 
59 52 906 
67 98 5 
37 73 602 
28 22 136 
19 79 284 
70 78 646 
11 59 588 
76 81 558 
21 13 560 
41 54 1216 
90 84 1188 
99 60 370 
36 20 636 
77 92 230 
40 7 216 
21 58 226 
92 95 630 
86 3 765 
34 86 863 
30 48 1044 
57 98 241 
52 40 471 
16 23 236 
95 36 713 
3 36 822 
31 37 903 
30 102 677 
29 51 717 
50 6 991 
37 66 911 
62 7 884 
69 22 1153 
101 91 825 
81 8 433 
101 99 725 
95 85 822 
97 5 592 
99 2 563 
32 29 574 
63 4 416 
59 81 688 
47 35 354 
88 36 166 
75 32 575 
8 51 1155 
22 30 637 
101 57 258 
16 41 752 
28 65 62 
28 39 1141 
49 40 1061 
36 24 324 
81 56 782 
32 9 602 
56 24 891 
3 92 631 
54 12 1211 
97 64 578 
15 46 489 
97 21 862 
26 62 1194 
22 27 1129 
62 75 334 
70 43 905 
90 71 583 
74 62 208 
91 27 889 
55 77 327 
96 55 935 
42 23 957 
88 86 439 
95 8 581 
54 35 1188 
83 43 217 
26 86 847 
27 9 1135 
102 43 1021 
25 8 1149 
100 73 1043 
73 28 892 
18 23 640 
51 84 692 
40 97 766 
2 22 329 
22 10 1024 
57 31 1115 
59 71 564 
86 42 975 
97 65 957 
44 98 441 
64 83 92 
26 67 252 
67 77 27 
15 89 148 
32 101 254 
59 5 1201 
12 45 508 
96 15 697 
29 34 989 
75 56 224 
80 98 1212 
29 40 487 
21 98 532 
65 92 660 
91 47 1006 
36 55 496 
61 40 737 
82 34 647 
96 70 823 
53 99 398 
42 95 258 
86 36 1110 
15 6 754 
83 39 96 
57 49 652 
90 7 841 
77 95 965 
42 16 198 
60 100 792 
48 34 856 
74 71 1202 
13 25 1184 
35 7 129 
93 23 612 
81 80 15 
54 27 1034 
102 9 772 
101 78 58 
