2 8
250
95 80 741 
14 3 1075 
46 20 1571 
82 62 1411 
66 49 662 
7 51 1573 
35 53 978 
23 44 1540 
95 87 1497 
46 76 725 
34 101 1173 
61 74 1416 
88 62 703 
42 3 274 
17 27 736 
63 71 1201 
35 90 812 
19 69 1245 
91 75 594 
53 21 264 
76 102 716 
54 50 1000 
17 7 1226 
56 21 1454 
55 95 827 
45 8 268 
51 34 259 
20 13 1401 
97 17 529 
98 72 1617 
52 37 671 
29 68 16 
75 65 1262 
86 48 1052 
100 81 1129 
63 66 1196 
28 48 1089 
22 4 1421 
2 58 1448 
60 59 537 
31 21 582 
78 5 1378 
50 28 446 
52 72 699 
41 68 1410 
53 22 518 
19 36 845 
61 72 387 
34 32 538 
56 29 168 
14 17 97 
46 57 441 
31 24 1240 
87 15 608 
48 78 1233 
26 83 592 
3 51 592 
59 43 381 
83 72 800 
14 46 1191 
54 96 1628 
19 40 908 
39 97 176 
61 25 1587 
58 34 351 
17 15 1537 
50 10 807 
99 55 1268 
76 57 1199 
85 65 1388 
80 19 1287 
5 35 305 
39 31 624 
22 89 1411 
28 43 433 
41 3 157 
4 69 928 
57 66 575 
26 57 664 
24 45 1348 
84 56 511 
28 83 94 
20 55 1612 
5 79 1371 
58 30 351 
65 73 201 
53 37 879 
66 83 1579 
30 25 866 
46 81 1277 
80 17 1405 
58 40 534 
57 102 975 
23 22 794 
13 101 1460 
75 101 585 
16 63 1367 
30 73 130 
31 20 1203 
36 99 953 
55 77 1196 
23 27 1011 
100 2 1475 
91 10 1164 
54 32 240 
7 55 1332 
9 57 399 
19 32 310 
97 52 725 
80 29 320 
61 23 43 
3 70 747 
77 92 1212 
30 77 1605 
47 27 863 
14 78 663 
95 26 1062 
94 29 687 
36 37 733 
56 28 1230 
20 22 1201 
73 32 1420 
71 53 1015 
71 32 1030 
9 82 1313 
28 74 82 
68 84 1200 
6 87 55 
56 69 1527 
62 69 538 
3 23 1047 
101 12 902 
27 77 1554 
68 46 408 
80 26 1529 
4 87 776 
64 10 1036 
42 90 718 
4 16 570 
72 18 1029 
95 10 1365 
31 70 148 
101 10 1139 
27 3 1589 
12 2 629 
51 27 989 
12 55 1339 
48 101 971 
71 63 533 
22 99 1570 
22 56 950 
34 74 577 
43 51 920 
87 5 1247 
80 38 112 
68 32 1440 
7 55 1444 
76 63 1043 
83 49 158 
26 62 118 
78 81 187 
76 7 763 
41 79 455 
5 9 1242 
6 27 808 
8 70 1018 
55 5 502 
46 17 717 
10 48 1530 
96 53 409 
28 19 1460 
51 10 398 
67 6 517 
62 29 862 
62 4 750 
14 72 588 
16 77 1290 
49 73 922 
78 34 1046 
69 68 959 
55 47 430 
5 79 1473 
89 57 269 
27 43 1047 
33 95 1249 
80 86 204 
100 97 1243 
60 82 1239 
48 80 745 
35 75 1247 
62 100 629 
75 9 1338 
29 60 407 
58 28 246 
22 91 570 
17 19 1288 
82 101 785 
54 72 1150 
85 97 1062 
52 59 1616 
47 56 1343 
42 67 702 
28 60 1395 
97 53 432 
90 44 1136 
63 40 1480 
43 33 1012 
69 55 1211 
30 11 459 
70 92 198 
19 78 14 
28 13 1177 
35 82 398 
94 91 959 
95 87 773 
24 66 447 
3 23 928 
76 11 423 
39 80 13 
10 14 920 
17 60 1100 
75 80 1227 
28 64 511 
100 31 959 
68 51 684 
5 75 1103 
29 9 727 
3 69 1128 
57 45 1092 
77 91 542 
73 27 1110 
70 79 516 
93 22 130 
74 98 42 
98 5 1514 
100 10 983 
86 36 78 
35 83 81 
14 16 1477 
100 20 572 
10 53 1190 
100 28 67 
93 100 1178 
12 14 871 
62 57 177 
44 7 1043 
78 59 568 
9 93 898 
30 40 709 
65 58 1028 
