2 6
250
83 69 835 
79 58 1048 
53 17 999 
31 46 1182 
13 17 942 
49 11 381 
36 84 35 
13 10 354 
93 3 223 
38 50 648 
60 44 509 
73 99 273 
78 23 887 
5 14 1209 
72 77 646 
30 5 672 
16 53 347 
66 41 635 
97 72 717 
41 88 675 
70 18 823 
31 73 31 
57 42 228 
57 74 1071 
61 33 856 
6 43 413 
78 64 1199 
65 24 1181 
27 96 32 
92 78 324 
66 38 431 
19 37 1183 
34 43 47 
52 75 763 
38 61 979 
43 7 102 
84 93 363 
27 65 296 
59 6 1145 
73 6 941 
102 67 789 
94 93 431 
54 43 1176 
75 74 1217 
32 28 1089 
38 29 774 
19 86 1092 
96 10 1045 
99 41 895 
13 62 378 
5 63 457 
29 52 99 
100 46 830 
47 90 781 
14 11 226 
32 97 462 
37 23 948 
32 56 249 
90 8 705 
81 97 642 
64 43 991 
67 72 142 
64 5 923 
83 40 1013 
97 74 1168 
27 84 1215 
69 69 537 
37 78 477 
55 75 85 
19 41 547 
52 21 598 
17 85 578 
85 49 471 
9 70 1125 
64 56 1023 
97 37 1009 
27 64 292 
60 14 353 
11 29 801 
44 14 1194 
7 47 781 
33 33 235 
36 82 1089 
50 45 433 
63 62 1208 
54 75 269 
57 61 463 
26 94 943 
23 94 84 
22 9 689 
84 43 426 
43 4 281 
30 34 288 
67 63 673 
95 79 243 
90 99 637 
32 59 655 
46 89 655 
62 82 649 
89 12 473 
14 16 897 
35 69 23 
3 22 711 
78 26 511 
100 93 1199 
85 33 193 
59 35 1161 
57 92 615 
5 40 662 
83 83 267 
72 43 267 
87 54 573 
84 63 125 
20 90 946 
96 56 404 
14 47 1175 
57 79 607 
39 31 947 
46 60 293 
25 32 348 
50 21 479 
38 8 1009 
22 16 473 
53 3 859 
8 41 548 
20 63 441 
19 93 1140 
60 28 52 
74 34 147 
46 43 1158 
25 61 378 
84 72 839 
40 60 589 
53 94 388 
59 6 930 
81 34 1104 
35 28 1184 
90 8 479 
37 92 1144 
37 66 901 
73 78 885 
46 30 521 
41 26 847 
78 81 42 
90 69 1214 
64 3 267 
30 95 11 
24 14 189 
100 37 647 
94 49 986 
77 5 1143 
77 82 199 
61 16 930 
35 42 99 
23 58 570 
95 102 481 
42 76 1092 
74 9 875 
75 51 785 
59 48 1141 
92 50 946 
91 3 934 
12 15 1062 
85 4 1064 
48 97 647 
95 3 677 
71 6 431 
16 54 894 
93 5 1180 
24 4 383 
54 4 827 
85 46 1130 
33 34 677 
72 86 1060 
54 59 874 
4 28 151 
21 82 589 
11 90 512 
60 78 1172 
6 99 1198 
82 90 145 
58 33 1222 
21 65 624 
62 64 837 
102 100 257 
50 63 1166 
4 91 946 
86 5 267 
85 45 175 
28 27 828 
99 28 430 
59 92 1168 
77 99 315 
74 85 772 
63 60 220 
82 11 1099 
23 12 186 
3 5 104 
23 98 1039 
92 74 1076 
88 96 471 
85 66 439 
35 45 101 
27 76 786 
72 32 78 
16 25 551 
6 5 420 
26 7 185 
55 98 292 
29 39 1160 
13 87 303 
40 88 1091 
27 80 1156 
84 48 813 
84 97 443 
53 33 890 
4 8 890 
42 88 845 
56 63 1087 
25 33 830 
14 9 73 
15 17 1085 
42 34 543 
19 92 551 
53 24 697 
70 45 118 
81 4 798 
53 27 373 
24 73 1209 
58 86 300 
2 3 580 
29 72 490 
63 70 987 
49 13 1213 
30 87 208 
30 91 789 
14 88 230 
81 46 357 
5 63 1003 
77 93 541 
92 86 586 
22 19 1081 
100 26 633 
19 9 911 
31 34 1104 
68 25 486 
15 96 996 
36 45 1203 
8 23 696 
20 26 114 
