2 2
250
61 58 298 
52 25 358 
94 32 373 
44 9 160 
17 53 269 
78 71 106 
100 85 308 
87 80 9 
22 37 151 
58 29 81 
6 66 62 
73 65 176 
31 67 399 
48 12 396 
44 93 14 
64 93 179 
98 91 188 
66 45 311 
68 76 317 
73 32 361 
53 38 15 
74 39 176 
26 46 363 
25 49 17 
30 54 297 
80 45 356 
101 60 179 
95 61 156 
76 42 85 
41 7 363 
67 60 148 
11 97 301 
96 72 222 
62 40 193 
57 76 172 
44 38 375 
5 89 128 
92 74 291 
47 60 315 
67 100 395 
24 88 159 
102 59 363 
70 21 230 
101 86 296 
35 40 85 
99 40 350 
98 33 19 
31 37 76 
60 77 349 
67 66 155 
99 31 294 
59 40 214 
10 57 68 
55 76 73 
38 6 13 
61 59 140 
53 50 81 
93 71 274 
95 95 206 
23 44 336 
6 5 223 
21 5 228 
2 78 4 
70 90 340 
71 45 234 
89 95 129 
17 101 74 
53 16 67 
20 7 245 
7 67 183 
4 90 54 
36 51 290 
65 19 9 
49 60 334 
36 84 246 
38 24 106 
12 8 3 
21 7 176 
67 54 365 
40 3 397 
98 97 46 
58 69 5 
72 37 385 
88 25 311 
32 70 167 
38 20 130 
58 84 339 
36 97 240 
46 85 337 
72 72 396 
84 27 69 
6 53 259 
73 80 66 
61 68 355 
33 26 338 
26 92 153 
4 31 141 
60 84 79 
16 63 408 
54 13 342 
20 2 269 
99 7 403 
62 27 71 
80 67 165 
18 99 66 
98 5 294 
78 22 380 
47 70 168 
65 26 173 
100 92 366 
65 20 271 
34 43 269 
23 36 78 
86 67 263 
22 27 261 
96 44 351 
5 20 239 
30 79 373 
93 75 133 
27 36 331 
59 64 145 
29 16 191 
76 86 227 
52 77 282 
55 94 227 
31 27 178 
79 71 334 
58 96 293 
33 37 172 
77 43 279 
35 98 407 
40 29 13 
31 95 44 
19 22 237 
32 55 177 
91 77 345 
38 64 196 
91 50 268 
101 3 276 
66 98 323 
7 101 177 
89 19 322 
71 17 266 
55 102 132 
35 62 201 
26 28 170 
31 44 246 
59 41 324 
22 46 198 
36 41 110 
37 67 397 
33 15 86 
17 45 151 
66 22 245 
22 85 253 
18 58 361 
18 77 305 
28 37 221 
21 49 247 
66 69 295 
33 37 312 
40 20 142 
37 4 192 
30 11 339 
7 66 91 
2 40 227 
20 7 360 
62 20 259 
54 11 126 
45 15 268 
62 53 311 
66 36 347 
85 83 269 
29 83 224 
44 90 271 
94 24 289 
34 20 41 
7 48 255 
86 73 72 
15 88 37 
6 93 363 
83 70 237 
9 42 125 
39 19 232 
92 92 97 
36 20 122 
99 62 356 
62 14 384 
58 58 22 
16 82 258 
70 72 386 
59 25 367 
68 62 86 
10 87 332 
42 97 8 
55 17 229 
41 52 216 
90 18 108 
23 46 326 
97 27 51 
55 95 246 
69 71 191 
64 35 274 
36 70 236 
11 91 309 
8 21 69 
95 5 167 
51 77 123 
12 82 223 
71 38 322 
12 73 144 
11 57 373 
23 75 107 
57 93 336 
91 7 337 
97 81 111 
52 17 103 
65 4 94 
73 6 77 
32 59 365 
94 95 396 
90 26 396 
25 2 139 
86 87 191 
93 39 49 
60 62 285 
49 17 6 
30 20 85 
56 49 281 
14 39 210 
75 93 67 
38 65 399 
87 3 333 
88 75 321 
95 68 125 
80 75 265 
13 15 180 
51 85 172 
91 66 307 
79 36 313 
30 12 259 
84 13 384 
33 56 304 
16 75 244 
90 64 175 
24 37 213 
92 78 303 
6 3 100 
10 26 34 
76 50 403 
