4 2
250
29 71 26 8 112 
39 49 44 30 270 
60 58 41 24 207 
5 62 60 43 212 
19 81 101 76 354 
69 64 37 51 53 
8 39 90 50 11 
29 37 93 5 259 
59 42 83 30 310 
9 91 4 14 315 
34 25 86 34 34 
51 72 51 22 245 
77 15 95 17 245 
23 71 93 21 97 
70 70 58 80 385 
79 99 73 100 325 
80 62 25 74 329 
85 55 57 42 219 
59 88 74 45 359 
47 49 68 70 226 
40 100 84 90 38 
65 69 8 40 129 
53 101 53 42 335 
17 92 24 37 312 
69 16 53 68 272 
84 99 15 92 204 
32 33 6 45 170 
82 80 36 65 71 
18 49 19 10 10 
61 37 34 63 298 
56 27 33 93 358 
27 49 18 24 110 
69 56 18 90 8 
22 97 10 101 11 
39 58 61 20 245 
22 98 45 66 34 
50 67 54 19 389 
7 102 14 57 69 
35 64 14 38 206 
64 34 31 9 334 
66 29 35 61 148 
100 68 16 34 276 
31 6 54 16 322 
4 4 100 95 395 
23 85 55 84 282 
77 46 25 69 399 
91 69 38 84 182 
23 34 96 83 398 
41 88 83 90 359 
32 12 100 59 197 
62 35 38 12 250 
83 76 53 92 251 
56 45 49 36 322 
63 69 72 72 237 
72 10 19 97 238 
37 4 67 96 161 
67 48 67 21 154 
57 33 28 23 260 
49 83 6 22 179 
97 41 49 11 110 
64 42 30 102 317 
54 19 43 54 109 
80 11 58 52 393 
9 80 29 98 98 
32 43 51 9 46 
91 6 99 54 256 
98 58 58 70 315 
27 21 68 44 349 
40 92 76 97 347 
40 27 56 26 149 
19 14 52 87 393 
23 93 23 91 359 
50 22 91 91 127 
25 56 91 75 292 
91 15 87 13 348 
42 69 56 24 300 
67 53 75 18 186 
85 7 72 73 230 
36 100 79 56 155 
20 4 87 66 255 
86 38 82 54 196 
7 29 41 2 231 
56 39 102 17 96 
99 49 75 46 195 
19 85 19 19 155 
93 38 33 75 274 
40 85 92 61 365 
31 73 23 70 166 
58 68 72 17 12 
99 100 63 33 169 
73 30 43 18 185 
3 21 65 17 232 
71 98 68 35 75 
73 49 42 28 385 
28 28 7 6 373 
53 15 4 17 169 
95 76 2 34 390 
12 44 76 16 363 
12 10 8 13 292 
62 2 39 99 129 
51 60 37 39 63 
47 25 39 27 383 
89 19 50 75 260 
97 98 36 40 33 
31 76 28 39 344 
20 22 96 34 130 
53 78 7 85 375 
37 41 66 19 208 
90 7 51 23 9 
95 62 35 50 314 
66 68 101 92 11 
78 34 100 54 395 
27 30 6 95 176 
13 14 67 83 116 
58 34 19 89 84 
26 27 7 37 371 
61 89 49 57 276 
87 79 17 83 68 
6 43 13 22 108 
61 3 57 80 370 
83 97 53 21 89 
34 51 15 71 319 
53 28 65 64 157 
39 84 51 28 237 
36 99 85 67 102 
17 23 98 63 250 
25 72 30 47 42 
66 38 29 36 148 
37 67 48 5 268 
79 80 52 84 363 
79 54 31 22 232 
86 14 88 97 28 
12 55 54 10 225 
83 100 20 54 305 
3 56 17 92 93 
71 53 82 102 193 
39 74 16 74 341 
73 42 10 90 106 
54 52 34 30 106 
84 15 39 50 346 
81 62 100 10 357 
25 39 42 99 356 
35 33 89 50 284 
41 41 82 27 341 
43 93 32 28 93 
54 24 89 66 165 
59 16 34 17 278 
79 76 8 86 248 
37 3 13 3 378 
23 65 87 60 355 
45 34 15 67 181 
90 32 73 87 147 
3 52 78 59 126 
21 101 74 82 375 
67 35 98 66 201 
42 82 31 36 8 
91 40 31 79 396 
26 3 69 73 326 
50 5 23 50 244 
87 27 55 72 300 
23 93 7 68 93 
12 39 50 18 19 
10 3 40 86 193 
65 23 100 62 27 
20 34 3 2 182 
64 14 50 7 262 
17 29 61 62 327 
99 35 65 57 354 
90 55 53 69 292 
49 67 39 3 393 
66 29 95 66 228 
91 93 7 24 246 
100 91 46 54 366 
84 44 79 6 204 
32 60 46 75 77 
67 83 36 31 396 
99 77 48 10 407 
90 35 96 7 371 
9 30 43 97 361 
101 11 101 79 366 
7 90 36 54 270 
8 85 22 48 371 
10 59 78 27 258 
26 45 38 54 9 
50 50 75 15 176 
4 19 51 87 83 
57 84 59 41 375 
12 43 97 44 382 
7 15 51 16 338 
52 54 18 34 263 
58 76 49 78 171 
60 17 23 11 260 
91 36 37 28 146 
29 102 39 35 218 
85 50 95 60 396 
37 101 61 32 379 
52 3 20 23 262 
84 36 83 99 141 
97 22 88 81 20 
73 80 25 80 229 
52 17 85 80 332 
10 82 91 81 30 
61 58 93 18 56 
90 18 16 64 220 
95 21 42 101 239 
65 64 17 56 108 
58 78 83 76 174 
37 20 41 41 232 
4 47 5 93 308 
41 31 72 67 69 
56 66 63 27 259 
34 78 86 22 77 
47 68 37 54 208 
85 77 19 75 320 
71 79 77 7 213 
50 18 51 25 80 
36 94 51 40 294 
94 17 58 13 45 
61 36 21 23 47 
38 12 52 42 378 
66 14 99 89 193 
79 91 58 75 66 
18 29 63 3 345 
55 18 99 82 239 
70 21 8 65 79 
37 60 56 96 67 
39 68 11 33 227 
23 97 64 92 387 
5 61 85 97 388 
35 75 20 38 237 
22 15 72 83 102 
47 8 36 70 51 
21 36 64 59 321 
52 20 32 47 258 
60 56 9 88 225 
11 38 13 70 352 
64 42 20 38 393 
27 98 30 8 46 
17 63 97 80 310 
71 99 28 18 185 
17 45 75 75 407 
68 8 86 28 65 
10 97 68 84 207 
81 18 28 62 221 
56 92 26 36 197 
99 61 31 12 350 
14 12 97 25 290 
21 68 47 38 125 
21 13 3 92 12 
22 97 15 30 394 
