8 6
250
49 74 98 66 57 63 74 86 403 
28 82 74 89 74 20 8 31 68 
62 10 76 11 77 42 81 11 1083 
16 3 55 34 17 87 9 21 106 
71 44 93 93 48 5 75 55 466 
43 65 101 43 59 4 82 2 1028 
98 41 100 58 86 49 74 61 1014 
82 96 67 89 82 55 12 39 1073 
16 70 64 73 38 24 4 41 553 
92 75 46 53 54 17 3 13 985 
13 15 59 47 21 90 22 95 723 
75 56 85 48 33 22 17 68 391 
24 26 5 78 56 48 4 85 1055 
41 31 44 52 88 71 75 101 290 
32 72 52 76 54 45 65 31 1040 
64 46 43 27 38 88 85 81 1066 
79 37 61 14 45 38 3 83 778 
19 25 70 17 75 34 98 86 1182 
84 50 75 63 15 27 63 42 482 
47 16 96 59 70 9 83 97 778 
66 20 29 16 75 73 81 48 72 
19 49 72 11 30 54 91 3 373 
17 18 25 36 53 5 99 58 821 
72 62 57 63 36 80 71 34 808 
72 71 78 4 84 68 22 45 1144 
71 38 88 44 69 69 79 69 968 
43 32 69 26 19 18 6 11 1052 
52 59 15 94 42 98 88 21 393 
57 15 37 58 17 10 11 30 248 
83 30 95 90 86 69 101 30 23 
101 48 54 62 100 74 83 71 1064 
82 79 99 91 58 50 37 24 664 
46 86 18 62 17 91 98 24 995 
95 64 75 49 95 13 97 89 897 
82 97 16 64 78 47 23 31 621 
26 94 73 47 55 64 14 57 541 
88 41 33 64 65 78 93 89 92 
16 36 86 87 97 71 77 57 333 
42 84 10 72 41 88 41 75 372 
12 50 10 13 36 41 69 11 591 
44 20 34 40 73 90 40 9 1166 
69 41 99 4 72 101 37 75 892 
38 18 102 48 26 93 48 83 478 
101 5 102 47 20 88 23 35 448 
97 3 13 22 34 34 92 74 418 
35 10 81 12 78 64 68 33 1136 
50 98 97 43 95 92 52 41 42 
98 24 23 13 83 39 64 41 872 
64 18 85 69 58 54 59 15 901 
62 91 29 40 81 88 95 75 455 
44 56 11 23 72 95 31 97 608 
15 24 29 44 49 39 92 5 192 
11 83 43 45 86 82 18 91 609 
78 59 45 36 20 10 101 22 1039 
65 44 48 92 40 63 4 45 1110 
49 20 44 92 50 78 73 86 1126 
99 101 72 31 6 83 45 55 457 
9 81 6 21 45 29 54 30 757 
72 21 45 82 42 43 91 72 876 
9 88 12 69 66 36 18 5 261 
17 36 40 67 49 88 26 98 789 
88 30 77 17 40 22 16 3 797 
51 19 61 32 41 36 11 38 813 
30 41 18 73 5 42 8 40 1147 
26 7 74 59 58 47 78 5 518 
98 94 51 92 55 65 71 69 1053 
64 87 97 5 57 13 21 98 690 
51 18 27 37 12 2 28 92 1169 
95 94 63 16 55 38 94 15 540 
20 40 88 55 4 38 56 45 645 
101 23 52 63 40 62 91 29 1067 
20 63 84 50 65 66 69 78 912 
27 50 34 61 13 44 69 3 708 
72 98 16 90 84 69 50 30 845 
47 34 56 2 27 28 51 77 638 
64 72 77 24 88 28 64 30 1159 
23 42 12 10 96 39 4 20 386 
75 31 81 17 2 37 97 24 540 
22 27 25 8 12 39 92 7 389 
85 50 12 90 29 55 74 29 1078 
61 40 39 20 100 9 96 78 556 
75 49 71 42 29 66 84 44 46 
74 17 31 75 20 92 7 22 853 
23 87 5 28 45 76 49 37 1029 
9 5 29 18 13 37 93 20 712 
65 45 23 49 8 87 51 3 139 
61 89 22 50 15 80 40 75 1106 
45 48 6 97 94 94 82 77 480 
79 58 6 97 83 102 34 44 935 
51 77 82 20 79 45 65 91 597 
66 61 92 50 80 40 46 51 877 
57 69 53 31 69 32 48 75 551 
9 66 7 22 18 72 4 91 1210 
13 27 71 63 35 5 45 18 198 
51 30 79 68 53 35 30 79 921 
27 21 10 51 74 6 100 58 308 
45 46 45 21 49 91 41 35 294 
5 96 36 50 88 53 16 98 544 
70 43 15 75 94 41 97 79 852 
93 64 55 67 65 79 80 102 884 
75 32 84 90 30 19 11 28 1019 
43 80 36 59 37 78 62 32 184 
14 73 54 6 26 72 22 50 879 
73 40 33 59 71 88 81 44 810 
65 81 15 98 66 68 58 56 1211 
38 36 29 79 7 35 64 68 355 
23 71 8 14 70 82 47 40 1075 
55 86 10 49 80 95 12 99 622 
4 18 9 87 50 72 73 86 170 
47 96 35 100 97 5 59 60 892 
62 53 13 35 53 28 81 5 864 
92 91 58 36 70 9 84 63 618 
24 37 22 39 43 87 68 3 537 
57 57 91 8 92 22 22 52 574 
42 70 68 83 9 47 101 83 1164 
60 13 28 28 18 36 54 37 281 
54 25 12 28 69 52 85 26 596 
83 87 100 38 15 20 62 44 1128 
87 44 31 77 39 62 92 10 1092 
20 30 41 57 55 57 99 70 322 
39 15 3 18 100 85 98 20 1173 
99 24 100 10 68 75 44 70 1146 
96 79 88 51 39 62 63 67 1169 
12 28 33 45 40 47 94 25 359 
93 71 46 48 81 22 67 95 1047 
93 11 65 67 15 88 63 5 1115 
42 90 78 43 57 35 89 89 1118 
66 55 86 55 18 45 46 53 1201 
52 50 100 69 87 46 76 72 683 
35 46 16 48 84 37 56 54 434 
55 52 17 13 61 94 30 2 487 
3 40 95 22 23 64 90 13 675 
95 76 5 35 69 87 79 56 519 
80 21 73 51 101 67 9 93 14 
85 42 91 8 40 86 6 75 394 
65 15 25 54 60 73 82 63 958 
34 22 85 32 35 7 52 53 999 
70 54 41 30 15 32 63 6 880 
68 89 37 21 30 97 55 16 513 
21 28 63 3 71 40 88 77 874 
20 56 8 87 57 90 5 38 253 
96 37 101 95 92 56 101 16 900 
45 15 94 90 79 21 65 33 301 
23 69 85 2 44 40 60 45 620 
68 83 34 50 18 95 76 61 977 
44 28 38 9 4 57 67 46 763 
82 32 78 89 24 27 65 84 838 
40 95 95 64 37 50 5 35 407 
43 97 98 101 16 20 41 22 62 
91 16 67 30 37 100 78 81 155 
76 80 61 9 86 37 26 38 806 
89 83 93 90 6 71 24 25 591 
68 83 18 61 50 4 22 76 830 
5 12 60 97 88 58 37 31 669 
76 36 13 64 77 80 54 54 487 
16 3 12 98 8 14 52 12 1201 
98 18 32 60 90 12 69 23 331 
10 94 97 37 55 77 17 50 1093 
39 6 8 40 8 98 64 8 899 
59 9 5 48 46 78 60 41 166 
26 18 48 3 97 56 53 46 733 
47 81 50 38 83 60 25 15 73 
94 60 11 36 98 84 39 11 174 
26 64 50 20 79 16 63 92 385 
45 39 11 54 90 64 38 19 336 
27 24 28 47 25 34 72 68 992 
6 92 23 67 66 87 41 29 1014 
14 28 3 37 76 93 29 82 933 
99 42 72 49 100 81 56 13 1072 
90 81 40 18 50 14 35 59 8 
13 80 74 26 15 63 81 26 1108 
28 93 50 37 20 46 58 76 318 
13 59 94 44 12 55 100 53 595 
47 98 80 92 4 19 92 18 22 
6 75 29 12 70 76 90 30 257 
42 56 63 97 63 76 88 24 5 
11 71 70 22 28 64 14 36 352 
14 38 91 33 46 3 44 54 15 
101 3 91 20 56 84 34 60 1194 
90 52 37 6 6 82 19 84 587 
36 86 49 67 99 36 47 78 1126 
34 11 11 61 55 11 75 89 253 
14 93 17 88 90 70 66 26 1033 
96 10 35 11 16 65 56 10 826 
56 36 6 57 74 80 92 102 598 
90 31 100 28 33 19 61 7 1109 
35 49 99 81 3 75 51 54 836 
61 25 98 49 8 46 43 21 650 
19 58 21 39 98 90 21 78 1171 
89 69 79 18 51 10 74 23 748 
73 78 35 33 8 23 11 32 934 
55 44 25 56 87 14 66 45 600 
74 98 53 11 61 27 80 65 1033 
93 46 76 89 76 87 85 73 532 
22 88 53 100 30 68 14 68 419 
75 35 85 67 54 9 61 2 307 
12 64 18 10 55 45 38 20 1064 
4 68 69 40 73 16 71 46 694 
100 76 70 87 99 95 93 7 360 
4 28 94 70 30 76 62 75 104 
29 14 35 9 64 12 81 12 7 
69 37 65 70 98 10 52 63 321 
59 27 67 25 19 50 16 37 1125 
97 37 40 95 80 100 8 43 393 
26 93 14 60 8 89 95 26 858 
69 35 32 86 20 69 50 5 584 
45 6 97 87 96 29 20 86 919 
65 76 59 67 65 57 78 28 861 
16 102 21 80 32 95 80 49 18 
64 13 19 72 47 77 52 65 458 
39 41 99 87 42 24 14 32 613 
15 3 73 77 10 93 99 37 42 
30 67 76 3 9 48 28 58 889 
60 94 31 84 17 102 20 41 1073 
75 31 62 100 68 2 45 67 565 
33 89 6 28 76 12 74 24 1201 
65 38 34 53 61 86 51 56 462 
23 34 88 73 59 71 6 26 74 
45 33 101 76 60 44 2 97 838 
71 35 21 21 12 95 4 56 30 
58 24 71 78 50 14 64 25 410 
62 62 32 36 24 52 6 30 1117 
101 91 80 92 53 66 17 82 265 
21 4 24 95 71 5 69 50 25 
39 70 84 89 14 37 10 42 433 
40 37 13 71 17 83 4 4 798 
26 67 73 7 63 70 92 46 259 
14 69 93 29 69 76 50 70 746 
11 14 80 45 84 13 31 79 558 
13 52 89 42 93 69 40 45 1017 
33 33 9 16 99 70 16 99 900 
46 13 69 39 23 49 22 95 1106 
89 83 85 62 78 85 25 81 1148 
37 73 78 26 92 26 93 19 447 
56 97 17 12 31 88 39 86 814 
80 76 31 41 22 100 78 52 765 
2 73 57 26 93 19 76 82 314 
100 22 23 45 48 6 13 69 1193 
77 80 54 99 25 94 19 47 66 
67 97 53 80 50 41 64 93 559 
84 32 6 100 38 51 62 42 789 
47 37 30 26 30 55 3 3 891 
13 5 51 65 9 48 14 11 1034 
76 22 74 84 83 57 61 31 448 
95 79 44 4 39 85 30 74 122 
79 43 69 100 79 49 69 53 1075 
99 21 25 60 88 29 67 88 240 
94 66 55 75 68 101 19 10 302 
33 10 67 68 37 37 38 37 836 
20 79 45 27 17 33 70 64 130 
