2 6
250
77 100 408 
64 6 680 
89 65 1025 
37 101 968 
96 81 104 
24 23 1059 
41 9 294 
71 42 610 
25 46 1043 
48 73 812 
89 72 1106 
23 86 1193 
32 97 1166 
98 24 543 
28 37 289 
7 40 67 
70 84 781 
17 53 1219 
44 8 711 
85 41 734 
72 42 1124 
19 49 357 
91 74 1162 
13 94 318 
93 45 1034 
82 45 55 
28 20 66 
82 81 1086 
5 75 238 
93 81 963 
41 49 694 
37 28 1004 
54 11 1078 
96 18 809 
12 59 1105 
40 26 106 
17 65 771 
56 59 256 
57 93 755 
5 17 916 
12 100 1144 
18 73 559 
71 58 205 
4 29 412 
18 34 20 
41 71 269 
100 67 600 
13 78 203 
18 88 1094 
38 83 434 
22 51 1152 
15 87 228 
75 96 1046 
47 71 830 
94 15 434 
31 39 311 
21 17 261 
42 7 617 
28 101 275 
79 3 1048 
58 35 920 
83 84 953 
41 5 578 
85 69 921 
38 56 1174 
83 21 771 
83 88 594 
66 19 800 
16 83 548 
46 89 1050 
98 98 1146 
102 90 433 
95 13 377 
60 92 421 
80 38 598 
48 5 622 
56 47 981 
61 98 176 
39 94 208 
12 69 18 
35 98 193 
63 89 870 
84 39 802 
63 91 100 
34 26 1178 
16 88 984 
19 70 947 
96 91 524 
8 39 1221 
81 65 1178 
20 85 538 
31 26 1157 
21 19 605 
80 66 818 
87 96 687 
74 29 885 
20 25 79 
39 95 1208 
26 41 76 
75 58 616 
73 4 905 
71 44 74 
66 5 1215 
4 98 845 
33 41 51 
13 11 1172 
89 36 117 
29 63 488 
92 84 1095 
47 7 1043 
90 48 750 
101 9 760 
95 18 630 
52 10 301 
75 18 337 
39 7 670 
97 15 375 
12 88 271 
43 46 502 
36 81 740 
18 21 1192 
16 15 611 
10 34 395 
44 20 1133 
46 39 317 
87 56 554 
14 55 936 
37 52 1126 
57 80 729 
41 60 769 
23 61 451 
93 36 1087 
29 61 37 
80 31 900 
24 55 1173 
40 68 609 
98 58 1094 
98 24 329 
86 84 841 
7 61 433 
92 71 903 
71 23 721 
58 55 37 
39 60 1169 
44 37 285 
5 14 1196 
98 19 151 
12 45 30 
75 27 455 
12 9 638 
22 24 1218 
70 89 744 
102 55 392 
39 84 155 
49 61 1200 
96 55 1065 
6 83 849 
73 11 525 
25 83 317 
73 98 1168 
24 48 569 
53 19 444 
98 77 584 
64 5 725 
68 61 424 
102 65 1024 
6 82 883 
52 8 319 
85 51 155 
59 46 82 
37 30 701 
39 17 445 
68 98 521 
64 100 962 
41 43 954 
12 7 612 
10 25 217 
44 69 201 
25 74 485 
22 70 828 
26 41 373 
43 29 917 
4 31 540 
100 36 820 
43 44 1001 
96 13 798 
50 75 541 
65 51 259 
91 95 748 
43 15 534 
99 48 344 
77 40 718 
50 100 171 
5 10 930 
8 12 1099 
53 3 304 
37 32 746 
76 74 1169 
25 63 1111 
11 54 425 
16 63 198 
2 4 1077 
41 68 54 
25 47 154 
53 47 789 
70 59 474 
33 40 1124 
38 8 1022 
85 24 896 
34 53 943 
70 41 567 
81 91 578 
62 7 103 
4 14 426 
22 13 1035 
50 25 336 
33 57 56 
54 80 171 
45 79 671 
35 20 970 
17 8 185 
29 57 79 
68 74 686 
19 10 628 
32 31 327 
59 18 1162 
101 36 1217 
48 3 1176 
75 18 747 
34 38 144 
94 29 1073 
31 89 66 
22 95 688 
80 84 623 
73 16 577 
55 24 595 
89 88 755 
62 36 1024 
82 71 64 
21 57 485 
47 36 440 
46 27 991 
66 3 521 
23 39 279 
41 23 636 
51 76 1073 
51 21 1152 
14 47 620 
52 35 1147 
6 51 221 
