8 6
250
44 89 5 80 18 37 20 90 1104 
22 13 48 81 30 23 31 42 80 
91 100 97 36 12 31 93 21 815 
4 53 66 85 80 98 14 30 760 
19 32 36 93 46 16 36 86 138 
43 42 80 18 26 16 97 100 1152 
68 11 79 76 89 99 70 17 454 
28 39 36 52 68 102 61 14 132 
74 100 56 84 101 28 20 52 965 
91 89 29 52 90 82 4 48 242 
87 45 45 39 25 31 79 10 576 
79 93 76 80 59 14 5 24 1223 
42 86 11 53 59 39 20 81 354 
12 78 51 56 51 22 82 76 843 
70 37 77 27 7 93 81 42 727 
7 13 32 17 49 68 82 63 762 
12 36 88 7 21 46 102 68 404 
100 26 44 56 100 85 45 37 1072 
27 17 81 20 73 18 80 15 840 
101 97 30 85 76 89 60 72 485 
84 65 18 33 27 41 60 83 205 
20 54 15 48 74 14 80 57 564 
85 94 65 72 29 9 77 3 868 
7 17 52 56 98 30 46 63 888 
74 96 92 42 62 92 102 62 751 
58 55 26 18 7 20 43 77 952 
79 14 37 11 58 27 70 55 806 
68 65 58 87 4 13 42 8 752 
58 45 34 74 73 69 47 21 584 
49 91 12 34 15 23 52 69 598 
39 65 40 68 74 9 27 35 1192 
7 73 53 15 78 101 59 88 383 
48 7 43 70 66 39 79 23 792 
57 37 52 37 36 37 64 4 530 
26 92 73 27 50 40 72 42 590 
99 36 14 14 77 29 92 6 762 
9 71 101 3 91 53 44 71 1206 
49 73 39 17 53 76 58 35 1169 
62 24 59 6 101 26 91 82 1065 
54 46 62 25 47 32 75 57 411 
46 25 4 22 84 80 41 24 847 
13 84 85 41 58 44 34 32 1011 
7 6 72 77 14 11 66 92 314 
41 26 28 9 44 99 42 13 122 
96 42 41 81 67 78 57 80 1204 
6 16 90 20 93 16 50 70 626 
65 71 14 95 58 94 55 2 1203 
45 7 42 88 100 47 34 40 1108 
45 28 41 96 22 36 12 62 939 
40 23 35 14 61 76 47 79 520 
100 3 86 49 28 67 80 14 894 
61 20 17 45 88 55 26 6 516 
14 71 51 79 85 98 17 17 974 
67 33 47 68 43 23 4 36 451 
9 98 2 76 18 10 63 54 516 
63 97 37 82 90 57 34 35 97 
96 23 21 90 34 13 87 15 985 
30 95 79 97 43 54 19 19 107 
44 40 56 42 18 33 56 56 248 
47 88 46 92 36 10 15 11 162 
20 21 65 91 91 5 30 36 716 
67 69 56 84 65 73 48 92 1159 
56 55 6 90 36 80 93 42 330 
39 39 61 71 83 34 41 100 1196 
47 55 51 53 15 85 75 91 1070 
68 64 25 75 46 46 15 61 681 
11 33 88 87 100 51 78 93 1180 
101 98 87 24 45 67 75 3 448 
47 6 43 24 17 47 93 27 953 
6 65 95 17 58 24 78 33 829 
14 62 57 3 76 23 88 75 1142 
4 46 21 60 2 45 10 70 682 
17 89 18 43 97 75 73 74 342 
5 86 42 65 48 15 99 63 508 
83 47 31 21 38 44 53 91 989 
61 48 65 52 9 90 69 63 538 
54 73 67 84 32 4 95 85 1086 
56 41 101 9 64 41 4 29 286 
28 98 53 76 92 8 94 14 329 
67 55 79 53 99 86 71 47 1105 
78 101 17 29 28 55 55 100 610 
84 54 86 26 51 83 67 42 807 
95 80 83 61 92 19 77 31 363 
13 4 44 17 40 19 51 27 343 
10 101 72 101 23 94 58 12 739 
45 43 7 99 88 58 20 78 820 
12 19 10 100 54 99 25 44 1167 
9 70 16 69 77 25 55 59 502 
98 96 59 90 5 82 59 34 1075 
27 17 18 88 98 64 52 42 102 
21 12 49 75 77 81 99 51 519 
48 78 68 83 46 31 18 24 1007 
12 23 16 30 43 22 11 100 330 
81 24 73 55 20 37 17 35 573 
96 26 21 80 93 56 40 13 696 
23 45 73 89 72 76 81 42 224 
96 94 71 30 65 79 55 20 336 
73 95 60 33 68 13 85 24 1205 
66 34 32 62 92 32 65 90 673 
58 95 53 99 76 80 19 23 512 
80 68 62 43 27 75 29 69 220 
101 92 79 62 6 50 78 18 93 
90 36 4 41 67 77 24 98 308 
78 77 22 82 17 47 71 7 684 
40 24 9 59 36 25 14 66 1202 
80 98 91 5 23 60 72 31 1071 
42 40 3 87 21 31 50 52 1130 
100 20 77 34 93 101 95 40 1142 
2 33 2 80 29 3 79 46 7 
38 75 56 64 12 88 60 31 818 
56 55 5 81 10 85 33 16 561 
25 48 7 92 12 85 67 72 1193 
89 64 14 3 10 77 30 14 943 
40 39 10 91 77 64 34 40 1042 
92 24 25 19 50 15 57 56 1207 
98 48 65 73 99 42 90 72 822 
57 56 46 30 52 98 8 94 947 
39 36 73 45 60 74 100 76 595 
76 72 16 101 48 56 78 35 809 
16 70 42 70 3 6 97 79 1038 
43 64 73 29 13 57 37 19 251 
29 55 90 94 75 25 94 16 4 
55 58 10 92 54 20 32 94 305 
40 71 35 69 50 83 89 59 150 
79 50 61 61 65 31 36 51 977 
80 24 96 19 79 89 6 44 252 
79 53 12 55 99 21 33 100 591 
90 62 7 9 6 18 12 16 812 
43 96 95 81 58 5 40 54 860 
33 22 95 48 65 8 63 12 82 
4 26 53 42 30 67 82 48 1082 
77 73 20 80 9 65 23 65 583 
29 100 96 9 17 47 50 2 951 
58 44 99 102 48 97 12 11 1101 
17 3 68 30 101 12 17 65 998 
54 54 15 32 27 102 60 35 144 
14 96 11 8 94 30 90 27 51 
93 77 26 25 71 100 75 7 765 
83 102 102 86 95 54 65 98 585 
66 28 19 99 44 15 85 99 179 
83 11 11 40 42 76 8 26 1087 
59 31 86 17 59 22 40 79 413 
14 30 3 59 45 98 82 25 1214 
89 95 35 13 42 73 86 94 1178 
56 45 62 28 80 71 65 8 816 
66 51 70 100 62 67 82 73 850 
15 26 68 15 60 19 76 21 370 
58 48 91 14 33 68 25 86 417 
76 88 52 34 96 39 31 18 908 
33 91 36 70 34 71 4 72 830 
33 43 87 45 54 61 41 9 736 
79 54 20 5 76 78 33 8 1041 
22 83 32 30 85 43 45 46 367 
99 90 16 22 13 63 100 95 523 
51 33 36 92 95 89 79 54 795 
58 30 17 59 39 28 86 84 1093 
40 4 60 46 2 10 31 45 242 
48 59 43 59 7 83 36 84 915 
53 32 91 45 53 34 79 88 188 
17 41 52 90 38 30 74 62 1109 
87 7 32 28 63 52 69 34 1156 
26 102 26 36 26 57 53 35 644 
3 97 53 28 69 16 95 16 43 
71 60 24 15 87 47 93 51 936 
46 26 71 40 78 21 39 55 1058 
93 83 18 97 39 4 78 73 792 
41 61 41 18 36 49 49 100 905 
75 13 17 81 45 77 81 9 114 
86 64 22 34 91 16 30 3 408 
90 76 23 21 39 16 82 53 1103 
40 30 93 24 94 80 48 66 509 
74 14 40 43 18 32 95 94 108 
47 10 71 27 90 34 15 61 288 
55 56 77 3 101 93 87 43 966 
20 64 73 44 88 27 75 58 1091 
97 49 61 93 28 47 7 37 535 
23 15 42 60 11 35 56 95 130 
69 73 15 49 58 77 53 77 368 
40 5 24 47 54 34 45 21 145 
67 64 30 32 97 66 50 66 344 
41 62 55 40 90 96 16 8 1039 
78 50 93 86 42 53 17 69 396 
24 78 63 10 17 92 23 91 377 
85 39 78 51 101 93 49 14 183 
79 3 17 30 32 48 49 69 868 
22 83 23 79 18 30 34 28 1080 
69 32 47 65 18 100 65 34 849 
11 29 50 2 39 30 38 40 817 
19 96 48 17 63 50 21 3 107 
11 8 23 50 20 76 5 82 1000 
72 16 86 19 67 100 79 40 500 
25 22 46 95 43 80 63 17 391 
44 54 71 99 46 17 92 55 322 
50 62 11 76 99 59 49 68 297 
85 102 31 50 40 25 9 99 989 
67 18 67 45 89 5 44 63 350 
15 76 72 71 29 14 74 30 954 
34 50 25 88 48 77 56 81 183 
5 96 15 48 91 49 37 27 456 
63 7 75 8 35 38 31 36 1132 
56 16 74 19 78 12 47 78 595 
59 80 72 92 92 10 90 41 814 
17 69 86 25 36 5 77 13 288 
7 28 18 89 60 14 84 101 794 
44 88 21 5 3 16 100 79 569 
69 73 17 67 20 96 71 15 819 
10 33 82 72 44 67 89 43 607 
35 72 23 60 10 92 46 48 640 
50 14 69 73 27 59 58 10 491 
10 42 10 24 20 46 47 76 839 
87 75 46 56 19 62 66 68 91 
28 11 65 27 23 74 44 24 17 
2 39 8 25 15 36 27 80 12 
43 13 54 78 14 36 24 61 897 
10 96 97 9 9 61 51 33 1207 
79 85 20 39 82 98 45 47 453 
64 64 61 12 31 40 61 25 666 
57 52 99 31 5 65 100 36 341 
8 96 33 49 76 85 38 50 1164 
84 7 33 57 35 69 99 62 1186 
16 100 67 59 49 85 7 96 992 
4 51 82 58 40 48 71 39 628 
8 17 90 78 76 83 45 79 229 
25 102 18 31 34 45 68 86 445 
65 51 48 49 44 82 4 36 1211 
17 29 68 87 89 98 18 93 547 
11 40 25 86 16 73 67 84 1151 
67 75 19 39 92 56 12 8 1087 
7 61 75 10 76 43 84 31 615 
54 40 15 23 15 43 101 59 570 
15 81 37 78 84 63 88 39 749 
84 80 39 15 77 83 9 13 395 
74 3 66 85 3 87 23 15 537 
83 46 61 78 40 35 9 99 330 
56 31 78 14 24 39 81 2 623 
16 42 64 34 15 4 11 29 685 
85 32 80 51 57 72 19 7 1140 
4 8 41 5 7 81 56 55 1001 
58 62 81 29 5 3 37 9 896 
83 50 33 59 70 14 79 26 819 
51 7 77 9 97 19 46 80 1159 
13 12 36 86 80 62 22 55 817 
79 58 29 79 17 50 99 38 692 
65 46 40 30 28 83 14 7 595 
9 51 67 63 85 28 8 25 1183 
41 100 72 72 39 17 47 2 837 
42 74 92 29 12 61 63 83 412 
58 86 87 55 74 75 14 15 48 
4 18 75 3 73 94 53 60 465 
88 94 9 25 85 28 15 74 408 
