6 4
250
68 74 65 56 77 15 481 
58 97 90 15 32 9 785 
80 58 75 84 100 67 7 
89 13 99 44 42 17 430 
61 85 81 7 35 16 742 
59 88 19 88 91 56 158 
8 67 44 80 61 7 653 
50 57 40 69 67 67 646 
63 68 14 37 100 8 790 
14 11 11 99 95 7 169 
73 58 98 12 12 83 659 
48 57 66 83 12 75 95 
30 44 40 70 51 14 785 
22 7 53 92 50 24 774 
58 36 83 68 101 61 630 
101 44 59 57 86 100 124 
13 50 57 90 36 87 682 
69 73 31 46 95 26 414 
53 47 22 64 61 88 732 
23 86 17 13 15 36 243 
102 83 15 67 15 83 77 
59 99 4 17 39 13 727 
65 53 24 8 37 28 385 
99 40 95 27 15 27 728 
66 42 79 22 53 56 548 
92 19 82 82 45 43 768 
50 19 50 24 76 3 480 
34 95 7 80 10 85 23 
45 21 42 3 58 22 762 
59 27 96 88 59 24 592 
37 44 28 94 87 55 404 
22 48 5 40 27 33 260 
49 74 44 45 73 67 386 
99 42 81 89 23 3 745 
94 56 38 19 81 88 796 
52 81 88 25 32 55 189 
76 39 65 33 92 64 78 
55 54 44 88 59 27 308 
4 49 7 66 54 60 228 
94 69 23 48 46 36 790 
95 58 23 44 13 26 192 
5 19 58 34 41 84 319 
4 96 33 23 63 62 395 
35 83 61 80 97 97 668 
72 43 87 47 30 14 497 
97 24 46 48 3 16 806 
32 51 34 15 78 91 737 
75 92 27 85 76 51 490 
77 64 66 18 31 44 277 
77 73 89 14 71 80 53 
74 89 77 62 48 51 23 
35 29 66 21 8 93 785 
53 62 64 55 66 3 170 
62 82 32 74 75 67 448 
80 47 4 9 13 86 14 
6 52 25 31 101 59 345 
37 102 99 25 52 40 198 
13 27 60 8 79 88 100 
9 47 90 75 86 50 451 
84 65 14 98 9 97 389 
13 40 27 67 46 81 207 
82 34 51 24 30 33 548 
22 45 3 36 100 91 791 
6 37 57 17 12 89 431 
39 87 29 45 45 78 813 
89 36 43 36 9 89 217 
15 41 53 59 19 90 505 
22 13 64 11 7 53 57 
5 71 52 36 94 75 356 
49 24 82 87 56 69 276 
12 62 102 93 5 72 744 
98 6 60 94 101 93 141 
77 67 36 39 28 95 682 
66 93 102 17 16 85 539 
19 73 74 65 23 30 83 
52 64 20 5 82 18 57 
67 94 44 95 84 28 591 
58 48 49 30 77 52 374 
71 2 78 90 89 27 643 
35 88 31 80 65 9 199 
5 18 37 47 79 79 809 
101 60 25 35 59 96 500 
27 27 37 48 80 66 663 
64 44 16 95 92 30 260 
8 14 17 21 21 50 434 
32 15 85 99 75 49 572 
45 55 58 33 34 20 67 
63 97 34 87 45 45 341 
76 22 55 89 51 69 761 
48 10 16 39 47 10 780 
14 54 51 7 20 13 158 
90 61 64 61 12 26 367 
19 85 36 78 7 13 453 
94 32 12 27 81 79 790 
48 44 95 88 11 14 402 
45 85 82 27 34 25 702 
64 93 30 40 46 50 233 
27 82 63 42 99 42 161 
23 40 82 40 36 24 349 
19 71 75 3 13 98 605 
2 56 53 75 91 71 252 
42 84 88 38 31 70 173 
64 34 48 15 74 32 180 
46 2 89 100 2 45 369 
24 57 39 34 55 56 202 
28 12 69 10 73 91 667 
58 96 5 8 56 24 446 
38 29 90 41 68 54 454 
55 66 78 91 28 88 146 
29 51 5 78 16 98 295 
24 81 7 3 43 42 722 
9 86 94 48 24 93 699 
31 51 95 89 4 71 595 
48 93 21 47 5 66 236 
46 102 32 42 27 21 117 
49 85 40 27 14 69 381 
82 85 44 7 97 34 805 
2 12 91 14 29 65 625 
90 88 59 40 78 62 510 
86 64 9 99 74 74 662 
68 57 63 92 4 28 534 
10 79 42 10 34 32 363 
91 43 30 100 57 39 487 
100 83 90 38 9 86 783 
23 37 10 25 63 19 282 
57 30 24 28 39 13 654 
11 19 32 46 32 20 777 
24 81 101 19 36 23 556 
76 76 56 97 44 71 707 
44 34 87 73 15 12 279 
15 8 74 21 28 82 727 
66 60 93 80 68 3 811 
58 11 9 29 98 68 662 
56 70 33 97 44 95 547 
87 46 75 19 10 63 76 
76 29 100 10 44 81 84 
18 65 19 78 71 89 698 
25 81 47 19 46 55 480 
40 43 26 86 88 24 646 
15 20 63 60 42 92 672 
85 11 21 56 89 73 312 
6 16 20 75 8 83 508 
68 30 2 67 10 52 292 
87 76 25 58 59 33 22 
47 58 20 31 99 5 329 
72 28 65 58 84 23 275 
29 7 13 82 43 19 389 
92 63 95 33 42 49 792 
37 97 100 33 42 38 489 
61 2 46 11 80 24 784 
4 39 10 28 32 4 479 
70 14 78 18 16 57 447 
97 27 100 59 58 45 288 
33 66 28 44 87 76 557 
7 69 72 64 97 53 716 
26 87 7 12 47 40 541 
85 24 16 28 83 7 524 
77 49 54 24 81 63 584 
75 85 86 47 30 92 516 
47 8 56 21 6 69 580 
42 94 49 14 7 71 390 
44 13 18 6 71 6 249 
22 20 43 18 93 18 414 
4 23 67 18 50 5 309 
18 62 9 79 40 95 284 
56 7 12 76 94 26 251 
73 71 42 62 89 35 205 
90 15 5 15 53 22 316 
74 84 97 59 68 12 213 
53 10 29 32 13 98 540 
15 33 44 100 94 22 250 
54 27 59 63 72 15 237 
49 7 66 90 75 98 675 
26 17 20 28 16 7 167 
63 15 31 78 39 61 610 
85 63 17 60 2 10 162 
58 41 97 97 99 99 35 
6 65 45 40 102 85 728 
18 26 74 80 17 12 746 
14 29 88 35 56 56 527 
46 52 31 74 90 65 549 
78 24 33 19 10 18 464 
52 89 40 39 77 87 543 
38 44 82 87 100 30 362 
13 11 64 45 45 42 490 
15 15 68 14 22 24 327 
4 43 63 10 96 37 509 
43 50 98 80 71 100 61 
9 51 89 92 37 25 531 
15 71 76 67 79 99 299 
75 74 28 57 65 29 282 
3 21 80 6 96 84 574 
63 68 67 76 44 55 52 
66 80 24 88 101 77 728 
75 90 45 19 40 28 551 
78 72 25 7 73 75 53 
33 12 88 43 43 97 421 
4 11 93 37 46 32 77 
96 6 71 66 54 47 234 
33 37 89 58 58 5 698 
98 43 71 72 82 102 274 
71 38 47 60 82 40 573 
81 54 84 96 97 60 671 
68 56 43 22 30 80 814 
77 101 87 87 94 68 52 
70 24 67 66 33 78 206 
70 27 8 73 9 60 427 
85 7 64 63 47 5 246 
89 30 52 54 24 36 765 
40 61 75 90 74 66 92 
32 19 32 67 85 59 805 
32 37 51 22 22 50 752 
95 26 26 49 65 78 658 
97 17 14 11 44 33 246 
67 35 85 38 96 43 433 
90 34 98 64 48 33 468 
95 4 34 4 88 4 363 
38 51 43 11 90 33 290 
4 19 58 43 28 71 527 
4 68 87 27 8 41 42 
93 30 87 18 47 25 16 
15 83 8 58 32 88 243 
86 44 28 8 13 20 707 
17 41 24 23 65 95 742 
38 49 79 82 64 41 363 
23 58 95 45 9 36 723 
39 52 87 98 85 37 149 
26 61 21 98 24 20 623 
91 66 98 84 32 13 634 
36 31 78 69 48 87 514 
88 35 65 5 86 100 640 
91 39 26 82 60 75 96 
90 60 86 43 23 70 262 
94 99 64 79 25 13 26 
23 11 31 39 51 57 316 
27 59 94 40 22 100 814 
29 73 4 74 40 68 371 
74 94 29 27 19 33 761 
38 3 29 63 89 77 558 
30 98 45 11 20 75 514 
3 93 5 3 72 34 537 
28 62 6 87 47 60 403 
18 4 14 34 26 47 733 
57 68 78 35 25 34 804 
78 61 66 22 95 84 576 
3 25 26 49 101 30 78 
44 24 78 44 20 21 98 
96 34 78 95 30 75 375 
28 29 70 50 3 69 415 
3 43 67 54 77 81 130 
