6 6
250
89 23 86 7 35 20 656 
83 63 3 3 29 52 994 
11 23 29 44 14 80 1193 
98 85 17 51 84 28 461 
66 30 73 82 46 68 227 
76 36 98 48 58 22 12 
17 20 62 25 13 23 1144 
98 64 98 8 48 65 1118 
40 71 58 54 94 18 208 
35 33 23 86 86 65 427 
89 32 97 58 60 99 989 
67 57 28 73 7 46 832 
68 77 76 100 4 29 443 
67 42 97 66 6 86 1008 
90 41 42 29 60 61 114 
34 2 52 90 69 12 897 
16 32 83 89 74 51 818 
57 50 88 84 38 101 277 
92 3 94 56 15 101 945 
18 88 46 49 87 61 419 
77 25 13 38 19 65 622 
12 16 80 35 37 18 396 
93 56 47 24 62 89 517 
101 61 36 56 14 98 1194 
46 39 41 88 92 35 985 
26 77 48 21 38 74 975 
89 16 23 80 85 47 309 
34 101 27 28 74 94 926 
67 79 84 7 69 55 803 
79 41 48 47 85 54 820 
81 101 5 26 17 65 151 
47 15 78 31 53 74 157 
40 16 63 20 43 7 730 
100 66 16 71 21 16 129 
77 77 35 2 95 60 646 
3 24 3 59 31 65 245 
66 8 78 18 83 55 481 
27 87 28 44 49 9 990 
36 91 57 98 50 4 855 
40 45 31 60 16 62 453 
94 62 63 13 44 42 424 
60 41 55 40 63 73 618 
92 9 60 48 53 74 813 
35 48 63 83 64 52 319 
65 49 60 69 95 4 397 
28 67 33 7 70 48 932 
52 4 61 89 33 21 589 
38 73 14 65 90 73 727 
16 2 32 82 92 11 1166 
94 97 73 70 71 20 787 
43 29 43 85 28 92 1014 
46 4 96 33 33 80 329 
78 48 5 7 34 75 149 
67 3 27 80 40 83 713 
9 89 21 64 3 86 1162 
46 73 82 65 82 79 853 
100 38 51 61 33 71 198 
51 70 65 39 47 54 937 
28 18 7 90 11 27 457 
17 77 71 31 96 34 394 
77 25 44 53 98 44 814 
66 78 21 9 14 44 702 
21 57 27 58 34 20 217 
57 77 77 73 54 34 1023 
63 82 32 38 39 86 909 
47 23 88 51 12 12 756 
41 87 83 99 84 82 1170 
21 47 75 65 15 16 246 
49 69 83 46 12 85 40 
98 92 73 78 60 85 905 
36 41 10 24 10 58 195 
92 96 76 72 54 90 514 
38 58 76 25 72 56 1199 
56 7 6 102 29 61 532 
98 12 24 26 99 24 1045 
8 67 43 7 61 6 703 
75 9 77 60 97 63 742 
35 99 54 91 31 78 984 
36 5 24 83 99 74 1155 
86 54 47 57 68 59 366 
93 35 20 13 52 43 988 
100 31 44 34 99 85 762 
15 71 38 70 48 7 882 
64 20 26 63 34 65 1087 
57 32 4 30 7 33 521 
66 36 80 81 37 102 438 
76 82 51 102 92 34 873 
85 12 89 23 54 60 354 
17 96 52 20 80 94 528 
102 42 6 95 54 22 608 
37 60 91 12 7 38 1078 
40 77 63 44 33 19 884 
22 17 10 55 75 16 597 
42 30 62 60 10 95 909 
42 47 9 40 14 24 587 
54 100 12 48 23 43 937 
21 90 78 49 76 73 982 
27 98 42 81 8 3 1159 
32 31 55 100 46 16 1197 
32 56 7 20 98 26 829 
19 99 9 54 75 74 265 
42 86 13 35 24 96 193 
51 69 61 8 23 55 271 
71 60 51 80 29 81 1084 
36 73 30 81 49 15 98 
101 35 29 35 31 75 1106 
47 44 66 24 22 84 996 
89 48 14 77 73 48 589 
41 60 76 48 95 35 73 
15 84 57 77 84 10 614 
36 33 75 94 82 34 299 
18 86 57 9 99 9 570 
27 18 6 77 69 62 728 
77 55 89 37 42 87 390 
61 12 49 40 76 33 652 
17 41 85 93 16 26 288 
76 21 41 99 28 61 1072 
68 53 102 17 50 93 726 
80 88 59 42 49 95 695 
77 10 71 24 78 95 130 
79 23 86 55 38 38 15 
36 51 40 16 27 46 1138 
61 49 26 28 43 96 450 
56 28 53 69 33 69 1212 
12 72 76 52 68 79 1096 
32 17 64 14 57 60 540 
39 20 28 24 50 66 196 
63 47 98 37 101 76 286 
97 35 88 7 71 4 292 
81 66 66 61 69 5 359 
34 64 16 88 38 95 204 
9 27 47 85 5 85 605 
26 80 17 69 5 68 420 
84 78 9 87 58 22 715 
56 63 65 83 62 89 357 
86 84 51 65 83 9 1080 
10 43 24 69 21 76 667 
88 52 94 66 39 97 616 
88 10 3 82 74 60 647 
66 85 3 44 98 22 497 
99 68 5 24 62 48 903 
37 86 20 39 48 6 843 
13 72 19 25 94 81 1203 
76 50 86 11 51 37 540 
60 23 26 24 56 16 1089 
86 91 44 80 51 78 615 
25 85 44 29 56 86 644 
15 86 21 7 43 44 278 
20 21 15 13 13 32 950 
66 96 17 94 92 82 335 
83 77 48 45 4 50 625 
67 43 84 96 53 93 554 
39 7 20 15 74 68 817 
72 31 69 40 49 75 730 
90 30 37 66 6 27 391 
11 75 64 41 96 74 639 
80 33 19 61 40 34 330 
91 99 81 20 16 63 139 
48 81 6 58 78 93 942 
16 50 32 49 68 15 339 
34 58 75 79 97 17 1121 
101 52 81 11 42 35 1217 
33 58 48 93 67 23 774 
96 60 86 21 82 77 789 
85 89 14 74 21 101 703 
43 8 43 21 48 22 580 
31 27 49 38 61 80 1017 
94 86 59 3 95 66 458 
100 92 61 16 41 29 194 
65 69 39 23 35 44 1093 
52 7 74 21 3 18 796 
35 39 85 24 100 83 1110 
5 57 73 29 37 22 535 
18 84 6 8 94 34 815 
59 12 17 27 37 96 520 
81 87 84 94 50 74 792 
55 78 95 44 48 27 733 
14 68 96 101 24 48 415 
25 69 15 11 86 100 926 
28 70 98 64 90 50 296 
72 90 37 88 50 81 769 
8 14 67 49 9 9 554 
47 22 29 15 50 11 686 
19 72 85 66 76 91 332 
9 98 82 60 79 38 515 
79 61 14 76 69 73 206 
58 50 64 80 94 32 997 
50 72 51 42 42 70 647 
21 54 24 76 92 38 1209 
17 87 90 32 73 5 826 
63 16 41 83 40 41 756 
24 23 88 84 61 48 728 
28 33 21 39 70 91 718 
9 92 3 79 37 20 497 
65 76 50 23 29 16 1064 
58 12 60 4 31 93 1187 
34 38 93 33 92 41 1089 
56 72 95 5 16 11 663 
26 40 7 4 23 23 717 
49 40 64 33 34 75 867 
23 62 37 41 100 64 925 
56 11 47 47 81 54 116 
6 57 19 15 7 35 382 
73 56 102 10 72 40 1034 
99 32 2 61 69 20 401 
12 60 66 18 49 81 862 
31 61 59 45 72 51 531 
85 46 20 28 42 42 611 
8 37 33 30 25 93 694 
81 47 89 14 35 79 1151 
99 55 99 60 56 63 517 
97 45 67 2 91 43 174 
88 84 34 29 80 85 42 
25 35 90 26 90 16 611 
16 72 33 38 74 51 1053 
93 22 70 88 81 10 145 
94 68 30 36 52 45 1147 
65 56 87 57 96 93 909 
22 12 36 69 49 94 993 
75 36 66 19 94 30 1153 
64 66 43 102 77 94 381 
69 62 92 40 73 58 616 
18 48 83 80 61 14 878 
13 36 21 34 17 33 239 
35 65 19 60 16 101 23 
92 45 57 21 101 45 649 
52 46 31 78 38 33 691 
90 85 41 35 18 25 624 
32 24 70 62 63 14 420 
99 75 82 59 59 51 322 
5 28 61 61 71 21 749 
92 92 58 81 102 65 550 
82 81 27 100 79 53 730 
23 90 61 40 34 21 648 
73 51 21 82 84 32 1040 
59 81 76 50 6 92 501 
34 14 82 63 51 91 205 
96 57 61 82 100 69 999 
40 2 23 39 2 10 224 
43 39 102 19 35 62 279 
101 53 52 75 63 21 1092 
78 81 79 85 31 38 943 
97 63 102 87 65 5 239 
81 54 13 6 84 25 1115 
77 83 46 18 32 96 1163 
5 10 8 39 50 94 759 
23 47 56 73 74 43 565 
78 102 35 71 58 5 253 
101 42 71 81 98 100 20 
100 35 69 102 44 84 1118 
