6 2
250
4 19 29 101 39 92 164 
83 24 70 101 14 100 228 
64 41 84 73 41 9 354 
70 87 85 67 57 61 326 
29 97 11 51 78 6 17 
70 8 62 3 11 54 378 
73 4 67 18 13 2 191 
28 73 21 25 3 76 141 
33 45 35 84 33 62 221 
29 61 52 38 96 54 386 
35 24 72 32 58 96 395 
85 21 51 45 61 35 6 
26 93 28 78 32 71 149 
64 29 21 80 93 41 179 
45 17 82 20 50 54 378 
51 51 95 47 82 39 197 
27 86 41 74 29 55 17 
70 26 62 66 85 60 292 
97 53 54 66 57 55 166 
6 71 28 13 83 10 304 
44 35 32 52 34 90 153 
45 82 8 67 88 42 307 
93 22 56 67 96 23 221 
100 42 83 27 86 10 87 
17 16 64 47 46 31 109 
93 32 16 53 72 36 214 
73 49 102 71 15 67 55 
51 74 47 90 89 23 180 
95 52 27 50 82 18 117 
68 46 21 44 13 51 408 
92 42 17 26 89 4 109 
96 83 57 73 45 10 267 
44 18 60 59 11 84 400 
82 91 5 92 20 26 24 
4 82 30 5 18 15 243 
34 33 66 2 21 19 403 
70 72 79 40 10 65 101 
30 64 87 4 68 4 42 
53 13 36 71 80 23 373 
3 30 70 28 97 8 40 
88 96 59 92 67 101 51 
21 28 54 12 63 83 305 
21 45 3 52 13 52 334 
21 32 33 43 98 9 275 
44 11 13 16 59 17 172 
70 30 14 3 4 100 129 
87 84 61 19 42 19 337 
87 70 78 85 58 30 273 
66 27 51 71 94 47 316 
20 43 98 6 68 35 209 
17 91 50 11 54 52 140 
50 74 26 58 93 87 234 
43 37 33 3 89 77 18 
5 65 35 12 55 56 276 
43 66 15 76 86 34 285 
81 30 76 6 79 35 64 
55 27 14 4 62 22 314 
8 67 5 81 60 49 53 
28 18 101 101 98 68 31 
10 13 84 9 55 90 254 
9 58 99 12 44 91 201 
40 22 11 95 36 93 146 
101 12 97 28 87 59 218 
14 78 7 83 68 10 185 
15 32 97 9 35 17 403 
10 8 71 18 60 66 357 
98 92 8 65 78 74 40 
4 89 83 70 33 11 387 
83 93 31 78 83 6 103 
92 16 87 3 78 39 369 
5 28 12 29 96 68 68 
88 101 20 93 38 38 50 
45 16 41 4 8 6 115 
17 42 42 79 62 65 26 
78 23 64 102 37 21 400 
63 72 44 39 45 81 386 
95 13 87 47 70 15 193 
102 48 101 72 35 65 360 
88 73 51 36 5 12 43 
80 58 93 3 18 16 335 
46 99 67 64 27 35 93 
31 57 35 93 52 61 312 
77 65 31 4 59 12 306 
102 94 5 42 70 86 63 
57 96 45 54 101 67 227 
51 36 10 10 31 68 234 
18 19 45 55 54 36 13 
95 63 102 62 6 9 183 
7 64 24 59 51 10 305 
62 92 41 52 96 23 107 
31 24 96 29 46 20 341 
78 62 89 18 52 14 250 
35 45 94 97 60 13 179 
74 88 53 83 60 85 228 
29 5 5 60 15 79 264 
42 8 35 62 91 63 122 
4 37 43 100 97 15 113 
48 49 57 38 12 84 233 
38 45 49 88 37 30 200 
59 86 61 39 37 99 380 
39 61 37 71 52 16 287 
52 12 84 65 71 30 329 
58 50 24 5 97 9 19 
65 88 76 56 35 83 184 
54 84 63 62 19 36 39 
90 22 69 62 70 89 348 
35 66 25 68 102 70 5 
38 38 36 43 91 91 304 
75 63 17 19 36 27 402 
30 23 5 55 96 74 278 
30 57 46 29 23 21 125 
24 53 90 35 14 46 67 
48 29 21 29 47 37 63 
61 54 45 36 63 89 20 
45 22 16 8 99 35 33 
83 92 16 70 72 46 209 
12 29 86 23 83 85 337 
96 85 27 51 39 55 285 
5 3 94 61 34 28 324 
33 76 30 18 14 11 265 
39 7 61 77 93 66 198 
27 61 15 82 6 24 199 
39 91 59 62 82 40 317 
91 24 11 40 20 74 324 
55 58 8 71 76 20 234 
80 68 75 48 91 23 320 
45 81 81 30 6 33 382 
88 72 58 34 73 89 198 
86 52 40 75 94 71 295 
4 9 13 32 6 93 244 
24 86 16 93 19 101 190 
44 32 12 16 43 88 275 
88 52 39 5 33 11 384 
18 38 75 99 54 8 166 
74 70 100 102 41 36 259 
89 44 44 56 90 4 169 
22 30 61 54 85 7 68 
59 75 29 75 84 67 28 
50 43 96 66 95 8 288 
63 14 16 3 54 6 405 
10 98 51 45 9 55 391 
10 17 47 71 4 26 63 
97 73 28 59 71 59 158 
3 50 92 97 98 73 241 
18 46 52 33 3 19 200 
80 79 33 77 14 12 167 
28 51 97 93 84 57 270 
42 90 46 85 49 63 31 
50 62 50 13 84 39 373 
72 97 40 3 9 68 73 
96 98 84 58 48 100 309 
101 96 6 16 17 95 311 
58 8 50 56 58 44 122 
19 85 66 32 76 51 226 
56 59 93 77 91 51 190 
94 64 29 3 65 33 200 
68 46 100 69 46 17 59 
91 92 49 53 27 90 313 
15 20 28 75 50 22 188 
39 15 40 28 46 32 264 
46 23 55 95 12 83 212 
41 68 65 32 36 43 264 
69 46 26 67 63 72 323 
46 3 30 17 13 5 118 
32 62 43 102 88 52 187 
71 95 60 16 9 27 301 
54 65 45 17 81 83 286 
71 16 64 86 62 87 405 
22 27 80 101 80 25 38 
8 24 32 50 94 21 399 
52 68 52 55 47 8 377 
39 87 2 34 24 61 250 
47 81 18 28 66 48 201 
70 82 17 31 4 67 187 
43 15 68 90 64 74 78 
50 13 32 17 82 9 339 
43 80 69 58 66 50 250 
45 16 25 29 75 51 336 
88 37 26 45 43 49 392 
74 36 47 62 88 44 397 
70 87 12 87 41 68 114 
5 50 75 40 19 87 400 
101 46 62 91 26 38 256 
78 8 75 41 62 89 282 
46 24 98 80 7 66 307 
31 14 44 35 85 57 338 
89 53 7 26 64 100 297 
92 86 72 64 8 37 374 
81 39 48 81 81 61 242 
28 79 61 14 23 25 288 
34 20 58 43 84 82 365 
58 70 17 100 91 98 221 
40 28 18 101 31 85 203 
77 98 56 6 98 26 249 
76 48 14 43 77 4 239 
68 16 23 26 57 4 97 
72 33 83 92 64 7 358 
53 46 15 94 41 23 233 
24 4 39 87 58 30 334 
24 5 59 16 96 98 294 
14 96 77 75 83 28 23 
67 75 15 36 21 75 95 
4 101 51 37 83 3 184 
14 86 41 101 76 44 194 
30 26 78 70 12 18 161 
51 39 21 60 97 54 230 
32 26 53 39 57 61 84 
6 10 80 15 96 29 407 
12 38 76 9 86 60 154 
50 39 68 11 59 86 217 
64 32 79 89 52 91 337 
62 90 64 21 85 29 99 
18 100 57 17 91 42 160 
3 47 53 12 96 21 333 
89 87 30 100 77 69 173 
80 3 28 46 40 19 207 
51 14 91 3 33 16 131 
41 13 96 70 46 16 249 
87 29 79 58 72 3 298 
5 36 23 10 62 84 156 
99 31 73 53 24 90 214 
35 64 11 65 7 52 195 
75 36 32 33 55 83 382 
77 52 90 71 18 80 189 
79 70 96 73 34 96 176 
85 25 20 24 28 11 210 
67 70 95 67 53 27 121 
102 93 79 8 3 46 91 
81 85 84 8 13 8 229 
96 17 93 75 58 7 371 
14 14 11 30 75 44 42 
84 97 6 67 54 19 318 
79 19 67 33 52 23 15 
42 38 18 17 5 97 291 
55 4 93 97 23 40 360 
82 70 80 30 4 14 398 
90 80 43 60 91 80 68 
100 28 44 8 86 90 292 
78 95 15 72 49 41 120 
95 14 72 34 81 92 398 
51 89 5 50 11 8 216 
60 77 58 15 19 57 223 
78 51 91 39 53 19 17 
77 68 60 57 75 70 385 
68 73 29 13 91 21 203 
42 41 60 77 84 21 75 
20 58 59 32 86 77 73 
65 83 97 30 75 96 301 
23 47 95 38 39 60 375 
7 32 5 31 38 7 148 
