6 8
250
27 66 2 95 40 48 1183 
31 65 74 39 11 64 934 
24 27 15 20 45 18 360 
85 92 8 18 67 60 917 
86 78 66 7 96 100 1356 
67 49 7 19 45 56 1617 
94 63 100 23 68 9 1321 
62 13 19 97 62 47 686 
75 96 79 75 90 18 732 
89 10 34 17 66 76 921 
81 10 3 102 63 25 1481 
31 10 97 101 52 77 401 
68 49 12 36 55 43 1502 
54 30 46 57 40 56 83 
55 68 8 3 35 27 1317 
5 18 97 101 24 53 723 
88 84 76 40 43 22 351 
63 23 84 13 35 66 434 
82 59 47 25 71 88 1251 
44 91 100 19 53 46 1018 
33 17 37 33 92 50 1082 
48 72 19 99 36 86 1489 
46 26 93 2 62 56 388 
61 52 78 55 67 70 715 
95 78 23 92 78 61 503 
8 49 82 45 19 62 552 
90 30 28 37 4 87 1599 
67 9 19 93 92 41 1168 
67 61 80 26 82 25 855 
95 98 9 60 27 62 628 
79 13 59 46 96 92 1167 
24 52 21 65 84 48 465 
71 6 102 89 22 61 664 
90 4 21 38 40 83 1542 
33 22 79 80 27 62 1437 
98 62 49 98 51 2 700 
11 61 63 100 79 26 388 
95 9 73 6 3 100 1451 
11 40 9 58 11 79 1488 
32 44 88 59 88 42 1199 
45 55 93 74 61 100 1284 
45 60 40 63 59 73 633 
15 8 76 26 64 101 1418 
24 42 42 42 25 54 1298 
19 77 43 93 86 52 805 
56 82 34 44 102 12 1081 
82 71 97 53 8 54 281 
37 14 36 26 43 89 347 
15 53 34 38 48 101 420 
85 100 72 76 23 91 957 
29 43 83 64 91 23 687 
73 46 91 19 101 64 1337 
65 9 68 44 66 30 679 
30 3 8 56 13 43 1594 
73 27 79 88 65 61 142 
73 54 64 54 68 81 676 
9 45 21 49 39 46 320 
93 6 33 59 63 19 1609 
42 77 10 80 82 46 9 
22 14 33 38 6 75 1500 
57 6 92 100 51 2 346 
60 89 9 76 99 80 1308 
23 48 31 4 44 12 507 
79 56 76 88 37 43 1428 
33 90 13 35 72 30 587 
2 43 61 14 19 80 1336 
90 3 6 85 68 22 1613 
68 5 36 64 65 63 1273 
52 18 14 16 61 36 449 
102 98 43 28 53 46 339 
6 72 91 27 34 51 1449 
55 73 4 71 23 91 1064 
87 78 73 9 69 60 822 
28 49 100 59 46 56 1444 
7 65 59 18 78 80 1002 
35 47 39 33 14 91 1578 
47 12 48 41 47 64 242 
22 72 21 86 88 72 1284 
25 93 69 90 97 2 785 
10 47 55 47 13 6 849 
33 35 78 57 71 56 1321 
39 54 21 101 94 76 1388 
94 40 34 92 10 85 167 
55 72 44 19 91 51 600 
66 95 96 36 60 65 1446 
39 45 31 20 19 100 1396 
41 51 91 4 29 65 258 
9 23 57 5 23 44 1271 
65 36 40 82 7 46 1190 
62 27 67 36 13 98 911 
97 5 74 93 87 27 236 
24 55 17 64 88 23 931 
73 41 33 39 23 13 1197 
11 93 40 14 55 15 1297 
26 27 71 17 69 62 202 
20 85 14 38 19 66 683 
83 25 19 21 25 18 1439 
87 35 98 92 88 84 1406 
14 36 81 34 14 37 1592 
30 48 49 21 63 47 870 
59 22 3 6 49 34 458 
70 22 94 32 99 93 634 
93 74 27 83 80 28 104 
50 35 7 7 31 46 861 
79 72 2 64 73 37 466 
16 97 88 41 53 60 725 
16 89 3 17 46 61 603 
76 24 40 85 21 49 140 
89 99 100 21 89 77 1472 
52 94 70 28 58 12 1269 
79 41 44 29 70 64 563 
48 5 92 87 87 18 64 
51 64 81 55 90 22 437 
101 90 22 66 85 56 1041 
97 35 92 89 50 61 1579 
85 98 59 53 87 76 671 
95 10 36 4 61 88 24 
32 91 75 70 92 53 1276 
53 24 65 87 10 73 838 
72 3 100 39 59 9 1082 
68 24 4 5 48 88 92 
81 88 64 25 70 64 1052 
46 18 21 60 10 21 514 
76 96 67 79 5 92 380 
10 38 67 5 81 37 1046 
69 73 68 46 67 75 1171 
38 3 64 42 10 89 427 
86 81 81 51 90 37 1509 
30 39 27 45 98 84 1168 
53 99 23 91 29 2 1252 
47 55 16 45 48 62 618 
94 6 40 97 5 99 392 
59 88 56 93 2 74 637 
37 42 4 72 92 2 1391 
7 43 53 83 88 51 632 
28 67 8 44 77 57 591 
35 90 49 95 87 50 1527 
13 68 100 29 31 40 178 
15 14 75 58 62 55 1428 
64 88 16 18 50 87 517 
23 50 50 27 19 5 27 
54 57 79 7 55 94 1535 
77 56 56 60 14 30 206 
55 35 89 18 4 51 1156 
4 35 78 39 64 64 1465 
20 51 4 14 37 11 990 
59 98 53 9 63 95 1425 
34 63 61 38 59 21 1107 
17 64 12 17 56 33 828 
24 2 70 92 32 6 926 
6 54 48 79 21 54 1563 
39 38 11 43 57 86 1133 
74 20 3 7 45 24 53 
90 94 99 83 81 12 582 
98 85 19 33 91 33 457 
11 15 61 41 69 74 1283 
28 3 76 101 49 83 812 
85 68 87 89 84 56 276 
62 51 98 42 44 62 661 
55 94 12 68 55 43 1033 
7 44 68 78 52 27 1011 
93 25 84 33 31 88 224 
19 34 46 9 79 13 803 
66 66 101 27 14 40 1193 
11 66 35 96 42 88 1266 
26 21 13 34 31 57 1123 
28 16 11 15 76 29 584 
62 68 61 78 32 16 677 
80 69 53 40 88 91 1331 
61 51 39 91 101 38 1510 
15 35 76 50 58 82 613 
51 92 14 39 13 39 807 
100 75 20 11 74 38 755 
54 63 96 45 68 89 1089 
67 74 26 77 93 45 776 
34 87 30 76 36 6 474 
79 41 3 77 53 34 1003 
77 21 81 29 102 48 997 
75 82 7 92 95 73 1372 
20 89 64 23 96 4 1070 
90 92 37 41 34 19 1210 
24 96 70 17 57 7 1466 
55 47 50 93 99 88 977 
7 25 86 43 35 47 967 
53 40 56 59 32 98 1420 
30 46 90 70 31 89 830 
88 40 77 40 67 96 1063 
44 17 32 99 17 8 1361 
70 53 100 101 74 17 1152 
58 15 59 27 11 5 410 
3 62 25 70 101 11 309 
87 11 5 70 53 96 150 
26 26 62 17 92 6 985 
95 92 71 59 74 82 502 
27 20 15 58 93 42 674 
57 9 32 18 99 66 1353 
44 97 33 24 23 63 522 
91 100 12 21 101 67 134 
71 56 13 29 31 90 987 
93 91 14 61 56 70 1121 
19 32 101 95 41 79 826 
97 39 37 53 21 101 584 
22 5 39 94 77 35 1400 
55 21 91 70 78 24 842 
8 22 64 69 96 65 1165 
69 13 28 62 89 60 1212 
19 78 78 12 91 27 1153 
88 77 69 81 37 85 1057 
13 12 27 65 57 101 1453 
20 75 86 27 38 66 862 
94 13 34 90 77 14 583 
45 14 60 89 100 83 320 
47 97 90 61 82 9 915 
3 3 99 34 61 87 1622 
5 94 87 56 62 20 1544 
66 37 93 61 73 31 1119 
100 69 78 59 20 72 1191 
80 98 68 57 60 99 1481 
12 37 58 19 28 38 656 
23 75 35 40 65 27 1314 
62 99 102 11 80 90 53 
35 23 77 42 18 28 407 
97 21 101 4 23 6 880 
3 37 44 47 95 30 1262 
96 45 22 57 47 94 299 
101 69 48 82 11 90 1257 
15 83 78 13 12 17 414 
57 36 37 44 23 29 967 
65 59 66 87 61 28 643 
81 58 87 73 36 9 1573 
54 55 24 14 18 79 1425 
56 68 36 85 15 54 642 
10 87 15 26 68 61 593 
11 84 98 52 64 40 563 
27 93 42 78 11 31 45 
84 15 32 7 52 74 141 
93 31 4 48 76 2 1151 
73 74 49 70 50 62 699 
72 29 64 57 41 55 476 
77 97 9 6 25 39 433 
74 85 21 18 89 30 294 
55 96 6 90 40 66 885 
21 94 9 63 71 62 191 
88 70 52 12 21 81 270 
36 96 44 53 65 46 1619 
91 31 54 62 34 27 286 
35 60 69 4 91 77 916 
5 2 45 56 79 17 1395 
17 71 8 70 50 3 302 
102 64 39 76 22 57 486 
