8 8
250
70 24 69 90 22 19 87 17 223 
76 84 64 89 62 9 62 90 679 
45 80 4 3 64 14 81 48 828 
31 36 45 52 71 33 44 60 190 
38 80 39 100 29 60 82 44 1466 
48 47 43 29 79 66 91 28 1552 
20 69 63 57 11 76 68 57 1313 
73 26 15 33 47 4 98 25 160 
7 47 53 46 23 22 24 35 14 
12 4 59 81 62 45 37 26 1485 
53 84 71 65 34 74 80 11 295 
79 17 2 41 33 56 56 87 1319 
46 76 48 43 35 79 75 58 868 
25 94 66 71 98 22 13 47 681 
43 44 15 82 68 14 4 47 288 
2 73 73 6 27 78 65 94 827 
47 12 51 94 91 78 21 57 276 
56 10 21 82 29 88 14 15 692 
70 66 9 36 41 90 61 75 1383 
84 21 69 90 9 6 72 68 565 
95 51 55 39 63 14 97 50 606 
100 22 46 87 94 14 36 97 448 
45 14 74 63 35 18 93 38 576 
52 69 3 17 12 63 54 21 1044 
92 33 5 97 40 93 53 63 863 
43 99 30 57 56 14 79 28 892 
65 33 18 38 48 27 79 48 1318 
38 85 12 85 35 74 50 46 1047 
26 50 75 83 13 74 66 53 641 
10 97 15 91 41 86 8 91 1441 
50 55 87 81 21 95 12 17 1280 
45 60 66 57 9 12 50 54 1277 
83 84 22 46 75 97 87 71 829 
70 48 46 28 79 46 86 2 1483 
81 48 32 83 72 98 95 23 1517 
77 54 90 5 44 88 8 27 110 
70 5 83 91 95 51 44 44 1114 
36 20 83 22 74 8 21 71 114 
51 2 14 26 53 54 4 12 280 
64 68 7 60 22 53 40 18 1586 
12 92 55 82 41 30 30 61 51 
14 57 83 84 85 75 81 59 405 
96 46 54 30 89 85 34 81 1254 
65 79 100 32 84 58 11 11 1284 
56 70 64 86 98 94 51 92 901 
39 82 84 34 80 64 29 45 1171 
47 84 5 72 50 61 53 67 1342 
7 84 75 27 75 76 96 27 1451 
65 12 50 62 81 99 30 98 1615 
97 33 100 38 5 41 86 66 444 
78 87 23 4 35 33 12 46 134 
84 14 9 10 40 55 75 66 541 
25 87 5 8 44 54 63 58 550 
86 72 81 36 43 11 49 21 663 
70 63 79 19 52 37 90 47 1372 
94 89 96 47 64 41 8 63 1291 
27 71 44 70 44 79 99 28 1217 
31 50 73 100 63 21 15 7 43 
58 8 37 69 20 99 70 71 1136 
42 40 9 42 30 82 32 25 805 
100 102 21 102 22 26 63 62 1585 
15 95 28 77 35 59 39 52 887 
46 59 53 48 2 75 9 59 1434 
69 90 23 93 70 40 72 17 88 
85 58 89 13 9 60 102 57 1239 
45 67 8 52 5 80 28 88 1069 
100 54 101 49 95 64 38 96 1166 
79 24 27 91 7 20 54 56 1526 
70 35 53 96 48 47 99 66 1505 
84 19 87 45 67 85 74 74 1019 
8 38 66 26 77 15 89 25 538 
53 57 62 90 101 51 87 60 855 
17 6 8 56 52 30 72 56 1259 
88 36 59 44 18 35 58 48 291 
32 46 60 40 9 25 15 47 154 
34 96 20 38 60 9 33 60 1104 
59 54 88 37 56 23 38 2 1449 
78 11 41 29 34 55 34 57 239 
96 79 99 84 43 7 21 40 970 
61 53 78 52 13 61 68 101 1532 
34 96 91 39 4 9 37 39 589 
73 7 65 67 6 5 95 39 1313 
72 76 13 83 18 18 64 79 813 
15 28 100 82 64 35 61 102 985 
27 59 77 93 50 7 71 50 544 
99 97 49 75 59 77 80 97 410 
85 53 80 75 78 27 59 24 177 
40 93 45 32 8 6 45 69 1306 
7 82 28 8 14 70 85 67 1339 
5 42 71 26 4 68 10 78 804 
84 54 83 52 36 28 96 33 939 
92 69 91 44 32 92 97 75 257 
101 79 40 13 92 13 45 56 1343 
44 16 91 79 24 32 57 63 255 
101 58 48 3 14 83 12 95 1598 
95 63 12 81 31 31 53 11 1610 
13 73 63 72 8 82 45 54 281 
70 15 47 61 90 71 77 98 285 
72 100 67 59 2 100 15 52 1515 
74 66 87 63 28 15 33 46 1465 
56 31 51 68 59 62 66 44 1301 
55 36 75 43 6 36 13 83 187 
36 56 73 66 59 58 89 73 1438 
34 10 89 34 30 46 81 22 1089 
70 6 42 7 95 60 20 62 260 
22 33 62 53 51 47 4 100 1475 
21 92 74 95 80 89 74 34 561 
95 24 9 32 64 86 69 45 1249 
73 31 63 14 48 100 42 70 645 
31 83 60 44 32 32 55 62 492 
97 77 28 56 34 63 26 27 625 
11 92 72 78 86 8 71 33 1123 
32 9 47 76 55 12 49 46 825 
78 53 94 79 78 4 56 74 1115 
52 19 98 101 90 22 61 33 1269 
72 55 99 54 75 101 63 25 876 
87 23 24 18 9 91 13 50 1211 
49 35 16 70 24 14 40 21 218 
74 32 20 26 17 24 35 79 1489 
55 26 80 94 17 55 50 70 827 
48 37 13 10 91 42 48 15 1610 
66 4 32 87 17 56 88 91 1522 
37 63 9 2 85 31 99 59 405 
98 56 19 63 22 56 64 94 1372 
4 66 44 81 80 4 25 71 1235 
63 70 11 26 8 29 62 15 115 
46 48 54 84 12 33 17 52 952 
84 6 84 78 25 25 72 86 401 
54 59 85 7 79 16 56 38 1455 
18 74 50 93 3 9 49 20 749 
35 23 56 12 65 29 46 44 1059 
96 87 47 88 56 24 4 10 918 
26 41 70 39 30 76 44 102 1283 
12 93 5 76 31 8 79 40 1026 
72 43 95 58 63 38 52 62 840 
46 32 20 28 91 95 53 26 1285 
79 97 95 82 70 66 51 36 826 
64 22 58 42 11 18 62 34 1092 
65 70 80 35 89 70 25 100 1143 
63 86 4 12 25 7 29 102 690 
72 92 75 31 9 30 87 90 651 
97 7 22 4 68 59 28 90 913 
3 47 10 26 59 72 96 90 814 
50 54 98 53 15 11 76 92 674 
96 36 63 52 49 102 31 29 1525 
52 61 19 48 86 37 51 28 900 
36 48 35 4 37 21 80 39 588 
45 46 94 13 30 79 18 34 889 
97 53 99 10 98 32 79 46 480 
34 4 69 63 4 89 56 42 720 
10 94 100 44 74 12 66 87 1359 
4 40 33 43 32 55 83 56 1224 
60 28 52 5 28 93 91 47 568 
71 84 44 7 59 90 35 9 659 
58 55 81 89 46 12 49 77 98 
100 94 75 17 82 50 14 98 225 
96 7 68 9 55 29 78 97 54 
43 99 83 45 10 24 14 27 23 
98 73 84 42 58 52 87 93 875 
64 56 4 97 95 63 76 41 39 
76 51 2 54 13 51 9 8 1284 
26 57 86 52 4 58 48 18 416 
34 57 51 18 24 64 75 15 670 
3 48 6 23 71 71 22 40 1230 
3 46 62 35 34 52 74 63 586 
71 14 54 48 50 79 37 44 1374 
55 60 30 40 81 100 10 8 972 
77 6 89 17 32 66 83 47 1161 
68 101 24 101 46 63 28 6 20 
91 57 100 28 88 28 87 69 1299 
50 65 68 63 26 29 93 98 932 
51 56 84 90 67 5 8 71 704 
64 57 16 69 14 77 99 21 822 
63 51 20 62 32 65 87 35 1346 
7 7 77 97 10 50 6 79 809 
21 3 92 97 22 18 85 25 206 
67 83 52 93 66 7 78 31 779 
41 91 26 21 5 35 23 3 1059 
70 69 49 68 65 38 27 80 295 
62 68 31 4 79 9 52 21 841 
34 16 42 72 21 80 2 67 1435 
27 101 100 59 76 21 53 17 919 
68 101 21 17 68 88 89 18 1028 
21 39 13 19 71 86 83 91 1424 
27 100 49 70 68 100 50 102 1287 
22 5 94 12 53 64 53 87 327 
35 20 50 56 85 5 17 83 462 
78 11 32 16 78 88 34 29 279 
11 100 35 23 69 68 9 69 213 
73 11 88 51 67 87 66 50 1159 
41 72 17 46 55 87 71 73 1488 
50 8 29 8 81 26 47 44 1420 
89 14 53 84 49 18 92 47 1189 
44 29 45 48 52 30 17 94 920 
4 67 47 50 53 97 77 61 995 
88 67 32 64 6 25 100 79 592 
22 60 25 102 56 10 14 29 723 
50 5 59 101 93 88 70 46 1268 
44 41 63 58 9 90 57 6 1306 
45 82 25 22 50 74 94 97 563 
35 4 13 39 38 26 53 29 918 
6 89 75 46 96 62 47 57 630 
78 67 53 37 47 52 30 71 769 
23 30 56 86 10 99 54 37 679 
69 8 4 38 7 81 34 52 290 
9 101 88 65 77 95 36 18 493 
85 100 59 63 10 69 79 32 1621 
4 22 81 79 94 61 21 81 811 
38 41 62 74 5 97 34 23 1143 
63 60 55 63 52 93 69 71 608 
86 8 99 37 61 77 82 32 494 
41 32 9 29 46 98 45 100 1258 
72 13 97 65 31 89 99 18 1173 
48 43 72 90 12 25 24 36 1190 
54 4 82 87 94 75 66 95 1486 
65 36 16 59 20 55 16 98 940 
45 24 78 12 39 45 5 36 1457 
62 53 22 87 7 11 25 93 1566 
99 87 21 23 100 38 98 37 1337 
60 91 25 19 75 16 67 81 207 
99 44 66 38 85 60 86 6 693 
73 80 32 7 36 29 59 19 191 
40 23 26 42 16 5 63 47 730 
68 45 80 9 21 27 99 29 796 
34 63 4 63 39 96 96 27 928 
54 55 57 98 62 58 4 29 950 
91 59 30 64 77 39 15 20 999 
67 66 61 6 10 9 80 27 918 
11 79 86 32 48 91 48 11 1512 
91 72 85 24 7 94 69 10 1142 
22 72 88 67 50 22 35 31 998 
100 50 46 50 21 37 102 95 823 
76 61 12 42 18 68 47 26 785 
81 45 62 69 39 2 39 60 901 
72 47 31 66 99 19 30 50 997 
50 43 53 49 24 14 44 95 799 
62 83 56 22 22 26 74 56 1405 
3 33 13 46 13 63 82 32 779 
24 12 64 95 14 70 7 99 1356 
99 33 23 50 27 47 53 80 1256 
3 52 27 7 94 45 33 28 268 
52 6 32 92 69 94 66 22 1346 
89 69 71 88 17 25 43 77 377 
67 56 8 68 95 35 86 81 1296 
25 19 20 21 63 88 54 57 1511 
55 9 66 31 85 7 64 67 172 
10 17 37 4 66 20 22 68 1181 
12 86 13 99 8 90 15 44 61 
67 69 8 85 36 62 33 90 1108 
61 38 72 4 6 30 25 78 1037 
