2 8
250
44 75 872 
82 63 1518 
33 22 336 
4 39 1319 
96 47 228 
99 64 924 
11 14 723 
58 70 1396 
62 91 1283 
82 25 1223 
76 24 1232 
13 11 425 
75 20 70 
60 52 541 
37 6 912 
29 5 653 
91 14 18 
60 100 1550 
44 89 92 
70 21 1182 
16 52 1586 
48 29 234 
7 85 583 
90 27 719 
54 54 1020 
13 22 1034 
32 35 1397 
41 94 178 
76 18 395 
82 71 374 
22 7 1620 
34 45 1622 
38 92 1255 
44 24 322 
6 3 1421 
59 8 763 
35 33 1081 
44 40 1404 
89 78 959 
88 74 186 
92 27 243 
15 70 333 
47 23 138 
65 77 503 
88 90 186 
68 36 1480 
26 19 170 
79 50 612 
59 80 1085 
15 47 1102 
43 52 296 
68 53 1583 
7 93 545 
69 14 1389 
40 72 912 
37 58 820 
77 23 677 
70 65 895 
3 15 1257 
79 58 1458 
56 34 1237 
43 24 422 
15 23 600 
16 63 702 
59 59 77 
27 41 1280 
84 23 369 
18 40 392 
28 75 1420 
65 67 631 
22 30 576 
46 15 1319 
11 100 770 
32 25 571 
15 62 978 
100 13 92 
52 78 1205 
101 98 573 
69 40 1518 
54 17 814 
41 51 918 
100 96 548 
10 15 722 
26 18 678 
33 54 1606 
90 5 1275 
66 30 1010 
83 15 1452 
67 23 521 
2 79 1229 
90 60 1352 
99 93 1196 
81 17 1079 
28 93 1590 
63 28 978 
34 69 723 
39 81 570 
17 90 1421 
90 59 596 
69 35 1191 
4 10 590 
71 38 952 
61 36 983 
27 11 1425 
14 40 604 
66 22 1414 
31 35 882 
90 66 1600 
42 75 1140 
98 11 556 
39 13 1343 
95 27 1358 
63 95 1475 
4 76 546 
86 14 1147 
50 5 819 
52 26 611 
52 40 13 
21 16 719 
40 30 1032 
90 65 403 
28 90 1590 
7 21 213 
56 5 450 
98 29 962 
23 6 850 
30 95 1141 
22 48 1401 
99 89 1197 
84 76 176 
41 25 1047 
29 15 176 
11 60 381 
75 44 1372 
39 98 336 
12 56 177 
44 100 174 
94 12 580 
95 71 285 
41 32 21 
26 26 731 
4 17 1302 
65 71 235 
50 14 747 
31 57 825 
88 85 804 
67 89 550 
65 42 1238 
2 49 214 
31 36 725 
95 72 462 
24 51 310 
41 37 1335 
43 48 1378 
98 96 1412 
67 65 904 
87 10 1408 
70 75 699 
70 64 1367 
71 4 1100 
69 37 576 
72 57 684 
19 9 105 
34 48 778 
69 27 661 
51 68 755 
91 37 1372 
60 46 431 
60 27 1576 
87 56 1421 
37 72 536 
16 76 191 
51 28 631 
47 49 922 
51 55 997 
41 3 797 
4 20 1558 
40 82 1092 
85 11 1488 
11 14 488 
47 34 854 
21 98 1243 
17 55 829 
31 102 649 
10 47 1435 
30 11 1473 
67 21 400 
50 85 590 
94 100 1480 
68 33 1059 
22 42 239 
11 101 252 
6 32 930 
87 26 780 
100 76 303 
58 32 574 
81 58 8 
3 46 1510 
7 99 798 
18 30 1613 
87 51 358 
88 10 974 
27 101 737 
75 25 1288 
35 82 1559 
79 52 159 
20 38 1105 
58 89 1232 
66 21 1579 
24 5 34 
69 90 36 
60 101 1223 
28 14 1063 
61 33 510 
92 8 528 
23 70 1031 
99 31 780 
41 101 1500 
33 32 1013 
48 23 1452 
65 5 1556 
45 8 579 
79 77 1322 
23 53 615 
47 61 87 
39 68 1315 
45 45 847 
36 27 1221 
56 29 1460 
12 29 1136 
15 82 1479 
78 98 450 
38 49 7 
99 47 1508 
84 78 1271 
12 97 652 
89 97 1050 
83 5 1282 
39 31 1274 
23 91 1287 
48 69 790 
13 10 1164 
49 70 1024 
80 3 307 
82 48 1605 
61 53 797 
99 46 532 
52 26 527 
7 33 1246 
14 41 1090 
