8 8
250
86 16 37 57 46 56 39 2 1072 
21 49 77 75 98 44 85 46 1599 
56 90 70 76 54 6 51 18 1032 
2 31 30 100 3 8 9 77 58 
49 75 56 24 72 84 52 97 300 
65 55 48 33 99 76 72 57 1170 
79 12 64 33 7 29 93 39 1171 
40 23 48 71 67 23 41 38 1163 
46 35 21 88 26 59 88 88 1040 
20 71 34 56 30 48 36 33 1056 
44 18 69 29 33 35 12 14 1202 
75 97 90 27 95 63 4 28 371 
55 92 88 6 47 22 66 75 1106 
42 86 95 102 36 36 58 99 323 
6 19 3 88 78 14 86 15 1485 
78 95 78 73 54 4 25 83 660 
81 39 73 50 65 60 67 72 456 
83 75 62 55 71 97 43 100 159 
23 69 16 76 23 34 31 90 1308 
93 71 34 94 78 55 96 79 980 
51 58 56 45 23 9 87 5 652 
33 25 26 83 32 55 94 4 239 
28 7 19 41 21 77 80 76 11 
98 91 99 9 61 93 37 95 687 
58 80 48 9 91 19 94 100 1054 
58 13 42 81 102 76 40 70 1182 
45 12 40 80 67 49 8 91 235 
45 25 66 35 47 39 13 38 387 
70 21 18 101 48 23 13 24 1030 
63 18 91 25 71 93 21 94 1350 
6 80 16 101 3 102 5 52 1221 
3 25 67 5 70 66 52 72 796 
58 46 66 19 69 45 86 47 1185 
27 22 56 75 16 55 56 9 954 
12 71 19 18 99 99 48 12 1619 
100 60 51 28 74 101 45 65 789 
21 89 12 73 17 58 29 80 483 
22 30 11 14 51 63 7 43 17 
33 42 49 69 73 59 45 88 1421 
26 101 50 58 32 54 7 37 323 
50 41 56 63 91 21 69 27 1347 
92 88 12 89 23 34 100 13 368 
3 55 18 56 30 31 71 5 1285 
84 67 100 59 9 16 43 59 29 
49 72 53 31 101 48 76 55 1630 
80 39 81 18 60 20 31 6 1346 
6 96 13 26 94 88 42 87 990 
87 35 81 98 48 65 32 53 676 
73 74 55 72 81 77 32 94 1089 
2 68 9 82 30 5 33 40 1025 
93 25 80 68 91 16 87 92 330 
23 84 93 17 87 9 79 60 517 
31 36 17 38 97 2 21 42 311 
55 7 7 78 67 10 3 42 459 
65 8 86 41 87 91 57 11 166 
78 87 83 3 4 72 73 4 65 
49 56 30 80 49 51 97 34 1383 
17 46 19 84 17 48 81 16 852 
50 92 51 28 84 88 92 45 903 
40 55 5 36 7 65 7 55 1397 
2 87 61 37 46 55 7 41 1059 
95 96 72 38 24 90 20 25 198 
57 24 74 44 90 6 96 59 1295 
84 83 41 56 80 64 62 81 473 
95 15 48 98 23 45 23 99 794 
88 4 33 16 18 84 53 52 513 
15 60 99 57 43 89 75 25 954 
28 41 19 10 78 45 61 27 167 
68 61 3 31 23 93 57 10 897 
51 70 67 59 5 30 32 48 342 
34 40 74 61 25 100 86 97 943 
34 80 29 90 57 93 74 87 1486 
33 86 39 9 102 35 34 27 901 
96 71 38 91 80 31 24 30 1420 
40 10 38 4 47 28 35 25 499 
30 63 15 75 87 21 39 102 1020 
86 27 40 41 29 100 45 92 421 
24 45 102 100 67 29 6 36 1256 
57 30 41 12 76 78 5 6 1045 
45 23 86 20 54 80 69 40 49 
51 102 83 40 61 57 3 13 1307 
33 33 98 87 71 53 44 84 1166 
25 76 53 64 38 25 36 2 1139 
43 6 93 24 33 29 26 58 553 
98 19 71 86 12 64 98 74 1196 
70 59 54 35 78 73 9 45 1051 
53 89 66 60 6 61 87 61 125 
91 11 102 70 63 16 20 48 1048 
4 41 66 91 68 65 51 68 709 
20 10 30 23 17 90 65 75 1128 
72 40 15 12 101 53 56 9 1038 
76 102 98 40 17 32 8 6 67 
2 64 23 3 11 40 17 69 829 
82 70 95 14 8 90 46 50 135 
53 94 42 15 37 60 102 78 1071 
49 82 95 100 16 13 86 64 175 
50 71 31 77 97 35 102 77 642 
72 64 96 10 96 69 24 57 194 
66 89 29 64 3 35 75 70 1413 
60 84 56 84 30 45 80 98 1287 
81 78 100 9 15 62 21 32 231 
73 42 89 28 77 61 101 22 1226 
85 88 70 98 4 29 48 44 1513 
88 90 36 53 32 99 91 45 1299 
16 59 76 69 45 73 21 4 462 
102 34 9 97 85 10 70 96 166 
12 86 76 73 63 73 69 36 678 
82 22 12 91 39 35 81 87 1028 
3 18 45 99 79 2 100 48 171 
88 93 8 27 85 37 89 80 963 
8 45 97 5 102 12 32 41 1332 
20 13 97 76 18 99 47 69 1278 
69 15 9 76 75 17 63 83 703 
38 57 39 77 4 61 76 76 692 
70 100 18 35 70 40 21 82 578 
17 14 77 10 82 18 59 22 1061 
54 34 72 82 45 20 69 96 1362 
46 45 11 38 3 44 57 80 1128 
64 36 48 71 57 94 82 47 1137 
70 30 77 23 20 83 96 24 677 
74 89 57 100 69 76 57 76 611 
28 81 13 35 55 4 49 97 1410 
21 85 79 80 2 99 51 101 1082 
10 25 27 30 45 81 3 85 1477 
16 66 69 74 16 82 57 56 1083 
60 37 76 75 76 25 97 76 641 
66 96 89 60 51 70 10 48 836 
14 101 38 35 34 72 13 35 504 
21 50 70 99 25 49 33 92 1039 
94 37 51 4 35 70 41 39 1445 
5 58 17 101 66 70 31 45 899 
32 28 5 6 64 43 94 78 438 
73 69 74 42 29 60 7 18 192 
4 13 68 70 95 98 84 10 1266 
18 22 86 2 70 82 94 3 1057 
63 90 75 10 12 59 43 70 1142 
19 65 31 59 96 51 58 29 526 
91 64 35 9 24 56 66 79 908 
45 73 101 94 51 28 96 46 445 
41 97 3 11 29 27 28 67 739 
51 61 28 37 46 43 50 5 645 
34 56 69 21 46 35 3 100 1594 
73 27 16 5 65 53 23 20 526 
33 82 37 10 83 59 10 17 292 
32 10 29 60 46 48 88 64 1458 
63 21 53 70 10 31 29 57 651 
33 48 98 77 16 28 11 19 374 
7 26 75 12 13 31 17 73 1467 
73 15 83 70 18 3 63 63 1602 
83 65 74 8 83 28 19 79 1119 
24 57 97 3 51 29 25 84 616 
18 53 11 24 55 39 41 58 678 
60 65 32 97 16 55 30 30 880 
53 101 45 49 95 35 63 95 275 
97 72 66 56 47 36 66 47 167 
92 62 12 37 69 27 87 61 235 
40 29 43 44 75 23 75 74 1353 
97 71 60 77 63 62 22 46 1409 
79 6 20 98 33 70 45 41 1111 
46 18 34 20 64 36 21 24 1079 
78 55 99 45 83 74 54 71 1237 
54 16 100 52 17 25 40 10 892 
98 45 98 75 101 36 55 31 923 
53 78 10 25 58 41 96 46 1474 
91 36 25 48 46 64 95 92 399 
72 97 2 10 82 56 82 25 1294 
72 5 56 65 92 54 18 2 1514 
70 31 60 61 58 73 35 51 1202 
34 52 101 35 82 11 12 86 560 
58 45 98 56 46 35 62 26 677 
38 27 47 72 32 46 72 26 1003 
68 12 41 31 77 33 82 50 1201 
82 39 24 47 56 8 20 62 945 
99 17 87 27 102 34 32 99 395 
31 64 21 57 66 58 49 45 1199 
97 29 69 67 75 98 61 81 1419 
21 93 74 41 54 72 88 75 161 
78 43 13 9 101 80 9 53 1409 
56 27 75 69 100 12 34 25 541 
93 33 43 92 68 22 47 13 102 
55 92 11 51 71 93 48 73 40 
65 90 29 91 61 24 11 7 883 
16 54 95 63 8 31 39 97 679 
70 88 77 93 64 91 74 56 996 
79 7 58 84 22 28 10 72 574 
8 4 75 22 82 63 68 33 954 
15 94 86 82 13 76 51 80 1386 
29 74 27 41 19 7 63 34 1629 
100 34 34 68 55 38 96 34 1527 
71 51 8 16 26 34 32 61 1020 
79 99 96 84 34 44 44 83 1594 
12 69 87 70 61 50 63 70 1611 
28 49 41 50 87 82 83 82 478 
80 15 50 96 10 60 44 86 573 
8 18 102 92 27 74 41 87 1055 
11 3 92 61 55 59 35 6 201 
26 31 14 16 3 54 15 65 1111 
52 18 61 29 27 77 15 57 841 
101 38 24 69 11 3 17 74 1292 
41 22 62 93 63 6 47 21 899 
25 94 17 50 79 64 6 91 1124 
8 83 78 17 48 100 7 36 1102 
92 59 22 13 101 31 75 76 707 
11 61 57 56 84 9 22 92 1030 
38 53 62 62 65 22 34 11 1482 
5 26 76 63 88 29 39 57 1004 
37 14 95 88 77 5 21 97 487 
16 54 101 71 97 58 37 71 1345 
10 32 96 102 81 92 40 72 809 
71 49 75 30 19 29 47 87 1264 
72 52 79 59 43 69 93 20 941 
93 36 31 19 28 19 47 31 403 
69 37 35 5 50 7 55 51 785 
59 88 36 74 26 13 81 67 318 
8 53 91 29 11 63 34 49 581 
23 54 23 58 85 90 4 80 808 
46 68 3 73 6 94 21 36 519 
25 21 12 20 40 63 100 41 1284 
38 42 28 74 73 3 72 35 1584 
29 3 5 48 72 48 63 37 1613 
20 37 49 99 9 77 31 11 453 
27 4 16 63 60 46 11 69 615 
25 75 97 102 4 73 97 95 536 
30 79 51 66 59 6 64 82 74 
34 41 35 53 45 65 76 46 499 
85 68 45 61 39 6 10 40 1013 
6 20 35 78 4 17 45 3 519 
81 63 47 12 101 81 42 80 457 
7 75 32 34 28 59 42 14 444 
92 71 42 47 58 21 44 60 1008 
74 58 39 20 10 44 33 97 1358 
87 75 69 66 22 61 78 6 1063 
34 74 94 78 38 92 89 55 520 
94 35 7 28 70 43 19 70 358 
93 88 67 90 3 33 76 57 629 
62 28 52 83 72 54 56 12 1410 
72 98 22 49 33 57 12 41 1005 
80 62 7 27 49 54 39 87 287 
2 46 72 63 3 82 53 29 432 
84 13 66 55 74 60 57 49 1176 
4 45 57 11 80 64 72 98 1559 
35 37 81 100 45 87 37 56 1076 
18 11 97 42 98 6 31 30 469 
100 27 90 49 73 102 82 38 680 
64 93 67 10 93 7 87 20 1501 
49 86 69 81 20 20 94 41 616 
79 64 49 53 82 53 35 74 1154 
9 88 66 81 20 10 45 75 1029 
3 10 20 91 57 80 14 84 707 
63 21 10 72 56 34 64 4 1209 
