4 6
250
85 67 88 62 920 
41 49 30 91 193 
87 72 74 41 549 
60 26 13 23 883 
35 26 20 49 970 
95 50 80 44 179 
16 40 3 76 16 
92 73 26 18 610 
84 100 31 69 898 
18 39 48 42 412 
37 48 89 82 980 
61 49 41 82 1000 
93 71 88 76 25 
48 71 99 40 666 
89 2 96 73 1106 
38 97 53 75 778 
59 4 41 11 974 
70 53 24 96 515 
46 33 46 37 715 
15 13 57 67 333 
49 41 10 87 565 
37 54 17 91 545 
67 97 68 19 306 
92 32 80 97 419 
97 49 5 98 130 
58 59 62 15 952 
26 42 88 48 207 
19 96 55 65 550 
18 38 34 52 949 
51 67 29 12 841 
84 36 62 33 395 
101 39 13 77 1102 
80 94 4 14 249 
27 11 22 2 94 
98 79 17 52 222 
61 17 55 21 758 
93 32 52 46 1170 
92 81 58 16 216 
83 85 80 75 819 
26 35 22 32 646 
42 48 28 4 895 
7 21 13 15 895 
86 85 95 15 1214 
50 44 60 18 366 
47 55 8 85 329 
15 101 44 85 1149 
28 97 25 68 272 
47 5 49 73 1110 
74 71 45 43 414 
99 92 67 75 231 
84 77 6 102 91 
89 42 46 78 737 
8 78 30 21 581 
91 62 28 93 660 
47 97 89 28 713 
79 12 67 51 362 
25 36 71 66 148 
52 93 26 61 436 
7 62 74 13 1038 
97 43 26 96 550 
39 66 76 22 906 
89 91 81 44 376 
78 77 97 48 458 
74 9 66 9 1190 
100 38 69 58 594 
87 25 77 43 771 
38 88 73 6 1128 
61 62 52 92 303 
63 14 84 30 727 
32 67 28 76 159 
90 80 19 99 576 
3 98 21 73 1089 
67 15 40 81 1162 
92 6 93 56 959 
14 60 75 84 440 
88 56 41 98 225 
22 99 4 30 917 
60 71 76 59 1115 
65 43 80 3 736 
50 76 5 35 849 
28 76 74 97 12 
32 6 37 63 751 
49 59 24 55 841 
70 14 12 6 452 
23 32 35 65 193 
73 81 74 24 1077 
13 53 8 29 1133 
48 27 8 29 545 
56 36 16 98 543 
7 21 28 35 1131 
38 66 102 99 595 
98 43 11 82 369 
53 34 15 75 614 
98 54 97 62 277 
45 8 85 61 1015 
88 18 40 21 127 
54 56 41 32 636 
49 53 11 80 1187 
7 18 28 99 1141 
24 24 43 48 591 
56 25 67 12 609 
33 83 42 16 762 
81 5 92 72 957 
100 95 85 23 43 
47 45 19 65 210 
29 81 88 68 750 
67 77 94 72 691 
30 90 31 82 263 
67 13 97 18 218 
4 28 59 21 1171 
31 41 22 44 42 
13 8 4 95 284 
53 98 76 55 1195 
6 13 22 15 609 
11 66 5 101 467 
36 49 3 48 180 
3 25 69 73 397 
27 57 51 69 554 
24 88 38 59 859 
72 39 45 21 171 
93 8 45 71 1057 
67 39 23 6 849 
66 7 58 81 273 
30 31 5 22 885 
51 64 55 70 338 
25 29 48 31 836 
99 6 85 34 287 
97 81 100 86 820 
91 36 47 100 994 
19 32 60 37 511 
43 35 25 48 797 
31 55 77 44 775 
40 93 93 38 884 
62 25 27 57 332 
51 33 21 55 1022 
16 19 57 89 130 
95 72 13 90 333 
66 84 38 69 1150 
44 6 58 23 356 
100 45 11 28 265 
96 7 4 10 1131 
13 16 71 65 623 
15 100 90 33 859 
70 82 6 11 104 
80 88 60 63 1038 
47 77 100 26 1050 
73 10 31 67 200 
90 70 5 97 204 
52 14 76 18 996 
46 17 27 53 746 
19 41 102 19 534 
10 50 43 25 577 
38 18 47 79 976 
7 70 25 17 1008 
3 80 10 95 720 
68 15 44 82 496 
32 52 49 65 839 
34 10 14 24 104 
42 28 82 50 986 
36 69 99 38 940 
78 94 12 71 739 
41 33 9 61 955 
97 8 63 85 212 
88 70 84 10 587 
98 58 3 9 516 
76 100 62 14 307 
100 18 8 5 791 
39 42 81 5 357 
3 3 56 46 165 
37 67 99 33 1153 
67 88 90 90 985 
21 93 5 29 1055 
43 73 97 36 977 
81 2 60 20 976 
48 91 80 81 577 
97 5 59 95 93 
11 4 31 20 728 
14 30 19 25 553 
48 39 54 19 1076 
32 8 22 66 426 
36 10 81 53 588 
78 9 11 43 1044 
19 36 12 21 950 
42 43 79 76 825 
53 85 37 75 412 
11 39 64 93 206 
91 85 95 61 895 
3 25 80 72 1021 
7 21 78 40 349 
14 29 35 41 593 
91 31 48 99 1029 
54 75 7 20 474 
41 48 19 27 1178 
36 43 53 48 939 
19 65 9 93 760 
33 9 99 47 263 
84 6 24 45 337 
62 39 99 77 264 
30 19 63 33 542 
62 4 53 43 1157 
74 79 89 65 389 
28 24 57 37 647 
47 77 63 98 695 
38 25 76 99 444 
99 46 78 27 594 
101 4 78 49 32 
31 58 58 52 611 
7 18 61 13 16 
40 84 64 24 940 
55 59 66 77 107 
38 30 56 7 1197 
29 2 65 16 400 
26 48 10 34 289 
91 21 13 48 629 
22 66 65 98 1198 
17 84 56 50 1171 
44 40 3 40 812 
4 4 53 54 275 
7 55 47 81 946 
94 76 32 100 1074 
36 48 20 25 1090 
74 67 60 9 1017 
47 48 17 21 1103 
88 47 72 68 269 
89 70 60 26 567 
68 21 86 21 71 
43 54 58 62 762 
98 22 80 51 1153 
39 46 46 71 941 
61 40 29 91 1118 
49 5 66 79 6 
67 90 96 79 279 
55 83 41 4 517 
95 92 57 58 1146 
68 69 23 74 1043 
46 27 91 49 1068 
30 94 97 29 714 
40 90 81 62 1188 
11 28 3 28 500 
58 6 44 29 1023 
71 85 72 97 315 
82 84 94 93 693 
42 101 49 92 1154 
63 88 14 45 57 
7 13 97 61 1040 
41 69 97 33 363 
41 85 64 66 227 
47 24 102 4 956 
58 98 90 5 695 
12 82 13 34 971 
