4 8
250
80 45 60 95 1561 
28 56 3 22 614 
23 61 27 76 665 
61 4 22 28 1225 
11 68 40 31 1277 
24 2 4 33 1369 
27 9 68 3 59 
29 3 66 81 1005 
93 55 33 33 893 
100 26 25 74 59 
56 82 5 69 18 
14 7 31 17 1195 
28 53 72 38 211 
16 96 26 73 220 
60 40 43 67 1371 
58 37 9 76 1312 
100 79 32 30 482 
47 6 101 102 1491 
24 74 51 8 577 
42 86 96 20 661 
6 102 54 61 750 
19 42 40 85 737 
79 100 57 36 1221 
51 23 44 9 1115 
12 97 27 81 1490 
88 91 37 32 726 
74 43 90 36 1242 
101 27 74 84 212 
7 68 17 56 239 
26 18 17 33 1406 
20 44 89 52 495 
11 77 75 69 981 
30 7 10 41 1195 
38 12 24 60 1239 
27 52 62 96 1034 
46 82 72 67 1100 
71 76 6 46 426 
32 56 40 5 1090 
26 54 6 24 1389 
2 60 78 83 1289 
16 97 58 57 1006 
71 84 95 89 1409 
31 6 10 2 1481 
56 2 67 15 710 
84 73 20 94 843 
75 48 40 11 1027 
88 6 91 88 871 
76 20 51 84 935 
50 63 53 19 610 
22 46 6 33 516 
102 95 65 40 1588 
45 79 67 5 1449 
25 46 86 26 9 
28 17 24 49 269 
38 53 85 58 1565 
23 22 3 56 516 
31 44 9 80 1028 
94 43 53 91 176 
99 55 48 95 558 
5 79 29 19 192 
7 23 59 17 1567 
50 13 9 44 1248 
25 78 12 74 971 
83 39 9 63 132 
87 66 36 38 311 
84 8 92 24 1511 
46 95 86 45 435 
10 87 94 83 238 
84 35 11 14 1438 
23 45 76 36 861 
68 72 68 11 435 
43 90 23 98 231 
45 23 88 51 528 
32 94 70 47 840 
99 47 27 49 430 
54 57 23 50 1595 
41 34 58 71 431 
76 28 77 18 1395 
22 66 99 69 1172 
63 49 62 82 948 
31 78 30 84 911 
23 47 22 84 1219 
88 68 75 100 1229 
13 67 19 25 950 
6 19 53 62 506 
35 50 60 77 1073 
7 97 44 92 1118 
65 6 76 15 82 
31 8 95 43 1616 
56 93 101 94 1000 
97 33 39 24 883 
15 26 71 53 368 
75 89 47 19 1146 
94 27 85 32 201 
9 94 6 20 475 
100 26 12 63 1251 
45 52 67 16 1148 
76 60 22 38 914 
41 37 24 93 518 
44 63 78 73 121 
32 10 71 82 888 
6 29 21 95 917 
91 16 10 77 1302 
26 24 34 48 1570 
36 7 49 76 1198 
74 71 15 89 1422 
39 50 41 56 766 
37 83 88 61 1088 
49 41 29 82 1097 
27 30 49 13 133 
22 31 32 77 1203 
27 63 97 9 1349 
36 16 34 8 314 
43 77 56 30 734 
45 38 75 82 801 
96 80 69 8 794 
46 24 4 80 1095 
10 20 66 82 358 
76 87 81 79 531 
35 9 23 63 428 
52 75 22 68 1062 
86 59 52 28 1298 
49 96 91 60 630 
14 14 56 41 187 
25 13 76 8 1159 
60 59 98 49 259 
89 58 8 82 1616 
73 4 38 15 1358 
53 70 40 2 1216 
82 98 23 40 332 
23 56 85 51 55 
40 101 16 97 118 
29 63 4 12 1514 
93 90 11 61 1108 
12 78 42 57 983 
57 76 76 34 1487 
64 38 60 29 1541 
35 75 59 79 993 
73 91 43 8 925 
93 68 30 10 1362 
94 89 64 72 172 
47 16 29 91 795 
67 27 84 6 740 
92 5 77 18 978 
20 33 34 100 1575 
23 37 36 101 1138 
91 48 68 50 1615 
76 76 90 19 803 
21 48 70 30 1571 
48 9 39 63 1085 
90 93 14 50 1074 
63 58 66 76 1460 
12 82 31 22 979 
21 61 36 7 1157 
18 17 61 69 668 
74 65 5 4 827 
16 100 75 34 1335 
100 36 20 84 614 
21 13 16 29 638 
41 19 50 70 1268 
89 75 34 92 829 
75 34 47 9 1537 
100 54 64 25 1229 
14 10 98 40 1011 
86 43 54 69 851 
7 2 33 30 34 
56 17 37 26 1045 
43 68 84 84 143 
68 91 14 90 643 
68 51 93 54 445 
33 23 12 9 1525 
48 23 66 40 748 
75 3 19 7 651 
85 20 39 61 552 
47 27 17 31 1568 
97 31 66 30 1398 
58 11 81 2 1153 
35 6 30 33 298 
22 4 46 38 588 
67 74 9 50 915 
51 14 34 20 1336 
8 8 83 13 1606 
19 60 38 55 1464 
65 24 19 36 107 
81 91 9 43 219 
45 83 81 95 508 
25 25 17 74 602 
47 79 63 21 1055 
29 25 20 34 28 
65 68 94 48 1183 
45 57 74 44 1259 
61 7 93 7 631 
27 29 90 81 1229 
96 44 66 18 739 
88 62 100 72 1290 
58 74 76 41 823 
79 92 35 23 1429 
70 52 75 97 1263 
42 88 58 82 648 
2 37 40 59 124 
23 4 78 3 1404 
85 59 5 65 349 
90 33 54 57 1000 
37 96 70 94 118 
46 71 71 40 94 
3 6 20 32 1282 
23 35 19 34 488 
78 16 34 37 77 
13 50 12 76 1461 
11 35 4 21 71 
9 69 48 52 1039 
53 35 40 97 1389 
81 40 74 86 8 
56 16 22 27 1397 
24 64 35 89 1562 
98 61 97 51 1581 
69 5 101 28 1175 
56 89 69 70 1279 
45 78 39 52 426 
75 77 28 75 573 
97 15 79 35 1346 
47 36 61 56 1101 
95 39 91 100 291 
78 41 49 14 762 
69 49 54 48 696 
48 27 85 63 372 
23 35 24 16 37 
56 28 68 45 445 
21 30 14 3 1396 
8 89 40 34 820 
36 30 16 29 1105 
50 63 32 93 602 
22 53 100 34 758 
62 17 77 98 1038 
52 75 5 87 446 
41 37 53 63 604 
60 88 54 13 1448 
95 21 97 48 892 
95 97 78 9 122 
70 32 83 56 418 
92 15 44 70 6 
63 27 30 101 464 
15 11 72 56 1282 
35 102 89 45 879 
43 22 31 44 1148 
56 99 99 80 963 
11 56 99 37 763 
48 46 85 13 447 
69 93 98 20 687 
86 28 24 30 1207 
