4 2
250
102 40 43 96 49 
102 48 14 10 15 
79 65 10 19 303 
62 90 93 59 147 
4 64 38 55 201 
52 57 66 33 97 
29 87 78 83 248 
4 5 80 88 315 
46 21 8 47 159 
27 16 72 36 292 
24 50 78 80 304 
40 4 91 47 254 
47 84 83 87 310 
94 89 30 59 297 
59 12 6 82 376 
85 58 93 16 100 
38 87 32 61 8 
82 11 99 8 95 
102 17 35 26 133 
64 40 23 71 190 
40 88 16 63 62 
14 45 97 88 374 
83 13 77 23 108 
62 54 24 85 392 
85 92 23 36 299 
44 78 82 50 126 
46 38 24 70 353 
52 73 71 47 364 
38 16 13 17 171 
91 42 15 100 294 
12 19 39 75 260 
49 67 82 90 296 
38 65 49 58 193 
48 90 9 36 312 
91 85 79 96 244 
71 81 9 94 344 
4 66 84 78 86 
30 100 52 6 161 
87 93 83 74 219 
75 69 57 70 392 
2 35 80 24 337 
29 42 45 15 386 
70 60 89 6 288 
74 83 73 37 81 
49 41 5 97 374 
100 4 7 43 353 
4 26 41 98 343 
71 88 62 96 382 
89 57 39 11 290 
28 6 80 4 333 
94 97 22 50 200 
64 32 85 32 344 
28 38 5 29 377 
46 21 93 22 7 
88 23 79 44 132 
94 4 95 26 267 
96 26 5 61 385 
9 6 93 49 92 
41 5 32 11 278 
54 54 12 19 111 
9 15 60 3 389 
73 20 80 18 231 
62 39 60 67 368 
4 35 45 34 349 
42 31 46 100 256 
85 93 70 76 327 
42 94 78 99 239 
84 68 4 66 97 
91 28 77 93 255 
4 47 67 21 271 
21 11 79 34 357 
80 71 62 40 52 
82 52 7 38 69 
69 63 63 8 36 
38 33 82 11 395 
15 56 55 37 249 
40 28 50 9 250 
33 17 47 12 327 
15 7 66 53 177 
40 24 41 77 388 
43 86 61 13 126 
90 31 70 37 303 
27 18 27 79 302 
57 4 99 77 348 
54 18 53 28 389 
32 69 30 68 239 
94 17 80 42 82 
57 68 40 79 299 
4 49 12 38 227 
99 82 89 80 361 
39 26 66 91 176 
27 35 35 18 3 
23 3 4 78 337 
12 39 87 60 80 
90 66 22 3 341 
8 8 17 73 400 
52 82 53 80 90 
69 52 91 99 385 
24 35 24 79 214 
3 47 35 55 186 
62 97 31 60 3 
75 6 65 8 153 
21 20 64 20 206 
43 52 27 57 65 
62 50 90 65 399 
57 44 46 51 337 
63 75 64 27 155 
57 53 94 79 201 
65 89 85 62 307 
5 73 6 28 48 
53 22 81 40 350 
14 9 68 63 187 
32 62 16 25 312 
49 58 39 82 389 
92 60 49 8 214 
74 67 30 90 385 
86 40 19 40 130 
43 96 26 42 105 
49 87 34 34 78 
5 76 62 86 118 
49 36 27 33 87 
95 74 75 87 56 
50 82 80 68 253 
95 45 78 94 144 
55 34 99 57 197 
7 28 18 89 202 
100 7 46 61 194 
51 15 88 19 158 
71 23 41 28 317 
70 9 68 72 108 
62 100 70 51 310 
17 39 72 85 65 
69 59 88 38 63 
45 38 21 21 53 
81 58 60 56 271 
34 96 73 79 329 
101 62 48 63 363 
2 39 97 85 134 
15 45 5 3 290 
14 37 4 13 142 
34 90 48 59 192 
6 42 16 84 182 
23 68 95 5 70 
9 13 27 49 62 
9 43 37 89 408 
38 55 59 85 223 
99 94 62 44 200 
13 16 90 16 346 
62 24 15 41 50 
49 52 3 87 262 
3 12 57 99 115 
93 55 62 59 46 
53 85 34 30 194 
31 8 53 56 27 
95 25 13 65 224 
87 30 98 77 218 
88 54 75 21 220 
89 39 65 16 236 
60 56 33 5 138 
79 92 87 94 337 
43 101 49 80 290 
80 100 94 44 178 
66 59 87 6 103 
101 12 15 76 246 
95 45 38 98 197 
41 94 10 31 315 
97 45 6 94 54 
89 7 96 50 311 
91 46 23 73 383 
3 71 29 80 143 
69 79 13 34 367 
100 65 53 32 132 
87 92 65 67 200 
23 54 95 93 157 
95 18 68 100 289 
50 24 67 4 191 
72 68 32 96 42 
20 34 75 4 64 
26 57 66 18 372 
102 83 58 24 298 
51 79 37 42 170 
53 13 15 63 172 
78 100 50 86 254 
21 62 71 57 128 
91 82 92 78 61 
41 54 52 9 291 
69 67 45 31 397 
95 33 92 55 241 
9 21 14 63 162 
28 8 82 56 294 
42 14 4 93 341 
72 88 61 28 12 
101 63 8 92 306 
12 57 21 88 281 
90 72 18 98 100 
73 70 31 39 361 
35 74 99 37 130 
57 66 53 48 115 
9 74 66 52 247 
48 14 24 88 120 
73 89 96 87 342 
72 98 8 69 54 
4 59 24 39 285 
28 66 73 60 83 
49 6 75 61 254 
19 8 68 38 319 
60 48 46 10 73 
48 81 14 53 252 
61 60 86 35 108 
52 51 29 83 141 
84 43 66 68 336 
70 16 37 25 275 
66 33 72 91 223 
58 15 17 22 100 
49 55 22 99 251 
91 21 42 35 51 
69 81 87 3 393 
19 85 80 27 205 
34 46 91 86 397 
30 90 97 81 288 
38 37 9 59 356 
31 23 69 6 382 
50 76 4 13 3 
88 48 71 95 154 
75 37 92 72 378 
5 66 39 101 138 
3 27 63 64 309 
34 73 30 16 274 
99 18 76 34 10 
59 44 80 86 50 
84 21 4 43 398 
3 47 40 66 342 
67 86 69 73 378 
26 15 42 37 277 
16 20 57 28 168 
59 64 60 70 145 
64 88 55 90 212 
84 25 22 67 305 
89 36 66 32 10 
14 50 5 41 320 
47 3 45 18 397 
66 66 78 2 165 
41 89 72 31 91 
81 33 82 21 44 
3 95 77 62 329 
83 56 27 26 117 
11 61 21 91 370 
62 45 39 92 357 
21 49 22 27 147 
102 66 38 10 95 
