4 2
250
99 2 96 100 181 
50 74 25 52 274 
63 77 99 23 380 
100 68 70 65 26 
34 61 91 79 306 
100 17 39 86 203 
50 32 63 66 390 
19 28 87 99 279 
72 100 18 33 31 
21 15 9 63 405 
92 100 33 32 155 
40 14 19 25 190 
34 37 41 3 79 
33 16 36 27 312 
74 83 72 97 150 
36 45 59 72 227 
87 10 78 86 242 
52 101 33 28 236 
7 11 64 53 147 
37 60 18 14 312 
7 81 84 86 113 
11 30 38 96 15 
97 56 49 69 251 
26 60 57 43 281 
34 85 9 70 292 
65 21 21 61 9 
78 29 47 96 205 
7 29 94 59 205 
25 65 40 25 255 
53 64 97 92 50 
78 5 76 46 183 
24 74 16 15 262 
92 10 78 94 113 
70 12 55 19 229 
99 68 100 93 190 
71 47 86 7 86 
3 26 32 50 105 
75 54 3 51 114 
35 15 81 95 246 
16 89 48 98 384 
43 11 79 36 61 
12 8 85 99 310 
79 90 11 94 258 
67 80 31 69 225 
18 11 6 92 94 
87 89 7 33 131 
84 102 91 13 325 
95 49 98 35 65 
69 71 6 76 207 
48 6 89 32 386 
38 60 81 43 319 
35 7 89 13 124 
25 3 54 68 382 
80 101 100 15 288 
20 84 98 53 359 
49 7 32 41 315 
83 2 77 38 390 
26 22 50 35 192 
90 62 87 5 379 
68 19 40 82 299 
49 8 76 62 312 
56 64 30 55 129 
30 76 50 36 202 
24 28 18 72 284 
59 53 67 68 337 
60 99 95 60 89 
32 69 52 68 126 
77 28 17 62 171 
64 94 97 4 80 
16 13 54 56 289 
42 3 70 12 66 
98 43 10 79 75 
59 72 72 33 8 
63 26 84 5 304 
98 13 58 30 32 
67 57 65 49 281 
49 48 41 90 331 
30 101 42 52 141 
36 20 40 44 346 
94 25 66 2 238 
92 31 50 82 305 
32 48 41 5 209 
43 81 63 11 290 
13 33 84 52 299 
64 86 34 71 167 
80 75 16 46 63 
44 93 64 91 322 
20 99 61 15 211 
85 61 39 101 380 
57 59 31 73 299 
63 43 16 29 392 
8 99 81 41 395 
58 34 98 90 38 
52 18 75 32 218 
16 74 71 101 370 
5 49 35 78 350 
23 46 45 73 220 
3 79 37 95 297 
23 20 22 18 388 
53 66 51 92 176 
41 86 101 20 242 
92 74 17 39 380 
61 66 5 55 310 
14 91 27 36 33 
76 83 82 59 134 
98 53 55 6 164 
41 100 45 35 193 
39 47 27 14 262 
31 63 100 102 56 
58 17 69 42 337 
63 41 17 85 283 
59 6 44 87 257 
40 21 14 99 222 
64 24 72 8 160 
70 66 16 72 319 
14 85 82 46 313 
83 86 14 23 320 
2 85 62 66 367 
35 4 42 51 106 
12 51 3 47 211 
36 47 64 4 62 
99 27 47 6 233 
76 26 100 11 333 
57 9 93 20 220 
81 64 8 18 27 
67 27 67 47 277 
65 84 37 94 174 
39 24 13 8 332 
77 40 58 9 66 
11 6 33 69 290 
6 60 85 94 296 
74 41 48 97 203 
74 62 2 39 384 
94 91 8 68 184 
35 98 87 39 320 
43 8 101 2 398 
63 96 100 76 263 
6 101 45 22 287 
100 78 17 59 38 
17 40 21 15 97 
22 101 66 24 157 
9 76 48 15 129 
68 41 48 100 361 
81 64 29 74 367 
96 48 88 98 192 
58 83 30 30 259 
5 89 88 79 319 
65 31 78 37 233 
33 55 32 91 19 
61 33 20 70 125 
55 13 49 25 122 
76 15 70 77 335 
29 47 19 52 115 
81 55 71 22 107 
51 89 93 17 242 
43 18 99 94 360 
27 65 62 100 45 
94 43 66 49 20 
52 63 2 55 126 
87 37 82 63 107 
8 64 100 44 332 
68 22 33 66 362 
60 17 78 89 232 
65 88 22 41 147 
40 91 24 17 310 
90 88 40 87 301 
7 38 39 68 337 
65 67 19 19 183 
74 11 102 60 193 
36 87 15 99 274 
102 18 43 27 359 
18 43 85 68 381 
82 84 49 92 340 
24 81 12 7 381 
100 70 5 97 260 
31 92 65 70 171 
5 75 43 20 302 
92 97 14 80 271 
25 84 53 25 265 
92 64 11 77 105 
58 77 11 5 282 
34 15 48 64 241 
28 79 17 27 368 
9 44 31 18 383 
28 69 34 40 289 
18 19 81 32 301 
68 82 90 45 351 
30 66 40 51 173 
79 51 52 21 164 
47 70 28 35 236 
50 36 95 83 403 
90 45 73 35 218 
16 36 18 90 378 
48 92 74 41 254 
45 6 82 76 72 
79 19 14 100 105 
50 93 48 74 105 
35 89 8 46 398 
87 95 7 98 115 
45 35 64 29 384 
58 98 89 73 61 
46 56 21 66 89 
73 33 75 9 22 
25 89 46 64 245 
60 85 30 44 316 
52 101 86 48 304 
47 57 87 6 284 
54 6 77 60 331 
81 71 44 25 108 
55 23 100 93 22 
57 91 102 69 147 
75 70 47 96 264 
48 72 74 92 314 
18 48 71 40 217 
21 14 88 83 331 
92 43 7 17 99 
31 3 95 43 79 
58 57 20 70 395 
86 61 83 95 146 
11 98 55 48 42 
10 54 62 40 352 
45 5 20 88 189 
34 65 32 72 145 
46 78 33 73 88 
63 29 2 43 282 
61 33 95 48 294 
96 90 61 8 69 
79 43 57 57 310 
55 39 35 24 265 
23 31 14 60 372 
35 67 84 27 199 
82 54 21 71 111 
14 12 75 16 215 
46 6 26 55 237 
5 23 78 97 280 
26 97 80 78 199 
32 22 37 57 161 
30 8 37 59 150 
28 25 89 30 263 
45 66 21 72 87 
18 7 60 2 360 
14 91 89 58 100 
87 75 45 22 395 
94 77 20 77 100 
40 71 69 19 133 
82 36 50 33 107 
62 78 11 57 132 
27 63 37 68 113 
41 21 81 35 209 
54 82 68 34 295 
