8 6
250
91 74 94 54 29 86 57 93 976 
21 90 4 40 56 32 6 70 299 
74 74 6 78 18 47 28 90 1181 
51 19 61 98 4 58 28 102 663 
90 41 12 34 55 37 37 36 508 
55 54 44 35 70 49 92 97 1189 
17 16 57 48 28 40 89 8 910 
22 26 88 47 14 56 78 18 356 
17 42 21 71 43 84 6 75 447 
57 18 51 14 7 9 61 13 1052 
101 44 15 73 46 49 63 16 131 
57 9 42 90 59 54 20 78 669 
80 48 75 75 45 55 4 35 1101 
27 10 21 81 88 2 70 79 911 
18 46 98 74 9 29 74 51 809 
98 69 61 100 96 32 55 84 793 
15 27 101 63 71 14 59 38 80 
94 78 23 42 21 82 79 4 393 
61 7 41 48 4 96 89 8 803 
33 30 16 91 28 7 38 57 633 
77 57 77 86 17 74 22 82 886 
47 58 50 81 22 94 100 96 932 
28 69 26 7 76 65 48 28 102 
95 5 52 19 7 66 30 4 578 
59 77 92 69 28 24 24 44 617 
19 54 9 23 93 34 30 12 1080 
30 72 83 14 40 91 65 29 940 
24 30 53 86 52 21 47 42 235 
88 60 43 3 86 34 15 31 907 
3 73 13 20 90 97 78 2 388 
68 48 39 3 6 100 47 101 166 
101 35 4 91 78 53 15 45 629 
49 29 89 51 101 11 17 65 687 
67 7 42 58 11 52 89 81 1157 
84 87 57 45 58 86 21 16 1168 
74 14 97 62 6 48 46 31 902 
47 19 49 29 88 43 44 82 1160 
75 45 27 54 4 99 59 33 709 
99 6 73 5 32 87 16 45 619 
63 7 2 97 15 82 78 44 761 
50 57 101 15 3 78 91 47 867 
73 23 12 100 5 75 90 49 307 
5 44 89 64 15 45 93 83 919 
96 81 32 47 77 62 37 11 931 
61 85 5 97 15 87 17 45 273 
42 65 4 29 9 68 57 75 1220 
78 88 44 58 25 22 3 97 819 
43 28 47 53 64 96 99 31 781 
24 10 31 4 49 72 23 53 221 
75 69 74 66 92 4 62 62 282 
36 6 62 85 96 20 20 76 208 
79 91 3 9 32 80 4 35 798 
72 76 41 74 36 74 4 29 339 
97 78 39 45 93 5 74 65 308 
5 41 16 13 86 75 55 46 752 
19 68 40 95 64 59 39 92 1050 
86 64 71 90 84 68 93 25 1195 
82 35 100 100 38 69 55 101 1155 
53 61 92 68 21 92 13 87 750 
92 4 16 82 9 3 19 90 13 
58 17 59 50 23 63 77 75 134 
65 21 33 73 42 65 64 88 373 
98 20 46 81 80 99 7 3 254 
86 102 29 99 83 50 68 100 1027 
39 5 41 31 93 48 81 50 807 
33 21 64 53 20 23 73 23 860 
59 79 39 62 45 22 42 94 895 
86 68 40 85 7 44 82 27 1022 
94 68 29 100 101 32 33 77 1005 
60 35 84 8 29 62 80 10 253 
49 79 62 21 91 101 75 97 1008 
30 50 15 22 73 95 39 81 678 
45 61 80 10 31 70 40 84 721 
93 80 41 80 7 99 24 35 590 
26 75 79 30 27 6 49 5 330 
71 40 64 91 71 49 6 36 601 
45 41 49 93 83 9 42 84 216 
45 52 45 18 101 40 47 15 78 
80 17 36 75 62 29 44 71 539 
99 4 11 94 76 73 50 81 1150 
3 35 94 72 90 46 89 6 650 
86 55 41 26 46 58 43 28 232 
17 72 81 23 51 14 65 45 971 
11 54 78 74 70 22 46 46 985 
17 10 29 92 89 58 76 59 197 
7 75 60 55 52 50 54 35 113 
17 82 85 81 9 47 66 80 643 
79 15 87 21 82 102 77 29 216 
93 27 85 25 49 94 98 61 865 
23 57 3 30 21 37 13 31 789 
99 37 4 85 28 11 5 98 548 
33 87 94 61 80 26 32 63 106 
28 94 35 93 85 50 76 45 280 
53 51 95 52 10 53 37 80 1121 
18 11 101 76 22 53 49 67 899 
80 65 79 80 100 61 28 86 457 
34 8 54 56 11 84 88 54 579 
53 83 79 43 25 102 34 17 641 
12 55 74 84 46 20 77 98 991 
48 75 54 37 25 26 16 6 887 
41 64 2 18 90 70 6 98 1027 
99 39 41 79 48 85 8 19 390 
67 52 64 37 81 15 3 43 966 
98 19 60 55 29 22 30 95 649 
54 95 67 6 80 50 36 80 718 
44 71 30 71 30 9 94 51 655 
13 6 85 89 17 49 91 10 968 
28 46 12 22 52 55 32 56 288 
69 63 74 16 3 3 56 62 883 
53 29 90 53 62 80 68 19 1083 
72 67 80 20 17 72 71 10 417 
50 24 21 77 41 76 85 28 1072 
83 99 5 83 35 57 77 39 996 
93 77 86 34 55 35 66 61 1091 
47 50 48 4 46 95 69 8 464 
55 79 90 16 70 37 93 87 242 
87 91 34 25 45 80 91 80 406 
52 18 71 88 12 82 87 40 944 
44 82 55 12 16 29 19 24 743 
96 79 9 51 44 70 15 81 861 
59 24 7 70 15 68 62 19 1102 
71 69 68 10 31 32 60 51 67 
69 77 77 6 8 23 20 97 23 
28 4 76 2 75 33 11 30 202 
74 76 68 89 52 99 39 50 673 
96 88 50 79 93 95 65 48 50 
97 55 18 86 52 20 66 36 188 
18 71 96 37 100 3 15 88 912 
41 82 28 80 69 59 69 25 114 
56 51 13 84 39 29 29 16 915 
2 90 26 50 24 18 84 24 971 
63 61 89 49 66 7 20 26 805 
80 19 88 61 19 29 11 13 1038 
6 36 34 69 10 86 28 15 1194 
52 93 60 12 99 47 80 7 791 
24 9 88 8 66 15 63 51 1197 
91 43 73 100 41 14 33 79 1078 
49 97 53 6 22 52 9 70 415 
10 70 22 42 83 14 64 89 46 
101 100 72 21 7 61 88 39 879 
28 54 53 49 81 21 59 33 135 
16 20 89 37 100 98 81 56 991 
80 51 63 61 38 54 10 34 965 
20 30 91 93 19 85 81 83 193 
85 63 91 3 85 52 3 50 848 
19 66 2 77 42 54 80 10 1089 
13 69 19 101 41 50 43 42 33 
24 25 3 6 58 19 82 98 1139 
94 79 68 13 61 90 85 93 826 
81 45 90 40 15 11 96 70 175 
101 86 24 43 62 45 49 81 312 
71 16 10 85 97 46 60 88 381 
25 102 10 31 18 50 83 64 1177 
17 86 12 94 12 91 5 83 155 
73 54 19 24 66 81 64 16 946 
62 98 51 46 81 29 80 73 831 
8 72 70 76 62 100 49 35 1166 
18 79 6 21 82 16 33 89 422 
16 3 38 31 69 4 73 23 809 
50 73 7 85 15 41 23 99 138 
47 99 93 21 77 33 86 49 458 
75 43 18 37 15 94 95 66 849 
34 79 5 68 5 41 34 102 762 
93 35 66 67 100 84 5 89 1105 
45 97 28 7 47 22 66 99 980 
52 15 60 15 92 51 72 91 253 
10 81 96 54 89 77 71 96 171 
76 10 45 36 34 28 3 52 853 
45 28 34 85 3 8 61 84 1065 
6 80 45 17 97 11 64 96 96 
98 93 10 53 38 53 8 93 1092 
39 18 82 34 13 42 81 29 770 
91 27 80 90 95 7 90 67 198 
73 61 15 36 74 40 20 7 723 
64 93 92 83 78 13 18 24 811 
9 74 68 4 37 71 48 75 847 
32 10 100 5 65 74 37 37 387 
78 5 46 45 16 8 83 20 434 
75 10 51 69 74 73 40 84 1130 
52 71 26 46 90 101 71 90 1189 
63 61 30 20 47 43 81 42 231 
24 66 60 62 23 20 35 75 797 
22 65 38 29 67 84 82 87 815 
9 34 17 47 76 28 11 22 721 
9 57 65 10 90 34 54 18 219 
36 92 50 8 13 17 36 50 305 
63 36 96 49 41 62 77 74 99 
5 79 92 35 53 3 61 28 227 
4 15 78 7 78 51 66 48 1165 
21 3 23 2 13 28 3 50 1062 
67 62 18 5 35 18 26 50 478 
30 3 42 49 50 87 99 34 437 
51 58 60 47 85 95 67 58 866 
89 5 68 66 34 4 16 96 807 
4 102 82 62 83 29 12 38 545 
57 74 55 38 6 81 92 54 1129 
31 22 79 25 40 79 47 39 554 
75 66 71 40 35 56 21 96 395 
58 91 77 33 38 49 51 11 1024 
19 53 102 89 76 82 12 87 908 
90 81 64 5 16 46 84 39 886 
77 20 41 101 19 11 49 36 765 
19 100 86 32 76 31 95 30 1053 
48 88 92 91 30 49 82 33 183 
73 55 77 33 51 101 77 76 1119 
46 20 36 92 41 42 20 95 1075 
92 60 7 35 11 89 60 38 621 
85 88 92 94 21 88 97 79 998 
89 88 51 87 58 3 39 51 120 
54 57 49 52 74 37 61 92 889 
12 40 45 91 75 15 50 94 1078 
3 54 101 49 98 65 60 32 89 
41 7 4 6 98 62 79 8 992 
6 35 16 57 35 32 16 87 478 
40 101 15 38 39 66 15 38 1193 
13 7 62 86 94 44 30 22 1031 
72 7 44 85 14 69 34 46 723 
76 48 21 71 35 13 26 22 386 
96 5 71 40 94 62 65 68 12 
23 22 43 74 30 15 48 46 973 
99 57 89 48 6 94 7 40 1105 
80 44 74 51 62 74 12 35 207 
17 34 16 84 23 48 68 13 299 
20 4 20 9 25 92 33 29 803 
46 51 101 79 35 55 71 86 292 
31 74 62 72 64 97 98 32 145 
68 17 36 43 81 95 70 89 446 
74 74 21 84 20 35 8 68 1034 
19 41 100 63 15 39 24 39 470 
66 50 42 25 13 95 80 68 151 
34 5 72 8 11 48 19 99 155 
7 49 57 29 66 98 12 81 1123 
15 7 4 99 21 44 57 6 481 
98 51 63 28 6 54 23 76 770 
17 13 32 54 46 18 26 19 1101 
86 39 86 46 15 34 3 67 741 
12 37 86 30 53 7 9 23 589 
53 81 46 4 8 92 35 97 824 
64 63 64 88 75 4 54 73 816 
57 54 38 31 27 41 94 13 485 
81 89 63 26 47 25 70 75 473 
48 83 33 97 13 20 67 41 49 
101 26 64 84 78 81 41 54 838 
14 24 56 7 13 98 52 56 109 
9 40 18 41 20 2 65 7 1101 
38 62 43 20 66 88 37 95 1056 
80 99 12 83 88 95 57 57 617 
87 44 73 37 47 59 11 60 21 
90 62 8 63 20 73 92 5 1125 
29 97 60 70 72 20 11 74 697 
