4 8
250
99 16 23 12 406 
99 91 73 60 1473 
29 47 90 83 518 
97 8 31 12 211 
37 76 31 74 1170 
40 44 99 85 724 
77 100 96 12 1317 
99 84 25 57 339 
61 56 57 38 1046 
97 5 24 5 1351 
85 91 20 4 812 
25 87 51 40 1420 
57 94 90 16 251 
31 53 79 3 565 
14 85 76 92 877 
83 21 95 10 1259 
36 22 96 2 1000 
88 82 94 63 937 
14 35 87 70 1077 
69 68 43 23 573 
46 28 23 70 1149 
2 17 30 50 1117 
7 94 43 63 860 
37 100 90 55 476 
51 61 19 45 366 
81 100 8 26 1415 
17 79 74 75 545 
10 101 28 32 997 
73 53 46 94 862 
22 94 25 17 514 
71 80 91 94 1399 
87 11 80 48 1489 
4 11 7 64 865 
29 22 71 30 721 
38 74 60 94 946 
100 17 27 93 37 
89 77 93 94 292 
39 90 83 89 787 
101 23 82 41 963 
64 48 84 41 415 
2 25 97 73 1562 
99 23 99 36 1430 
72 86 89 46 70 
29 20 15 46 259 
41 41 84 82 730 
17 94 21 35 1566 
54 35 88 67 31 
66 81 22 99 346 
18 94 49 101 1273 
17 35 38 37 519 
46 36 40 25 1411 
63 44 17 28 1320 
6 4 66 40 587 
39 101 24 44 663 
50 101 18 25 1620 
49 95 84 4 481 
83 58 86 3 856 
20 97 64 81 666 
24 66 95 18 275 
16 29 11 65 664 
19 13 96 96 1370 
47 20 17 26 639 
71 61 16 99 1624 
50 20 65 87 298 
45 38 45 3 306 
86 8 2 8 1384 
22 86 21 63 211 
72 64 92 19 129 
102 81 40 42 1178 
65 52 98 18 1124 
98 66 25 47 1597 
82 70 95 78 3 
41 20 11 41 315 
87 42 54 86 482 
88 30 48 80 301 
66 100 6 31 915 
35 12 86 39 1444 
57 62 76 65 535 
4 72 16 19 1126 
84 72 101 23 1423 
24 100 14 89 1360 
70 21 48 29 561 
84 66 65 22 1089 
31 36 74 53 1041 
27 68 91 54 450 
18 16 31 11 595 
96 102 85 44 550 
37 100 99 56 336 
39 16 49 31 833 
40 8 97 52 650 
50 99 50 59 1018 
58 12 62 61 1103 
56 92 39 93 662 
84 83 24 88 517 
33 39 20 32 439 
13 21 62 3 1469 
11 22 80 71 1441 
98 54 28 82 1267 
28 39 40 88 1090 
49 79 58 91 1127 
58 87 11 21 138 
13 81 19 32 845 
38 52 62 71 949 
36 13 70 4 722 
32 57 44 10 102 
96 101 34 66 1301 
36 65 73 34 554 
27 13 62 63 1255 
19 37 98 30 672 
77 80 70 30 534 
38 11 56 47 638 
3 45 2 15 237 
14 49 56 52 299 
75 81 30 37 545 
25 54 10 27 440 
97 61 16 69 501 
18 32 6 33 720 
27 11 28 95 538 
84 13 49 48 1053 
72 83 48 12 1106 
98 52 35 97 158 
86 3 31 20 711 
44 31 35 84 1603 
84 45 25 8 1528 
66 55 38 5 841 
14 7 63 63 923 
17 15 6 101 561 
69 99 11 23 986 
25 82 11 51 1479 
55 80 67 50 1347 
29 60 42 18 58 
46 16 32 45 1586 
81 42 70 63 473 
32 27 36 50 517 
86 36 3 48 1149 
86 46 89 14 1607 
37 42 15 80 476 
58 75 90 98 1482 
55 69 68 26 1336 
85 15 50 22 998 
30 46 19 18 1600 
96 59 96 48 320 
101 29 20 47 1019 
40 29 91 34 1182 
59 38 40 59 1286 
19 70 79 66 1423 
73 98 69 53 1143 
93 25 99 82 580 
101 81 45 78 1491 
28 51 23 64 714 
58 25 18 50 77 
94 8 62 40 1318 
27 82 32 61 787 
5 63 69 77 1167 
17 32 11 99 1191 
79 96 63 68 869 
71 49 17 22 503 
50 83 21 48 1269 
87 65 61 102 165 
21 51 86 30 1441 
67 83 48 92 472 
28 16 21 77 447 
101 47 97 87 201 
80 67 11 30 1632 
24 44 23 99 1418 
54 73 11 89 877 
30 11 35 79 1439 
89 3 26 94 73 
36 64 46 21 1289 
42 71 77 89 521 
56 42 58 30 1078 
25 62 51 6 1261 
57 7 35 23 1623 
91 14 19 98 410 
79 43 20 25 1079 
63 100 4 20 773 
85 98 24 57 1625 
90 55 6 13 1062 
29 55 23 16 799 
31 31 25 22 1462 
29 53 80 64 901 
15 25 35 64 88 
27 60 33 58 1540 
61 85 80 24 194 
39 10 8 33 1600 
26 22 5 77 605 
34 77 85 31 328 
33 20 61 102 1409 
67 22 44 8 648 
71 24 67 22 1466 
48 53 3 10 867 
22 48 49 66 511 
95 21 60 27 1203 
52 77 4 38 1027 
43 26 80 37 763 
19 68 102 94 474 
4 57 85 87 1484 
82 76 77 78 9 
88 73 97 70 1516 
48 63 19 34 1456 
96 22 30 59 800 
25 75 68 63 597 
56 48 57 37 483 
40 38 76 36 1521 
79 2 28 38 1256 
72 31 12 44 15 
57 51 70 5 577 
83 29 28 38 1116 
10 9 16 41 759 
42 18 62 41 896 
12 90 84 41 203 
95 96 94 82 1297 
96 65 26 62 1328 
7 80 55 2 785 
13 12 40 68 1396 
71 89 89 91 599 
55 71 73 89 1481 
69 68 30 92 686 
89 37 48 58 1213 
47 86 56 60 673 
64 66 61 93 718 
2 52 18 56 703 
9 9 5 46 427 
27 94 38 72 229 
41 52 64 60 989 
78 66 84 94 666 
88 35 31 50 1213 
92 12 82 46 1474 
20 52 77 49 577 
83 34 4 32 806 
55 49 86 46 35 
15 3 3 32 1108 
39 70 27 15 937 
76 79 57 71 593 
17 13 95 81 1566 
91 77 17 25 1303 
46 63 54 44 1429 
40 51 88 48 1005 
91 11 52 78 875 
52 27 64 92 1008 
5 79 35 96 555 
44 57 7 50 210 
40 88 80 52 389 
78 18 84 27 315 
26 94 10 10 777 
9 63 19 28 746 
66 15 27 63 1248 
69 30 60 11 744 
85 46 40 35 389 
5 32 102 54 1272 
