6 2
250
46 53 34 95 65 79 102 
102 64 69 37 93 16 108 
6 15 74 80 41 23 342 
44 27 5 17 57 73 82 
71 92 66 17 10 45 30 
38 66 49 28 40 77 306 
46 59 42 7 64 46 152 
14 80 51 11 36 85 9 
28 31 80 10 8 7 127 
74 6 22 85 73 21 279 
51 28 54 3 48 11 400 
70 65 12 96 29 85 232 
14 17 8 76 62 7 42 
37 71 20 34 72 46 295 
55 23 24 93 27 71 257 
54 99 10 91 76 6 235 
68 70 17 82 24 76 244 
91 15 11 13 16 60 62 
59 36 71 78 67 28 62 
44 90 5 4 16 96 245 
19 101 87 88 4 54 279 
3 5 54 50 72 14 264 
10 15 82 13 12 50 391 
65 40 15 11 80 45 101 
82 14 80 10 82 102 292 
16 26 27 14 8 49 226 
33 20 30 97 16 52 142 
77 25 93 6 48 66 223 
62 74 78 26 12 46 90 
94 76 42 92 15 95 380 
90 56 101 6 3 43 132 
23 87 16 66 94 92 20 
90 89 6 36 37 19 221 
54 51 90 98 5 35 162 
45 90 7 3 59 43 355 
71 94 101 47 25 24 163 
90 64 62 19 56 19 16 
89 38 58 79 78 41 150 
7 12 10 100 9 95 316 
99 11 65 37 51 19 81 
97 7 91 14 97 16 264 
89 30 81 51 18 38 231 
54 52 25 83 4 52 260 
84 93 49 18 32 64 371 
55 99 84 7 102 86 375 
33 69 67 84 27 74 77 
84 31 51 93 59 23 182 
62 42 57 49 69 58 57 
16 44 98 67 54 76 141 
33 99 47 18 54 67 91 
85 60 101 79 80 47 404 
64 101 27 75 44 49 381 
59 29 60 35 30 80 70 
27 72 19 75 100 86 211 
34 6 77 7 58 24 313 
84 58 72 91 13 16 211 
45 73 94 12 29 43 304 
72 89 85 26 88 7 238 
90 84 6 82 63 50 126 
97 52 70 87 26 19 305 
73 90 46 19 66 67 332 
101 27 65 73 45 79 252 
19 94 83 72 19 20 384 
76 67 11 52 69 23 201 
23 25 27 5 26 102 404 
100 41 9 24 42 79 363 
59 44 11 19 73 71 315 
60 90 18 9 101 83 397 
25 37 69 99 46 34 321 
4 40 70 22 79 64 80 
55 76 50 79 43 7 71 
26 2 35 98 54 74 255 
38 11 98 27 21 4 307 
6 42 27 98 46 12 225 
6 42 100 95 9 60 24 
16 70 31 59 77 82 405 
37 36 3 94 63 18 270 
31 74 96 60 63 46 202 
35 24 84 99 97 64 84 
62 37 5 47 16 59 90 
43 69 70 46 23 78 279 
9 26 6 86 96 91 307 
70 6 37 48 16 58 329 
48 50 62 82 20 81 310 
100 100 49 49 61 46 357 
7 28 17 41 70 83 111 
101 80 15 3 75 47 374 
34 70 102 2 3 43 389 
21 10 65 5 99 94 35 
27 59 39 37 46 90 257 
80 22 9 47 77 56 193 
72 49 82 47 36 86 273 
32 49 48 60 5 94 352 
20 53 38 73 91 21 299 
23 78 68 31 59 31 220 
50 95 57 28 89 50 203 
63 85 60 65 10 43 388 
12 93 79 43 97 79 247 
71 73 76 88 37 76 197 
73 16 19 79 58 15 337 
56 93 34 18 46 39 231 
70 80 10 83 79 80 50 
87 91 89 64 54 95 323 
24 83 42 54 77 4 368 
71 44 88 55 30 14 226 
2 47 27 54 42 6 6 
95 68 8 60 98 38 353 
27 31 17 5 22 6 134 
12 95 66 71 37 68 402 
38 24 30 51 68 59 345 
46 64 12 14 91 80 120 
17 36 96 81 67 6 180 
15 74 51 11 11 25 366 
54 63 85 7 40 4 232 
46 80 11 32 81 4 331 
69 6 93 33 28 5 392 
61 72 92 72 65 57 98 
52 81 42 59 36 97 377 
3 30 10 53 78 74 287 
58 87 51 88 4 65 188 
69 60 80 85 21 96 379 
94 94 37 77 50 35 385 
101 71 75 47 9 91 269 
79 85 82 52 33 28 13 
87 43 86 63 94 80 338 
22 65 76 17 3 101 40 
37 75 78 30 41 78 233 
17 78 43 97 76 82 369 
77 100 35 90 70 92 28 
53 53 16 58 57 13 321 
9 101 32 8 91 58 171 
12 6 24 94 52 48 286 
67 45 68 20 100 95 186 
67 43 29 35 11 5 344 
24 64 75 86 66 80 37 
79 13 91 87 25 51 264 
96 13 99 20 46 38 350 
10 50 40 59 21 35 173 
60 5 74 82 55 60 361 
44 51 9 87 69 63 360 
34 79 35 77 46 83 287 
31 32 17 67 69 100 58 
16 37 29 48 47 68 79 
10 19 7 72 93 78 214 
64 91 35 79 77 100 311 
73 6 84 77 54 74 119 
75 59 17 89 61 77 116 
16 82 42 24 97 71 100 
62 30 7 55 7 20 276 
43 85 90 94 3 40 177 
33 47 73 95 96 92 144 
63 92 85 34 3 26 196 
11 95 57 82 31 54 46 
78 80 24 50 56 63 132 
76 29 97 60 39 87 342 
37 71 32 2 81 91 406 
40 23 23 5 96 22 131 
92 35 13 74 88 34 223 
69 51 47 43 31 5 354 
65 90 76 67 41 66 303 
26 27 82 52 65 13 156 
58 3 46 62 44 2 342 
96 86 88 53 55 31 278 
22 87 62 52 88 15 307 
35 50 41 56 57 60 270 
10 33 24 25 23 18 46 
50 3 82 89 5 5 283 
6 89 15 89 37 8 17 
42 22 101 78 101 65 96 
55 7 8 89 44 20 348 
54 66 30 33 15 59 295 
85 82 65 85 12 8 119 
62 28 69 22 54 64 278 
13 25 49 25 56 90 387 
98 76 2 62 87 86 213 
25 87 58 24 51 33 233 
43 38 95 91 59 96 379 
82 41 68 93 57 19 168 
43 83 11 61 71 79 358 
7 65 25 27 24 79 152 
42 14 100 5 33 13 290 
89 56 36 99 95 4 68 
38 36 72 32 69 13 338 
6 49 65 82 56 71 145 
75 72 66 37 19 58 163 
29 70 90 26 8 72 220 
29 77 65 78 78 73 285 
31 55 97 57 68 56 147 
67 38 25 79 44 38 58 
86 72 64 78 48 79 37 
68 84 7 63 43 31 315 
74 102 6 80 100 68 181 
19 71 82 53 4 6 253 
34 67 49 66 36 42 177 
7 3 102 32 97 63 257 
74 92 96 27 27 61 382 
38 21 101 46 72 72 276 
3 83 27 46 75 49 139 
19 60 99 9 91 36 272 
101 6 50 5 7 83 185 
81 88 29 79 47 70 394 
48 51 22 66 72 78 18 
22 77 88 24 16 31 226 
34 99 20 38 27 29 153 
18 52 43 67 90 24 92 
97 100 69 30 81 39 289 
11 79 44 21 60 64 322 
30 65 83 92 54 92 192 
92 10 43 22 43 61 124 
100 81 101 84 55 84 102 
79 21 96 38 94 86 95 
21 78 18 68 67 60 358 
90 62 77 38 35 77 24 
92 28 10 40 80 43 47 
100 45 40 7 83 56 208 
46 90 57 63 8 26 287 
34 27 56 78 3 44 45 
21 26 48 23 8 21 358 
94 88 100 16 45 14 87 
35 81 63 86 6 39 179 
74 22 77 29 54 37 237 
4 56 63 79 101 2 323 
22 94 86 76 37 65 211 
3 59 49 64 14 51 404 
48 94 94 99 7 69 194 
5 73 96 57 86 32 371 
34 39 39 47 14 44 56 
89 79 12 71 76 94 289 
66 30 67 42 88 61 229 
63 71 81 95 35 34 68 
23 93 21 53 35 63 282 
22 12 19 2 9 88 239 
18 84 30 33 77 79 163 
44 31 17 100 73 37 290 
69 60 54 80 12 99 271 
88 93 20 43 33 4 178 
21 50 41 81 75 99 187 
89 53 64 60 57 78 320 
64 6 55 65 28 100 216 
54 67 24 99 91 94 122 
93 12 93 45 77 98 99 
83 78 21 99 40 27 327 
8 92 22 57 23 90 101 
89 67 80 8 6 93 273 
84 19 84 87 7 18 392 
43 73 17 82 82 57 328 
30 36 67 90 75 75 186 
77 5 44 70 6 7 21 
47 15 40 74 8 59 406 
61 39 15 34 11 86 266 
