8 6
250
21 14 84 35 46 10 101 81 710 
63 29 20 101 60 15 70 60 82 
100 30 25 68 42 8 87 71 12 
60 22 93 74 24 86 67 23 327 
27 39 43 11 67 6 64 98 1113 
24 98 66 98 67 35 43 37 1101 
69 55 74 78 50 77 9 43 723 
69 92 7 35 36 39 88 45 258 
68 91 65 21 6 46 17 65 900 
39 64 57 60 33 89 96 100 831 
57 51 91 68 4 26 47 96 77 
88 90 63 28 11 24 14 77 570 
29 49 51 30 63 87 3 72 964 
6 12 60 20 41 38 71 34 1145 
34 102 88 41 76 12 40 32 915 
14 13 55 35 48 58 42 70 622 
21 29 91 6 67 35 47 43 1039 
50 70 52 27 59 79 31 81 921 
62 90 75 41 92 33 12 91 724 
28 73 65 4 80 73 88 52 64 
7 31 36 56 96 35 27 92 756 
27 89 56 78 6 69 83 82 977 
80 82 39 60 95 78 76 22 866 
24 48 92 80 41 9 74 26 618 
43 8 96 42 16 101 71 87 29 
7 52 68 98 23 99 93 10 856 
70 49 38 60 82 76 64 6 546 
73 49 49 49 5 82 19 42 906 
88 39 69 39 90 10 76 70 851 
6 27 27 95 89 33 39 6 936 
17 84 28 22 80 12 57 100 474 
57 61 49 88 82 82 25 8 866 
5 33 61 30 86 14 7 60 956 
22 80 62 18 12 101 6 4 712 
50 67 61 59 85 92 71 21 117 
25 20 48 47 72 83 63 36 902 
19 89 100 16 18 22 34 37 244 
81 41 51 50 84 80 24 77 495 
13 48 50 71 61 67 5 84 491 
34 77 10 80 57 78 27 89 187 
62 36 52 41 27 49 72 92 983 
63 77 38 70 24 97 43 51 1072 
28 50 30 34 13 36 82 102 742 
14 3 86 75 25 98 64 64 511 
92 74 24 3 101 70 87 44 92 
6 66 55 16 40 8 90 102 472 
89 30 24 18 61 27 89 61 1100 
99 90 54 42 8 62 55 53 946 
68 27 51 62 49 71 28 78 442 
10 100 65 80 87 25 59 78 420 
21 76 15 99 16 42 80 90 670 
57 66 60 94 63 89 31 24 918 
91 29 82 55 92 85 91 81 746 
29 21 5 31 85 32 28 36 936 
66 72 12 11 84 61 17 73 147 
80 18 39 78 51 64 50 70 597 
56 68 86 31 10 38 81 54 852 
54 28 83 30 68 29 13 66 647 
67 82 47 24 40 21 74 13 767 
26 53 72 42 83 17 84 75 824 
94 37 64 76 32 32 91 65 544 
33 53 52 12 67 87 12 85 1082 
6 34 30 67 60 99 75 57 10 
102 13 48 68 48 95 62 20 359 
93 92 51 17 34 78 77 43 737 
15 16 87 87 33 99 29 80 496 
41 30 79 67 3 77 31 92 631 
101 67 7 59 52 49 58 21 1141 
41 91 102 54 92 19 39 63 505 
17 17 83 50 41 70 55 23 1105 
54 28 91 76 88 45 26 78 926 
57 58 66 40 32 14 6 90 1096 
43 89 40 62 30 43 36 16 919 
73 53 28 39 6 31 59 6 1139 
6 66 5 59 30 16 44 83 61 
79 79 87 71 46 54 80 14 414 
54 94 99 50 43 73 70 55 314 
52 20 54 37 83 28 21 102 285 
89 86 61 26 21 49 38 59 453 
92 4 9 76 61 94 97 7 147 
98 58 26 34 91 77 90 94 772 
55 43 99 61 52 46 31 94 350 
77 30 75 52 14 86 36 80 626 
21 78 62 62 42 78 16 25 537 
101 57 97 86 38 29 86 85 193 
42 33 54 65 47 69 65 22 940 
41 47 46 42 99 13 26 71 193 
5 95 3 23 47 29 2 31 449 
36 93 94 48 68 31 70 96 573 
101 58 32 95 99 22 101 77 951 
102 61 60 85 62 69 13 83 1104 
16 22 88 28 65 18 32 31 359 
87 95 81 17 74 5 67 27 163 
87 13 98 83 23 72 51 2 857 
81 53 33 27 37 87 41 56 911 
63 75 95 16 64 70 93 16 1012 
100 87 89 57 20 37 56 28 860 
96 35 100 19 79 64 48 54 964 
100 62 60 96 77 20 30 6 642 
22 73 50 30 93 9 89 53 185 
85 25 34 98 73 10 17 47 255 
78 46 98 33 70 12 91 95 669 
27 7 12 71 29 16 84 36 679 
24 68 44 93 32 28 49 65 351 
48 4 90 52 81 33 100 54 737 
59 91 5 40 41 100 55 64 563 
7 16 99 20 16 40 55 95 964 
81 87 16 71 86 7 84 44 1115 
68 77 28 81 73 76 56 28 556 
55 86 29 46 40 69 82 44 607 
34 31 89 53 99 87 54 21 823 
48 89 7 100 59 99 9 88 1074 
22 28 45 24 66 90 94 2 121 
54 37 49 49 91 43 57 52 171 
6 18 80 43 30 54 9 10 475 
43 56 29 32 39 54 82 63 208 
9 11 67 101 61 98 77 102 1030 
23 101 100 65 45 9 85 5 867 
12 81 100 92 17 57 52 54 567 
85 24 100 97 69 30 27 50 497 
51 7 59 83 67 30 70 89 115 
43 79 13 22 48 35 83 72 995 
21 18 96 12 51 9 52 95 947 
88 28 34 72 41 97 68 36 1207 
16 31 16 72 24 31 48 11 912 
37 64 78 67 15 99 49 8 391 
49 41 57 52 33 74 53 84 744 
79 73 40 18 56 14 37 70 506 
69 51 96 67 65 42 34 17 377 
3 23 15 36 24 35 65 22 1164 
45 66 99 44 22 42 70 71 466 
38 21 10 66 32 48 58 82 694 
40 83 78 17 20 18 44 51 749 
50 45 51 7 55 37 19 93 48 
46 27 31 56 99 97 4 98 1176 
25 39 93 69 80 44 79 27 468 
21 30 48 83 2 72 81 22 316 
91 33 68 75 49 41 44 14 670 
29 86 86 83 15 23 22 21 149 
72 83 67 8 30 30 99 100 776 
60 65 27 61 77 79 71 15 798 
32 52 92 54 27 68 90 51 512 
56 40 17 27 63 83 60 11 476 
63 85 5 40 78 51 78 86 609 
31 70 10 9 14 102 58 92 843 
24 20 58 101 21 81 88 45 728 
50 35 3 46 3 69 40 10 367 
64 94 76 43 78 42 18 60 994 
35 49 28 17 71 74 14 38 1102 
84 64 66 26 54 35 92 29 635 
50 87 70 44 71 6 72 96 1195 
97 83 44 18 84 62 100 55 1178 
35 35 66 32 34 66 79 58 559 
68 40 42 42 53 51 91 70 896 
16 94 80 24 47 77 76 19 679 
50 68 82 6 29 101 39 59 1158 
90 21 56 5 67 15 60 6 690 
60 57 32 95 29 16 89 86 748 
21 13 90 91 58 16 11 31 1096 
67 64 13 43 5 96 56 3 604 
22 12 29 67 66 43 21 18 764 
27 57 41 68 19 45 40 21 567 
9 101 65 41 97 38 25 95 525 
47 19 54 38 41 29 67 70 905 
36 56 49 49 72 41 54 86 909 
52 101 47 70 4 86 50 49 20 
88 82 18 93 43 73 100 75 1221 
12 91 18 14 3 51 71 6 795 
102 62 31 26 89 13 64 75 1149 
100 79 16 70 91 93 27 81 1069 
60 45 14 78 51 99 41 43 1165 
60 40 100 97 102 100 22 50 1067 
75 64 95 7 31 70 79 102 1182 
88 45 102 26 89 24 64 12 742 
54 26 14 34 87 48 18 5 432 
98 5 79 18 50 43 6 54 203 
97 56 17 46 100 51 3 56 1206 
98 36 53 78 35 91 40 69 292 
78 43 80 49 91 28 35 83 1191 
21 72 97 61 22 37 8 69 693 
48 10 28 65 33 33 49 22 849 
87 22 71 90 80 83 19 31 140 
41 50 67 91 13 19 53 83 1030 
6 39 16 18 72 68 35 94 720 
100 15 12 49 101 71 58 50 746 
30 34 94 16 43 93 26 69 243 
94 59 99 11 13 52 49 46 1019 
57 71 53 5 57 88 24 21 196 
3 94 50 98 35 65 58 25 606 
94 92 98 25 94 4 48 43 429 
64 91 4 62 3 57 88 3 976 
12 27 79 8 94 24 77 24 925 
73 98 26 36 54 90 2 56 666 
90 34 78 51 59 16 53 62 370 
16 43 93 95 12 34 85 48 1202 
75 89 100 76 49 72 29 77 556 
13 29 39 16 62 48 3 100 839 
5 63 70 65 57 33 94 63 999 
86 80 87 94 53 8 92 30 829 
59 16 87 8 24 84 70 42 407 
95 3 83 47 94 14 65 82 1039 
32 12 34 68 84 88 90 44 1184 
62 21 78 33 26 34 81 47 1033 
85 99 42 88 97 16 100 101 742 
3 42 88 75 31 74 23 62 226 
38 92 34 101 20 82 87 11 269 
59 64 79 51 68 49 30 82 1013 
47 46 17 20 70 86 28 90 35 
12 89 92 6 12 66 16 45 667 
55 86 81 62 3 88 94 43 444 
86 54 75 41 47 51 91 78 199 
5 20 24 50 75 32 79 77 271 
34 55 55 15 37 25 95 77 1168 
6 87 44 31 27 29 49 44 444 
31 73 43 43 17 36 50 12 304 
34 7 13 50 85 29 66 62 1077 
85 73 18 52 48 72 56 87 1108 
76 76 95 97 3 33 96 50 45 
83 94 40 21 67 27 101 62 865 
86 57 4 18 67 67 41 66 866 
22 81 27 73 89 32 45 76 440 
34 40 6 82 56 37 25 85 840 
52 66 9 93 53 88 102 71 365 
90 60 12 30 58 39 63 76 836 
80 12 7 10 78 93 91 69 280 
69 6 3 69 95 84 98 91 1217 
66 31 30 42 73 20 2 57 197 
28 6 84 69 21 82 69 47 896 
66 44 91 18 4 86 65 35 795 
31 23 67 30 33 69 39 99 554 
42 41 41 89 9 23 77 65 771 
43 2 87 23 102 50 11 34 572 
13 50 29 46 79 40 55 74 419 
52 101 75 18 31 24 37 29 76 
36 79 37 70 43 41 23 24 403 
81 10 23 20 21 101 22 29 596 
20 98 64 2 36 38 89 26 788 
92 27 73 65 88 75 44 76 678 
14 45 9 90 25 57 8 75 785 
15 35 82 76 98 5 76 19 384 
46 36 45 101 84 19 77 33 1189 
64 18 24 51 78 47 45 10 1029 
44 32 75 9 97 63 74 76 1117 
87 18 31 70 91 71 43 100 497 
14 15 63 91 16 94 59 45 698 
44 66 59 37 32 90 21 34 1066 
60 39 41 84 30 10 28 92 182 
70 96 29 55 9 80 6 33 1170 
25 55 18 84 52 53 6 31 120 
36 52 88 44 52 59 84 85 745 
