2 4
250
63 22 599 
60 92 55 
21 47 749 
78 26 521 
28 60 802 
92 2 650 
95 52 254 
89 39 369 
54 86 707 
25 84 803 
37 23 732 
33 6 196 
26 35 361 
50 87 247 
7 41 544 
78 50 157 
11 71 796 
31 73 367 
13 76 674 
30 8 49 
22 99 513 
95 44 28 
76 97 440 
76 68 555 
37 47 531 
3 84 800 
81 78 293 
70 15 111 
3 8 412 
47 22 251 
43 98 219 
40 31 723 
69 14 794 
65 4 435 
67 37 27 
32 95 214 
82 12 747 
86 52 245 
72 54 683 
51 94 293 
55 31 612 
25 35 570 
43 99 133 
78 36 572 
3 17 606 
85 4 638 
12 73 105 
26 67 80 
41 59 378 
99 70 623 
7 20 161 
64 13 593 
80 44 18 
35 90 783 
12 5 627 
23 86 283 
58 89 408 
7 41 174 
25 30 525 
67 86 622 
26 47 238 
42 73 129 
53 41 40 
4 6 494 
78 79 678 
19 17 503 
35 20 597 
14 43 660 
28 101 646 
100 41 670 
10 15 473 
28 12 358 
69 72 262 
63 73 365 
32 56 678 
91 31 505 
40 8 115 
5 35 543 
5 14 30 
50 15 588 
39 54 6 
25 95 747 
5 52 551 
41 52 364 
32 73 383 
31 84 710 
100 39 573 
19 62 265 
70 8 654 
93 25 797 
42 21 462 
62 27 154 
46 9 498 
94 89 645 
96 101 463 
71 75 500 
22 77 248 
18 52 624 
4 21 750 
70 56 714 
13 13 227 
72 101 253 
90 72 383 
30 87 607 
28 8 412 
93 25 502 
78 101 267 
21 74 394 
69 26 559 
82 60 46 
29 78 433 
75 82 616 
53 26 814 
28 84 31 
16 94 735 
58 92 361 
28 13 787 
32 95 455 
57 95 323 
82 4 615 
64 10 94 
43 3 74 
23 55 215 
77 42 803 
64 52 142 
31 6 656 
60 13 274 
26 56 389 
11 98 678 
99 21 715 
38 74 181 
27 65 602 
94 75 737 
83 36 309 
20 53 578 
100 71 352 
40 28 719 
61 24 743 
44 40 439 
66 34 41 
28 26 279 
41 41 557 
78 39 705 
46 39 258 
92 79 629 
98 8 25 
79 13 228 
42 61 757 
101 79 411 
33 85 208 
22 30 333 
88 57 87 
6 81 102 
5 24 259 
59 97 727 
59 71 366 
16 48 261 
53 89 176 
79 88 531 
43 41 507 
20 47 446 
63 26 70 
93 6 176 
69 94 222 
93 76 730 
98 85 525 
6 45 64 
7 19 299 
96 71 339 
21 11 569 
47 64 329 
52 87 623 
79 98 583 
83 68 529 
25 49 442 
7 62 107 
34 83 22 
3 40 787 
56 14 232 
20 69 444 
69 73 783 
54 23 245 
89 42 730 
15 21 715 
95 25 627 
45 84 568 
84 91 74 
30 89 226 
69 47 203 
46 98 590 
50 61 232 
19 16 772 
71 74 218 
26 20 166 
25 21 507 
17 10 120 
22 13 249 
61 38 642 
48 40 687 
70 86 623 
7 45 364 
19 67 489 
61 78 77 
84 76 86 
45 60 580 
91 7 559 
68 54 302 
12 26 689 
44 91 192 
52 73 615 
12 2 714 
52 21 610 
78 8 440 
4 57 262 
7 39 306 
22 18 634 
10 59 275 
18 5 262 
41 97 157 
62 77 619 
39 12 39 
36 74 603 
25 95 318 
98 15 805 
17 65 792 
7 7 709 
49 24 601 
48 44 121 
44 97 796 
58 13 201 
58 18 255 
80 68 372 
29 73 535 
66 99 187 
41 13 358 
37 3 322 
37 37 734 
34 15 438 
4 93 556 
92 94 629 
78 69 671 
16 43 795 
70 39 799 
54 79 275 
23 86 202 
53 9 250 
73 9 766 
60 23 623 
36 26 23 
80 78 610 
