4 6
250
5 94 56 51 708 
94 63 2 83 877 
56 52 64 14 1085 
61 46 81 70 1064 
5 23 96 21 65 
17 86 26 86 1209 
76 86 66 101 640 
20 23 80 14 520 
44 15 58 27 58 
82 36 40 98 1191 
22 11 72 75 650 
83 100 37 46 522 
10 39 18 84 1197 
73 88 65 62 862 
39 68 69 27 556 
92 68 72 17 306 
83 48 30 89 969 
67 16 93 48 868 
22 88 36 72 419 
7 99 76 29 417 
96 73 80 28 734 
55 44 47 30 773 
18 30 23 21 749 
64 10 32 5 405 
59 97 18 91 612 
53 34 99 93 495 
95 93 45 83 379 
12 70 4 29 319 
25 71 65 85 676 
94 68 17 11 879 
99 69 73 96 941 
101 57 92 78 108 
23 47 56 89 860 
26 88 42 90 622 
97 8 5 79 129 
90 34 35 35 707 
88 19 90 22 537 
28 22 51 6 394 
58 80 28 20 63 
79 17 78 15 380 
9 27 30 60 944 
92 66 97 86 1083 
69 23 58 20 283 
6 59 36 46 546 
6 39 38 58 1163 
19 82 87 74 408 
75 59 22 4 625 
62 91 32 44 655 
64 27 67 17 804 
37 24 10 97 12 
22 83 34 70 329 
72 91 74 65 741 
12 81 25 52 189 
12 3 56 69 769 
17 29 94 92 1012 
81 73 23 92 741 
97 74 92 73 163 
94 27 54 78 992 
73 19 70 84 527 
85 4 17 102 682 
36 70 43 34 1051 
95 92 44 88 587 
101 70 84 4 804 
41 90 54 39 287 
87 51 80 88 1121 
100 61 12 49 1218 
79 58 23 36 330 
29 33 60 87 243 
4 85 68 30 1010 
5 38 67 18 56 
97 52 80 79 863 
87 92 56 43 1080 
36 82 96 88 872 
44 49 49 78 477 
9 32 69 19 258 
4 85 52 6 1080 
64 96 96 45 58 
29 80 47 66 516 
39 79 19 99 1044 
24 91 82 59 494 
59 91 92 79 1190 
67 85 62 58 835 
4 42 53 54 324 
43 88 54 84 545 
66 4 85 36 27 
32 15 73 34 1205 
16 5 96 66 386 
75 6 18 48 489 
46 20 91 98 489 
99 28 67 72 549 
38 39 100 14 937 
57 7 58 77 821 
54 14 30 59 668 
102 48 89 23 650 
38 72 8 44 5 
48 15 89 96 64 
6 50 2 89 764 
79 6 83 89 937 
70 50 43 81 1075 
34 92 34 43 493 
53 42 46 19 106 
68 33 59 14 378 
44 20 64 72 775 
6 14 43 97 955 
97 67 102 46 1043 
90 31 29 56 832 
58 83 48 56 666 
66 6 85 81 1181 
47 50 72 58 421 
52 88 73 17 1022 
23 51 39 65 549 
88 42 102 34 253 
39 6 5 46 915 
63 74 11 18 1214 
3 31 64 100 401 
50 97 45 12 437 
4 61 14 72 578 
9 46 85 11 838 
26 6 53 60 735 
43 47 28 84 892 
79 79 57 18 1015 
94 89 41 33 1187 
93 98 91 99 228 
80 94 34 99 826 
20 92 2 49 916 
98 80 6 40 1118 
5 72 64 39 716 
27 6 98 90 675 
23 7 54 14 953 
30 17 56 42 1004 
51 15 31 16 673 
89 79 9 43 1057 
16 85 3 41 1153 
23 36 54 40 1146 
76 98 47 44 573 
15 40 90 72 572 
84 26 66 58 516 
92 43 50 84 870 
50 98 56 3 502 
40 6 14 20 699 
96 65 18 48 97 
55 70 89 69 512 
51 91 40 97 59 
92 21 46 99 56 
82 89 71 69 562 
80 44 45 3 110 
11 28 73 15 649 
21 10 20 51 1092 
23 56 82 43 266 
61 60 62 99 621 
21 62 17 15 947 
9 95 51 2 366 
13 27 88 61 401 
26 20 27 44 1051 
84 3 98 10 1016 
27 8 31 48 1065 
22 84 49 52 1098 
51 13 59 37 562 
27 61 20 21 960 
98 70 24 10 1198 
43 35 20 13 836 
20 66 9 32 636 
3 67 5 15 127 
30 80 38 71 1023 
15 63 92 98 740 
25 85 79 32 1063 
59 87 23 50 569 
89 67 38 84 873 
87 6 29 85 553 
63 58 6 11 613 
20 34 55 26 1038 
82 45 24 52 554 
37 89 79 45 1156 
18 46 57 69 291 
66 44 56 100 1209 
11 36 9 53 1219 
69 81 70 82 846 
27 34 98 65 818 
45 45 88 39 443 
99 29 86 91 357 
19 3 39 87 1057 
77 80 57 28 926 
48 38 73 53 959 
58 21 99 76 845 
86 50 94 2 982 
23 59 19 64 19 
84 52 20 24 1015 
68 44 85 95 1147 
49 79 72 89 258 
9 74 37 60 976 
80 32 11 22 550 
71 10 39 7 802 
21 63 96 26 1143 
98 21 51 70 151 
17 38 6 83 265 
9 79 7 81 895 
51 24 61 84 283 
54 43 100 79 174 
60 6 81 30 920 
89 85 48 96 311 
90 25 69 48 797 
45 28 31 100 460 
93 5 60 34 203 
99 4 14 3 502 
57 23 74 56 667 
12 59 78 8 427 
26 33 13 56 1036 
28 56 15 19 983 
28 14 101 41 280 
57 48 49 13 958 
87 74 47 55 862 
70 53 16 94 671 
88 52 25 66 165 
62 94 6 49 1104 
45 91 97 23 181 
45 24 35 33 1221 
66 12 66 29 611 
55 89 60 86 210 
78 43 23 64 1155 
78 91 38 28 770 
65 44 2 23 437 
98 79 26 40 340 
48 20 85 94 1114 
78 88 98 16 744 
75 36 22 32 179 
4 70 35 29 477 
56 88 9 70 454 
23 11 45 94 662 
78 65 22 58 870 
60 60 31 73 222 
91 95 24 67 1096 
31 24 72 9 415 
29 46 99 101 907 
62 13 17 57 853 
69 45 6 62 1038 
13 16 67 61 694 
46 42 64 11 605 
62 66 43 81 99 
101 41 38 60 328 
34 68 22 84 136 
49 45 76 3 623 
48 91 64 83 967 
17 59 14 52 1101 
90 84 91 52 172 
98 72 38 49 861 
30 9 48 35 644 
47 95 85 50 125 
2 68 62 60 42 
73 4 63 102 1135 
44 29 88 70 479 
