4 8
250
27 80 14 26 920 
67 50 35 23 1229 
3 73 91 51 1304 
74 57 20 21 1231 
46 7 40 13 1466 
82 33 11 52 1502 
77 66 101 42 1129 
96 11 36 59 662 
59 32 8 20 1397 
73 74 48 24 127 
65 99 85 59 628 
22 42 3 36 1248 
36 40 85 31 5 
39 74 51 82 1410 
65 23 63 81 300 
16 101 23 27 304 
10 87 89 45 473 
80 83 44 4 800 
56 10 3 82 101 
21 49 78 19 796 
101 25 68 38 726 
44 38 6 41 399 
23 21 78 17 1117 
52 53 42 3 367 
58 32 50 33 536 
58 22 83 74 1624 
69 25 5 79 318 
87 21 53 100 1410 
44 79 6 79 460 
36 33 87 14 923 
69 9 78 97 1519 
71 77 36 5 1448 
24 57 34 41 939 
100 18 101 98 1355 
32 102 43 16 1315 
80 28 72 5 1607 
26 37 71 18 524 
61 49 10 85 820 
12 87 50 12 1043 
89 48 66 22 493 
20 34 92 31 429 
70 68 64 16 243 
45 7 33 7 1053 
90 88 18 9 1602 
53 10 18 48 1188 
47 54 34 52 1530 
35 64 52 75 1313 
94 47 42 92 1052 
95 87 96 71 121 
7 56 46 47 1239 
3 32 59 24 1292 
12 18 46 58 1320 
18 36 13 23 1343 
83 57 60 26 1180 
45 47 28 45 82 
68 17 49 40 1101 
94 10 89 76 1512 
4 7 31 96 1153 
78 3 86 11 791 
61 76 75 88 431 
53 98 22 75 536 
58 6 17 19 222 
97 71 8 91 1458 
10 49 39 30 1306 
78 28 66 56 1568 
44 63 19 96 749 
94 44 63 14 278 
98 90 16 44 604 
100 92 14 82 1231 
10 97 98 22 656 
14 39 47 8 815 
26 33 68 79 1478 
97 90 22 73 359 
56 10 96 74 1525 
22 36 97 93 1340 
89 17 86 80 1446 
49 67 99 56 560 
57 99 57 64 1513 
66 24 39 53 689 
12 71 43 60 358 
102 4 26 28 327 
80 44 56 26 1034 
12 50 90 90 712 
31 92 68 39 1101 
59 55 33 81 475 
100 98 46 51 1172 
19 76 27 58 1449 
47 43 73 36 917 
15 45 32 101 1355 
19 36 51 9 208 
22 5 6 93 1065 
49 72 47 99 355 
84 100 7 54 755 
38 24 34 101 1605 
90 21 34 83 894 
15 25 35 98 200 
66 49 39 38 848 
16 72 36 93 690 
77 98 76 15 1216 
17 41 80 55 772 
97 4 52 11 400 
3 73 25 38 846 
26 40 51 87 936 
36 63 70 3 528 
68 90 43 59 383 
94 48 21 8 646 
77 47 82 51 287 
64 100 30 14 839 
45 49 100 41 304 
39 49 91 57 657 
56 72 79 22 1329 
9 64 95 88 530 
57 54 19 99 1255 
80 60 2 70 1553 
39 35 58 51 1462 
21 92 3 41 1405 
47 59 66 68 1389 
7 70 62 69 174 
3 7 44 82 1572 
93 32 3 64 655 
82 49 23 62 60 
23 16 30 33 1018 
19 62 56 102 1428 
100 90 53 14 1178 
12 100 35 59 1543 
34 93 79 55 1611 
92 90 41 101 107 
100 37 6 64 1043 
93 42 31 7 1522 
42 53 44 94 1600 
5 80 92 92 484 
84 16 66 68 1176 
32 39 77 34 1189 
31 24 57 95 1460 
65 86 91 50 1324 
72 71 30 66 887 
82 51 87 57 1559 
13 101 50 71 408 
86 73 40 92 558 
56 67 99 34 1052 
21 98 51 5 574 
21 92 44 11 967 
14 88 3 13 1496 
82 54 22 39 1007 
32 75 88 70 87 
94 48 100 16 442 
7 74 98 101 582 
87 3 84 22 1245 
24 59 41 12 206 
100 72 29 101 877 
4 47 62 73 561 
48 11 82 99 707 
76 93 30 84 883 
42 92 3 78 118 
82 72 2 62 655 
75 36 79 58 114 
23 21 102 62 409 
62 14 27 67 1469 
77 22 87 79 42 
32 31 59 58 1185 
10 71 53 94 1208 
34 47 102 33 1001 
14 35 26 93 359 
57 93 70 59 1535 
30 67 38 88 524 
61 87 26 60 158 
46 79 23 85 1607 
54 69 10 88 1514 
17 14 97 6 1281 
44 98 96 57 772 
41 63 102 64 733 
46 35 67 62 241 
49 23 44 23 283 
36 14 43 94 1138 
90 85 84 67 1288 
17 72 35 9 1467 
65 93 71 13 1153 
85 80 61 41 896 
21 4 50 73 748 
96 72 76 88 720 
32 57 4 87 970 
57 81 37 85 483 
76 2 60 72 840 
58 54 33 52 558 
59 55 4 39 823 
88 37 13 21 1386 
47 98 48 65 977 
10 91 86 53 249 
6 44 78 11 1326 
21 46 81 22 1466 
44 41 26 54 1423 
79 55 67 37 1198 
22 70 18 100 1380 
79 56 97 12 708 
69 70 82 37 489 
16 79 95 58 512 
44 59 93 31 701 
8 75 96 78 1352 
57 26 52 80 1548 
38 28 80 27 63 
67 51 71 79 374 
76 61 90 24 1188 
2 61 11 5 509 
66 79 89 57 1283 
7 62 21 29 1435 
45 20 4 42 1532 
90 100 71 54 1084 
96 90 16 8 1121 
49 86 73 5 1346 
98 17 48 49 509 
61 41 25 48 1613 
7 32 43 91 1305 
58 59 50 31 1380 
4 93 59 39 612 
78 65 83 88 518 
23 91 18 47 1500 
30 74 57 11 578 
51 77 25 55 1011 
66 49 27 28 206 
92 38 45 21 1311 
7 61 12 11 904 
97 59 39 16 1276 
17 16 99 99 855 
87 3 41 95 574 
29 70 5 77 1200 
31 40 57 76 678 
87 48 99 66 1412 
71 64 48 56 655 
94 40 10 77 760 
52 52 31 76 459 
91 99 51 86 864 
40 58 37 38 429 
59 4 65 75 1525 
71 19 34 12 1361 
25 57 87 55 704 
92 61 30 30 384 
81 11 83 48 861 
90 99 15 14 800 
15 29 12 30 1349 
92 76 38 84 1264 
35 20 20 92 92 
35 14 98 43 1029 
80 30 8 14 766 
50 23 20 22 95 
74 5 23 63 1141 
97 47 60 73 871 
18 26 48 53 1472 
64 93 93 42 315 
78 3 75 51 1157 
88 23 100 83 563 
