6 2
250
51 77 102 39 25 78 293 
89 77 94 84 7 53 380 
72 66 54 52 80 53 368 
64 73 73 76 35 89 205 
42 20 72 28 48 10 79 
4 62 19 17 37 81 154 
98 86 84 60 29 59 221 
87 65 57 70 17 86 353 
6 31 65 93 91 24 192 
59 24 58 61 45 76 279 
6 37 38 45 75 55 272 
89 90 18 8 32 98 226 
57 17 61 33 26 34 398 
33 56 26 48 59 93 160 
64 28 102 86 85 88 330 
30 21 26 45 34 22 72 
43 49 87 61 27 94 10 
9 100 30 21 44 73 299 
83 14 99 18 64 30 103 
64 18 25 49 13 76 111 
98 36 90 94 14 82 368 
8 41 89 34 101 39 225 
31 74 66 43 17 9 191 
9 29 29 72 94 94 322 
33 64 15 17 19 77 46 
66 42 29 31 92 85 306 
75 13 86 65 93 72 138 
46 60 8 98 69 82 362 
9 63 24 22 90 13 307 
79 76 19 84 64 46 266 
34 39 14 27 26 74 143 
18 45 9 4 24 47 356 
6 9 21 52 97 24 231 
81 7 11 4 74 102 390 
39 69 83 31 28 70 50 
23 96 73 45 10 56 371 
20 17 20 68 68 90 299 
69 99 34 68 24 11 220 
34 4 24 54 74 41 324 
78 28 74 98 79 77 338 
15 50 10 89 70 67 247 
91 93 38 8 14 24 284 
72 51 65 6 62 60 362 
94 51 92 39 17 14 175 
91 48 72 91 14 92 224 
51 26 82 55 45 95 176 
13 88 48 62 19 12 24 
79 12 94 19 19 96 86 
101 19 52 56 56 20 408 
47 68 19 102 34 17 86 
28 85 53 19 67 48 330 
64 46 79 100 4 39 55 
38 80 74 97 98 36 205 
8 32 102 91 78 45 269 
22 31 62 87 97 87 209 
29 44 3 54 50 42 152 
75 75 58 54 82 89 40 
91 48 7 38 83 73 79 
55 53 29 91 5 17 174 
17 19 15 9 54 64 40 
38 73 45 50 96 15 137 
59 46 40 98 58 58 129 
85 57 51 16 16 34 301 
93 75 65 48 27 97 237 
57 44 47 30 27 2 216 
77 64 90 88 60 88 391 
9 92 95 49 61 13 134 
64 67 95 41 32 37 185 
100 81 5 72 20 77 9 
4 95 70 33 58 80 35 
96 63 30 58 48 80 344 
86 72 101 68 85 27 381 
80 54 91 97 67 10 314 
84 87 19 42 13 96 22 
99 28 17 4 35 26 279 
5 67 85 86 60 63 60 
11 6 5 37 52 10 99 
43 80 38 94 73 33 48 
78 13 18 37 86 81 353 
46 85 66 53 3 27 304 
90 9 13 9 49 65 298 
83 15 7 63 88 83 231 
49 81 12 64 95 59 113 
55 68 51 76 84 30 267 
22 41 86 51 85 52 217 
74 27 87 26 71 41 387 
100 14 76 100 100 32 395 
6 56 91 10 70 49 141 
43 64 35 67 37 10 250 
76 22 14 4 34 6 310 
56 27 40 27 20 35 226 
56 76 77 86 100 70 67 
88 97 43 17 4 21 128 
65 54 61 36 33 36 100 
94 64 98 69 28 23 207 
31 53 85 52 17 81 352 
90 60 83 39 41 47 361 
27 73 89 31 87 47 371 
76 80 93 89 101 33 257 
14 81 19 73 50 68 233 
46 60 67 90 42 47 306 
96 80 99 94 91 38 273 
94 11 39 44 78 62 224 
75 94 65 18 50 25 313 
81 66 67 94 82 33 329 
14 25 44 47 2 18 328 
102 96 98 12 97 98 83 
73 82 32 74 8 4 291 
69 4 74 94 23 100 62 
16 33 102 11 6 88 324 
88 98 98 77 46 76 299 
99 69 7 55 29 59 34 
87 38 22 76 31 11 188 
23 72 56 81 20 67 351 
65 98 3 93 12 43 347 
86 36 98 64 30 100 282 
37 68 41 96 44 9 122 
98 82 37 77 79 35 267 
28 45 98 28 11 89 142 
73 6 63 19 18 25 6 
4 25 13 3 13 79 348 
5 17 87 78 60 58 275 
18 68 18 35 9 22 235 
93 2 38 21 13 37 264 
64 80 79 28 86 30 382 
59 26 76 67 58 82 95 
30 13 52 53 33 69 225 
40 47 86 11 5 46 47 
25 77 85 3 44 23 169 
39 11 52 76 30 76 242 
44 45 70 53 42 37 258 
91 88 70 82 69 12 99 
35 94 19 83 87 84 138 
51 93 66 16 61 84 370 
5 102 79 5 95 98 395 
4 18 60 66 11 50 142 
91 17 23 77 13 19 20 
18 35 95 45 93 28 378 
54 6 39 82 55 74 351 
88 93 79 76 16 29 125 
78 61 19 78 36 101 246 
78 45 41 50 67 88 354 
69 86 62 4 72 6 206 
15 23 86 58 78 51 13 
26 46 3 99 92 76 165 
76 78 69 59 29 35 311 
62 100 34 90 88 101 82 
10 19 74 46 25 82 259 
41 36 22 61 52 59 213 
101 40 53 77 14 49 378 
10 95 47 45 73 76 215 
25 54 70 91 51 85 68 
29 31 55 69 96 79 146 
44 50 100 78 77 26 251 
62 82 15 76 55 29 407 
26 29 3 54 8 13 66 
84 53 71 3 76 38 292 
11 100 10 20 72 59 268 
47 49 69 98 52 93 257 
74 57 17 99 58 19 16 
5 54 17 91 68 22 248 
98 31 78 3 91 92 211 
84 7 59 85 72 36 321 
81 36 57 58 22 55 41 
98 56 6 21 21 70 26 
48 95 31 6 40 7 201 
20 93 98 63 3 13 368 
52 61 16 88 84 27 96 
21 62 35 48 69 53 4 
77 73 84 71 24 47 147 
14 30 81 34 31 32 250 
45 62 97 20 43 21 188 
97 92 34 39 45 85 113 
35 98 60 73 56 50 180 
22 15 94 82 68 56 155 
33 37 56 55 97 64 311 
2 40 30 28 33 57 324 
83 52 35 81 64 10 325 
33 23 63 77 83 19 95 
49 5 41 77 67 10 263 
57 80 86 50 23 53 136 
60 32 47 25 96 67 159 
65 61 3 6 48 60 407 
17 95 80 16 47 55 219 
38 91 52 68 49 17 108 
74 51 33 44 59 48 300 
92 18 55 90 55 86 340 
45 40 73 21 52 67 166 
87 8 36 78 100 82 93 
44 97 58 49 52 15 373 
12 72 64 91 14 28 101 
79 27 28 94 71 72 376 
53 81 49 99 52 88 355 
46 99 67 61 69 53 199 
23 99 43 5 74 94 138 
70 11 32 40 41 18 35 
82 10 86 31 11 32 371 
18 11 52 101 29 7 272 
75 99 32 47 77 78 228 
31 87 91 99 80 61 337 
72 19 61 14 72 81 259 
90 83 32 60 23 60 24 
90 93 6 47 89 69 387 
15 2 95 66 42 55 211 
25 97 34 33 74 10 190 
93 93 90 59 28 5 347 
17 2 89 56 20 52 167 
96 88 54 93 94 90 233 
19 67 50 31 28 14 266 
89 100 28 51 51 61 396 
101 18 89 64 66 12 398 
102 8 11 24 4 13 120 
11 82 42 82 22 92 301 
28 42 30 102 93 22 118 
5 63 7 71 93 46 387 
72 67 31 30 80 61 74 
61 41 9 26 3 38 315 
20 88 72 31 71 25 299 
78 61 64 75 92 71 396 
48 7 55 13 69 36 162 
17 13 54 44 32 58 276 
3 23 78 92 86 53 346 
77 37 42 24 23 24 382 
8 70 58 90 93 23 55 
36 56 14 36 4 40 14 
77 20 89 41 69 8 308 
41 87 85 8 19 14 291 
72 16 92 48 14 48 39 
46 98 56 42 38 56 273 
69 66 57 84 16 84 406 
19 55 84 55 18 20 275 
84 75 85 75 10 44 264 
43 25 90 91 94 96 129 
24 35 102 34 54 10 294 
23 29 26 6 33 74 214 
63 9 95 98 29 44 251 
25 73 69 29 14 4 108 
44 69 95 24 90 70 391 
22 85 24 67 12 97 251 
48 61 72 80 72 14 326 
17 97 95 67 54 72 401 
64 35 6 41 8 48 324 
62 33 84 45 5 58 166 
26 73 34 19 49 102 318 
14 99 52 44 92 48 109 
74 102 59 38 100 99 240 
52 19 27 6 51 84 349 
30 90 37 69 58 41 371 
26 63 49 8 72 23 204 
38 57 99 18 102 55 359 
