8 2
250
41 70 52 98 22 7 7 79 395 
29 78 18 45 25 52 55 22 227 
97 58 34 23 16 76 45 22 229 
51 63 60 54 22 35 56 46 317 
68 4 51 75 22 44 36 45 242 
58 95 71 86 52 35 41 39 371 
70 20 56 78 55 101 51 57 70 
41 77 57 85 91 81 75 89 77 
8 24 37 92 89 73 17 89 114 
89 67 12 27 15 86 44 88 106 
26 92 51 52 26 67 27 97 280 
6 76 5 92 14 65 16 35 64 
57 80 34 85 64 68 74 65 371 
9 16 64 74 42 5 56 51 398 
72 59 100 73 67 94 4 13 55 
26 98 55 49 13 82 70 89 34 
96 43 30 84 80 63 76 20 332 
9 34 35 2 39 65 67 46 311 
19 87 15 42 82 52 55 50 272 
40 62 5 83 6 56 98 62 34 
71 89 81 39 99 48 12 98 324 
82 26 62 92 84 69 6 53 11 
96 55 63 80 31 32 96 38 241 
81 27 30 82 7 79 57 98 233 
99 82 90 69 32 87 73 75 97 
9 50 80 38 79 54 53 3 28 
49 94 60 50 45 63 89 34 287 
53 102 22 85 37 87 12 9 290 
16 30 25 78 9 58 9 90 360 
83 45 50 78 30 6 72 10 20 
101 51 39 29 81 100 16 22 300 
6 26 15 95 28 73 83 39 300 
85 73 87 4 44 57 74 9 364 
24 77 74 18 14 30 83 13 236 
36 89 50 27 63 88 85 5 262 
78 90 18 80 97 93 32 90 149 
22 99 9 84 57 75 11 94 187 
4 90 13 87 14 18 15 50 205 
27 60 12 101 21 41 93 99 76 
75 46 82 82 88 27 93 63 59 
52 54 35 77 18 71 43 83 62 
55 93 79 2 66 49 43 7 123 
28 23 80 70 93 60 57 38 197 
67 23 4 88 96 52 4 65 391 
19 52 44 43 60 40 26 41 27 
43 75 82 35 41 83 97 67 166 
38 84 63 77 23 81 23 78 244 
15 68 99 28 101 3 53 26 224 
89 87 65 41 46 54 54 15 260 
70 34 84 23 93 31 12 67 332 
37 45 31 65 22 84 80 14 296 
11 17 76 81 84 17 28 10 324 
79 99 39 10 25 10 18 55 181 
79 94 77 70 18 35 22 18 332 
28 27 67 83 63 35 82 45 400 
91 92 51 70 97 86 52 35 280 
46 29 22 23 49 69 40 3 83 
99 44 101 43 60 68 35 3 339 
16 98 38 7 30 82 12 28 259 
97 12 99 93 20 86 67 78 366 
63 6 79 100 45 62 15 85 6 
102 50 33 85 36 96 3 37 151 
34 41 100 42 14 23 6 45 373 
25 8 25 17 79 84 79 74 394 
8 18 55 78 94 48 81 12 320 
34 13 78 5 93 85 49 34 153 
94 24 94 59 96 101 70 92 311 
80 87 74 51 9 64 99 97 80 
85 58 49 54 63 4 45 74 132 
18 21 18 43 70 46 47 87 207 
6 51 24 56 10 4 72 4 105 
9 85 7 16 8 98 65 66 312 
92 41 63 92 16 24 69 54 288 
62 39 19 29 6 24 14 95 189 
99 31 50 47 84 61 79 38 365 
29 4 15 22 80 6 70 57 187 
91 16 37 3 89 58 33 11 266 
11 81 80 85 4 15 51 69 142 
31 47 59 4 16 80 34 42 206 
59 42 61 14 61 52 78 24 322 
13 98 44 94 16 75 96 70 231 
13 46 102 2 73 13 72 41 42 
91 89 2 58 71 49 7 76 282 
8 98 22 31 9 82 37 40 288 
94 39 33 86 11 48 24 23 391 
52 59 71 50 45 22 42 89 145 
80 57 29 98 88 41 6 90 292 
38 84 39 22 68 35 43 80 12 
81 7 80 57 36 49 53 57 72 
102 60 56 2 91 22 47 58 340 
45 99 53 94 81 23 76 88 160 
61 32 94 39 9 67 20 63 335 
59 26 22 82 47 33 24 7 123 
20 38 95 19 77 11 51 99 331 
54 89 28 60 82 51 10 94 102 
28 65 52 91 85 30 40 90 134 
65 65 54 21 72 77 93 59 204 
48 44 57 84 89 12 86 68 304 
58 101 46 74 74 55 9 99 171 
81 31 55 67 81 89 79 89 142 
31 35 19 53 69 25 101 65 204 
71 45 78 42 7 19 56 84 363 
91 93 94 101 14 75 35 13 116 
98 83 65 70 7 3 78 57 136 
59 7 34 22 75 11 5 39 219 
68 41 26 39 13 99 100 90 389 
45 33 22 46 20 58 97 5 335 
88 4 40 77 67 52 86 99 315 
59 70 21 85 97 77 22 69 296 
6 62 71 69 71 19 7 35 99 
15 15 89 79 27 72 29 19 148 
17 93 76 75 55 17 22 44 82 
79 62 37 47 27 53 85 93 178 
15 21 34 23 72 34 28 73 341 
92 82 45 51 58 80 41 6 311 
100 33 9 57 49 30 100 31 297 
91 69 90 39 95 36 28 16 399 
6 97 24 44 49 83 33 32 251 
78 30 7 59 8 22 76 87 245 
38 60 74 7 25 43 61 40 19 
97 55 89 11 24 43 83 37 40 
57 58 86 28 26 19 68 23 6 
70 34 63 70 64 10 77 92 232 
28 101 74 83 85 11 79 38 314 
77 70 7 65 78 73 13 22 121 
78 13 36 57 40 3 42 93 25 
46 29 93 81 36 34 87 57 148 
39 76 75 76 51 89 43 94 220 
98 7 58 91 59 45 81 101 325 
24 73 63 73 43 93 6 35 39 
88 98 36 75 81 23 37 76 187 
58 4 64 49 16 49 50 46 355 
51 56 72 50 102 38 55 64 345 
77 69 35 84 73 17 80 56 391 
22 25 28 37 56 85 99 25 396 
20 77 59 16 25 98 7 56 323 
41 40 98 100 22 19 38 62 32 
15 76 33 49 71 62 53 30 90 
63 16 2 89 53 79 41 37 355 
30 63 46 39 79 18 38 41 67 
102 24 5 11 101 96 78 87 199 
68 73 9 99 65 97 77 45 165 
81 55 89 21 61 87 32 11 402 
66 78 99 17 12 31 46 53 24 
21 54 17 8 13 68 30 74 264 
82 33 100 50 64 36 78 59 354 
31 83 65 20 82 92 98 14 37 
53 53 62 79 55 14 92 58 373 
27 75 44 23 93 89 22 51 317 
2 17 16 65 41 55 45 17 288 
45 3 74 27 12 101 60 79 88 
6 5 80 88 61 8 44 53 345 
47 10 92 78 100 32 14 97 395 
97 90 15 9 37 40 44 49 222 
21 101 64 45 65 16 68 18 191 
102 16 59 10 23 90 71 100 33 
83 69 6 44 15 17 4 65 363 
11 99 70 42 47 14 54 25 212 
24 4 46 78 12 84 86 15 331 
42 89 69 27 41 39 32 63 329 
53 79 89 49 42 2 27 59 79 
80 61 72 47 57 100 38 49 389 
65 7 58 24 60 102 36 64 310 
24 86 60 33 12 86 33 4 190 
67 77 64 46 53 55 65 8 220 
13 97 34 71 91 94 44 69 228 
26 31 21 89 15 80 27 5 301 
63 49 51 88 16 56 53 73 293 
35 22 57 5 61 54 48 25 273 
46 54 96 69 92 46 30 9 298 
29 80 64 86 21 49 82 4 241 
7 28 84 80 20 21 22 10 192 
3 23 72 69 42 92 13 83 209 
81 96 59 7 59 8 83 26 377 
12 52 3 9 26 59 96 44 396 
87 68 36 78 48 84 99 29 354 
5 63 40 74 74 40 98 2 35 
4 101 70 77 100 96 28 13 240 
48 96 99 15 75 101 95 28 64 
19 6 50 77 11 32 22 79 260 
56 40 79 64 13 25 51 94 173 
31 12 70 42 51 38 25 53 138 
92 92 90 41 81 48 25 81 395 
62 28 93 40 57 23 32 74 298 
83 86 84 75 66 83 59 66 67 
50 79 56 14 54 60 99 32 354 
78 17 60 33 41 34 29 90 268 
53 93 57 49 12 80 65 44 273 
53 18 28 8 84 17 32 78 13 
45 50 76 35 43 27 36 56 232 
17 52 47 52 49 78 18 8 299 
63 2 68 79 51 12 93 48 57 
62 72 35 45 3 66 31 86 164 
93 20 52 32 15 58 23 50 376 
24 3 72 52 93 79 44 71 307 
38 68 101 66 44 98 14 76 345 
25 73 50 83 23 64 38 26 357 
25 33 89 13 58 3 20 71 184 
46 12 81 59 3 34 91 95 76 
43 30 79 56 20 42 73 100 313 
46 43 82 9 16 69 91 21 157 
90 28 12 100 47 74 53 70 260 
8 69 72 18 94 30 46 97 393 
13 71 15 50 41 60 26 77 118 
67 38 98 14 70 84 96 3 275 
10 45 85 6 5 53 78 68 128 
8 30 50 54 65 21 72 80 203 
27 42 89 54 76 73 46 88 130 
70 95 101 90 24 94 63 38 216 
15 9 68 64 74 75 29 20 192 
82 15 75 79 44 92 35 71 250 
82 58 71 14 63 19 21 10 298 
34 20 8 59 93 29 68 59 293 
85 65 70 16 27 57 26 66 297 
61 93 53 12 58 55 33 82 328 
86 3 48 51 45 66 2 97 4 
43 25 25 48 12 87 20 51 24 
95 69 33 16 90 99 46 63 72 
24 24 64 55 28 12 49 85 228 
28 37 22 7 15 32 57 85 166 
52 15 83 68 94 9 50 40 57 
52 72 15 51 6 84 48 80 298 
40 90 99 14 101 30 32 94 61 
87 90 56 3 61 7 58 96 196 
38 58 33 58 7 91 99 99 53 
44 79 32 40 60 37 59 19 389 
45 40 16 55 38 101 94 65 202 
62 51 13 10 95 12 37 12 92 
44 85 85 10 17 4 17 89 66 
87 49 32 21 46 44 12 15 232 
36 85 22 34 66 45 42 39 197 
3 36 86 22 5 50 14 17 139 
14 37 24 14 40 51 85 9 65 
21 42 7 71 100 82 55 3 110 
4 13 21 42 71 80 56 16 217 
34 66 46 84 9 31 11 99 318 
36 24 47 73 50 58 29 23 395 
45 34 38 6 69 4 23 12 19 
17 74 68 46 61 26 98 54 177 
73 39 36 78 62 3 4 21 324 
83 32 65 65 15 50 83 13 332 
19 29 100 44 63 98 27 96 103 
13 92 65 23 78 98 15 58 343 
65 68 74 37 5 50 25 42 327 
44 53 61 20 65 50 45 81 101 
47 31 78 39 54 69 78 92 119 
18 62 57 68 52 59 66 20 182 
11 84 27 52 21 23 18 85 174 
68 95 29 17 80 99 74 70 108 
10 28 17 7 61 14 21 9 326 
