6 6
250
47 84 74 85 90 14 772 
79 99 58 65 61 32 1083 
97 75 96 82 38 35 645 
58 42 69 49 15 7 727 
73 42 43 2 58 5 1000 
80 52 54 60 54 23 623 
33 33 61 69 77 48 977 
28 56 82 67 34 45 1086 
44 7 39 77 8 6 80 
58 17 65 5 29 9 212 
25 44 25 86 14 4 311 
12 10 81 40 61 82 554 
88 63 37 26 62 95 447 
47 18 85 47 20 46 910 
18 98 66 50 42 65 41 
14 59 83 23 43 65 389 
99 59 40 49 26 63 857 
56 30 82 70 16 83 947 
28 42 41 96 59 53 1154 
14 17 92 21 19 44 915 
6 57 5 21 32 7 590 
60 47 100 96 85 6 759 
70 86 82 28 84 28 1048 
19 43 29 86 14 39 1049 
44 50 30 9 21 97 606 
75 79 51 86 78 31 830 
97 43 2 76 49 34 531 
33 12 96 37 18 91 1069 
15 79 37 19 69 64 205 
99 72 89 66 11 15 1163 
10 33 43 8 99 20 266 
102 28 12 68 7 44 135 
40 36 74 5 8 64 734 
2 16 69 11 69 53 1207 
74 15 12 40 22 50 284 
81 54 32 22 73 68 165 
52 27 53 64 22 8 718 
37 17 63 5 52 37 97 
19 76 99 32 69 25 348 
15 102 30 87 96 90 724 
84 44 85 37 98 49 611 
91 18 48 49 47 42 445 
100 51 37 71 15 17 764 
80 35 92 7 45 87 457 
28 25 79 28 20 102 656 
75 80 70 56 90 60 344 
61 53 85 23 85 94 183 
53 95 18 83 74 99 49 
11 95 32 56 64 15 771 
94 71 23 30 42 85 307 
73 69 17 27 59 36 239 
84 9 85 62 95 24 921 
32 64 47 47 5 52 781 
86 40 2 29 47 67 815 
84 64 96 45 11 92 973 
28 2 58 17 64 87 339 
88 49 96 71 92 90 758 
9 78 84 40 35 63 1064 
31 17 100 14 71 55 1223 
47 92 19 86 35 98 49 
63 91 32 43 67 38 1200 
93 8 60 57 79 7 913 
88 14 7 78 31 95 1192 
87 60 5 95 34 30 503 
60 79 87 60 94 60 564 
89 54 99 70 27 91 473 
11 42 59 94 50 27 729 
80 14 9 6 5 8 936 
33 29 50 35 11 59 406 
31 75 100 87 49 31 1208 
62 10 11 6 6 61 924 
21 48 3 86 4 84 973 
67 80 56 91 54 72 693 
27 51 36 18 34 7 990 
68 61 9 3 99 63 228 
6 101 2 101 50 3 148 
83 49 52 8 77 56 775 
97 46 98 97 61 44 426 
61 76 89 74 55 97 640 
89 96 84 7 23 63 753 
81 55 91 6 71 47 542 
5 87 12 58 54 20 873 
17 12 8 40 21 86 553 
26 15 29 96 8 62 1144 
55 70 3 57 95 4 196 
93 9 93 93 100 92 688 
92 79 18 4 79 83 881 
86 78 70 4 79 18 672 
42 64 12 64 87 53 614 
19 11 4 61 18 57 303 
5 17 49 23 95 91 428 
38 14 95 31 81 24 840 
94 35 55 18 87 63 620 
47 83 30 15 42 8 888 
70 16 45 63 28 49 988 
63 22 83 86 29 22 49 
52 19 35 8 31 83 314 
78 51 45 32 96 76 714 
36 21 10 56 85 64 837 
100 52 70 55 76 90 377 
15 73 34 60 43 49 1161 
66 98 9 13 27 49 1129 
67 101 33 33 75 24 335 
3 75 32 46 60 38 642 
69 67 55 57 96 97 766 
80 14 74 55 29 65 848 
25 4 45 60 17 78 404 
53 39 24 3 67 5 145 
101 4 16 86 13 44 1191 
33 56 58 33 54 32 1068 
90 61 80 48 61 60 956 
73 89 88 44 61 22 199 
30 33 56 30 93 53 968 
12 60 72 18 23 74 1136 
50 89 29 65 48 48 777 
80 46 57 8 47 36 343 
17 30 43 54 25 83 30 
25 4 5 63 81 10 954 
2 10 31 40 88 87 279 
102 61 81 15 76 55 618 
89 101 24 48 19 53 1160 
33 30 67 100 93 93 309 
88 27 5 69 39 88 948 
37 28 70 61 50 7 190 
71 65 41 51 31 54 443 
5 83 17 64 59 85 854 
82 67 42 97 97 100 172 
36 78 48 38 69 75 630 
75 56 89 71 48 81 754 
67 28 51 64 41 91 1008 
46 90 7 82 4 10 676 
63 30 66 56 10 3 435 
89 95 15 63 81 87 377 
29 30 95 13 6 10 183 
40 93 35 58 10 34 1100 
90 42 58 67 67 98 140 
28 25 17 40 80 28 966 
35 38 3 62 6 54 208 
62 14 71 101 101 42 281 
39 33 100 101 72 48 1208 
55 59 99 15 90 21 18 
7 80 75 28 84 38 63 
57 35 98 6 82 75 338 
30 89 68 68 58 90 1088 
94 19 41 10 82 82 990 
82 6 48 18 34 18 681 
36 99 75 19 6 20 1004 
100 4 97 92 75 73 303 
72 33 50 35 33 14 158 
63 35 20 4 58 26 921 
30 52 90 50 59 74 1147 
92 95 50 54 73 9 1150 
18 46 20 10 11 58 120 
75 101 85 3 5 45 901 
65 57 18 51 96 9 854 
54 9 44 17 101 33 980 
40 101 83 62 8 21 550 
91 102 96 49 70 68 676 
53 7 49 56 31 22 327 
40 35 5 79 2 26 783 
39 78 94 12 27 32 437 
102 4 43 100 26 31 907 
57 24 4 28 43 17 18 
4 98 63 72 13 55 1221 
68 80 85 7 97 83 636 
26 3 39 44 38 22 623 
4 8 59 7 93 55 1013 
13 3 53 61 12 65 431 
82 33 41 17 78 38 412 
26 59 94 31 50 24 383 
22 67 85 7 97 52 1222 
92 7 67 21 3 19 679 
79 34 48 87 20 19 539 
72 100 30 62 86 19 957 
50 66 78 46 32 54 1108 
38 70 56 17 14 37 1105 
29 76 98 77 21 80 576 
27 48 46 31 7 89 619 
69 58 47 13 35 24 510 
42 91 77 73 68 67 502 
66 94 72 8 84 56 529 
25 34 87 67 41 33 284 
20 34 16 27 66 42 850 
14 11 5 81 16 51 1059 
87 22 7 55 15 8 745 
56 76 25 26 36 9 535 
25 63 48 96 93 21 273 
59 63 48 3 27 74 639 
86 69 29 70 7 59 465 
14 82 14 28 27 64 791 
60 93 3 33 35 28 1088 
50 59 87 25 32 66 346 
61 61 54 90 37 11 854 
9 98 58 31 53 8 140 
83 37 70 68 58 60 1215 
72 46 73 94 48 65 445 
12 44 47 77 94 12 650 
23 62 40 92 56 97 629 
97 47 4 84 22 80 815 
24 19 59 76 9 31 1093 
17 83 98 91 47 35 1182 
55 13 56 60 98 60 742 
77 32 77 5 65 50 910 
101 71 12 28 88 72 1077 
27 90 3 87 83 66 72 
80 43 4 10 63 57 515 
37 50 26 26 21 8 576 
88 84 73 46 83 17 195 
15 88 65 62 66 11 344 
25 55 75 17 97 57 1188 
91 75 97 3 95 34 788 
23 89 4 68 66 43 480 
7 32 43 102 51 92 803 
58 41 50 100 48 16 145 
97 52 11 27 53 52 1192 
11 78 45 90 85 53 1122 
101 64 95 102 70 91 218 
26 34 17 48 67 33 411 
37 48 6 49 20 55 323 
38 94 44 15 93 44 1179 
55 101 14 68 40 76 690 
79 57 100 80 27 96 870 
21 96 81 88 20 66 909 
32 41 42 66 101 67 772 
71 53 89 79 49 23 863 
35 5 82 29 60 79 708 
93 8 71 95 61 57 216 
100 65 29 75 80 24 282 
61 74 4 42 10 95 97 
6 13 4 80 75 3 1047 
93 101 62 63 89 18 481 
36 74 73 42 12 47 867 
90 62 6 72 101 50 904 
33 80 89 51 86 52 1068 
97 69 17 88 57 34 91 
66 69 14 93 8 86 316 
2 32 101 100 50 39 192 
53 100 10 75 55 14 736 
23 75 14 5 68 54 477 
6 58 56 58 15 66 297 
95 94 81 96 66 50 378 
50 90 53 38 15 74 542 
71 9 15 3 22 49 535 
97 2 90 41 34 89 1173 
76 47 45 36 75 93 702 
8 32 82 91 66 31 887 
87 63 69 55 82 97 432 
51 43 56 95 18 83 1208 
94 93 56 34 63 37 907 
44 10 4 42 82 89 777 
