8 2
250
39 45 39 24 18 46 66 10 387 
4 64 51 94 64 57 43 8 153 
43 21 21 35 73 58 63 16 404 
101 6 88 20 33 56 101 97 99 
8 27 27 79 9 6 48 48 391 
85 25 22 26 21 71 31 36 373 
11 6 74 83 62 4 47 67 18 
11 87 33 97 95 69 34 37 328 
15 66 14 17 89 27 63 80 370 
81 77 87 19 90 100 64 91 370 
54 27 67 24 34 44 2 39 249 
67 90 32 55 94 86 91 19 283 
81 97 19 49 22 84 14 68 368 
21 94 99 35 35 6 79 82 46 
17 92 34 72 16 53 66 98 370 
63 28 84 3 30 74 30 85 386 
75 7 6 85 13 69 54 83 182 
66 33 57 28 78 15 75 76 109 
39 11 82 68 85 27 93 53 163 
10 20 66 27 7 52 11 5 307 
9 34 82 68 21 35 8 2 263 
38 36 52 72 30 56 47 93 304 
16 9 24 81 94 62 29 46 259 
82 41 28 7 19 75 39 68 173 
49 73 92 49 62 84 62 57 70 
92 40 92 12 82 16 78 97 393 
55 29 41 22 41 77 72 28 249 
40 34 19 79 34 64 14 101 83 
86 69 49 42 21 39 45 39 27 
76 72 62 15 31 24 78 87 160 
5 29 35 18 79 36 24 24 97 
102 14 7 30 99 83 96 93 114 
51 15 10 4 79 3 70 98 228 
3 27 5 97 3 50 25 12 295 
90 71 92 15 20 99 16 45 105 
3 48 75 81 21 40 96 29 292 
33 2 51 33 49 83 80 23 395 
23 6 13 59 7 90 11 8 94 
40 38 97 13 90 36 78 70 206 
85 24 8 67 3 76 78 94 41 
25 58 24 11 37 100 2 95 160 
16 46 43 87 72 15 17 59 373 
79 22 14 17 57 82 33 98 400 
92 58 6 39 83 15 80 88 204 
3 31 3 99 13 97 97 63 100 
11 99 55 96 52 46 85 102 294 
100 10 3 44 80 41 101 12 155 
37 79 65 30 9 85 65 16 115 
92 81 11 19 22 96 58 24 401 
47 99 7 61 56 83 43 82 321 
51 61 53 63 100 3 60 62 343 
63 83 92 72 33 38 18 94 86 
65 83 90 9 89 58 43 56 55 
34 78 25 84 89 29 7 16 225 
79 31 83 10 61 62 12 96 166 
10 78 68 71 45 64 62 80 406 
93 44 74 97 22 46 90 27 344 
63 82 96 65 67 19 83 42 258 
41 57 24 30 99 94 18 35 321 
49 65 35 63 23 10 29 16 297 
85 84 11 39 22 36 78 51 60 
48 47 13 51 90 5 101 23 99 
80 65 46 82 81 90 67 43 256 
53 2 61 88 38 53 46 101 239 
56 4 36 90 55 51 80 72 357 
70 100 77 32 63 2 86 51 210 
30 5 4 23 74 81 73 26 199 
58 62 11 62 7 92 47 47 79 
92 92 12 98 4 11 2 99 176 
90 24 41 60 4 88 102 18 391 
58 36 32 57 19 30 2 24 44 
80 10 94 87 87 18 83 97 243 
43 35 3 95 22 77 39 85 13 
11 99 60 25 62 92 96 91 48 
91 37 75 84 97 81 101 24 362 
53 5 39 25 79 9 29 60 338 
97 65 15 56 20 36 28 93 104 
54 57 50 5 93 98 7 94 246 
88 62 39 23 96 100 89 88 327 
68 88 22 53 98 4 9 101 109 
100 37 18 42 58 6 56 48 276 
42 50 14 43 20 87 49 43 402 
47 76 70 17 70 34 55 62 22 
7 3 61 49 98 95 71 9 234 
46 48 6 35 69 50 33 48 157 
70 27 70 37 6 57 5 63 103 
60 85 69 86 89 98 102 52 185 
10 96 54 21 74 13 30 5 390 
97 14 9 22 87 24 96 87 144 
39 72 100 7 46 36 70 13 99 
92 61 61 10 35 19 5 24 215 
88 51 55 59 9 3 61 10 201 
20 40 100 47 92 3 63 65 327 
49 6 52 20 54 63 89 40 181 
38 89 81 92 19 65 71 10 149 
84 82 64 99 48 37 87 52 299 
28 47 71 60 49 72 39 58 76 
4 71 99 95 72 72 58 25 88 
72 30 23 38 78 84 67 82 339 
20 52 60 17 34 4 89 64 377 
77 80 43 11 54 64 46 69 162 
41 91 12 94 43 25 16 17 90 
55 92 71 89 95 69 89 22 23 
62 89 38 98 7 10 79 84 183 
83 63 78 61 93 11 45 29 370 
75 27 12 38 3 19 82 37 294 
25 90 88 76 23 35 59 87 324 
5 45 85 5 17 61 80 36 222 
48 96 100 62 46 68 78 17 385 
97 26 89 21 18 73 38 56 383 
61 9 42 45 4 9 32 42 342 
9 72 12 53 60 69 65 36 168 
76 66 46 21 99 8 41 63 247 
95 86 29 15 69 63 67 21 110 
16 5 94 93 31 6 84 71 183 
86 46 68 21 58 84 32 64 367 
52 42 12 36 6 43 48 40 228 
58 97 6 51 88 41 43 51 127 
51 84 37 42 39 30 64 56 72 
96 75 30 48 85 6 73 17 324 
19 83 101 53 47 94 51 28 305 
43 37 60 29 81 10 53 82 327 
57 13 5 84 74 52 25 54 264 
30 13 13 101 80 73 62 26 278 
33 100 39 45 93 13 55 23 81 
61 69 96 22 96 5 26 18 19 
79 37 11 52 30 95 29 23 64 
65 44 59 89 70 57 42 22 336 
45 15 22 94 30 53 32 66 349 
72 10 18 11 77 64 69 85 363 
61 84 72 46 18 72 98 92 322 
64 74 101 41 83 77 22 83 15 
86 87 9 60 22 65 9 59 55 
101 56 69 97 22 87 68 83 156 
14 101 99 52 98 40 74 70 377 
89 33 29 44 90 96 61 85 400 
84 3 64 9 39 60 59 99 147 
14 69 55 16 76 102 39 11 337 
8 37 91 70 88 53 73 22 109 
88 59 68 75 38 39 89 85 326 
78 7 63 41 94 101 5 62 7 
42 74 59 29 7 82 13 55 197 
11 16 17 13 38 19 34 73 165 
72 41 33 18 29 92 22 63 18 
23 69 44 92 68 28 52 33 197 
71 61 54 88 64 85 91 80 283 
67 67 70 46 9 23 61 35 89 
73 26 47 69 9 46 78 92 350 
8 20 50 92 62 7 71 65 52 
90 85 79 49 29 52 23 57 390 
38 79 63 23 34 35 6 82 31 
5 4 53 10 12 74 100 85 243 
23 77 7 65 77 46 11 73 204 
46 25 99 97 48 54 50 42 53 
27 87 89 18 88 83 100 68 249 
63 82 75 7 52 47 92 102 325 
93 75 4 19 14 63 85 62 232 
13 10 58 101 62 72 61 75 400 
75 7 92 26 67 12 85 50 372 
79 41 75 54 7 48 75 60 275 
13 11 75 28 34 28 26 90 238 
7 64 22 5 48 79 49 20 386 
92 69 10 94 35 66 72 8 84 
85 61 4 11 28 4 5 51 262 
27 49 75 66 102 79 53 80 352 
73 76 95 98 7 90 54 85 371 
61 21 77 11 58 28 8 43 119 
58 98 38 20 102 99 15 24 290 
23 28 69 33 43 57 79 101 132 
29 89 55 17 59 45 13 46 123 
91 17 92 49 60 61 50 98 335 
53 55 77 98 85 86 19 32 233 
26 30 80 22 34 60 96 81 219 
78 43 41 94 9 57 69 27 28 
82 76 70 9 85 47 75 28 186 
59 33 7 72 100 29 88 89 69 
54 71 85 35 55 82 8 75 223 
45 61 48 21 31 60 79 38 229 
91 19 46 35 49 8 14 39 197 
51 8 46 14 8 22 41 18 229 
25 50 23 90 4 13 93 32 277 
101 40 4 49 95 63 73 99 286 
74 21 24 79 22 18 34 59 274 
13 33 55 28 82 15 4 56 362 
37 3 17 35 44 18 40 15 404 
48 4 15 84 44 10 52 69 395 
36 48 29 7 58 46 46 82 406 
17 75 59 91 47 41 74 38 391 
57 41 79 8 41 9 19 88 227 
56 30 91 47 78 16 18 70 35 
63 31 47 73 92 64 19 25 167 
43 59 59 76 12 8 15 97 114 
22 30 9 22 90 73 91 92 212 
12 72 98 46 75 79 33 13 30 
53 86 51 16 91 18 69 78 120 
101 81 20 86 34 83 88 98 164 
3 43 43 76 84 101 12 8 219 
46 100 86 82 46 101 101 64 46 
80 8 41 93 56 14 43 92 45 
36 29 40 17 59 78 39 31 285 
68 78 5 52 6 85 64 24 318 
47 21 37 21 87 72 72 10 370 
3 13 90 31 35 93 91 79 324 
17 31 43 10 45 17 31 35 350 
10 30 4 58 30 33 37 98 292 
77 16 44 70 47 51 88 38 77 
84 39 45 13 63 29 5 49 381 
39 39 78 23 92 54 86 64 325 
91 46 84 59 96 39 22 16 256 
39 49 86 94 24 9 98 50 391 
44 99 69 77 55 83 40 100 241 
97 57 26 92 86 85 72 99 374 
38 27 45 8 93 49 66 68 407 
11 47 17 71 26 44 58 44 264 
14 16 93 3 21 99 80 27 242 
40 49 65 3 24 27 17 62 92 
55 38 8 22 12 89 84 31 214 
45 28 32 84 35 44 21 59 336 
2 37 9 48 30 68 90 28 77 
38 10 26 92 56 66 22 6 25 
60 94 6 6 21 92 47 37 402 
31 58 16 23 85 66 45 17 103 
18 8 10 42 33 86 71 47 87 
31 56 75 68 64 32 38 62 267 
81 98 18 19 4 96 70 62 285 
6 17 27 61 49 41 41 7 397 
100 20 63 22 37 76 71 18 331 
28 65 96 86 87 24 101 67 79 
11 100 7 16 74 74 17 67 123 
98 72 9 36 29 59 35 40 174 
6 61 63 44 51 88 15 44 395 
78 22 32 5 62 84 22 33 27 
95 86 48 91 7 73 46 75 190 
76 94 38 39 53 49 82 97 25 
60 69 52 21 3 32 77 41 182 
102 94 12 27 16 98 53 42 223 
99 17 56 92 99 78 42 41 205 
63 41 71 86 26 67 79 64 259 
58 76 85 17 16 68 28 47 329 
39 52 80 42 88 13 94 85 324 
54 69 72 76 81 64 82 16 4 
78 18 71 47 50 54 35 97 271 
74 83 3 90 66 54 97 5 364 
74 23 55 59 93 43 88 27 385 
96 84 97 22 37 2 68 53 119 
14 94 4 27 9 93 47 23 10 
80 65 5 20 81 78 75 10 379 
49 20 27 30 61 25 60 41 55 
74 53 48 3 25 16 25 85 47 
90 49 16 65 14 73 41 10 252 
