4 4
250
74 46 75 89 160 
51 5 48 55 258 
54 68 69 25 752 
2 31 56 13 764 
82 60 63 30 811 
74 20 36 100 403 
43 65 27 33 791 
17 58 81 102 193 
43 9 30 57 679 
91 60 94 53 630 
77 17 64 23 598 
16 85 47 89 388 
33 71 50 6 734 
91 43 37 28 628 
46 53 56 90 431 
75 32 8 47 85 
16 28 85 23 603 
28 3 6 60 677 
35 13 93 54 754 
74 60 27 67 768 
50 25 68 76 268 
27 63 76 71 3 
86 78 2 79 276 
7 88 30 32 518 
90 39 79 45 361 
36 61 4 98 657 
17 7 43 53 506 
93 61 10 90 401 
68 29 37 60 806 
58 12 16 21 711 
88 33 97 3 50 
13 47 26 32 807 
67 61 81 90 696 
81 37 52 17 350 
48 80 42 83 798 
64 4 22 46 717 
26 47 85 11 770 
86 12 42 47 417 
48 37 80 91 683 
8 50 49 75 161 
23 62 101 78 335 
11 93 16 6 362 
11 28 82 44 613 
22 78 72 96 10 
71 97 7 66 791 
13 101 52 99 746 
16 57 49 26 542 
65 48 9 70 699 
95 98 38 3 347 
22 58 38 16 519 
32 80 55 74 415 
28 58 37 81 249 
11 43 19 14 251 
55 80 58 78 98 
76 71 4 10 64 
74 61 6 24 627 
57 66 38 36 500 
38 4 78 76 327 
10 14 30 39 624 
55 82 26 72 728 
44 2 62 4 733 
63 77 47 66 639 
70 54 15 4 615 
48 6 85 53 773 
53 5 84 38 36 
64 43 67 34 447 
95 36 36 35 288 
57 6 36 46 816 
62 59 14 97 588 
58 101 28 64 252 
51 98 75 77 315 
41 20 26 100 228 
22 12 15 11 697 
36 20 82 69 168 
44 72 41 53 282 
95 93 89 66 394 
65 18 5 3 51 
99 63 61 96 786 
39 82 38 18 654 
52 46 4 12 314 
40 21 61 44 725 
80 59 24 43 369 
49 33 62 52 529 
6 9 14 5 724 
75 61 88 73 681 
64 36 25 73 687 
51 91 79 28 82 
46 59 64 14 227 
42 41 20 51 401 
8 23 88 53 618 
45 34 101 23 536 
81 35 90 60 223 
46 36 53 59 784 
60 56 36 42 170 
49 47 2 78 401 
36 43 38 24 633 
43 51 74 97 333 
19 92 58 62 250 
13 71 6 87 683 
8 89 63 55 741 
54 89 47 33 233 
100 34 25 74 259 
40 99 68 83 702 
97 63 58 18 646 
70 101 76 12 84 
80 43 17 94 351 
49 83 85 33 214 
56 5 43 69 346 
87 69 86 31 756 
15 5 25 101 722 
47 33 47 76 188 
55 15 38 23 412 
59 19 33 31 693 
59 16 37 57 258 
94 22 91 76 768 
3 17 47 19 788 
77 20 18 6 800 
17 38 11 10 597 
43 70 23 19 695 
70 38 56 46 290 
102 71 70 70 788 
27 44 73 82 182 
40 70 21 26 619 
41 3 29 33 570 
23 7 29 84 735 
26 101 74 91 213 
67 63 3 84 792 
8 52 50 9 601 
75 67 31 88 288 
75 51 99 43 378 
69 10 25 76 117 
97 44 89 80 589 
27 72 84 56 467 
79 69 39 29 569 
91 55 22 60 792 
58 77 43 48 137 
77 5 33 45 480 
58 40 29 70 20 
66 65 73 37 397 
5 85 77 31 472 
9 14 72 73 466 
17 90 67 79 475 
21 3 42 63 788 
24 41 42 97 8 
42 41 71 27 46 
28 84 87 11 770 
75 2 14 91 82 
65 35 62 88 361 
70 74 52 12 676 
65 24 12 40 216 
66 46 82 30 149 
69 45 47 68 251 
35 5 58 85 696 
21 91 54 53 273 
91 80 56 53 266 
70 91 62 44 345 
6 74 49 85 249 
31 22 86 73 347 
22 90 97 57 93 
68 18 70 26 521 
76 73 61 7 303 
88 92 31 98 413 
80 85 5 26 219 
63 58 75 54 458 
101 7 83 11 107 
3 86 101 42 545 
54 23 37 80 555 
35 15 44 48 364 
42 93 90 22 523 
39 87 73 30 408 
12 45 18 70 530 
71 92 52 94 294 
4 93 91 31 808 
59 50 27 58 762 
50 16 29 10 135 
10 19 63 47 619 
18 15 73 92 462 
11 8 69 15 809 
46 65 52 12 348 
51 4 61 23 58 
91 62 17 37 13 
99 17 10 54 467 
54 31 8 18 163 
91 22 101 75 736 
53 83 13 59 406 
88 66 19 67 548 
8 60 42 40 707 
58 100 38 91 488 
95 100 17 58 389 
17 59 35 92 436 
31 5 89 33 453 
10 51 60 87 128 
35 100 45 87 422 
95 91 70 32 521 
93 86 12 15 789 
56 67 57 11 283 
31 33 29 14 309 
4 74 11 84 639 
9 42 53 75 221 
97 57 32 7 442 
28 91 5 29 508 
48 95 76 36 16 
45 95 51 53 709 
4 73 33 49 403 
24 82 87 54 461 
54 35 39 88 12 
100 37 53 57 67 
41 29 3 52 751 
11 100 77 83 290 
16 92 102 88 201 
26 27 85 57 264 
49 6 54 72 87 
15 58 90 35 29 
10 45 96 45 389 
77 72 83 57 326 
26 7 7 18 347 
63 35 53 63 627 
76 54 97 25 501 
37 77 32 41 649 
56 12 44 79 226 
73 98 59 41 402 
56 46 30 18 68 
44 101 38 30 403 
81 7 28 58 242 
58 50 73 83 101 
2 42 44 78 702 
16 66 30 91 583 
67 78 14 14 187 
32 26 82 17 162 
38 41 5 92 2 
51 85 87 50 582 
25 27 78 29 401 
16 4 54 32 766 
80 74 49 58 690 
5 95 16 36 809 
35 70 58 64 620 
63 39 54 78 304 
33 80 82 19 392 
42 2 87 65 73 
31 73 52 23 341 
67 95 48 7 788 
58 71 54 51 317 
57 71 16 53 722 
79 52 79 94 514 
102 94 32 10 368 
5 10 53 27 577 
63 20 37 22 94 
70 93 48 81 663 
64 29 33 81 756 
73 88 37 77 264 
