8 6
250
76 96 65 64 62 16 29 36 965 
42 37 80 13 19 64 70 76 1007 
92 60 88 89 70 79 8 74 689 
12 48 21 38 66 98 29 39 594 
81 67 96 15 10 88 47 5 454 
41 54 9 90 21 74 14 6 689 
93 89 28 87 58 90 60 19 1075 
61 6 73 84 87 82 16 91 119 
90 78 52 102 44 67 43 68 242 
51 24 29 49 26 62 41 38 611 
25 95 11 8 57 93 101 88 1206 
68 59 70 29 76 32 64 27 339 
9 93 47 62 47 92 70 11 1159 
63 14 83 13 45 51 33 93 1170 
3 83 24 60 3 58 69 76 121 
54 24 51 100 87 101 34 35 550 
7 65 50 21 40 48 99 40 904 
20 58 16 21 98 85 36 64 532 
8 50 92 91 95 73 82 19 1070 
48 65 29 84 80 12 6 28 351 
49 84 45 78 64 65 84 51 231 
98 35 27 68 66 25 58 28 1035 
57 17 71 80 41 24 60 53 920 
49 38 79 5 17 73 56 89 981 
2 32 89 29 9 46 54 86 1027 
64 82 101 6 28 54 28 51 128 
61 71 44 23 20 13 90 37 158 
43 95 19 57 14 79 45 57 1176 
100 30 10 27 28 57 40 98 864 
78 45 12 27 80 69 62 97 214 
40 81 15 78 41 74 34 13 1117 
69 9 70 24 62 73 58 30 252 
4 36 46 89 86 23 42 14 1127 
5 18 17 53 96 19 61 7 938 
85 24 92 38 95 17 66 73 1087 
4 56 85 42 72 52 48 60 739 
76 53 97 93 38 28 82 31 1158 
78 18 15 53 65 57 96 74 74 
33 68 43 30 25 15 35 40 717 
11 65 48 67 7 38 59 88 663 
84 94 88 65 58 66 23 90 676 
78 53 93 29 48 99 46 17 1126 
21 48 31 85 61 100 70 73 812 
50 13 13 79 96 79 3 14 986 
21 69 12 79 9 37 59 59 1059 
70 84 19 51 23 91 46 40 491 
28 101 35 91 97 87 100 74 935 
46 101 59 16 28 35 19 26 588 
84 44 40 96 27 4 13 2 1085 
51 101 92 24 35 58 39 78 166 
50 33 74 27 82 37 60 16 712 
31 56 58 86 34 99 43 65 1179 
4 34 76 33 80 97 99 51 893 
88 23 68 3 79 53 22 71 1148 
78 58 64 5 37 13 46 84 565 
35 67 69 96 83 72 62 37 538 
41 19 55 79 31 33 64 74 1131 
94 30 80 7 66 65 5 67 79 
37 101 99 65 89 98 51 66 1022 
8 94 42 97 43 43 9 82 645 
43 101 29 32 43 65 21 54 661 
70 30 3 6 93 18 66 27 445 
49 79 32 60 30 67 50 58 984 
54 99 89 38 100 86 12 64 808 
81 6 60 36 46 37 44 83 441 
84 4 3 26 33 18 7 62 46 
25 85 74 64 85 86 84 69 668 
69 34 32 19 96 31 52 87 262 
80 16 35 97 18 49 31 67 669 
81 30 68 73 33 41 82 90 970 
96 18 23 76 53 79 83 77 595 
8 67 10 74 76 48 97 29 563 
73 30 69 27 35 19 32 5 477 
90 98 3 93 39 8 52 58 844 
102 6 64 58 16 43 100 25 4 
48 9 56 22 79 6 95 12 729 
14 72 85 6 46 50 40 94 968 
49 17 30 4 25 21 79 97 279 
86 17 16 28 29 12 19 86 1179 
87 70 21 99 100 29 48 39 1054 
88 98 63 16 20 24 64 53 92 
74 46 86 37 46 84 83 11 1163 
47 89 45 75 89 62 54 55 299 
62 52 19 3 58 87 35 93 1212 
64 71 99 94 66 78 5 47 487 
14 53 26 39 18 91 34 3 623 
45 14 11 2 65 67 99 4 9 
92 73 90 101 4 55 85 21 488 
100 55 25 69 72 44 23 42 30 
2 25 37 30 70 57 36 92 964 
92 64 9 34 97 63 77 15 908 
54 15 51 74 56 99 51 36 588 
30 78 44 69 82 25 65 99 968 
68 64 5 35 67 15 76 95 701 
35 68 60 64 94 59 70 71 329 
56 31 71 40 81 36 9 9 168 
38 25 84 86 72 100 84 11 626 
73 21 50 38 100 63 41 18 837 
92 68 86 87 101 13 98 11 842 
12 30 85 71 27 60 101 39 851 
77 51 98 62 81 85 8 98 605 
80 20 33 10 101 65 68 19 496 
32 53 26 74 90 63 31 74 995 
70 5 96 92 39 63 94 67 829 
74 32 89 3 81 5 63 20 1117 
40 4 31 22 5 10 20 71 1051 
48 5 63 38 33 9 4 40 1143 
57 90 83 72 18 36 97 96 1072 
56 30 75 23 12 72 71 93 858 
54 50 102 88 75 70 77 48 751 
9 38 100 82 102 43 12 8 363 
13 70 88 97 27 11 23 66 502 
15 27 95 92 68 42 39 52 1099 
96 72 17 15 97 72 75 90 707 
91 76 31 34 13 6 43 61 282 
86 59 25 93 67 11 29 64 260 
70 19 72 60 45 52 53 18 449 
16 100 75 19 24 39 53 33 1101 
14 83 16 91 52 10 19 55 1136 
69 5 6 9 88 36 51 7 876 
90 33 33 81 83 96 69 29 747 
52 69 37 88 41 36 21 17 987 
9 81 69 64 43 91 59 86 168 
34 10 14 41 70 19 68 65 8 
61 35 2 22 24 25 49 69 1054 
60 83 65 72 90 73 55 44 319 
6 28 92 44 24 99 83 37 234 
51 13 101 19 22 78 35 62 1001 
83 89 59 46 17 76 5 101 45 
52 64 22 42 88 28 93 63 458 
12 18 13 5 41 89 6 99 688 
89 43 63 89 39 29 92 74 673 
71 62 13 19 41 25 95 33 892 
101 11 27 75 28 61 41 25 537 
73 79 50 72 42 20 19 18 713 
45 65 27 95 53 16 73 25 11 
29 96 80 90 12 10 16 7 1082 
33 16 17 3 50 16 86 21 1167 
9 100 22 95 101 25 67 52 830 
50 8 60 13 4 5 60 14 363 
68 84 69 42 58 37 32 88 35 
45 44 16 14 11 34 20 66 297 
83 36 96 57 26 62 43 68 1205 
32 22 14 14 45 38 86 19 449 
30 69 44 87 65 15 22 24 105 
55 38 99 28 95 40 81 80 954 
37 13 61 9 101 92 39 101 813 
93 33 101 80 30 94 97 92 1186 
84 98 73 83 37 4 54 89 376 
3 6 29 76 35 67 61 51 78 
80 24 70 54 50 65 49 31 1106 
12 77 10 8 33 5 43 99 1003 
9 56 78 58 57 14 61 38 1170 
42 19 100 36 21 81 87 19 836 
31 32 50 10 36 8 14 44 148 
24 97 75 25 35 38 85 54 1156 
32 24 68 58 94 14 70 9 147 
94 78 58 31 23 16 37 14 817 
36 101 22 72 47 15 102 39 501 
25 18 86 64 53 70 86 57 1173 
4 74 40 38 42 29 96 22 811 
58 95 76 61 90 23 71 51 650 
76 62 79 55 59 57 73 47 1111 
30 32 27 90 47 67 20 35 493 
31 100 61 95 78 27 49 46 538 
69 66 30 66 95 3 16 12 1164 
21 51 18 84 67 97 38 69 1097 
43 70 50 11 43 57 82 42 628 
96 83 87 54 8 15 13 7 998 
65 66 39 26 76 37 72 101 1030 
27 49 35 66 59 11 37 8 930 
97 60 25 74 85 54 52 22 352 
13 69 45 5 73 62 15 75 32 
54 19 96 16 40 44 73 58 1145 
20 32 27 78 19 102 39 18 577 
61 93 83 87 76 55 8 62 394 
43 24 78 75 53 85 9 85 1088 
84 84 21 83 3 29 61 34 1111 
6 37 52 45 68 57 15 56 1014 
23 69 46 43 10 81 12 32 418 
20 46 81 44 71 35 13 57 421 
30 80 92 56 28 43 65 4 306 
84 100 58 23 63 99 2 87 194 
47 43 76 43 73 73 95 43 1077 
14 64 68 19 34 13 22 87 927 
95 69 43 4 80 7 56 30 391 
80 98 86 84 44 86 20 68 165 
62 89 10 21 63 87 55 53 499 
61 67 68 47 3 78 23 9 219 
76 45 66 71 89 44 41 17 552 
6 33 22 84 101 68 100 62 1195 
70 77 9 59 51 29 67 97 776 
67 35 98 10 62 37 68 45 280 
52 93 3 68 82 48 42 51 246 
23 79 68 2 49 42 80 55 400 
13 20 96 38 6 94 81 76 999 
51 98 72 88 18 58 45 50 844 
99 4 97 63 19 102 9 46 220 
100 67 89 57 32 9 4 57 313 
31 15 89 10 89 8 66 92 655 
52 37 63 12 59 101 73 83 628 
40 52 3 97 31 62 76 83 108 
97 96 67 65 86 63 32 17 428 
84 91 18 91 99 28 48 60 114 
59 90 10 90 86 52 58 66 64 
26 36 86 29 36 7 99 71 1179 
90 88 53 102 81 45 66 92 1126 
37 51 55 77 50 73 53 19 1147 
3 9 12 18 10 22 58 8 989 
53 57 57 13 93 30 32 60 871 
60 59 10 67 26 96 60 22 186 
54 52 87 15 78 19 13 98 764 
88 74 81 34 46 75 64 15 424 
39 27 60 27 46 92 2 95 733 
87 38 84 18 60 89 6 6 688 
97 40 81 40 101 97 67 46 1051 
94 28 16 37 5 13 62 22 1167 
59 29 7 97 15 85 59 28 739 
82 72 16 93 29 42 19 68 924 
57 102 28 65 62 2 6 10 816 
48 53 35 73 59 40 94 49 938 
53 2 27 99 82 75 37 87 913 
74 3 101 76 19 39 38 6 252 
72 96 70 7 93 7 18 13 922 
30 11 15 79 101 82 65 69 811 
52 60 22 55 30 76 28 35 87 
69 74 35 98 37 54 19 25 646 
11 48 12 22 83 71 100 9 939 
64 97 4 21 12 53 73 87 563 
3 19 68 96 82 60 100 51 475 
44 34 75 63 61 79 29 56 258 
59 32 80 52 57 23 99 66 466 
7 50 64 84 27 52 8 18 68 
88 17 68 54 25 34 32 58 923 
5 3 37 27 94 58 32 16 680 
70 52 65 47 98 17 22 95 13 
79 62 8 26 56 45 73 43 480 
57 7 9 48 22 101 48 96 775 
4 82 58 8 55 13 96 40 806 
45 43 21 53 34 32 33 56 1179 
71 82 48 94 56 53 19 77 115 
50 24 32 66 101 4 54 19 153 
47 73 9 97 31 18 79 30 1222 
22 6 75 79 17 68 4 79 177 
19 12 28 7 91 79 4 48 202 
37 81 44 19 100 17 20 88 1020 
91 76 53 32 17 27 53 99 866 
39 73 9 66 63 25 90 37 89 
88 42 83 32 95 85 102 44 606 
60 5 8 60 61 31 85 15 31 
