6 8
250
25 5 47 4 83 81 42 
70 51 46 34 71 38 1434 
55 33 87 82 94 70 229 
62 40 7 86 31 65 1184 
68 12 94 47 23 33 640 
50 47 78 7 83 18 556 
8 46 5 63 88 15 876 
10 20 70 11 21 79 1034 
68 43 20 53 18 32 32 
41 55 89 50 7 51 78 
88 11 77 12 54 82 879 
96 4 26 45 51 21 948 
94 26 38 4 56 78 1348 
7 60 55 67 88 34 1095 
93 18 15 83 67 51 366 
11 95 101 69 99 12 1164 
41 96 10 69 13 46 770 
31 53 48 53 75 24 1323 
53 24 47 68 50 89 55 
88 13 64 87 72 38 1347 
33 40 37 59 68 13 1077 
65 47 100 77 90 22 1013 
67 69 32 94 29 43 946 
74 56 3 51 25 70 866 
86 48 84 43 10 67 1606 
15 13 96 9 13 17 1435 
78 49 94 61 69 43 342 
46 34 95 45 96 27 963 
86 36 10 45 45 15 1303 
102 18 36 82 57 66 843 
57 38 87 18 28 72 1557 
9 11 92 58 29 34 649 
16 91 100 16 42 41 481 
79 88 65 70 4 10 1249 
33 60 81 13 80 71 1446 
98 10 29 70 57 66 1262 
27 20 89 18 83 42 1403 
29 38 69 17 26 24 1276 
52 24 50 26 64 21 1240 
53 13 47 51 65 53 297 
83 73 47 88 78 54 848 
70 78 53 23 70 93 63 
24 14 98 55 49 12 739 
88 81 46 95 47 3 1215 
9 45 69 20 91 70 756 
67 23 32 50 72 28 1344 
48 99 4 96 30 74 468 
100 51 98 18 43 75 1540 
94 3 95 33 53 79 995 
35 86 6 81 25 59 942 
93 68 7 79 86 65 664 
83 44 101 18 31 48 147 
96 73 4 50 97 54 1178 
23 39 19 21 51 23 209 
15 101 17 8 17 73 121 
84 93 41 58 12 56 183 
61 96 17 24 34 54 638 
15 4 32 30 8 88 1147 
32 90 60 37 44 30 1120 
45 85 13 16 77 4 198 
82 65 94 87 100 63 1012 
44 4 99 19 71 76 1622 
99 87 80 11 87 39 855 
5 83 23 70 28 44 254 
13 6 9 59 52 29 548 
41 40 45 10 27 10 1428 
88 62 20 74 56 71 755 
101 35 7 92 67 62 1254 
84 73 19 74 21 48 512 
100 92 62 21 49 68 955 
48 37 4 63 31 67 283 
23 5 98 74 75 71 201 
73 4 69 88 69 59 922 
70 28 37 8 64 58 1434 
72 60 55 10 5 90 860 
100 6 31 38 97 62 1003 
70 22 3 47 79 21 438 
90 95 35 81 11 4 1284 
11 68 57 69 11 31 822 
47 45 66 72 84 62 1201 
101 40 52 75 99 97 1620 
7 37 63 87 39 63 1351 
67 22 30 96 88 76 1441 
39 76 71 88 32 13 383 
79 39 77 98 62 55 1450 
57 85 9 14 9 81 67 
34 96 84 74 70 70 1311 
25 38 78 98 88 87 1005 
66 83 88 69 86 78 460 
100 87 91 80 10 96 159 
39 23 84 81 97 86 95 
82 89 17 64 46 45 887 
3 102 102 76 70 29 1479 
4 22 47 25 5 78 547 
11 95 96 62 76 73 1399 
16 96 19 93 3 58 1379 
96 74 7 42 35 76 1588 
87 91 6 42 69 21 583 
3 39 58 93 10 74 1158 
96 22 4 72 74 71 1413 
8 85 85 69 73 8 119 
51 42 85 73 4 38 385 
6 93 22 9 54 52 219 
59 63 102 95 86 16 13 
53 5 73 63 7 13 1292 
9 22 75 97 15 30 857 
99 75 23 8 38 49 1472 
32 84 65 23 21 75 812 
23 85 76 90 95 9 1584 
39 14 12 99 27 46 1577 
72 49 14 41 24 63 981 
90 81 88 50 68 12 354 
23 10 42 89 39 31 1402 
39 101 9 22 24 57 968 
63 13 12 13 5 96 975 
37 53 84 99 14 92 535 
6 90 42 29 98 78 260 
6 72 12 90 17 13 544 
50 6 21 102 8 3 447 
71 78 39 65 19 64 1416 
59 60 92 27 42 55 534 
13 69 96 28 82 45 928 
42 102 25 90 85 28 1415 
48 65 99 9 91 7 584 
14 5 65 81 16 31 775 
14 22 65 77 59 3 611 
39 27 76 28 59 72 465 
79 16 77 36 37 2 172 
96 94 20 53 50 99 1614 
66 32 49 68 16 11 454 
81 62 15 27 28 51 151 
41 26 83 33 37 9 572 
91 90 47 80 31 39 297 
30 47 26 12 6 40 1199 
97 29 61 45 63 3 1590 
56 64 11 12 53 3 911 
71 39 21 15 92 66 1220 
44 4 90 87 74 12 841 
17 90 18 24 13 38 719 
99 24 90 76 9 40 569 
28 38 70 80 38 64 967 
9 7 99 16 77 101 861 
27 73 60 91 93 48 638 
76 95 90 42 68 14 1176 
17 33 41 85 28 42 261 
67 22 9 39 49 94 130 
85 21 10 38 39 93 1163 
52 33 87 18 94 98 850 
45 83 40 72 53 89 1503 
76 60 33 50 61 39 986 
54 52 54 46 56 33 1478 
76 81 6 31 23 3 1061 
2 56 70 37 46 66 355 
41 71 68 99 7 18 156 
63 79 90 80 56 13 1612 
82 35 74 40 67 63 1133 
3 37 43 32 88 29 1205 
6 65 15 17 75 41 209 
84 88 49 51 17 83 209 
4 17 53 68 92 68 325 
23 98 99 82 4 54 614 
36 27 69 21 91 38 945 
16 77 65 84 74 88 1613 
49 27 91 51 82 59 1618 
21 93 66 98 63 56 1346 
69 18 37 73 88 77 773 
63 82 32 29 47 57 1439 
42 89 87 20 82 23 1206 
73 10 32 24 98 40 243 
36 5 24 30 84 77 763 
61 30 13 88 13 54 1413 
46 61 25 37 4 13 1291 
6 81 80 83 35 11 1567 
10 7 50 93 39 35 435 
79 10 101 66 81 43 1330 
61 76 34 71 71 89 442 
51 10 89 96 29 38 500 
26 46 49 51 69 53 831 
25 65 97 76 21 62 1092 
54 26 73 24 72 100 726 
8 48 14 66 23 71 965 
99 63 99 11 99 98 881 
66 54 17 15 93 33 588 
13 39 97 52 29 62 1589 
86 18 74 60 40 88 291 
100 37 87 48 84 94 423 
3 100 67 24 66 15 1438 
74 58 12 81 69 10 1547 
11 18 15 96 11 64 223 
47 27 54 61 12 38 1075 
19 32 69 11 41 12 161 
41 33 30 65 49 11 197 
62 64 81 73 80 25 1444 
21 74 54 75 32 14 913 
75 15 65 56 79 24 902 
28 45 71 30 100 87 1146 
88 87 32 64 54 4 1394 
66 74 90 34 15 79 1595 
60 17 38 11 100 56 1082 
19 67 11 72 89 59 559 
21 12 45 81 40 20 539 
89 23 13 80 13 72 153 
43 78 24 66 47 59 1104 
29 35 22 2 33 6 1119 
22 23 93 67 47 53 724 
65 47 55 77 61 67 1160 
96 28 33 89 85 59 1252 
91 89 9 44 101 69 1500 
79 25 81 9 16 66 1099 
2 22 14 68 21 67 1276 
33 71 90 88 95 99 543 
9 91 15 50 49 94 505 
36 87 25 48 87 54 1402 
24 76 71 47 2 6 1535 
8 21 23 66 94 101 948 
20 20 58 9 72 61 1131 
37 68 61 69 75 38 1081 
37 91 22 37 14 94 157 
98 22 43 94 95 41 27 
72 94 86 57 95 75 261 
68 69 41 17 96 19 1418 
10 12 79 30 69 30 1159 
31 3 32 82 8 50 364 
101 17 16 79 21 70 1055 
76 77 14 81 66 52 1124 
25 84 22 21 78 25 1439 
12 66 66 28 13 33 666 
93 56 77 89 26 96 1098 
53 26 40 76 51 24 548 
37 67 51 6 79 4 111 
21 12 63 33 28 36 1453 
54 52 54 10 39 26 1358 
23 39 94 41 59 4 1164 
59 84 46 29 2 57 1230 
101 18 24 36 30 36 1168 
46 16 58 100 62 80 1625 
76 88 68 14 100 52 219 
30 58 67 23 3 37 1016 
30 18 6 27 81 16 866 
36 32 76 11 92 14 1257 
25 38 43 99 25 74 1353 
98 80 17 4 6 64 1160 
61 59 15 30 101 11 271 
100 55 75 82 67 49 653 
58 94 5 11 41 38 83 
23 26 26 79 66 81 519 
40 91 25 77 54 84 1226 
75 63 83 93 4 63 403 
85 70 19 61 27 45 649 
89 14 95 68 28 68 632 
