4 4
250
48 37 46 66 45 
18 81 30 14 717 
93 64 14 83 337 
84 15 89 55 468 
34 78 54 80 121 
21 16 29 23 747 
33 101 63 93 508 
62 89 31 86 743 
31 33 28 80 536 
34 62 63 75 342 
82 74 69 11 372 
72 85 67 52 703 
4 54 9 22 461 
93 4 22 21 662 
97 86 5 64 234 
3 53 76 15 678 
61 55 56 81 99 
61 34 53 48 751 
79 24 81 100 729 
78 26 7 24 605 
32 42 44 94 380 
98 71 7 83 364 
21 11 54 69 223 
50 101 30 11 792 
61 52 76 29 37 
76 7 7 74 425 
79 48 55 41 436 
21 13 64 35 133 
92 29 73 4 593 
69 71 14 73 335 
80 97 98 26 123 
81 68 17 90 594 
93 66 35 31 549 
76 59 16 15 67 
39 39 98 94 56 
34 82 75 56 302 
7 94 36 34 605 
84 51 30 26 604 
55 98 76 62 206 
29 97 44 36 805 
13 58 101 65 34 
43 101 6 20 677 
102 95 63 53 557 
101 32 3 57 694 
27 30 92 42 446 
43 65 38 69 652 
39 40 40 58 214 
51 96 73 30 270 
85 47 12 43 607 
62 37 25 94 217 
99 95 89 51 603 
84 68 61 10 516 
80 66 39 40 372 
64 57 7 27 158 
7 60 76 24 21 
82 20 51 67 768 
7 41 46 43 676 
46 52 91 84 356 
85 36 65 67 445 
21 11 74 98 103 
8 32 100 74 177 
41 22 68 49 767 
66 19 96 16 472 
41 21 98 57 13 
14 68 26 83 294 
73 98 11 69 679 
73 48 55 55 720 
77 43 74 21 361 
26 87 44 90 645 
68 42 50 9 127 
2 15 19 96 8 
42 9 19 39 416 
45 13 100 66 187 
21 66 43 28 674 
100 49 78 13 630 
29 26 38 4 569 
32 50 4 54 679 
60 30 61 54 394 
71 26 37 71 13 
15 88 80 67 492 
4 101 24 26 142 
55 39 8 19 603 
18 73 17 69 169 
97 10 49 83 526 
92 7 91 80 114 
76 14 9 12 520 
43 48 73 44 551 
33 27 80 37 249 
24 24 44 80 262 
100 11 71 50 51 
7 42 99 3 570 
99 12 46 12 351 
43 31 98 55 271 
72 102 75 101 730 
72 32 14 52 351 
70 65 13 48 130 
67 45 61 6 480 
3 51 72 74 573 
23 83 70 94 729 
94 28 90 47 504 
100 38 71 61 297 
77 30 49 60 17 
36 102 100 97 632 
100 72 94 97 263 
24 32 3 31 561 
90 65 22 63 415 
44 77 67 86 146 
31 76 3 70 687 
75 4 14 72 296 
23 85 75 17 747 
24 36 96 15 327 
70 38 42 92 392 
14 10 88 9 492 
61 36 16 79 394 
26 72 27 13 482 
22 20 32 95 390 
7 92 7 72 236 
10 83 54 46 405 
96 36 13 22 590 
67 18 7 12 627 
89 72 98 68 555 
54 11 85 56 164 
53 8 49 44 351 
24 5 18 80 427 
80 84 71 30 446 
91 61 7 40 766 
6 14 22 18 499 
37 96 41 4 624 
101 100 100 27 808 
90 89 70 79 412 
64 2 29 60 807 
6 2 70 14 641 
95 6 46 62 133 
40 88 33 83 63 
30 66 16 4 435 
81 87 47 31 543 
4 93 30 90 259 
6 88 64 19 463 
37 28 29 25 678 
97 56 39 10 498 
5 59 89 71 184 
101 88 27 7 160 
22 58 42 47 624 
5 77 58 31 103 
54 26 15 27 592 
4 39 93 21 473 
27 49 38 70 522 
47 6 61 68 271 
20 63 59 100 301 
81 88 84 49 657 
22 100 10 98 72 
81 46 64 99 164 
64 96 8 49 768 
75 21 74 84 255 
101 18 93 98 770 
94 68 17 90 760 
19 57 47 40 309 
30 41 42 61 693 
4 44 64 48 581 
26 57 12 6 525 
62 16 2 18 669 
6 9 14 4 139 
15 31 76 6 29 
9 52 70 11 544 
36 81 15 99 242 
59 56 47 27 577 
39 58 13 26 271 
5 57 31 58 278 
22 29 41 44 590 
75 70 60 44 526 
76 89 3 39 251 
83 2 6 88 207 
52 64 90 33 650 
59 19 52 73 4 
54 23 13 77 379 
9 42 73 26 461 
91 98 4 62 792 
52 57 76 95 424 
5 53 45 33 687 
60 41 10 65 127 
58 19 90 44 103 
55 78 28 93 194 
43 32 81 32 295 
56 62 29 36 240 
4 45 59 21 796 
3 80 82 93 723 
70 35 10 11 6 
74 10 62 50 363 
77 31 85 72 92 
75 74 15 97 247 
100 14 76 35 112 
15 62 71 47 99 
76 98 37 4 455 
10 23 72 31 522 
48 2 81 92 445 
75 62 90 10 201 
30 67 87 63 742 
58 61 77 97 715 
14 41 17 38 573 
81 97 83 16 25 
54 4 86 33 687 
100 35 86 81 334 
55 74 63 22 683 
11 13 75 14 813 
51 48 77 44 422 
9 87 45 21 613 
80 81 76 7 593 
28 84 55 79 761 
25 77 98 57 284 
43 81 97 54 502 
70 23 71 16 439 
7 30 44 82 634 
15 92 67 6 510 
76 100 58 50 471 
29 60 99 20 625 
76 53 22 9 92 
30 92 93 60 57 
59 12 62 53 548 
101 42 75 101 657 
35 12 94 94 497 
45 25 49 97 284 
12 27 53 40 650 
57 10 37 71 405 
25 101 9 99 44 
66 40 7 83 483 
89 87 99 40 355 
66 61 30 48 558 
7 44 98 25 786 
35 61 24 74 102 
93 7 6 52 467 
36 6 97 89 789 
7 20 69 38 391 
28 29 15 96 130 
98 82 91 3 361 
83 5 86 3 592 
7 18 35 70 558 
84 82 49 83 79 
62 66 42 52 519 
89 77 62 77 576 
7 48 30 58 133 
13 18 6 8 621 
33 22 96 17 745 
91 87 101 69 538 
47 82 35 87 454 
34 42 41 39 464 
8 45 10 32 549 
62 91 79 54 470 
68 79 44 7 644 
42 72 28 60 613 
4 79 95 12 207 
