4 8
250
48 100 10 11 949 
90 40 63 37 1133 
90 72 17 39 1026 
84 22 92 23 240 
73 5 47 82 1565 
19 80 77 3 1361 
77 38 36 74 481 
46 68 65 16 144 
79 20 26 81 279 
26 29 3 19 1190 
45 46 32 85 1419 
45 55 30 15 665 
12 66 63 54 1548 
54 39 45 10 311 
19 59 78 14 609 
55 82 69 65 1167 
92 79 60 30 661 
32 8 52 87 1407 
93 40 52 75 1603 
16 59 74 86 1058 
90 86 95 100 920 
88 70 20 48 553 
66 88 67 44 824 
36 8 35 13 1055 
48 88 60 23 461 
81 9 5 16 385 
98 10 85 100 1365 
8 86 62 73 895 
64 90 6 53 370 
6 75 10 25 1057 
10 27 62 21 303 
4 29 74 72 1263 
80 66 7 24 624 
58 6 68 60 727 
52 48 64 59 38 
61 84 8 101 389 
8 101 83 51 257 
73 49 65 82 1339 
81 13 92 96 1250 
100 85 84 15 1090 
3 8 52 80 243 
64 65 6 19 975 
22 23 75 48 1163 
81 86 58 9 1094 
10 42 89 78 1067 
40 58 70 82 71 
78 102 95 34 379 
102 51 5 36 875 
10 46 48 22 1017 
61 40 46 25 1592 
16 29 77 48 954 
62 22 76 15 1246 
8 97 26 15 1368 
22 30 43 25 1168 
32 83 23 55 960 
67 96 68 16 113 
2 13 47 84 1466 
51 27 48 76 1028 
82 77 92 60 769 
15 22 35 38 693 
33 99 23 53 1100 
36 8 24 90 1530 
68 56 63 8 1241 
97 52 43 25 575 
97 83 70 62 1496 
58 93 65 8 746 
47 63 32 73 1243 
5 92 96 17 917 
45 5 61 82 1581 
28 16 86 84 848 
65 81 12 3 776 
51 31 64 62 194 
45 44 17 44 805 
7 26 91 32 1184 
7 58 28 69 1507 
94 24 90 65 1067 
44 8 84 56 1350 
68 52 31 26 441 
76 30 36 5 212 
2 90 19 33 1495 
5 27 56 11 762 
9 55 45 11 910 
29 43 101 96 1144 
39 63 63 61 1367 
57 97 67 5 1603 
79 24 25 56 1499 
6 7 59 73 1023 
19 54 74 10 1241 
15 9 22 70 5 
35 32 42 35 1240 
42 29 60 49 600 
10 61 54 13 1136 
87 32 91 19 845 
23 86 29 34 866 
87 91 55 85 1161 
50 77 99 5 1064 
49 84 91 80 851 
79 50 12 37 896 
60 2 63 40 1488 
84 20 5 18 1287 
51 4 11 82 1483 
53 75 77 78 1451 
35 64 51 48 363 
5 43 13 67 1215 
76 76 94 79 1551 
87 29 17 94 1449 
32 75 83 26 265 
47 75 11 89 16 
6 75 37 48 365 
98 53 17 18 1437 
43 8 40 44 86 
77 12 34 87 97 
26 60 85 89 961 
62 83 27 32 1261 
32 34 26 66 1150 
3 41 49 56 1614 
36 14 101 6 774 
26 37 41 21 666 
37 43 26 83 1260 
48 92 50 89 1017 
17 28 87 41 947 
12 84 75 74 73 
38 65 79 88 1175 
13 61 81 42 577 
27 44 8 91 690 
91 10 45 89 403 
12 93 62 94 1361 
10 29 62 48 617 
43 64 70 16 74 
74 66 39 11 1076 
89 14 10 54 609 
76 22 98 99 1130 
4 42 88 49 1533 
47 6 87 5 1049 
86 101 35 4 1537 
65 76 94 87 1152 
27 72 35 23 619 
101 85 10 57 157 
90 33 66 79 590 
3 77 23 22 972 
70 81 37 47 1337 
90 81 8 60 1206 
102 29 13 28 722 
33 9 67 11 1555 
64 98 32 95 1242 
55 37 58 68 1516 
90 55 74 27 44 
48 38 90 41 814 
22 79 52 83 159 
63 22 40 35 81 
97 12 14 27 1598 
74 50 43 71 479 
55 25 42 67 1398 
49 58 88 25 1596 
97 21 28 61 1237 
86 47 51 86 253 
34 99 25 63 1604 
80 44 49 29 495 
100 97 21 12 1579 
98 39 88 97 1030 
7 36 16 37 159 
78 86 54 51 223 
29 101 59 56 1580 
58 2 81 68 121 
7 11 61 95 1630 
2 102 18 65 1300 
50 61 56 23 173 
100 85 90 53 365 
97 91 99 16 55 
101 40 67 15 668 
98 59 21 90 951 
98 78 23 37 155 
78 70 92 72 1078 
70 48 38 45 1609 
75 14 30 46 207 
17 14 47 92 24 
64 37 5 24 1369 
92 42 67 65 239 
24 64 55 44 752 
29 102 30 50 583 
55 3 24 17 1109 
86 31 77 78 699 
86 33 33 36 767 
44 66 70 88 1238 
30 82 76 31 1243 
13 61 88 100 1394 
18 86 99 56 792 
63 15 91 56 3 
63 67 92 22 495 
94 32 22 97 73 
65 33 44 74 134 
75 30 95 40 925 
27 45 79 92 439 
2 36 79 87 1403 
31 78 16 88 244 
65 92 56 100 1380 
83 41 93 96 372 
87 44 27 48 1238 
35 22 52 99 1223 
20 89 102 95 491 
60 56 37 11 1231 
89 19 58 59 738 
84 76 97 56 1239 
88 54 85 69 689 
60 11 33 11 860 
11 28 19 13 1580 
77 93 63 71 439 
29 6 84 20 589 
70 88 70 3 1525 
62 27 98 23 1444 
68 6 34 53 1173 
51 25 27 58 1078 
63 101 47 62 1138 
94 15 28 29 795 
84 72 67 33 1212 
74 42 32 18 1519 
86 32 98 24 498 
73 60 12 99 1269 
7 81 28 54 1227 
70 43 10 33 27 
49 101 71 75 101 
99 41 3 79 1629 
11 95 12 65 1331 
33 5 25 32 1603 
36 5 31 51 721 
6 46 15 58 96 
33 34 100 16 756 
88 62 26 18 551 
35 59 36 99 1127 
14 71 64 73 719 
67 20 80 35 1109 
46 71 22 30 38 
55 28 47 73 1121 
78 96 97 19 1563 
73 82 8 98 1072 
78 71 35 82 533 
37 83 44 14 662 
15 56 67 48 34 
19 43 97 16 1317 
8 15 65 30 1516 
19 76 47 77 1196 
88 14 84 69 1496 
77 39 42 98 1099 
74 86 34 32 907 
24 31 51 17 1293 
32 87 94 17 967 
65 8 6 89 255 
63 38 69 41 896 
4 74 100 57 439 
82 3 101 49 151 
