4 2
250
24 39 77 8 344 
12 19 6 96 406 
57 11 12 39 192 
33 86 62 78 42 
34 7 61 55 182 
35 60 47 6 323 
13 68 12 11 323 
98 45 48 12 155 
59 17 55 19 272 
21 3 22 9 106 
82 19 5 59 66 
19 80 25 63 209 
54 74 3 17 362 
92 101 3 60 207 
90 41 52 40 218 
20 54 44 88 106 
34 40 40 80 406 
95 65 55 96 253 
20 23 86 61 349 
86 16 40 30 314 
22 2 64 58 157 
43 70 66 6 401 
67 38 39 38 78 
16 36 25 18 389 
29 48 9 98 133 
69 57 92 55 281 
5 16 15 11 26 
34 78 83 42 239 
27 101 51 97 396 
84 86 51 43 293 
52 94 24 35 207 
76 95 68 26 291 
88 80 13 37 387 
53 25 29 32 355 
40 55 85 59 286 
30 99 14 101 206 
85 8 51 83 78 
14 94 82 61 130 
41 12 59 71 295 
50 90 16 2 191 
61 59 21 56 140 
99 11 67 65 95 
79 83 68 76 362 
82 30 32 19 341 
60 45 71 100 196 
30 98 16 87 93 
42 85 13 55 373 
28 89 98 49 91 
5 29 19 38 222 
60 46 85 82 374 
21 60 99 19 360 
18 90 23 8 28 
3 97 82 43 339 
96 72 16 85 258 
95 35 85 97 330 
33 27 35 46 367 
86 15 36 95 15 
84 88 96 67 306 
40 69 92 43 88 
10 49 78 55 245 
90 32 2 19 402 
88 77 4 38 233 
93 57 79 18 94 
89 62 88 40 4 
10 77 51 10 105 
29 45 44 76 297 
86 51 82 86 8 
56 15 19 97 70 
10 86 60 10 342 
84 92 76 20 140 
50 63 41 54 212 
15 83 94 93 294 
45 35 30 66 299 
44 77 94 17 283 
76 45 94 23 379 
26 20 43 26 177 
39 71 26 42 103 
25 12 30 34 363 
74 23 28 25 299 
77 58 96 37 171 
9 99 61 51 245 
7 72 20 62 115 
97 42 70 50 144 
76 11 91 41 208 
34 50 62 28 395 
55 19 70 50 74 
70 25 8 85 148 
41 12 77 82 83 
55 95 70 7 383 
34 55 80 90 405 
68 69 57 86 42 
62 39 35 54 29 
90 3 72 44 245 
74 36 88 14 390 
66 36 11 21 398 
41 81 57 34 266 
2 41 82 51 212 
3 70 24 75 312 
4 79 24 75 131 
54 25 28 47 92 
100 69 67 95 146 
34 61 38 88 288 
82 84 3 89 27 
51 23 23 92 242 
5 14 15 38 381 
89 14 37 89 187 
19 55 13 12 275 
35 76 90 15 84 
44 34 38 4 393 
22 78 37 69 338 
33 3 38 88 78 
88 56 32 101 200 
21 25 51 43 221 
29 73 94 22 299 
77 35 10 72 71 
73 78 13 41 300 
13 79 70 7 60 
17 19 27 93 331 
81 46 91 67 5 
21 85 97 50 284 
51 86 17 96 32 
100 95 68 71 195 
12 46 92 28 154 
44 58 46 29 160 
12 48 2 41 385 
33 46 46 71 401 
90 83 64 72 103 
29 64 76 99 67 
24 52 58 46 289 
37 56 65 29 239 
65 41 70 11 243 
4 86 78 102 311 
56 52 99 72 243 
31 84 22 3 44 
83 84 49 13 72 
62 92 59 70 244 
79 84 19 13 145 
51 15 55 13 95 
45 88 76 23 254 
74 55 88 86 169 
55 36 64 19 318 
83 94 59 94 407 
14 29 10 42 404 
74 35 89 37 45 
19 30 11 80 274 
97 10 28 51 187 
9 6 74 29 28 
45 22 2 35 221 
59 57 63 13 47 
18 80 36 24 367 
41 68 53 76 101 
27 27 86 52 339 
75 69 11 48 380 
10 57 82 36 230 
54 35 56 83 220 
64 69 100 69 207 
18 76 6 61 30 
42 55 100 5 333 
20 38 52 52 330 
92 49 17 20 15 
64 100 102 68 155 
8 15 72 22 257 
60 29 19 101 273 
101 65 52 42 218 
57 58 79 54 157 
18 85 6 2 260 
17 54 82 66 362 
21 77 40 23 7 
29 85 80 42 100 
93 21 53 85 336 
29 99 77 67 200 
8 23 49 30 89 
25 11 72 58 197 
7 49 55 12 198 
26 27 30 40 107 
73 80 39 30 193 
99 33 23 20 150 
20 79 17 17 340 
100 30 12 2 320 
21 15 24 94 79 
46 68 43 37 239 
4 71 39 41 316 
30 85 21 83 100 
94 90 54 22 124 
30 33 40 29 206 
98 17 30 62 31 
60 58 47 11 13 
33 92 88 62 142 
51 43 78 39 227 
17 11 32 78 355 
33 63 4 64 373 
15 29 16 87 255 
89 42 79 34 81 
74 40 12 80 379 
3 4 94 87 329 
89 57 3 74 147 
90 88 54 75 311 
99 56 85 20 366 
6 78 3 99 196 
11 66 46 20 340 
79 101 54 85 349 
31 71 19 84 20 
60 28 44 51 305 
3 90 6 58 95 
20 57 94 90 363 
27 2 97 40 293 
25 13 85 91 242 
91 36 71 90 193 
29 39 3 15 131 
80 36 54 25 191 
23 62 91 97 265 
23 9 66 96 248 
31 76 81 12 333 
49 45 56 92 351 
69 21 18 11 390 
84 56 81 58 48 
93 50 74 93 208 
64 24 90 26 155 
84 72 77 29 77 
55 60 94 34 345 
36 83 64 39 323 
4 46 82 101 340 
70 30 9 85 286 
82 4 90 61 80 
27 57 32 54 18 
99 46 91 92 173 
26 64 49 74 315 
12 88 37 14 200 
20 44 91 43 286 
55 65 94 59 156 
54 72 35 15 241 
81 53 12 35 334 
60 57 92 59 242 
8 84 38 8 246 
96 68 78 12 6 
86 69 91 84 207 
37 54 34 54 370 
56 32 36 15 401 
61 78 5 32 371 
65 54 33 83 263 
74 29 88 99 179 
87 96 24 14 307 
14 64 30 84 193 
8 25 40 69 23 
78 50 25 9 7 
20 66 47 21 157 
34 37 10 20 321 
10 68 37 11 23 
62 9 24 40 353 
99 51 22 85 346 
