8 4
250
91 95 33 94 8 77 48 90 71 
39 38 4 6 12 23 5 40 747 
80 83 57 10 25 26 84 13 551 
60 53 101 80 75 38 85 19 570 
57 12 41 25 48 86 42 39 783 
6 63 80 17 32 72 85 48 183 
50 83 72 9 12 98 9 90 300 
12 61 65 68 23 95 53 50 232 
55 57 37 73 70 88 30 80 410 
91 45 24 31 97 30 16 37 294 
101 50 101 45 18 60 49 32 638 
35 40 41 87 66 84 44 33 740 
89 79 15 87 82 34 47 20 373 
17 83 66 37 54 88 59 54 4 
31 11 42 79 25 40 10 97 326 
13 7 80 42 89 66 39 29 476 
24 16 70 69 100 100 14 35 405 
16 100 88 55 29 15 84 15 178 
53 12 56 78 79 87 95 37 110 
69 77 95 2 101 27 30 37 305 
34 64 13 44 67 93 90 96 794 
56 60 79 68 60 76 44 88 137 
6 49 39 85 76 65 87 47 472 
58 16 101 63 27 94 77 51 415 
12 11 48 65 90 86 89 41 629 
38 3 18 21 60 15 11 25 723 
102 51 90 50 59 21 35 34 652 
100 95 34 87 92 11 26 34 625 
73 43 61 56 98 37 88 51 359 
43 39 58 88 54 4 6 77 4 
65 65 54 28 32 58 6 91 379 
47 53 13 9 97 28 38 40 671 
32 48 55 55 63 11 77 93 776 
26 14 42 33 84 17 11 63 566 
27 46 13 5 52 9 91 44 798 
35 36 44 32 52 17 22 76 238 
49 12 3 45 53 41 63 82 626 
8 16 71 98 100 37 59 14 761 
73 29 99 49 66 22 13 45 467 
56 96 65 28 13 10 88 64 410 
70 83 96 74 44 72 32 85 227 
31 39 38 9 75 40 23 50 385 
34 2 49 83 34 10 84 9 701 
16 83 5 63 12 38 87 91 250 
102 101 86 29 19 83 94 84 48 
23 49 23 27 6 65 63 56 504 
5 89 51 87 92 37 86 18 20 
26 69 29 2 24 87 9 24 401 
65 7 86 68 91 52 5 63 492 
67 91 79 42 3 58 76 84 16 
83 16 11 51 45 2 81 70 126 
80 23 27 38 20 84 16 100 400 
80 39 100 101 85 32 77 21 224 
28 86 68 73 28 42 85 28 64 
42 16 64 85 89 23 37 26 326 
37 31 73 96 29 5 9 99 364 
6 84 33 81 76 27 75 55 684 
51 9 97 87 55 94 76 75 686 
89 96 52 78 67 61 92 42 730 
58 33 59 66 66 31 98 81 360 
78 63 42 39 12 37 40 88 140 
46 52 78 82 22 55 21 22 21 
97 30 19 75 92 35 37 19 180 
29 87 45 69 91 76 50 100 105 
46 52 86 17 40 81 44 47 735 
15 78 13 6 47 47 28 3 416 
29 6 73 9 4 95 15 13 7 
76 80 63 4 34 24 43 77 571 
20 82 92 40 33 46 45 24 333 
13 25 42 100 42 91 25 23 773 
43 39 50 93 4 29 80 70 552 
31 13 47 91 65 72 77 10 172 
63 90 75 29 66 82 54 4 720 
62 78 40 74 81 13 29 101 316 
24 29 79 64 62 65 79 16 88 
98 23 62 73 26 34 70 64 270 
24 17 75 70 41 2 41 20 749 
32 59 35 36 64 66 33 55 660 
45 101 30 11 52 52 71 58 660 
30 92 54 8 7 18 80 7 692 
68 56 91 79 25 44 74 49 467 
80 64 61 98 41 73 53 26 515 
7 15 66 25 101 84 21 13 232 
41 26 54 18 58 60 81 67 809 
94 68 78 88 40 5 95 94 769 
24 34 52 84 57 83 55 75 750 
22 44 57 9 60 14 16 34 190 
7 63 8 3 19 76 74 61 472 
89 21 77 63 33 9 90 99 640 
80 60 71 74 65 85 68 61 189 
46 87 11 66 74 7 82 90 247 
90 23 17 78 12 98 25 68 442 
19 61 14 50 21 62 36 38 608 
56 35 101 25 37 60 53 29 601 
51 25 49 72 83 45 79 102 624 
65 3 50 75 51 98 31 51 811 
13 98 69 50 32 38 33 28 443 
34 67 87 59 28 85 24 76 354 
9 49 80 71 73 21 86 73 283 
29 83 87 4 96 88 61 42 256 
9 3 95 12 41 57 91 47 286 
93 8 78 67 53 77 55 24 23 
23 44 27 50 67 61 4 6 367 
72 31 73 101 100 88 53 18 599 
52 99 10 25 82 28 86 95 528 
61 64 32 12 51 74 86 40 794 
8 61 38 36 11 37 12 21 132 
66 94 10 92 16 37 4 5 204 
97 100 64 101 66 73 96 45 348 
16 62 82 101 17 62 91 47 464 
39 17 90 75 15 63 12 22 13 
58 71 50 97 10 48 49 91 328 
37 9 97 67 42 67 94 98 487 
38 67 78 50 3 70 81 66 718 
39 24 87 4 92 46 72 40 609 
96 21 53 37 53 29 22 56 316 
64 75 78 25 82 19 3 76 449 
27 10 69 82 19 46 60 13 543 
57 35 19 52 96 4 93 100 624 
10 3 16 52 30 50 32 18 747 
14 16 44 69 3 18 91 47 243 
9 17 5 9 79 42 62 67 171 
24 14 80 76 34 84 43 95 594 
43 77 83 22 52 2 55 47 794 
26 90 34 3 63 51 74 86 679 
76 3 27 75 91 65 29 10 37 
15 41 84 62 28 10 45 50 569 
51 90 67 4 57 33 45 38 624 
91 23 53 31 3 50 101 69 749 
50 70 88 19 95 43 98 41 57 
18 67 64 26 60 14 82 25 783 
20 73 48 95 32 56 89 40 716 
55 86 39 35 63 61 18 97 657 
86 34 97 26 8 17 26 30 580 
16 67 65 41 51 80 54 83 784 
47 57 40 34 32 57 56 45 449 
72 84 6 6 10 65 34 98 745 
3 96 67 33 71 5 85 75 600 
27 16 37 61 83 82 64 73 329 
45 54 3 42 72 65 63 57 372 
69 12 59 102 9 55 89 53 706 
33 17 88 37 52 60 83 30 235 
22 13 3 26 43 39 25 91 362 
92 63 27 4 72 16 59 18 511 
18 28 9 84 74 32 95 33 460 
56 10 4 46 61 43 37 43 362 
46 44 71 22 79 20 11 99 741 
64 31 46 74 80 36 97 67 26 
23 40 41 74 33 12 82 71 667 
44 48 3 85 69 32 72 15 598 
95 98 51 92 75 76 41 33 18 
14 84 31 70 51 97 41 16 25 
7 75 13 61 42 10 38 69 418 
91 81 65 17 4 67 63 4 560 
56 33 67 67 35 2 10 70 707 
54 76 100 9 46 55 29 67 330 
64 36 58 43 56 8 25 52 426 
41 99 82 66 9 49 28 86 671 
39 42 42 13 53 74 23 85 758 
56 85 37 11 90 40 27 101 553 
15 15 79 62 43 85 50 70 583 
9 90 69 53 83 62 73 91 199 
2 53 85 87 21 73 15 72 546 
20 32 11 44 41 11 81 15 579 
7 80 101 59 65 85 2 17 778 
28 5 4 76 40 101 16 27 387 
87 30 96 9 49 74 18 33 314 
64 67 51 60 74 69 91 68 98 
27 46 91 102 86 7 77 88 546 
67 45 94 12 30 17 64 96 698 
79 100 33 29 42 34 47 40 406 
49 71 33 37 87 74 89 90 661 
61 88 46 92 34 63 7 53 715 
48 54 38 36 98 80 84 14 558 
83 100 5 59 57 48 57 31 146 
38 32 60 22 26 42 36 5 69 
44 89 68 72 24 91 46 101 704 
15 14 74 55 55 75 5 8 736 
80 4 33 99 36 5 45 71 175 
32 28 30 98 2 95 72 42 208 
4 13 78 16 15 58 62 44 133 
47 84 79 87 19 20 52 58 12 
79 46 55 65 29 55 70 16 593 
60 19 14 81 86 15 50 4 768 
16 65 91 77 39 94 89 100 709 
46 47 11 12 48 46 94 94 780 
74 40 87 25 49 100 86 4 207 
6 68 101 66 40 17 26 38 760 
14 5 9 62 78 31 68 26 569 
66 50 73 70 89 93 20 77 517 
11 93 18 93 93 37 69 85 257 
90 82 9 96 88 12 53 82 729 
90 14 64 57 60 25 31 22 440 
56 38 81 9 49 64 54 17 369 
79 24 14 74 95 95 100 80 357 
64 72 64 62 19 9 4 31 514 
3 56 35 95 64 73 84 15 388 
54 83 35 47 44 73 67 76 475 
79 19 21 71 59 82 82 68 413 
93 96 20 74 7 20 102 53 494 
14 86 62 43 92 82 48 48 792 
12 20 30 93 97 45 51 27 103 
46 35 99 56 16 98 22 92 153 
31 82 78 18 47 93 13 55 739 
100 38 29 40 25 13 85 71 397 
25 2 101 77 25 82 7 57 148 
66 60 72 66 23 2 64 19 537 
24 96 74 38 82 44 55 53 727 
88 8 12 87 73 46 49 99 732 
22 56 59 97 13 92 75 49 776 
23 37 17 28 79 8 48 63 611 
78 89 22 59 25 74 93 21 408 
10 80 90 28 18 26 12 44 518 
10 28 86 85 65 35 49 34 134 
76 61 31 6 42 11 71 73 89 
72 64 33 88 6 93 42 67 564 
9 97 20 93 18 36 44 39 287 
93 95 26 89 13 93 58 19 490 
23 6 40 80 58 47 15 43 653 
35 25 24 94 45 100 66 41 305 
100 85 45 97 64 4 76 80 638 
89 84 54 42 32 89 33 21 501 
33 31 41 75 80 77 56 12 121 
15 101 52 28 25 73 56 60 274 
19 28 44 38 6 80 69 28 478 
30 95 95 37 63 26 38 35 82 
100 27 8 70 42 54 90 64 650 
30 63 61 82 89 74 56 17 756 
21 96 28 63 8 53 19 28 143 
24 80 40 29 92 92 64 57 269 
30 50 88 92 51 44 100 41 535 
101 50 8 23 83 48 33 19 320 
86 40 20 57 54 16 37 68 686 
44 3 73 71 21 33 41 28 545 
8 31 48 86 65 69 88 19 638 
13 3 98 94 97 74 53 80 145 
16 75 99 74 57 85 60 58 311 
96 32 31 76 83 57 81 27 722 
95 2 77 53 71 36 38 25 528 
90 52 8 101 21 43 16 27 435 
72 36 75 65 28 9 31 93 714 
51 39 22 43 14 72 86 59 634 
45 65 6 64 39 34 20 72 51 
34 98 13 91 63 58 4 11 742 
17 32 76 70 24 79 49 89 707 
46 49 40 37 17 64 65 73 506 
51 10 99 43 47 58 2 99 779 
78 62 78 66 41 5 81 71 220 
6 77 43 29 17 52 47 76 189 
70 99 83 51 27 91 96 55 13 
