2 4
250
15 23 336 
26 61 552 
11 95 574 
49 11 634 
78 71 614 
37 8 663 
49 85 301 
41 53 464 
31 85 15 
56 65 495 
50 13 525 
35 44 681 
12 93 123 
96 5 618 
18 74 722 
18 42 45 
58 84 281 
48 13 644 
56 76 574 
86 96 617 
68 57 247 
12 101 800 
15 46 225 
94 27 128 
68 55 657 
63 25 644 
70 15 351 
98 100 660 
28 4 815 
87 80 555 
15 27 788 
41 30 394 
48 8 597 
92 5 791 
80 66 471 
21 82 477 
100 95 416 
93 18 662 
35 72 461 
51 85 792 
100 30 533 
61 81 811 
21 29 205 
34 17 139 
8 80 89 
48 21 282 
25 10 185 
43 89 695 
19 24 78 
17 9 477 
94 98 189 
78 94 611 
34 20 695 
60 102 428 
35 68 635 
36 88 314 
72 89 417 
24 28 620 
77 59 334 
82 44 467 
92 6 170 
69 42 158 
96 32 699 
38 16 3 
51 67 65 
72 10 172 
9 85 296 
73 47 163 
9 72 574 
49 4 290 
36 54 621 
30 70 786 
34 69 211 
61 42 458 
55 36 591 
53 75 497 
70 7 399 
22 75 484 
23 21 477 
3 61 576 
51 49 231 
52 4 512 
26 23 793 
13 40 336 
97 51 352 
82 20 88 
49 59 794 
11 81 791 
89 16 645 
19 9 400 
40 33 65 
57 12 761 
30 4 268 
12 29 420 
66 59 541 
10 27 196 
18 43 8 
50 55 24 
75 41 555 
33 66 715 
86 9 118 
50 75 63 
35 42 320 
52 54 132 
80 40 244 
48 48 181 
33 81 731 
57 3 540 
50 92 632 
7 84 575 
27 99 317 
47 28 161 
39 18 680 
61 77 691 
87 68 724 
87 72 130 
75 29 765 
48 2 693 
100 30 55 
50 2 680 
32 30 475 
71 27 453 
79 35 97 
12 11 248 
41 74 36 
7 72 282 
79 65 167 
64 34 446 
79 81 787 
56 49 796 
15 91 128 
102 31 380 
28 18 343 
35 9 303 
6 65 153 
66 9 233 
83 95 474 
74 73 300 
65 71 783 
6 94 370 
61 26 702 
16 99 164 
17 41 355 
60 80 444 
95 46 459 
85 60 568 
38 15 589 
70 75 439 
42 43 150 
81 39 491 
52 25 199 
99 76 684 
53 92 535 
101 51 560 
87 25 122 
6 82 219 
82 82 91 
28 70 644 
75 93 413 
34 77 459 
4 38 17 
85 9 455 
32 98 570 
74 34 553 
6 39 526 
6 85 410 
41 38 502 
93 100 466 
51 26 451 
47 26 681 
35 21 126 
11 99 108 
69 4 129 
61 75 683 
59 10 390 
45 24 249 
17 71 66 
2 95 317 
97 12 307 
47 36 680 
3 87 590 
88 41 111 
54 97 331 
53 39 665 
37 82 511 
80 36 737 
11 8 17 
27 33 443 
78 35 209 
79 16 708 
78 24 551 
34 61 723 
13 73 564 
36 93 225 
92 65 267 
28 68 111 
78 19 619 
49 38 233 
83 78 442 
20 13 52 
90 78 656 
56 78 125 
16 4 176 
76 68 522 
23 77 124 
76 37 552 
24 51 549 
14 2 795 
13 30 705 
41 53 676 
36 95 489 
65 48 123 
49 38 713 
19 14 519 
94 4 415 
14 28 494 
15 9 335 
88 98 504 
41 78 617 
85 45 388 
31 77 420 
41 42 595 
6 60 237 
2 29 804 
82 6 300 
6 22 801 
49 101 22 
28 28 359 
44 50 793 
100 26 575 
41 66 763 
42 91 308 
14 55 512 
80 10 552 
34 15 651 
44 8 751 
27 37 456 
79 38 358 
47 5 404 
10 99 747 
78 8 282 
60 63 515 
7 42 129 
101 94 544 
37 71 743 
37 96 101 
66 102 342 
7 75 724 
17 64 230 
52 97 701 
