2 4
250
78 69 391 
42 24 528 
7 90 577 
100 51 393 
49 5 57 
37 36 498 
74 49 679 
35 92 119 
82 25 642 
80 60 286 
60 28 761 
94 40 523 
45 41 464 
6 20 734 
45 66 63 
5 68 640 
31 10 37 
18 39 316 
43 45 633 
35 62 811 
88 29 243 
38 43 186 
57 57 528 
45 94 778 
6 70 238 
95 92 213 
9 79 468 
2 52 413 
33 43 728 
57 53 777 
88 11 642 
59 20 743 
62 9 192 
87 50 84 
16 88 132 
11 14 565 
12 50 430 
54 28 676 
44 88 630 
81 7 811 
35 2 42 
71 58 674 
19 49 406 
40 35 678 
5 24 241 
49 88 518 
36 24 238 
22 47 22 
45 37 677 
98 17 265 
16 83 18 
26 54 389 
7 46 246 
36 94 534 
22 73 124 
71 51 38 
55 97 811 
16 47 682 
72 15 450 
4 29 177 
102 23 261 
19 26 424 
83 81 576 
84 44 345 
35 3 240 
66 2 602 
89 75 700 
80 44 164 
35 102 300 
20 56 313 
95 5 145 
10 36 584 
36 4 386 
65 90 576 
36 74 436 
59 82 357 
56 9 107 
83 17 437 
38 23 640 
14 86 200 
17 65 205 
34 91 321 
27 27 548 
60 32 801 
29 26 693 
17 46 578 
69 78 160 
95 66 384 
27 13 716 
66 75 106 
95 24 148 
25 50 210 
48 4 674 
16 35 454 
79 99 626 
17 57 740 
71 23 627 
10 47 72 
7 24 806 
80 9 636 
53 62 427 
56 67 71 
82 6 623 
61 72 350 
90 54 352 
66 18 552 
72 12 462 
99 97 427 
38 88 621 
11 20 211 
29 70 772 
7 65 591 
5 24 263 
70 37 418 
16 11 417 
36 22 760 
68 43 50 
33 10 789 
23 56 530 
102 20 644 
34 73 700 
53 34 18 
50 85 732 
73 63 769 
38 4 619 
7 85 703 
3 4 540 
85 46 628 
22 98 488 
100 85 70 
9 5 33 
55 38 522 
67 66 629 
51 88 296 
5 97 656 
14 98 49 
23 18 586 
81 101 135 
15 52 223 
11 33 301 
44 52 815 
83 65 468 
92 84 542 
14 42 157 
11 54 135 
32 82 398 
99 10 816 
56 79 551 
39 31 39 
90 42 703 
39 58 268 
42 9 291 
38 24 261 
25 23 110 
41 11 619 
55 72 381 
102 85 572 
81 14 189 
39 90 597 
34 47 283 
55 5 345 
82 77 683 
88 71 373 
83 96 469 
19 76 708 
89 16 557 
94 86 483 
60 90 469 
18 60 362 
12 6 150 
64 6 633 
99 72 153 
73 61 276 
94 68 8 
3 21 728 
15 64 317 
38 52 605 
7 43 496 
77 97 126 
87 66 140 
41 79 534 
29 20 734 
82 21 28 
70 18 451 
36 102 146 
60 59 559 
70 6 787 
7 75 437 
46 59 515 
19 24 617 
5 88 777 
19 55 731 
37 75 8 
101 35 347 
38 70 282 
21 73 337 
45 19 308 
49 19 495 
23 36 29 
14 85 499 
29 65 796 
30 67 242 
62 20 384 
30 25 683 
70 71 578 
56 72 45 
21 27 709 
24 76 40 
40 58 567 
37 98 154 
88 25 736 
42 74 570 
47 10 28 
7 61 432 
96 17 769 
56 81 392 
92 68 524 
100 95 475 
76 7 727 
95 92 71 
62 27 177 
30 44 813 
95 30 786 
3 11 506 
4 16 541 
36 30 483 
12 86 632 
23 47 245 
56 90 251 
34 67 552 
83 54 151 
97 47 277 
33 68 596 
97 63 417 
54 91 466 
4 98 642 
94 42 631 
32 84 49 
33 41 656 
94 76 439 
71 63 513 
31 22 470 
46 9 566 
34 5 504 
88 18 192 
28 72 458 
75 54 753 
54 42 207 
92 53 567 
15 66 54 
