4 2
250
35 62 75 100 209 
99 32 24 91 188 
71 24 34 89 91 
27 53 69 74 10 
57 4 40 11 83 
65 39 28 72 213 
97 28 80 51 232 
97 81 27 31 88 
54 10 35 94 150 
13 11 52 58 320 
72 83 77 56 327 
33 23 67 80 361 
63 6 54 39 210 
45 46 85 32 110 
48 28 40 53 204 
49 71 48 74 38 
55 89 71 94 333 
15 53 26 71 107 
76 16 50 43 247 
50 58 97 43 382 
69 28 21 32 132 
46 46 26 6 137 
64 77 95 71 145 
76 36 62 58 156 
94 22 16 7 214 
34 81 99 92 7 
93 76 7 80 174 
29 70 42 62 154 
71 29 23 38 262 
101 24 81 8 353 
16 98 41 5 11 
49 15 17 80 3 
68 49 36 4 172 
89 72 16 29 35 
8 97 2 20 280 
66 101 79 42 217 
12 102 93 6 356 
98 37 4 78 390 
16 55 64 62 294 
24 95 20 96 313 
32 10 54 100 328 
21 97 23 37 155 
50 38 76 27 368 
68 58 32 17 189 
54 70 40 33 384 
56 35 42 48 190 
73 83 85 66 97 
4 50 95 25 278 
2 16 70 41 197 
81 80 39 72 28 
68 65 5 50 100 
64 72 23 6 110 
88 57 76 90 271 
69 55 13 3 359 
20 65 9 49 187 
40 2 101 85 65 
77 98 73 42 328 
11 80 37 42 252 
34 29 92 99 334 
48 42 81 74 333 
28 70 38 84 361 
5 58 58 5 351 
64 73 40 90 210 
92 86 36 10 236 
90 20 73 42 228 
93 75 12 67 408 
101 23 29 4 365 
9 62 91 54 315 
55 24 34 56 407 
63 91 4 47 373 
64 7 73 17 380 
10 99 98 28 396 
32 47 92 5 356 
43 46 38 101 180 
32 97 85 33 20 
68 88 19 42 385 
5 73 67 76 157 
95 52 14 11 333 
13 66 65 57 193 
10 34 31 68 242 
20 54 5 4 250 
69 25 42 12 113 
24 81 58 34 386 
61 82 18 67 384 
93 34 30 19 136 
68 33 30 86 394 
36 59 53 83 314 
52 70 65 15 290 
72 11 4 83 244 
33 10 34 62 360 
30 18 66 74 279 
88 27 88 70 386 
38 97 58 16 382 
67 31 77 57 182 
92 19 5 96 98 
84 32 48 60 9 
61 101 70 98 281 
20 94 80 15 372 
27 85 97 20 143 
77 55 90 90 386 
5 35 79 18 399 
13 15 73 51 352 
57 80 30 69 148 
39 29 63 47 310 
74 52 65 66 78 
10 24 87 61 199 
31 45 60 65 404 
28 24 54 100 237 
7 24 32 28 148 
49 57 30 84 400 
50 94 45 14 92 
55 72 16 99 369 
91 30 14 2 235 
15 22 67 70 43 
17 78 65 89 288 
53 23 38 30 293 
55 95 4 63 4 
39 2 48 43 191 
58 10 56 10 282 
80 12 31 71 97 
29 92 63 74 339 
74 31 57 44 293 
34 36 88 27 154 
98 27 52 102 85 
14 76 26 23 221 
8 23 57 20 379 
42 94 69 6 183 
65 35 32 80 118 
9 47 7 71 61 
24 24 31 72 300 
55 62 31 51 46 
55 68 41 21 313 
53 76 39 51 129 
42 68 84 83 305 
65 97 74 73 55 
70 71 56 9 130 
86 94 87 47 165 
82 64 21 95 373 
99 95 14 3 317 
35 9 58 40 303 
58 42 50 97 45 
60 90 60 38 177 
87 14 35 89 377 
61 91 95 11 209 
80 50 91 92 318 
71 86 73 96 325 
63 15 18 34 309 
46 46 92 36 338 
95 6 85 52 29 
87 62 27 11 79 
46 17 49 89 392 
10 53 61 20 169 
76 19 66 58 336 
74 97 2 13 199 
16 102 61 28 239 
76 67 41 85 378 
11 61 64 77 146 
48 68 32 38 276 
95 88 74 95 37 
78 41 29 70 144 
92 62 15 63 21 
46 58 23 31 90 
45 14 78 27 133 
17 57 92 22 149 
8 68 66 46 228 
31 30 68 19 336 
37 40 73 50 13 
51 48 3 72 372 
92 46 3 17 100 
82 12 49 62 383 
23 52 9 33 118 
26 98 72 7 309 
19 92 6 48 355 
8 43 30 24 340 
71 55 22 31 188 
64 67 52 21 309 
21 83 8 26 249 
87 33 42 21 320 
55 78 99 96 304 
3 42 57 30 76 
41 84 27 79 101 
70 32 80 88 272 
62 48 52 31 232 
38 86 83 88 10 
77 3 10 46 125 
96 59 28 57 186 
24 12 24 3 150 
39 58 30 101 378 
57 55 56 55 77 
8 27 69 40 158 
18 62 71 28 178 
39 76 83 49 126 
14 6 25 42 183 
52 27 51 95 81 
82 58 83 95 191 
24 49 57 28 99 
70 91 90 19 119 
64 43 98 60 404 
65 77 84 71 331 
53 33 16 10 280 
84 78 77 20 238 
63 80 78 81 90 
92 20 57 25 255 
24 18 8 13 336 
11 30 93 96 229 
7 76 15 14 388 
93 35 49 59 173 
94 16 72 60 280 
86 67 19 38 38 
47 22 61 8 239 
37 26 5 28 245 
56 87 83 64 218 
88 68 66 86 127 
59 73 100 83 287 
10 49 50 45 401 
46 13 57 87 46 
87 17 8 56 246 
69 33 23 99 361 
9 35 9 7 335 
20 3 35 7 213 
76 24 80 38 207 
90 79 62 30 68 
45 31 98 53 280 
73 62 12 26 263 
28 52 3 94 257 
77 41 45 63 327 
44 80 52 35 151 
65 39 72 5 294 
92 73 95 83 187 
80 39 58 39 46 
61 93 11 43 107 
26 23 88 75 309 
51 36 101 50 303 
67 81 66 17 25 
36 92 9 54 304 
57 59 22 49 348 
40 86 8 52 89 
53 70 11 9 52 
43 53 98 30 96 
58 75 47 9 329 
100 75 43 33 314 
71 87 60 69 289 
70 4 41 90 154 
67 30 51 28 97 
99 72 59 5 264 
85 95 81 31 76 
84 13 15 68 354 
67 45 77 75 217 
68 13 44 38 183 
42 14 10 92 237 
