2 8
300
80 80 1629 
78 61 1295 
74 91 1584 
91 7 455 
71 19 890 
7 60 261 
16 51 412 
22 57 167 
44 95 1034 
99 21 1266 
45 70 1190 
48 69 23 
29 43 832 
40 48 105 
69 90 1068 
45 58 30 
80 16 611 
86 41 613 
94 59 383 
92 37 1078 
18 77 1145 
21 48 602 
57 24 816 
55 80 279 
67 78 55 
21 55 1083 
47 101 602 
64 22 76 
42 61 483 
37 57 165 
80 40 101 
87 24 1166 
38 50 687 
31 90 551 
54 26 595 
22 21 1033 
36 75 73 
59 47 587 
31 56 895 
68 81 1426 
9 21 1108 
42 77 653 
13 82 875 
34 85 89 
26 18 183 
5 12 1556 
70 22 654 
68 3 1333 
8 23 1514 
72 58 1104 
19 73 1117 
57 23 1116 
68 14 803 
98 11 637 
12 4 1473 
101 35 469 
27 28 728 
61 99 972 
49 43 299 
88 36 889 
49 43 398 
88 17 199 
39 72 1550 
45 39 1599 
48 74 172 
3 59 1614 
93 9 1438 
66 47 485 
25 59 1196 
11 9 1309 
52 82 1267 
97 51 1120 
17 26 1421 
80 64 1032 
36 84 1451 
49 15 421 
51 48 1380 
21 97 451 
68 85 1557 
97 65 949 
41 30 1018 
17 95 941 
22 53 367 
44 88 536 
14 15 728 
27 32 1036 
43 78 719 
50 62 995 
98 33 1384 
52 30 1083 
75 22 994 
31 41 558 
3 21 1457 
33 28 1008 
5 9 979 
54 9 1334 
85 43 859 
34 56 1411 
16 93 1112 
3 21 1012 
75 72 377 
58 71 1084 
74 85 1205 
12 26 190 
76 11 821 
84 46 860 
3 46 381 
5 69 1422 
16 43 1079 
76 17 785 
68 102 1629 
29 60 913 
41 49 630 
96 82 404 
10 75 284 
43 60 726 
38 34 770 
17 2 1227 
41 72 56 
38 44 450 
2 99 1109 
28 46 402 
14 49 834 
96 46 1582 
16 9 1046 
101 97 1541 
72 75 1362 
24 40 1357 
3 53 1617 
27 91 1447 
55 5 83 
13 95 1347 
59 84 461 
95 31 179 
95 44 1439 
52 3 1518 
13 42 1217 
11 68 1136 
46 81 965 
87 27 1532 
27 89 953 
64 44 666 
94 5 233 
84 44 215 
68 79 711 
75 30 1576 
97 53 803 
8 16 792 
16 46 602 
37 69 239 
25 74 935 
36 69 690 
55 33 1632 
49 60 1605 
81 32 1602 
63 45 1452 
28 74 824 
65 92 1212 
47 21 1200 
12 50 1600 
6 59 589 
102 60 1143 
58 34 162 
3 22 1588 
99 50 1507 
53 29 1371 
52 55 21 
50 11 1559 
66 63 1340 
85 92 784 
71 45 1350 
4 46 30 
64 81 1168 
30 8 176 
81 27 841 
55 68 691 
84 96 1501 
91 62 1562 
99 58 771 
43 38 1586 
90 75 692 
64 35 1263 
17 97 68 
93 90 788 
14 24 768 
92 71 1381 
46 13 1549 
42 3 1561 
58 81 1356 
89 7 1426 
57 24 712 
76 42 536 
70 19 1505 
76 40 1166 
40 93 91 
46 79 613 
51 8 1427 
65 99 403 
4 50 1172 
49 8 871 
96 30 1461 
19 38 1088 
7 40 1336 
16 24 839 
94 72 1184 
26 4 162 
92 14 38 
48 40 1611 
102 94 415 
21 74 1504 
63 24 189 
41 82 178 
84 24 901 
41 41 636 
58 36 1375 
38 72 436 
54 81 761 
64 59 1529 
53 51 1459 
93 19 721 
43 88 1079 
92 55 11 
42 56 1470 
64 44 1304 
57 53 1192 
65 92 64 
16 66 359 
101 69 1523 
48 101 1063 
20 90 509 
23 93 83 
13 100 874 
75 68 1326 
86 98 272 
39 92 606 
69 9 87 
23 90 961 
88 78 862 
24 45 308 
75 46 885 
37 24 1074 
61 42 826 
77 46 878 
21 92 392 
25 33 1105 
7 64 1249 
58 81 1498 
62 99 1632 
74 38 243 
54 91 898 
37 2 359 
29 50 1211 
53 80 819 
89 94 1041 
53 3 1589 
37 65 743 
87 19 1313 
44 19 1065 
64 78 408 
68 89 73 
38 25 893 
101 87 1474 
4 98 1348 
96 57 1380 
28 72 1422 
30 10 1567 
5 39 1192 
71 69 1176 
77 95 1365 
59 67 1187 
51 87 1484 
48 53 1128 
11 55 270 
9 35 1100 
65 94 1017 
98 18 764 
80 36 1096 
31 65 805 
33 69 908 
85 26 1505 
9 47 507 
12 46 1137 
96 83 312 
20 21 909 
82 98 78 
8 8 1233 
12 81 1253 
39 81 494 
8 22 356 
44 16 1374 
16 28 468 
26 2 1427 
38 55 773 
95 4 574 
30 62 253 
13 51 1105 
47 28 982 
82 75 744 
17 72 1090 
3 6 391 
