4 6
300
50 33 96 31 915 
28 86 60 94 1112 
100 88 73 14 804 
65 72 50 99 671 
55 82 57 58 1224 
86 48 9 18 776 
64 19 90 8 513 
98 76 48 36 667 
80 74 70 97 560 
39 18 24 44 1166 
81 25 62 27 695 
70 79 40 32 1105 
82 79 44 30 352 
84 100 67 72 854 
91 26 17 45 940 
83 15 61 12 774 
71 26 67 22 1028 
41 58 65 51 903 
21 38 18 45 909 
3 32 41 69 786 
41 53 54 74 77 
57 10 20 50 932 
58 19 30 68 267 
59 14 24 46 1099 
27 37 18 98 617 
55 10 74 70 930 
53 75 95 48 300 
20 73 95 16 353 
32 40 17 75 225 
4 10 52 24 216 
91 10 97 79 476 
6 37 58 23 649 
49 39 51 74 315 
84 27 84 44 50 
87 20 10 18 727 
89 22 45 80 591 
47 60 52 53 1065 
45 80 18 9 254 
85 17 74 63 998 
96 91 44 50 441 
80 28 10 20 395 
73 2 81 20 637 
85 95 80 75 98 
91 89 101 87 1016 
6 11 77 23 263 
72 48 49 36 806 
100 80 97 44 866 
21 52 34 21 204 
44 101 100 57 457 
92 40 101 55 1130 
9 93 59 67 393 
71 53 89 98 763 
26 55 47 54 664 
7 100 38 5 1087 
41 57 82 71 497 
7 13 21 86 386 
34 50 95 44 725 
9 23 32 12 29 
70 65 38 58 1131 
91 56 48 3 391 
94 4 98 67 653 
54 13 90 26 334 
59 34 5 67 367 
78 62 5 95 575 
87 69 28 2 261 
78 21 26 78 631 
53 67 20 54 480 
33 54 31 91 91 
99 34 8 85 549 
38 63 73 28 197 
31 53 56 56 578 
27 78 98 45 951 
35 89 14 75 938 
95 16 52 28 1213 
27 33 16 87 616 
54 63 45 58 1048 
17 50 99 62 277 
101 13 66 7 175 
57 58 87 13 907 
12 22 36 8 640 
24 13 47 29 1115 
100 39 70 6 1161 
66 35 42 60 772 
87 92 54 52 947 
83 52 47 14 541 
71 48 5 13 498 
34 29 39 5 780 
6 5 72 71 306 
64 45 62 12 614 
24 18 29 50 1085 
22 70 86 31 872 
74 67 36 85 272 
54 36 59 65 768 
39 98 39 96 723 
85 22 85 27 187 
40 91 37 64 272 
55 21 57 25 256 
66 45 10 34 1118 
41 71 88 49 898 
30 88 99 50 162 
28 81 35 91 72 
101 88 60 16 410 
85 32 74 63 843 
35 81 36 45 1210 
96 91 6 5 251 
16 36 37 54 1062 
53 95 89 51 1180 
76 87 68 19 263 
80 87 96 101 104 
10 99 27 80 496 
52 54 56 51 240 
39 77 32 71 1125 
68 53 9 29 1004 
92 45 25 67 1160 
50 14 19 23 258 
11 97 7 97 151 
19 11 59 13 452 
101 40 41 31 730 
101 57 100 27 683 
29 80 69 19 221 
67 76 62 86 1137 
40 37 35 30 133 
44 71 38 59 921 
59 96 97 92 1014 
54 7 96 7 1168 
95 17 94 68 1145 
32 31 91 79 579 
45 50 75 21 1216 
66 8 13 20 222 
32 21 43 52 1208 
36 85 78 36 809 
62 82 57 90 4 
25 45 69 36 983 
15 83 61 11 397 
11 22 79 93 231 
48 96 78 89 801 
76 76 44 69 731 
49 54 57 13 1063 
65 95 87 20 939 
23 40 78 40 63 
51 62 34 20 1099 
16 9 87 17 243 
68 6 70 25 324 
51 3 3 77 405 
63 28 51 25 847 
18 37 60 16 1192 
10 20 40 84 200 
16 44 27 79 563 
43 69 41 93 251 
61 27 64 94 342 
23 40 4 7 545 
25 13 11 50 902 
81 50 73 20 143 
51 68 88 9 150 
9 78 25 31 1129 
95 89 60 4 120 
93 75 68 89 940 
73 18 35 40 1140 
5 35 78 6 824 
94 98 23 81 875 
95 41 58 82 261 
47 16 75 15 628 
38 55 9 41 1006 
8 84 86 43 503 
35 35 50 15 110 
76 102 22 64 1223 
99 68 81 33 199 
55 19 88 67 392 
58 45 22 89 700 
52 28 40 23 750 
12 14 82 40 471 
62 93 44 73 584 
47 96 13 15 668 
72 76 78 25 361 
91 99 21 11 1037 
92 16 64 58 717 
50 64 101 2 1103 
86 88 42 94 688 
64 77 17 20 1060 
64 34 9 34 1062 
78 52 17 94 882 
15 95 73 56 593 
48 31 88 15 2 
85 98 13 25 858 
87 36 86 69 823 
17 84 3 25 279 
60 9 32 72 1012 
100 49 8 30 940 
93 17 88 46 124 
35 91 4 20 43 
68 23 86 64 27 
43 68 50 27 704 
34 94 50 33 1100 
41 101 18 32 28 
38 91 85 48 966 
72 50 42 58 415 
28 82 85 21 693 
40 26 70 70 506 
34 101 84 73 555 
101 69 57 56 873 
36 74 74 18 822 
79 40 39 85 394 
95 28 94 93 388 
54 11 31 76 638 
17 34 51 91 856 
40 10 14 3 978 
5 95 88 87 1221 
55 10 70 54 977 
102 88 86 38 586 
9 9 93 41 1144 
92 40 83 4 690 
4 26 85 48 363 
71 28 39 5 355 
3 42 9 93 957 
46 43 79 97 641 
31 49 15 43 775 
33 19 74 9 1096 
67 14 86 31 1192 
32 27 24 25 133 
75 52 83 9 576 
69 2 101 63 606 
52 63 88 52 341 
57 13 44 84 1209 
54 56 31 16 779 
91 58 80 96 596 
21 20 56 86 965 
81 68 8 96 1177 
33 20 13 60 490 
6 27 36 3 519 
21 84 42 26 721 
21 23 69 45 708 
13 24 7 15 368 
33 9 4 73 602 
91 6 50 88 832 
36 45 73 76 731 
66 23 79 54 366 
39 81 32 27 728 
60 101 65 38 1037 
11 14 100 30 110 
98 25 65 54 652 
16 36 56 58 304 
78 52 95 85 1151 
92 47 56 85 1136 
54 79 79 13 1118 
92 43 14 4 727 
24 47 45 67 774 
43 60 27 100 191 
5 27 76 2 1017 
10 7 82 44 1157 
65 60 17 37 691 
21 48 54 63 772 
75 24 54 99 40 
34 9 30 22 654 
34 23 58 69 1099 
29 5 79 30 1019 
87 63 72 9 1177 
65 31 10 11 542 
97 8 66 37 519 
83 75 79 99 631 
3 79 61 91 764 
44 5 50 47 356 
18 71 26 79 957 
14 55 47 3 489 
4 101 22 78 715 
28 59 22 27 113 
56 28 82 79 1001 
10 4 83 47 659 
62 83 64 82 352 
28 84 89 59 376 
30 30 79 59 601 
5 59 85 32 444 
88 85 25 38 914 
91 91 49 98 863 
12 74 2 49 976 
23 38 42 49 397 
46 72 65 96 991 
28 51 24 30 969 
52 21 52 11 835 
79 60 28 7 481 
39 38 93 89 259 
58 30 32 80 341 
68 19 38 100 1131 
17 22 30 57 592 
42 69 21 19 248 
93 23 94 81 29 
65 12 37 10 1169 
10 81 78 75 302 
101 21 47 2 161 
35 85 54 18 646 
60 32 73 59 1213 
72 19 76 69 369 
37 38 54 78 794 
58 85 30 5 1032 
38 45 57 33 608 
23 25 21 6 1069 
10 71 78 28 546 
35 42 80 11 316 
93 7 12 45 1096 
65 70 71 37 702 
52 57 51 34 205 
