6 8
300
51 76 26 93 40 48 824 
24 98 39 70 64 82 899 
26 21 46 50 11 43 672 
81 31 67 7 61 60 542 
25 22 3 26 8 27 1342 
39 81 3 69 56 33 123 
41 95 96 23 61 65 1544 
63 71 29 83 8 97 1149 
46 61 88 81 90 19 1619 
78 38 46 58 57 75 1417 
42 45 83 58 12 36 653 
38 72 86 2 96 41 1016 
53 76 45 102 32 14 1511 
22 17 90 67 15 10 1022 
59 52 66 6 92 10 338 
28 48 27 98 63 32 132 
91 3 81 96 81 39 414 
65 3 59 27 63 96 330 
30 95 93 99 27 79 1302 
22 22 98 6 33 44 412 
30 20 6 71 83 87 507 
15 12 73 37 73 39 1533 
52 10 81 31 16 2 1592 
55 36 101 38 55 30 1127 
83 84 92 50 97 2 573 
84 55 58 81 12 91 245 
85 21 64 56 42 88 1147 
15 19 76 19 43 30 1213 
86 6 36 30 58 64 528 
29 83 89 78 39 61 1097 
57 25 52 6 13 85 1147 
17 39 83 15 44 101 1122 
67 18 33 56 75 63 1600 
51 24 53 55 29 85 909 
40 77 80 5 29 5 945 
96 26 15 32 47 6 1134 
69 54 17 16 65 66 1019 
67 58 24 67 100 71 102 
4 101 53 86 2 17 1251 
64 5 12 17 98 13 1163 
94 19 26 30 59 31 1329 
71 38 41 66 21 95 1195 
21 59 40 31 36 54 1506 
27 65 48 47 91 95 88 
51 7 101 69 55 93 1201 
41 99 39 43 43 27 525 
65 13 22 83 23 5 694 
48 74 89 64 61 81 1079 
57 81 85 69 38 78 328 
32 43 99 68 4 102 1319 
62 3 89 95 29 62 1014 
53 28 66 70 91 65 54 
36 14 8 95 14 9 1369 
20 56 76 7 51 14 542 
73 25 16 21 6 64 1415 
72 101 70 34 21 6 59 
55 21 101 48 15 19 1576 
30 93 75 92 94 99 674 
49 15 91 80 50 31 1312 
4 52 51 88 3 18 1031 
15 39 63 95 5 82 1062 
37 77 60 37 97 39 693 
34 43 32 14 67 47 384 
88 82 56 73 77 25 833 
71 53 63 14 2 35 254 
56 14 98 91 19 78 192 
40 32 45 55 94 40 1143 
10 21 76 38 73 42 444 
60 10 25 30 59 16 1079 
26 100 25 97 5 29 1280 
32 35 25 50 71 14 777 
51 13 20 85 87 83 999 
34 89 78 31 96 90 1572 
6 76 62 61 64 48 234 
35 22 60 91 13 94 1283 
88 53 90 4 30 82 134 
99 7 48 74 35 7 1509 
13 49 68 12 41 84 415 
62 65 91 9 68 35 272 
92 62 96 76 91 85 750 
38 90 29 68 11 90 122 
71 16 89 31 43 24 364 
75 94 82 74 11 55 431 
90 101 97 64 48 94 109 
47 54 100 46 24 49 1216 
61 40 46 32 96 20 1478 
50 4 80 28 14 96 285 
70 16 4 82 31 22 788 
90 35 6 64 99 3 397 
64 91 87 20 77 50 223 
56 38 44 18 37 38 646 
99 19 38 37 99 91 1258 
40 99 66 95 29 28 1160 
7 42 69 99 19 68 1405 
15 95 9 38 49 6 221 
80 61 66 96 86 11 1487 
18 70 30 102 14 49 395 
94 23 27 50 23 45 799 
98 77 20 20 71 55 1375 
26 31 101 52 87 66 983 
39 102 101 45 20 82 1453 
74 42 100 8 21 64 342 
74 84 90 27 63 67 1341 
86 48 78 16 57 9 1513 
40 31 51 28 86 66 894 
24 28 7 6 65 62 386 
37 23 14 52 94 65 849 
49 13 27 26 101 80 872 
56 25 31 64 75 98 555 
13 51 81 37 100 68 815 
58 85 23 101 7 61 800 
27 65 66 66 46 43 1494 
20 26 4 87 88 3 1113 
5 79 44 92 66 92 399 
74 35 17 95 99 4 1484 
30 6 28 96 21 6 461 
62 67 101 31 58 44 1507 
27 80 53 14 67 84 867 
8 82 11 43 71 27 874 
32 51 72 48 41 3 1476 
22 78 92 68 99 42 707 
14 45 62 10 49 34 768 
57 66 83 34 22 40 358 
26 19 55 52 82 77 479 
17 30 85 19 44 4 84 
3 63 48 70 44 12 1536 
39 51 35 24 95 9 1225 
87 91 16 20 65 71 1560 
62 39 18 19 67 16 1579 
17 79 93 7 32 44 883 
5 37 67 81 30 30 1430 
70 22 31 89 70 56 488 
41 71 101 81 35 11 682 
26 32 53 78 98 99 358 
74 44 18 65 67 23 1341 
56 51 42 37 43 10 1497 
19 89 32 99 62 69 1233 
10 95 28 99 35 14 1299 
8 16 4 34 32 68 1573 
80 14 27 6 35 50 1398 
22 61 46 94 3 52 111 
45 23 81 38 32 48 1034 
52 92 68 34 11 5 786 
37 39 5 12 44 97 638 
77 7 96 29 21 92 1448 
36 84 6 33 64 75 1026 
95 25 98 102 21 35 464 
24 61 73 27 47 40 1372 
23 44 84 61 57 70 1107 
17 88 11 13 58 77 261 
10 63 3 48 32 87 689 
16 8 13 25 64 13 857 
49 24 4 76 54 7 203 
43 24 74 10 7 97 1275 
39 89 91 65 60 14 245 
99 72 80 17 54 44 115 
37 73 38 94 59 17 1122 
65 9 39 6 72 6 1091 
41 31 41 27 92 66 1257 
22 24 62 6 100 40 803 
54 26 61 2 65 7 94 
53 37 17 50 82 11 1209 
81 54 61 90 11 50 951 
43 42 93 64 80 32 255 
52 79 90 61 80 22 194 
86 80 6 9 100 63 1441 
96 25 78 13 57 5 658 
72 3 18 91 91 93 170 
86 70 40 87 77 92 19 
61 29 91 4 92 64 1562 
76 57 83 13 89 72 779 
18 16 53 25 29 77 1307 
78 75 71 90 31 3 1625 
12 68 24 25 73 89 569 
99 89 11 67 43 47 1563 
48 36 81 4 23 65 1111 
56 89 64 50 17 23 1359 
56 22 15 63 63 98 1048 
91 61 90 18 85 15 318 
30 44 60 88 33 86 487 
41 92 88 10 41 34 917 
80 63 76 58 68 54 701 
69 98 6 82 50 34 923 
78 93 88 40 52 51 427 
47 5 64 86 39 55 251 
32 29 55 24 67 10 180 
100 15 62 18 63 78 996 
48 57 9 84 55 75 1025 
101 101 72 91 85 32 547 
60 14 74 31 100 30 601 
70 52 60 86 26 48 1273 
80 29 24 90 74 67 1610 
50 57 4 86 82 54 503 
30 86 35 84 80 79 655 
3 90 89 65 51 26 1273 
6 51 101 31 30 87 349 
75 50 3 13 67 37 155 
59 72 47 20 77 8 663 
69 27 4 48 70 40 1256 
41 37 27 25 43 23 719 
9 5 57 54 70 11 899 
38 34 73 15 45 33 718 
20 44 47 76 20 39 617 
26 99 86 62 49 46 556 
15 78 89 26 16 67 822 
69 93 67 10 99 88 502 
95 33 35 27 9 35 350 
95 82 52 25 85 8 1353 
9 73 95 23 67 23 376 
58 86 91 31 67 96 824 
53 82 68 24 54 9 506 
68 53 36 42 13 15 325 
98 40 3 33 61 69 989 
21 75 89 34 66 10 599 
49 46 99 44 41 73 691 
102 86 3 33 101 54 669 
22 61 83 56 10 5 983 
48 89 100 8 28 92 517 
9 81 92 89 101 96 304 
9 39 100 74 44 80 1571 
56 3 101 62 17 22 1618 
16 8 80 58 7 78 18 
58 101 38 15 83 13 1512 
6 13 46 102 60 24 210 
23 85 84 69 28 66 1504 
89 100 48 13 72 35 1520 
76 14 33 97 20 20 839 
40 64 61 63 69 6 814 
92 58 62 60 99 88 1515 
24 98 91 81 15 11 1131 
3 92 5 13 80 101 500 
101 15 7 42 7 63 1352 
23 25 8 61 62 44 1586 
45 88 55 75 48 2 836 
18 44 18 7 11 84 617 
74 58 52 91 6 21 1489 
45 57 20 94 27 12 24 
75 85 22 54 69 74 946 
6 52 40 34 101 81 1341 
72 91 37 98 81 47 796 
69 58 72 58 25 8 1627 
33 37 83 23 92 52 716 
61 97 55 44 12 82 1124 
8 14 59 7 42 11 1185 
68 85 98 48 67 55 88 
29 52 98 46 68 60 1188 
17 59 13 11 32 40 193 
96 83 56 71 67 82 996 
46 15 53 85 99 29 1067 
54 86 77 27 99 40 518 
47 59 101 46 24 98 1497 
57 48 98 12 73 63 1165 
4 44 78 102 75 46 1353 
39 47 62 71 33 9 1030 
75 37 85 34 102 82 805 
26 57 27 46 86 71 1463 
69 57 75 28 68 96 810 
44 101 28 26 96 51 131 
14 40 77 92 91 31 1329 
12 15 80 73 83 24 1269 
89 53 58 91 77 95 1135 
92 90 45 67 16 15 513 
38 60 10 8 33 43 200 
19 53 55 97 43 10 933 
44 97 57 87 74 74 896 
50 72 37 21 58 40 364 
53 33 28 77 17 52 1206 
57 72 67 51 83 68 1141 
2 5 96 36 87 14 780 
95 90 81 44 44 79 1446 
90 74 89 78 5 92 1085 
21 30 22 27 60 85 1421 
27 92 38 93 8 87 777 
69 44 87 73 28 76 944 
45 48 35 76 76 87 1105 
100 81 76 80 78 5 1322 
77 76 11 29 31 63 1115 
100 45 53 37 94 43 328 
33 4 7 79 18 11 1239 
83 89 54 87 100 21 441 
13 64 15 33 84 69 1510 
70 78 46 99 16 92 745 
5 85 40 84 46 50 1090 
79 71 3 62 97 7 1529 
89 59 44 33 43 43 1413 
83 39 7 12 77 30 1029 
28 63 82 4 21 32 1280 
6 16 5 56 74 62 563 
96 14 73 89 63 101 1320 
21 4 68 74 50 61 356 
47 35 74 72 22 6 833 
9 23 60 78 77 17 1358 
45 42 79 72 83 54 1428 
27 36 25 15 31 84 120 
62 17 31 73 73 59 955 
82 33 86 54 58 85 1411 
94 14 13 89 86 100 1232 
64 90 5 69 9 36 333 
101 51 58 93 24 46 777 
8 31 7 6 61 27 1025 
