6 8
300
7 91 31 87 84 92 448 
33 33 74 28 2 37 343 
90 17 6 90 55 35 1334 
87 28 27 23 61 11 1342 
37 101 82 29 56 72 1602 
26 84 13 39 10 45 1494 
49 29 94 19 64 70 1339 
39 26 100 88 10 38 327 
65 6 66 26 84 47 1570 
34 94 101 49 67 25 1049 
36 95 53 47 92 92 623 
100 35 6 99 43 2 1601 
77 83 43 48 36 80 993 
80 49 15 28 100 97 245 
37 95 73 99 47 20 48 
33 49 43 21 48 84 1059 
72 62 29 43 47 100 942 
13 60 3 33 46 5 915 
48 40 21 94 97 25 1037 
42 35 102 98 84 97 715 
36 2 29 90 98 98 126 
89 88 87 55 99 59 398 
37 72 68 2 16 49 1379 
11 24 29 53 61 3 488 
29 29 47 65 5 16 1245 
60 76 45 50 10 50 973 
54 36 41 100 68 41 88 
65 35 97 70 50 61 421 
81 102 39 40 97 80 974 
61 42 93 96 45 50 1263 
98 25 54 9 100 27 929 
90 90 56 95 64 27 1046 
96 51 96 56 57 53 1294 
76 8 12 15 73 102 1515 
95 50 5 25 93 30 1100 
12 45 63 52 36 71 1481 
13 85 47 34 55 98 1068 
93 98 42 91 99 100 355 
19 44 96 30 27 66 1541 
42 53 72 73 99 99 1362 
8 35 6 22 84 91 1023 
25 67 82 19 6 29 38 
54 65 36 96 32 48 1525 
3 69 24 11 7 98 1161 
35 78 64 59 101 84 1382 
65 38 70 18 12 61 1529 
80 15 13 23 39 94 1441 
90 38 79 69 53 92 98 
68 84 13 79 94 94 1480 
91 21 63 7 47 20 1456 
29 68 80 22 89 102 374 
56 13 91 70 6 85 733 
42 87 92 50 94 81 1582 
56 59 41 19 69 5 1446 
97 52 17 93 77 101 990 
72 101 48 66 92 85 199 
73 24 11 90 11 48 806 
36 73 59 55 41 94 1201 
11 41 5 21 99 36 967 
63 75 79 31 86 86 1145 
87 46 86 4 98 87 1351 
37 32 31 61 59 41 984 
81 60 40 38 9 89 995 
62 45 47 96 51 55 156 
51 34 61 27 64 81 799 
29 75 54 45 9 93 1211 
11 76 63 42 97 101 1338 
17 41 96 79 99 11 422 
2 41 10 49 34 75 1393 
100 72 36 98 62 13 856 
87 88 95 101 98 89 824 
71 86 56 56 56 29 562 
95 67 50 67 72 25 436 
36 46 98 77 20 91 182 
6 29 46 37 90 32 492 
55 3 79 3 25 77 511 
57 56 95 80 48 53 95 
7 87 33 92 90 28 825 
45 98 26 81 100 41 1071 
60 12 21 68 100 6 644 
66 73 66 49 50 97 1303 
91 5 99 74 40 7 1603 
43 15 47 101 6 82 176 
7 55 24 27 38 68 1584 
46 76 14 50 49 68 676 
17 69 45 43 32 73 867 
95 29 9 62 36 69 264 
99 76 69 96 27 31 968 
20 44 25 14 32 85 742 
31 87 26 93 41 59 439 
48 4 61 75 11 60 195 
28 17 67 4 100 83 767 
2 47 56 24 40 84 1584 
28 22 31 2 90 10 1042 
43 85 71 97 12 91 842 
74 10 23 18 73 49 1486 
29 60 12 34 4 100 474 
43 72 71 3 77 32 325 
85 32 75 23 52 50 1388 
34 98 9 90 94 97 469 
39 35 8 68 37 8 1619 
64 21 71 88 11 37 16 
15 102 96 38 61 34 1453 
80 50 97 23 101 8 1548 
64 5 46 12 5 2 67 
39 65 37 42 26 23 345 
13 6 37 43 15 86 305 
98 15 54 34 66 42 955 
87 13 47 37 102 6 1621 
17 27 78 8 37 99 1244 
38 60 98 38 13 70 1088 
45 62 83 88 24 78 1075 
92 94 80 41 63 48 841 
54 92 7 26 18 24 1569 
81 60 36 81 89 44 981 
57 58 99 55 74 94 687 
53 67 51 80 30 35 414 
35 101 69 76 53 27 1374 
71 93 14 97 48 73 1049 
4 48 10 36 36 8 578 
38 83 89 91 56 11 26 
27 58 48 90 90 73 755 
62 70 7 38 20 78 1407 
67 87 60 27 23 80 794 
20 44 46 96 30 92 1591 
20 82 87 100 17 85 705 
37 68 9 60 102 20 692 
80 5 100 18 32 51 1146 
98 31 66 34 34 55 116 
16 4 96 62 83 51 689 
89 22 40 4 95 45 492 
21 54 69 24 62 8 654 
41 47 80 100 43 29 353 
54 23 67 86 32 38 351 
66 15 100 21 71 2 1486 
85 62 16 39 8 42 1261 
79 98 13 74 49 69 1225 
59 17 65 42 23 23 584 
101 75 21 65 9 11 894 
41 72 5 93 8 51 916 
87 67 63 37 89 46 1219 
27 57 14 85 71 48 123 
99 37 81 50 82 57 1374 
89 97 75 101 33 25 625 
29 10 83 42 20 21 1165 
53 3 7 36 78 63 1204 
21 9 82 40 64 49 679 
37 26 45 29 96 74 1606 
72 90 38 58 24 38 1604 
49 33 45 53 29 38 760 
36 76 16 5 96 12 1116 
90 95 63 71 77 99 1502 
86 41 16 26 49 75 1320 
15 71 81 57 27 77 1174 
78 40 89 37 13 97 18 
52 31 25 101 64 32 1337 
97 76 88 49 42 8 1025 
94 31 29 82 65 68 336 
6 37 51 72 37 98 194 
57 77 36 66 4 93 549 
11 93 27 87 45 101 293 
97 94 10 87 71 11 1372 
11 62 56 50 31 82 754 
96 77 31 29 36 72 655 
102 54 85 40 17 31 1349 
40 3 97 22 69 5 151 
45 42 87 68 89 30 759 
17 82 18 74 13 89 252 
18 98 61 11 31 80 1555 
42 28 49 56 82 3 1154 
61 61 30 65 80 39 836 
36 46 63 48 44 96 1391 
74 69 68 7 44 69 367 
8 38 13 40 27 16 48 
17 40 14 9 28 78 915 
23 90 12 35 52 66 1328 
53 100 65 89 86 12 1114 
61 83 51 40 36 50 866 
25 19 27 55 25 50 321 
8 51 41 18 20 31 833 
81 58 74 93 5 43 884 
41 50 53 43 6 37 916 
59 64 71 94 30 5 1599 
72 87 82 29 18 64 741 
50 26 72 68 83 19 1299 
27 79 49 33 9 101 1377 
71 76 14 21 16 66 801 
89 72 26 92 28 55 147 
73 94 66 89 81 11 1470 
26 83 76 25 19 79 523 
87 24 63 22 6 16 17 
13 69 10 4 100 98 1004 
56 49 78 57 66 73 883 
87 85 46 30 92 96 739 
95 40 98 98 89 19 36 
50 65 72 24 41 10 978 
27 58 87 83 14 31 1153 
36 100 70 55 8 80 1624 
41 20 94 16 21 58 303 
31 14 8 13 81 61 92 
86 8 34 27 65 96 991 
29 60 49 80 68 77 957 
42 30 45 83 41 5 148 
47 80 10 22 54 43 1555 
46 81 72 35 71 67 820 
94 38 30 45 86 41 194 
61 48 38 56 83 62 1465 
86 65 32 42 59 99 638 
31 26 7 12 55 67 1366 
81 79 47 99 11 10 774 
94 17 40 57 66 99 1401 
34 74 68 73 84 7 970 
19 42 95 14 71 13 1041 
14 25 35 33 75 30 1310 
71 93 59 74 53 44 1509 
50 94 87 95 101 55 1578 
54 40 41 73 62 26 1013 
40 54 86 43 99 86 1305 
94 7 26 92 71 8 1034 
83 11 102 32 65 69 1131 
49 10 21 71 60 69 982 
87 95 62 16 6 20 507 
41 75 33 56 61 15 916 
89 62 5 32 50 35 1153 
31 42 43 99 59 95 1473 
46 67 74 41 19 22 109 
14 67 79 67 89 34 683 
39 71 78 6 56 15 986 
50 18 41 12 36 92 917 
55 21 19 48 28 43 1563 
10 61 17 44 95 52 1222 
97 28 67 62 3 31 1506 
73 67 94 5 82 32 1557 
50 35 31 85 32 52 957 
48 62 21 64 94 48 467 
12 63 64 64 66 88 860 
92 76 52 35 63 66 1346 
55 26 45 48 13 2 975 
28 88 61 65 101 18 809 
69 48 100 11 85 66 997 
7 32 43 18 46 45 951 
61 80 52 71 89 78 1511 
37 78 18 83 48 71 1365 
76 5 101 67 71 5 388 
30 54 25 80 2 23 796 
96 4 32 68 60 4 1107 
10 11 95 14 42 59 511 
72 85 31 39 97 79 499 
29 44 53 77 42 37 494 
29 28 93 89 57 46 671 
76 88 16 90 69 18 1080 
95 8 54 31 48 94 951 
71 97 43 7 46 20 1092 
61 81 93 20 69 40 1328 
85 4 28 87 15 92 1570 
99 16 51 30 64 66 558 
39 101 48 95 44 74 939 
34 53 83 13 28 76 240 
9 25 72 2 80 87 170 
6 28 46 35 4 64 1181 
83 94 79 84 56 35 373 
81 48 27 27 68 26 840 
53 46 77 89 18 84 1464 
93 81 29 85 82 26 530 
75 4 62 42 12 87 832 
61 6 31 74 43 94 454 
79 48 77 15 63 61 869 
84 71 48 88 82 85 1457 
15 52 101 76 11 92 106 
45 66 87 58 41 2 1504 
42 48 18 77 92 64 231 
36 54 73 21 67 81 1488 
35 17 56 32 4 64 756 
56 32 99 34 3 23 555 
83 92 59 24 60 63 678 
25 32 14 93 23 77 1291 
100 30 58 46 13 17 173 
52 34 28 38 41 48 1413 
18 20 44 90 43 82 853 
64 16 98 8 20 52 163 
87 44 41 84 88 69 907 
4 44 90 92 8 25 520 
61 33 88 22 17 57 111 
14 72 4 82 97 29 602 
16 61 40 95 67 3 1059 
92 89 56 54 81 33 238 
78 56 100 36 59 22 47 
86 13 89 5 97 5 1188 
74 39 4 93 42 21 1441 
85 53 99 43 25 69 1126 
45 33 69 38 26 94 582 
18 6 48 40 8 36 490 
51 53 92 73 99 94 288 
53 55 63 40 14 28 1526 
5 3 96 36 55 36 661 
81 21 69 73 13 39 919 
34 58 55 36 87 60 559 
102 9 72 27 77 53 1512 
81 9 100 14 68 44 213 
5 54 7 55 2 92 1136 
