6 4
300
81 49 20 12 45 35 292 
44 93 70 31 76 55 808 
24 60 33 55 9 5 345 
50 85 87 71 87 55 62 
47 72 7 23 26 36 226 
39 54 101 80 88 80 483 
50 16 70 56 7 88 51 
46 89 98 66 43 63 258 
66 35 43 59 81 30 794 
23 65 10 52 20 73 701 
8 34 77 23 27 85 813 
71 19 16 82 70 3 9 
85 11 59 85 76 98 595 
21 60 22 9 52 64 225 
52 62 6 88 16 22 307 
56 22 45 18 80 34 773 
17 29 79 14 29 98 311 
56 52 69 47 77 15 711 
77 57 16 78 23 74 153 
59 12 96 56 83 65 236 
91 16 70 98 66 80 34 
33 45 97 25 67 91 785 
12 39 43 41 9 52 650 
67 31 42 58 61 78 475 
19 85 60 48 35 11 532 
38 102 51 13 37 85 361 
14 21 55 58 85 24 388 
75 55 17 76 15 51 198 
87 30 42 7 4 48 113 
62 39 79 34 82 33 599 
39 94 30 74 69 38 431 
13 89 2 79 56 13 358 
32 46 73 22 62 43 423 
74 11 8 35 39 32 427 
84 78 26 5 93 76 294 
62 88 4 48 16 73 603 
42 41 30 50 37 72 245 
95 8 14 22 92 24 534 
85 24 41 32 7 3 241 
13 79 76 65 39 10 570 
59 71 76 48 72 80 259 
72 80 87 4 63 24 719 
72 13 84 3 55 73 633 
66 65 18 11 73 46 240 
64 56 88 101 64 62 297 
38 40 76 23 46 36 104 
47 56 29 46 80 43 334 
68 94 63 86 39 94 759 
8 59 40 101 35 4 68 
25 101 6 101 64 54 279 
75 10 83 11 39 67 161 
11 91 66 95 5 90 788 
64 26 17 27 70 45 251 
83 38 24 12 33 6 176 
57 25 48 18 91 9 758 
85 83 77 3 29 76 790 
70 76 8 32 16 14 498 
77 91 76 96 11 5 749 
74 61 100 7 63 100 443 
68 20 79 16 84 6 645 
45 41 26 43 72 36 105 
64 18 82 19 95 62 652 
36 74 24 83 5 3 93 
24 79 97 69 77 45 23 
57 31 19 34 10 84 262 
52 52 55 41 72 81 81 
45 20 90 70 40 76 259 
49 57 35 80 5 70 173 
64 30 76 96 93 12 60 
88 65 87 87 80 50 687 
23 71 44 36 24 3 649 
60 10 101 40 70 73 73 
77 86 56 7 16 13 715 
24 81 47 80 71 5 460 
57 5 85 61 28 49 207 
88 93 46 83 68 44 35 
23 77 59 25 41 100 97 
82 33 82 66 39 99 814 
91 99 57 55 101 25 28 
7 18 80 44 26 86 725 
94 12 26 50 71 86 9 
6 90 58 32 6 47 616 
74 5 97 91 53 27 789 
96 91 30 69 20 3 134 
61 80 83 18 17 25 713 
23 58 18 70 15 101 698 
11 102 25 97 80 30 271 
16 85 54 75 60 94 802 
23 98 82 53 85 87 366 
12 77 16 91 24 90 411 
49 81 24 40 29 13 695 
91 7 75 42 75 85 372 
97 30 45 59 33 91 10 
61 38 19 32 16 43 811 
27 11 8 58 42 85 546 
6 33 37 34 83 15 256 
93 10 13 12 4 101 119 
48 73 34 93 101 51 713 
45 7 10 14 72 88 524 
98 69 86 35 2 81 742 
100 10 27 52 78 72 556 
30 8 22 15 44 87 644 
40 75 67 43 35 81 503 
28 29 21 13 29 69 778 
42 29 78 3 23 25 396 
65 9 44 25 82 21 120 
101 89 101 31 3 87 478 
96 20 95 69 101 31 589 
83 8 41 50 5 75 717 
81 46 14 23 64 32 610 
68 26 20 56 62 49 218 
42 22 84 29 84 39 380 
11 86 36 23 96 78 665 
4 4 77 79 49 29 168 
45 90 10 41 57 86 232 
97 77 15 41 84 48 343 
88 59 24 23 38 43 570 
62 79 102 70 56 95 524 
23 45 79 16 23 8 785 
34 76 90 29 55 20 119 
11 23 84 14 33 42 132 
47 55 58 13 87 53 679 
13 10 73 3 93 66 598 
34 38 27 64 41 48 438 
85 36 96 85 25 57 419 
58 19 58 26 56 50 623 
92 23 5 37 58 15 177 
68 19 28 65 56 43 627 
87 59 52 93 96 64 504 
22 64 30 64 97 34 448 
93 17 79 39 18 99 348 
17 24 28 86 35 34 143 
19 69 22 71 16 77 576 
62 8 34 62 88 17 571 
60 77 76 62 83 69 613 
3 51 28 40 46 36 571 
37 26 10 63 32 46 24 
97 10 95 83 59 86 253 
12 47 79 32 84 75 467 
50 55 25 54 67 44 130 
20 96 33 72 42 3 207 
84 26 101 58 72 69 517 
69 83 81 26 84 46 747 
7 51 10 64 64 15 713 
73 86 12 67 4 89 631 
16 63 13 19 86 8 229 
23 80 76 14 7 96 659 
73 46 30 85 100 26 110 
48 25 9 81 90 40 88 
42 91 93 70 82 88 434 
22 70 9 101 41 66 686 
72 36 52 58 21 9 814 
42 84 84 6 65 66 556 
40 6 40 98 70 19 658 
91 86 46 27 10 30 423 
78 23 86 62 63 31 616 
91 59 25 71 33 13 812 
9 10 66 20 24 87 664 
66 70 5 73 48 5 660 
52 9 33 13 81 50 525 
63 100 46 4 37 95 403 
49 18 29 38 9 83 671 
77 81 9 88 45 72 103 
55 84 91 17 28 97 322 
52 93 60 55 65 37 381 
13 22 18 89 94 34 139 
55 78 37 42 24 101 608 
30 26 27 38 80 54 67 
18 58 89 11 100 12 788 
26 71 86 46 48 38 531 
61 94 100 52 40 98 3 
8 56 77 6 98 67 186 
70 35 18 87 85 41 769 
66 30 81 96 24 22 232 
8 53 98 79 65 11 561 
34 29 88 41 58 10 87 
4 14 7 4 47 76 465 
39 69 61 64 99 73 771 
65 22 58 18 77 74 814 
5 82 29 35 57 56 290 
8 33 48 29 33 86 514 
18 75 94 79 48 73 566 
86 39 16 68 41 76 562 
9 32 25 83 38 13 803 
35 80 71 92 22 23 256 
38 15 37 68 89 34 387 
48 66 41 31 3 32 161 
45 15 68 19 82 69 805 
3 25 48 97 75 66 680 
97 25 89 28 52 40 386 
25 81 2 54 45 23 496 
68 86 54 37 82 81 734 
67 5 75 42 57 35 290 
93 91 73 16 69 66 419 
43 54 5 53 94 74 160 
36 68 67 39 47 40 287 
41 96 61 95 87 95 243 
22 16 88 97 8 14 270 
92 31 40 78 59 11 208 
33 51 87 90 9 72 261 
38 10 5 12 97 2 422 
97 14 23 84 73 24 170 
40 19 58 89 62 89 356 
40 29 64 90 31 12 63 
47 76 7 81 25 100 682 
8 85 88 13 14 83 781 
19 19 96 89 90 7 761 
35 31 3 48 86 90 807 
83 44 24 68 93 46 405 
40 18 5 50 26 39 266 
36 72 78 51 7 50 172 
12 70 3 43 7 16 104 
47 6 35 41 12 87 205 
43 66 47 23 39 48 645 
3 93 41 66 70 63 804 
61 27 99 81 43 80 577 
76 23 27 88 32 39 755 
14 72 11 16 54 10 759 
8 33 30 70 4 44 78 
79 64 79 39 55 16 701 
81 37 62 71 9 56 548 
45 22 37 9 11 89 728 
23 32 52 17 55 7 435 
97 71 13 41 38 63 794 
60 50 50 79 25 9 273 
37 50 47 48 55 28 512 
13 95 63 94 57 22 458 
34 29 24 2 10 35 684 
68 52 32 73 95 72 693 
73 89 33 88 82 58 699 
84 6 72 2 82 93 685 
79 51 49 83 43 43 219 
23 28 78 17 76 51 567 
101 18 77 62 58 80 323 
7 33 8 78 66 72 410 
25 55 2 31 44 102 726 
2 85 92 54 31 60 410 
63 56 73 8 8 18 678 
91 96 42 25 15 46 583 
21 42 7 79 73 79 804 
75 78 88 34 52 83 804 
34 87 10 30 22 91 363 
78 37 72 60 56 69 278 
60 62 7 31 57 20 663 
45 86 77 60 84 54 716 
80 88 76 59 38 86 462 
11 33 98 95 57 29 349 
7 38 21 19 12 67 127 
18 82 5 96 65 19 728 
3 35 72 40 40 59 805 
51 98 3 21 85 79 402 
31 12 38 2 92 41 311 
51 58 43 74 89 74 505 
8 73 65 74 69 69 66 
100 28 57 19 72 46 458 
41 20 100 29 89 68 711 
73 69 96 75 81 53 426 
80 31 68 53 86 39 356 
27 40 48 17 12 43 253 
86 83 85 22 97 84 80 
39 45 47 102 8 77 287 
6 71 102 91 18 58 167 
99 91 68 88 9 15 115 
82 54 14 79 27 58 709 
88 13 55 86 71 45 331 
88 23 53 80 64 10 175 
71 48 29 96 87 13 708 
94 19 36 89 71 98 469 
94 36 24 83 20 50 153 
60 49 7 49 15 82 93 
71 17 10 47 6 95 88 
7 87 85 41 48 2 766 
96 21 99 102 49 85 769 
89 31 99 46 62 5 97 
101 24 49 74 33 78 190 
3 27 44 67 5 49 706 
51 41 44 75 50 27 519 
31 10 49 68 99 19 667 
88 14 4 46 92 101 52 
65 38 69 17 26 73 758 
95 56 37 46 38 10 312 
92 57 73 14 80 50 576 
16 2 8 36 61 43 126 
16 43 24 15 50 82 703 
5 77 60 26 56 73 290 
56 14 24 62 11 46 788 
59 33 33 14 53 38 400 
38 63 83 68 31 80 649 
16 15 33 90 29 54 708 
82 15 91 26 80 37 491 
90 86 75 51 100 21 462 
12 92 3 99 47 39 549 
16 78 60 27 95 58 331 
101 93 74 84 94 12 634 
19 45 90 75 3 91 389 
79 10 18 34 61 25 29 
25 32 93 85 17 21 537 
39 33 101 87 81 22 726 
94 3 70 8 11 81 761 
50 14 26 46 50 22 298 
