2 4
300
83 89 434 
77 95 38 
29 54 148 
93 28 781 
9 92 365 
56 63 758 
65 24 644 
27 65 425 
67 31 771 
57 70 726 
33 31 395 
89 35 716 
38 77 415 
44 69 776 
50 56 166 
85 3 718 
54 30 293 
94 97 97 
49 57 195 
3 12 519 
12 74 683 
31 61 794 
49 23 467 
59 20 707 
44 23 451 
86 79 73 
34 84 230 
8 5 329 
55 42 277 
39 42 636 
66 37 530 
89 34 780 
13 21 776 
25 37 657 
33 97 81 
51 52 610 
59 65 637 
17 71 227 
37 5 560 
45 78 163 
65 13 658 
81 95 685 
24 57 719 
62 74 480 
16 11 386 
50 78 69 
32 6 733 
61 82 628 
102 51 532 
39 54 238 
29 70 350 
77 61 203 
102 54 18 
28 29 773 
89 99 740 
21 3 493 
82 90 229 
62 15 588 
32 6 250 
6 81 359 
21 87 29 
61 35 39 
18 40 406 
24 50 197 
8 7 624 
97 75 679 
88 83 390 
7 59 521 
3 69 448 
73 47 450 
96 98 590 
60 9 351 
93 29 526 
88 5 514 
13 60 330 
6 56 71 
98 37 260 
49 19 806 
98 16 228 
42 60 539 
52 47 760 
97 30 420 
54 50 795 
36 6 370 
21 2 631 
87 96 806 
25 99 104 
48 77 86 
25 49 644 
75 64 761 
17 54 567 
100 38 476 
72 18 244 
91 54 49 
13 64 257 
89 30 142 
23 13 163 
31 18 497 
55 5 571 
85 73 664 
74 80 706 
6 20 425 
78 23 521 
21 17 636 
71 36 369 
9 37 109 
81 39 153 
64 54 412 
75 88 291 
11 47 271 
90 89 368 
50 19 603 
21 9 357 
81 13 66 
55 4 788 
44 62 668 
18 49 555 
59 6 282 
65 13 216 
38 33 265 
18 69 618 
33 33 228 
35 23 147 
73 89 234 
71 102 214 
13 10 405 
56 34 214 
56 95 801 
67 33 682 
13 88 50 
50 85 622 
13 65 357 
34 25 585 
71 11 323 
66 46 484 
41 89 33 
10 54 20 
79 84 810 
8 65 607 
80 68 811 
46 24 286 
14 26 36 
54 60 303 
84 81 701 
80 87 184 
89 92 397 
41 28 362 
82 4 276 
6 73 11 
79 7 816 
71 57 465 
74 27 709 
7 54 171 
57 89 239 
69 28 600 
18 101 793 
79 22 598 
28 41 327 
57 66 165 
3 10 432 
5 77 433 
39 15 197 
31 8 494 
38 84 308 
30 86 316 
17 15 623 
62 89 588 
6 2 698 
29 46 132 
19 19 492 
69 5 359 
70 54 96 
78 32 106 
51 89 761 
39 43 308 
38 100 448 
3 42 421 
46 43 172 
83 101 616 
69 12 569 
10 14 722 
2 71 643 
96 62 261 
29 41 678 
65 13 815 
81 69 481 
50 93 374 
63 18 629 
11 25 508 
25 89 433 
38 11 162 
45 43 616 
7 38 593 
61 44 311 
25 76 12 
70 82 249 
23 4 261 
19 22 158 
26 49 787 
13 94 373 
19 73 596 
81 93 248 
65 22 566 
26 76 254 
88 91 401 
10 40 338 
78 42 351 
34 4 694 
23 22 727 
2 21 772 
81 95 367 
29 44 582 
67 46 681 
73 7 490 
63 98 230 
3 32 251 
72 18 73 
57 38 419 
5 87 561 
90 60 582 
43 65 11 
77 47 659 
88 61 382 
80 45 767 
60 7 289 
85 73 47 
59 22 730 
60 32 26 
88 26 472 
96 26 470 
5 79 706 
14 32 344 
61 88 417 
49 17 579 
86 94 601 
17 99 254 
18 22 116 
65 33 307 
84 85 269 
100 91 178 
25 94 288 
91 77 536 
9 48 611 
95 26 690 
57 12 46 
20 77 311 
31 73 217 
29 80 38 
45 42 378 
51 32 387 
11 63 795 
31 26 185 
38 97 142 
10 9 424 
58 25 781 
32 11 175 
34 65 68 
97 71 147 
97 98 122 
33 48 292 
21 61 124 
29 86 518 
89 27 698 
85 85 653 
23 23 522 
77 73 449 
11 16 253 
27 19 549 
41 16 750 
82 36 229 
10 7 399 
84 91 399 
39 31 316 
34 44 682 
38 51 658 
30 76 388 
56 23 211 
62 24 262 
7 97 342 
50 90 569 
74 9 741 
60 77 632 
33 41 269 
17 40 343 
18 79 584 
49 91 552 
89 13 330 
47 28 114 
4 50 681 
19 79 767 
9 91 331 
71 63 286 
95 80 603 
5 99 287 
17 41 677 
86 45 370 
62 59 45 
76 63 631 
31 29 667 
79 57 226 
