4 6
300
85 29 59 70 1162 
40 85 76 71 584 
27 42 27 32 723 
69 53 43 12 563 
38 71 86 71 686 
89 50 16 101 887 
53 100 101 54 680 
16 89 72 13 666 
88 90 51 43 883 
59 13 47 93 202 
75 26 100 86 282 
15 44 90 14 100 
92 71 76 99 1189 
30 43 75 76 551 
81 82 32 58 735 
49 22 45 99 1206 
78 5 25 85 1211 
28 101 17 31 517 
74 102 60 5 788 
19 16 54 46 544 
19 39 72 48 454 
95 96 44 26 927 
95 101 93 16 390 
89 48 93 100 865 
30 27 46 34 895 
82 24 30 93 529 
35 70 101 55 1000 
41 35 79 48 70 
35 59 94 55 600 
74 11 46 73 948 
73 25 56 76 198 
94 95 40 75 699 
73 68 53 82 525 
27 3 40 34 1138 
56 71 47 94 463 
73 35 93 85 10 
73 80 58 16 888 
12 16 27 38 1101 
48 97 6 91 421 
69 8 13 13 290 
74 72 14 80 288 
4 80 64 38 549 
60 5 57 74 1050 
95 12 39 10 407 
14 78 4 44 581 
61 67 58 60 868 
67 24 82 62 357 
3 68 80 93 868 
33 54 91 94 386 
45 42 34 5 502 
59 71 5 79 145 
98 71 72 33 787 
39 24 6 67 972 
39 24 97 45 1040 
29 34 48 39 24 
62 89 12 13 57 
21 35 55 19 170 
98 20 5 50 411 
34 98 49 28 418 
11 50 26 14 1161 
23 47 91 20 169 
28 25 68 78 633 
11 61 61 28 555 
6 72 88 53 1017 
20 21 49 12 646 
33 86 22 5 1137 
14 65 100 18 1026 
76 46 36 6 1078 
76 54 29 98 306 
76 40 23 83 365 
41 64 75 31 939 
3 101 81 68 1014 
43 4 65 85 486 
48 63 45 45 876 
63 38 85 65 115 
68 94 52 87 967 
95 65 41 75 659 
52 92 70 41 1011 
77 66 71 23 572 
73 91 47 59 971 
15 97 80 12 845 
5 81 12 22 130 
11 50 97 89 1101 
80 65 92 31 1092 
57 94 5 62 1179 
99 69 64 19 464 
80 49 95 7 808 
100 87 31 6 618 
74 83 50 31 897 
29 71 84 33 840 
10 101 18 70 295 
23 94 20 15 886 
38 19 95 84 404 
64 57 91 23 1129 
95 36 88 80 218 
77 46 76 89 848 
29 87 33 50 366 
81 33 28 84 556 
8 68 18 34 175 
57 90 68 98 139 
74 82 63 41 922 
76 15 39 52 605 
79 20 34 46 555 
53 88 47 54 659 
33 31 10 77 1061 
29 20 56 66 772 
89 80 80 78 1186 
49 26 94 75 683 
68 96 78 34 840 
90 37 74 89 775 
71 45 16 44 986 
45 75 88 54 594 
58 61 75 89 766 
101 42 58 49 1205 
29 95 74 99 1071 
39 55 77 9 1211 
94 48 69 3 1152 
46 66 38 97 656 
76 40 42 26 1216 
9 23 91 72 850 
50 81 27 90 447 
78 72 19 57 536 
92 99 81 55 690 
13 94 74 95 226 
37 6 63 96 300 
91 55 50 99 983 
18 66 8 39 624 
16 23 81 67 228 
76 48 83 53 775 
79 61 89 70 1084 
17 51 98 53 417 
46 19 33 66 587 
25 24 22 76 340 
28 93 44 4 524 
92 15 10 76 544 
91 25 12 32 583 
31 67 82 11 800 
70 71 57 5 83 
98 91 17 19 1171 
54 28 9 26 460 
87 20 87 27 1205 
4 43 23 9 551 
24 9 3 18 230 
60 44 13 11 737 
59 39 40 98 569 
3 101 93 81 1133 
65 18 88 95 760 
13 82 57 12 781 
28 49 50 61 1039 
91 90 100 100 468 
12 17 99 66 982 
51 82 92 81 1195 
5 52 45 16 1008 
8 23 10 56 90 
80 89 3 47 413 
12 91 82 13 705 
15 2 95 43 1014 
49 20 25 15 166 
34 92 78 15 747 
78 6 35 78 968 
70 82 46 93 741 
25 16 54 32 857 
61 2 81 23 1042 
4 60 4 34 428 
89 100 97 43 923 
90 13 90 86 704 
8 58 5 34 1101 
34 58 4 82 737 
35 68 95 45 663 
34 13 57 30 717 
20 4 4 43 1123 
71 87 5 18 893 
14 28 70 74 787 
5 99 50 33 648 
48 58 24 73 20 
23 8 55 89 535 
79 58 63 28 478 
5 56 64 42 255 
49 55 88 9 595 
10 101 22 81 622 
37 65 25 77 152 
64 83 32 42 868 
66 34 18 74 1176 
57 67 44 36 746 
51 37 10 13 71 
95 72 17 25 1147 
24 87 76 38 107 
16 35 88 16 938 
25 26 24 71 701 
17 39 16 13 1143 
45 59 89 20 25 
2 57 15 71 237 
94 68 9 48 599 
80 60 82 65 1009 
24 81 30 59 467 
27 14 41 55 1112 
58 58 6 32 623 
67 100 58 36 102 
60 22 19 96 1036 
59 19 78 22 967 
58 59 52 31 872 
66 31 32 82 946 
90 18 61 80 773 
37 64 80 97 1031 
82 4 48 57 294 
4 64 35 74 992 
10 38 21 77 422 
102 8 77 60 1061 
37 70 79 59 246 
44 63 41 33 603 
97 41 83 38 1213 
56 13 97 7 848 
4 98 60 101 853 
54 100 87 46 778 
31 89 21 11 600 
13 27 91 37 1002 
43 25 4 25 1057 
70 57 85 77 981 
91 13 72 91 1031 
41 13 80 89 831 
47 78 97 70 243 
9 22 74 89 1074 
31 24 62 25 348 
81 96 37 14 19 
99 17 11 66 912 
21 19 32 26 121 
3 50 4 69 458 
67 30 36 5 968 
50 85 98 90 628 
70 53 49 63 60 
47 78 68 88 865 
32 69 33 95 14 
92 92 50 79 1068 
83 22 95 88 780 
53 62 33 35 655 
17 21 24 15 87 
70 72 71 22 789 
26 84 18 99 94 
100 99 43 4 1093 
60 37 21 2 857 
50 60 63 99 656 
88 47 34 34 686 
13 47 20 88 406 
21 23 30 15 771 
101 6 98 80 806 
56 21 31 46 1172 
82 2 23 45 726 
12 11 74 68 964 
81 52 85 43 1181 
55 81 57 71 858 
39 8 8 40 864 
46 64 85 33 1217 
69 18 90 39 931 
13 26 78 29 286 
12 51 64 36 1026 
52 23 57 84 162 
77 66 61 76 723 
76 96 86 74 192 
49 28 43 69 145 
65 63 49 67 1047 
31 5 29 48 735 
90 46 74 56 256 
25 9 3 20 297 
5 59 16 80 32 
19 42 6 14 928 
86 11 97 24 259 
90 76 92 98 1033 
74 39 15 16 875 
31 24 32 53 1133 
42 27 24 45 111 
8 49 71 64 840 
90 101 18 72 930 
81 51 51 35 397 
51 19 7 36 634 
68 46 2 8 897 
97 12 54 21 438 
61 88 55 15 188 
43 7 30 30 1175 
75 23 45 40 1131 
82 75 99 21 535 
25 21 90 93 525 
64 49 65 91 906 
80 49 99 37 204 
95 98 38 19 1112 
46 92 80 40 961 
47 3 64 16 1139 
24 15 35 77 160 
42 100 64 73 652 
97 45 41 56 222 
29 26 10 24 1220 
86 39 82 30 1222 
35 44 52 14 1193 
63 86 51 98 639 
67 15 24 24 936 
97 36 67 66 1175 
3 53 26 22 635 
24 95 43 16 115 
87 35 7 78 976 
100 50 52 75 1126 
12 96 44 3 651 
