2 4
300
90 13 556 
77 42 239 
5 65 327 
30 61 466 
82 34 507 
32 24 712 
61 63 410 
98 43 16 
86 27 594 
66 76 461 
91 50 776 
16 36 503 
92 92 335 
11 27 525 
59 63 441 
76 96 15 
101 24 479 
50 24 165 
95 93 576 
68 93 128 
58 41 727 
86 42 89 
64 68 803 
3 43 257 
48 52 294 
88 42 647 
50 12 253 
73 67 425 
100 43 219 
77 22 348 
93 25 808 
27 55 702 
77 75 180 
45 14 226 
5 100 666 
29 4 583 
86 10 423 
93 21 665 
87 87 601 
39 88 808 
86 89 374 
58 12 145 
34 23 798 
52 13 544 
59 6 802 
5 70 546 
72 72 317 
57 93 107 
93 102 39 
20 43 550 
14 40 712 
25 61 205 
84 49 725 
66 97 661 
76 36 790 
87 36 117 
85 83 142 
9 69 128 
62 31 783 
35 67 82 
15 17 653 
32 40 595 
81 36 369 
75 24 171 
80 8 615 
60 84 464 
18 7 538 
92 36 488 
52 8 583 
74 65 251 
31 51 669 
81 53 656 
3 45 787 
26 8 812 
71 12 486 
99 31 493 
42 5 384 
41 19 489 
46 24 655 
22 82 264 
3 10 586 
17 46 594 
41 101 451 
97 59 316 
62 94 812 
68 23 202 
2 56 626 
13 34 491 
86 92 264 
24 37 235 
2 83 513 
66 25 802 
30 57 536 
89 60 246 
7 47 375 
10 81 202 
62 80 11 
58 22 220 
58 92 620 
14 33 446 
43 19 523 
29 97 620 
78 98 569 
3 41 546 
61 15 782 
49 8 706 
16 77 89 
10 64 467 
30 47 496 
38 11 263 
24 18 194 
13 48 337 
68 81 412 
72 34 679 
57 61 321 
36 99 55 
33 11 690 
91 100 455 
46 35 446 
9 101 410 
17 42 711 
40 81 186 
45 50 550 
57 83 225 
38 46 351 
30 55 26 
20 95 393 
56 7 815 
50 35 152 
70 69 109 
89 61 650 
2 57 755 
98 19 654 
18 93 399 
41 78 232 
59 55 436 
15 18 656 
54 91 48 
4 63 287 
89 92 376 
6 77 658 
56 70 177 
50 38 731 
52 33 289 
25 4 20 
101 17 234 
74 92 651 
67 57 417 
35 37 575 
76 100 764 
60 11 226 
36 14 131 
70 87 71 
9 11 143 
66 64 693 
47 31 712 
5 5 378 
8 17 811 
68 41 164 
32 23 270 
53 76 310 
98 95 185 
10 91 729 
88 33 245 
22 67 663 
65 3 758 
68 90 54 
85 72 777 
49 53 764 
30 70 596 
98 40 521 
77 58 291 
81 70 568 
64 39 326 
100 19 585 
18 88 412 
20 6 310 
29 66 276 
29 70 30 
45 50 342 
31 82 171 
18 92 757 
68 47 78 
48 85 275 
25 6 411 
69 87 435 
26 33 528 
45 12 526 
37 71 610 
32 51 716 
34 39 159 
30 36 471 
21 84 221 
81 52 342 
43 75 169 
6 6 491 
85 62 675 
52 21 143 
79 88 572 
58 83 174 
20 38 781 
24 16 378 
16 98 572 
95 50 31 
28 47 661 
25 4 304 
46 33 535 
17 49 726 
7 84 147 
4 53 392 
90 65 6 
8 63 117 
48 21 483 
76 92 67 
92 93 103 
81 26 606 
38 56 682 
35 15 411 
58 5 731 
9 19 260 
30 14 368 
24 7 694 
5 23 685 
69 79 675 
80 72 335 
60 27 456 
78 28 474 
46 67 787 
66 57 410 
52 52 469 
27 41 24 
29 48 634 
65 70 699 
29 78 30 
92 72 632 
3 57 351 
11 100 643 
36 32 741 
76 87 384 
51 60 413 
37 55 575 
28 44 308 
82 53 195 
65 97 463 
72 51 408 
57 55 782 
21 65 813 
9 43 425 
81 93 75 
14 56 500 
33 16 85 
37 95 192 
35 66 224 
42 23 37 
21 48 31 
24 66 664 
43 21 258 
53 31 770 
53 30 97 
20 50 421 
31 70 792 
64 34 654 
48 37 462 
29 24 729 
71 81 348 
97 90 775 
50 58 224 
30 73 281 
32 82 694 
18 86 529 
14 17 133 
78 13 433 
9 59 113 
25 78 235 
27 16 798 
44 84 411 
54 57 327 
19 72 746 
26 3 790 
65 35 431 
97 32 414 
94 17 58 
75 95 556 
92 90 255 
83 27 659 
101 5 465 
39 90 795 
37 66 237 
27 97 365 
27 53 86 
58 47 197 
63 30 371 
80 35 811 
93 71 731 
84 64 551 
11 38 368 
13 28 800 
42 28 371 
57 62 542 
24 69 166 
