2 4
300
95 71 116 
86 3 714 
2 78 226 
39 19 474 
16 79 361 
6 8 673 
55 65 594 
24 13 543 
4 77 557 
82 93 640 
54 39 636 
47 26 456 
54 72 456 
52 95 584 
43 68 736 
58 48 535 
8 91 494 
52 11 317 
30 72 472 
50 85 211 
21 23 691 
51 86 652 
82 71 438 
90 54 296 
29 5 568 
3 83 373 
78 48 239 
5 76 21 
20 4 232 
41 19 438 
100 6 712 
32 32 591 
89 94 662 
12 77 628 
14 19 298 
26 25 45 
71 29 729 
14 73 300 
99 19 381 
84 33 671 
54 43 427 
2 92 394 
51 99 597 
99 16 724 
67 68 577 
54 93 464 
68 96 643 
25 72 732 
66 88 270 
53 35 115 
28 6 499 
101 61 283 
27 14 223 
90 77 221 
34 74 105 
3 50 45 
68 46 211 
92 18 308 
5 31 579 
65 38 36 
17 100 516 
61 73 83 
30 68 62 
38 29 645 
32 80 150 
54 93 800 
79 66 314 
30 87 726 
90 38 719 
25 97 247 
66 64 621 
25 75 630 
66 75 7 
5 75 670 
100 32 141 
49 62 315 
21 54 310 
75 88 589 
68 90 113 
76 73 291 
24 6 573 
79 74 534 
5 9 43 
43 90 146 
99 76 740 
58 32 447 
74 43 618 
52 6 360 
94 93 624 
6 59 696 
66 92 17 
67 83 561 
14 23 471 
54 46 437 
35 80 519 
22 77 93 
83 12 473 
61 4 243 
62 74 4 
28 87 666 
91 101 408 
22 80 804 
18 34 765 
24 46 77 
99 22 797 
24 18 212 
82 74 128 
67 24 387 
29 6 713 
74 7 70 
70 88 291 
78 65 366 
6 16 8 
67 6 352 
19 61 534 
51 64 669 
34 40 459 
76 48 108 
68 26 626 
5 94 597 
13 46 223 
87 56 479 
76 23 471 
55 21 22 
27 17 554 
74 50 515 
84 81 348 
7 42 553 
54 96 327 
25 12 319 
70 3 175 
30 56 495 
18 34 49 
9 77 337 
26 81 155 
56 51 249 
47 96 621 
16 23 113 
33 8 29 
61 35 488 
21 53 90 
21 87 146 
83 99 503 
9 59 129 
59 77 32 
3 83 501 
51 100 365 
12 79 135 
65 57 656 
10 99 393 
59 58 808 
48 90 197 
32 8 768 
3 75 425 
71 40 304 
62 58 372 
12 31 203 
44 13 284 
17 11 602 
96 58 249 
39 76 5 
16 52 2 
19 13 710 
82 73 617 
69 50 213 
95 43 322 
81 5 802 
37 100 553 
25 17 376 
66 33 647 
52 38 407 
66 66 807 
54 57 719 
39 46 369 
60 32 478 
51 77 513 
11 25 556 
36 17 436 
34 4 621 
35 92 285 
56 54 656 
10 32 286 
28 5 684 
29 43 700 
53 44 479 
55 78 551 
11 76 329 
85 58 70 
13 18 171 
99 34 503 
25 21 532 
55 85 749 
67 53 6 
26 25 585 
81 84 667 
84 85 597 
97 81 213 
11 26 131 
97 73 787 
74 99 115 
16 31 584 
24 6 182 
23 100 483 
69 90 212 
69 88 416 
71 6 605 
29 31 267 
50 4 433 
38 16 778 
51 61 99 
97 95 441 
89 11 769 
2 59 633 
62 64 695 
16 30 738 
2 44 310 
67 28 547 
24 47 553 
83 69 224 
21 89 732 
29 73 321 
49 73 782 
74 82 624 
59 70 388 
98 69 550 
49 36 605 
64 37 594 
59 86 269 
47 75 387 
88 7 349 
69 84 571 
90 35 738 
48 69 461 
97 30 502 
64 10 471 
21 28 639 
2 36 271 
55 58 420 
19 71 709 
8 4 804 
50 88 613 
36 92 708 
79 11 281 
79 3 546 
20 70 59 
13 98 621 
77 28 385 
71 88 583 
12 16 209 
21 73 520 
6 42 528 
60 48 350 
88 30 154 
73 44 143 
46 26 267 
68 38 721 
46 8 599 
13 33 625 
53 81 815 
6 26 620 
63 61 310 
73 75 505 
4 62 177 
66 27 557 
59 6 682 
32 27 508 
41 46 638 
39 76 533 
92 95 70 
90 8 547 
45 85 33 
45 12 678 
81 75 411 
73 66 618 
69 82 658 
7 55 221 
95 24 443 
40 67 657 
100 26 692 
75 82 659 
56 16 437 
57 23 346 
66 17 773 
3 52 424 
14 70 650 
4 72 768 
87 87 322 
83 97 693 
15 7 147 
25 47 697 
100 9 758 
72 19 408 
24 14 480 
40 43 318 
34 94 582 
4 28 789 
3 97 440 
93 90 779 
43 74 155 
71 44 133 
