4 8
300
81 5 89 55 104 
37 81 53 8 1155 
84 25 75 61 812 
53 99 36 8 1452 
50 30 86 73 372 
83 49 70 44 954 
73 46 75 27 962 
62 45 63 75 980 
45 42 81 26 519 
96 7 66 57 203 
66 40 73 48 1042 
54 21 17 33 413 
89 13 11 49 1628 
40 52 49 102 1460 
10 38 63 48 757 
10 51 62 42 477 
78 85 15 32 1547 
35 76 28 63 122 
44 30 32 50 1187 
34 33 34 26 1528 
46 59 66 68 76 
30 79 27 102 906 
5 60 78 4 799 
6 99 81 54 1092 
66 26 88 94 782 
82 7 15 75 234 
79 19 38 48 1397 
21 21 49 27 1094 
58 51 29 8 73 
85 54 31 101 1122 
37 54 81 59 478 
22 73 74 20 399 
24 66 53 88 1277 
88 24 32 18 489 
87 52 56 88 185 
17 99 82 90 1058 
30 79 16 7 1299 
28 40 81 19 1070 
50 49 31 3 728 
94 100 43 30 301 
63 24 15 71 1371 
87 99 96 48 227 
25 93 86 55 1566 
48 52 49 8 860 
50 45 15 53 1340 
39 23 56 43 323 
20 58 55 72 65 
8 66 47 23 1550 
30 46 35 5 691 
59 66 78 7 1611 
44 53 37 77 1144 
20 12 64 89 763 
66 46 55 28 1567 
70 41 16 51 1467 
84 7 28 13 401 
6 12 12 10 415 
75 47 51 44 1275 
69 22 80 102 1407 
98 4 60 76 509 
86 93 9 9 1218 
20 52 29 17 275 
39 26 26 52 1076 
10 2 56 64 1196 
21 97 12 50 471 
49 63 16 65 1525 
82 49 54 82 657 
15 5 4 36 118 
26 20 36 27 674 
45 98 29 36 1283 
98 50 99 3 194 
91 83 61 80 447 
59 38 66 23 595 
92 74 46 12 867 
6 100 22 56 813 
4 63 87 9 1401 
53 36 83 87 1584 
35 52 54 70 830 
34 47 26 8 815 
90 56 15 91 834 
73 54 19 83 1214 
101 29 44 53 170 
30 98 54 95 1242 
25 57 81 26 61 
42 22 78 62 346 
62 75 16 7 1010 
49 50 98 58 241 
102 19 102 12 1604 
7 10 3 60 368 
38 95 34 32 434 
35 77 90 87 178 
53 77 59 62 242 
27 15 39 91 1027 
82 102 98 80 1249 
8 57 71 28 1602 
34 21 21 39 1389 
69 44 85 80 474 
74 62 12 47 1036 
26 62 42 97 1189 
94 72 14 97 693 
38 99 56 56 335 
80 8 64 89 1282 
34 59 22 76 785 
86 32 61 62 1476 
22 92 53 16 853 
48 17 76 55 104 
64 9 26 97 801 
72 90 32 60 835 
68 100 25 69 511 
69 42 68 49 1454 
64 13 54 6 369 
49 48 41 4 1213 
65 34 11 83 275 
27 35 27 27 1281 
98 2 4 11 394 
24 68 86 85 1384 
8 51 28 66 725 
53 57 21 74 42 
25 51 30 85 1436 
36 91 44 52 104 
36 16 42 71 1521 
63 11 45 82 9 
82 64 58 19 1111 
16 8 47 39 1078 
71 16 55 25 902 
49 75 20 23 1471 
35 26 36 79 825 
94 10 59 73 1353 
43 15 41 74 366 
63 94 13 17 1200 
30 46 7 86 601 
22 63 19 16 750 
91 93 24 92 1098 
58 30 81 68 1244 
8 51 76 56 404 
59 77 84 3 1537 
57 63 5 50 1021 
91 21 53 42 496 
33 93 46 27 1533 
52 93 50 7 1087 
35 15 47 41 1100 
81 72 54 61 1308 
47 82 19 21 1483 
29 90 76 30 1273 
39 79 41 38 743 
17 7 51 62 1215 
67 29 79 36 995 
44 19 66 82 1370 
21 69 93 62 1394 
53 76 26 36 1085 
64 19 23 29 486 
58 76 11 96 849 
75 23 94 87 241 
20 4 85 61 801 
13 27 96 46 960 
71 88 81 53 1538 
43 83 17 95 205 
50 8 53 6 81 
70 10 72 30 177 
100 78 9 47 1100 
51 93 68 87 910 
39 25 79 70 984 
72 97 60 101 175 
94 9 100 74 1086 
14 54 80 56 1326 
5 56 68 35 993 
96 81 36 85 744 
52 18 31 40 1224 
27 31 85 46 565 
75 52 73 20 309 
93 79 36 81 908 
99 15 14 6 867 
85 60 46 9 1083 
93 64 77 56 990 
78 79 63 99 682 
84 71 36 21 142 
54 86 50 16 1133 
19 47 57 30 795 
39 6 27 87 1501 
69 88 78 80 707 
13 78 19 59 697 
16 19 39 39 1193 
30 81 95 97 13 
101 12 32 40 811 
49 9 49 7 387 
74 54 78 7 1220 
99 95 58 78 1591 
79 69 93 74 900 
2 10 20 57 342 
60 13 32 86 1517 
59 58 40 30 1579 
6 31 13 35 1151 
65 43 34 64 1244 
37 25 19 100 390 
34 21 60 84 809 
41 91 94 86 1071 
63 24 94 14 288 
43 57 30 81 1521 
50 58 60 3 1509 
62 78 57 80 1408 
37 97 34 62 999 
40 100 58 81 944 
17 39 29 70 161 
43 50 21 47 578 
82 97 39 7 1235 
78 63 59 92 1468 
65 36 16 100 497 
68 91 34 53 1292 
45 101 51 23 1276 
14 31 92 93 838 
13 59 12 45 109 
42 60 29 86 1393 
79 43 68 91 1546 
83 25 31 39 718 
54 19 70 68 1512 
83 48 18 29 1046 
49 73 67 41 1288 
9 26 73 94 1467 
10 64 49 68 35 
3 35 62 29 1589 
91 2 54 49 1623 
97 90 46 53 424 
97 44 3 22 632 
8 78 29 12 1439 
59 54 39 50 584 
92 71 4 66 1488 
49 87 91 31 1228 
48 21 20 41 1377 
20 82 22 68 1549 
68 63 29 29 1571 
28 8 53 41 662 
38 65 7 14 156 
27 88 83 61 1281 
12 55 74 47 1509 
89 60 90 28 1145 
79 34 73 55 1131 
31 44 77 69 1071 
43 37 52 91 634 
85 16 8 32 962 
34 101 63 89 1390 
16 91 84 37 158 
70 20 27 70 1033 
6 94 54 45 1312 
85 13 15 96 609 
77 4 85 8 158 
74 54 60 69 628 
80 74 86 70 907 
42 62 42 60 1598 
25 12 84 27 566 
93 64 66 51 1232 
22 88 69 52 165 
14 8 77 27 608 
18 63 60 32 1384 
34 10 87 89 661 
25 73 57 98 237 
67 22 60 74 309 
12 90 10 93 296 
95 7 36 60 719 
36 87 17 23 1337 
64 53 54 43 37 
85 80 79 11 854 
51 32 73 38 728 
93 51 6 8 441 
30 54 69 14 1502 
30 76 29 45 111 
40 58 37 16 852 
16 70 19 72 591 
35 14 101 41 1125 
64 36 100 15 861 
87 83 11 96 883 
12 86 42 51 1219 
11 53 35 4 230 
95 98 59 85 498 
25 34 36 72 1539 
18 55 30 45 486 
96 78 16 92 354 
59 50 43 62 687 
32 30 70 97 451 
84 80 99 27 1241 
68 79 17 85 485 
55 49 40 102 618 
59 58 99 21 1325 
35 39 45 83 932 
47 57 99 43 11 
97 65 41 45 202 
40 58 5 69 1032 
18 63 33 63 1113 
11 11 43 24 1382 
76 33 51 16 1544 
47 37 18 70 503 
13 82 75 84 569 
92 11 98 89 1625 
4 55 32 58 1057 
74 7 84 15 778 
38 16 77 59 438 
65 16 27 50 1091 
5 42 37 38 849 
38 89 51 28 1275 
3 16 56 25 1355 
23 3 96 51 367 
42 55 6 22 1545 
