4 4
300
15 47 36 68 797 
16 89 55 66 778 
17 13 11 91 71 
87 49 75 90 726 
48 41 71 21 811 
81 41 8 87 221 
14 72 92 13 42 
40 55 3 55 276 
66 13 63 87 184 
50 11 26 85 110 
35 92 20 101 731 
76 77 16 69 153 
77 83 70 39 681 
47 24 100 86 573 
34 48 21 56 209 
37 80 86 99 420 
72 17 25 74 766 
24 54 93 23 250 
65 41 37 37 480 
84 45 27 3 630 
28 14 42 15 667 
89 73 65 76 447 
99 93 19 17 399 
62 60 98 45 501 
95 33 78 55 60 
95 13 87 98 353 
94 55 85 22 205 
60 77 12 92 55 
54 91 19 69 276 
74 23 21 88 806 
26 49 84 42 687 
97 37 88 8 724 
78 88 70 33 513 
46 10 99 92 740 
87 51 8 38 80 
6 16 12 22 288 
74 93 101 99 157 
47 73 45 38 244 
25 91 6 4 248 
68 23 88 6 734 
66 26 31 97 116 
77 42 48 32 652 
83 28 69 73 141 
87 89 73 14 144 
75 67 63 63 554 
98 46 7 8 360 
85 30 8 32 579 
49 64 5 85 357 
7 27 15 58 398 
99 24 35 86 371 
80 52 77 88 143 
102 65 71 29 149 
33 38 42 88 790 
55 22 39 102 569 
25 86 90 70 104 
49 54 7 14 578 
76 13 22 63 537 
35 55 21 15 582 
87 96 78 67 105 
71 88 28 61 782 
79 87 36 17 187 
96 65 9 76 575 
50 59 59 59 361 
22 18 81 23 524 
102 3 26 31 692 
31 10 25 57 357 
63 27 48 18 765 
91 79 7 40 583 
72 49 47 44 191 
30 39 21 23 757 
55 9 8 97 785 
78 63 7 32 766 
88 42 53 32 76 
25 13 43 65 451 
45 13 43 51 769 
55 57 84 7 466 
94 91 4 65 739 
57 22 53 22 144 
30 74 77 46 695 
32 97 17 35 7 
19 98 58 68 409 
44 67 58 3 355 
23 81 102 75 18 
99 39 91 42 444 
5 62 23 48 223 
73 37 99 66 520 
60 42 51 7 328 
97 35 39 15 394 
91 65 52 79 788 
51 74 4 44 717 
95 8 77 81 796 
59 78 13 40 650 
9 71 94 39 699 
82 32 97 35 55 
67 2 78 94 532 
42 11 46 51 635 
100 35 57 78 575 
54 67 72 9 675 
22 24 100 35 337 
23 73 15 93 133 
22 79 71 38 190 
95 32 86 16 472 
50 34 64 63 663 
76 16 18 69 280 
17 61 90 52 710 
45 4 45 52 363 
71 98 55 35 473 
23 66 21 55 632 
24 84 59 51 283 
90 62 40 54 550 
9 57 48 59 9 
63 91 21 51 656 
93 88 35 71 727 
54 80 31 5 489 
12 97 64 91 103 
36 4 41 18 806 
85 66 94 85 306 
15 52 99 34 793 
35 47 72 75 704 
37 50 89 62 672 
12 33 37 94 470 
14 95 59 46 549 
60 52 5 52 798 
29 97 52 34 618 
5 84 99 7 221 
67 26 91 5 630 
87 17 81 35 726 
53 31 102 28 205 
22 95 54 67 318 
85 44 22 77 484 
43 100 57 87 652 
30 36 32 67 757 
90 6 56 69 669 
45 73 72 63 380 
100 97 26 9 454 
12 32 34 69 358 
25 6 16 46 298 
89 62 96 56 496 
19 101 37 35 302 
18 41 87 85 780 
14 74 62 31 498 
48 76 50 31 572 
101 4 65 23 569 
86 92 12 33 776 
86 79 18 2 241 
101 62 94 72 322 
73 47 51 73 257 
53 46 87 85 739 
15 13 67 85 507 
17 38 16 65 428 
28 31 56 90 98 
38 57 61 101 505 
88 84 80 92 811 
56 55 94 92 151 
42 6 29 42 671 
75 13 35 40 119 
65 49 30 20 106 
43 93 64 61 779 
98 87 88 23 41 
32 35 77 86 68 
64 46 26 47 101 
24 5 16 8 321 
26 25 23 87 804 
41 56 62 79 475 
65 93 35 96 186 
57 21 7 37 423 
42 38 51 32 425 
21 25 85 8 741 
41 79 58 22 581 
75 66 3 25 536 
78 74 101 28 365 
73 13 31 24 465 
5 99 80 56 811 
90 76 93 35 647 
18 73 57 88 160 
89 37 14 25 403 
94 20 85 72 617 
69 39 25 87 660 
10 96 63 51 714 
43 101 4 23 676 
102 75 70 46 404 
7 20 14 9 474 
38 101 8 75 534 
88 16 10 80 262 
53 53 8 54 581 
24 12 8 101 637 
90 35 94 42 407 
21 52 41 23 574 
52 27 18 30 369 
11 90 90 85 17 
29 92 25 91 261 
51 69 17 74 222 
97 13 16 31 570 
4 9 67 25 381 
37 77 90 10 670 
28 37 80 9 505 
36 24 25 99 417 
100 12 5 11 12 
54 37 69 96 613 
40 13 90 60 349 
4 25 67 39 544 
54 4 17 9 49 
16 91 10 13 760 
75 91 19 80 587 
95 6 59 24 775 
3 10 96 35 357 
17 49 22 67 487 
13 59 88 32 810 
98 97 98 5 714 
64 29 58 2 18 
52 96 12 88 410 
100 68 45 44 540 
45 10 84 65 740 
69 71 46 53 670 
18 5 89 80 623 
100 11 56 36 267 
76 54 96 33 767 
23 39 36 17 504 
47 17 46 66 456 
89 14 35 14 172 
95 85 7 20 704 
49 9 34 12 427 
91 15 10 11 751 
93 16 53 71 569 
32 37 31 91 308 
3 61 25 25 726 
87 78 43 16 321 
93 49 77 47 387 
16 7 27 64 591 
34 9 37 74 528 
75 63 65 45 745 
61 56 18 83 696 
90 87 11 23 545 
15 73 97 72 9 
46 41 8 24 457 
26 12 69 19 49 
96 27 53 60 132 
26 15 101 24 658 
39 34 97 62 488 
31 98 6 98 482 
62 14 66 73 169 
36 57 43 89 548 
50 89 101 77 741 
65 36 53 7 348 
3 75 74 92 519 
15 46 49 64 218 
30 9 73 60 372 
85 62 81 39 669 
71 74 14 57 264 
52 35 22 71 789 
97 47 101 55 478 
90 41 77 10 67 
92 11 81 62 318 
44 18 43 32 68 
5 57 16 25 599 
31 63 19 59 109 
82 26 80 68 256 
86 10 20 102 471 
45 88 73 31 753 
63 95 54 18 738 
36 94 92 63 767 
43 33 78 82 244 
29 24 19 97 233 
67 33 15 31 452 
36 100 43 74 531 
19 85 87 33 106 
38 11 3 69 642 
89 36 19 74 740 
55 33 40 72 249 
23 70 79 3 221 
32 82 25 63 460 
39 53 20 98 627 
59 48 48 69 767 
20 23 52 18 337 
33 16 43 40 22 
5 62 73 43 361 
51 8 86 6 679 
58 88 42 13 344 
38 18 23 97 273 
9 88 73 78 100 
101 20 63 62 781 
17 40 86 61 439 
79 82 79 54 228 
53 64 44 86 312 
34 84 42 76 45 
17 95 49 7 782 
19 90 97 31 366 
33 48 26 10 553 
19 4 83 59 531 
58 41 72 69 673 
46 46 89 40 650 
20 80 89 56 655 
24 94 81 65 303 
91 87 49 9 788 
7 41 36 18 170 
33 3 85 11 406 
79 26 81 25 423 
75 3 60 52 222 
55 61 71 30 371 
27 24 20 22 623 
