2 2
300
18 52 25 
45 53 68 
79 31 33 
93 84 325 
101 58 205 
101 22 363 
23 28 190 
51 18 145 
85 64 6 
34 86 185 
17 43 79 
96 52 362 
44 33 402 
57 46 57 
13 31 66 
83 47 117 
41 28 223 
81 48 402 
74 69 138 
72 62 364 
17 47 186 
65 78 170 
63 7 25 
63 59 365 
92 69 336 
35 40 356 
21 5 67 
75 95 234 
93 38 389 
23 23 337 
57 74 292 
11 41 402 
70 51 217 
76 22 165 
25 80 285 
67 91 323 
18 41 121 
48 53 233 
75 45 214 
90 74 164 
48 42 342 
25 8 348 
20 83 113 
86 67 365 
36 47 336 
78 52 62 
89 28 194 
18 7 336 
55 11 86 
17 38 394 
48 82 313 
15 30 328 
58 102 293 
86 49 33 
54 34 305 
42 14 26 
77 99 379 
39 3 189 
95 32 146 
4 72 399 
67 6 183 
33 39 346 
15 23 69 
4 22 206 
45 5 322 
42 67 295 
10 16 395 
17 42 162 
6 11 323 
33 22 403 
47 57 124 
76 22 178 
65 23 387 
92 29 369 
91 74 316 
45 96 399 
69 55 267 
65 96 229 
3 52 260 
7 29 117 
8 84 7 
20 59 266 
22 71 339 
38 79 178 
79 20 354 
8 27 276 
64 63 63 
83 65 274 
36 84 248 
76 75 287 
82 60 385 
68 86 183 
91 74 64 
14 24 102 
17 34 313 
24 88 313 
71 97 101 
98 45 269 
15 27 78 
36 86 310 
7 48 393 
15 58 79 
51 13 138 
44 19 220 
54 52 159 
92 69 132 
92 14 390 
86 7 320 
48 86 60 
31 55 244 
28 57 357 
41 10 312 
30 4 309 
60 75 307 
45 29 317 
73 46 382 
29 25 238 
89 46 297 
82 23 170 
20 69 296 
6 22 237 
76 18 255 
68 15 173 
64 64 265 
58 35 159 
22 43 318 
3 77 163 
23 4 123 
3 41 46 
17 61 356 
37 12 142 
5 55 216 
19 71 45 
17 7 128 
53 67 250 
95 33 48 
36 62 325 
66 19 378 
35 86 77 
30 74 317 
53 53 220 
57 29 213 
32 55 324 
88 5 293 
69 87 286 
11 71 153 
71 10 36 
101 83 405 
10 73 378 
44 72 285 
36 91 395 
35 66 220 
79 99 153 
11 65 316 
34 50 233 
10 98 132 
25 26 59 
84 61 263 
71 54 287 
56 49 230 
61 90 339 
12 54 58 
77 36 89 
18 33 298 
102 61 186 
33 69 137 
44 102 306 
63 21 189 
58 55 123 
35 66 51 
86 25 203 
83 52 305 
96 25 391 
45 35 255 
13 8 380 
43 84 408 
21 40 346 
39 14 194 
83 101 283 
39 56 406 
86 44 287 
11 35 36 
25 21 40 
73 38 183 
39 101 274 
14 52 55 
55 16 290 
32 16 106 
29 49 46 
4 102 211 
7 60 281 
98 61 369 
94 3 300 
87 20 256 
93 50 9 
42 101 53 
82 71 199 
58 86 162 
30 56 119 
46 84 352 
99 23 81 
60 67 322 
78 43 167 
79 22 199 
41 70 394 
10 41 267 
26 89 194 
100 24 127 
5 51 300 
31 70 21 
64 50 81 
89 90 394 
45 35 339 
25 67 239 
74 6 200 
2 19 68 
45 22 63 
65 23 387 
41 101 406 
91 57 66 
7 48 298 
38 17 295 
31 54 329 
102 67 28 
84 3 93 
91 28 76 
84 5 135 
59 88 197 
92 100 113 
26 51 362 
99 56 317 
69 19 76 
87 38 361 
79 73 264 
38 45 224 
11 83 82 
74 52 296 
83 9 214 
85 50 245 
27 48 71 
47 7 16 
94 5 46 
31 17 341 
6 5 369 
32 7 131 
70 24 178 
95 83 71 
10 54 402 
18 18 196 
27 86 283 
60 62 368 
73 34 272 
63 46 165 
46 82 270 
38 70 191 
84 54 7 
23 17 110 
19 33 265 
2 39 215 
7 78 355 
65 5 129 
16 48 177 
2 60 302 
67 9 317 
5 52 8 
53 73 343 
54 36 262 
49 7 283 
45 44 120 
27 73 384 
16 58 279 
55 83 312 
37 24 92 
6 84 382 
29 57 33 
51 15 333 
65 51 270 
71 55 171 
25 18 402 
64 73 20 
16 77 354 
82 53 209 
11 52 283 
27 18 202 
64 51 214 
73 21 203 
64 96 116 
49 64 92 
30 47 16 
29 32 263 
80 75 208 
20 92 31 
9 50 18 
59 42 260 
14 40 137 
19 9 19 
91 54 396 
51 2 318 
78 69 54 
67 54 27 
