2 2
300
10 70 173 
5 93 287 
59 63 198 
22 53 35 
40 7 247 
22 11 299 
100 46 206 
82 19 323 
80 50 247 
89 37 268 
74 65 67 
91 64 374 
45 3 392 
75 85 211 
93 32 89 
7 35 206 
28 5 337 
66 4 74 
8 31 211 
65 27 173 
12 71 108 
85 50 358 
94 51 176 
71 79 33 
79 27 248 
101 91 356 
60 75 64 
12 63 128 
85 11 250 
100 85 135 
42 82 314 
56 65 57 
27 10 336 
36 15 343 
9 60 109 
77 88 314 
59 9 165 
66 8 210 
29 2 37 
97 102 161 
29 96 271 
12 31 396 
33 26 256 
49 75 329 
7 26 249 
33 4 14 
7 10 92 
86 43 309 
95 78 303 
28 29 257 
7 33 36 
45 9 78 
20 99 120 
31 46 257 
16 12 140 
62 62 335 
92 98 398 
8 92 374 
19 45 216 
93 20 217 
25 7 395 
102 44 175 
74 64 71 
44 16 23 
76 77 262 
61 72 129 
44 35 67 
94 37 128 
67 101 166 
19 28 262 
68 29 325 
78 9 160 
68 16 276 
93 89 399 
67 50 336 
94 33 62 
30 60 298 
23 51 345 
39 32 287 
68 37 176 
4 58 147 
55 78 353 
28 100 281 
27 95 227 
66 52 188 
20 29 354 
51 75 278 
28 91 279 
93 47 319 
97 41 311 
71 2 326 
27 91 130 
64 14 296 
98 69 137 
48 5 265 
19 59 403 
41 21 15 
86 19 252 
77 78 274 
69 64 128 
11 33 242 
95 59 378 
78 41 250 
16 58 64 
16 55 28 
37 82 352 
6 76 357 
81 58 85 
75 87 342 
20 51 53 
66 97 207 
43 89 148 
76 55 189 
74 44 75 
40 26 254 
90 71 260 
57 42 395 
83 66 358 
46 31 305 
41 22 292 
11 60 367 
51 52 253 
67 75 270 
73 63 109 
42 33 132 
72 43 131 
60 87 66 
22 65 39 
18 85 127 
65 100 237 
63 37 138 
77 65 344 
30 91 304 
2 25 392 
100 87 326 
72 43 133 
58 76 359 
45 82 142 
58 91 386 
83 35 272 
33 4 308 
10 11 105 
95 67 279 
50 44 214 
59 60 254 
22 24 319 
31 48 175 
100 9 98 
72 20 225 
101 21 303 
92 49 232 
10 71 89 
23 91 309 
57 79 309 
66 10 134 
38 88 93 
75 38 272 
19 54 355 
26 35 386 
54 40 370 
72 96 190 
96 60 385 
98 51 362 
43 101 136 
4 77 279 
69 36 405 
93 36 135 
34 28 339 
10 75 389 
72 86 150 
29 71 209 
87 86 341 
31 72 204 
40 42 149 
36 34 152 
36 16 315 
21 59 401 
97 63 20 
60 40 276 
65 88 348 
101 28 267 
54 16 124 
84 20 369 
87 40 264 
52 55 383 
99 101 385 
48 76 240 
20 53 112 
40 34 34 
49 29 190 
18 68 341 
67 41 60 
73 84 77 
9 54 394 
89 36 79 
36 48 35 
13 63 161 
75 19 53 
28 83 306 
40 16 334 
24 37 370 
46 71 295 
83 87 57 
81 28 72 
78 41 91 
64 34 72 
10 6 352 
102 38 269 
9 45 198 
73 40 240 
41 35 277 
39 87 70 
8 45 266 
49 55 248 
97 33 147 
24 99 321 
93 66 201 
59 32 41 
98 24 405 
27 39 106 
26 12 192 
57 42 379 
52 41 222 
7 58 363 
54 63 212 
28 7 22 
32 87 188 
72 82 301 
12 84 11 
60 43 257 
20 83 24 
41 25 175 
16 42 372 
45 74 237 
26 87 35 
62 7 283 
60 72 70 
96 97 213 
82 56 123 
75 47 237 
93 93 402 
93 90 307 
86 15 157 
11 14 268 
16 89 53 
90 47 388 
68 52 314 
35 2 290 
48 25 351 
55 61 281 
15 43 387 
35 54 331 
61 35 397 
35 78 377 
33 51 237 
53 83 34 
41 94 38 
37 10 389 
83 60 372 
29 47 264 
91 32 219 
71 98 292 
73 83 144 
34 30 52 
100 35 300 
87 4 210 
15 97 175 
80 16 276 
62 80 136 
101 54 385 
92 34 357 
35 46 189 
41 64 216 
88 82 2 
75 10 260 
98 39 307 
24 99 230 
42 16 208 
24 14 68 
88 11 75 
41 74 118 
43 44 393 
27 67 363 
29 48 164 
101 29 60 
45 7 27 
6 66 170 
60 79 227 
40 52 74 
39 13 132 
32 55 214 
37 50 38 
74 34 269 
69 73 293 
88 97 208 
18 43 358 
39 82 29 
12 84 188 
79 83 385 
75 4 376 
