4 6
300
64 89 49 47 148 
61 80 88 7 761 
36 82 99 47 102 
53 42 52 56 724 
93 40 44 47 763 
15 80 80 28 389 
89 37 59 27 652 
82 43 28 6 686 
4 47 28 32 1051 
91 40 78 11 61 
83 56 75 64 824 
26 47 5 84 1211 
83 102 62 75 918 
101 25 74 94 345 
13 17 48 101 695 
48 14 14 61 903 
77 4 71 23 616 
35 63 97 60 360 
37 40 45 7 921 
5 88 55 57 1058 
67 68 86 83 1149 
69 10 77 7 259 
13 35 46 11 294 
80 32 40 25 514 
40 31 16 65 1140 
75 73 43 25 661 
63 61 59 74 106 
11 21 91 30 1021 
27 88 91 39 220 
4 96 37 83 1186 
75 49 32 15 592 
39 54 23 90 258 
98 69 54 53 739 
54 78 74 2 185 
62 43 13 41 207 
54 41 79 47 1121 
81 38 62 28 994 
15 31 46 26 879 
58 100 3 9 1072 
60 37 40 79 806 
27 25 36 68 455 
33 39 93 98 1181 
100 78 78 98 518 
61 8 27 72 577 
25 34 50 30 718 
64 42 6 54 717 
19 3 2 81 812 
58 4 96 91 611 
78 41 50 29 909 
83 24 7 66 346 
54 12 70 32 528 
95 77 8 9 916 
93 35 41 40 973 
98 78 99 32 1055 
60 14 38 22 864 
86 86 22 56 954 
43 38 42 26 82 
9 35 72 38 898 
83 98 89 17 723 
46 102 12 50 953 
7 27 77 80 865 
42 76 49 61 722 
11 57 54 31 419 
57 95 17 33 882 
65 7 63 59 64 
64 27 23 63 329 
87 76 74 78 892 
18 63 63 55 814 
35 88 13 79 793 
28 46 60 82 48 
53 86 81 78 183 
102 66 20 75 113 
17 55 88 34 910 
36 85 77 59 226 
96 34 64 67 473 
79 96 85 94 966 
19 69 43 60 932 
2 97 98 64 894 
54 44 90 46 626 
83 2 81 5 372 
46 71 3 64 116 
21 24 16 39 466 
8 83 29 96 1123 
50 14 30 58 904 
42 88 16 86 818 
54 45 21 16 709 
79 17 82 64 433 
50 68 80 50 701 
81 83 61 26 820 
73 18 96 54 34 
70 74 25 31 1111 
59 57 20 97 699 
78 5 3 82 752 
93 2 67 61 532 
85 36 82 101 1165 
61 30 92 19 1175 
39 51 68 13 1094 
7 94 53 73 957 
95 50 85 93 1000 
77 82 81 64 929 
72 52 37 11 245 
37 94 26 36 390 
31 68 3 101 251 
28 39 92 92 696 
101 51 96 83 620 
37 53 91 19 243 
81 51 30 43 317 
88 16 60 93 669 
15 70 19 41 599 
29 49 86 73 681 
40 92 91 8 942 
23 58 56 60 1043 
86 5 8 16 644 
83 40 62 76 418 
14 81 101 38 542 
33 34 57 34 288 
90 69 20 64 995 
91 62 24 66 60 
32 62 101 8 863 
11 64 5 88 835 
91 89 12 39 539 
61 93 55 63 568 
91 3 24 37 1194 
19 88 47 35 774 
23 18 98 71 47 
53 82 95 67 430 
71 31 71 66 422 
3 59 83 20 272 
100 9 63 20 195 
32 40 66 10 654 
25 19 72 25 580 
75 93 43 35 1134 
81 100 90 28 953 
62 34 60 2 1184 
62 7 29 13 793 
16 58 81 55 905 
15 18 87 14 143 
53 61 48 18 753 
12 18 50 27 527 
2 21 36 42 683 
100 82 66 14 1141 
21 93 61 61 406 
19 14 90 61 975 
66 15 78 17 329 
3 88 44 41 1059 
46 59 3 70 788 
98 23 41 99 926 
35 54 75 21 1137 
62 102 89 85 542 
101 30 90 48 972 
89 45 22 15 671 
14 40 27 27 599 
64 91 93 96 460 
98 75 93 86 569 
14 42 59 24 814 
3 101 60 97 1077 
19 71 58 91 946 
55 4 28 45 773 
97 29 50 72 385 
73 11 95 48 589 
28 39 7 101 824 
49 87 100 49 658 
16 82 32 39 395 
95 35 5 19 1035 
97 49 50 23 628 
88 95 89 92 1167 
94 8 15 49 761 
82 66 59 23 378 
70 6 82 91 604 
18 98 13 40 472 
40 8 78 63 655 
81 91 86 50 1000 
56 100 9 53 752 
10 69 85 77 641 
31 79 83 88 209 
93 69 61 73 437 
91 84 52 54 707 
88 32 53 95 1015 
93 82 11 42 941 
72 98 30 30 504 
50 15 38 87 117 
63 27 92 46 766 
14 31 15 14 1132 
74 50 57 96 923 
80 18 92 94 749 
51 70 44 11 579 
97 41 34 32 1067 
78 49 66 45 1183 
63 42 9 33 866 
64 69 98 49 64 
23 43 37 54 769 
35 25 45 26 735 
95 85 82 99 831 
75 100 85 27 201 
27 86 15 99 178 
40 11 61 23 1214 
85 74 96 6 317 
56 6 82 69 670 
55 5 42 85 47 
80 62 12 65 1191 
66 86 73 33 978 
39 30 40 40 303 
25 66 24 27 948 
23 91 78 73 174 
71 20 17 73 771 
24 46 32 95 451 
80 101 98 26 428 
100 3 66 26 1082 
28 68 44 45 384 
92 83 17 7 1011 
91 86 40 51 344 
49 71 3 70 709 
95 100 47 3 567 
26 69 100 92 967 
22 27 54 85 1084 
5 78 74 41 896 
43 31 27 13 588 
96 63 50 98 1081 
31 2 98 69 1163 
29 24 43 99 92 
24 85 27 28 762 
65 34 57 62 306 
73 99 63 97 212 
66 75 36 55 635 
65 22 4 4 607 
22 32 87 90 749 
83 37 78 34 621 
59 7 101 50 1035 
64 8 89 73 218 
35 41 3 51 381 
56 90 90 47 547 
5 84 25 79 516 
36 49 69 101 532 
38 23 31 46 735 
61 77 88 70 1098 
59 34 33 86 208 
83 31 38 59 87 
96 49 33 89 587 
78 84 24 8 622 
17 41 90 30 1003 
14 12 59 91 880 
81 4 21 57 1073 
72 53 40 62 746 
7 14 12 94 607 
91 92 44 98 1034 
79 55 81 20 917 
20 46 5 4 67 
74 74 48 87 338 
94 30 78 102 950 
26 46 64 48 563 
5 30 98 80 1142 
23 70 62 7 1162 
29 25 4 82 848 
28 50 38 57 1093 
35 67 27 67 705 
63 17 44 21 736 
35 93 36 74 880 
92 51 26 11 1029 
6 14 43 92 13 
71 28 97 32 634 
78 10 9 58 164 
40 5 33 23 398 
9 27 44 47 761 
38 91 32 10 967 
79 26 29 73 1043 
23 26 37 66 1080 
37 21 14 69 1029 
27 86 79 61 419 
89 20 6 79 947 
81 72 98 30 800 
82 98 89 53 912 
54 83 39 73 1131 
16 70 69 35 1193 
90 15 77 63 459 
54 14 73 76 1120 
62 22 52 95 77 
53 30 9 101 99 
41 34 63 94 392 
45 49 8 68 254 
22 52 73 81 1098 
68 97 38 93 164 
71 27 15 62 182 
34 33 46 67 510 
88 62 70 27 720 
58 54 84 31 1150 
7 7 7 56 877 
11 51 73 6 491 
58 94 18 87 481 
16 21 3 80 1223 
14 5 43 27 426 
61 84 48 22 419 
16 15 9 99 101 
66 22 61 90 70 
85 62 42 27 1051 
96 46 85 88 553 
38 54 7 31 1000 
4 66 82 21 151 
29 5 53 71 322 
45 87 22 79 926 
96 62 14 74 210 
