4 8
300
49 54 3 14 1253 
79 57 74 18 904 
12 30 71 47 82 
39 31 44 32 1148 
31 49 37 11 510 
45 95 101 30 1059 
71 38 86 18 1547 
95 50 17 68 137 
13 70 38 42 1057 
52 71 3 86 1333 
32 35 27 39 1573 
2 19 94 83 559 
87 58 47 53 1401 
76 46 54 52 198 
92 16 78 24 967 
63 13 97 46 1327 
76 93 16 48 574 
39 13 49 22 1540 
78 58 36 34 386 
57 25 87 56 1475 
8 18 53 74 1503 
17 59 5 80 574 
91 24 50 101 985 
95 44 101 18 803 
65 99 34 58 589 
36 82 45 101 72 
40 28 43 56 1236 
59 42 44 56 325 
82 10 71 87 82 
56 10 37 74 494 
15 26 71 7 442 
10 86 97 38 949 
37 16 6 76 1585 
65 83 96 26 50 
55 102 47 98 1134 
57 30 49 53 1338 
28 48 73 71 1491 
16 60 38 29 1100 
75 47 8 98 1387 
68 6 98 90 682 
75 16 13 71 1258 
15 81 74 37 1173 
82 39 46 56 523 
91 44 37 84 1364 
7 47 69 58 489 
10 96 51 13 60 
53 34 62 11 147 
14 37 4 93 1278 
36 87 3 57 1423 
38 3 53 66 1567 
25 71 15 6 593 
30 49 56 41 1131 
21 32 63 34 345 
50 79 37 47 323 
56 42 46 6 807 
22 46 14 71 1528 
8 45 88 17 1308 
84 21 57 75 1319 
68 83 65 24 969 
6 26 71 36 644 
61 69 8 46 689 
85 27 12 57 266 
86 36 87 48 1027 
78 46 48 54 639 
31 24 64 67 882 
75 79 24 47 738 
98 78 80 32 570 
42 39 44 75 1580 
59 11 2 59 1585 
33 98 20 61 1357 
62 81 19 97 175 
39 7 43 92 1126 
8 5 67 12 335 
10 58 57 13 382 
42 4 75 57 1339 
21 24 7 70 371 
80 62 64 63 1389 
19 61 86 21 1601 
36 97 54 6 1480 
56 46 93 38 1457 
77 42 9 38 713 
60 8 64 15 1488 
17 3 76 69 1490 
49 43 6 27 56 
51 74 38 15 1453 
46 53 70 66 459 
77 33 70 80 771 
40 55 28 20 451 
13 99 73 30 1355 
36 24 86 15 720 
15 43 68 35 660 
5 6 96 49 1623 
9 40 100 87 262 
86 34 97 22 879 
96 16 88 99 1506 
54 4 10 32 904 
25 68 57 22 241 
37 67 37 40 720 
35 61 81 20 340 
75 102 88 14 1611 
3 28 66 61 820 
101 57 71 43 1446 
3 98 67 94 1257 
42 84 79 72 1327 
22 100 60 78 333 
37 37 70 78 312 
54 18 98 33 885 
98 4 98 72 254 
82 98 96 51 696 
39 96 90 43 1313 
93 24 18 33 1292 
6 71 90 41 244 
66 89 95 24 596 
88 2 36 39 1316 
40 88 9 57 23 
26 6 10 36 1352 
43 49 28 98 461 
32 102 67 54 826 
30 16 59 57 833 
95 5 74 15 928 
39 62 52 63 692 
7 17 63 32 900 
2 62 56 58 1197 
19 63 99 96 111 
88 37 84 89 863 
26 31 54 6 138 
23 33 97 79 743 
83 99 67 56 383 
17 41 37 99 825 
69 62 3 84 548 
34 8 80 8 1156 
4 80 65 10 305 
78 65 59 23 554 
71 67 80 13 1501 
23 97 45 72 1504 
49 102 87 38 1395 
66 29 72 72 1246 
17 55 91 8 707 
5 35 59 37 774 
53 83 16 65 1336 
4 84 93 92 210 
39 65 10 16 384 
5 95 29 24 895 
51 95 89 47 306 
17 78 74 69 1449 
89 40 10 25 668 
68 88 25 57 1361 
84 39 82 59 650 
54 47 77 85 666 
12 8 37 82 1611 
60 96 71 46 1085 
28 13 25 3 416 
100 57 87 75 935 
19 72 74 41 1194 
14 15 32 7 1082 
72 4 91 29 1280 
83 5 30 26 1353 
74 18 80 90 941 
73 15 81 34 675 
100 63 3 27 390 
42 36 98 9 1413 
47 66 66 80 1574 
26 23 99 25 727 
97 28 62 92 1386 
3 94 86 83 37 
101 36 100 66 1116 
11 2 66 5 626 
49 9 23 40 623 
10 54 2 94 548 
52 18 58 89 750 
73 2 13 42 382 
50 52 16 7 1429 
13 68 2 12 1420 
26 60 96 86 1592 
90 8 25 54 1248 
50 93 95 50 859 
85 80 12 20 1582 
11 91 25 81 1471 
99 95 18 52 452 
45 54 93 7 158 
94 24 74 92 943 
68 79 61 66 1227 
59 59 68 54 78 
34 57 84 15 1269 
37 36 17 96 8 
97 91 74 27 554 
98 3 90 40 993 
63 8 23 62 508 
34 33 61 6 546 
42 29 66 48 1553 
89 72 80 29 1221 
59 10 79 92 1020 
78 7 36 32 1293 
58 71 30 94 718 
28 37 24 84 751 
6 77 12 63 987 
71 28 29 32 763 
28 24 63 66 57 
55 31 33 100 891 
29 99 31 27 1259 
73 101 74 4 1130 
54 50 99 83 1152 
84 99 18 31 1529 
53 80 6 85 870 
36 10 66 90 1481 
99 6 26 29 315 
10 48 87 86 1467 
72 56 27 62 1542 
80 28 82 95 345 
58 15 4 6 64 
51 94 48 74 707 
64 36 86 13 1181 
50 26 72 64 1027 
38 14 34 41 385 
99 55 46 91 1229 
10 31 73 69 570 
86 4 22 25 1152 
18 2 15 43 456 
38 72 16 90 755 
56 58 20 32 1382 
46 82 64 83 110 
98 50 59 99 573 
35 65 19 78 1441 
48 6 48 93 774 
38 101 94 13 1433 
30 40 58 45 344 
54 12 43 84 1488 
6 42 42 19 1221 
69 46 18 8 1540 
74 55 40 102 4 
53 12 29 85 794 
47 90 53 95 1290 
59 94 16 78 1354 
25 25 36 87 1379 
8 66 32 18 1306 
95 85 88 19 253 
77 102 58 45 1147 
44 86 60 36 763 
17 91 49 40 285 
77 32 43 25 1166 
52 20 56 17 1531 
89 82 12 5 914 
64 4 36 79 71 
59 38 73 7 664 
41 67 2 40 1130 
20 19 94 101 79 
65 44 66 48 1071 
58 48 43 51 1361 
64 75 57 80 1386 
15 57 71 35 979 
41 60 37 84 524 
87 20 17 48 1243 
72 90 13 100 1517 
22 41 90 14 781 
13 97 24 24 1278 
68 12 25 55 918 
65 50 61 41 1067 
7 9 84 16 1312 
40 33 97 75 223 
77 64 59 87 1067 
76 68 60 88 799 
47 38 15 6 1076 
78 97 64 92 215 
24 31 74 35 1441 
15 59 77 33 154 
82 102 52 11 63 
6 55 40 90 1334 
99 92 75 92 340 
71 96 80 50 80 
45 71 7 62 1492 
48 92 26 99 860 
19 93 28 78 1123 
47 88 6 102 1007 
25 60 76 10 267 
34 58 84 14 322 
21 81 29 29 1082 
13 97 92 19 949 
17 31 43 37 1050 
7 66 99 23 1240 
84 91 80 88 1339 
87 97 99 45 968 
92 10 14 79 555 
40 66 101 12 938 
52 98 89 44 768 
96 19 41 46 178 
70 60 62 38 611 
31 3 43 47 1323 
19 100 49 60 1110 
9 19 66 3 427 
43 66 89 66 424 
88 4 38 41 1439 
70 58 55 35 1486 
34 49 78 42 78 
39 25 57 31 664 
54 52 31 76 656 
79 55 40 20 1137 
6 73 98 12 840 
29 67 4 59 211 
63 46 16 69 593 
62 44 26 99 1456 
