8 8
300
36 98 18 22 4 89 34 79 802 
12 17 20 60 92 37 19 30 1050 
67 45 67 32 9 10 83 32 916 
44 10 92 74 56 82 52 15 792 
38 55 4 27 45 29 94 94 1626 
77 63 81 38 31 64 64 77 952 
100 6 91 10 41 74 33 92 1127 
61 40 63 40 10 79 89 83 1223 
65 43 2 40 40 17 10 8 1125 
79 8 81 30 12 81 24 54 161 
61 30 16 32 96 55 60 35 877 
41 39 55 4 51 50 89 102 555 
60 62 67 76 2 35 5 56 1379 
92 33 30 84 18 58 69 30 869 
63 35 49 49 82 7 63 72 1135 
17 77 59 33 43 12 47 65 1508 
47 87 29 83 29 42 70 70 46 
27 58 23 100 36 23 97 29 1092 
89 13 82 62 15 33 65 90 1286 
29 60 92 20 39 55 66 25 699 
28 81 8 10 81 13 4 38 221 
51 20 43 38 39 16 45 60 858 
14 86 74 99 20 41 63 43 167 
15 9 21 70 36 14 80 71 776 
62 81 34 71 60 79 19 17 1141 
40 93 24 78 77 81 2 53 628 
73 31 63 70 49 40 3 92 477 
97 82 86 31 60 70 68 85 1298 
23 45 29 97 82 6 71 25 813 
91 39 33 42 70 85 75 10 652 
88 95 34 96 70 70 50 25 561 
88 11 35 56 12 95 102 82 132 
14 78 51 59 101 26 90 15 867 
100 57 14 3 58 52 30 82 1465 
50 29 77 61 49 59 71 85 230 
18 37 29 41 42 91 77 64 524 
93 31 96 9 8 57 17 52 1103 
24 87 55 85 28 32 5 54 867 
35 55 30 94 90 18 12 74 1269 
28 61 17 25 28 97 20 39 833 
98 42 23 22 45 100 92 49 1595 
63 35 11 99 37 90 38 44 139 
6 101 43 80 99 36 80 91 1482 
55 101 61 60 67 90 81 9 193 
34 15 12 33 4 43 20 51 629 
71 31 26 29 90 86 88 16 636 
12 20 45 89 44 57 9 39 788 
41 5 70 23 21 30 78 5 481 
101 75 98 102 62 50 98 11 981 
69 28 13 77 74 53 51 71 1463 
71 48 73 57 26 67 95 81 746 
72 50 12 98 53 87 57 89 666 
45 12 60 97 93 35 96 42 190 
39 66 33 20 73 52 40 10 940 
61 46 52 33 9 82 5 28 996 
52 73 77 29 22 87 12 9 954 
34 76 57 39 63 86 56 58 255 
16 54 79 63 59 45 29 98 712 
93 14 5 80 94 67 74 47 1119 
39 13 46 49 10 67 93 9 546 
5 24 85 68 79 53 67 90 1200 
86 91 16 34 102 26 43 21 1538 
57 56 84 91 67 18 17 19 736 
74 70 46 14 71 53 12 26 1213 
62 27 38 54 15 5 94 90 910 
57 7 13 21 8 91 73 38 866 
53 16 58 69 52 62 8 95 343 
31 74 22 65 24 77 52 83 1527 
61 5 43 81 99 79 62 63 197 
36 54 64 57 43 35 100 61 171 
20 95 77 78 48 22 85 65 254 
38 93 85 38 71 27 98 14 547 
14 74 18 81 9 91 50 74 663 
61 76 33 89 68 65 67 34 1427 
20 85 59 23 98 37 64 27 1133 
31 100 85 39 62 31 101 87 1409 
96 40 88 88 30 76 82 25 1440 
86 50 28 22 73 39 40 79 475 
78 94 78 84 20 85 22 21 1207 
59 25 17 4 90 83 79 73 1533 
4 35 57 85 43 75 49 79 1247 
46 10 30 48 101 84 2 25 1526 
12 14 23 5 68 11 102 24 17 
75 84 62 47 46 101 45 38 728 
76 95 53 5 37 42 8 78 180 
48 13 26 34 4 68 89 69 964 
75 100 69 47 86 21 74 75 1553 
19 101 66 30 5 65 40 28 488 
45 9 79 82 99 91 100 56 181 
79 43 83 96 60 79 42 72 620 
80 31 11 34 34 64 47 92 1268 
49 20 10 63 97 78 38 46 980 
84 95 3 79 49 32 10 97 525 
16 24 43 89 90 36 27 62 1583 
23 13 77 17 37 9 14 54 585 
5 18 48 7 60 16 19 60 1249 
38 2 84 81 26 39 32 33 1098 
39 61 32 76 38 36 81 17 544 
87 69 60 96 68 98 96 7 1279 
88 11 66 29 72 32 59 90 979 
17 43 89 40 87 6 42 77 1509 
8 31 82 14 28 45 82 34 1487 
20 44 36 88 87 21 61 46 350 
5 12 91 102 19 50 77 65 1206 
48 49 84 56 56 93 5 90 1242 
101 76 85 23 48 40 41 41 750 
27 31 59 70 81 43 85 39 1055 
5 9 14 34 39 65 71 36 1381 
11 66 90 45 85 98 45 62 1152 
40 84 66 53 63 80 4 51 564 
19 80 71 43 73 19 28 102 1334 
67 69 38 22 54 14 56 32 1213 
60 84 48 62 27 21 72 47 892 
3 55 48 35 31 90 31 54 914 
18 69 96 73 19 86 17 80 1524 
36 20 33 53 99 33 6 47 1095 
91 59 55 52 73 28 65 27 768 
38 34 39 50 94 102 58 40 1021 
83 89 67 64 48 48 27 38 432 
26 51 57 17 31 87 23 42 1553 
5 68 98 69 10 94 39 81 767 
58 88 29 33 97 62 70 25 948 
4 28 13 9 27 37 102 41 1240 
94 23 5 55 29 54 6 56 1171 
68 15 80 75 28 69 102 71 811 
102 95 56 98 48 7 29 21 220 
86 98 43 63 69 72 18 47 940 
46 5 62 77 29 44 90 4 168 
82 31 3 47 9 58 88 2 746 
24 98 77 99 28 9 40 23 948 
33 8 48 10 60 83 11 57 1079 
92 27 68 15 10 46 97 49 1481 
14 41 90 87 77 69 26 96 799 
85 49 79 54 39 8 86 59 1569 
66 74 73 22 37 54 91 98 1236 
81 11 90 32 4 81 19 28 1331 
72 47 33 81 86 66 34 29 136 
91 40 90 63 31 53 50 33 1226 
22 94 6 38 98 81 93 47 1380 
63 55 47 100 38 13 26 16 198 
67 88 90 9 90 11 46 3 951 
90 21 82 40 84 73 6 99 548 
80 36 51 54 89 41 81 73 1208 
65 93 4 79 38 17 40 85 741 
89 15 6 97 94 97 23 6 433 
6 25 73 76 96 41 79 49 1303 
65 15 100 51 29 19 37 83 165 
58 13 84 67 101 101 28 19 1362 
32 84 44 56 33 86 15 77 787 
5 91 98 65 101 92 37 78 1147 
49 41 88 89 62 13 87 66 1511 
46 41 26 74 50 80 58 50 1048 
40 11 84 17 38 54 71 33 1495 
16 96 14 95 32 26 30 81 1268 
99 45 24 33 71 69 93 70 596 
26 33 43 21 9 54 27 99 1089 
91 34 5 36 19 31 22 74 1154 
83 54 11 2 46 71 102 60 79 
44 9 42 17 26 70 17 47 1631 
53 97 89 62 69 35 59 42 767 
77 65 28 95 13 99 98 12 278 
29 26 90 74 21 51 49 85 1469 
28 76 10 37 21 75 31 71 1258 
86 23 86 78 45 6 24 27 1549 
81 51 98 46 20 16 53 90 333 
14 81 78 40 15 86 45 33 1074 
41 41 47 55 66 44 22 14 1454 
35 53 83 86 51 96 56 70 561 
96 85 58 96 87 33 54 19 1468 
3 48 10 2 36 14 40 85 1402 
52 28 87 56 26 8 27 20 605 
41 30 32 84 86 47 52 51 784 
12 47 57 16 3 49 54 20 1076 
83 34 19 71 48 68 10 6 690 
51 41 61 52 71 69 96 15 1451 
62 21 64 65 53 87 66 30 634 
33 38 27 40 4 7 42 46 1401 
22 72 84 66 76 82 5 2 159 
91 62 77 90 22 90 60 94 1620 
5 21 83 34 7 20 29 78 1105 
19 13 39 56 12 28 83 76 712 
9 98 47 84 62 52 77 77 1111 
65 46 18 39 82 12 8 39 409 
7 90 67 66 39 100 14 87 1462 
75 38 52 51 9 49 46 53 1569 
56 23 61 33 59 31 52 65 533 
54 82 33 29 49 75 3 79 1406 
80 45 61 49 72 76 63 5 650 
20 16 39 71 95 31 16 54 256 
68 76 33 38 16 76 67 62 88 
61 48 90 79 50 32 62 68 142 
39 10 53 86 72 56 92 34 805 
97 85 89 4 15 98 60 37 50 
57 45 30 87 83 11 71 4 929 
54 43 68 9 11 30 22 79 722 
66 84 5 79 48 84 26 72 1266 
20 59 35 94 21 16 29 7 372 
82 55 28 44 17 70 99 40 1487 
86 90 76 61 84 38 54 95 861 
101 81 99 48 62 13 34 53 735 
26 61 24 54 82 6 7 42 393 
20 25 69 37 82 10 93 43 1332 
5 61 77 99 43 28 63 30 435 
28 36 94 17 12 67 25 75 1286 
72 33 10 73 56 44 14 36 1150 
88 66 101 91 57 21 32 31 1492 
72 29 20 97 93 54 79 81 100 
34 5 15 4 14 8 31 23 157 
75 35 7 36 87 9 58 77 1037 
30 39 81 75 87 83 75 56 762 
63 76 42 58 96 77 38 82 497 
60 86 54 95 62 36 12 59 1561 
88 38 44 13 42 18 91 51 690 
29 61 20 34 31 60 61 71 771 
71 19 41 32 100 6 79 100 1491 
13 37 79 47 65 30 88 89 292 
7 52 37 26 69 46 35 10 351 
14 28 57 96 35 93 88 43 648 
58 58 40 40 36 43 27 79 241 
67 84 98 92 48 44 43 57 312 
14 47 52 97 100 92 85 67 1180 
39 20 3 88 61 24 91 31 505 
82 69 18 95 102 92 31 70 437 
27 24 82 14 55 81 74 76 1568 
92 63 60 50 57 71 71 90 972 
15 80 25 76 4 19 13 63 1436 
5 21 47 62 68 32 65 60 709 
94 26 67 25 16 87 28 101 1113 
75 34 14 49 26 14 32 18 1458 
6 53 22 65 3 94 93 71 898 
53 32 97 31 87 99 27 79 1043 
97 93 66 40 50 5 51 41 461 
78 58 97 35 31 52 42 61 106 
25 31 25 75 34 48 32 77 1121 
75 46 50 17 24 49 50 38 415 
27 68 5 19 17 64 66 17 208 
62 20 3 48 90 27 93 4 782 
43 24 61 20 10 75 36 78 1546 
83 63 37 49 87 95 26 17 1524 
5 8 16 63 10 19 35 72 921 
70 29 58 24 26 22 102 9 228 
69 9 60 32 84 41 70 86 885 
80 15 35 9 23 75 34 90 1560 
36 82 16 43 88 40 19 68 795 
41 60 38 17 50 80 82 60 141 
37 75 26 77 95 27 65 57 927 
25 63 8 85 92 39 26 68 439 
2 27 23 22 15 18 92 31 417 
20 65 67 58 30 66 66 99 239 
74 61 89 91 80 33 83 96 94 
45 58 70 101 93 84 53 81 529 
89 18 62 10 87 66 101 47 1495 
93 69 35 44 21 96 24 54 119 
41 13 49 93 40 21 12 50 1198 
60 20 74 86 7 50 33 79 1323 
57 66 76 25 92 35 41 92 435 
74 2 39 76 79 40 77 14 1110 
87 99 79 43 100 39 93 44 437 
21 10 65 87 13 44 15 70 1451 
35 18 24 16 53 50 95 40 772 
39 85 43 36 11 95 82 48 1307 
6 16 68 39 35 50 9 22 1341 
66 89 91 96 63 11 51 44 1560 
48 74 47 31 50 62 92 56 949 
87 87 101 72 7 67 64 11 881 
25 98 85 76 9 34 68 31 824 
60 44 24 34 87 69 99 36 1210 
37 77 68 8 49 81 92 23 567 
85 96 85 26 35 55 58 28 745 
14 75 67 16 65 21 11 34 189 
38 56 3 34 74 73 93 29 552 
90 19 51 6 85 88 99 85 567 
70 36 12 72 78 60 24 87 999 
12 23 15 48 99 18 70 56 1105 
36 54 24 14 35 7 21 69 152 
99 10 91 81 19 82 87 44 1598 
4 69 79 45 12 89 12 84 109 
23 44 23 35 39 32 20 65 512 
15 58 3 7 53 11 51 27 1254 
74 33 6 35 64 57 20 68 1428 
93 93 44 37 4 53 101 100 418 
91 66 74 62 62 56 50 74 1403 
99 99 18 70 96 87 12 40 831 
5 90 82 68 17 73 44 30 1166 
91 80 55 52 8 55 86 62 991 
7 14 72 51 87 92 71 23 1124 
74 24 100 59 27 67 2 98 157 
48 25 51 3 20 35 85 61 1533 
35 49 93 65 87 35 26 7 421 
82 55 5 92 99 96 4 72 89 
76 34 55 91 52 12 46 40 615 
14 6 96 40 69 28 98 38 1209 
80 11 40 67 35 21 41 22 691 
8 58 28 57 101 49 29 11 437 
43 46 99 83 21 49 98 15 16 
33 45 89 79 96 63 22 26 999 
69 11 101 36 52 32 70 39 1345 
14 59 7 49 12 59 101 57 1508 
79 99 92 93 71 22 21 9 1262 
57 31 64 67 36 77 88 62 7 
