8 2
300
59 56 37 24 65 9 46 10 36 
67 91 67 7 95 82 88 29 82 
75 66 42 49 76 4 87 81 382 
89 46 83 15 64 54 93 69 329 
56 93 17 30 65 71 33 74 348 
75 99 22 57 75 29 80 15 75 
83 12 82 35 38 86 16 59 262 
29 55 28 15 16 28 101 33 150 
7 47 3 73 18 4 19 14 336 
76 35 74 56 36 51 36 12 232 
3 23 57 33 17 8 7 5 82 
61 62 85 96 58 43 92 75 277 
19 12 97 80 18 26 4 42 99 
94 75 20 79 81 6 71 100 43 
84 76 33 97 68 14 84 60 214 
101 82 79 33 66 63 84 20 407 
64 25 7 33 31 77 84 15 125 
3 84 84 80 27 60 33 10 405 
39 24 46 84 98 61 74 4 244 
49 64 11 59 97 63 7 9 309 
7 53 47 58 15 55 84 82 309 
72 23 57 21 102 58 64 47 391 
57 82 28 48 61 28 17 37 210 
24 46 89 23 76 20 84 28 233 
56 84 11 94 102 18 85 3 332 
6 30 64 55 98 52 67 51 112 
51 61 94 21 42 79 3 63 149 
90 52 49 39 39 75 101 10 258 
89 66 82 13 65 60 47 13 33 
91 71 50 39 57 26 93 35 275 
67 37 43 33 92 41 82 97 212 
36 69 92 91 55 90 89 80 350 
49 41 98 37 76 31 72 14 374 
90 54 96 25 49 6 8 37 297 
24 57 75 43 33 70 8 13 181 
19 2 18 62 51 79 41 46 385 
73 32 63 14 64 80 50 94 177 
59 13 22 88 84 21 17 68 95 
14 8 9 30 31 64 87 55 51 
78 29 4 19 86 5 12 37 20 
13 11 96 97 95 41 27 51 4 
26 33 20 99 47 86 56 28 154 
89 46 4 101 29 11 68 74 263 
43 42 28 19 78 49 16 6 231 
31 19 15 70 5 82 64 63 90 
96 80 84 21 65 60 68 25 373 
5 14 84 87 32 23 77 87 36 
76 9 57 72 85 43 29 27 41 
26 21 43 24 39 68 89 73 382 
84 24 80 71 53 55 58 13 375 
76 46 89 94 95 20 73 90 221 
69 26 97 44 94 39 50 43 19 
53 83 77 18 100 60 29 95 258 
33 8 58 4 16 74 51 55 333 
24 34 28 25 52 51 14 22 193 
101 42 32 42 22 12 51 7 125 
18 60 48 31 67 2 57 43 335 
100 67 12 25 95 41 58 28 39 
81 29 33 28 6 79 13 31 217 
35 92 88 48 55 11 44 35 387 
38 96 70 28 70 12 69 16 228 
39 78 49 93 87 96 3 72 319 
102 92 56 70 19 38 49 24 206 
99 55 14 3 83 62 46 22 133 
43 55 61 23 61 92 24 76 217 
7 44 8 93 47 85 33 44 174 
43 69 79 34 80 48 62 73 249 
46 38 97 89 49 67 64 62 72 
21 81 33 66 49 45 85 44 327 
47 7 10 31 72 41 20 5 216 
58 12 77 15 63 90 32 80 155 
60 20 97 43 31 87 68 14 259 
13 79 23 35 50 39 68 17 267 
55 17 68 58 72 46 14 8 204 
44 7 20 45 36 71 8 27 98 
87 6 78 25 65 60 77 9 107 
34 24 63 40 49 48 25 79 256 
74 4 50 53 30 25 37 25 30 
48 70 45 53 30 26 15 83 46 
91 31 54 10 83 65 20 82 342 
90 7 60 74 22 59 9 36 95 
77 37 77 55 90 42 53 32 161 
85 83 97 40 27 68 37 36 196 
13 66 24 88 34 50 41 49 77 
51 76 50 88 47 96 3 40 191 
37 39 43 13 59 53 26 38 405 
91 52 82 94 38 88 11 98 287 
3 92 4 29 15 43 24 4 228 
93 98 38 3 39 89 22 102 395 
8 102 9 73 64 99 51 52 395 
41 59 40 63 79 51 25 101 199 
46 10 25 3 91 56 97 34 163 
65 90 15 95 75 38 92 5 391 
66 33 30 7 80 65 46 85 188 
20 32 21 89 80 40 40 77 373 
75 8 13 54 78 32 59 88 255 
86 48 86 3 74 76 56 62 282 
23 41 33 62 59 8 10 79 10 
23 79 12 77 57 99 47 18 396 
87 13 57 100 50 94 3 62 155 
64 18 61 46 35 20 71 19 149 
63 15 51 7 46 100 30 38 38 
54 10 93 89 58 57 79 70 200 
16 25 93 41 62 98 70 49 250 
45 78 46 94 9 39 63 86 14 
50 83 69 59 73 14 85 50 213 
49 77 62 5 69 67 71 57 387 
48 24 56 55 38 99 39 86 247 
67 62 4 55 27 74 54 32 359 
83 59 54 81 57 13 46 23 291 
3 42 11 81 25 54 45 18 255 
51 97 46 72 22 88 53 20 361 
52 96 52 90 53 39 79 90 398 
45 69 69 45 10 17 28 38 181 
53 88 39 52 13 12 12 5 142 
46 14 40 68 29 39 25 96 115 
23 15 91 74 5 37 56 102 201 
98 9 89 32 46 85 44 2 132 
53 2 85 42 80 50 5 35 311 
62 79 41 31 22 16 89 7 96 
57 81 85 4 98 13 63 16 392 
50 16 70 56 25 29 7 74 384 
47 83 37 43 71 71 61 96 95 
12 68 89 75 45 41 62 89 87 
51 51 6 74 82 66 54 57 80 
10 8 56 14 26 50 22 44 101 
91 16 12 16 45 4 90 53 197 
11 77 73 31 96 38 8 58 94 
92 74 3 72 91 16 52 53 360 
71 99 44 41 55 2 16 74 299 
13 37 8 4 87 31 18 45 325 
50 81 14 20 8 69 27 32 287 
26 20 27 98 66 95 16 21 221 
8 72 25 73 17 24 65 97 89 
19 90 89 74 56 47 36 4 292 
78 53 93 77 16 25 32 93 219 
50 16 73 15 90 68 77 12 301 
59 79 66 91 57 13 48 10 173 
85 53 66 82 64 64 23 39 278 
65 33 58 102 43 27 71 17 331 
52 6 101 24 99 46 74 79 104 
10 89 98 82 31 8 83 49 162 
92 70 55 12 94 53 100 14 325 
20 59 38 41 22 42 32 98 18 
45 63 56 22 10 87 39 16 205 
74 85 4 52 21 96 87 82 193 
30 43 15 50 26 88 66 56 83 
91 70 69 57 52 35 4 40 352 
87 71 62 70 75 80 3 28 119 
79 70 40 44 56 43 95 3 226 
93 97 39 70 58 56 67 50 185 
85 19 35 71 50 83 10 102 43 
89 63 70 36 49 100 59 89 352 
84 49 16 28 64 50 80 13 178 
51 19 15 8 5 27 35 20 39 
98 10 22 59 37 56 32 8 168 
90 59 50 41 13 71 70 85 5 
33 59 57 87 94 39 40 61 337 
99 83 59 44 3 31 91 63 321 
68 27 14 62 98 58 10 92 220 
97 12 8 46 40 22 27 4 252 
57 13 19 85 21 78 74 36 102 
86 47 58 21 52 52 93 4 238 
91 73 63 100 79 4 86 44 200 
78 54 45 39 20 101 69 36 207 
64 85 7 38 90 64 34 26 183 
100 78 62 58 56 38 64 38 130 
3 58 36 17 101 79 29 97 333 
83 49 30 59 54 18 101 31 77 
55 55 85 101 69 55 59 88 270 
91 22 101 9 76 84 70 68 320 
19 49 86 30 11 95 83 52 313 
19 43 26 46 59 27 20 11 340 
51 4 92 82 60 15 13 40 307 
85 76 75 48 91 88 40 85 336 
36 27 46 92 20 18 79 42 184 
44 47 65 76 91 67 100 21 263 
91 38 91 73 19 72 20 100 312 
6 73 54 41 8 76 44 86 346 
41 61 86 75 6 20 70 71 379 
14 10 87 10 50 72 23 51 192 
95 65 9 76 74 22 42 75 284 
95 5 41 92 34 7 82 61 246 
82 17 34 73 5 50 79 8 367 
93 98 25 84 20 59 29 51 86 
79 67 88 66 35 33 50 77 271 
55 24 78 82 29 90 12 43 138 
16 24 62 61 98 69 32 51 312 
48 13 87 84 65 85 87 5 384 
76 18 84 4 25 30 84 26 342 
16 14 71 37 74 78 26 15 110 
63 20 71 22 37 87 57 4 262 
83 73 62 95 97 26 96 38 105 
54 15 102 35 80 74 85 18 151 
9 14 42 11 61 52 58 26 348 
27 56 83 99 49 23 66 3 216 
26 22 19 47 42 38 53 74 408 
29 30 42 99 39 20 50 49 368 
26 74 15 12 39 73 41 71 334 
46 56 68 81 71 79 22 60 392 
22 64 73 6 60 89 52 32 391 
47 31 19 65 51 102 33 41 118 
42 17 85 48 9 73 56 9 73 
36 50 61 65 79 81 24 30 350 
21 22 16 28 62 9 77 96 166 
67 83 7 68 50 32 51 82 180 
15 76 57 2 52 53 71 18 336 
39 84 54 41 42 23 16 14 80 
16 16 57 78 73 15 33 91 106 
14 70 101 31 17 99 37 12 221 
33 21 72 66 59 46 27 40 51 
91 28 43 86 54 39 13 37 269 
91 39 5 44 71 63 27 59 197 
85 10 69 57 6 33 69 85 380 
52 52 59 13 53 35 3 44 258 
86 30 17 65 21 82 33 48 297 
52 91 52 10 40 2 98 44 126 
47 36 24 12 19 71 45 63 344 
11 80 88 73 43 29 100 43 120 
35 22 91 89 25 60 60 19 387 
46 43 14 58 17 11 4 58 35 
43 76 13 48 21 60 98 24 276 
89 82 49 25 12 100 73 65 90 
44 60 13 66 54 2 76 102 82 
74 55 65 79 71 88 21 60 272 
20 88 3 33 93 3 92 73 153 
50 23 33 16 87 54 89 62 396 
99 78 24 12 74 22 40 26 282 
6 12 13 63 6 54 33 55 315 
23 12 70 12 76 83 65 29 322 
90 60 70 14 91 10 91 24 333 
46 10 16 83 95 69 34 89 249 
29 88 19 81 85 34 76 69 205 
31 90 4 43 49 47 43 52 269 
3 94 23 4 75 84 73 89 185 
65 41 19 3 79 89 22 39 166 
64 11 77 38 40 25 61 61 140 
81 5 63 71 43 45 3 34 386 
42 26 15 37 10 98 89 13 113 
35 31 12 17 23 13 7 81 167 
93 66 57 100 46 16 50 94 343 
86 96 101 76 101 48 95 82 52 
29 29 3 81 52 28 98 28 126 
26 66 83 52 66 64 5 13 276 
42 44 83 102 89 19 14 5 71 
30 61 31 66 24 44 100 80 214 
42 14 16 30 4 20 85 26 114 
5 36 33 39 73 91 80 55 154 
33 29 42 86 69 49 11 69 275 
3 62 44 42 54 88 11 65 405 
55 14 42 65 19 64 91 11 281 
88 93 90 42 88 71 6 69 208 
14 58 47 69 21 37 52 84 264 
87 65 84 47 30 10 92 27 170 
99 70 13 80 97 60 80 25 310 
82 63 76 75 38 87 37 99 33 
57 88 94 7 15 37 100 6 191 
89 43 66 82 53 62 30 9 402 
42 36 62 89 91 98 61 73 87 
93 14 29 99 12 32 2 37 164 
51 95 57 78 82 93 13 93 335 
14 102 12 16 48 31 88 97 260 
49 70 98 98 48 44 16 9 373 
21 92 33 35 82 18 22 80 60 
45 66 56 71 78 100 16 49 289 
13 79 69 100 13 17 69 55 275 
46 55 49 15 64 75 102 94 7 
53 81 22 96 95 69 17 45 127 
12 80 94 100 84 101 74 5 124 
27 23 82 17 69 29 51 79 105 
69 32 4 83 71 86 99 65 279 
52 18 86 102 86 69 87 59 305 
77 47 73 50 43 61 45 77 288 
24 38 14 96 48 18 44 49 54 
31 31 11 10 3 21 32 24 354 
48 27 40 14 33 11 54 75 129 
56 21 91 46 40 96 16 77 109 
58 59 73 70 60 38 57 58 117 
68 70 46 54 20 22 74 99 205 
35 11 8 5 44 74 87 90 118 
26 87 93 17 96 28 95 76 265 
18 80 69 4 60 77 83 88 24 
89 4 3 71 74 43 46 83 269 
23 55 17 100 85 72 9 33 291 
39 52 76 20 61 46 57 58 77 
85 33 54 33 24 57 69 100 351 
30 56 15 52 73 15 62 74 87 
52 19 98 99 96 29 5 46 148 
34 71 44 59 17 18 24 63 203 
16 92 34 61 34 87 86 82 314 
60 90 81 62 60 89 25 7 159 
25 88 39 27 30 80 22 37 117 
46 73 42 100 29 12 66 48 337 
91 92 88 12 15 16 52 47 230 
59 74 13 57 36 12 79 101 307 
14 90 64 56 42 98 59 42 39 
39 63 62 71 98 13 7 36 61 
55 15 75 25 78 85 24 65 260 
19 91 39 32 23 30 37 54 237 
23 37 53 91 56 75 7 14 346 
