4 8
300
14 97 35 28 943 
22 91 55 36 242 
39 62 63 76 799 
78 32 74 28 588 
97 38 97 20 408 
67 83 13 36 1614 
41 40 99 25 1181 
27 6 4 9 1256 
43 9 90 3 1435 
91 93 101 73 693 
26 99 75 64 455 
78 2 17 4 1507 
41 79 21 37 1244 
101 65 40 4 385 
74 30 67 51 1552 
90 50 96 32 583 
76 84 42 94 1231 
44 67 37 97 1574 
27 90 2 17 618 
66 90 56 26 1453 
29 55 99 50 1142 
98 34 26 69 653 
30 8 88 68 297 
59 39 29 61 560 
36 29 45 7 1604 
86 29 52 13 514 
102 96 72 43 147 
23 87 95 24 1297 
12 44 71 57 1114 
21 4 36 99 1322 
29 63 96 92 906 
102 12 94 51 1399 
71 84 15 37 659 
36 38 47 59 1582 
73 46 7 82 398 
94 60 91 39 1286 
84 95 55 32 80 
40 102 82 87 153 
13 95 45 38 177 
30 31 35 17 559 
86 60 79 102 156 
84 58 17 68 1036 
43 23 57 73 67 
78 31 85 33 36 
36 58 62 50 1396 
80 3 71 71 1572 
65 27 76 5 1551 
26 17 56 22 370 
84 87 16 24 1112 
92 41 75 34 569 
101 48 5 14 1631 
30 100 32 16 515 
83 90 47 71 3 
18 49 54 78 1302 
62 77 64 10 332 
51 44 40 82 1555 
41 31 38 36 1582 
20 25 63 5 1094 
28 88 42 91 680 
96 42 47 24 852 
45 89 99 55 1213 
27 85 97 94 833 
88 62 52 21 1504 
54 53 13 75 1344 
95 88 51 11 871 
77 37 75 68 428 
11 99 18 29 854 
55 34 86 62 1180 
36 30 71 54 1315 
69 38 23 99 1457 
45 31 74 41 962 
59 40 90 101 1625 
92 12 30 68 685 
91 46 24 69 645 
23 69 53 2 782 
67 18 99 30 1417 
41 16 79 79 1358 
82 27 79 71 1551 
17 45 87 62 1346 
27 102 5 12 1488 
25 15 56 59 1119 
78 80 74 94 1529 
43 42 62 14 991 
78 35 53 85 1004 
66 69 56 74 398 
80 85 93 20 380 
67 15 89 39 1046 
28 61 21 11 125 
5 55 87 77 886 
77 85 74 102 110 
93 51 22 51 437 
58 61 85 35 1485 
95 89 56 70 465 
29 55 26 50 574 
18 16 44 77 957 
13 84 81 19 808 
97 12 93 13 519 
18 95 41 12 136 
68 79 88 20 237 
18 101 19 48 438 
24 61 26 67 1473 
79 8 47 92 254 
76 82 68 86 1569 
85 98 45 39 198 
36 17 15 42 1126 
42 30 27 63 694 
14 67 35 93 455 
38 88 29 23 887 
12 50 51 97 557 
88 13 4 24 514 
23 59 82 36 1506 
9 48 86 98 822 
51 84 86 50 60 
11 50 77 58 989 
99 71 24 84 36 
88 68 21 8 1358 
31 28 5 31 359 
57 87 100 100 340 
92 4 33 73 84 
30 66 3 93 404 
40 38 48 63 567 
53 37 100 34 96 
43 29 80 14 349 
25 80 57 28 790 
27 52 79 37 1157 
96 40 53 79 1204 
25 67 30 83 740 
95 81 44 97 1150 
22 89 68 95 1302 
64 27 20 51 1331 
52 11 77 45 1629 
90 61 13 92 658 
15 86 23 61 1359 
78 102 98 69 459 
46 38 62 57 462 
40 86 86 57 140 
72 22 4 98 390 
15 91 87 84 934 
36 70 54 57 933 
38 68 9 11 62 
65 30 53 23 614 
16 52 22 17 1006 
6 77 58 84 1152 
95 85 27 37 1144 
89 17 17 12 1531 
78 86 7 100 1505 
74 79 77 54 750 
43 71 82 60 163 
66 71 72 22 868 
61 15 73 86 1040 
55 43 74 41 279 
50 16 43 30 1011 
32 46 24 24 1460 
29 102 6 38 478 
27 5 68 27 108 
19 47 97 59 562 
65 15 23 36 635 
33 7 38 37 1603 
30 30 54 98 1303 
21 49 50 33 426 
62 11 37 57 634 
53 77 49 35 1624 
5 21 86 95 1614 
19 25 90 86 959 
24 66 71 40 29 
99 52 72 47 1424 
72 99 66 33 1222 
56 80 68 98 1436 
58 59 5 37 1556 
10 45 61 100 1027 
98 61 66 74 61 
97 42 99 55 678 
3 7 4 47 475 
8 57 55 20 729 
41 59 94 98 51 
67 63 36 44 1520 
56 93 74 84 1487 
13 34 94 29 1299 
17 83 15 56 1423 
53 57 59 8 1458 
55 92 43 55 399 
42 69 71 71 631 
36 8 57 62 1427 
12 35 22 56 291 
76 65 28 41 488 
60 45 40 10 854 
12 6 30 55 650 
66 52 22 60 841 
46 66 25 91 744 
11 28 55 69 1260 
20 37 5 90 259 
92 66 4 25 1091 
98 31 62 19 469 
32 80 4 22 386 
62 15 64 5 1201 
12 42 39 95 338 
34 92 73 33 558 
77 3 41 39 806 
102 50 98 93 901 
17 5 9 62 251 
33 25 35 45 284 
7 75 2 17 98 
53 29 11 5 573 
9 60 31 84 879 
32 41 67 73 392 
14 19 73 50 956 
9 35 79 80 1458 
10 59 30 16 475 
4 3 26 33 1609 
75 42 96 58 795 
59 76 26 8 1400 
95 60 64 21 93 
90 4 54 58 1620 
20 52 33 15 438 
52 32 17 55 848 
31 16 36 74 839 
74 25 17 101 25 
34 11 73 94 1578 
52 96 11 10 664 
2 50 70 34 1321 
25 11 83 31 1613 
29 61 73 56 927 
80 26 92 70 548 
68 89 55 57 1091 
11 81 40 19 1249 
57 23 9 15 846 
83 48 4 93 469 
65 44 88 2 1212 
76 40 18 38 302 
28 6 43 77 1226 
15 97 15 67 1178 
45 73 66 55 709 
8 54 60 5 1238 
34 24 101 41 1151 
25 3 55 83 1521 
73 65 5 100 823 
53 82 34 40 629 
88 35 39 21 1391 
94 80 35 59 1113 
24 82 16 62 1410 
6 8 4 6 847 
14 44 34 74 29 
83 70 68 4 1507 
28 22 22 66 1464 
101 87 82 56 1278 
47 70 98 15 1167 
92 51 45 14 754 
47 81 30 88 426 
46 3 67 20 76 
26 14 33 67 691 
4 62 52 72 1432 
21 28 50 28 113 
47 48 22 2 190 
34 27 56 58 768 
49 94 36 40 742 
100 22 64 52 886 
35 39 33 72 1137 
32 102 75 26 438 
21 33 4 81 1329 
101 83 67 8 1193 
101 60 77 20 1550 
12 28 13 27 1469 
102 66 100 74 1208 
10 16 52 33 1336 
34 54 32 32 456 
18 92 57 59 765 
19 57 58 78 904 
77 65 16 77 978 
5 90 50 36 444 
57 35 32 7 1205 
86 34 36 26 673 
49 30 47 92 1284 
21 74 57 80 1198 
46 10 24 19 1620 
47 2 76 73 1282 
46 6 98 4 1191 
85 62 52 85 1020 
87 23 34 37 145 
49 20 26 99 661 
34 35 73 63 1349 
49 13 15 8 472 
86 59 65 48 1590 
45 34 45 19 1555 
61 24 74 17 1441 
25 78 88 10 856 
29 78 80 33 764 
12 35 37 22 430 
74 49 46 56 1282 
30 61 88 40 1080 
17 77 9 3 1330 
12 64 57 74 973 
72 27 8 56 24 
10 81 34 101 1422 
11 98 25 93 380 
14 80 20 39 985 
67 92 50 44 609 
54 71 78 51 602 
51 80 65 62 915 
49 44 92 55 1157 
51 28 89 53 932 
