2 2
300
25 30 387 
36 57 168 
93 26 51 
16 39 93 
56 59 368 
50 45 74 
48 67 293 
43 37 201 
58 59 142 
39 43 50 
72 82 320 
6 59 273 
85 2 362 
46 93 286 
6 32 9 
61 46 199 
36 52 171 
101 22 127 
9 84 380 
48 80 404 
8 57 341 
2 46 234 
46 51 3 
25 67 174 
31 4 303 
4 39 24 
49 99 52 
88 5 371 
72 73 243 
49 100 305 
76 40 91 
92 39 148 
88 6 352 
47 17 387 
50 12 346 
101 72 77 
59 7 186 
90 100 335 
89 22 211 
95 32 299 
100 99 213 
28 51 112 
22 42 264 
40 17 135 
21 5 333 
20 40 379 
8 73 5 
43 93 378 
31 88 163 
42 5 71 
86 96 302 
15 49 77 
45 25 249 
60 81 126 
56 20 366 
15 70 390 
2 71 337 
61 89 243 
74 59 26 
61 98 258 
89 82 150 
49 56 89 
61 8 228 
65 77 64 
34 50 373 
72 89 296 
5 19 75 
46 42 140 
37 28 31 
17 43 367 
14 86 108 
100 72 404 
96 9 265 
70 56 253 
42 39 385 
69 29 158 
70 4 287 
36 58 326 
47 45 167 
4 15 116 
16 46 269 
68 53 371 
91 36 319 
95 78 328 
10 37 257 
58 6 11 
42 70 405 
71 49 159 
22 81 113 
48 55 111 
60 93 383 
39 56 41 
98 76 354 
5 80 376 
62 77 106 
92 28 90 
19 91 162 
41 65 186 
31 48 398 
29 48 293 
66 45 334 
53 36 347 
89 73 331 
55 62 123 
17 38 366 
9 10 292 
15 32 217 
8 31 261 
89 22 118 
51 10 34 
14 71 117 
17 42 145 
12 11 169 
43 5 226 
43 66 119 
12 25 111 
58 24 154 
28 16 66 
21 60 57 
20 66 61 
58 40 258 
75 43 371 
3 2 394 
56 99 405 
32 75 111 
100 67 268 
37 80 394 
4 95 353 
72 88 227 
15 98 332 
24 94 185 
29 86 267 
94 70 94 
40 10 95 
32 3 101 
40 98 169 
91 23 382 
50 85 353 
20 57 185 
79 5 227 
37 91 18 
17 35 22 
56 6 362 
64 8 396 
45 99 283 
76 74 374 
64 34 368 
16 26 307 
90 76 38 
61 11 121 
22 18 266 
69 5 82 
21 17 281 
22 86 375 
54 29 64 
99 7 353 
19 46 339 
56 17 288 
67 23 267 
31 29 241 
98 98 389 
61 44 368 
34 78 385 
52 57 232 
25 44 198 
100 64 393 
62 93 281 
24 43 263 
48 68 6 
97 4 333 
56 92 358 
12 25 361 
99 95 350 
27 67 121 
94 70 366 
28 33 295 
24 69 242 
71 71 149 
92 76 222 
33 15 307 
91 39 300 
15 97 265 
71 15 79 
62 3 281 
12 37 109 
41 32 301 
77 22 147 
31 75 144 
24 87 88 
53 22 204 
36 68 328 
13 38 115 
58 81 297 
27 59 74 
55 64 268 
92 61 140 
12 53 178 
82 58 379 
41 62 263 
40 92 41 
46 20 380 
71 28 147 
90 102 403 
101 86 209 
3 52 256 
20 78 46 
71 34 111 
89 44 283 
8 56 40 
89 73 309 
66 19 364 
65 83 163 
26 86 149 
32 4 241 
37 13 274 
94 81 29 
32 23 345 
55 71 238 
85 58 310 
26 65 295 
29 3 118 
25 37 270 
64 40 280 
25 96 375 
77 42 125 
70 54 127 
4 16 305 
5 59 205 
93 12 198 
33 82 104 
66 3 87 
66 5 6 
32 14 310 
3 33 168 
40 9 114 
95 81 122 
30 17 19 
47 24 201 
100 26 180 
80 34 103 
20 33 238 
45 61 380 
73 13 149 
31 40 165 
57 3 340 
36 67 204 
25 101 131 
21 5 268 
23 21 323 
74 69 325 
59 54 327 
53 85 408 
85 97 198 
36 24 278 
95 101 313 
66 92 85 
68 66 243 
96 58 137 
95 101 114 
95 25 166 
16 101 181 
59 74 351 
62 6 75 
85 53 285 
4 90 315 
66 28 20 
91 59 116 
61 8 13 
22 65 392 
49 60 345 
74 92 295 
10 22 93 
26 39 110 
93 6 355 
4 84 55 
92 94 277 
58 31 299 
25 6 269 
14 57 379 
43 39 38 
92 15 187 
36 13 248 
100 96 277 
57 42 364 
80 100 216 
43 58 99 
92 33 290 
31 93 118 
13 51 353 
8 98 266 
32 84 408 
20 3 371 
43 71 291 
54 94 403 
102 3 365 
86 47 25 
15 73 404 
71 54 27 
40 63 93 
19 25 253 
