8 4
300
98 72 88 58 65 100 15 62 675 
96 6 42 24 32 22 98 89 633 
39 45 24 6 91 99 30 43 447 
23 62 93 25 85 45 20 46 519 
99 85 90 47 28 7 59 10 486 
5 49 54 29 77 39 47 76 696 
3 94 83 91 30 25 45 94 815 
93 73 23 99 5 88 58 101 30 
92 94 19 19 48 83 40 28 760 
4 96 86 57 80 12 59 19 421 
84 10 58 67 4 36 7 68 302 
40 8 46 68 73 79 35 57 667 
70 86 48 3 53 4 32 43 796 
17 38 95 14 42 88 37 76 737 
50 27 92 85 14 83 46 101 163 
51 38 26 10 24 25 30 91 275 
8 84 59 55 37 63 38 92 244 
45 29 68 61 34 99 88 87 247 
94 87 74 67 59 54 84 83 40 
76 10 16 73 86 53 54 31 753 
35 97 92 30 49 24 53 2 591 
56 92 6 29 23 39 95 38 35 
64 43 27 7 73 56 59 64 668 
17 75 45 17 9 5 7 55 740 
42 66 40 52 16 58 82 30 741 
2 50 88 80 80 50 49 92 720 
69 30 26 37 74 87 43 37 227 
31 41 85 3 24 70 48 54 593 
68 14 28 71 28 45 66 58 120 
98 40 97 98 70 18 17 39 207 
69 7 94 55 11 81 31 52 733 
10 101 28 20 33 27 77 82 639 
64 101 4 83 74 17 73 47 796 
35 36 72 69 89 87 45 81 390 
83 16 5 49 42 77 55 58 469 
91 80 9 71 23 90 40 55 316 
25 88 35 79 84 66 84 98 139 
22 43 14 43 77 54 80 96 547 
77 17 61 29 30 18 60 84 550 
93 66 15 84 31 36 48 22 759 
17 6 33 41 68 46 60 35 126 
47 50 5 56 94 28 23 65 309 
82 98 60 19 21 2 99 93 263 
6 39 14 80 97 57 61 65 738 
37 38 51 16 71 97 3 15 275 
67 39 74 89 63 68 98 68 202 
37 100 87 33 44 77 14 56 781 
5 69 55 50 97 31 38 88 221 
90 68 29 65 18 8 69 34 440 
62 19 78 48 84 31 32 26 530 
8 6 96 76 4 17 102 99 377 
82 19 44 45 53 77 41 10 4 
100 74 84 81 66 12 23 54 301 
21 59 87 27 20 73 66 32 663 
35 16 66 14 65 21 62 89 128 
14 19 69 3 9 76 30 34 424 
85 29 42 86 55 51 80 82 331 
63 58 101 73 82 22 96 8 766 
38 88 11 65 20 80 97 11 293 
72 20 52 12 98 87 21 83 31 
43 51 63 17 36 85 80 101 253 
18 43 39 49 9 4 82 94 379 
45 22 10 65 91 46 16 10 505 
93 53 62 16 54 101 19 55 463 
35 23 54 28 87 22 49 80 561 
101 25 14 50 32 6 41 78 497 
97 80 62 19 3 28 23 89 390 
73 5 90 40 32 55 47 49 583 
96 18 37 91 18 13 77 17 691 
52 45 23 58 77 78 40 24 616 
99 18 22 28 7 99 74 78 618 
82 63 96 61 5 85 34 47 488 
28 9 64 51 44 89 43 73 365 
29 17 30 14 102 10 80 50 261 
54 70 13 40 19 43 37 97 441 
93 93 42 41 26 32 18 14 125 
15 50 76 35 87 36 55 48 493 
50 70 63 88 83 57 53 83 626 
50 90 92 23 16 49 35 52 654 
7 90 94 100 98 90 95 66 9 
60 21 85 80 87 73 82 89 220 
95 8 12 87 90 45 55 70 201 
27 94 36 28 2 37 56 50 471 
71 52 74 75 94 19 56 94 506 
96 73 5 21 43 28 23 42 365 
72 21 102 51 46 30 65 70 590 
69 34 21 50 26 39 15 13 304 
57 22 15 96 34 97 83 62 796 
24 8 53 9 8 62 92 86 235 
60 22 8 47 12 27 46 88 493 
45 48 48 68 8 32 91 68 164 
33 78 90 6 69 86 32 43 505 
23 62 28 60 60 42 11 58 745 
33 12 12 91 52 47 37 40 117 
53 58 3 23 20 42 43 61 66 
43 55 55 24 16 71 65 25 220 
36 87 90 8 59 52 40 60 459 
12 45 28 44 71 32 72 81 698 
63 2 44 89 20 101 34 70 22 
41 11 97 43 28 29 20 3 431 
28 47 101 53 85 62 85 32 133 
84 100 86 25 53 38 85 3 184 
87 49 70 92 75 92 50 102 399 
63 71 19 102 26 70 79 46 275 
89 13 20 83 5 89 84 53 566 
21 17 60 62 60 26 6 35 444 
87 38 74 11 5 85 13 25 501 
101 84 76 18 48 9 4 98 741 
7 6 46 82 9 25 22 31 689 
93 3 13 95 97 93 16 94 67 
64 80 10 37 72 83 28 85 564 
97 5 71 53 60 64 36 102 241 
13 7 31 51 91 76 100 22 180 
52 8 89 86 4 57 101 42 154 
85 72 36 65 56 26 55 27 215 
17 42 45 51 61 98 63 5 708 
81 14 91 36 38 52 61 78 629 
84 13 2 17 54 19 45 53 246 
98 50 53 7 98 66 50 85 653 
81 3 49 93 24 101 70 22 232 
32 52 35 86 6 80 49 73 116 
28 3 91 28 8 10 68 68 450 
38 76 18 27 88 55 72 82 613 
32 93 91 3 49 33 91 15 10 
99 14 46 74 61 27 52 24 671 
93 55 96 41 27 59 46 34 382 
14 7 66 82 16 26 5 19 651 
27 27 56 60 39 95 9 71 442 
13 66 17 93 77 65 73 81 227 
83 93 68 35 59 17 87 79 69 
39 19 100 22 71 43 47 27 798 
30 36 18 3 33 58 5 35 557 
34 22 31 3 11 37 98 25 215 
16 94 70 41 75 62 87 72 428 
58 93 96 76 48 53 68 45 368 
14 81 61 12 32 26 49 55 463 
81 38 10 64 26 49 17 33 265 
32 91 63 58 18 63 6 48 341 
76 60 76 81 37 68 92 86 353 
69 6 64 46 94 22 5 8 279 
46 96 70 50 60 17 21 38 442 
86 58 65 100 8 86 84 75 776 
84 102 3 45 74 42 6 51 225 
72 88 99 43 54 12 29 62 425 
76 28 102 62 62 102 13 8 227 
82 70 101 80 64 21 27 23 54 
35 4 24 30 46 12 89 51 405 
59 45 6 56 73 48 34 10 387 
98 25 42 4 33 68 14 26 655 
31 94 26 80 18 33 5 96 477 
32 48 84 92 74 14 52 56 514 
25 28 99 55 48 56 74 31 801 
69 33 72 59 18 23 32 61 466 
28 81 29 75 52 79 89 4 510 
68 8 53 30 54 79 5 90 796 
85 78 47 72 8 89 35 39 517 
90 75 31 63 62 15 57 26 611 
38 53 78 22 68 46 93 8 193 
49 41 81 95 56 30 25 48 678 
14 57 75 42 42 16 16 101 242 
35 7 47 39 75 29 4 69 310 
24 66 12 3 81 102 66 88 800 
86 97 21 4 40 16 32 45 565 
3 98 13 64 8 69 17 61 13 
80 12 67 54 93 89 92 3 674 
75 13 79 76 78 56 17 32 38 
13 33 69 33 9 33 60 3 574 
29 61 60 45 89 22 100 88 617 
35 34 6 34 14 39 34 59 263 
95 30 23 59 49 78 64 6 223 
37 49 5 37 96 92 19 65 345 
27 32 26 58 77 92 81 85 800 
3 81 22 32 102 52 100 67 598 
52 72 14 84 83 85 95 66 320 
74 100 40 15 17 50 97 9 220 
10 38 55 33 80 66 80 64 205 
9 7 49 56 38 31 19 69 758 
32 45 52 44 65 13 53 8 688 
62 89 66 73 38 95 25 93 241 
23 21 94 50 5 21 60 88 483 
94 21 64 11 99 49 58 67 517 
79 68 75 43 82 74 82 20 607 
63 38 71 56 33 47 101 98 395 
3 84 42 33 86 80 54 61 716 
24 53 93 19 18 73 32 48 201 
59 81 41 22 70 88 47 99 408 
92 41 90 19 12 2 101 57 680 
25 48 84 97 91 23 86 60 542 
86 46 22 101 26 86 23 45 141 
11 83 15 56 88 89 30 64 166 
102 7 44 93 20 63 89 9 815 
44 64 92 20 38 12 21 63 438 
32 93 17 6 98 69 85 92 602 
72 71 62 97 69 29 3 87 432 
27 95 28 61 13 19 87 81 660 
29 93 47 5 37 27 35 100 580 
7 98 12 77 9 30 89 20 308 
42 49 97 66 20 53 59 97 555 
30 73 82 100 21 19 88 58 814 
31 68 36 37 64 71 58 98 725 
45 52 88 100 74 96 81 47 263 
88 65 75 96 48 42 59 7 226 
93 9 79 95 90 53 30 61 417 
5 7 87 28 10 24 64 16 364 
84 32 101 88 21 76 87 2 760 
29 36 22 96 79 59 43 67 720 
14 53 64 36 72 15 45 78 324 
49 62 57 53 34 34 98 77 616 
30 6 91 5 10 90 60 3 202 
33 11 30 30 87 45 36 52 518 
85 50 62 88 46 44 37 39 329 
40 78 4 90 100 4 83 15 493 
101 11 45 76 79 71 90 14 544 
14 21 78 14 19 84 71 15 221 
18 44 63 48 70 73 50 22 208 
24 44 13 27 49 74 85 36 333 
23 11 73 93 100 34 78 25 150 
67 28 61 22 22 87 77 68 577 
102 55 44 74 28 59 46 68 569 
57 88 74 6 31 85 43 50 40 
58 27 47 31 72 47 54 85 766 
69 4 25 29 52 83 3 85 664 
101 51 84 17 49 34 64 23 302 
48 63 99 78 81 74 82 22 336 
28 73 85 99 22 45 65 79 522 
49 31 38 93 5 48 3 44 811 
24 43 79 15 68 52 10 9 185 
99 93 25 53 48 32 42 77 99 
101 4 31 41 54 72 70 17 750 
3 57 60 53 77 39 74 60 648 
66 15 7 35 91 15 23 68 702 
43 98 84 8 53 30 36 5 329 
73 85 91 9 47 53 60 9 424 
67 48 18 89 81 91 53 79 504 
9 68 15 18 21 88 86 29 160 
12 96 6 32 19 74 98 4 610 
93 59 70 55 77 84 63 58 168 
72 56 19 96 58 76 68 29 300 
29 57 67 4 25 20 34 50 105 
50 37 31 46 92 79 16 62 163 
95 56 93 33 56 65 68 17 599 
5 18 41 31 65 92 37 71 380 
12 90 36 53 24 28 71 15 169 
94 27 66 42 82 98 57 75 597 
47 98 3 4 39 10 46 31 268 
76 21 74 40 11 23 33 6 586 
88 45 34 67 64 43 44 76 730 
12 65 38 45 77 92 19 92 594 
47 10 53 28 8 94 96 98 769 
50 55 18 44 11 78 26 71 247 
43 83 37 62 62 65 20 37 541 
98 33 46 84 23 21 50 87 779 
22 61 39 42 73 68 49 96 169 
75 69 56 62 21 7 62 78 78 
40 87 51 90 10 73 28 99 532 
52 68 34 99 96 25 82 6 83 
95 3 12 71 15 68 45 47 551 
14 38 13 41 24 47 12 13 816 
49 34 53 68 15 76 3 99 228 
90 78 75 33 82 18 97 69 610 
102 71 74 85 48 65 6 16 501 
56 13 46 89 89 85 25 36 586 
61 30 90 38 70 19 40 56 563 
96 83 58 97 45 57 73 12 340 
30 65 88 90 64 101 15 49 700 
86 4 91 92 10 48 46 39 321 
89 66 3 58 47 94 96 12 274 
7 61 70 91 18 79 44 97 574 
88 72 68 91 25 23 33 56 429 
82 6 75 11 53 9 18 86 377 
43 74 20 96 97 54 67 9 720 
20 97 87 14 50 14 78 60 542 
75 100 43 82 27 93 41 16 47 
62 98 9 63 75 34 33 3 191 
54 94 78 16 26 18 35 15 488 
69 69 58 63 35 95 42 45 703 
7 62 49 29 57 82 49 7 93 
83 59 24 55 83 49 91 26 542 
92 61 76 27 49 14 33 74 383 
52 101 65 16 23 32 48 28 334 
78 28 39 97 69 20 7 54 454 
40 16 88 11 74 11 29 52 682 
14 82 15 37 97 84 36 99 56 
50 68 38 93 9 58 8 15 802 
31 97 94 58 22 97 59 95 477 
63 43 28 55 90 73 49 36 371 
30 43 32 57 64 73 14 58 698 
21 49 9 32 5 61 13 100 449 
94 58 62 20 81 4 26 75 460 
82 97 81 68 47 74 12 80 593 
70 76 35 23 46 65 12 40 381 
53 32 40 69 44 92 18 57 636 
87 12 64 30 33 91 16 33 501 
9 55 4 37 22 26 89 45 196 
24 73 14 99 10 43 57 75 348 
20 15 55 91 52 92 96 27 558 
13 42 44 46 9 15 4 5 688 
46 18 12 16 82 101 68 96 688 
67 90 4 23 75 61 49 98 151 
11 20 6 14 43 97 58 78 31 
