6 4
300
84 64 49 40 48 91 474 
21 100 95 61 66 18 588 
92 56 46 38 84 19 374 
81 14 34 59 86 6 354 
59 72 9 66 19 8 756 
51 73 71 82 24 39 194 
8 69 95 49 71 50 340 
6 54 46 47 22 17 25 
52 17 83 64 87 17 508 
30 88 96 48 12 81 336 
85 77 58 61 82 24 601 
47 41 12 18 59 4 434 
21 65 22 99 93 92 811 
58 90 21 40 24 63 636 
83 101 3 61 70 2 172 
79 90 87 42 95 31 44 
78 73 48 30 15 11 77 
25 76 51 21 91 44 224 
89 39 24 60 63 98 524 
42 12 59 90 3 34 344 
77 37 60 100 63 96 650 
20 75 11 11 54 71 476 
26 53 42 81 61 96 734 
54 65 83 34 36 43 297 
63 91 42 14 79 69 391 
42 93 23 31 49 50 563 
66 15 51 11 29 8 128 
60 19 12 45 40 54 191 
74 78 67 29 55 45 465 
85 71 100 77 4 12 694 
62 21 52 13 48 23 713 
53 34 26 9 37 23 24 
75 32 71 41 17 27 553 
17 57 4 96 6 14 661 
45 54 35 27 97 33 802 
99 62 33 94 33 38 175 
46 43 22 20 25 56 87 
41 31 39 89 88 19 368 
66 50 19 44 11 8 62 
82 93 83 42 92 6 617 
73 40 48 86 91 48 578 
16 84 78 84 60 73 35 
25 99 41 12 15 55 275 
14 16 53 24 31 16 522 
53 41 80 34 52 37 558 
93 92 5 99 73 76 407 
68 43 62 53 38 5 467 
96 44 32 79 53 44 484 
25 98 64 61 35 9 516 
45 100 51 10 38 38 266 
8 38 14 45 81 86 373 
76 92 73 96 12 9 464 
99 50 57 101 95 11 551 
97 43 40 40 69 89 192 
44 13 45 2 70 27 718 
8 20 36 74 60 16 406 
7 93 68 24 2 8 377 
52 96 11 45 29 67 94 
97 77 6 14 99 24 259 
82 30 95 45 84 71 741 
32 23 29 36 97 20 731 
52 74 18 69 82 79 750 
19 36 59 43 62 79 88 
45 32 62 63 93 20 211 
65 74 81 20 39 57 165 
75 85 10 33 49 24 369 
4 91 47 19 47 42 511 
96 38 4 25 94 82 710 
93 69 75 6 102 66 715 
102 39 51 45 24 74 363 
53 51 11 14 57 67 335 
43 17 46 48 80 65 559 
38 79 97 47 77 35 665 
18 37 29 50 60 59 23 
54 97 76 25 70 20 354 
89 95 12 39 17 48 407 
54 31 60 23 3 21 519 
62 56 99 49 41 65 289 
16 84 67 99 10 40 731 
22 72 25 13 47 27 399 
87 87 10 62 89 34 525 
8 72 28 59 40 41 753 
43 79 78 31 57 10 604 
12 48 42 9 10 62 258 
61 36 13 58 96 17 613 
72 91 89 54 33 73 61 
15 40 42 72 101 99 646 
96 49 84 92 19 77 605 
41 70 56 81 73 35 389 
37 18 3 46 26 19 582 
89 92 79 26 39 69 797 
9 102 39 11 65 54 532 
89 31 68 79 42 3 251 
23 35 74 62 40 62 633 
25 41 28 77 82 10 55 
59 6 68 82 10 78 260 
70 19 73 10 82 84 390 
89 37 69 86 18 43 537 
59 7 66 101 9 22 692 
63 13 36 85 47 61 246 
26 2 99 34 27 101 436 
18 3 53 60 79 32 291 
5 60 92 66 69 43 8 
101 4 84 3 58 49 58 
7 39 28 38 26 20 511 
37 73 55 94 44 14 330 
6 15 43 31 92 51 473 
55 46 21 79 20 31 209 
101 17 32 70 54 48 90 
66 28 24 56 14 75 555 
90 40 74 27 30 62 778 
91 42 74 68 100 51 431 
95 9 60 8 90 39 301 
58 24 25 92 68 32 322 
89 21 78 80 78 92 532 
8 49 54 91 71 32 83 
77 61 5 56 99 60 580 
21 65 50 26 38 33 261 
17 51 37 64 33 58 14 
23 98 90 24 61 90 714 
62 8 19 21 9 29 663 
66 23 38 70 73 70 556 
58 30 57 42 61 35 742 
100 19 29 40 76 11 437 
65 17 34 40 72 86 486 
59 33 6 31 6 53 420 
30 101 96 61 90 35 531 
70 35 83 2 56 99 502 
91 92 83 35 20 30 11 
8 6 32 3 87 11 807 
99 52 14 56 85 41 574 
21 35 81 88 77 90 776 
84 53 40 18 89 100 560 
44 25 98 88 25 52 182 
97 66 60 5 27 68 574 
85 72 48 74 59 93 571 
58 5 49 45 41 8 196 
55 94 87 100 12 32 456 
29 18 70 62 91 50 195 
71 22 85 52 24 27 809 
84 94 46 32 9 101 695 
22 51 45 86 46 100 348 
74 75 7 16 38 17 455 
56 79 14 70 45 48 712 
84 65 95 19 83 27 580 
102 43 70 6 34 73 58 
69 28 78 47 52 83 795 
49 80 38 88 12 46 227 
17 34 64 66 55 100 311 
88 52 69 65 76 74 588 
34 39 13 6 46 51 712 
54 38 25 96 67 92 289 
87 59 33 73 83 45 692 
11 8 42 81 75 71 659 
78 12 83 78 12 27 123 
43 27 84 68 97 42 518 
98 41 72 90 10 5 9 
95 38 95 95 30 89 188 
34 72 27 73 82 8 619 
28 44 20 57 66 22 361 
34 51 6 88 5 23 112 
69 72 93 67 68 82 677 
76 91 85 83 40 94 77 
57 59 97 17 36 90 566 
99 54 34 46 84 59 498 
89 90 8 27 68 11 529 
2 36 8 15 29 95 432 
55 36 76 28 30 37 630 
94 11 73 71 36 46 570 
20 61 23 86 25 24 704 
2 79 58 74 85 46 445 
25 91 4 9 97 19 359 
20 61 19 56 24 86 779 
81 37 58 34 67 97 674 
77 87 31 5 73 68 432 
60 19 56 48 93 25 567 
22 72 64 41 30 28 814 
2 6 32 3 40 93 174 
44 2 42 19 51 74 387 
5 74 6 26 52 93 495 
43 65 10 33 63 28 481 
68 96 95 40 71 85 612 
83 101 4 35 78 34 132 
19 16 31 43 53 24 140 
100 60 17 80 37 41 484 
43 25 72 79 67 64 621 
8 50 82 82 91 74 181 
75 4 93 76 61 47 197 
51 81 92 12 6 44 556 
38 79 62 36 46 18 334 
78 34 58 13 71 42 91 
68 51 63 64 52 97 201 
58 26 5 77 97 37 745 
45 82 69 63 22 10 574 
72 22 48 47 59 83 789 
72 37 65 92 7 15 680 
33 31 51 56 49 46 649 
55 59 61 51 82 52 273 
54 91 52 51 34 43 783 
31 16 18 95 16 30 709 
91 42 87 92 24 10 104 
52 20 8 75 66 93 142 
65 89 98 78 34 65 145 
48 15 43 75 74 89 18 
17 34 63 35 18 95 525 
19 76 61 60 44 23 15 
73 46 78 70 52 81 533 
29 22 19 84 66 71 348 
29 46 19 52 23 13 290 
88 47 42 50 100 55 381 
16 39 20 92 45 18 614 
72 67 7 24 11 39 718 
14 47 53 54 25 24 737 
31 44 10 23 12 68 698 
101 37 21 54 28 21 110 
85 100 94 24 55 69 466 
81 14 30 14 76 49 598 
2 91 99 77 33 58 688 
97 13 71 35 52 92 579 
32 88 72 85 20 77 242 
49 60 32 72 56 35 415 
32 82 11 38 21 14 802 
48 24 79 97 64 31 718 
89 25 91 6 80 88 399 
28 60 31 58 75 46 440 
33 69 7 79 25 36 530 
33 62 98 33 79 75 684 
66 95 90 58 48 44 484 
37 43 68 79 49 4 35 
24 82 82 48 71 47 126 
57 74 20 41 97 25 460 
66 95 74 3 16 67 511 
67 43 2 29 4 97 783 
28 41 102 78 34 63 78 
82 18 87 11 30 71 69 
23 72 18 52 20 5 583 
50 96 78 36 39 43 466 
40 82 21 68 52 21 236 
36 20 65 66 64 49 681 
79 89 94 87 98 56 358 
74 86 78 86 94 27 644 
47 26 45 97 21 54 343 
38 68 44 80 51 81 713 
53 55 89 58 58 90 576 
8 86 50 43 89 15 543 
98 45 84 60 97 52 727 
96 23 71 45 97 43 341 
24 51 9 49 77 58 168 
33 92 30 38 39 10 313 
41 96 56 34 41 77 320 
25 62 22 57 32 100 465 
35 19 15 63 49 31 692 
37 43 96 14 59 48 539 
55 57 24 60 44 53 451 
28 17 13 58 68 5 803 
91 89 94 47 60 66 798 
74 17 76 92 81 55 37 
55 62 22 84 31 75 576 
7 99 99 90 49 4 55 
4 4 8 83 28 88 375 
56 3 69 101 84 70 656 
42 50 70 64 99 53 594 
57 93 76 38 31 30 687 
92 97 59 13 64 93 575 
14 71 11 55 69 60 814 
61 55 85 49 7 92 531 
51 31 28 52 53 36 384 
13 34 46 99 61 64 523 
8 12 91 23 79 12 228 
81 60 11 33 94 75 786 
40 93 91 26 40 21 330 
69 34 63 13 59 25 13 
38 67 58 10 99 38 432 
45 96 28 30 82 39 572 
72 18 21 61 63 53 594 
43 57 74 23 45 26 322 
80 30 12 21 88 28 351 
95 55 24 98 39 45 779 
98 65 98 59 84 72 785 
17 43 54 99 75 31 775 
13 86 89 56 14 15 532 
68 18 11 96 13 29 631 
66 99 65 26 9 79 370 
94 78 65 63 55 45 511 
89 59 25 16 100 50 674 
71 37 43 27 32 32 244 
49 90 66 73 45 21 424 
46 91 75 68 53 52 157 
10 26 95 61 72 5 650 
61 88 82 15 81 97 771 
64 24 101 79 49 17 367 
90 102 92 12 26 13 352 
70 52 50 48 100 65 500 
13 50 68 62 30 52 716 
4 85 60 66 26 59 665 
70 76 91 7 36 76 160 
26 6 50 48 94 39 743 
38 34 69 83 33 35 423 
76 35 19 21 67 59 709 
18 34 49 2 55 63 4 
