4 8
300
53 52 81 21 971 
90 42 35 24 651 
22 6 8 27 162 
36 28 70 49 1324 
71 78 7 73 1135 
34 88 8 89 1087 
80 44 65 80 63 
96 73 3 52 357 
99 56 56 27 916 
20 47 76 29 914 
70 66 34 89 1086 
77 47 11 52 442 
4 36 48 57 1018 
80 43 30 23 268 
64 27 20 27 1376 
18 24 82 16 835 
89 14 81 33 1611 
15 12 78 14 466 
51 64 53 25 320 
65 10 100 65 1273 
80 19 55 13 1525 
45 48 9 4 832 
55 67 97 101 653 
92 57 17 59 799 
70 67 18 94 1103 
2 76 97 8 349 
10 26 19 38 1199 
72 61 70 40 915 
69 5 76 63 1226 
86 70 54 85 478 
10 95 44 16 159 
15 3 63 45 1520 
70 53 3 83 709 
32 49 60 27 1147 
33 89 79 3 1335 
67 93 58 19 1361 
35 25 14 78 220 
16 84 5 29 986 
71 101 27 47 1433 
18 4 95 19 740 
39 12 29 15 1600 
23 19 43 34 726 
24 48 45 62 986 
48 42 26 70 477 
50 46 33 67 29 
35 65 34 15 1080 
65 100 40 74 763 
25 98 101 80 1511 
100 43 73 84 623 
25 57 67 86 688 
78 80 27 90 1587 
95 80 64 13 1070 
60 86 30 68 1332 
26 9 73 15 609 
52 43 48 77 515 
9 75 51 29 1285 
79 100 50 73 1471 
87 75 52 77 883 
47 36 90 15 562 
15 14 7 3 229 
18 86 54 49 1509 
37 34 52 59 1466 
22 32 37 34 1442 
62 38 60 78 1578 
53 60 98 61 1509 
17 55 35 43 296 
97 70 50 15 1031 
95 48 3 80 894 
55 26 95 87 560 
17 102 58 27 1207 
79 57 31 6 1031 
60 90 94 56 1259 
85 101 11 41 1545 
54 84 24 71 1558 
16 37 81 23 715 
29 66 13 27 1261 
18 99 10 69 664 
42 40 46 52 87 
7 56 49 3 1173 
56 17 56 92 1340 
36 80 88 31 977 
45 77 10 62 588 
96 79 69 79 1005 
88 93 44 100 885 
16 40 74 66 1477 
62 90 80 51 1467 
14 12 23 45 712 
40 12 81 9 1600 
67 32 86 16 192 
30 89 71 42 1400 
65 75 58 38 1116 
98 8 24 41 1627 
56 99 61 73 387 
86 58 27 36 392 
78 13 37 2 1455 
85 56 60 54 1014 
76 21 40 66 434 
41 56 87 76 778 
33 90 43 9 713 
70 73 15 92 460 
75 64 38 18 168 
54 40 58 49 1385 
44 50 72 79 428 
38 61 97 46 1377 
32 73 52 88 1509 
90 73 29 58 351 
14 43 70 26 1458 
14 85 25 55 1217 
3 99 40 92 97 
85 20 66 83 130 
11 78 71 8 1604 
4 14 52 25 369 
83 13 102 28 1190 
3 83 48 89 240 
55 38 44 71 1362 
34 35 63 82 154 
72 9 48 51 205 
38 74 64 28 1425 
102 35 101 33 1522 
92 100 14 19 87 
4 74 79 69 900 
75 37 102 25 1075 
71 53 71 16 863 
77 67 53 15 607 
30 21 22 102 246 
21 39 13 78 1526 
37 23 46 77 113 
100 32 81 95 648 
3 75 41 62 301 
50 66 87 80 307 
27 48 101 82 1254 
85 54 79 54 583 
38 26 25 31 507 
50 10 96 9 903 
47 88 60 76 588 
58 82 62 84 1090 
57 53 35 60 1120 
90 24 66 100 383 
47 55 30 60 59 
80 51 12 31 1146 
43 72 80 25 1211 
41 91 27 46 345 
5 95 97 87 1312 
87 93 68 62 695 
28 45 98 86 166 
93 60 102 72 953 
8 72 32 13 427 
87 75 12 85 481 
102 98 23 79 327 
55 60 45 79 304 
89 86 52 89 716 
99 76 97 15 1353 
83 91 57 87 241 
36 64 86 61 1551 
14 83 84 33 697 
32 25 21 66 939 
35 17 24 54 1168 
25 22 46 70 473 
13 80 99 2 787 
13 43 37 65 1411 
92 76 86 84 106 
8 3 21 46 227 
76 58 33 57 811 
68 68 6 16 1499 
15 20 18 32 1369 
36 85 84 85 515 
91 90 58 79 1096 
61 34 42 47 1069 
24 4 102 56 891 
58 49 44 53 1344 
47 39 24 73 1197 
74 60 56 101 1182 
25 21 38 15 404 
89 102 56 90 1481 
36 28 61 50 1146 
13 21 64 77 463 
89 43 33 3 1414 
54 68 87 6 1555 
3 80 43 75 695 
4 68 89 31 1108 
58 96 56 62 787 
20 80 75 3 1012 
55 98 80 72 1401 
84 90 37 28 1186 
23 16 51 95 1470 
58 87 88 8 1106 
47 34 35 10 1182 
95 89 73 54 1113 
76 95 87 44 690 
7 102 73 89 989 
16 33 63 58 771 
43 46 63 72 1498 
35 95 69 35 276 
23 65 73 100 1519 
97 19 85 60 1616 
30 32 9 53 1393 
59 16 101 47 873 
16 73 79 62 507 
50 27 3 63 569 
83 27 54 27 341 
44 31 75 96 1066 
99 50 5 59 318 
13 39 13 87 571 
21 96 24 81 45 
53 88 12 69 730 
72 18 24 25 295 
5 80 84 32 709 
30 43 7 82 919 
68 69 21 43 320 
13 16 18 28 255 
89 5 74 25 1142 
58 20 8 51 1554 
83 28 82 42 277 
35 57 83 43 114 
80 91 44 25 599 
86 69 71 50 543 
58 102 99 9 502 
102 8 62 62 1428 
12 37 58 87 1229 
42 89 82 26 1409 
59 35 77 21 612 
100 63 51 88 1406 
91 51 61 18 645 
83 31 75 11 285 
29 97 23 56 1588 
45 35 60 50 1577 
99 89 47 63 1250 
25 27 80 72 527 
41 59 76 76 1606 
62 79 41 47 1536 
13 16 73 9 968 
63 14 23 23 1541 
67 5 3 91 1451 
4 6 99 42 273 
58 54 5 79 1281 
72 24 50 57 603 
68 96 15 56 1406 
86 18 40 4 251 
13 6 58 78 1093 
38 58 86 87 1576 
59 81 102 31 619 
61 12 96 30 1461 
41 66 68 87 459 
73 92 49 5 87 
88 68 97 26 90 
55 97 29 12 693 
15 40 65 61 1312 
89 96 86 18 447 
75 24 12 14 1238 
50 40 74 50 1558 
48 11 83 81 181 
93 86 78 25 1391 
65 85 87 88 1242 
4 3 9 6 669 
80 8 33 78 523 
65 58 85 50 946 
17 26 82 16 1579 
6 59 86 50 1460 
5 20 63 33 1044 
92 40 26 38 1208 
49 33 70 9 292 
41 80 7 50 777 
37 3 29 67 1150 
42 5 72 91 1174 
47 19 61 17 618 
62 48 2 14 683 
28 34 49 76 180 
86 58 75 98 940 
28 54 38 2 884 
4 93 97 62 397 
89 69 37 66 471 
32 74 55 71 950 
95 80 95 8 356 
6 56 55 56 1412 
86 32 76 34 749 
96 83 61 63 582 
71 52 42 90 898 
60 99 84 48 1319 
14 5 6 40 1046 
50 60 32 81 822 
50 40 43 76 664 
59 95 5 21 575 
51 15 94 35 1456 
45 40 7 53 1033 
9 74 9 75 1216 
82 28 38 70 1593 
37 52 82 12 1431 
33 11 68 49 1607 
67 96 66 13 514 
101 13 73 51 341 
12 55 82 17 707 
78 33 70 101 984 
32 60 38 23 1631 
101 35 84 48 947 
36 74 60 54 1603 
16 11 99 44 1234 
71 57 88 49 1424 
84 73 67 69 196 
3 43 69 89 1112 
9 60 44 13 529 
