8 4
300
82 55 42 25 18 23 50 41 655 
25 90 27 9 73 35 48 46 522 
8 29 67 28 74 70 100 71 256 
42 46 38 59 5 77 85 52 344 
23 11 98 16 83 75 76 66 384 
31 39 16 88 80 75 46 74 660 
23 55 83 74 27 50 92 10 780 
47 68 88 52 26 23 93 27 285 
70 94 47 95 54 10 23 71 262 
19 56 68 64 14 32 96 64 787 
63 51 86 50 26 76 79 32 795 
63 81 14 94 97 55 41 79 656 
38 31 4 75 53 58 18 75 440 
32 84 56 57 58 64 27 32 618 
53 22 70 74 17 24 13 62 732 
22 27 61 14 26 38 52 61 272 
97 90 100 30 35 53 22 49 390 
46 8 25 52 69 67 80 90 465 
14 66 15 82 64 93 69 98 393 
97 20 60 20 7 99 31 32 344 
79 25 89 20 54 70 76 69 442 
68 72 59 96 37 38 81 40 771 
22 17 28 10 63 38 5 27 244 
91 28 3 29 23 39 25 3 534 
72 96 14 47 7 97 39 2 217 
93 3 85 25 41 69 4 11 124 
18 71 63 53 17 29 41 87 336 
55 42 51 22 74 36 72 11 363 
84 77 12 33 73 63 12 14 200 
49 69 89 36 26 13 24 9 255 
6 21 81 88 8 23 56 86 496 
79 73 31 51 54 32 25 22 282 
7 87 100 2 43 5 4 94 148 
56 21 18 40 100 67 5 68 734 
68 98 71 91 78 89 2 35 336 
97 100 17 59 13 6 79 19 175 
35 6 80 77 85 17 5 2 526 
47 41 75 66 48 88 42 59 198 
68 18 11 13 2 10 64 9 765 
5 99 10 14 63 82 46 72 511 
14 92 15 56 89 78 25 57 760 
70 34 54 31 20 56 82 13 13 
14 24 6 72 15 78 23 101 34 
59 35 80 95 22 77 25 30 546 
13 14 31 35 90 47 17 97 615 
43 76 81 55 34 52 81 34 396 
61 43 79 39 35 89 74 68 181 
17 77 14 79 8 91 90 71 811 
74 81 36 61 57 20 3 81 207 
27 5 3 30 16 90 29 67 708 
92 76 80 44 63 23 25 2 163 
66 67 70 91 68 66 53 9 429 
16 102 88 61 38 56 64 49 516 
23 89 63 25 52 43 5 100 776 
23 32 20 15 38 57 100 39 123 
59 37 40 39 79 9 38 15 531 
3 33 39 26 82 16 60 4 107 
61 42 17 29 89 70 71 32 624 
36 3 66 33 63 101 41 7 97 
27 86 12 56 89 39 78 4 550 
60 99 53 6 57 37 44 42 789 
2 32 51 72 70 49 33 4 95 
3 71 72 40 87 76 4 35 141 
5 6 55 80 53 87 2 13 270 
28 32 49 31 91 23 5 41 619 
65 57 18 65 26 88 27 77 268 
99 22 13 79 4 24 19 41 291 
46 24 80 66 72 60 16 7 587 
67 74 83 51 37 48 100 41 631 
3 42 83 69 54 78 54 5 739 
23 51 30 27 14 52 87 61 140 
99 101 88 61 50 21 16 63 22 
54 50 87 67 80 65 47 19 810 
57 78 72 4 14 68 69 95 458 
46 42 63 33 66 78 31 3 327 
93 44 94 64 56 93 76 102 452 
8 58 73 66 82 97 52 32 677 
49 97 89 22 94 58 65 71 177 
44 23 86 11 38 79 25 55 607 
10 95 24 80 30 14 13 63 300 
87 82 61 68 83 36 95 84 50 
55 74 53 38 101 86 72 34 642 
74 99 22 96 43 29 23 45 305 
62 71 69 77 10 32 21 80 728 
64 78 42 52 18 56 73 72 666 
26 74 96 40 10 98 36 42 530 
18 94 41 34 47 40 99 35 107 
41 80 65 23 19 24 97 10 463 
40 24 83 69 24 72 48 99 580 
45 24 63 73 43 71 67 5 701 
52 32 32 4 55 85 43 34 755 
20 5 57 74 45 2 41 97 144 
86 51 71 71 88 51 69 56 88 
54 70 39 96 57 16 38 47 630 
28 38 71 100 28 92 80 29 764 
18 73 81 63 34 48 53 83 436 
18 83 46 84 37 101 74 91 525 
58 26 50 42 39 100 25 15 488 
50 88 26 82 93 61 57 53 676 
33 93 39 93 45 76 63 21 521 
35 47 2 72 27 39 28 24 32 
48 78 36 83 39 21 88 5 777 
32 39 93 87 29 87 18 43 801 
30 67 83 76 81 19 36 92 557 
61 80 63 89 56 71 57 11 608 
51 52 56 20 7 42 81 33 673 
75 50 20 18 56 86 40 100 467 
25 73 99 19 49 49 52 29 210 
37 45 85 24 32 19 12 70 747 
47 12 62 43 98 50 37 63 350 
52 46 26 79 51 58 13 34 310 
80 34 4 9 70 80 16 46 725 
102 53 19 3 7 88 95 96 721 
99 84 78 51 84 88 6 2 680 
4 60 96 29 13 100 81 35 292 
91 40 44 85 29 54 61 37 84 
27 51 40 40 86 57 69 17 415 
64 31 52 18 4 69 96 14 701 
97 74 42 22 23 74 52 5 456 
48 16 56 26 92 48 78 81 419 
47 66 76 41 62 98 49 19 37 
87 75 38 77 90 17 68 66 515 
72 8 30 68 89 82 101 23 8 
98 40 41 6 41 25 18 52 396 
14 58 15 46 75 6 70 67 247 
22 73 27 41 60 28 85 9 598 
25 81 78 96 42 40 97 53 648 
68 83 36 14 61 41 69 56 69 
52 28 35 26 100 24 52 81 407 
77 59 82 15 23 35 52 95 580 
74 20 18 76 51 24 27 5 689 
98 10 14 89 75 6 19 35 658 
42 102 83 56 46 63 91 22 765 
102 54 62 3 64 68 70 97 297 
94 78 79 13 101 97 40 56 582 
39 91 86 77 98 90 54 12 760 
92 20 76 58 88 30 30 27 412 
27 97 48 48 21 80 70 27 468 
5 31 2 87 19 92 91 54 258 
11 27 58 73 51 54 75 80 630 
64 38 92 51 85 77 47 15 480 
27 93 72 8 9 73 33 51 666 
95 7 3 86 68 36 99 21 815 
96 55 49 96 75 43 3 8 727 
69 56 47 28 42 6 33 66 494 
63 5 20 88 42 102 72 82 592 
78 80 72 58 54 67 77 53 490 
14 33 20 31 7 3 84 66 775 
38 69 67 99 55 4 76 37 129 
84 10 15 49 26 94 71 27 233 
21 13 4 83 53 91 46 21 272 
44 35 100 19 6 79 7 36 109 
10 81 26 70 84 19 51 95 350 
49 67 9 28 62 83 75 64 431 
95 57 18 78 56 36 71 34 24 
20 67 6 38 44 92 81 63 374 
6 54 31 87 34 60 48 98 439 
28 18 75 19 46 44 26 14 643 
99 34 27 92 101 53 16 33 227 
40 13 25 19 49 101 37 71 89 
26 10 25 60 32 59 83 45 127 
32 2 23 64 14 33 13 84 243 
22 16 55 81 73 3 32 10 695 
33 11 71 76 85 78 33 2 34 
57 40 4 70 11 58 37 86 254 
9 78 101 94 8 66 71 16 449 
60 47 38 25 30 24 74 52 277 
48 58 20 47 33 14 29 58 360 
30 54 6 99 45 89 72 25 261 
88 40 5 7 6 70 23 75 450 
70 34 13 82 98 61 24 91 225 
15 64 47 89 68 52 22 44 508 
52 63 4 51 55 7 92 88 98 
32 43 54 52 26 60 59 61 193 
35 50 59 47 77 56 62 59 498 
89 102 75 55 87 65 8 73 102 
55 20 81 8 92 12 49 94 396 
77 65 41 89 31 9 28 89 767 
7 7 88 50 91 98 46 5 705 
41 79 58 91 46 55 48 6 333 
46 29 60 49 100 85 8 87 761 
24 2 72 68 29 100 71 2 535 
28 8 31 85 64 89 25 10 122 
95 88 22 88 43 27 68 84 488 
38 60 9 5 44 6 5 23 26 
18 75 52 60 22 45 90 21 802 
13 63 67 72 26 92 70 15 805 
76 39 61 47 2 47 40 34 345 
60 25 66 27 82 43 86 9 285 
67 37 68 78 100 24 29 57 174 
97 68 37 20 37 31 8 31 691 
46 73 75 7 22 90 3 32 783 
36 89 83 26 88 18 57 5 642 
35 100 41 39 20 47 26 45 544 
9 43 91 37 21 52 58 42 297 
63 62 17 80 77 70 28 95 556 
42 73 81 20 65 33 52 75 261 
48 9 55 30 83 79 23 96 726 
9 101 70 33 69 48 82 95 354 
66 58 25 73 13 27 79 86 588 
89 91 80 60 87 48 21 13 271 
85 36 81 40 58 83 81 21 762 
3 11 6 35 40 71 90 88 141 
11 77 98 30 53 99 7 36 43 
13 51 16 23 14 58 15 99 490 
66 28 101 44 93 94 34 79 613 
70 56 53 11 72 101 31 11 293 
39 57 85 84 36 24 78 70 567 
82 81 99 50 22 43 11 26 494 
20 70 86 5 98 76 24 39 655 
56 4 82 17 94 5 23 78 346 
79 85 94 80 68 25 25 54 794 
80 22 36 11 102 48 41 14 341 
54 36 61 11 62 99 44 23 543 
92 67 89 96 29 45 101 34 336 
70 42 4 63 82 46 79 46 133 
48 47 4 36 78 82 63 71 348 
86 70 25 97 38 46 58 35 714 
12 87 95 93 13 69 7 72 584 
42 93 55 17 35 18 83 98 624 
66 58 91 9 34 60 3 17 526 
20 76 6 60 6 49 58 69 483 
25 57 36 37 30 7 11 24 632 
91 70 37 9 16 42 70 94 629 
100 5 54 37 92 97 5 89 790 
70 84 89 8 61 68 59 60 337 
44 31 30 86 100 13 83 14 383 
31 13 62 66 92 14 72 60 519 
9 89 67 41 34 43 10 43 330 
93 85 12 71 52 57 101 27 520 
51 16 7 44 56 80 51 76 620 
39 6 93 77 38 3 5 52 579 
78 5 99 88 78 59 72 92 236 
39 62 63 7 67 67 50 23 361 
60 67 35 88 92 60 67 74 308 
51 18 49 11 69 2 86 25 183 
69 65 40 51 74 66 51 13 117 
17 34 41 28 29 17 59 46 696 
40 92 15 40 23 6 21 23 609 
84 30 95 63 22 44 45 83 472 
8 12 95 71 39 81 46 52 323 
101 25 91 34 54 25 17 49 268 
11 31 44 36 32 52 92 70 679 
23 56 14 99 86 48 60 53 283 
94 71 55 36 96 73 67 22 804 
88 52 78 72 48 76 11 35 427 
18 73 82 45 81 71 98 25 782 
29 4 41 45 76 3 90 25 633 
82 77 37 74 72 11 54 6 144 
9 53 11 41 90 52 95 44 652 
56 51 92 86 40 73 77 39 154 
62 44 78 76 84 25 98 32 474 
19 46 3 73 93 77 54 91 587 
89 91 16 90 52 34 24 36 605 
90 98 39 66 99 35 93 94 508 
44 35 71 88 44 60 94 78 799 
81 86 60 17 34 52 101 90 396 
6 73 94 46 55 50 51 10 275 
23 55 49 70 82 101 15 12 454 
5 3 48 58 98 76 36 45 408 
19 75 66 90 67 11 86 88 173 
72 100 82 23 39 36 26 74 191 
53 12 6 60 4 23 96 98 705 
4 50 77 20 11 12 100 34 289 
71 35 90 40 86 96 80 45 104 
77 84 66 14 34 26 53 86 269 
48 60 73 45 95 71 25 84 312 
48 54 91 72 24 7 101 57 314 
37 14 28 12 82 61 11 21 115 
24 92 18 53 69 27 79 54 603 
66 28 42 21 17 4 58 34 739 
26 7 62 61 15 79 88 17 583 
9 38 80 15 36 77 57 3 752 
24 97 87 65 96 72 33 37 239 
100 19 99 26 57 50 70 87 114 
56 65 79 42 67 54 56 72 136 
98 53 94 67 66 17 12 36 306 
8 63 13 92 30 80 50 89 806 
76 85 83 32 46 51 63 4 309 
17 84 32 35 11 25 55 37 687 
39 35 55 84 16 23 13 65 200 
4 65 37 101 94 79 55 82 710 
37 67 9 44 6 64 79 97 421 
9 75 54 90 39 95 96 12 443 
48 94 71 62 22 84 27 61 314 
5 19 92 55 81 32 38 20 571 
79 97 31 93 7 21 71 5 734 
75 16 28 44 7 84 25 9 711 
20 77 48 27 19 48 26 76 637 
63 56 95 24 54 21 25 19 126 
27 57 90 52 93 18 94 54 362 
14 63 14 11 32 74 45 21 355 
26 55 79 85 69 33 43 10 402 
99 53 65 9 21 90 68 100 425 
102 70 86 31 35 67 3 14 110 
68 54 27 23 81 35 78 101 523 
40 44 91 59 11 85 69 97 14 
83 7 44 26 44 34 22 45 417 
62 97 21 14 84 57 19 77 456 
27 77 73 32 33 23 26 31 460 
