4 4
300
102 74 98 75 147 
83 48 25 29 26 
73 26 92 62 135 
18 93 72 56 775 
23 86 98 9 770 
58 24 4 3 335 
27 24 10 10 183 
79 30 12 55 337 
44 68 71 84 373 
55 86 50 56 421 
20 18 11 81 267 
17 78 91 81 501 
60 47 23 88 640 
51 18 84 39 319 
90 83 19 15 435 
57 17 15 63 335 
74 77 49 52 185 
11 15 31 77 58 
3 42 33 94 677 
99 46 85 6 789 
39 4 12 18 519 
40 101 98 27 630 
3 65 29 40 726 
86 99 74 66 568 
38 89 9 32 308 
50 52 27 32 458 
13 34 12 67 32 
73 66 34 88 692 
12 19 6 100 53 
41 14 95 5 809 
102 75 21 36 500 
52 96 82 80 127 
90 76 68 71 539 
71 55 65 36 151 
22 67 87 81 488 
20 85 11 26 807 
38 59 24 33 458 
40 15 77 5 440 
78 86 56 73 789 
38 53 36 34 308 
88 52 61 87 649 
37 89 42 77 353 
69 87 58 81 649 
33 54 37 15 227 
58 80 61 83 344 
38 14 17 85 198 
69 51 79 89 111 
88 100 39 53 177 
53 75 3 62 712 
93 30 77 93 534 
85 18 23 6 669 
10 92 80 45 359 
25 75 59 52 624 
19 10 71 68 761 
35 17 86 94 623 
84 79 101 95 415 
9 39 25 19 333 
53 30 75 7 46 
98 22 97 9 805 
81 18 53 86 571 
85 61 11 100 266 
71 34 31 30 812 
33 93 87 94 299 
88 52 42 12 211 
91 37 67 62 793 
15 22 79 95 797 
68 28 17 25 550 
51 30 27 87 589 
21 101 47 7 605 
7 38 5 73 107 
31 78 43 60 659 
50 96 51 3 164 
51 57 38 32 273 
7 77 63 26 718 
60 27 57 40 59 
92 92 61 88 750 
79 19 8 82 560 
92 87 59 45 156 
56 81 26 67 194 
65 65 16 74 564 
32 77 81 85 451 
6 23 5 53 740 
60 37 64 11 353 
34 52 58 64 356 
22 20 20 8 276 
80 3 92 16 357 
29 78 90 19 507 
4 40 24 27 525 
71 84 8 54 494 
22 19 17 24 750 
16 10 55 30 403 
14 58 75 52 627 
6 33 91 10 524 
85 49 47 49 335 
95 29 32 100 612 
40 14 68 47 116 
63 88 70 24 247 
21 25 61 70 413 
48 67 75 50 495 
40 95 101 90 635 
75 74 70 83 806 
88 79 57 55 97 
102 92 30 38 130 
20 65 69 80 370 
62 90 79 99 777 
30 56 84 39 306 
47 16 80 69 340 
91 20 90 25 358 
44 70 8 58 417 
58 40 39 35 352 
77 28 23 45 151 
87 97 73 88 580 
34 97 20 18 547 
88 14 63 96 219 
101 77 46 36 32 
93 84 23 48 323 
92 19 51 96 509 
21 95 38 51 464 
96 49 4 54 99 
48 52 92 91 531 
46 79 45 8 357 
2 84 89 41 221 
5 76 28 48 660 
17 48 26 56 393 
95 78 14 39 270 
54 75 93 24 469 
43 94 33 83 780 
15 76 46 52 509 
39 7 99 24 443 
21 23 58 73 791 
3 28 38 43 585 
70 67 8 75 744 
29 93 67 84 701 
12 45 47 53 553 
43 4 75 94 92 
90 82 91 85 112 
33 19 22 27 464 
17 59 92 11 228 
50 69 72 61 290 
48 42 17 38 361 
78 78 7 6 453 
100 55 46 32 682 
90 78 25 62 490 
12 72 43 27 580 
56 55 38 25 163 
76 34 16 58 528 
50 67 55 41 305 
57 14 18 72 478 
64 14 62 28 325 
74 46 13 101 212 
78 101 92 67 739 
25 42 84 86 664 
69 41 90 68 289 
25 25 86 24 43 
99 56 73 68 77 
43 95 12 85 392 
32 23 17 32 723 
51 77 90 50 116 
17 32 34 90 750 
25 26 96 92 136 
51 62 91 96 234 
24 30 26 58 403 
32 32 101 38 420 
48 26 60 79 705 
50 37 38 10 736 
69 24 85 77 703 
19 101 22 69 805 
72 34 22 4 546 
22 53 34 101 684 
87 33 98 39 378 
101 68 19 6 556 
17 26 82 6 500 
102 48 51 72 265 
33 11 34 39 664 
15 6 58 12 538 
99 5 39 26 44 
38 28 48 30 710 
53 84 18 101 686 
48 54 18 43 549 
77 4 64 69 430 
78 101 61 58 271 
97 13 9 40 578 
14 89 58 101 206 
76 102 23 85 667 
52 95 36 55 290 
63 89 17 45 743 
97 43 72 74 242 
39 69 92 97 747 
42 77 80 30 590 
61 98 19 18 760 
77 83 81 87 26 
84 67 7 22 587 
10 98 66 49 618 
73 19 86 72 716 
9 11 27 94 342 
77 17 8 83 627 
67 72 101 52 131 
16 64 87 71 385 
74 63 72 25 680 
46 13 33 54 11 
43 14 50 30 703 
68 58 89 45 231 
69 62 26 45 59 
40 98 16 33 506 
11 34 17 24 129 
48 41 4 10 797 
66 86 55 82 291 
55 24 73 66 409 
60 77 44 43 650 
15 39 29 18 370 
50 99 2 92 751 
11 99 27 14 331 
28 56 81 48 523 
86 8 46 10 446 
18 27 52 83 33 
37 93 76 45 26 
11 15 88 65 406 
69 86 65 90 218 
57 99 61 25 194 
6 98 98 79 782 
8 95 21 64 240 
25 48 21 89 469 
20 25 85 11 261 
16 70 18 98 789 
2 45 58 83 811 
21 68 29 60 813 
41 97 99 49 788 
18 96 26 36 218 
23 67 79 33 72 
34 16 52 94 83 
38 82 102 82 782 
65 38 39 65 86 
59 21 63 89 151 
25 28 38 15 132 
22 46 84 71 618 
37 68 28 75 551 
7 18 37 50 518 
62 97 19 53 272 
81 59 63 25 566 
4 6 92 14 697 
8 81 39 78 738 
94 99 32 7 495 
99 13 66 97 49 
43 86 16 26 481 
30 11 87 82 299 
65 85 61 2 605 
34 79 15 89 502 
28 81 62 59 585 
64 67 15 93 297 
71 95 68 20 231 
19 92 68 56 469 
99 96 59 41 228 
10 41 32 32 237 
22 100 79 36 651 
64 27 58 54 789 
65 98 96 45 556 
72 19 43 74 464 
44 13 62 32 525 
34 24 23 32 516 
25 36 84 64 133 
73 18 34 40 543 
95 36 16 59 766 
3 102 16 73 472 
93 100 60 76 713 
11 40 49 72 391 
41 6 29 91 600 
31 16 34 29 792 
56 87 5 8 523 
10 98 5 38 516 
34 11 51 74 588 
28 78 11 76 57 
35 71 65 92 223 
91 9 28 85 529 
89 70 88 76 29 
8 97 55 12 650 
15 37 13 8 130 
33 57 57 19 392 
55 7 60 23 522 
88 24 15 81 614 
3 73 22 73 622 
66 24 77 71 537 
33 26 101 97 765 
100 60 58 76 787 
36 54 11 37 99 
83 12 68 12 147 
86 84 76 36 645 
44 17 41 32 421 
11 81 88 53 141 
31 9 65 29 534 
29 68 40 84 336 
50 64 86 61 773 
57 58 67 53 669 
51 52 67 18 423 
85 21 28 25 717 
57 68 60 20 676 
77 49 41 47 738 
20 46 94 95 253 
82 33 82 37 790 
54 16 38 71 558 
81 44 49 77 670 
