4 2
300
12 84 41 88 337 
100 45 17 98 200 
84 85 71 15 330 
46 92 59 48 344 
89 93 9 64 125 
26 76 70 65 351 
3 88 65 16 180 
34 55 88 29 305 
46 87 9 93 82 
67 78 75 52 302 
26 40 83 74 108 
21 77 79 58 240 
26 77 54 12 198 
98 21 57 71 201 
93 6 32 73 166 
5 86 18 44 267 
49 3 20 91 254 
64 7 93 90 104 
59 78 32 71 208 
70 35 99 45 100 
48 23 6 3 338 
22 11 12 34 97 
36 61 37 93 47 
25 59 65 50 352 
92 30 69 46 376 
17 76 63 23 295 
72 89 75 20 82 
28 99 20 8 173 
55 98 61 66 372 
100 43 41 60 115 
13 72 51 59 139 
19 56 62 11 275 
48 50 91 62 221 
49 87 18 73 346 
28 42 58 8 136 
97 71 5 55 383 
76 37 5 95 249 
101 40 19 86 11 
75 39 11 41 393 
7 9 102 13 182 
15 27 70 75 10 
74 16 46 26 161 
50 53 10 17 381 
13 47 98 101 224 
11 70 34 71 51 
91 33 19 11 116 
90 71 94 10 329 
51 68 32 93 364 
87 97 95 47 221 
24 31 96 48 348 
62 13 3 58 147 
47 95 102 63 53 
43 99 36 98 209 
81 60 102 36 181 
47 17 7 12 286 
16 77 89 17 368 
63 38 73 26 279 
79 70 39 74 146 
59 69 71 80 197 
90 62 99 96 305 
66 31 62 4 167 
47 7 93 88 90 
72 7 87 72 213 
7 28 12 30 301 
13 24 29 101 357 
80 48 29 64 336 
56 80 95 42 111 
34 79 72 86 97 
74 79 53 53 268 
53 83 101 28 179 
64 52 72 22 261 
44 4 63 16 256 
101 80 32 6 278 
94 14 47 46 85 
30 58 28 6 8 
36 73 78 35 148 
99 49 3 20 84 
5 10 75 78 347 
31 18 57 23 102 
96 50 49 85 301 
41 38 57 8 66 
8 26 68 21 125 
72 28 30 80 270 
54 80 14 85 264 
86 42 71 61 371 
14 3 7 82 34 
88 26 96 62 396 
62 94 97 4 61 
81 44 56 48 62 
6 90 79 57 297 
18 38 66 20 365 
101 70 98 17 17 
7 21 88 13 183 
48 34 70 83 25 
62 85 11 71 348 
44 88 25 46 355 
26 26 52 9 375 
52 63 78 72 398 
95 98 81 101 40 
63 58 44 3 280 
74 23 98 52 54 
35 29 97 35 196 
15 47 54 30 327 
83 71 81 21 388 
87 58 100 86 55 
66 6 12 62 102 
87 45 23 77 62 
5 30 2 96 242 
24 68 45 25 343 
50 45 53 20 116 
94 79 25 8 340 
19 25 14 39 199 
31 19 37 10 255 
72 25 79 16 315 
56 71 88 62 296 
21 15 77 102 266 
23 55 94 34 135 
11 22 17 94 401 
82 18 66 47 125 
8 33 37 62 59 
27 68 40 43 304 
25 93 65 36 262 
6 50 14 74 113 
78 27 6 77 220 
52 10 87 17 396 
40 7 42 32 273 
90 80 17 88 165 
57 17 53 59 41 
19 60 83 30 384 
34 5 94 20 222 
83 29 62 8 264 
19 84 24 46 151 
20 53 35 69 309 
28 35 29 34 296 
63 76 49 68 150 
94 29 58 23 265 
36 15 24 78 348 
63 20 10 23 97 
75 95 8 22 372 
68 27 16 55 277 
101 79 62 47 381 
9 83 96 72 297 
92 27 3 82 12 
7 31 59 84 62 
10 27 8 10 404 
70 70 28 77 287 
69 15 6 55 269 
60 55 79 85 319 
82 26 40 51 139 
50 94 28 20 350 
40 71 34 40 244 
76 73 54 48 105 
41 57 21 102 26 
79 24 50 16 183 
55 53 76 6 143 
86 88 59 76 209 
78 44 10 91 134 
100 83 68 96 373 
89 2 33 59 159 
27 8 41 45 232 
29 47 14 75 135 
88 97 30 5 309 
90 16 80 97 204 
100 49 32 69 34 
98 58 56 25 237 
54 22 18 67 41 
80 50 17 20 101 
33 31 37 58 189 
5 54 65 20 17 
75 24 38 10 167 
81 78 73 37 247 
73 93 92 17 328 
68 81 65 96 398 
42 101 62 73 78 
71 14 75 23 22 
46 95 37 21 348 
32 87 11 27 128 
4 78 82 59 220 
42 41 21 78 327 
26 92 71 23 260 
75 64 67 91 294 
68 5 52 32 70 
80 58 73 32 206 
84 72 40 64 389 
66 21 5 19 322 
31 95 99 43 329 
56 26 17 58 50 
70 22 22 55 264 
101 28 52 42 311 
86 71 91 28 402 
56 53 9 28 406 
56 61 50 12 176 
76 7 12 51 256 
56 43 17 20 336 
64 52 88 100 392 
40 71 65 43 385 
62 6 74 44 108 
5 19 91 58 238 
11 74 12 12 371 
96 18 3 80 93 
45 56 73 45 151 
6 67 11 31 251 
87 98 8 18 337 
72 36 69 25 243 
38 54 61 62 300 
92 42 78 9 11 
24 70 87 21 209 
9 35 31 8 90 
40 11 61 97 300 
14 67 96 29 87 
62 51 80 21 353 
93 97 12 72 191 
66 91 4 29 162 
19 14 90 67 309 
39 7 63 3 89 
29 95 66 89 250 
27 48 51 88 172 
75 92 68 34 244 
14 25 61 61 234 
51 9 34 58 233 
3 80 31 54 344 
57 90 79 99 242 
101 32 26 11 92 
20 42 18 87 271 
29 48 57 7 260 
16 48 4 46 297 
22 62 11 32 248 
49 19 99 4 354 
87 15 71 75 250 
84 101 52 39 160 
10 94 49 91 125 
57 24 26 90 287 
11 87 34 27 160 
40 24 96 50 307 
3 45 16 101 330 
15 79 84 46 334 
17 98 68 7 263 
31 16 22 102 27 
27 95 11 34 317 
2 83 46 36 95 
62 8 4 64 154 
67 80 50 10 70 
79 42 82 9 227 
15 22 29 62 43 
27 4 96 44 206 
10 36 84 23 329 
35 36 50 23 89 
11 96 6 70 404 
53 67 13 85 120 
87 15 4 78 264 
83 56 85 26 401 
60 14 62 14 121 
33 97 29 30 344 
45 94 60 87 189 
22 18 61 63 242 
61 93 13 15 269 
97 34 8 58 407 
81 52 26 25 259 
99 35 94 41 280 
58 40 86 101 349 
94 57 19 32 184 
67 96 24 67 161 
69 3 49 48 142 
101 91 73 30 24 
95 71 37 24 199 
88 26 23 95 16 
23 9 14 30 300 
42 17 78 14 143 
86 30 60 86 391 
98 88 48 6 286 
69 69 57 95 376 
26 22 97 83 240 
43 76 31 64 76 
62 91 22 75 387 
86 15 61 95 88 
68 12 53 28 214 
102 80 19 25 152 
56 54 21 37 204 
22 22 97 55 383 
13 101 99 67 147 
9 69 76 11 352 
56 10 64 74 110 
15 71 71 31 240 
65 59 8 27 264 
10 72 86 25 307 
66 20 8 101 45 
69 16 88 92 184 
35 6 9 39 340 
47 92 49 11 151 
53 52 67 96 126 
55 94 74 3 113 
39 84 53 36 92 
37 4 65 63 244 
101 85 81 87 106 
61 52 72 44 80 
21 25 77 88 100 
16 55 14 71 235 
77 44 87 65 32 
53 55 75 16 196 
45 29 87 51 154 
