6 6
300
88 58 78 75 85 75 356 
24 48 12 18 58 51 478 
102 8 16 56 13 93 232 
76 99 98 80 49 15 76 
5 90 85 67 97 90 496 
78 98 29 32 36 41 261 
27 31 67 37 53 52 84 
101 97 13 41 25 11 153 
62 82 97 38 62 25 229 
60 29 54 64 63 101 300 
12 89 26 79 54 100 599 
70 34 45 98 65 101 55 
94 74 28 73 81 30 192 
18 34 96 76 18 5 816 
4 15 75 91 53 84 1086 
11 89 63 73 13 65 1125 
50 53 42 98 25 16 809 
57 28 92 84 73 11 1152 
56 32 6 38 97 84 814 
21 72 9 14 19 18 1022 
87 67 2 70 67 26 830 
83 56 79 95 90 3 571 
89 85 10 82 76 97 671 
59 59 37 18 83 27 364 
83 35 86 8 101 85 852 
63 92 16 8 87 28 894 
78 29 45 9 84 22 387 
89 101 34 46 23 31 353 
9 67 54 85 100 40 1221 
23 95 89 92 20 79 319 
94 96 76 90 70 84 991 
33 95 12 101 8 100 1148 
36 54 65 80 56 43 661 
27 63 25 89 90 75 669 
35 58 19 66 45 8 1163 
7 60 57 55 49 50 934 
74 45 86 95 42 8 1063 
43 26 14 66 38 74 821 
35 54 4 82 10 28 1195 
39 95 38 65 95 101 360 
96 10 27 9 95 80 655 
21 41 96 50 69 70 1128 
34 6 102 8 36 30 888 
8 56 74 41 23 81 433 
52 50 32 49 9 60 574 
18 90 59 45 96 16 168 
15 9 34 43 61 7 58 
90 38 58 61 73 59 1085 
56 54 70 74 101 20 848 
93 66 3 62 12 47 197 
19 44 65 41 16 61 1137 
48 42 99 65 75 33 751 
14 76 90 39 3 60 761 
37 91 74 97 97 46 274 
45 33 83 50 62 91 876 
96 95 22 58 100 98 98 
14 73 11 28 89 10 965 
93 15 25 11 89 56 1001 
55 93 46 21 17 73 44 
11 18 17 15 44 92 219 
82 70 82 5 64 56 285 
20 65 72 10 38 45 639 
21 60 41 75 37 92 506 
4 78 39 85 27 6 36 
57 96 15 47 20 63 127 
46 45 9 27 102 61 424 
30 76 13 80 29 53 1109 
60 78 42 9 102 78 963 
94 45 22 39 52 22 777 
71 59 64 20 84 44 909 
17 34 50 37 33 9 904 
4 28 7 100 55 14 1187 
20 74 40 20 87 34 639 
102 89 89 52 40 73 721 
19 51 62 47 11 18 526 
45 94 74 71 72 7 1106 
19 17 42 99 10 68 624 
87 26 102 100 12 24 190 
48 63 87 95 38 17 1035 
79 47 55 46 98 56 917 
82 68 52 17 29 64 1008 
74 50 55 32 7 10 402 
26 62 49 101 96 29 1198 
33 89 77 36 92 8 492 
72 89 55 14 14 78 55 
60 52 85 85 62 35 901 
15 34 65 33 9 54 648 
87 8 47 4 29 79 600 
81 76 83 39 58 44 29 
63 2 19 94 34 30 810 
12 66 18 36 96 26 223 
56 14 5 85 56 89 1038 
83 10 13 88 101 57 964 
78 4 48 6 93 73 641 
34 48 41 77 25 89 921 
43 31 70 34 55 33 311 
64 80 56 4 57 19 975 
94 8 8 35 75 89 414 
64 71 32 5 55 68 269 
68 66 10 33 3 12 493 
82 45 56 48 27 55 173 
27 94 4 38 56 75 500 
41 34 44 52 101 43 963 
61 40 31 102 67 5 1173 
15 48 73 56 10 41 147 
65 55 89 50 36 22 464 
79 30 69 101 95 83 329 
34 68 82 3 70 64 252 
8 27 48 62 52 20 142 
48 33 84 48 35 31 936 
82 57 4 67 24 43 1001 
12 64 3 74 24 71 993 
83 93 55 42 80 93 705 
30 42 91 86 4 28 392 
99 88 55 62 54 52 643 
13 80 38 48 23 41 1165 
65 47 90 30 51 32 794 
41 31 8 57 39 21 628 
17 15 83 22 17 52 167 
78 50 14 72 21 31 858 
15 19 95 59 55 64 798 
97 3 58 55 98 69 703 
59 48 6 17 33 3 1173 
67 56 28 8 91 84 1069 
99 78 59 32 4 97 325 
13 15 100 87 59 88 244 
14 27 70 21 85 58 231 
4 10 57 89 29 76 589 
65 69 53 66 83 80 1196 
28 101 24 96 74 33 560 
36 8 32 77 17 78 649 
31 61 89 8 28 71 1170 
70 4 45 76 23 80 597 
48 49 23 78 10 24 1059 
28 47 27 12 27 75 835 
4 27 14 14 100 97 409 
11 66 60 57 11 4 710 
99 81 22 54 55 99 1076 
61 12 101 9 56 68 42 
15 65 98 2 97 29 806 
79 33 64 24 85 17 455 
85 65 23 101 22 31 359 
68 7 60 75 78 82 526 
18 15 7 46 31 32 1167 
3 64 57 16 77 94 248 
51 60 32 71 84 53 928 
49 80 10 36 40 76 579 
60 39 30 21 49 25 750 
19 59 80 56 87 44 1005 
3 68 87 47 38 11 214 
49 31 5 97 31 69 841 
37 99 12 93 58 50 527 
27 29 97 29 71 61 389 
3 53 17 98 11 96 570 
14 25 91 4 67 32 137 
10 27 27 20 58 95 1003 
62 70 66 32 96 41 927 
41 92 20 69 52 88 569 
80 90 100 22 75 24 280 
76 23 91 93 20 34 203 
5 72 12 15 68 52 499 
85 53 69 17 57 73 901 
35 73 36 17 46 67 377 
38 28 99 85 72 61 1057 
49 76 41 77 9 61 445 
22 10 56 86 38 8 1157 
39 34 7 21 53 51 497 
53 57 78 76 69 88 811 
46 14 33 98 93 56 449 
79 30 42 49 14 39 161 
64 82 33 10 61 38 1215 
96 94 66 21 12 48 1172 
21 65 3 42 75 72 934 
98 25 90 47 53 60 737 
6 67 73 42 14 30 1083 
77 47 68 10 52 69 608 
22 69 79 82 11 43 704 
67 41 10 40 69 39 814 
59 46 65 9 80 41 1104 
29 95 81 100 20 9 547 
20 37 34 26 5 29 927 
59 13 67 45 19 5 479 
28 66 4 47 93 24 222 
3 5 3 73 30 61 1139 
76 100 84 92 36 15 573 
5 78 16 66 12 93 1222 
35 100 67 63 38 53 12 
31 79 56 30 87 29 217 
34 33 55 77 69 85 1020 
15 85 55 86 92 94 282 
90 89 82 83 33 20 827 
7 38 12 93 10 94 543 
22 31 65 50 88 31 872 
47 64 91 45 10 18 254 
17 14 80 49 61 80 509 
92 75 49 56 10 52 330 
97 45 86 61 93 41 1128 
56 92 37 6 65 54 528 
28 93 40 25 4 49 1105 
26 34 47 51 16 5 373 
57 18 96 80 81 46 614 
21 7 86 19 79 30 749 
24 44 45 98 28 100 787 
84 11 33 9 5 39 862 
12 41 12 78 38 64 1206 
76 43 28 86 9 95 85 
88 56 8 26 20 31 34 
92 4 56 90 6 68 902 
9 66 73 78 10 82 108 
68 76 43 43 69 65 583 
4 19 14 21 7 59 1171 
57 27 84 87 9 70 251 
39 58 90 34 98 27 825 
79 56 10 102 15 100 245 
82 67 85 54 69 57 1082 
87 44 71 101 11 80 634 
41 91 93 2 14 90 362 
20 55 12 73 40 82 301 
65 5 21 94 61 78 924 
62 101 35 43 15 34 639 
16 21 35 89 49 18 466 
67 19 101 3 12 92 751 
14 75 83 31 77 66 269 
41 52 9 52 4 78 970 
91 61 62 101 58 79 57 
36 79 86 93 67 89 1192 
89 22 93 51 87 16 589 
28 54 14 40 70 32 922 
70 28 39 47 41 61 931 
60 41 4 55 15 59 952 
99 99 40 12 79 26 637 
32 18 2 19 64 33 778 
9 50 63 90 49 31 805 
53 49 48 27 30 23 349 
82 90 98 74 59 72 360 
57 76 30 93 8 25 467 
12 39 30 79 30 14 634 
94 43 67 68 30 14 564 
52 94 87 51 5 26 612 
30 6 47 7 63 36 627 
76 35 99 43 8 30 501 
12 21 50 2 11 79 1086 
49 33 8 32 60 85 71 
84 45 43 5 102 90 1007 
35 85 75 69 80 3 224 
10 70 27 24 86 7 493 
75 39 51 96 49 63 983 
75 41 77 5 53 47 1117 
93 58 40 8 42 61 935 
38 77 36 33 78 72 488 
65 83 10 76 80 67 115 
8 94 11 55 29 4 732 
46 100 66 29 57 29 209 
14 89 18 47 49 66 460 
64 18 65 73 93 42 132 
60 68 31 75 82 84 1040 
66 31 55 15 59 19 1119 
79 71 5 23 45 25 625 
96 95 31 34 4 74 535 
79 48 84 38 64 51 1058 
34 37 57 77 47 34 587 
60 65 34 92 49 48 1045 
48 62 52 49 20 62 785 
76 102 43 80 12 43 1070 
85 73 79 97 70 7 549 
36 51 48 100 93 5 438 
32 99 44 56 28 60 373 
88 34 91 46 91 24 715 
38 15 99 37 93 62 914 
94 57 97 81 43 43 149 
13 6 51 29 58 30 533 
5 102 26 86 85 59 1198 
40 90 53 80 85 88 1206 
37 51 66 2 45 63 471 
44 49 77 87 20 20 911 
30 42 19 35 96 17 404 
16 75 52 10 5 79 654 
69 46 3 61 56 16 928 
57 87 29 16 69 7 750 
55 51 102 67 41 25 125 
50 36 47 91 74 68 266 
78 15 94 41 86 87 907 
5 76 28 66 7 101 899 
57 93 21 29 12 74 747 
26 53 44 67 55 45 240 
12 58 72 85 50 56 963 
74 36 76 85 22 89 613 
77 76 4 36 27 39 1143 
45 28 64 64 96 63 645 
65 52 77 33 44 57 1138 
20 58 83 59 47 97 1010 
58 47 46 92 87 13 595 
79 43 33 31 9 28 814 
32 10 23 56 95 28 120 
86 102 54 81 34 59 706 
19 23 79 82 44 13 1066 
83 20 74 11 52 6 1048 
11 46 4 37 31 28 1075 
50 62 5 53 71 75 884 
47 94 13 54 56 93 728 
