6 2
300
32 65 100 90 40 52 294 
16 25 60 27 89 98 338 
63 79 61 42 10 31 359 
37 14 43 34 52 23 21 
32 35 8 19 66 86 345 
18 82 27 82 69 83 344 
93 59 65 92 88 16 330 
31 90 2 65 59 19 388 
54 58 58 90 32 69 340 
93 54 10 26 14 100 186 
99 36 62 43 50 6 181 
57 81 45 66 9 26 8 
47 8 56 9 70 91 262 
26 71 94 40 16 3 4 
7 57 68 76 17 38 132 
56 43 24 11 15 53 396 
79 15 26 25 46 84 189 
48 56 18 46 11 83 300 
67 69 5 36 5 45 203 
26 79 92 94 90 72 370 
67 33 101 57 40 69 190 
58 71 17 72 21 57 242 
3 52 32 9 56 61 361 
76 21 76 12 10 50 218 
38 35 33 57 14 57 330 
25 20 91 72 16 29 42 
100 90 66 86 91 92 98 
29 62 87 36 13 4 372 
14 26 47 33 21 95 80 
38 86 17 9 101 80 318 
34 43 38 42 33 81 310 
33 12 28 21 59 32 40 
75 48 24 3 55 92 45 
95 46 42 97 36 92 255 
6 51 79 91 14 48 387 
21 51 96 82 26 17 329 
16 20 14 64 65 12 258 
40 95 8 48 91 69 160 
100 98 47 99 90 15 114 
63 52 32 47 86 17 220 
99 30 24 31 76 32 324 
27 30 35 73 83 101 271 
58 73 45 25 80 58 89 
55 51 84 37 4 55 216 
71 84 19 81 97 11 166 
68 86 19 16 39 62 295 
70 14 28 10 16 63 24 
81 89 24 8 61 34 184 
81 41 96 74 79 29 232 
48 18 94 87 92 28 368 
89 28 11 43 98 51 346 
39 58 30 90 94 49 368 
97 97 75 38 79 97 356 
47 25 44 63 35 18 89 
98 37 24 26 37 17 374 
62 15 67 65 85 62 171 
85 68 86 87 81 69 209 
23 20 51 15 33 5 173 
5 69 82 65 36 65 167 
24 8 66 59 34 100 144 
84 11 75 96 37 48 253 
59 60 78 56 51 72 308 
18 75 13 7 15 52 234 
48 87 2 51 99 3 252 
62 22 30 50 70 18 161 
12 78 21 97 59 82 190 
11 6 11 87 95 67 23 
35 55 54 21 51 80 146 
26 75 47 41 47 2 393 
40 50 8 83 56 38 29 
99 94 12 57 71 13 154 
82 93 66 6 37 58 115 
69 78 31 21 40 6 351 
5 76 58 15 82 52 291 
59 5 6 41 31 101 146 
62 44 66 82 69 100 178 
84 83 37 11 46 71 287 
73 79 64 18 34 23 385 
21 56 45 91 63 68 99 
90 63 67 8 60 94 31 
36 67 42 73 8 44 87 
95 23 5 38 83 3 348 
28 44 24 99 80 43 171 
91 23 92 8 34 22 384 
22 72 5 88 78 65 154 
14 24 47 29 80 75 106 
35 42 55 81 67 41 253 
20 45 11 82 53 67 186 
47 51 67 76 25 29 299 
52 2 52 7 40 50 60 
22 79 72 102 70 18 229 
83 39 29 69 83 34 9 
30 96 9 27 100 94 275 
75 82 55 57 49 55 337 
41 5 76 29 93 50 400 
67 41 82 85 51 91 260 
14 40 9 44 97 73 94 
8 45 82 42 57 49 195 
99 19 47 23 65 75 171 
37 55 42 92 86 6 256 
57 29 44 50 5 6 249 
45 49 15 54 83 62 137 
62 96 89 38 3 53 279 
24 37 64 88 18 24 316 
87 69 54 12 70 62 208 
18 39 94 54 45 89 223 
73 33 71 84 16 10 306 
60 55 56 86 55 96 139 
94 83 64 89 84 86 237 
82 64 44 16 102 84 178 
59 97 85 59 66 16 210 
6 95 6 4 15 4 109 
16 99 28 16 68 19 102 
59 32 68 64 5 99 371 
72 30 70 16 28 34 7 
59 73 29 91 82 85 358 
90 60 87 70 83 34 267 
66 17 101 36 67 21 5 
68 20 98 63 19 62 142 
67 38 90 89 73 27 233 
28 102 27 88 37 39 280 
73 83 95 24 67 27 24 
14 71 82 63 15 3 374 
56 33 30 65 24 55 96 
25 98 83 12 8 10 157 
18 76 50 33 84 34 386 
39 4 41 54 37 31 216 
68 10 29 60 26 67 296 
71 99 24 14 86 47 198 
86 14 14 61 19 69 394 
97 34 32 33 70 99 71 
31 91 13 89 26 72 231 
90 56 54 84 45 68 192 
79 28 20 100 89 49 214 
92 29 95 20 64 58 292 
78 99 28 58 70 57 164 
10 13 27 62 77 94 392 
60 61 79 76 4 52 74 
8 14 36 84 52 67 160 
64 20 72 64 16 87 52 
60 28 28 77 12 9 285 
17 95 40 14 57 58 131 
70 19 46 62 8 56 286 
87 95 76 20 93 3 186 
95 58 99 63 9 86 3 
35 53 101 93 45 50 372 
21 98 72 98 11 9 385 
4 28 4 10 33 44 298 
35 54 59 22 8 26 92 
40 42 53 50 74 33 141 
68 47 71 66 7 81 271 
99 6 24 84 96 53 372 
32 97 55 77 43 29 3 
101 45 73 39 26 71 331 
57 21 50 38 78 62 147 
83 35 46 28 66 9 149 
49 36 40 14 76 33 33 
47 101 75 33 6 36 273 
4 100 29 84 12 87 170 
88 77 48 20 93 58 200 
64 10 51 80 23 66 212 
11 35 26 52 40 75 44 
22 77 7 73 28 71 324 
37 19 46 55 24 97 251 
61 94 96 85 77 61 339 
93 25 55 86 72 17 380 
67 5 33 74 14 33 271 
2 43 49 66 89 72 111 
93 7 26 101 71 93 203 
43 32 69 64 16 29 120 
54 54 90 58 56 88 288 
17 15 83 12 66 97 242 
54 49 20 91 91 58 406 
20 31 87 3 27 46 99 
74 66 12 100 6 39 199 
90 61 10 35 86 58 312 
94 45 91 8 98 92 363 
85 51 76 27 73 32 138 
25 5 58 31 44 49 174 
51 73 14 61 60 13 259 
90 12 58 8 102 25 108 
87 98 97 31 55 37 364 
17 38 75 35 10 17 266 
58 55 6 43 12 36 176 
74 79 48 40 82 28 387 
41 20 21 73 8 9 156 
9 63 2 91 14 55 142 
37 41 28 52 97 100 135 
59 54 67 92 91 85 55 
20 51 93 75 11 96 309 
21 55 64 3 10 29 198 
94 5 54 100 83 10 155 
40 22 90 86 30 64 333 
68 57 83 19 26 27 364 
14 11 18 4 61 61 66 
88 66 51 90 73 86 267 
51 15 94 10 77 77 330 
30 5 91 84 34 96 218 
100 83 86 86 4 61 327 
96 38 98 24 51 24 210 
58 41 99 58 80 18 70 
44 91 11 51 52 10 341 
8 28 22 29 67 64 360 
85 67 5 71 27 87 224 
78 98 89 28 55 31 296 
67 94 27 56 80 39 229 
94 77 37 54 53 98 360 
12 78 97 87 62 65 300 
76 95 90 55 33 64 269 
95 24 25 98 81 13 169 
36 97 74 89 28 34 368 
92 70 18 76 91 69 272 
22 94 43 96 68 101 371 
101 40 4 49 77 92 405 
55 15 58 74 87 49 310 
82 25 100 36 33 85 344 
27 73 80 44 97 101 298 
32 84 5 15 14 52 143 
59 72 42 53 44 93 149 
57 62 5 6 21 93 164 
71 45 62 38 17 9 303 
69 26 7 81 93 29 98 
33 55 61 75 99 43 95 
54 61 84 91 94 50 285 
13 77 40 78 10 35 247 
41 44 79 99 45 63 371 
49 36 74 53 66 15 103 
9 46 33 24 52 19 72 
86 80 49 25 61 6 228 
50 69 5 84 96 65 375 
13 84 78 56 82 34 24 
26 13 39 30 38 47 18 
34 9 56 61 18 45 223 
67 32 76 87 58 37 402 
69 71 71 73 51 35 391 
64 57 70 71 87 14 246 
69 12 97 25 62 54 69 
62 51 26 80 22 39 190 
53 4 71 26 99 9 234 
44 70 59 88 14 10 285 
53 88 91 33 33 96 398 
22 81 63 98 85 84 28 
21 47 95 31 98 52 45 
56 101 47 90 7 5 105 
44 40 39 50 46 49 39 
66 37 49 91 45 51 128 
25 10 30 15 27 53 94 
25 66 59 18 61 61 398 
89 46 45 28 93 74 321 
43 27 51 42 37 99 227 
13 48 42 54 3 82 127 
93 19 77 82 54 5 79 
75 82 33 87 90 14 315 
92 6 64 54 79 55 333 
85 81 76 92 55 69 51 
20 19 66 60 81 69 389 
29 70 49 41 71 61 278 
46 19 57 49 88 80 85 
44 80 3 26 29 51 34 
40 3 92 101 38 9 226 
65 70 29 10 47 84 258 
38 18 15 9 95 16 160 
64 21 45 70 91 94 311 
41 65 36 55 20 89 365 
69 59 42 35 55 15 331 
52 29 41 43 98 59 26 
64 90 19 36 38 71 310 
84 49 33 49 17 81 103 
6 95 58 29 97 75 283 
61 75 76 43 3 60 51 
94 6 28 94 36 72 312 
78 19 21 84 20 16 346 
12 11 88 40 36 58 187 
36 85 16 4 86 39 16 
17 45 95 37 13 66 369 
45 7 57 83 11 50 119 
78 39 47 78 62 87 199 
66 90 5 69 4 69 237 
23 14 92 53 36 75 247 
76 27 49 9 52 96 276 
6 33 59 27 10 19 235 
48 71 27 26 54 57 210 
57 92 70 12 99 35 89 
94 66 32 77 77 70 10 
14 100 72 12 92 83 245 
58 48 43 96 52 2 309 
46 67 29 84 20 11 81 
37 81 99 55 63 48 49 
69 29 52 34 51 58 139 
72 58 16 64 76 93 404 
46 29 18 49 34 48 199 
101 5 96 60 61 85 314 
21 74 59 31 37 50 364 
21 93 64 3 47 44 300 
11 14 22 46 20 22 371 
54 84 7 31 2 65 277 
25 58 77 91 75 59 209 
85 59 35 41 45 12 103 
37 56 48 90 6 77 367 
93 76 16 43 64 88 276 
