8 8
300
44 99 43 79 17 32 72 84 471 
79 84 92 50 47 43 14 86 745 
92 99 58 36 101 19 63 30 576 
85 76 38 58 41 99 51 75 31 
40 38 97 83 54 79 58 61 485 
79 31 97 40 14 44 69 39 1264 
70 10 100 26 18 89 97 89 122 
95 23 45 95 101 74 41 76 789 
53 11 47 81 80 42 90 86 1608 
43 47 64 96 91 4 22 83 1076 
6 16 22 9 88 67 71 65 625 
89 86 32 25 101 40 95 18 460 
35 91 31 60 38 35 91 56 697 
47 101 34 43 75 21 8 37 971 
31 46 24 82 12 18 3 3 1624 
71 20 48 27 3 75 76 89 1504 
39 47 80 89 21 34 24 27 1043 
8 48 14 13 19 66 80 67 1187 
8 55 81 16 59 38 35 22 588 
99 22 100 62 69 88 28 71 1469 
83 44 27 92 60 87 54 98 887 
90 59 4 84 48 38 102 70 552 
15 25 90 44 56 101 98 27 73 
68 48 82 28 87 49 76 99 379 
50 17 98 96 64 63 83 47 1022 
36 16 76 64 62 100 54 15 755 
4 41 90 28 96 34 83 88 811 
77 64 75 56 11 51 15 54 866 
40 22 63 29 63 11 38 64 182 
32 5 88 83 76 74 3 74 950 
37 23 23 65 15 78 14 9 1356 
92 82 8 27 52 10 47 16 1527 
87 77 80 81 92 34 23 52 1350 
66 95 90 3 55 39 93 79 504 
34 77 9 88 17 56 28 48 1334 
7 8 56 80 38 62 80 18 1586 
82 58 33 91 44 65 95 50 221 
97 91 29 71 36 74 79 16 644 
89 101 62 26 55 46 53 18 728 
31 88 59 31 25 39 42 13 346 
102 45 34 46 95 69 43 33 943 
57 39 74 84 3 24 22 93 279 
40 58 5 89 40 29 20 66 1022 
58 68 67 92 31 25 53 79 1155 
9 45 9 95 85 24 88 98 1286 
74 49 87 37 10 34 22 4 895 
20 15 6 8 28 31 6 87 1062 
94 67 10 51 32 26 54 15 789 
13 47 75 82 3 45 50 48 273 
80 23 60 35 72 29 70 35 1058 
68 4 19 80 91 101 59 96 496 
73 25 19 63 85 97 86 12 940 
84 40 14 64 60 82 14 28 1037 
9 61 98 83 84 100 61 87 190 
33 35 58 76 25 9 14 79 370 
102 19 40 64 51 62 71 88 1548 
55 7 46 38 68 64 37 52 570 
37 92 43 22 4 100 86 54 1257 
4 9 17 7 51 83 60 14 157 
28 47 12 38 14 97 5 8 1318 
69 97 69 96 41 75 74 80 1430 
83 82 16 42 81 99 85 70 1287 
82 50 57 65 81 55 55 12 87 
27 101 79 48 19 99 19 18 939 
12 10 70 44 35 73 95 79 531 
97 87 68 15 55 47 19 25 944 
27 6 18 15 43 32 70 49 1292 
12 37 65 20 25 65 42 75 976 
13 40 17 86 73 4 23 60 394 
41 15 48 35 32 96 41 94 201 
43 99 69 40 77 88 94 85 681 
71 79 65 5 75 82 87 8 1393 
45 43 35 16 94 85 8 31 560 
35 80 7 71 81 33 52 100 1236 
95 75 65 31 94 90 62 54 1311 
64 38 41 68 50 26 11 98 822 
81 29 7 86 34 48 54 61 84 
38 2 101 33 55 77 7 94 535 
24 16 52 48 56 43 5 46 1513 
97 70 32 84 62 85 83 74 1162 
73 11 43 19 79 35 85 26 841 
84 32 85 67 63 58 93 88 1339 
3 35 75 66 83 90 55 59 1489 
77 57 42 18 52 83 6 36 1357 
94 7 39 19 65 32 91 23 232 
12 32 9 76 92 76 3 82 629 
100 9 30 55 66 21 44 10 1133 
14 68 82 4 63 30 75 101 1323 
47 86 73 45 77 62 76 46 444 
87 3 66 68 17 72 45 8 441 
57 41 44 20 77 57 62 79 910 
36 10 71 81 3 93 95 58 1580 
70 56 34 70 81 22 94 59 107 
7 48 52 12 61 57 3 19 982 
41 29 10 18 85 100 6 41 585 
60 8 102 75 75 62 75 77 840 
97 89 62 24 28 20 51 57 514 
8 26 51 16 80 86 33 56 478 
91 54 73 36 66 42 86 36 840 
9 34 75 92 39 86 6 7 495 
2 20 3 92 69 30 68 100 247 
89 46 29 18 45 21 32 86 368 
82 63 25 22 39 93 69 44 391 
60 17 90 66 12 75 56 33 591 
30 101 87 45 70 68 27 99 1481 
26 93 91 57 62 54 64 26 717 
9 82 82 12 25 27 6 10 1356 
29 25 35 56 64 14 85 4 1393 
39 39 96 60 98 42 2 45 828 
37 5 57 37 4 89 31 49 832 
58 20 79 62 42 61 85 99 1216 
59 72 31 79 74 60 69 27 1418 
52 52 86 42 12 82 77 71 83 
30 94 22 48 27 17 63 29 1377 
11 79 99 36 77 100 68 45 1179 
23 60 33 100 70 80 2 81 1587 
69 18 10 99 87 73 56 57 90 
56 13 48 16 18 47 75 60 775 
92 18 77 88 76 69 10 55 180 
76 32 26 45 48 47 20 96 176 
78 14 94 29 82 22 95 14 522 
28 9 44 88 26 12 32 12 1038 
25 83 44 44 91 34 62 83 399 
84 13 67 3 98 24 37 99 751 
57 65 38 56 95 65 37 83 756 
71 90 8 15 14 38 84 97 221 
71 36 25 62 69 101 98 13 6 
69 28 13 22 53 29 66 77 769 
30 70 90 81 9 10 88 93 1519 
20 71 101 31 21 3 10 68 1035 
25 98 98 39 60 84 64 70 913 
38 51 39 81 51 40 91 56 437 
28 92 29 18 76 78 8 80 690 
3 40 9 11 14 87 65 44 1292 
53 93 12 8 19 42 54 52 689 
59 41 22 63 42 67 77 85 1241 
38 9 24 22 33 82 42 63 483 
51 28 39 53 18 9 61 40 1027 
18 22 75 89 66 26 36 51 635 
24 42 100 43 37 31 11 29 565 
60 32 62 32 68 58 12 4 387 
8 7 25 15 5 4 4 60 1025 
5 51 45 100 88 83 44 20 341 
33 10 94 9 44 91 75 3 131 
5 89 56 19 79 64 2 30 721 
18 12 40 98 41 78 69 8 1272 
93 62 46 81 90 50 37 81 1541 
34 100 66 36 42 4 96 102 1166 
11 88 74 83 99 60 39 28 128 
85 37 71 17 43 38 13 83 670 
66 25 101 8 84 101 69 71 493 
83 84 72 38 4 42 7 60 335 
8 12 65 88 44 64 43 54 713 
28 18 60 30 25 61 63 32 1246 
75 5 6 75 16 31 30 58 718 
40 49 35 31 12 85 17 7 1166 
80 80 83 38 67 33 57 43 853 
74 55 61 13 77 75 65 34 902 
19 35 98 36 60 88 21 5 72 
13 99 8 77 15 20 89 84 849 
97 39 40 75 20 75 78 57 63 
87 29 74 62 68 80 29 100 1167 
78 46 22 98 20 65 28 46 727 
48 99 42 43 26 95 23 70 1558 
20 46 18 25 60 5 84 35 1244 
34 53 33 30 50 17 49 13 627 
34 102 21 77 49 76 30 32 946 
66 47 4 81 42 99 85 12 890 
58 55 88 19 16 86 88 96 1520 
15 20 52 27 96 15 57 90 1123 
78 45 99 44 96 29 47 20 1451 
76 55 13 36 48 40 62 93 952 
54 17 88 37 91 55 83 17 205 
10 41 53 91 27 53 31 8 1094 
59 16 61 61 74 98 97 14 671 
84 81 74 14 67 5 57 4 1201 
85 43 56 46 63 81 17 39 1296 
40 86 30 62 7 41 73 5 1255 
101 95 45 92 42 78 14 101 592 
42 98 75 50 37 24 80 48 1060 
15 15 55 82 46 37 18 59 458 
15 23 76 35 43 65 28 57 154 
33 95 4 80 35 64 45 77 671 
8 92 52 8 85 62 76 60 1463 
26 22 51 9 76 85 50 101 1266 
65 9 57 13 24 82 15 49 866 
65 37 82 92 39 71 96 12 1093 
80 9 41 16 61 85 75 4 579 
62 26 21 21 32 36 87 82 1110 
88 97 70 72 95 38 9 13 375 
11 36 85 82 15 66 18 72 1506 
41 51 50 73 40 22 46 55 371 
36 46 8 49 8 59 3 10 250 
101 11 16 4 9 50 62 66 1118 
55 82 13 57 6 62 43 48 513 
22 17 59 50 27 42 16 75 1095 
19 65 30 28 81 7 50 19 999 
81 39 44 2 13 76 53 94 1183 
13 81 42 48 7 62 28 83 1519 
60 52 85 75 91 36 83 45 18 
43 29 3 9 9 89 101 65 148 
91 21 6 85 99 36 70 4 1530 
29 73 60 70 2 99 13 92 1092 
80 8 50 10 22 70 75 13 1055 
73 7 74 56 49 44 53 38 1010 
91 77 55 52 7 88 43 56 1173 
45 75 29 6 97 19 22 23 931 
63 84 102 38 12 88 71 99 1591 
24 75 26 17 19 66 38 24 248 
16 30 3 64 69 68 98 32 619 
40 69 12 57 36 29 87 92 884 
64 55 68 69 82 10 91 21 1327 
50 30 58 65 70 75 4 8 1509 
58 101 17 36 42 82 50 33 490 
90 69 41 99 32 29 12 75 1129 
52 49 50 94 75 50 86 50 26 
84 77 101 39 55 30 36 31 1484 
41 30 15 88 20 51 80 3 851 
45 53 101 32 55 97 6 54 959 
47 66 29 69 52 94 80 69 923 
33 53 15 13 65 3 38 73 738 
58 66 31 101 16 73 98 44 1586 
5 54 24 6 35 3 71 92 1061 
66 74 81 23 9 53 95 49 815 
41 34 90 100 96 84 52 50 1441 
32 48 52 57 73 10 97 77 241 
36 30 20 14 43 75 38 73 1611 
68 37 59 80 8 69 24 59 162 
11 7 60 42 56 87 15 42 712 
17 11 3 73 29 34 39 60 314 
34 29 93 17 64 25 85 85 217 
34 54 42 84 36 16 100 88 1148 
59 96 76 35 101 4 32 23 1020 
99 98 10 27 43 50 50 92 493 
21 96 45 37 59 72 74 83 1431 
6 35 77 90 75 43 64 82 1044 
47 101 30 91 87 43 62 88 1434 
7 9 13 94 36 46 85 81 1496 
29 23 39 5 63 20 16 28 1429 
89 11 24 69 65 63 86 5 1493 
4 32 11 4 77 73 85 69 1211 
78 14 101 34 7 96 51 36 964 
29 44 39 13 77 61 56 75 1251 
67 40 46 52 10 33 54 83 800 
85 27 48 68 23 96 45 39 232 
91 58 7 30 20 31 4 59 998 
56 93 56 51 50 4 96 19 468 
32 28 6 70 81 25 47 68 150 
15 62 23 45 69 40 47 67 285 
74 39 22 17 51 53 72 100 1473 
96 36 80 46 74 6 68 15 188 
12 23 78 84 85 53 22 91 1582 
42 13 26 18 6 85 87 24 1308 
10 17 79 55 100 83 35 53 530 
34 72 91 19 79 56 29 37 724 
43 92 56 71 98 62 56 32 1425 
68 80 32 97 61 51 25 60 1599 
36 59 25 97 51 34 21 90 311 
10 25 35 72 92 71 40 46 527 
28 41 22 19 102 70 96 68 1188 
4 39 13 41 96 22 58 94 1281 
23 48 43 24 52 9 43 47 121 
56 99 90 64 58 17 19 99 303 
80 19 59 57 3 84 61 19 840 
10 71 31 15 15 99 92 19 1593 
93 6 91 14 78 57 63 42 1138 
87 43 82 98 24 99 3 80 1228 
24 68 47 61 65 35 58 35 1241 
81 42 85 93 73 41 19 28 1527 
31 68 44 4 96 63 15 77 1241 
73 14 49 34 14 38 24 71 833 
55 34 43 58 58 44 81 84 1624 
88 96 71 43 81 98 5 74 189 
36 21 74 86 48 90 59 87 346 
31 49 31 50 71 5 90 67 1545 
54 75 12 101 26 15 64 28 1324 
9 32 36 54 31 42 26 91 804 
81 71 87 56 101 73 23 52 577 
73 40 27 68 54 16 3 53 1617 
3 36 98 61 24 22 9 52 891 
90 79 20 91 26 82 56 11 1568 
11 101 76 41 80 76 79 93 1438 
58 42 80 22 53 80 43 25 888 
56 22 48 67 49 50 19 36 1182 
20 84 16 47 15 46 20 94 850 
27 64 58 24 84 34 34 53 168 
79 70 29 41 50 3 28 2 1447 
52 46 54 28 24 46 3 62 140 
76 13 30 36 4 61 28 18 992 
100 34 41 17 35 98 40 42 1074 
48 80 36 16 21 14 57 70 777 
2 101 42 14 22 24 25 60 648 
84 45 68 70 15 34 42 30 1117 
52 37 13 58 90 84 81 58 1332 
76 62 94 17 81 36 13 28 280 
23 88 13 18 93 77 59 58 1589 
102 80 67 4 75 94 46 7 542 
39 47 13 59 35 66 42 51 1601 
50 69 65 34 59 89 17 21 680 
59 36 46 38 101 34 87 81 1278 
