8 8
300
97 67 65 26 29 23 66 96 166 
35 99 94 88 14 100 29 3 934 
52 56 61 100 58 33 92 29 1345 
52 71 39 92 35 9 74 83 1454 
11 94 84 11 12 51 38 26 1497 
41 40 90 86 26 6 91 64 1361 
96 99 11 34 36 102 41 16 408 
75 45 66 87 16 33 11 20 160 
77 43 46 12 63 34 41 53 1464 
97 67 47 35 3 73 26 80 1368 
82 79 60 84 72 98 26 65 1329 
29 56 26 58 78 8 96 16 337 
41 87 38 79 95 85 12 46 798 
82 42 44 95 63 38 50 30 671 
54 95 74 50 88 100 52 14 1570 
68 41 92 40 41 89 53 86 1520 
50 6 86 76 74 27 49 46 389 
41 36 95 90 11 49 67 44 352 
51 94 101 40 28 83 89 46 96 
61 44 3 58 45 79 45 102 405 
59 80 22 48 2 43 76 13 1270 
5 79 32 44 75 99 67 4 1514 
96 12 79 6 89 30 22 90 42 
25 85 94 18 47 11 25 11 1058 
3 4 93 60 66 17 5 86 1094 
78 19 71 6 93 43 86 51 1461 
49 55 92 94 29 14 41 53 461 
88 89 34 23 22 66 34 66 1623 
4 38 49 64 3 5 63 46 1170 
36 21 95 53 34 99 22 77 903 
77 11 77 81 21 14 89 19 1591 
37 57 99 7 74 29 43 84 202 
45 87 55 89 33 85 43 7 522 
38 38 56 37 3 47 11 59 890 
26 25 20 36 78 86 8 28 1441 
77 31 49 68 11 52 86 79 1469 
5 90 80 94 41 16 82 53 1322 
45 102 56 54 97 17 75 19 978 
97 11 11 70 83 7 97 68 1243 
87 72 28 6 53 26 57 8 1139 
78 34 86 6 56 27 5 64 432 
36 25 36 35 95 94 92 92 1108 
83 36 8 76 99 75 40 98 1322 
57 41 51 32 99 91 47 99 1392 
78 93 57 87 67 21 80 63 694 
44 54 79 36 16 63 59 76 1173 
65 4 37 13 68 60 46 50 381 
79 6 28 47 90 99 9 16 1613 
15 98 71 90 97 38 33 97 719 
6 22 27 90 75 25 19 83 1539 
52 67 27 99 43 19 98 3 929 
18 100 66 83 30 102 64 46 1285 
4 78 9 101 83 73 16 42 459 
100 91 33 5 29 8 4 59 810 
76 17 56 55 94 96 81 16 1589 
82 25 95 28 28 31 46 17 94 
89 53 86 55 85 4 91 100 189 
28 15 72 60 80 73 52 90 465 
27 52 86 14 23 68 76 36 268 
37 75 66 4 61 15 3 17 100 
67 23 34 54 66 97 85 55 23 
29 24 47 24 77 40 3 21 1064 
24 77 32 20 82 52 87 55 409 
50 26 56 60 59 66 67 87 1097 
98 74 87 91 31 70 67 49 187 
73 16 99 28 3 42 50 81 648 
78 50 43 84 69 13 72 37 472 
50 71 68 83 59 93 73 7 770 
82 35 48 64 55 35 40 16 649 
30 24 25 16 12 80 26 91 605 
28 16 7 76 22 96 41 19 1264 
48 92 59 8 58 98 95 70 759 
96 16 97 10 46 55 73 44 225 
7 36 61 90 59 70 56 46 1477 
44 7 15 54 25 37 58 95 395 
85 24 68 29 23 44 33 32 1226 
44 20 72 55 5 80 83 35 1355 
20 60 35 91 54 13 8 53 1021 
36 44 92 61 55 53 31 91 326 
50 80 16 19 59 29 95 14 433 
23 91 4 37 73 92 54 39 569 
93 95 71 57 24 72 82 100 1433 
87 85 67 21 26 17 60 35 904 
71 4 3 7 99 43 87 87 1011 
62 101 73 3 9 17 19 39 1555 
53 95 59 46 39 61 41 10 476 
63 4 67 89 78 40 37 85 578 
36 88 99 30 72 38 10 21 1611 
19 86 78 52 4 89 21 10 654 
101 27 67 44 68 91 14 26 1357 
98 75 25 35 68 26 82 85 835 
101 24 25 22 38 19 62 25 391 
55 13 2 81 70 71 100 38 945 
72 93 22 10 19 48 55 13 758 
78 85 20 54 72 21 37 23 1395 
19 81 91 50 84 45 67 60 203 
85 20 7 56 37 32 68 12 1502 
33 93 7 78 69 27 73 86 647 
8 4 44 84 46 49 85 83 933 
71 24 11 79 45 61 36 72 1529 
43 24 51 90 88 62 29 7 488 
82 43 14 65 79 100 5 61 921 
73 3 76 60 73 56 75 99 1431 
85 55 50 49 44 98 34 32 1018 
93 19 18 84 57 41 20 5 653 
47 8 47 13 76 86 4 65 1129 
22 85 53 97 17 91 74 45 837 
84 35 101 18 34 50 38 14 683 
42 91 48 37 42 70 16 30 1491 
45 74 81 66 47 81 29 14 754 
13 98 4 30 12 14 90 38 1146 
43 32 76 100 77 64 44 64 1219 
25 87 45 85 83 90 99 32 1158 
74 19 90 22 90 22 3 26 261 
42 14 81 37 49 7 100 75 1600 
20 47 99 20 24 85 6 6 446 
5 30 18 17 33 82 43 18 300 
84 23 43 56 98 53 48 4 814 
98 90 39 41 87 10 92 82 1382 
76 56 97 8 18 86 95 100 1564 
2 27 84 101 96 34 88 18 856 
59 66 51 49 74 22 35 10 267 
92 66 45 10 27 53 98 69 1004 
25 78 6 59 63 100 57 48 1261 
70 99 96 8 54 72 57 35 258 
38 29 85 77 75 10 70 5 557 
55 94 2 33 5 29 72 65 642 
50 101 5 53 94 28 45 67 187 
24 86 14 75 55 94 37 62 658 
81 51 6 98 92 60 66 4 883 
79 39 96 69 38 91 32 9 547 
15 87 37 59 34 10 99 48 306 
24 82 41 10 98 45 89 93 238 
37 54 12 47 89 92 74 68 451 
20 57 50 25 45 48 61 24 1216 
7 24 19 98 101 46 42 44 368 
17 71 44 52 83 47 77 97 897 
26 70 100 48 87 68 82 81 1480 
72 101 39 95 51 75 71 84 1129 
100 42 55 68 7 47 69 59 1576 
88 69 76 6 50 50 93 37 886 
78 61 39 53 18 22 55 71 695 
88 25 22 71 83 101 77 79 907 
4 60 65 55 81 30 71 97 201 
19 68 53 91 3 16 21 95 366 
34 49 26 35 14 38 5 84 550 
79 19 88 77 30 73 94 91 1254 
93 26 83 11 83 23 10 39 52 
93 98 24 8 52 91 79 46 493 
34 71 48 30 52 99 97 95 1262 
29 44 40 83 99 14 39 30 1126 
44 25 68 5 27 77 35 14 1393 
14 73 70 99 100 87 43 63 330 
33 66 75 85 16 90 46 83 1549 
67 12 101 11 70 24 22 37 336 
66 31 46 73 97 41 14 85 362 
12 32 46 55 42 39 94 9 1051 
97 60 11 79 61 46 82 69 23 
88 5 4 48 79 65 66 78 517 
78 62 71 37 74 34 68 36 841 
53 14 72 64 19 64 59 27 1250 
14 89 72 102 93 30 39 28 1307 
22 66 55 83 90 66 7 18 768 
98 63 89 79 13 27 95 31 898 
33 26 87 43 90 54 88 55 1453 
64 78 71 43 100 48 53 49 1142 
100 72 26 8 59 4 17 64 1045 
92 36 78 47 9 63 75 8 32 
97 81 78 3 97 38 77 45 641 
80 57 65 43 28 66 57 96 976 
33 27 68 85 28 29 90 99 302 
15 19 71 10 70 94 46 58 1110 
96 100 77 90 33 16 65 39 115 
3 51 10 14 92 15 3 44 1328 
38 14 54 51 14 100 19 64 438 
72 71 88 73 99 71 98 63 1573 
87 45 95 54 23 91 22 89 784 
12 2 29 58 9 29 12 11 735 
17 47 87 78 73 71 89 95 1100 
22 32 54 41 18 31 19 18 1618 
90 85 93 65 31 27 52 9 1015 
2 16 64 62 63 90 26 83 262 
13 11 73 26 67 30 24 101 933 
98 73 86 100 41 93 29 24 413 
56 54 18 62 28 66 9 89 1283 
7 63 71 65 17 38 15 8 124 
30 65 20 64 43 32 70 56 597 
80 4 77 74 34 41 65 72 460 
2 53 85 10 19 80 52 19 634 
90 35 58 50 87 36 85 102 962 
9 94 14 87 94 74 29 31 1386 
6 35 30 32 2 46 10 15 886 
27 22 48 43 15 26 93 82 350 
82 32 20 43 90 35 82 58 1278 
18 17 62 13 82 91 95 48 1371 
13 60 35 14 42 74 81 61 1301 
15 68 81 90 96 13 52 49 1607 
69 65 47 97 53 46 68 93 1591 
96 16 42 59 50 69 42 83 370 
91 71 92 48 64 32 55 69 1477 
101 30 23 51 63 35 92 28 1353 
41 17 9 91 47 51 76 87 738 
42 58 20 14 50 15 91 64 1276 
11 23 3 17 44 86 55 69 1027 
78 48 55 8 69 25 86 2 1067 
18 2 25 43 73 79 87 15 180 
75 89 82 10 62 101 57 84 71 
84 26 75 25 37 80 88 100 642 
94 36 91 97 30 50 50 75 1002 
57 70 52 27 33 31 75 82 1315 
85 70 88 55 53 87 21 4 1250 
94 95 67 47 56 75 39 94 1295 
24 80 60 34 62 89 40 2 220 
56 59 95 46 52 57 100 5 491 
55 41 85 6 78 28 73 58 1310 
98 12 16 79 90 41 52 53 39 
24 53 10 101 17 53 74 66 748 
85 50 45 12 49 53 45 86 868 
99 20 4 34 63 7 8 44 1475 
101 80 71 57 96 101 54 77 855 
24 56 26 34 34 14 82 90 122 
39 88 65 65 35 6 87 55 541 
2 92 93 5 95 76 62 75 1412 
79 31 56 47 60 74 100 23 490 
32 66 88 92 54 74 99 71 908 
30 38 46 68 71 43 67 54 1393 
64 20 63 52 74 61 28 5 970 
55 95 30 93 67 14 76 58 1452 
49 12 40 20 8 25 20 35 597 
44 13 61 16 81 8 88 39 47 
71 82 94 29 66 51 15 46 1251 
29 39 73 34 94 15 54 21 682 
49 46 14 40 34 41 25 85 1507 
2 42 16 24 7 30 11 7 1243 
99 22 48 91 7 64 49 93 1567 
67 12 21 48 64 63 66 41 1517 
93 33 50 55 6 83 58 15 73 
65 7 34 45 24 89 39 57 1608 
98 60 41 52 93 43 45 60 1189 
75 56 80 55 60 68 37 21 1214 
30 45 18 67 35 94 60 86 1402 
66 24 90 35 11 8 64 70 1322 
56 43 42 10 12 48 10 85 965 
28 12 49 68 10 6 14 11 195 
84 33 27 49 94 9 57 81 582 
87 43 47 73 93 92 87 83 1271 
37 22 36 72 59 52 35 34 1202 
41 100 16 86 22 101 97 82 620 
58 10 51 34 55 32 13 26 699 
16 57 21 59 84 29 28 80 1456 
80 15 76 77 16 62 36 17 1334 
24 2 22 48 79 13 54 31 1195 
31 4 69 5 61 35 9 21 1252 
57 85 18 89 61 44 12 18 1093 
66 83 96 91 101 40 51 91 378 
24 70 80 10 6 55 56 99 1229 
24 77 56 43 70 97 85 81 532 
68 37 44 80 37 62 46 90 782 
81 41 6 32 56 72 12 87 830 
101 49 80 64 35 64 69 90 677 
15 25 15 101 8 21 7 85 891 
83 46 35 20 65 18 7 77 942 
73 94 23 86 33 86 46 87 531 
56 6 4 82 13 49 21 33 1057 
37 82 36 86 27 74 17 31 658 
20 83 85 64 59 60 6 98 1572 
23 31 95 31 58 23 89 53 1291 
55 3 36 88 101 34 54 72 1555 
26 89 69 51 71 4 45 28 66 
51 94 49 46 78 17 53 100 39 
74 8 26 15 100 76 95 64 453 
9 34 84 54 12 89 65 82 146 
31 74 62 93 88 32 19 40 960 
35 11 27 21 37 3 32 82 1040 
73 13 91 96 58 9 76 39 1524 
24 99 84 62 83 98 8 24 426 
44 83 23 96 98 62 17 62 878 
5 90 99 84 24 33 25 93 1120 
21 37 18 55 19 51 39 97 664 
79 75 29 30 14 15 77 89 1609 
45 79 18 32 81 98 55 73 795 
98 42 78 53 38 92 30 89 1411 
12 91 66 74 59 2 21 40 1422 
28 77 78 86 9 36 34 82 231 
55 92 59 22 3 48 2 43 901 
67 28 39 39 2 28 29 67 1611 
36 73 22 18 13 42 11 28 1577 
75 14 35 43 21 58 78 77 1587 
32 92 90 21 73 19 47 56 202 
52 91 76 52 60 44 38 100 150 
96 39 81 18 13 76 51 29 471 
24 26 9 83 64 27 30 99 1220 
13 18 102 5 73 59 30 61 612 
25 25 56 93 8 23 49 84 620 
21 15 81 16 72 46 90 25 493 
8 71 29 51 23 62 70 27 1340 
11 93 69 23 90 55 39 28 65 
77 33 20 87 36 82 90 12 1370 
98 99 48 58 17 49 29 25 1454 
12 76 4 96 25 83 41 40 1477 
