8 8
300
96 46 59 82 74 65 89 92 428 
5 90 68 19 48 81 64 71 694 
65 59 97 36 47 91 90 25 931 
80 37 30 23 65 76 72 3 1256 
61 47 19 11 69 61 22 65 390 
3 5 99 14 52 3 58 17 1365 
51 62 101 70 95 51 8 11 906 
100 84 27 94 49 48 4 5 398 
27 56 92 38 16 84 67 88 318 
62 68 87 29 67 50 92 23 665 
80 93 54 70 5 60 5 24 1320 
101 12 58 54 12 49 79 33 998 
96 16 48 20 5 8 32 48 703 
73 73 20 79 3 28 7 26 201 
74 59 53 33 34 93 3 68 1250 
65 10 58 40 52 36 89 98 121 
96 62 90 48 41 58 17 35 846 
65 24 10 32 49 88 37 6 1214 
12 65 83 57 19 39 32 69 628 
89 35 22 86 92 7 21 12 1048 
26 29 20 97 18 102 42 40 722 
70 35 63 72 5 48 62 79 549 
28 42 45 53 18 74 20 30 2 
34 82 34 5 13 38 24 12 1269 
59 17 48 83 17 81 95 64 555 
79 18 31 76 26 15 74 95 1154 
23 75 13 48 79 90 102 10 944 
14 67 24 27 51 95 70 5 1016 
89 47 27 66 61 56 40 43 197 
73 60 58 21 34 21 68 3 609 
69 13 40 61 84 9 23 83 1575 
14 54 70 38 8 23 53 86 784 
48 58 16 58 10 38 78 31 825 
4 95 35 5 61 50 58 3 1504 
26 31 65 19 45 80 60 28 1444 
46 37 54 37 71 49 73 22 730 
25 13 5 4 85 55 59 21 1439 
65 11 95 22 82 7 31 28 912 
87 31 15 38 100 84 50 34 1533 
101 69 26 88 34 41 5 35 1476 
91 25 48 12 63 26 92 97 267 
97 26 57 49 8 44 93 88 1486 
34 89 14 23 56 53 61 60 846 
66 79 79 56 19 49 16 42 60 
12 77 70 91 48 5 68 54 118 
41 54 64 83 97 49 50 74 754 
80 69 71 97 53 5 74 28 296 
41 44 10 10 35 68 41 83 179 
25 45 43 11 58 3 46 22 101 
92 85 84 32 7 47 3 38 1185 
37 17 26 67 19 23 87 28 180 
101 33 21 98 44 15 38 27 471 
8 71 14 69 53 33 99 84 695 
38 11 38 65 9 99 95 6 1088 
89 60 28 22 26 31 92 47 1455 
89 96 43 70 96 82 18 97 1098 
63 69 66 95 70 36 80 51 282 
77 38 26 24 5 40 49 51 1091 
5 88 47 84 79 9 44 12 1431 
4 70 17 58 48 14 31 34 606 
5 97 92 94 44 76 14 18 135 
67 67 94 4 24 48 15 16 160 
24 81 92 59 53 60 49 78 1334 
4 21 92 14 95 72 3 46 884 
78 13 46 73 72 63 100 79 734 
98 101 48 71 45 35 4 10 875 
49 48 46 34 47 68 95 12 1587 
20 55 74 24 3 80 93 39 52 
68 53 11 31 61 76 15 53 1253 
38 35 78 59 12 87 19 56 1602 
12 46 68 80 81 62 66 82 380 
75 76 100 70 80 8 32 38 933 
47 20 89 72 21 96 91 59 1257 
23 63 46 89 7 49 82 83 1507 
39 90 74 51 67 81 53 43 1253 
81 69 57 72 30 75 30 74 591 
13 42 28 74 91 24 85 45 319 
82 88 71 53 91 99 16 94 795 
87 98 55 10 21 80 19 12 1460 
24 54 35 72 61 35 13 70 675 
68 68 100 52 68 24 61 73 889 
9 30 81 61 58 38 27 45 1248 
85 5 23 50 56 81 34 63 1481 
88 11 29 39 42 22 57 49 430 
52 37 32 33 51 50 26 12 1344 
13 65 98 99 48 18 58 30 1067 
22 20 14 21 20 7 34 75 1013 
29 73 90 60 5 11 11 76 128 
49 54 56 75 26 46 99 24 1595 
97 91 66 14 83 14 57 37 474 
16 33 20 27 101 78 88 99 645 
96 54 62 89 90 73 10 11 1242 
14 50 96 70 24 98 9 39 1367 
100 17 92 78 5 71 82 97 707 
92 24 55 79 89 30 7 5 1135 
40 10 3 95 6 73 38 45 1423 
37 49 11 24 19 65 95 90 1329 
51 20 51 93 10 95 30 20 1427 
25 36 63 68 65 22 28 72 477 
85 8 14 21 43 62 83 47 786 
36 70 7 92 87 101 48 57 1383 
23 48 102 9 67 88 86 14 154 
29 70 86 91 97 50 36 12 1334 
72 32 79 91 12 65 47 95 810 
85 35 52 63 22 10 37 8 382 
31 78 43 28 37 31 53 57 1248 
66 47 75 59 58 77 20 78 408 
10 34 38 39 64 73 38 3 1287 
62 67 50 78 56 92 27 6 561 
43 46 97 51 40 57 88 83 788 
78 28 79 77 45 46 85 29 1207 
89 94 15 72 92 37 52 93 1460 
30 91 93 85 34 54 43 79 531 
32 61 96 83 53 83 25 62 1218 
4 87 24 6 95 29 18 40 199 
23 73 56 62 101 49 68 60 1508 
59 95 96 27 36 68 13 55 1115 
82 8 44 34 49 32 62 50 98 
69 26 98 66 70 96 42 22 107 
80 72 62 48 17 95 91 68 1088 
82 79 53 58 95 42 61 37 510 
72 91 26 26 2 53 43 100 553 
99 95 27 102 87 17 62 35 1356 
10 36 93 51 45 83 66 82 1158 
57 14 33 57 7 34 65 72 507 
84 56 72 11 7 19 61 94 1186 
43 83 94 38 98 62 59 53 23 
42 23 47 45 62 23 82 88 1417 
4 43 90 95 39 17 86 79 1287 
16 101 31 77 92 53 10 24 1617 
81 21 18 74 100 57 33 25 785 
88 41 96 51 31 21 32 58 826 
87 51 46 79 55 21 83 46 842 
74 67 33 96 37 40 23 3 1098 
73 32 45 35 64 15 69 100 619 
87 67 72 13 47 36 3 26 1204 
57 4 68 99 93 57 5 61 955 
19 94 7 58 30 30 53 61 428 
9 54 89 33 11 57 83 98 1290 
83 63 22 100 95 13 66 68 1613 
3 76 41 90 32 5 57 53 101 
35 31 39 44 61 88 10 95 1174 
89 26 95 14 18 97 78 24 1594 
41 21 101 95 93 63 31 52 1381 
89 21 24 86 78 61 51 50 1089 
44 41 4 36 92 102 41 79 694 
8 91 60 46 14 10 7 18 512 
9 42 40 78 15 11 4 22 1212 
52 5 49 36 65 71 31 36 1347 
98 7 31 101 56 16 21 25 1004 
29 46 9 15 81 62 29 43 131 
31 68 28 95 34 72 27 91 1217 
97 73 28 91 17 81 28 11 181 
4 10 88 26 59 92 49 77 1255 
69 39 26 89 9 24 63 102 1105 
59 5 75 62 76 67 41 26 846 
38 40 31 30 89 72 51 27 539 
24 7 11 37 48 59 95 60 849 
53 10 66 6 30 17 13 71 113 
40 44 37 22 87 36 40 14 608 
50 41 52 57 40 84 91 40 1552 
61 23 59 18 69 18 15 91 257 
89 34 11 16 19 20 65 14 1356 
100 4 22 77 99 36 22 47 303 
4 98 72 85 17 92 22 54 782 
52 23 77 21 9 98 20 53 1304 
30 36 25 33 94 28 100 93 598 
77 86 26 25 99 24 99 13 1514 
47 7 19 21 96 67 72 15 1477 
10 81 97 26 59 48 56 94 174 
98 73 6 47 86 26 55 47 1114 
26 29 26 55 24 98 5 75 760 
65 10 42 60 63 81 37 93 188 
44 53 29 80 71 7 14 3 652 
91 3 22 95 68 52 99 49 1411 
68 57 60 100 23 86 101 93 1363 
73 40 12 27 11 96 14 13 1536 
43 47 59 22 43 22 59 17 1178 
28 71 44 92 63 16 94 71 583 
56 46 31 45 81 80 23 43 1031 
32 65 94 29 83 57 58 57 26 
31 48 16 39 43 9 14 75 363 
43 83 79 98 35 42 60 61 1098 
67 100 68 81 100 2 59 29 840 
83 102 90 89 36 8 15 65 376 
24 18 5 25 33 8 58 82 975 
88 36 32 54 71 24 90 93 935 
37 52 50 16 82 17 57 33 1202 
36 56 49 73 85 72 19 38 694 
67 44 69 63 25 20 42 73 1520 
23 31 33 68 102 45 51 80 218 
77 10 38 90 70 102 34 24 432 
15 17 52 62 37 34 82 25 806 
92 76 28 32 76 11 23 36 39 
45 70 56 6 25 8 58 44 474 
8 78 76 69 31 3 94 30 922 
45 63 96 101 88 79 96 60 56 
89 46 36 29 69 36 100 91 887 
75 11 94 46 6 95 5 75 761 
77 25 47 27 41 48 55 80 1193 
10 46 83 79 12 66 5 72 1602 
97 81 12 42 71 41 49 21 305 
66 101 59 4 98 15 32 20 576 
60 64 7 90 77 90 63 92 749 
75 98 101 29 44 36 96 10 1539 
39 37 56 8 80 22 30 90 1306 
18 8 50 70 49 94 31 47 129 
95 10 6 23 81 82 95 76 383 
22 39 59 24 9 90 21 95 1355 
83 54 86 87 62 89 10 47 1358 
100 7 51 10 100 99 29 4 10 
92 18 58 76 15 6 99 10 836 
25 96 101 62 51 55 10 50 1522 
26 9 49 20 15 37 99 98 1127 
76 14 41 62 98 8 89 31 1267 
29 9 41 82 91 54 37 87 829 
86 40 58 98 101 52 6 5 1536 
55 74 5 24 79 19 37 24 1564 
14 65 100 95 75 22 78 84 660 
56 45 21 97 84 30 86 15 943 
15 81 15 90 58 95 14 36 929 
77 7 32 23 48 69 58 25 357 
55 93 67 37 22 19 12 51 969 
78 60 92 77 40 67 62 23 714 
85 26 9 7 84 41 65 3 1249 
12 35 100 54 41 61 8 33 360 
95 80 60 98 80 9 36 38 1244 
69 102 70 67 64 26 25 76 1617 
17 50 11 28 74 21 43 102 265 
64 26 21 32 71 9 45 69 712 
87 89 48 2 73 48 65 98 15 
11 47 73 75 31 67 62 93 1347 
15 69 8 41 57 81 93 74 203 
59 39 33 63 24 97 83 40 1411 
56 17 80 65 66 78 21 34 894 
47 90 97 56 72 79 26 32 2 
40 48 34 69 11 100 35 7 965 
72 50 25 78 95 93 81 9 1256 
7 52 5 32 22 25 26 48 1374 
19 5 69 56 39 95 97 45 1491 
56 89 7 82 32 60 19 51 1367 
34 71 97 6 77 65 2 21 1302 
99 10 28 11 45 65 16 18 38 
94 18 13 32 83 52 102 27 330 
74 27 22 47 15 73 41 94 1251 
91 15 30 6 55 19 15 100 578 
67 47 46 44 67 16 58 27 541 
74 4 91 48 6 53 45 31 1538 
61 54 96 57 72 53 89 27 49 
76 89 65 96 19 84 16 36 1295 
78 32 62 9 91 90 40 69 1465 
90 45 11 80 63 27 25 55 757 
43 12 77 95 57 42 13 84 613 
72 80 87 8 33 72 73 69 1614 
37 55 65 8 19 5 63 101 1348 
96 98 28 40 73 66 38 75 398 
6 85 77 22 98 9 53 70 1455 
7 84 13 41 8 97 28 90 11 
85 37 95 75 34 58 59 19 1397 
13 34 9 23 72 60 48 69 1358 
26 17 59 58 57 51 16 59 282 
73 57 92 33 15 85 65 55 630 
33 33 54 21 64 81 24 41 579 
85 85 13 55 95 41 14 4 1203 
46 29 82 46 61 77 41 88 1002 
98 82 22 26 60 20 22 17 592 
33 7 54 80 36 18 16 33 1199 
8 20 64 53 22 13 11 21 414 
61 89 74 79 82 78 20 28 965 
18 61 27 96 36 80 5 82 1568 
23 68 95 66 32 30 4 35 1114 
101 47 63 11 17 41 94 63 460 
66 57 28 78 62 11 59 100 1180 
51 14 86 86 50 41 17 90 869 
34 97 58 46 77 49 10 21 1318 
100 9 46 88 3 75 52 41 416 
72 47 9 86 9 34 58 55 344 
86 18 99 23 96 29 88 62 1064 
74 23 82 81 71 43 30 60 1493 
30 65 13 13 35 11 16 47 704 
48 50 91 26 90 24 28 26 51 
85 79 15 20 2 43 10 80 293 
48 93 78 68 59 50 43 30 1475 
12 74 84 90 9 51 86 41 203 
78 50 35 60 56 46 40 46 1328 
81 13 65 72 6 57 93 70 874 
69 83 93 43 85 62 33 17 845 
23 97 72 65 36 63 31 33 498 
87 90 39 34 30 14 69 64 282 
30 43 71 30 99 41 98 19 959 
23 38 67 75 28 40 95 19 804 
14 17 79 4 43 74 26 8 1321 
18 37 54 81 76 23 45 6 1222 
85 95 100 33 69 19 4 10 1567 
68 14 63 101 41 13 65 57 761 
42 28 102 98 5 93 60 82 1338 
8 44 64 46 32 25 65 12 395 
53 83 50 62 102 35 78 61 1543 
22 19 98 44 18 21 77 4 1270 
77 89 92 10 75 90 37 98 1068 
