8 6
300
45 101 58 75 70 82 53 18 1159 
22 57 13 12 46 37 58 57 765 
27 75 55 80 69 83 50 77 864 
87 35 64 21 27 12 99 15 620 
57 93 52 21 31 51 42 73 411 
89 54 100 30 37 101 56 69 1209 
16 67 33 77 27 95 12 68 1019 
34 4 32 3 15 33 86 3 777 
14 7 46 6 41 98 50 63 278 
75 59 100 66 67 60 14 84 588 
21 82 69 59 12 64 67 9 851 
5 88 41 68 45 36 37 43 759 
57 13 28 37 29 65 73 39 111 
87 71 39 74 91 33 85 67 257 
99 58 98 84 40 34 29 47 925 
85 9 16 66 31 25 98 59 878 
24 87 56 5 88 75 55 82 470 
35 33 99 10 85 80 15 40 1051 
68 75 74 96 10 84 90 89 368 
97 23 42 15 78 34 61 63 985 
69 95 71 24 30 60 95 96 170 
81 77 26 38 53 92 40 32 1029 
102 30 78 74 18 101 45 60 732 
100 21 56 67 51 24 100 48 554 
18 46 47 16 3 16 70 11 150 
8 62 71 52 78 49 50 62 411 
6 98 79 73 81 72 100 97 920 
61 16 28 4 40 8 47 23 1048 
41 88 29 64 6 9 89 39 1210 
92 50 45 10 19 91 90 96 613 
70 48 67 77 18 7 41 11 1157 
88 7 24 66 7 57 63 11 906 
8 44 94 72 86 44 73 10 583 
34 54 100 39 15 46 58 79 924 
23 66 72 24 26 97 15 3 397 
79 29 45 91 48 10 17 84 637 
60 100 64 24 6 10 60 9 701 
99 51 93 80 10 30 81 43 550 
6 87 20 100 60 85 12 96 997 
7 45 8 92 24 34 94 100 972 
16 100 62 64 66 19 39 18 636 
43 101 20 17 12 8 65 13 1190 
36 62 42 81 14 12 28 55 781 
54 9 29 62 88 12 51 67 519 
87 44 23 4 62 44 33 71 1164 
65 92 36 102 29 12 36 60 462 
41 37 88 52 38 13 55 88 109 
27 84 15 10 68 46 65 80 845 
79 34 2 100 49 46 17 65 767 
32 54 82 19 27 30 75 12 371 
58 37 9 12 51 76 35 9 1067 
84 57 26 91 39 51 43 60 320 
39 43 90 44 37 74 51 25 419 
31 10 58 87 37 58 16 9 527 
64 69 86 28 67 42 58 35 107 
40 43 17 33 78 69 4 37 840 
44 16 2 37 63 28 42 6 1214 
33 99 21 70 77 32 8 81 1111 
44 14 78 49 88 4 66 12 1000 
21 100 34 91 86 2 90 74 1136 
45 30 8 60 88 63 43 28 442 
91 72 68 87 27 99 79 61 291 
95 97 30 100 73 53 46 23 77 
69 44 15 21 82 5 39 66 628 
87 87 28 17 8 62 68 76 495 
18 36 76 38 14 26 79 97 945 
67 46 59 57 15 67 57 76 1029 
25 72 92 65 51 63 47 94 909 
100 80 91 70 34 99 12 31 1072 
35 34 31 91 44 88 28 74 236 
97 31 74 63 62 34 78 45 55 
53 55 87 15 92 22 52 81 211 
91 98 14 62 47 87 79 24 521 
57 36 30 6 38 78 44 53 769 
4 39 20 59 94 91 94 62 922 
5 22 43 11 41 66 70 40 928 
9 36 86 89 86 40 92 23 112 
79 49 19 11 73 42 60 50 507 
101 34 7 24 70 88 11 77 28 
3 48 98 66 38 101 3 37 200 
81 17 56 82 69 73 82 18 159 
60 96 51 4 53 93 25 71 69 
73 87 69 100 80 11 38 90 922 
16 15 13 20 10 38 25 81 397 
90 22 67 36 44 54 75 53 986 
55 101 97 7 43 69 95 31 610 
51 82 40 47 46 81 97 69 32 
4 43 88 15 81 74 60 37 601 
42 39 45 17 28 29 30 85 1092 
83 11 74 46 27 81 88 76 1207 
97 45 78 89 40 77 52 73 130 
97 42 23 24 48 8 20 55 1123 
9 37 56 13 18 62 91 17 712 
33 60 18 9 29 7 76 66 1124 
75 56 101 70 67 57 18 36 537 
70 60 64 67 29 73 89 81 478 
46 86 29 18 99 26 19 21 165 
96 89 15 18 50 85 17 47 1216 
95 41 72 102 97 84 18 23 690 
98 67 33 47 22 49 68 32 983 
67 58 59 77 52 48 44 24 568 
33 54 12 82 53 84 74 96 491 
71 47 91 46 102 78 69 23 663 
84 52 69 67 52 21 4 52 1085 
45 19 91 26 60 75 38 87 838 
48 18 16 51 75 28 9 99 1040 
94 23 59 82 10 31 94 61 881 
81 68 4 93 80 3 95 31 944 
53 47 89 18 10 16 10 23 68 
42 35 79 44 60 55 36 13 354 
34 65 11 62 35 101 3 59 241 
68 57 40 15 58 45 51 58 642 
100 78 15 44 74 89 26 54 318 
97 39 10 51 59 69 74 63 816 
70 93 14 90 17 53 97 44 808 
69 29 79 36 95 4 3 38 427 
18 92 92 25 38 83 75 8 249 
14 19 100 74 42 97 79 83 798 
42 12 63 64 50 32 23 59 306 
51 62 46 8 50 23 34 58 876 
78 47 57 33 17 10 33 85 306 
70 98 89 84 60 14 38 62 316 
76 57 44 62 4 82 58 26 564 
78 7 71 79 41 86 26 2 440 
12 12 97 55 33 66 7 55 749 
40 69 5 33 72 90 98 60 20 
32 18 45 77 77 93 64 56 953 
58 93 58 4 60 59 79 28 624 
33 23 26 79 57 51 20 20 704 
45 47 38 83 83 83 85 96 1032 
94 37 37 6 93 78 89 51 755 
7 38 10 48 57 45 39 67 463 
80 54 63 97 59 59 36 21 117 
44 77 13 77 22 66 75 86 1123 
18 29 32 50 93 7 89 15 1000 
51 99 92 94 46 18 45 7 515 
25 100 80 79 72 74 69 46 915 
53 32 18 46 75 73 54 22 471 
10 32 63 58 10 46 78 86 268 
21 52 32 97 34 16 24 52 1055 
16 41 58 60 83 48 33 38 1020 
67 7 26 21 42 26 79 37 920 
83 69 92 36 4 88 52 50 1154 
47 58 100 4 23 25 87 39 997 
84 52 51 17 28 73 62 12 966 
99 102 12 8 19 98 41 44 1015 
98 82 39 72 10 35 54 88 977 
87 65 86 3 37 5 45 97 1051 
28 68 43 21 76 93 9 55 586 
87 40 41 4 65 82 42 91 701 
46 14 43 19 65 42 94 77 579 
97 98 67 9 66 24 12 16 928 
44 79 9 48 65 58 87 70 585 
43 85 2 6 63 48 48 100 1025 
46 11 5 4 29 100 46 14 692 
84 80 77 19 94 51 6 101 148 
53 100 51 88 34 97 94 53 1134 
49 92 37 22 63 67 40 68 58 
75 42 52 11 4 53 101 5 1099 
75 26 93 53 3 64 36 97 2 
37 60 79 10 12 78 7 99 274 
23 65 19 12 81 28 47 33 719 
64 44 99 100 89 31 7 21 331 
4 98 92 75 88 68 67 5 94 
29 67 32 75 5 6 30 80 492 
75 65 47 67 9 71 6 74 654 
5 39 74 50 5 93 52 6 24 
35 51 79 53 46 77 20 19 818 
31 91 41 95 72 11 91 34 680 
84 38 91 22 71 16 14 64 811 
38 81 64 41 26 101 4 98 360 
65 24 21 72 49 91 5 77 1012 
17 13 69 65 62 72 37 70 831 
15 14 82 64 41 85 11 84 474 
7 91 67 41 92 76 82 27 130 
39 14 91 101 20 96 34 100 628 
101 75 21 94 6 58 33 91 1022 
52 3 85 38 63 67 53 100 1048 
20 77 22 96 85 36 62 101 688 
81 16 97 88 32 43 33 12 118 
22 15 88 11 10 3 92 32 297 
29 2 53 26 51 22 10 16 279 
33 7 91 87 34 7 102 54 927 
91 66 73 45 7 52 58 33 1032 
102 10 69 22 5 56 12 35 1208 
7 57 67 77 79 18 20 3 66 
22 37 84 83 11 58 27 4 803 
55 86 97 3 70 19 38 10 72 
57 13 4 38 77 101 8 97 1186 
13 16 89 57 27 7 47 37 1182 
5 21 101 14 96 4 90 59 596 
6 6 89 50 41 71 12 65 1095 
5 87 62 85 77 16 61 17 1067 
81 101 61 93 58 35 23 35 1094 
9 46 19 2 49 20 52 5 1111 
12 65 78 20 46 64 17 44 622 
38 22 46 87 55 82 17 12 715 
91 15 50 57 29 8 81 6 236 
75 5 39 44 34 74 26 51 635 
14 63 56 99 77 16 84 86 164 
47 24 92 39 88 40 61 63 1094 
45 57 38 72 41 42 45 44 472 
15 96 89 74 63 6 30 5 601 
6 94 40 36 75 45 94 37 1001 
31 38 20 101 85 73 85 83 1153 
18 43 24 16 56 35 78 71 1104 
28 74 63 88 11 85 91 57 849 
54 11 84 95 80 6 61 16 79 
23 16 13 18 92 82 12 14 754 
29 92 39 7 60 6 55 68 761 
23 45 29 37 13 30 4 33 884 
14 25 66 20 57 42 29 57 668 
81 12 85 83 78 99 23 64 797 
34 49 53 80 42 13 44 40 877 
81 88 5 85 16 61 10 100 1088 
100 11 37 99 80 5 51 75 692 
81 41 68 33 16 51 65 72 1032 
23 36 85 54 78 19 71 50 846 
53 98 98 26 76 80 10 25 645 
32 37 71 50 31 69 57 65 1206 
7 50 74 57 23 46 76 89 789 
8 48 35 20 30 32 36 100 949 
62 57 68 90 25 93 98 35 434 
17 75 7 18 99 15 21 65 1222 
99 98 77 54 52 89 16 4 950 
21 14 8 41 16 32 91 97 94 
35 19 27 83 61 90 10 61 165 
61 92 50 22 101 67 32 39 27 
4 10 7 81 76 23 15 79 250 
31 79 61 77 29 5 8 88 564 
77 18 40 90 46 93 76 56 149 
31 102 15 43 10 79 30 89 1057 
5 56 45 5 70 84 70 81 1006 
56 87 65 48 16 15 21 57 262 
66 16 66 16 7 22 11 86 945 
9 90 70 84 48 41 18 5 399 
5 74 49 58 22 66 11 21 852 
51 85 87 3 24 55 58 66 892 
24 91 50 25 96 86 7 63 1121 
16 74 40 26 31 13 82 18 1023 
76 10 96 2 7 88 52 62 8 
94 8 68 17 28 84 69 96 180 
86 82 80 65 53 61 75 97 577 
33 28 56 77 22 8 71 84 680 
80 24 86 65 75 35 86 15 663 
28 100 48 58 59 37 98 98 451 
8 13 59 37 29 12 41 21 429 
48 19 88 62 48 46 29 90 890 
33 24 8 47 81 40 7 49 1183 
3 77 71 21 80 26 71 66 865 
100 46 96 76 26 56 100 40 1173 
70 68 55 4 31 71 64 68 917 
32 63 34 21 32 82 15 40 539 
68 30 41 65 93 84 76 31 546 
80 59 100 54 48 43 44 40 998 
46 101 48 102 59 15 51 41 39 
40 81 16 16 63 88 12 34 124 
59 7 76 73 31 2 26 86 110 
79 80 16 93 79 94 101 71 483 
100 69 73 28 16 55 81 37 610 
32 66 98 14 44 16 33 87 398 
9 76 72 48 78 74 6 74 739 
91 49 4 24 17 94 48 14 801 
41 33 93 24 94 95 52 96 246 
15 67 38 2 62 93 62 94 1168 
71 54 93 100 24 44 94 92 1084 
50 10 51 6 68 31 51 94 670 
43 88 84 79 97 84 54 93 89 
26 91 89 13 65 26 99 79 742 
76 43 10 52 31 3 7 5 1045 
73 11 101 9 53 70 39 21 76 
16 94 59 11 48 34 37 70 24 
4 39 48 27 9 91 71 77 631 
48 93 58 83 75 94 98 83 997 
10 19 39 21 76 46 20 85 1039 
6 67 97 79 17 63 101 5 811 
42 48 4 12 40 79 18 92 335 
52 35 22 66 15 67 52 28 628 
66 85 65 4 10 26 6 67 115 
59 72 78 97 83 72 28 59 436 
81 100 81 63 4 86 19 70 615 
67 42 55 32 29 90 12 37 245 
5 40 40 80 8 75 69 62 258 
53 56 54 52 40 58 31 73 346 
74 5 83 81 87 42 76 41 308 
59 29 45 90 88 48 52 25 232 
99 3 94 8 96 45 65 68 165 
100 17 4 99 3 58 62 40 391 
41 26 55 100 6 69 50 13 405 
80 65 71 8 2 17 39 34 857 
38 68 12 40 19 21 29 78 288 
25 62 28 89 30 50 16 12 1207 
68 101 99 27 60 85 12 86 40 
47 95 17 89 62 71 88 27 883 
24 4 9 36 73 31 46 27 625 
9 93 37 23 94 92 18 73 398 
75 12 9 29 30 34 18 84 1015 
10 38 2 58 4 5 78 94 109 
93 33 30 70 84 36 34 4 1148 
70 26 3 28 72 90 39 14 178 
