6 8
300
41 79 75 5 30 16 1051 
57 61 6 16 99 45 1600 
26 50 12 66 45 14 1455 
101 85 73 60 49 98 935 
27 93 36 12 53 15 805 
9 49 34 49 78 2 933 
49 56 33 5 32 41 822 
28 15 73 26 59 86 656 
96 4 48 83 21 9 493 
70 72 6 49 32 51 285 
3 80 19 69 14 34 841 
31 42 57 19 59 9 1625 
80 66 87 96 31 11 221 
47 88 68 59 95 29 1301 
86 29 58 102 92 35 407 
37 55 59 47 54 91 1059 
64 93 65 64 2 33 1461 
9 21 55 2 42 6 906 
94 53 12 20 7 74 728 
15 101 20 69 76 77 699 
12 30 51 79 22 51 1367 
97 5 98 95 98 92 1268 
10 5 101 52 31 71 706 
5 50 29 49 19 22 791 
94 48 97 28 58 49 1576 
93 6 25 21 57 74 1578 
50 16 27 10 84 69 91 
97 20 19 47 7 102 123 
82 24 33 6 30 37 63 
59 3 69 43 45 83 279 
102 79 33 76 100 49 890 
36 3 41 37 55 45 1570 
30 80 83 53 49 91 171 
84 94 18 29 38 95 1491 
15 61 70 40 88 90 1562 
44 88 73 10 55 55 765 
23 94 70 77 94 10 473 
25 88 92 98 94 9 299 
86 17 49 63 56 65 338 
45 73 99 70 56 2 1409 
94 12 45 96 38 66 996 
2 49 54 46 87 64 1472 
75 80 44 96 84 79 938 
72 27 48 101 92 28 1271 
23 73 9 40 9 45 499 
78 49 4 58 45 59 1366 
70 97 19 70 3 32 1142 
95 57 76 75 25 31 366 
87 98 97 48 39 85 1291 
78 47 8 80 22 62 1582 
33 41 40 41 22 76 32 
32 31 33 91 98 10 464 
18 36 67 86 16 10 1481 
53 10 12 8 76 7 1508 
52 13 92 83 73 75 1019 
18 38 36 5 57 22 905 
69 65 59 44 77 53 979 
13 43 96 8 53 8 1303 
34 30 35 48 71 11 1298 
20 43 10 27 37 68 4 
100 33 83 61 90 37 1363 
46 55 66 101 56 34 645 
72 98 77 21 69 85 1370 
9 3 59 88 13 78 802 
24 51 19 42 87 62 212 
11 15 49 66 73 98 1432 
78 71 49 17 79 42 783 
47 36 8 70 85 18 1479 
33 27 75 79 61 36 359 
6 49 61 71 75 29 995 
85 29 58 98 88 98 513 
33 12 73 36 38 3 1254 
17 13 74 3 46 24 1282 
90 77 89 13 64 68 1177 
24 90 48 6 16 89 1023 
8 52 74 99 22 61 1621 
17 4 45 26 35 47 1450 
38 89 70 31 6 84 1544 
55 70 87 26 32 61 156 
23 26 32 24 16 16 143 
63 102 6 26 65 81 1194 
74 46 90 31 23 85 1406 
4 81 77 11 7 70 876 
84 90 75 92 102 92 1534 
80 15 3 21 33 82 1220 
89 65 7 43 5 23 1311 
26 99 97 12 78 25 320 
47 56 15 12 48 57 1298 
14 34 36 65 91 81 1540 
33 88 12 92 5 13 245 
18 72 70 3 49 75 943 
93 79 82 26 69 76 532 
61 91 11 87 27 97 1218 
33 73 80 16 44 88 1509 
13 88 22 75 14 7 490 
86 47 10 102 84 24 349 
56 56 41 25 7 64 1182 
100 3 7 80 18 42 1372 
101 92 89 6 89 67 1311 
94 62 53 57 72 5 1227 
46 3 87 45 75 55 1258 
19 41 93 40 26 22 212 
87 16 97 98 66 48 1384 
57 23 97 96 59 43 1025 
96 90 70 37 61 99 884 
102 22 36 45 89 9 1339 
53 98 69 65 47 69 114 
48 58 61 8 59 92 1443 
82 92 51 19 14 16 382 
53 25 5 67 25 61 1386 
96 63 55 79 41 5 76 
27 31 33 13 76 58 778 
34 11 31 5 9 68 331 
33 87 28 77 95 61 1627 
75 66 101 24 11 24 850 
97 8 30 20 90 86 896 
63 20 8 41 60 78 305 
17 76 64 18 95 67 1037 
77 29 5 48 46 7 854 
67 34 91 67 36 98 606 
5 3 87 21 84 67 1137 
69 22 38 36 85 83 948 
92 38 8 18 59 91 327 
81 27 74 46 81 5 1566 
88 19 76 26 82 84 199 
75 80 99 13 101 96 139 
9 69 14 63 26 96 1223 
98 85 51 79 9 19 383 
78 15 78 5 65 76 1321 
6 64 12 5 102 48 289 
61 11 6 60 97 14 1181 
60 62 84 57 10 23 1470 
36 27 50 75 66 91 1580 
67 23 11 39 22 29 55 
7 4 60 26 50 59 610 
75 47 21 14 8 53 284 
55 95 49 56 55 93 1137 
39 64 32 37 59 23 1534 
90 98 23 77 86 71 875 
60 26 33 62 66 55 993 
82 31 63 61 40 82 191 
30 63 84 70 39 36 1103 
42 31 91 93 39 45 1386 
51 100 40 24 84 66 1558 
71 18 96 91 40 11 940 
35 71 79 22 43 84 984 
37 41 9 49 37 88 289 
98 45 71 29 11 78 505 
33 25 39 58 18 18 966 
47 90 81 100 27 12 118 
62 14 73 97 63 27 235 
61 33 76 49 80 80 1196 
75 27 64 31 35 29 28 
48 41 66 27 68 3 1460 
53 30 51 13 78 12 588 
32 100 34 51 53 19 1188 
95 65 11 40 40 88 1173 
65 19 72 94 85 8 231 
75 9 72 97 26 27 129 
4 27 38 4 69 39 701 
30 32 82 84 12 31 868 
78 57 89 30 17 20 1438 
14 81 21 95 7 24 945 
92 64 56 30 94 67 1474 
40 75 38 73 51 31 573 
89 92 12 75 79 63 1569 
54 84 69 10 9 22 1480 
48 19 11 64 17 87 615 
70 28 56 20 66 65 632 
84 53 59 69 91 55 401 
92 11 22 30 63 64 617 
82 89 21 87 47 102 1500 
58 29 11 35 46 99 319 
65 58 57 15 100 60 1149 
34 11 44 21 69 68 922 
10 91 36 56 25 102 1435 
41 37 36 21 65 49 426 
25 51 35 47 58 7 427 
55 67 18 65 6 69 788 
80 79 68 81 36 37 780 
40 76 81 23 100 34 403 
23 23 96 37 13 46 134 
63 11 76 13 63 32 901 
27 20 94 21 34 42 995 
60 70 42 32 13 80 1396 
76 56 26 60 76 3 529 
46 24 30 95 25 42 282 
71 94 70 74 7 95 217 
58 89 4 67 94 66 1029 
55 56 7 102 68 25 1413 
56 52 55 90 31 25 1320 
99 66 28 12 102 46 1454 
78 75 59 8 88 74 296 
69 24 95 84 40 71 1485 
70 24 96 59 20 33 235 
44 17 87 78 72 34 970 
26 78 58 94 22 76 1255 
83 50 95 82 52 71 1426 
30 62 8 93 56 92 472 
43 34 55 84 15 77 559 
60 74 32 18 42 61 711 
49 39 91 20 97 16 1413 
76 2 78 69 64 29 232 
57 81 87 18 44 33 1343 
46 5 12 9 101 45 386 
78 65 66 12 12 46 1326 
24 18 75 60 78 44 1092 
34 78 17 53 50 22 47 
95 47 102 99 30 63 45 
37 81 13 98 73 65 1610 
39 14 59 54 85 35 534 
65 14 60 69 90 17 204 
29 97 58 53 25 23 1345 
20 67 15 84 85 81 1432 
39 65 64 6 81 70 1542 
66 60 101 67 89 72 503 
36 44 33 42 48 92 130 
86 57 47 51 44 18 308 
49 46 72 2 56 47 417 
51 98 64 11 49 20 1023 
40 59 88 37 53 54 1382 
25 84 44 39 90 82 872 
10 19 57 39 54 78 274 
16 30 66 35 27 7 1381 
47 70 33 101 74 47 753 
100 61 15 94 67 36 400 
64 30 66 68 67 74 678 
82 9 74 97 44 48 396 
31 24 5 27 48 2 1268 
16 14 40 18 37 9 159 
60 44 47 90 44 94 838 
2 3 69 62 35 45 1072 
63 60 6 32 101 24 1129 
39 13 68 20 36 49 794 
19 28 52 32 67 34 356 
67 29 10 3 56 75 470 
23 38 67 15 59 14 854 
55 36 88 38 87 42 349 
33 81 71 10 48 5 1358 
77 19 32 70 13 46 1575 
34 98 31 48 51 42 250 
77 3 7 79 37 98 1040 
93 66 97 81 93 2 552 
49 40 95 10 72 48 758 
20 37 47 48 70 58 353 
40 59 92 38 2 8 912 
80 67 32 13 8 22 1365 
55 37 91 22 46 65 1374 
60 38 40 81 97 71 930 
68 62 33 69 43 44 869 
9 7 45 93 96 80 1127 
75 65 99 66 28 65 1061 
102 58 28 27 95 39 1309 
22 54 59 7 39 101 209 
7 101 46 68 79 32 757 
33 48 31 51 87 17 1382 
76 42 17 71 8 94 1077 
6 7 44 50 7 75 1415 
54 88 88 59 81 58 1116 
65 55 100 51 34 21 1128 
12 99 77 10 24 98 765 
14 44 38 33 9 49 26 
96 4 20 75 59 62 1280 
62 44 94 8 61 18 168 
89 19 22 76 75 99 1520 
10 69 41 85 79 42 656 
45 52 28 74 12 69 1135 
53 81 78 77 61 93 823 
57 85 4 65 81 39 404 
27 18 59 36 52 10 1404 
38 81 92 82 22 40 272 
95 68 36 51 51 43 601 
40 46 101 16 8 45 864 
85 39 21 100 5 17 307 
36 70 40 62 61 86 249 
2 88 97 41 54 36 1018 
19 70 16 32 98 90 1415 
74 61 21 46 68 35 850 
44 73 84 19 25 100 963 
100 98 92 93 59 24 616 
61 6 77 56 11 93 1084 
71 7 71 9 30 34 1016 
12 21 18 95 52 65 957 
17 15 25 32 38 5 316 
75 26 41 41 68 51 211 
57 46 92 58 45 88 1190 
68 15 11 97 68 99 1436 
79 76 100 9 60 81 720 
92 54 26 75 89 49 1570 
83 32 70 63 85 51 897 
76 28 39 10 79 88 797 
2 15 36 72 9 33 1567 
53 43 34 10 72 71 1052 
94 68 85 57 41 79 1391 
86 43 36 85 49 35 38 
49 63 101 83 95 97 1473 
41 92 5 82 18 2 490 
90 38 55 15 83 93 1341 
63 55 54 41 11 66 274 
75 2 89 61 100 96 59 
