2 6
300
23 51 578 
97 11 389 
54 5 483 
17 71 727 
13 13 193 
61 56 287 
60 83 764 
92 22 490 
22 47 1102 
57 47 548 
20 75 1121 
16 20 1074 
39 29 802 
7 78 561 
68 52 141 
48 69 284 
50 20 515 
10 7 313 
11 33 364 
9 76 792 
44 99 711 
97 99 1177 
70 99 1144 
30 25 332 
60 55 61 
19 26 846 
31 76 958 
69 9 334 
5 13 841 
68 7 1057 
60 32 647 
3 66 970 
90 73 657 
17 80 850 
32 22 1163 
17 52 638 
23 94 91 
63 81 2 
88 77 1103 
33 94 1057 
29 4 1131 
9 72 1138 
76 59 1087 
28 31 649 
17 15 1177 
11 39 1064 
34 90 746 
19 47 153 
81 100 626 
55 16 1092 
91 59 966 
69 90 937 
79 25 616 
4 43 1133 
65 97 778 
56 47 798 
6 80 459 
5 101 55 
27 13 690 
82 30 886 
44 24 523 
102 38 880 
76 50 315 
22 34 182 
39 32 576 
70 55 617 
51 27 642 
88 51 452 
54 88 714 
77 44 942 
22 99 1158 
80 62 236 
52 66 719 
94 82 1188 
41 86 561 
25 69 839 
59 59 704 
8 33 41 
22 58 889 
8 50 619 
16 101 79 
51 101 428 
22 61 858 
30 20 1098 
94 59 546 
57 48 793 
93 31 240 
92 19 1037 
21 16 806 
93 60 54 
49 46 196 
10 80 989 
93 93 1038 
13 5 97 
100 32 476 
70 16 904 
61 67 117 
10 17 230 
33 26 1008 
24 31 1042 
71 31 11 
68 83 909 
76 85 972 
66 67 683 
82 82 326 
14 93 1072 
48 54 1223 
94 35 1143 
97 41 361 
99 79 664 
100 71 752 
102 44 906 
9 35 593 
67 96 379 
96 97 3 
56 30 424 
94 21 399 
97 78 951 
87 79 1173 
9 73 521 
47 79 78 
27 67 1167 
96 82 471 
55 7 719 
41 83 707 
71 100 465 
95 43 133 
97 7 709 
24 6 1144 
86 16 794 
80 102 757 
8 22 213 
27 71 365 
7 61 586 
98 42 182 
76 57 1156 
22 18 973 
60 16 365 
34 52 877 
50 6 753 
4 13 806 
76 76 61 
99 35 755 
42 46 349 
10 90 1004 
65 101 802 
45 50 592 
101 66 1203 
87 22 1050 
34 76 853 
48 78 805 
70 5 596 
84 25 798 
12 79 272 
35 82 879 
53 52 314 
50 71 629 
8 7 682 
15 5 576 
69 90 663 
21 67 727 
94 97 833 
65 42 1047 
35 83 932 
2 35 870 
28 68 1029 
28 36 863 
62 86 66 
20 42 872 
12 57 4 
4 17 422 
13 93 149 
65 43 1041 
6 90 123 
42 16 1077 
77 8 881 
87 89 448 
65 43 661 
86 61 985 
56 76 676 
99 55 1039 
87 34 812 
44 91 519 
61 65 314 
101 25 563 
63 22 857 
19 45 414 
101 27 832 
66 41 901 
83 29 394 
34 11 822 
32 9 439 
27 57 1013 
24 36 204 
32 28 293 
13 66 225 
10 25 474 
12 39 375 
23 100 335 
19 24 1136 
95 63 758 
12 29 669 
60 71 195 
12 38 803 
89 98 120 
19 72 1221 
46 55 918 
57 75 55 
95 23 881 
39 10 116 
10 10 404 
92 31 886 
57 21 1202 
71 54 1159 
4 100 1070 
75 25 506 
23 6 345 
29 75 845 
20 39 1085 
60 19 80 
85 24 744 
8 4 339 
35 99 817 
39 65 615 
4 77 5 
82 55 916 
19 22 1198 
33 18 53 
83 83 432 
66 74 1121 
86 99 33 
94 89 375 
36 98 1176 
62 42 319 
77 86 512 
80 28 1200 
71 40 1035 
16 43 1181 
11 54 79 
59 27 255 
94 71 311 
77 56 801 
50 12 1080 
72 48 697 
81 59 979 
74 58 393 
65 5 675 
39 97 422 
9 72 693 
8 85 426 
26 79 868 
77 70 877 
3 101 368 
78 32 199 
12 101 1118 
30 37 1023 
18 39 1172 
76 96 268 
68 57 900 
93 70 1027 
11 44 327 
55 48 844 
88 5 1096 
10 73 696 
4 88 896 
41 29 1178 
45 81 425 
75 92 572 
41 52 1021 
51 12 153 
100 12 384 
48 69 1085 
92 58 655 
24 44 390 
96 10 800 
41 74 98 
51 29 341 
79 50 1087 
51 38 638 
82 16 1171 
88 39 1146 
79 12 755 
28 58 231 
87 51 870 
45 23 463 
5 81 997 
83 2 949 
78 2 1018 
87 23 758 
44 99 387 
39 12 514 
60 39 59 
40 19 1199 
6 15 202 
91 66 944 
59 36 334 
53 48 697 
73 101 177 
20 12 449 
12 95 1094 
