6 2
300
65 83 81 26 86 16 276 
82 3 12 19 36 31 386 
79 24 86 79 28 68 303 
6 26 72 30 70 16 37 
8 57 50 64 96 78 321 
24 26 48 95 46 50 287 
97 7 27 46 44 7 199 
73 74 46 4 46 71 243 
59 11 98 17 2 61 301 
48 64 56 42 55 18 223 
101 40 86 85 20 6 37 
21 47 87 28 11 62 145 
85 6 63 53 9 21 266 
17 52 79 46 92 98 199 
45 73 6 91 91 96 294 
36 62 21 28 67 53 157 
65 13 91 93 101 41 257 
60 95 91 49 99 91 341 
90 9 41 30 9 62 313 
77 83 39 22 68 65 203 
46 44 26 43 71 29 213 
41 90 54 93 60 88 345 
79 17 44 94 7 90 190 
55 82 100 60 92 63 362 
32 54 74 35 77 15 60 
54 67 7 30 64 33 197 
21 89 39 52 76 94 397 
68 97 29 63 77 5 372 
63 28 86 80 67 65 39 
38 83 60 85 74 72 105 
53 39 66 44 59 100 139 
96 63 10 18 71 93 265 
59 47 74 2 12 25 369 
41 24 52 99 70 41 341 
8 81 69 4 24 74 63 
60 65 21 20 7 59 278 
67 77 64 98 74 46 320 
38 89 84 64 49 37 51 
17 17 47 91 61 52 357 
84 43 16 49 21 52 405 
84 55 84 7 68 24 301 
48 90 3 98 97 7 288 
94 87 42 77 39 5 175 
50 76 31 48 9 83 339 
36 50 51 55 96 81 220 
36 102 59 83 15 40 283 
29 47 95 66 47 19 366 
59 76 74 85 49 59 140 
81 55 62 61 44 93 51 
41 54 45 3 28 19 239 
87 86 95 26 67 75 88 
31 38 84 64 66 95 317 
77 79 72 50 24 22 226 
48 99 25 73 50 59 358 
95 52 66 21 2 33 294 
92 81 61 84 85 15 204 
20 80 99 80 99 36 265 
77 75 55 6 99 5 158 
89 73 55 19 18 35 149 
88 20 44 65 64 8 345 
99 14 67 41 9 7 118 
21 27 95 52 25 25 74 
80 12 18 5 30 35 17 
10 8 67 69 82 16 132 
62 57 17 37 31 82 317 
63 90 67 93 100 12 276 
47 62 68 96 12 20 34 
10 28 62 37 74 83 364 
7 2 74 29 93 99 243 
72 80 17 96 45 42 69 
25 53 15 32 26 38 258 
48 101 75 71 97 26 213 
31 57 3 58 101 91 228 
90 95 66 9 15 10 306 
84 53 102 69 80 93 348 
77 50 7 51 47 28 243 
3 101 60 98 74 9 171 
25 17 39 46 54 63 143 
61 51 25 12 30 90 262 
50 76 4 19 35 69 218 
9 98 10 57 65 98 354 
96 8 13 43 3 35 243 
38 64 26 29 32 52 71 
101 84 40 19 40 97 218 
27 58 81 42 43 90 65 
21 32 91 91 67 50 264 
45 14 72 29 57 7 51 
14 80 93 4 18 38 37 
15 72 40 27 3 35 283 
52 34 3 62 47 46 69 
34 37 40 68 4 54 228 
72 71 91 85 93 43 55 
80 90 39 26 54 9 26 
62 53 66 66 17 97 381 
82 71 69 12 63 97 324 
45 55 39 16 86 55 179 
3 51 44 12 94 58 293 
45 66 38 95 39 13 296 
86 76 4 90 59 64 365 
102 24 75 32 48 36 146 
38 3 12 70 56 64 242 
4 23 55 24 41 24 153 
7 34 19 26 87 9 239 
81 36 28 29 93 56 7 
29 72 83 48 25 38 34 
65 27 27 85 50 15 336 
55 51 67 20 43 54 388 
92 57 8 63 29 79 233 
68 86 43 65 10 60 307 
54 74 78 18 87 31 172 
8 95 43 39 96 78 108 
87 63 11 52 4 8 151 
17 77 87 98 61 53 394 
43 86 22 42 57 9 5 
79 91 4 57 25 55 342 
65 67 27 35 3 33 332 
25 34 15 9 54 40 153 
100 93 22 28 80 47 268 
11 23 99 40 71 27 36 
74 9 97 81 55 55 213 
12 63 65 60 22 17 74 
53 9 35 5 71 65 322 
101 83 31 47 10 20 220 
46 30 97 34 7 75 211 
27 20 30 101 87 87 360 
32 60 71 60 32 50 235 
16 66 37 2 64 32 299 
28 68 36 47 37 100 268 
35 70 28 17 44 68 109 
91 7 7 85 80 93 280 
26 62 88 80 73 98 126 
66 62 34 45 45 80 406 
54 96 56 53 89 25 397 
92 45 45 90 83 33 103 
60 32 19 86 41 7 10 
8 50 69 66 4 37 280 
10 96 74 101 90 29 152 
14 53 34 93 70 73 139 
20 45 92 91 67 7 27 
32 17 61 7 76 99 188 
48 89 89 87 90 31 336 
50 74 90 96 7 90 190 
81 87 95 73 36 70 361 
7 79 77 39 32 64 318 
82 14 97 16 31 93 270 
66 48 8 82 44 53 283 
73 4 98 62 19 62 208 
32 69 36 42 31 59 168 
12 14 50 60 69 7 281 
62 96 82 77 99 82 63 
41 89 92 93 19 21 138 
77 81 79 14 4 29 204 
47 63 76 2 36 27 224 
36 60 24 77 49 3 50 
10 18 87 22 82 38 372 
82 46 51 14 40 9 143 
34 73 48 66 79 21 59 
35 8 77 65 57 62 20 
31 70 18 72 21 24 274 
66 94 94 24 93 61 268 
19 27 90 97 20 22 11 
89 78 13 71 84 100 306 
12 12 59 27 77 89 210 
78 35 44 22 88 70 280 
82 56 44 88 62 51 69 
83 89 70 39 43 4 173 
93 7 2 39 26 94 218 
84 37 100 18 74 16 167 
94 47 77 34 54 36 31 
24 71 85 23 51 60 123 
24 91 89 37 86 11 346 
30 44 85 64 78 17 399 
22 46 72 91 36 78 360 
44 95 7 90 71 37 284 
38 19 18 77 36 26 244 
48 13 83 90 7 58 264 
6 95 73 79 20 12 12 
27 15 35 17 84 44 328 
98 84 48 18 76 17 375 
27 69 88 44 94 40 301 
36 91 3 31 22 26 158 
2 37 14 52 27 69 48 
6 85 63 54 84 81 204 
31 37 74 33 42 75 322 
28 86 37 28 73 31 372 
26 33 87 64 20 44 392 
49 37 67 51 50 83 86 
86 28 92 12 61 26 22 
56 31 100 82 53 62 304 
53 79 26 56 40 22 326 
54 77 92 66 40 56 333 
102 8 84 94 94 60 173 
60 47 19 15 7 88 285 
4 89 84 69 84 24 394 
60 44 97 13 63 43 130 
53 2 48 23 72 25 223 
25 19 90 61 4 34 376 
34 9 43 35 36 12 203 
90 9 99 58 34 87 171 
67 89 84 33 19 12 34 
47 73 94 37 65 17 325 
72 97 10 82 91 7 110 
36 56 80 29 33 84 255 
95 50 67 40 40 15 237 
32 8 30 86 24 86 355 
38 51 100 72 97 72 75 
15 92 77 45 82 17 126 
34 6 6 89 30 48 211 
25 28 99 27 5 24 165 
90 82 98 69 22 42 400 
7 82 59 38 14 46 329 
61 92 97 60 100 29 399 
4 26 100 96 41 37 57 
25 3 47 94 50 80 100 
12 81 78 62 77 34 113 
26 49 53 19 3 73 262 
38 4 69 7 96 44 352 
58 100 76 84 6 87 335 
81 13 46 65 69 59 200 
13 21 100 24 97 73 321 
78 49 79 39 67 51 355 
100 80 89 56 37 40 219 
83 4 80 73 50 47 182 
38 9 55 37 16 17 104 
85 71 84 102 74 10 328 
53 99 47 42 37 97 332 
35 59 11 33 21 97 123 
19 22 53 49 27 36 164 
43 26 5 52 36 64 61 
11 7 57 66 32 75 125 
7 36 33 15 52 65 14 
52 46 6 98 22 97 272 
52 33 55 49 75 42 44 
75 44 91 3 35 69 101 
54 57 70 90 24 102 48 
88 22 36 77 73 39 369 
82 101 57 16 69 50 242 
76 4 19 59 35 22 135 
94 44 14 19 98 81 403 
91 38 9 100 97 57 260 
13 21 73 4 5 22 378 
45 37 89 68 21 67 317 
55 52 33 91 82 81 386 
80 24 60 77 60 94 373 
65 49 18 73 95 98 259 
85 48 57 32 102 42 200 
9 26 52 80 15 23 148 
88 78 11 18 79 71 134 
98 15 29 47 30 3 326 
90 74 97 28 72 16 284 
7 79 62 82 41 48 291 
100 10 99 47 72 57 316 
73 8 57 18 28 33 356 
35 29 87 74 41 71 80 
54 57 54 46 9 69 331 
101 52 38 40 25 63 400 
7 32 102 60 48 4 70 
67 42 12 45 85 84 294 
52 77 10 102 79 54 188 
55 48 3 65 91 98 294 
59 21 80 5 71 91 114 
99 87 16 95 69 5 355 
17 44 3 26 86 11 203 
77 30 40 49 12 54 215 
86 100 97 59 8 47 36 
22 33 42 16 95 46 214 
92 97 9 12 51 61 153 
6 3 42 7 89 24 336 
94 42 58 62 39 77 56 
89 21 38 63 60 80 388 
13 62 11 93 67 99 348 
35 34 39 62 96 17 327 
99 57 55 21 25 28 119 
94 86 56 58 71 41 12 
78 73 51 93 82 44 381 
43 32 16 24 27 99 238 
10 22 101 45 62 35 366 
66 85 44 37 54 68 79 
79 57 36 98 60 85 236 
63 89 71 15 75 89 232 
27 41 99 100 31 73 342 
66 57 15 11 8 15 49 
90 9 58 30 78 76 262 
77 81 28 69 16 2 192 
34 33 32 89 48 35 163 
46 47 40 25 98 37 52 
2 23 89 54 72 48 299 
82 15 87 99 14 95 202 
62 73 33 17 72 39 132 
26 85 24 61 82 74 180 
65 21 7 82 41 54 307 
60 42 16 46 56 76 214 
20 47 92 36 42 92 342 
76 9 10 28 101 82 310 
40 66 95 92 76 31 73 
96 82 19 75 43 76 10 
33 19 73 18 65 82 29 
40 35 27 42 84 62 360 
14 100 56 43 73 101 84 
77 23 56 82 46 37 98 
