2 8
300
33 49 781 
62 44 1069 
81 25 728 
80 6 145 
28 100 1537 
78 53 148 
40 99 1019 
32 21 744 
94 78 219 
28 82 640 
97 81 1008 
35 37 1443 
23 52 1441 
17 47 796 
2 92 1297 
86 33 989 
101 64 490 
2 22 445 
96 3 465 
4 70 1065 
54 55 688 
7 85 401 
49 95 1035 
8 58 22 
23 25 850 
16 32 466 
68 10 735 
55 29 305 
11 97 961 
37 41 549 
62 20 1340 
25 64 1500 
9 97 117 
57 39 632 
99 95 101 
31 82 1585 
77 82 1169 
102 38 985 
22 101 419 
26 98 1444 
68 15 876 
32 48 614 
21 100 993 
62 9 570 
23 13 1148 
8 58 559 
15 82 252 
64 61 961 
64 62 1339 
24 5 1029 
68 85 1608 
21 91 406 
87 69 775 
71 12 1337 
38 17 1197 
39 80 412 
92 16 715 
93 13 258 
75 6 868 
97 70 1399 
57 99 1547 
100 96 393 
38 5 356 
48 23 1441 
89 46 1159 
35 27 727 
87 27 1332 
59 34 1452 
21 77 1177 
85 47 1394 
74 92 1624 
64 15 199 
89 41 348 
51 2 1236 
5 47 1511 
57 7 1094 
47 42 1282 
11 11 696 
6 101 1073 
8 80 308 
54 55 936 
38 76 508 
91 27 506 
61 48 1418 
25 38 406 
8 55 1424 
98 66 1150 
7 40 97 
9 65 1322 
59 60 238 
48 83 981 
4 99 767 
20 69 1154 
64 69 1298 
38 88 1523 
94 87 1194 
20 100 738 
80 11 240 
50 49 253 
53 31 177 
52 34 1102 
18 14 1064 
29 23 632 
80 89 1409 
19 37 1588 
93 71 853 
15 17 1268 
10 41 971 
71 70 1172 
47 56 829 
34 69 617 
62 14 567 
14 22 1199 
30 67 1054 
36 42 177 
61 64 1218 
19 59 1269 
65 41 233 
35 44 1515 
10 49 727 
95 83 1092 
90 48 336 
51 59 383 
65 81 807 
81 86 823 
15 75 1619 
51 12 100 
99 30 1575 
75 70 460 
26 29 1132 
44 6 1183 
31 37 1362 
100 49 1527 
92 12 89 
53 57 1283 
30 86 890 
66 22 1123 
96 61 600 
40 98 871 
72 17 1273 
94 27 487 
56 23 1224 
79 52 812 
69 17 440 
8 61 6 
3 48 1198 
20 47 1371 
76 62 114 
3 50 730 
38 93 630 
32 29 516 
18 100 1392 
78 99 556 
6 53 566 
7 99 76 
44 90 15 
38 40 822 
82 54 1148 
96 21 1064 
25 55 1184 
32 43 968 
13 39 1437 
97 92 992 
17 27 795 
41 16 1522 
51 71 1029 
4 61 983 
46 101 863 
90 52 1225 
63 24 1289 
22 55 715 
63 75 168 
77 96 981 
18 49 1599 
42 23 206 
4 43 622 
79 47 817 
4 23 1547 
14 88 685 
8 25 1413 
15 36 1117 
84 97 1184 
7 80 671 
85 76 1228 
5 88 200 
64 6 1270 
42 89 159 
39 86 1257 
31 20 525 
51 51 1417 
70 71 1154 
76 5 203 
32 60 436 
42 99 1024 
99 96 1151 
77 101 567 
85 52 1350 
66 68 596 
79 78 818 
93 55 1257 
42 58 471 
56 17 88 
7 31 1346 
102 35 743 
53 2 1464 
49 42 1472 
8 56 306 
99 68 1616 
6 6 44 
36 99 449 
64 40 92 
52 102 668 
36 45 1291 
67 72 1141 
54 85 287 
39 15 1077 
49 32 589 
62 87 1610 
60 45 1463 
32 52 178 
5 72 536 
57 39 1542 
42 4 14 
51 15 1587 
13 43 1369 
51 47 1361 
84 69 1487 
39 89 1088 
93 4 870 
9 93 923 
53 6 1513 
70 65 1631 
39 99 743 
25 99 188 
67 100 280 
41 51 714 
17 12 1597 
8 50 1358 
22 68 1353 
68 66 572 
43 35 170 
46 100 144 
7 45 1285 
86 14 784 
40 60 1137 
82 73 1462 
52 55 877 
12 94 1332 
61 47 915 
12 51 1576 
19 73 549 
12 84 1048 
3 23 6 
10 36 99 
67 33 1599 
52 70 1464 
16 42 1544 
95 19 180 
83 34 670 
31 88 861 
55 97 1537 
84 69 664 
16 29 1252 
7 81 825 
91 43 303 
50 47 1000 
86 11 1251 
68 98 144 
4 26 890 
25 31 821 
25 74 577 
50 58 642 
14 85 1045 
59 37 668 
15 10 1001 
46 6 1228 
94 36 1420 
82 47 1256 
78 88 1616 
88 82 704 
88 94 1604 
28 84 105 
17 44 1399 
81 38 1010 
99 28 1196 
38 55 1433 
49 60 324 
81 32 1561 
65 45 447 
60 73 1128 
42 28 44 
23 73 714 
45 89 425 
57 31 1017 
91 15 1592 
27 85 309 
6 42 543 
13 40 366 
25 9 1006 
5 65 635 
