4 4
300
9 9 66 4 191 
79 16 3 48 356 
99 40 45 34 37 
80 13 24 57 518 
3 97 89 67 190 
78 94 16 30 38 
48 84 19 29 330 
75 2 64 58 731 
19 10 43 89 166 
34 85 83 48 700 
34 9 57 40 199 
14 22 101 81 389 
87 2 75 44 798 
18 23 18 94 259 
80 50 67 67 382 
94 56 101 47 743 
95 13 70 44 590 
41 28 82 4 236 
55 4 85 11 40 
18 37 102 92 39 
14 68 91 16 66 
86 44 92 93 262 
59 23 56 90 447 
76 34 33 72 484 
91 43 16 65 642 
78 67 58 63 249 
59 56 12 42 649 
29 24 56 36 721 
99 38 91 72 582 
34 50 97 56 255 
86 6 32 32 125 
73 54 28 38 260 
21 88 32 62 613 
5 13 15 11 230 
53 81 99 83 512 
56 54 46 94 380 
30 73 4 32 381 
55 26 81 27 73 
76 98 20 4 570 
13 8 30 97 557 
23 37 88 28 651 
7 9 51 70 503 
21 11 36 91 33 
50 86 2 16 184 
81 34 90 2 441 
57 63 97 14 423 
49 26 50 26 208 
95 87 78 52 341 
48 78 13 66 735 
67 65 30 101 178 
29 8 16 75 730 
91 50 88 74 205 
46 14 39 18 119 
97 63 12 66 91 
66 10 52 74 628 
5 22 26 12 724 
94 35 98 92 200 
43 11 77 36 294 
47 101 6 27 799 
35 40 97 52 776 
6 55 66 90 475 
22 58 44 98 703 
71 26 78 86 268 
13 18 49 94 600 
88 88 78 30 537 
67 6 27 76 359 
67 27 76 17 688 
42 71 10 34 40 
87 69 81 50 545 
23 25 22 94 710 
19 93 6 78 78 
21 79 38 24 760 
18 33 70 54 175 
46 52 63 101 760 
44 10 18 89 725 
21 8 30 64 362 
44 86 35 89 223 
76 23 100 8 534 
65 35 89 41 726 
56 101 29 29 185 
74 63 23 101 365 
11 77 19 89 741 
14 51 76 80 415 
34 100 82 27 387 
25 54 58 36 249 
12 23 79 100 287 
21 81 3 41 591 
83 65 36 45 152 
100 7 13 17 433 
16 60 11 90 467 
58 21 4 82 813 
22 8 89 71 285 
89 101 20 54 583 
35 50 37 7 570 
71 66 40 9 399 
20 43 43 83 139 
54 14 91 43 643 
2 79 23 42 427 
77 78 67 10 255 
102 88 61 45 164 
67 25 6 20 720 
95 83 98 33 666 
81 67 8 54 678 
77 12 79 76 580 
58 29 98 55 773 
95 100 32 77 400 
34 84 99 63 423 
31 11 73 55 702 
21 84 92 60 596 
12 72 16 27 459 
92 11 87 74 525 
40 29 52 25 779 
97 54 22 84 409 
99 70 47 2 443 
68 41 27 90 425 
76 39 40 82 694 
25 86 6 21 479 
25 99 27 99 115 
4 61 49 59 746 
69 64 10 10 620 
44 27 16 73 736 
53 86 99 22 738 
3 91 72 41 593 
12 49 3 25 226 
102 45 50 88 430 
9 94 69 98 692 
14 31 32 6 352 
99 73 36 31 62 
40 102 7 9 109 
14 90 11 87 662 
22 63 87 82 623 
101 80 29 20 677 
61 19 3 38 641 
74 61 68 97 614 
41 16 74 18 730 
102 40 43 75 329 
21 85 85 17 530 
53 46 52 30 360 
22 45 17 48 393 
23 101 71 30 338 
55 24 15 11 342 
8 91 71 93 625 
63 38 56 80 523 
78 36 88 73 227 
30 12 40 53 452 
98 100 27 70 558 
3 71 15 34 713 
99 72 75 75 479 
63 77 61 53 680 
86 91 39 84 586 
89 14 100 2 109 
45 86 64 56 374 
10 66 3 25 616 
93 25 25 93 550 
8 63 15 14 542 
55 53 89 70 585 
9 63 45 98 666 
91 74 15 21 363 
15 10 21 30 415 
99 76 38 78 751 
63 68 49 17 534 
28 101 88 36 491 
94 99 96 85 317 
49 23 7 43 706 
22 12 6 48 448 
100 44 87 64 564 
81 17 13 78 92 
43 16 30 33 458 
92 88 81 61 428 
17 17 38 91 32 
78 71 97 91 591 
52 64 2 62 548 
85 16 26 67 660 
79 88 19 74 799 
35 95 76 87 792 
36 33 48 96 323 
86 8 99 60 755 
12 22 24 6 497 
81 16 70 66 594 
77 64 16 80 616 
31 99 67 93 579 
86 97 12 94 315 
21 18 8 23 681 
79 20 68 74 579 
59 66 16 13 158 
21 26 12 14 177 
74 20 70 21 84 
88 43 8 89 72 
17 12 31 67 343 
64 10 50 82 778 
60 97 43 9 151 
67 86 56 74 427 
62 87 100 73 540 
3 50 89 13 792 
38 14 81 66 459 
49 37 50 71 465 
13 79 32 19 519 
79 78 63 2 368 
5 89 36 37 401 
31 14 61 101 334 
16 23 39 85 484 
48 18 80 53 580 
32 38 87 17 340 
85 58 83 9 726 
27 89 89 68 769 
51 80 47 17 220 
37 78 51 30 352 
92 42 48 60 145 
63 101 12 31 120 
69 4 21 95 540 
76 33 53 12 133 
28 35 74 91 85 
70 73 65 26 293 
56 89 59 74 419 
45 11 25 92 228 
28 79 60 53 222 
49 61 53 51 434 
6 27 40 14 137 
59 70 59 50 406 
92 38 88 96 491 
82 47 49 44 187 
66 10 64 85 737 
51 78 22 64 517 
11 22 16 73 261 
32 51 47 57 772 
77 54 77 42 310 
92 93 66 93 382 
4 14 11 28 724 
98 65 58 24 549 
83 50 97 86 334 
72 24 18 64 249 
34 102 94 49 387 
14 35 24 47 6 
61 14 31 17 502 
99 13 90 84 296 
69 95 26 90 114 
30 59 93 101 554 
70 77 4 63 124 
4 22 64 81 627 
65 43 13 23 71 
71 20 82 25 359 
61 36 35 28 519 
41 78 6 36 161 
57 44 24 79 268 
86 11 71 2 484 
79 51 12 7 599 
28 84 4 82 365 
12 80 70 57 71 
36 44 79 99 622 
28 18 30 61 181 
23 21 36 91 203 
62 51 81 66 548 
12 26 30 54 311 
58 76 26 91 83 
79 75 69 71 804 
44 35 74 26 272 
63 23 53 85 425 
8 51 16 57 694 
62 101 7 90 800 
12 15 27 61 163 
54 94 41 51 369 
50 54 67 92 674 
29 80 57 32 54 
92 75 47 2 259 
10 62 72 6 406 
80 70 80 73 720 
31 10 14 6 663 
71 84 4 40 32 
56 86 26 74 474 
85 46 76 84 70 
39 71 26 30 101 
94 24 37 101 546 
82 76 97 4 440 
21 67 52 51 307 
10 73 8 99 634 
26 39 99 48 548 
36 96 98 64 418 
62 86 87 94 729 
49 49 4 73 196 
82 91 24 20 321 
19 95 27 46 5 
68 64 29 52 721 
57 27 91 34 267 
88 80 34 53 766 
37 82 60 62 740 
63 71 37 75 798 
37 17 81 9 407 
43 71 54 64 696 
100 59 37 6 279 
24 60 72 41 311 
4 59 73 27 37 
39 37 67 56 322 
99 29 57 54 439 
43 47 84 84 748 
19 28 73 68 784 
80 47 56 28 559 
5 101 98 37 780 
80 46 57 5 106 
8 6 100 24 722 
73 4 85 52 762 
