2 2
300
87 38 77 
52 34 311 
16 44 272 
13 98 175 
46 32 233 
10 53 359 
101 40 331 
52 66 187 
54 94 141 
31 46 232 
10 15 29 
46 29 125 
65 46 205 
59 29 168 
70 18 58 
23 96 401 
81 50 182 
31 19 337 
23 37 297 
75 100 166 
44 87 400 
12 5 339 
38 3 15 
29 47 29 
40 44 44 
42 84 194 
34 34 400 
38 52 393 
14 80 391 
26 24 374 
60 92 190 
12 17 174 
45 60 58 
33 87 380 
97 54 14 
40 94 306 
74 83 219 
27 43 273 
44 8 143 
4 100 100 
89 14 321 
14 71 226 
63 30 109 
70 99 99 
36 3 192 
7 43 399 
95 77 355 
23 54 169 
40 34 199 
82 69 41 
10 43 247 
92 45 299 
17 85 340 
50 79 259 
51 6 342 
32 94 166 
22 39 265 
39 10 94 
39 69 245 
39 75 153 
9 83 249 
19 62 230 
66 46 236 
76 92 237 
17 48 399 
26 74 194 
59 11 165 
10 62 124 
47 73 136 
40 54 314 
15 79 42 
48 43 392 
4 34 181 
30 68 197 
85 48 193 
9 24 255 
27 15 385 
14 82 265 
99 100 88 
33 74 366 
25 28 374 
83 62 56 
50 71 22 
4 24 166 
5 32 175 
94 28 57 
85 40 197 
73 15 160 
84 3 396 
47 51 174 
77 73 245 
56 6 165 
58 4 351 
36 61 220 
59 25 375 
56 11 206 
24 7 298 
10 50 139 
44 54 55 
55 101 243 
18 5 82 
64 29 206 
83 51 105 
4 38 99 
30 51 323 
96 15 367 
49 30 374 
49 25 180 
72 69 96 
28 15 213 
29 5 15 
28 20 230 
36 97 391 
44 75 248 
27 22 282 
51 82 404 
57 49 161 
25 8 287 
70 72 326 
78 95 246 
29 56 148 
75 77 135 
23 3 130 
25 62 77 
96 7 225 
33 24 15 
77 23 355 
26 73 268 
15 6 397 
35 61 197 
78 60 11 
38 17 79 
27 54 182 
38 30 322 
70 34 355 
23 31 6 
17 39 196 
79 3 294 
75 5 340 
73 62 290 
37 90 175 
85 49 11 
18 60 369 
38 9 286 
61 40 379 
10 59 162 
80 94 307 
98 20 91 
2 102 233 
32 65 50 
38 56 373 
75 3 165 
38 86 348 
87 6 289 
12 81 124 
80 20 256 
81 67 189 
46 94 278 
98 41 287 
23 85 192 
47 88 391 
81 2 216 
81 87 154 
55 74 296 
56 96 359 
6 88 158 
94 25 336 
96 53 398 
68 94 253 
25 79 254 
72 18 8 
41 41 76 
77 34 322 
79 101 133 
27 28 379 
76 92 402 
82 94 217 
34 31 247 
67 53 145 
100 15 36 
93 57 34 
78 85 231 
73 18 222 
72 31 222 
62 16 98 
52 71 101 
7 94 12 
65 45 351 
11 40 355 
43 76 360 
85 79 79 
73 89 179 
26 52 180 
38 5 303 
46 12 254 
101 74 60 
39 17 335 
13 95 87 
8 30 52 
24 69 182 
72 32 171 
68 89 216 
37 91 115 
82 28 82 
83 70 363 
30 21 135 
26 12 272 
75 6 243 
8 74 340 
100 67 241 
33 4 339 
101 69 298 
34 80 98 
11 66 338 
89 59 363 
64 32 103 
34 80 38 
82 100 232 
80 99 107 
84 62 62 
71 39 102 
71 51 98 
39 83 8 
18 98 166 
11 16 190 
86 88 194 
72 46 172 
60 68 355 
52 54 17 
28 23 286 
49 52 78 
11 42 111 
60 20 35 
67 28 201 
25 18 334 
70 72 343 
12 96 47 
81 14 66 
75 13 290 
40 21 396 
22 12 245 
34 71 187 
24 2 305 
21 28 279 
41 7 76 
95 37 205 
7 84 332 
22 18 111 
61 70 158 
5 38 119 
58 22 405 
13 47 65 
91 94 193 
38 49 287 
11 93 282 
45 42 29 
100 82 312 
23 35 152 
18 2 384 
35 75 4 
9 21 261 
48 66 23 
71 30 244 
5 6 177 
5 71 144 
13 12 105 
60 18 119 
34 7 231 
54 37 359 
64 97 186 
23 58 79 
49 31 115 
8 66 112 
66 76 50 
49 97 309 
35 20 260 
4 7 367 
71 77 232 
74 77 57 
9 95 119 
19 9 133 
16 83 197 
26 58 164 
9 7 192 
100 96 173 
19 87 44 
83 21 71 
26 62 370 
58 55 331 
64 77 220 
16 101 287 
100 49 275 
81 35 58 
30 11 251 
26 97 3 
45 73 329 
16 56 371 
5 29 302 
14 95 190 
44 61 118 
