8 2
300
57 17 25 6 59 71 51 71 322 
66 33 94 49 30 3 30 18 138 
77 57 76 35 80 83 32 41 59 
61 3 8 55 27 21 41 50 373 
79 50 90 87 96 79 76 97 231 
72 79 11 40 76 40 10 27 223 
11 23 39 44 77 20 57 93 277 
74 13 8 76 10 83 11 53 277 
47 92 63 99 62 85 27 62 253 
7 22 29 71 47 102 66 32 110 
56 36 76 72 31 5 11 3 343 
52 98 71 31 31 25 72 65 144 
96 14 64 55 20 16 58 53 289 
43 6 68 8 11 80 56 57 72 
96 77 63 60 90 60 102 76 262 
95 78 93 6 101 83 67 73 73 
67 3 19 61 16 81 34 70 399 
20 46 89 93 76 76 8 78 361 
76 38 26 5 56 45 52 66 304 
81 39 7 87 44 41 63 91 222 
3 37 63 84 28 22 63 84 125 
79 3 4 20 100 25 95 93 143 
95 64 49 75 11 52 6 55 130 
95 35 4 50 33 87 22 7 168 
29 94 12 7 45 74 15 75 255 
75 64 41 84 94 53 6 69 114 
9 29 28 13 80 75 90 70 203 
30 31 73 18 100 95 84 67 403 
27 90 21 77 62 38 89 34 372 
95 13 42 53 46 65 60 14 319 
17 18 16 39 19 77 25 87 181 
94 58 66 48 102 29 54 81 323 
11 34 69 92 26 48 84 97 232 
11 79 87 10 61 88 17 69 201 
87 90 73 46 54 77 94 98 308 
29 49 13 15 101 67 86 51 328 
13 26 94 70 57 24 20 15 37 
61 86 100 80 33 34 80 70 372 
10 67 82 94 101 30 73 57 197 
47 98 79 22 26 12 7 6 178 
59 18 35 51 27 41 69 35 51 
80 51 18 81 37 34 76 78 341 
2 21 27 66 99 2 76 75 72 
33 41 62 90 75 29 91 23 210 
60 60 42 43 27 68 18 95 25 
34 69 63 47 48 50 28 7 344 
20 95 21 35 78 54 24 37 381 
54 92 78 91 92 16 83 18 74 
46 62 97 61 50 6 97 44 28 
58 88 96 15 63 70 45 73 118 
34 28 85 90 21 92 75 66 14 
32 45 79 49 67 32 32 85 187 
92 60 47 16 40 36 48 67 202 
102 41 31 10 48 20 87 50 367 
37 58 42 7 89 86 3 67 403 
31 11 23 65 85 80 24 55 55 
86 20 90 51 44 56 42 75 103 
76 23 99 61 64 19 42 97 112 
7 87 74 63 15 75 37 18 230 
30 38 59 52 88 95 7 3 124 
4 88 16 89 67 15 61 29 179 
4 73 49 7 25 90 53 19 280 
43 25 7 17 16 28 100 14 152 
70 26 37 6 55 63 89 40 40 
16 20 22 60 4 88 32 35 187 
11 26 15 71 101 71 26 66 317 
27 90 74 90 91 55 79 93 14 
10 99 20 88 20 87 80 40 404 
51 85 24 21 87 83 82 91 361 
26 101 27 69 82 91 85 64 208 
40 28 31 69 84 13 85 23 146 
30 25 8 30 93 63 72 78 333 
58 8 5 92 10 3 66 55 375 
80 44 19 30 5 58 36 42 51 
72 83 3 13 38 66 48 54 269 
85 97 10 66 99 6 10 30 227 
50 50 20 30 5 31 21 7 325 
20 102 22 52 96 53 51 102 385 
82 47 73 41 47 57 37 84 236 
86 16 47 15 23 77 3 88 378 
96 44 80 74 94 32 86 29 215 
48 35 3 59 17 99 12 29 339 
87 11 5 65 95 23 73 37 373 
37 7 81 47 51 10 60 57 237 
18 10 55 42 57 19 5 91 201 
59 29 101 50 5 96 94 18 312 
92 33 50 59 3 59 41 52 92 
76 3 86 94 101 61 41 96 79 
32 46 57 87 62 6 74 16 36 
94 89 4 87 55 35 34 70 101 
12 60 9 98 4 7 97 31 359 
67 66 30 42 11 11 76 64 292 
24 6 73 46 87 89 50 49 257 
22 90 50 53 62 32 37 31 147 
14 36 45 52 92 32 18 9 206 
82 55 80 96 13 94 64 12 261 
55 68 75 23 50 57 44 77 168 
42 16 6 100 7 81 75 65 112 
31 74 16 43 29 80 38 70 384 
86 28 80 58 91 52 68 84 259 
65 93 88 90 9 17 92 78 378 
48 85 50 101 23 50 66 35 157 
52 14 41 97 86 82 63 60 200 
65 86 27 56 33 25 18 12 291 
43 43 67 101 53 53 88 92 347 
48 87 8 31 94 58 14 19 284 
27 70 9 8 29 51 68 28 378 
69 95 54 27 85 12 79 26 377 
76 53 63 90 11 96 97 17 296 
45 36 94 71 44 16 55 93 174 
66 36 16 17 35 27 60 20 398 
35 23 4 97 54 70 66 40 271 
10 39 61 15 14 14 79 25 376 
3 100 53 39 74 94 70 15 365 
81 60 20 38 31 93 99 64 382 
72 50 84 26 8 6 50 47 223 
86 53 25 3 40 12 35 60 85 
49 98 52 12 29 41 81 87 327 
50 74 9 70 18 52 21 9 307 
12 79 94 49 91 28 40 86 252 
69 79 22 10 5 74 72 52 269 
46 62 23 44 47 22 26 102 298 
49 18 37 75 85 34 37 24 331 
30 102 9 25 75 45 80 14 34 
62 42 71 38 100 68 86 77 191 
56 70 34 74 25 91 55 93 281 
29 96 96 90 75 83 93 44 207 
61 23 89 80 67 35 15 66 243 
6 13 20 71 91 10 87 82 223 
51 58 78 19 72 84 76 53 76 
16 74 69 90 47 57 18 27 222 
61 79 5 101 61 62 32 51 326 
53 60 7 88 5 95 29 44 353 
76 44 53 7 5 16 16 101 373 
94 19 68 65 55 66 56 28 16 
53 52 98 18 89 23 4 26 381 
15 29 71 76 63 6 71 44 341 
5 56 75 91 87 63 70 40 133 
16 90 7 43 34 79 92 78 376 
92 60 56 32 5 82 23 3 292 
24 20 58 64 96 13 82 53 295 
32 64 67 38 50 52 90 90 147 
91 74 97 94 86 87 14 81 344 
31 75 52 95 71 86 91 48 81 
78 55 96 95 63 83 7 62 58 
29 56 11 7 44 18 46 34 122 
78 32 36 73 52 17 29 53 320 
24 39 95 83 49 4 32 14 145 
44 97 12 16 89 27 73 86 102 
77 27 32 37 51 39 56 15 68 
87 8 5 81 68 13 5 85 94 
23 48 9 10 76 32 82 5 150 
21 64 45 11 101 67 92 55 108 
50 89 89 58 29 36 87 47 27 
34 64 31 102 13 6 4 52 156 
19 69 52 2 57 49 3 37 207 
76 78 8 39 91 15 87 57 393 
37 67 22 75 24 32 26 50 165 
9 22 53 41 9 51 29 75 350 
78 50 34 43 57 94 86 14 280 
102 97 75 18 17 58 10 69 347 
20 46 47 23 78 9 9 96 63 
101 37 71 59 12 18 30 11 32 
66 97 12 30 92 13 63 26 217 
69 93 7 97 33 42 66 11 118 
43 57 74 28 36 64 79 86 313 
101 44 87 59 90 8 50 46 294 
77 93 57 36 61 53 56 42 12 
12 6 6 31 96 3 90 89 222 
38 40 63 51 53 7 36 64 336 
70 11 5 101 49 89 71 91 75 
76 9 97 23 74 96 61 69 328 
74 72 51 85 72 3 54 15 24 
13 28 42 51 102 99 71 87 126 
102 13 59 19 62 7 85 16 325 
61 17 68 68 92 86 27 64 375 
36 87 41 3 49 36 84 59 258 
80 26 10 100 53 89 66 61 227 
25 57 12 46 102 58 24 95 399 
41 47 38 58 26 39 7 38 5 
93 100 66 25 38 5 44 8 364 
74 63 66 82 5 32 30 4 32 
84 92 87 85 81 57 38 44 53 
29 23 2 72 95 18 88 74 250 
94 2 21 9 4 96 69 52 132 
36 62 44 8 30 25 32 26 189 
18 10 21 11 89 95 92 17 346 
91 4 70 50 96 32 71 39 8 
90 77 89 93 18 31 24 4 338 
72 23 95 80 42 71 72 72 264 
44 84 15 28 19 89 11 80 197 
66 88 68 14 38 93 23 44 201 
61 27 93 91 89 87 13 22 384 
94 13 64 101 80 26 68 29 224 
90 65 60 102 83 41 83 60 66 
19 61 86 4 59 100 22 13 184 
75 55 97 31 17 99 95 20 271 
88 67 10 44 48 11 39 35 322 
93 61 46 55 10 31 71 96 251 
12 92 57 66 81 70 81 95 305 
61 62 50 63 9 65 74 97 379 
10 77 15 77 67 26 21 31 211 
3 22 47 69 61 23 37 85 114 
14 25 89 42 65 55 37 79 299 
33 32 55 83 83 15 38 63 79 
51 36 27 33 46 52 18 80 296 
32 95 2 29 28 25 38 63 296 
8 70 13 61 43 89 53 91 401 
101 22 42 34 33 100 4 89 201 
4 83 80 38 26 87 83 7 345 
75 6 7 31 47 22 42 32 381 
9 92 96 40 82 58 54 20 237 
35 100 64 4 26 41 76 36 326 
96 72 46 28 80 38 5 80 345 
96 71 77 22 93 3 7 97 396 
57 66 3 25 86 8 29 51 30 
24 73 82 68 57 13 42 48 243 
51 83 14 60 37 4 73 60 198 
85 15 8 63 99 32 44 21 283 
81 73 88 40 101 31 31 83 30 
7 30 16 66 81 47 44 58 57 
87 99 32 100 54 28 60 47 146 
3 63 76 52 26 38 44 63 307 
76 13 84 84 31 56 98 68 124 
36 20 36 63 21 43 18 59 90 
42 83 21 62 83 56 96 30 81 
35 56 6 80 25 20 72 70 187 
33 5 71 77 5 87 98 25 110 
4 41 44 35 36 69 17 4 327 
58 16 32 30 90 2 37 65 50 
28 59 97 17 93 53 97 87 218 
55 66 80 36 66 59 29 94 364 
79 102 22 39 65 22 40 16 221 
18 5 17 70 43 42 75 72 273 
33 89 50 93 40 51 16 64 157 
4 24 53 75 3 99 13 59 257 
94 90 96 77 79 79 99 82 335 
40 87 26 40 63 95 92 98 22 
43 89 64 73 25 3 84 39 378 
5 45 4 20 59 85 79 84 334 
75 58 12 73 95 60 69 77 315 
17 65 63 59 84 7 94 72 290 
2 23 67 94 95 42 86 96 150 
82 22 30 42 63 81 14 19 164 
97 71 95 7 5 50 26 70 299 
34 48 63 99 29 89 14 79 248 
19 83 65 72 89 101 23 89 227 
51 76 4 84 47 67 67 99 6 
79 98 20 19 70 27 69 54 196 
77 85 95 43 30 87 20 97 149 
78 27 84 96 85 18 94 77 383 
73 51 3 98 34 32 88 37 331 
45 102 15 41 5 37 53 48 18 
64 10 48 19 66 52 31 90 295 
21 85 14 3 27 95 33 98 14 
49 81 53 66 58 95 6 77 389 
25 40 24 49 45 39 14 32 273 
50 56 88 52 69 46 59 69 213 
71 44 77 21 9 9 34 6 274 
55 101 54 55 16 91 57 7 207 
53 74 42 77 91 96 29 85 172 
19 99 14 9 8 91 43 37 137 
22 6 32 16 17 41 72 62 130 
17 97 42 99 97 64 95 9 387 
14 95 55 83 95 26 67 17 33 
57 47 95 65 13 81 57 37 7 
22 38 59 3 7 31 65 14 361 
4 23 3 52 16 101 96 31 170 
83 42 13 8 51 2 33 17 61 
41 53 86 63 43 63 63 75 288 
40 13 91 26 20 83 38 66 383 
8 7 33 95 71 84 39 77 387 
92 16 89 58 72 92 17 26 247 
7 42 82 43 91 43 31 58 76 
55 59 24 32 73 87 9 27 42 
85 48 85 3 26 68 68 73 243 
85 84 43 101 11 96 22 33 96 
16 68 18 92 67 14 66 87 75 
75 62 45 4 52 47 82 33 318 
80 5 19 15 77 20 84 48 305 
79 56 50 29 12 42 64 94 241 
95 95 83 72 39 41 50 95 46 
18 83 34 98 21 80 18 45 115 
9 3 93 100 10 21 40 89 127 
72 48 52 6 42 59 88 88 156 
99 9 68 79 67 84 9 68 264 
45 83 36 72 13 69 14 57 373 
70 97 87 64 35 53 11 80 194 
63 15 43 77 11 35 42 21 146 
64 31 38 11 93 45 57 97 23 
98 102 36 85 94 87 68 21 373 
55 37 76 17 71 89 37 48 217 
26 70 74 4 33 94 34 52 107 
57 61 7 45 9 40 47 14 319 
15 81 23 57 11 93 44 89 344 
63 49 63 51 77 46 92 32 112 
35 97 71 45 53 44 61 13 246 
89 12 30 39 72 58 11 24 276 
34 71 61 83 62 45 10 73 14 
67 8 86 62 55 79 13 14 72 
