8 6
300
92 69 59 33 25 42 99 72 1071 
102 19 94 4 48 80 59 99 16 
72 38 58 101 54 47 58 99 1061 
22 4 87 52 20 44 102 13 1095 
90 24 11 54 95 15 61 54 1174 
77 60 79 68 48 14 22 61 962 
101 93 17 14 77 27 55 79 832 
5 52 100 51 4 38 91 71 917 
95 20 45 45 42 2 51 84 486 
11 56 57 75 32 62 66 2 246 
76 78 49 85 101 18 47 59 32 
100 27 58 44 79 79 39 29 497 
38 58 53 17 64 95 88 45 275 
14 32 22 40 87 3 17 16 1140 
30 12 21 28 100 85 100 54 694 
86 70 80 80 38 5 21 30 542 
71 62 16 56 99 57 96 34 330 
85 61 42 56 28 65 86 11 221 
23 11 60 70 19 13 38 4 928 
47 36 95 19 21 59 59 49 671 
81 76 14 66 34 68 58 17 1131 
19 31 43 17 97 30 87 100 229 
88 3 44 5 20 97 81 51 1204 
36 68 42 84 99 82 10 7 435 
8 59 79 94 13 4 20 21 888 
36 32 42 68 34 23 41 73 557 
14 78 58 19 87 85 69 25 606 
54 36 34 64 9 92 94 81 508 
43 96 92 42 87 101 25 47 240 
61 70 35 21 46 28 36 97 358 
82 91 74 96 27 90 55 68 1043 
42 75 25 52 76 55 82 99 950 
57 75 92 59 96 42 66 11 674 
18 35 93 9 30 14 63 14 1106 
71 49 71 4 89 21 15 85 888 
99 11 96 82 41 48 50 81 281 
41 25 96 34 32 18 35 39 401 
97 35 47 13 91 63 65 12 613 
11 56 88 73 46 14 69 69 1218 
63 39 96 46 60 51 91 24 1094 
98 39 19 54 70 52 89 21 604 
29 88 22 35 19 31 98 41 308 
39 70 81 85 67 66 19 75 2 
41 52 77 98 24 69 74 69 892 
35 59 88 37 86 27 64 42 988 
82 30 22 66 50 21 26 54 661 
12 15 74 55 37 97 52 50 838 
76 33 66 55 63 51 58 65 1012 
41 4 86 56 23 27 85 39 554 
82 76 4 58 75 72 15 64 666 
2 82 23 92 87 38 59 90 108 
18 29 68 73 10 86 38 86 610 
72 58 94 49 72 100 52 72 899 
68 20 60 96 41 101 97 58 1026 
63 51 19 49 100 35 18 69 128 
81 11 68 20 21 90 22 45 72 
64 55 11 26 42 16 65 93 853 
52 24 90 69 78 54 3 77 429 
35 25 60 62 33 6 90 73 754 
9 50 101 72 76 98 96 35 38 
77 40 11 5 86 9 65 68 551 
24 14 35 17 19 46 56 90 247 
49 4 24 8 38 70 55 58 522 
73 82 49 94 75 45 51 28 462 
28 32 41 53 99 67 61 67 731 
31 94 33 57 18 89 78 48 373 
83 71 4 43 52 30 67 94 1053 
100 33 41 92 68 93 8 30 709 
83 98 8 60 49 73 11 26 781 
14 18 66 63 18 29 15 70 700 
38 86 82 13 89 6 81 63 426 
23 41 29 42 50 90 31 97 611 
27 25 24 33 34 28 66 55 934 
24 39 17 13 79 99 36 73 534 
80 72 12 3 81 88 38 90 1039 
39 74 70 77 34 23 79 90 556 
37 7 54 56 49 36 30 58 300 
22 12 65 31 8 80 47 53 301 
42 25 46 39 97 47 43 29 992 
10 49 7 95 36 90 54 101 803 
93 26 26 78 75 25 63 18 953 
24 10 68 92 32 83 99 39 798 
4 100 12 9 15 21 55 22 120 
21 29 78 76 79 9 14 55 329 
3 66 52 23 78 81 69 21 240 
17 20 18 26 99 99 25 52 12 
57 86 13 6 25 56 15 44 1092 
4 50 33 61 80 79 56 98 898 
17 83 25 33 42 96 102 40 19 
95 97 32 81 53 29 8 59 850 
18 98 42 98 10 36 92 67 864 
91 58 42 41 72 3 25 10 850 
80 26 46 19 7 88 54 22 568 
61 25 99 6 55 23 10 41 1220 
35 21 75 91 43 77 26 13 1001 
63 56 28 31 57 45 60 30 396 
28 101 94 57 46 90 89 33 512 
75 87 5 21 34 33 3 93 1085 
98 91 85 70 95 96 6 93 807 
23 32 70 56 48 27 91 84 489 
10 80 77 88 3 12 36 52 315 
81 44 24 96 30 67 57 63 470 
51 59 8 100 53 55 24 69 13 
76 21 41 80 32 52 93 95 153 
15 13 90 75 37 45 70 27 603 
46 28 4 5 101 87 89 42 300 
36 12 30 25 66 37 12 62 381 
88 3 14 74 5 37 55 43 624 
52 78 25 65 32 27 6 80 496 
101 73 22 57 93 92 27 59 1018 
87 93 49 56 65 77 14 84 296 
39 73 25 68 52 60 36 39 782 
3 74 82 4 21 87 96 12 1082 
13 33 12 24 49 48 54 70 619 
6 98 15 50 53 50 3 68 89 
19 35 23 64 23 56 28 26 1048 
5 85 74 64 62 55 88 3 615 
16 17 26 80 16 85 10 32 495 
53 55 23 33 3 55 80 79 946 
69 51 12 58 97 25 62 51 1040 
81 44 39 62 64 52 100 89 624 
85 41 21 40 56 94 16 77 865 
67 74 84 21 86 84 78 21 630 
42 60 22 3 20 68 100 31 1069 
5 93 94 73 35 15 4 97 464 
60 31 97 21 44 22 54 97 938 
5 61 61 56 86 45 101 60 364 
33 83 24 55 43 27 6 12 1035 
81 96 41 71 20 90 47 19 1103 
58 23 18 102 51 24 91 97 854 
31 51 9 51 74 77 86 73 174 
18 7 90 72 16 34 38 75 12 
40 36 44 73 12 69 55 45 455 
16 33 34 101 66 48 57 78 750 
80 32 25 66 87 49 76 31 150 
4 88 9 86 66 78 24 53 747 
30 60 41 41 99 31 40 72 489 
84 19 43 44 17 41 73 59 535 
80 75 50 97 98 83 57 53 700 
32 32 69 58 80 15 87 29 217 
24 41 35 95 29 18 9 94 145 
73 62 72 70 15 9 34 45 956 
15 35 64 60 86 48 74 9 485 
75 28 41 30 59 90 23 51 232 
13 87 49 35 90 6 71 86 1111 
89 64 19 62 26 36 37 75 1154 
58 66 56 89 23 21 78 36 817 
75 46 5 84 49 66 90 24 716 
33 82 47 59 91 3 57 87 552 
25 16 3 7 95 86 96 67 1046 
67 26 66 29 58 56 39 99 490 
90 6 18 55 73 5 78 6 1135 
51 100 77 55 34 38 76 56 244 
67 70 53 20 91 83 81 26 1201 
97 6 25 93 22 94 63 69 989 
31 72 44 101 31 91 94 47 819 
13 13 94 30 55 5 37 74 356 
91 72 18 36 76 50 6 83 1218 
71 60 80 85 94 66 57 47 1027 
79 69 41 64 29 46 17 70 154 
8 69 53 23 58 50 65 74 1194 
67 97 98 97 96 49 92 25 1054 
91 30 21 29 74 10 21 59 68 
92 30 45 74 22 8 37 100 175 
51 50 4 32 22 23 69 92 607 
90 85 74 94 74 6 60 28 493 
96 81 97 44 4 101 45 75 544 
56 95 78 92 61 98 35 43 908 
86 60 10 100 62 84 61 33 916 
35 100 58 41 16 96 67 44 235 
22 8 48 6 90 49 78 15 1189 
76 100 25 78 60 33 32 76 832 
34 98 21 14 86 73 26 11 918 
91 17 81 84 27 20 79 16 427 
30 82 72 64 24 50 87 87 408 
54 59 42 27 11 42 28 35 564 
2 9 25 77 82 80 74 90 1193 
20 94 75 7 101 47 98 4 1154 
100 72 76 73 29 101 40 74 645 
37 66 8 42 59 93 74 79 83 
14 55 2 94 92 36 52 69 1142 
62 49 60 97 31 9 47 30 772 
74 31 82 26 39 9 28 39 295 
94 80 37 83 35 24 40 86 605 
96 8 82 41 23 62 7 80 314 
97 42 37 100 96 31 30 102 581 
29 90 18 95 68 55 12 61 1084 
60 81 16 37 59 47 60 53 270 
85 35 11 21 20 61 84 33 1184 
91 96 86 8 55 35 77 13 1167 
36 3 42 29 31 64 74 49 1209 
14 61 84 91 42 45 9 48 816 
41 10 72 58 13 37 59 23 795 
6 54 28 82 63 48 52 26 618 
84 58 6 49 49 73 63 72 876 
16 2 55 44 102 9 69 38 44 
27 80 92 7 72 10 99 70 1171 
75 34 101 38 41 18 94 27 1104 
65 94 62 101 97 43 66 45 258 
13 65 54 20 15 26 45 27 574 
62 79 87 98 52 82 77 90 465 
75 80 63 40 51 77 19 6 548 
45 29 84 51 43 30 89 88 61 
46 57 21 77 95 17 71 34 578 
7 68 44 82 25 10 5 93 791 
62 76 15 79 3 11 82 101 1199 
67 13 38 60 11 66 77 34 403 
21 100 87 48 71 19 30 15 468 
5 65 5 76 48 52 65 29 148 
93 69 56 12 97 96 19 6 257 
13 49 59 80 7 94 77 86 1136 
82 16 7 98 51 90 73 79 446 
97 92 67 88 97 85 54 86 791 
81 11 5 93 31 66 98 19 803 
83 26 60 13 101 64 59 85 157 
9 97 20 67 41 20 60 24 174 
58 26 54 76 28 23 29 98 916 
92 91 87 43 102 33 25 91 643 
80 86 93 5 31 14 72 47 1080 
48 16 72 87 35 9 52 43 1140 
15 9 100 39 86 5 89 70 1148 
30 68 98 89 45 52 68 81 470 
25 54 97 43 6 83 35 83 1010 
7 7 58 80 92 61 40 12 1010 
56 43 102 90 18 64 20 44 964 
95 62 73 22 21 56 71 29 1082 
100 75 5 19 6 5 23 84 768 
40 52 78 39 50 35 69 14 467 
40 37 38 36 25 64 4 43 263 
13 86 88 5 11 65 73 42 450 
82 39 40 99 69 36 101 82 1126 
5 58 13 40 55 10 18 32 1126 
54 66 52 43 17 65 84 11 1199 
79 37 44 15 68 10 98 90 918 
2 44 70 5 37 44 72 102 1041 
12 75 33 80 89 80 73 21 930 
88 41 23 77 17 60 38 24 556 
52 91 91 5 44 67 35 17 1089 
26 51 32 10 72 18 80 73 442 
68 101 50 65 44 50 34 12 595 
55 27 28 13 69 15 99 22 127 
98 9 34 68 48 73 91 49 851 
48 81 71 8 99 46 24 71 285 
99 89 49 43 73 34 19 81 1104 
65 15 84 19 13 53 7 84 788 
6 2 55 79 76 97 80 88 385 
82 50 30 84 91 100 92 102 403 
65 56 38 102 51 68 83 28 425 
90 31 69 20 3 17 82 19 843 
72 22 15 54 65 87 3 39 388 
64 83 26 86 30 13 20 44 343 
30 6 53 89 97 50 62 93 701 
66 64 49 15 4 74 31 22 970 
22 13 93 53 101 14 37 21 555 
13 6 3 58 2 60 89 53 159 
20 85 27 67 94 74 30 39 920 
87 50 81 54 57 10 34 100 384 
39 79 7 41 54 78 5 51 1066 
58 10 64 91 29 53 61 14 450 
56 58 21 21 25 65 39 52 870 
69 61 51 95 26 4 29 52 906 
10 80 33 51 64 45 87 74 354 
15 98 24 30 94 45 73 80 517 
14 20 56 44 4 4 7 38 1100 
40 65 86 61 63 78 79 53 409 
8 7 96 78 35 54 36 26 665 
51 41 69 8 24 48 62 17 392 
22 67 78 31 46 28 55 49 111 
47 56 37 47 53 43 12 68 892 
50 38 87 5 11 80 50 58 1196 
25 34 43 40 101 49 47 59 1055 
59 79 63 70 25 88 45 91 856 
22 6 89 28 98 58 75 14 961 
49 19 59 100 84 90 30 32 183 
70 9 57 90 3 96 57 55 1088 
13 82 15 101 62 22 11 30 637 
12 99 39 87 67 89 70 100 487 
31 62 97 75 42 95 73 77 1007 
17 33 5 95 73 45 69 64 386 
67 50 59 39 91 56 38 20 403 
80 85 44 70 22 5 56 27 1141 
96 40 42 22 30 87 39 96 1182 
51 19 28 96 19 6 58 5 607 
84 94 73 43 39 24 62 95 1116 
43 49 13 102 41 48 52 76 289 
93 47 22 74 102 97 59 89 10 
9 87 68 40 14 19 56 74 405 
25 54 3 20 62 37 96 99 570 
87 51 80 83 46 45 82 67 704 
31 13 95 77 86 52 24 56 103 
27 4 37 96 48 69 15 29 260 
25 75 88 87 80 5 51 74 468 
24 28 43 25 60 49 62 26 753 
42 50 70 53 99 8 29 71 1156 
13 93 5 14 70 18 24 59 1124 
74 46 35 92 28 14 14 101 344 
69 4 46 90 37 24 7 74 975 
55 74 78 82 61 10 10 40 996 
37 13 60 27 3 3 58 90 985 
31 52 23 58 40 99 80 61 827 
