8 8
300
60 5 34 23 51 81 74 5 754 
91 45 44 19 42 27 84 60 1395 
87 72 98 101 85 64 47 36 478 
80 30 34 37 33 61 25 16 1611 
3 46 53 30 60 65 101 85 1547 
32 25 50 78 61 100 98 101 290 
92 62 22 72 78 17 52 96 1225 
16 56 14 85 96 28 28 83 234 
36 58 14 35 102 102 69 17 175 
83 4 71 36 41 33 43 36 891 
81 33 70 38 80 66 90 87 474 
85 49 31 24 52 80 86 63 704 
7 58 62 22 5 63 7 71 1512 
8 81 17 83 44 62 74 49 818 
48 100 80 50 47 17 73 86 1118 
83 61 53 93 53 80 90 37 1264 
97 61 30 9 33 11 73 84 100 
15 4 6 71 52 5 30 39 1027 
67 59 13 47 51 21 95 25 154 
43 17 30 40 95 9 85 79 1431 
24 42 69 71 79 65 11 59 1351 
66 14 11 50 65 16 17 25 1279 
68 52 12 11 16 10 2 32 1097 
80 78 11 99 88 76 18 8 1594 
98 98 82 50 38 94 38 30 185 
2 95 54 17 25 72 31 19 437 
80 15 27 61 71 49 98 33 1330 
76 69 28 38 34 59 18 21 441 
101 20 16 20 76 88 99 2 599 
17 65 55 41 71 71 49 40 1522 
74 38 30 34 54 7 13 64 1000 
87 66 63 97 101 6 45 32 1605 
15 62 41 41 65 71 13 83 1115 
31 37 100 59 91 96 66 46 1351 
101 68 68 11 9 14 27 13 585 
77 22 66 51 98 41 73 36 1279 
56 35 76 61 23 74 39 84 442 
65 31 77 69 33 57 23 45 1035 
34 6 54 29 16 53 35 37 987 
6 82 41 61 87 57 18 12 169 
11 42 47 96 74 28 87 64 1353 
62 10 91 11 30 55 77 41 486 
28 29 21 24 28 88 13 35 34 
90 5 45 23 53 24 47 14 53 
20 40 34 29 45 54 70 74 443 
73 97 54 88 86 49 27 92 1352 
93 89 16 61 85 41 26 98 956 
42 42 59 69 66 18 52 59 18 
99 101 86 69 56 56 61 42 607 
52 4 22 98 98 64 41 56 413 
91 61 57 95 5 48 96 31 537 
72 6 34 38 38 29 48 30 1475 
101 26 35 62 2 46 4 76 1534 
41 45 46 97 31 12 93 63 1602 
48 6 98 40 75 27 23 91 587 
8 16 68 95 53 70 73 42 482 
94 31 61 13 93 31 54 57 1394 
91 77 77 23 47 78 31 101 391 
96 63 53 9 41 13 10 99 980 
30 48 94 78 26 91 83 100 522 
41 37 15 69 87 20 42 34 234 
63 86 70 92 66 54 46 79 1284 
80 87 91 49 5 97 71 26 140 
95 14 53 88 43 49 46 91 1042 
13 29 78 35 70 9 99 49 205 
94 40 84 43 35 49 12 4 218 
45 94 34 20 100 63 12 49 327 
66 76 45 23 48 77 90 35 828 
5 48 19 84 52 59 84 80 1414 
28 54 82 6 78 40 36 3 1589 
34 95 31 17 25 23 89 35 1182 
71 73 93 9 55 102 98 10 928 
98 62 43 78 38 23 76 86 1545 
42 62 100 7 89 47 80 58 656 
24 89 25 99 97 19 86 15 115 
97 21 101 82 10 70 84 40 673 
58 58 59 10 43 41 28 49 1202 
76 66 85 48 31 99 62 76 335 
36 101 67 27 93 25 16 81 1046 
97 62 54 32 25 51 6 24 1630 
85 16 48 86 73 50 45 12 795 
25 51 92 5 23 36 50 50 638 
78 33 67 36 96 64 77 33 1419 
24 46 43 37 45 10 99 78 979 
76 52 30 19 83 83 76 92 494 
76 95 42 20 84 77 12 30 1476 
37 52 22 86 11 42 63 24 1081 
9 91 8 84 8 46 76 76 1592 
13 61 52 86 61 6 34 3 621 
49 5 64 68 27 17 19 64 433 
42 93 44 90 58 62 17 69 22 
26 93 89 97 47 10 80 101 1117 
43 54 92 18 53 10 4 16 306 
6 44 66 93 67 46 20 36 1350 
58 25 6 92 70 94 5 10 159 
53 54 60 55 90 27 49 79 167 
38 27 42 36 88 44 43 13 413 
39 35 28 45 79 13 28 24 1250 
67 52 85 100 15 45 100 53 1010 
62 53 56 41 46 91 36 84 147 
45 24 39 64 51 60 69 68 1223 
85 10 77 49 30 68 51 84 432 
29 40 14 98 38 37 82 83 978 
73 100 91 39 11 97 4 85 1629 
42 5 3 27 33 49 70 16 706 
89 15 25 90 92 64 64 9 720 
99 49 88 4 84 70 100 98 1112 
88 48 101 81 47 47 68 11 1295 
27 4 9 68 30 24 94 95 1108 
39 86 10 28 77 4 53 7 586 
16 40 22 35 30 37 80 84 1118 
46 10 70 80 24 83 85 39 90 
39 33 21 67 12 91 3 63 199 
62 62 73 99 30 42 11 55 1161 
61 95 76 74 89 48 55 49 1389 
102 60 64 29 45 40 99 16 1208 
19 51 29 33 34 69 25 20 370 
100 49 82 30 71 71 12 26 720 
34 67 46 75 14 65 6 3 45 
52 36 18 35 2 16 68 94 57 
46 30 63 9 51 71 25 57 1631 
8 74 91 95 19 21 96 67 805 
32 45 40 66 28 33 66 75 1381 
8 67 49 68 64 79 68 68 1568 
85 26 18 77 52 58 65 101 471 
15 59 19 99 40 37 66 38 801 
68 82 4 32 45 78 86 19 1471 
55 42 12 15 29 53 25 13 668 
35 57 95 83 3 30 4 53 264 
70 11 29 14 3 28 30 102 1416 
96 55 83 43 93 36 68 13 966 
21 2 32 68 76 29 96 34 1331 
58 87 81 76 29 95 62 18 136 
65 42 40 85 87 30 66 31 944 
62 94 66 61 17 92 70 85 824 
88 4 36 102 20 72 47 73 251 
10 22 28 90 83 76 27 5 1150 
23 38 17 4 4 48 71 36 639 
20 99 71 90 7 46 44 75 242 
76 65 24 70 41 16 14 58 134 
34 74 14 91 36 14 22 50 776 
37 86 101 90 32 86 33 29 1215 
48 22 17 84 48 10 62 54 648 
51 55 99 3 92 49 40 40 1020 
29 31 65 59 70 60 98 9 1449 
17 87 35 40 40 14 41 68 582 
95 51 27 6 32 84 75 73 1551 
52 36 97 55 53 95 24 5 1605 
13 91 54 59 88 41 21 46 1080 
9 13 17 87 64 26 13 47 1441 
39 26 101 83 87 99 65 48 1188 
96 65 37 42 18 36 15 30 1265 
86 38 66 88 87 87 18 68 983 
82 67 74 73 44 8 7 87 1302 
102 32 6 57 96 42 69 27 1337 
34 69 97 83 74 36 48 29 144 
27 53 41 16 67 21 39 85 1329 
3 25 23 30 38 33 56 16 1594 
75 31 44 26 22 62 5 87 1617 
67 101 95 40 27 16 99 82 558 
43 88 68 87 20 13 60 68 28 
63 5 33 67 28 60 38 75 1600 
69 3 33 80 12 82 22 74 1363 
91 64 100 8 33 58 99 15 456 
34 90 13 32 68 55 61 44 1331 
70 2 75 37 4 54 18 32 1290 
5 65 78 88 68 48 30 72 66 
5 57 74 77 70 15 32 6 1389 
89 39 37 80 22 70 101 54 1173 
12 56 62 48 92 3 79 96 825 
54 48 24 67 4 98 52 57 1435 
11 94 34 62 6 100 69 32 1530 
46 27 45 10 89 16 76 19 252 
46 59 66 74 101 76 64 80 947 
65 23 36 41 30 66 82 91 969 
42 52 52 64 81 63 9 35 1121 
9 46 61 10 93 87 83 7 1600 
26 40 96 60 100 28 42 6 137 
61 7 99 81 31 100 57 36 1095 
67 84 80 6 67 68 8 57 569 
101 57 32 52 60 25 68 58 835 
68 84 55 26 24 77 54 49 449 
74 30 17 63 55 59 20 18 378 
22 22 75 30 54 44 93 43 797 
80 12 49 76 15 74 49 91 860 
16 43 63 5 53 19 41 36 445 
22 40 4 75 34 44 102 48 595 
80 40 31 12 35 82 28 76 616 
82 100 17 45 16 66 6 5 1217 
64 19 70 58 91 20 17 73 59 
49 8 80 7 76 69 38 71 841 
25 6 10 82 79 80 82 61 595 
14 79 26 40 70 30 70 39 482 
70 24 51 13 97 64 79 82 1116 
62 77 25 50 9 47 15 83 1623 
69 84 42 93 78 33 84 5 1541 
82 11 39 52 39 39 39 70 764 
5 14 11 47 5 99 11 22 1363 
15 66 72 81 27 89 31 3 901 
91 79 48 20 31 94 70 99 1150 
33 12 40 88 13 41 100 12 1126 
93 24 81 45 83 58 49 71 647 
26 3 86 52 23 38 84 50 1475 
3 87 85 19 80 8 29 80 168 
48 29 54 33 82 17 20 40 1293 
78 48 98 92 73 62 54 45 1567 
89 83 91 3 6 65 51 100 407 
88 76 46 75 18 5 48 3 675 
89 95 23 70 33 85 59 8 30 
96 13 16 25 66 36 12 42 1577 
23 46 26 91 84 85 93 34 1056 
37 6 32 95 46 71 21 67 814 
77 20 52 8 46 100 64 56 1420 
13 65 11 11 64 78 9 26 934 
20 101 13 40 80 101 20 24 34 
74 4 69 47 6 101 87 37 361 
49 17 2 27 29 30 98 82 1130 
57 28 43 55 88 22 14 3 1087 
41 39 42 53 90 24 98 92 864 
22 68 62 12 27 29 56 62 151 
59 94 74 85 45 100 32 65 1568 
63 21 18 49 35 4 35 48 1603 
84 98 29 80 31 39 77 77 229 
11 48 3 16 101 28 12 57 151 
97 57 96 44 23 27 28 38 1163 
39 76 35 60 79 81 31 74 1055 
84 81 65 36 10 70 86 22 277 
97 49 22 92 38 80 95 40 1483 
6 42 76 4 54 96 68 40 26 
83 54 71 24 87 29 63 31 1244 
48 63 49 28 60 3 11 33 1449 
54 50 39 58 67 41 90 27 534 
92 82 29 71 70 73 68 5 1117 
50 75 64 95 30 10 3 49 1258 
46 80 84 76 95 23 7 16 1466 
66 27 89 32 36 62 96 73 797 
51 79 94 78 62 56 34 63 951 
29 61 21 31 56 20 64 46 768 
53 19 88 8 66 56 83 4 1281 
83 20 41 4 101 59 61 54 1145 
87 70 20 30 43 35 65 80 906 
72 37 73 72 70 92 15 45 891 
64 45 14 40 97 60 78 53 691 
22 26 62 64 72 4 50 79 1233 
31 25 77 55 46 88 101 13 1090 
10 13 52 50 92 58 5 99 158 
60 48 76 62 54 92 93 45 882 
98 10 67 71 24 92 17 86 332 
81 11 101 28 42 86 93 70 654 
94 73 37 6 61 75 94 92 511 
4 72 73 88 65 3 34 5 41 
4 41 91 62 35 8 37 26 1435 
13 33 8 91 70 86 52 101 1168 
21 94 51 93 78 34 61 15 230 
51 95 48 100 96 39 84 92 469 
53 34 40 31 71 38 88 84 954 
27 15 3 90 38 66 31 15 188 
56 13 65 59 3 23 94 89 495 
44 15 39 72 10 81 57 101 1098 
36 93 25 15 8 96 76 36 7 
15 63 59 84 70 83 27 30 1290 
67 96 33 19 39 84 8 46 1126 
23 57 7 25 35 39 99 98 366 
90 42 7 71 85 69 22 82 418 
75 62 46 58 46 82 101 92 84 
39 18 56 43 9 64 27 55 1291 
97 92 30 23 87 75 61 39 1431 
76 98 13 66 99 59 59 35 1369 
27 67 13 27 25 45 34 62 1299 
70 50 35 45 46 32 90 27 1468 
99 54 76 74 99 9 94 27 1523 
96 75 21 99 86 77 80 3 1430 
70 72 68 87 91 27 95 93 1458 
57 34 55 83 78 74 69 61 1316 
11 55 70 6 35 100 52 40 1422 
62 74 65 60 66 45 45 22 893 
26 14 66 51 81 9 20 39 1526 
43 15 99 49 32 27 96 71 783 
21 67 39 70 37 53 40 35 310 
28 98 69 12 40 58 20 45 774 
19 62 76 64 88 98 7 11 399 
92 15 44 40 66 97 97 25 898 
20 58 79 15 13 48 90 94 668 
28 33 77 43 31 88 80 79 145 
76 60 81 43 65 28 28 50 317 
79 90 34 74 17 17 3 102 1429 
73 6 51 30 76 96 57 81 1275 
51 52 86 58 62 89 89 23 1068 
78 79 95 52 89 65 29 13 65 
11 56 18 62 41 32 101 9 1190 
62 47 86 87 87 86 50 79 1605 
37 23 30 47 88 95 52 28 365 
97 23 20 88 4 65 92 49 407 
64 91 13 56 59 56 16 29 1242 
84 93 94 10 4 11 67 93 1465 
78 66 70 25 13 16 10 6 1407 
57 76 46 22 98 41 61 88 1448 
90 83 66 76 32 61 19 70 571 
32 88 21 10 23 12 76 16 1342 
59 41 80 99 49 55 69 61 870 
