6 8
300
101 61 27 25 54 87 650 
69 66 77 98 50 78 1600 
52 16 31 11 66 21 1411 
87 97 22 45 9 26 1416 
100 20 64 59 101 18 302 
101 13 27 47 57 86 663 
27 72 54 11 83 77 224 
8 87 10 54 23 88 231 
66 7 82 47 63 55 1129 
48 16 41 51 62 82 819 
5 7 66 10 37 48 974 
26 70 36 29 51 75 1499 
35 56 7 80 33 6 585 
8 47 2 96 33 73 1302 
59 15 62 23 97 65 51 
82 46 46 88 42 56 641 
39 48 20 14 82 79 210 
61 36 73 31 77 16 1576 
62 66 16 7 76 82 1103 
57 75 7 56 12 91 859 
12 63 94 93 52 99 1140 
100 84 85 53 96 69 1593 
81 91 94 22 51 8 336 
82 32 83 67 77 74 1327 
75 15 59 72 90 62 798 
74 81 40 27 20 29 1005 
84 33 56 82 15 72 1247 
86 15 36 63 84 34 500 
34 13 27 77 27 91 416 
71 27 82 8 9 51 111 
12 56 96 33 82 61 1600 
100 29 87 64 4 7 1451 
102 25 12 8 30 20 661 
70 15 52 95 40 38 212 
8 76 76 8 23 72 1202 
61 42 31 5 75 34 551 
86 42 16 25 86 38 1134 
4 73 102 81 32 68 687 
43 46 40 43 25 87 1500 
55 13 58 83 37 17 660 
85 83 5 57 88 9 1380 
74 38 72 57 102 45 70 
5 77 29 93 5 34 293 
98 93 63 52 49 44 503 
32 60 45 50 23 31 311 
92 99 26 47 61 59 1125 
10 71 89 25 44 90 816 
38 30 92 34 86 25 1428 
92 44 7 41 67 56 702 
80 29 8 80 16 87 216 
80 5 48 46 76 51 1433 
24 77 29 7 56 83 1522 
32 55 19 40 9 33 8 
57 21 8 96 6 28 480 
43 82 47 29 4 39 956 
27 46 90 11 76 102 1102 
69 80 35 13 75 52 799 
77 92 43 10 56 15 369 
86 42 52 73 25 60 1318 
96 84 80 54 46 37 77 
11 31 30 35 34 35 1442 
43 75 85 33 78 82 1093 
93 6 22 51 26 38 665 
6 40 41 53 43 89 1185 
98 57 62 31 17 46 1075 
63 15 77 24 82 36 703 
69 68 42 49 80 16 61 
80 60 5 22 101 66 78 
92 91 85 92 48 18 745 
20 26 4 63 38 3 485 
93 47 29 46 4 100 608 
74 101 6 65 75 71 288 
99 59 11 18 82 63 1154 
26 94 34 36 20 99 799 
44 40 87 44 15 76 1420 
15 78 78 99 68 69 298 
92 81 29 75 49 30 348 
69 95 47 58 42 61 1101 
55 97 12 85 2 90 490 
63 20 23 62 97 33 1361 
82 35 21 16 96 55 550 
16 6 62 74 71 30 1224 
48 42 88 75 17 22 990 
83 67 16 68 81 90 483 
62 8 15 54 99 40 1419 
61 28 43 48 8 36 641 
92 52 14 33 63 57 243 
80 37 89 82 13 25 1613 
70 8 50 17 66 6 870 
101 49 22 74 92 90 1409 
16 47 29 10 88 23 1487 
17 4 37 21 35 17 1338 
73 28 74 88 17 90 1500 
22 95 34 44 32 88 1498 
5 94 61 73 69 30 1047 
92 63 74 27 3 10 852 
6 15 98 33 91 73 454 
24 50 87 77 102 96 1533 
54 97 68 58 37 101 210 
12 78 50 68 88 20 1316 
67 2 63 16 82 42 273 
82 38 13 42 17 66 1324 
45 76 98 69 36 72 630 
68 7 71 68 10 41 1523 
39 50 67 5 55 49 926 
50 26 63 22 57 79 1173 
61 57 18 23 37 34 1094 
4 54 102 54 50 44 1618 
97 94 50 74 2 25 694 
90 49 39 63 19 26 1551 
51 37 49 81 95 69 107 
52 56 47 75 10 28 573 
98 67 53 8 7 60 874 
35 15 50 56 56 31 1169 
10 80 62 20 9 74 868 
19 54 75 57 77 95 728 
40 5 101 95 99 9 1496 
84 88 57 14 69 44 270 
24 102 27 41 39 37 685 
78 88 57 3 56 84 1288 
15 80 53 32 67 11 1550 
13 51 64 59 24 82 436 
94 6 9 42 32 39 1559 
55 50 18 40 60 5 1017 
19 46 94 45 27 15 1128 
11 6 84 4 35 23 183 
53 65 84 17 57 17 1365 
83 50 62 26 47 85 978 
32 37 94 9 8 35 1524 
7 72 16 99 69 60 1361 
102 27 40 100 17 86 37 
87 36 25 5 89 81 585 
98 34 21 82 31 11 1283 
71 92 97 28 91 20 754 
95 69 21 90 60 2 1332 
25 24 28 32 101 60 737 
3 71 6 21 56 60 135 
40 98 18 40 50 7 500 
37 46 74 28 69 58 1493 
69 6 17 32 80 56 1198 
12 95 52 33 53 36 1112 
23 93 9 37 62 40 909 
74 4 52 11 97 53 1445 
80 56 6 34 4 56 567 
67 91 91 78 5 37 448 
5 68 9 99 73 64 217 
55 67 94 9 20 38 1549 
4 67 22 85 5 87 530 
40 48 100 52 82 35 924 
4 20 61 59 5 30 1116 
38 45 14 26 91 77 412 
92 14 28 86 20 42 1028 
26 71 94 2 52 97 1063 
22 11 49 93 31 59 837 
49 34 52 17 9 29 1077 
24 10 61 16 11 9 794 
36 75 68 64 96 96 1266 
50 69 58 55 35 5 261 
36 67 35 62 21 76 696 
81 78 71 12 15 99 33 
63 35 88 42 90 19 1396 
38 83 31 37 65 76 1609 
68 96 64 76 25 52 1440 
45 28 57 93 35 8 898 
99 99 54 83 99 78 1423 
35 73 15 48 89 32 1596 
86 5 27 58 2 46 225 
84 9 38 92 49 16 308 
9 33 52 56 13 33 637 
86 80 57 68 100 13 533 
25 51 31 39 22 92 951 
25 32 37 35 64 43 248 
92 18 93 52 64 70 426 
42 65 93 78 102 61 12 
28 72 91 4 35 83 965 
60 10 55 29 25 63 1377 
3 17 24 51 91 26 1525 
64 66 19 38 45 9 1360 
88 40 63 22 34 60 1584 
62 48 33 32 62 58 524 
10 40 24 41 10 44 635 
50 72 30 12 37 9 1042 
8 74 68 91 77 78 1182 
72 94 9 94 5 89 661 
71 93 21 31 70 63 884 
28 96 99 37 67 46 611 
70 35 11 99 52 35 888 
75 66 42 88 82 62 619 
47 17 49 7 56 100 1301 
81 11 83 69 48 12 1303 
80 71 56 12 33 37 36 
61 100 97 54 56 88 1558 
28 81 46 90 4 18 1322 
82 52 32 13 48 60 1456 
26 30 32 7 26 76 1556 
97 88 78 51 27 38 1400 
19 54 55 2 14 86 855 
32 39 81 46 96 101 1608 
21 26 101 87 79 15 573 
72 67 50 33 14 2 511 
95 70 41 79 82 97 1021 
100 80 12 36 75 39 1548 
93 52 63 32 78 99 1243 
64 79 66 49 25 53 774 
89 7 72 3 86 23 595 
72 43 69 15 6 38 348 
48 91 53 6 78 42 1287 
17 89 3 38 5 57 515 
93 77 32 60 46 17 183 
75 43 35 91 18 60 348 
11 96 19 74 63 57 252 
90 14 45 49 13 70 1166 
20 71 67 83 68 7 1280 
68 38 57 61 23 12 1200 
50 20 17 62 84 60 101 
95 86 66 44 2 18 54 
65 89 13 36 49 42 899 
73 70 10 52 56 45 709 
60 63 15 42 47 44 652 
96 31 89 31 13 67 412 
88 3 40 68 91 77 56 
52 47 27 76 72 20 1251 
52 8 12 30 17 65 569 
24 53 4 57 76 65 1122 
60 26 7 38 76 32 1401 
69 72 86 67 70 42 138 
19 90 68 76 25 65 715 
25 78 3 98 5 92 1038 
52 38 13 16 14 37 1492 
23 22 40 98 91 93 1350 
38 29 65 49 25 28 89 
65 39 83 53 2 27 580 
50 6 42 74 42 24 291 
36 75 52 58 8 19 1569 
69 29 80 37 75 63 1414 
51 39 51 82 66 60 1409 
101 32 65 14 12 58 1185 
18 101 26 51 70 67 36 
56 15 94 19 12 11 1567 
11 4 18 30 66 51 1610 
69 93 94 78 66 33 565 
45 89 46 98 63 26 841 
31 56 88 6 98 87 1561 
26 59 65 56 51 92 1472 
30 49 86 48 9 76 800 
9 35 75 6 36 70 177 
28 50 23 51 88 47 1312 
50 32 25 70 66 5 695 
36 31 23 17 43 46 252 
41 62 52 56 52 5 354 
23 14 102 65 19 87 1606 
11 44 8 65 48 12 1293 
19 63 80 45 73 8 1193 
6 54 92 94 25 97 1413 
90 73 97 38 44 61 445 
20 26 7 49 20 46 411 
89 17 53 97 36 38 363 
101 75 13 81 98 51 285 
62 12 72 96 91 14 342 
73 13 29 6 53 54 1625 
39 74 97 55 64 50 274 
39 40 99 91 61 66 1463 
100 86 59 48 12 12 939 
16 37 56 31 34 6 268 
6 26 94 85 86 25 1006 
2 17 28 36 3 3 384 
74 75 7 32 49 33 1188 
29 72 60 43 44 44 382 
39 44 26 32 46 2 529 
16 7 7 77 44 30 1595 
71 34 14 12 11 36 683 
64 51 100 87 75 46 1264 
56 36 45 44 83 40 1035 
76 3 5 59 2 93 943 
70 101 57 8 5 77 956 
40 47 33 35 10 84 1221 
95 28 48 73 59 57 986 
73 65 35 63 92 36 1548 
32 11 55 11 45 86 1541 
52 46 81 72 70 21 254 
91 13 11 75 59 91 1321 
77 60 88 45 38 99 1573 
38 23 46 15 43 66 132 
38 80 26 67 99 82 705 
84 68 3 90 38 47 1353 
53 26 91 35 48 16 899 
53 69 68 9 89 100 218 
24 37 59 30 57 9 852 
35 87 10 61 10 40 1518 
93 87 57 2 54 15 1386 
99 58 82 97 52 55 1392 
13 60 60 13 84 32 983 
34 46 63 83 39 33 299 
42 83 76 40 78 64 976 
83 13 9 36 87 30 413 
81 79 35 7 57 69 357 
29 51 51 28 10 35 973 
43 96 21 17 85 69 937 
77 8 59 76 93 28 492 
50 54 78 100 4 37 864 
