4 4
300
40 68 57 50 492 
14 33 54 38 86 
19 5 17 42 227 
66 67 51 82 456 
43 26 33 6 177 
35 68 10 68 694 
32 19 85 59 642 
58 50 38 2 539 
41 67 36 32 497 
74 88 66 73 632 
58 6 55 37 256 
16 37 53 29 221 
48 25 88 53 656 
102 21 60 63 587 
18 31 50 17 136 
78 91 3 45 404 
49 4 39 91 238 
28 66 50 27 528 
22 98 11 76 167 
19 81 85 51 499 
55 30 5 101 502 
29 58 41 21 449 
27 36 11 79 648 
46 87 99 24 444 
38 73 35 99 421 
22 22 77 96 815 
99 8 54 84 789 
22 100 41 30 19 
72 27 31 73 327 
88 90 34 96 624 
33 84 63 97 210 
83 97 9 49 342 
9 83 47 21 470 
20 85 29 83 487 
48 49 71 22 687 
12 44 64 59 536 
34 90 83 20 561 
17 48 59 58 126 
27 94 93 88 776 
91 83 13 15 178 
5 63 53 37 253 
87 15 42 13 127 
42 35 52 84 82 
21 2 29 52 346 
74 28 73 67 284 
56 57 86 27 775 
32 33 51 37 509 
73 39 48 89 687 
5 8 48 43 617 
94 43 12 78 622 
91 56 62 73 402 
79 92 88 102 627 
31 31 17 18 700 
10 86 17 21 316 
84 56 42 68 324 
69 82 32 92 348 
15 48 10 51 50 
78 73 80 88 695 
84 53 48 12 449 
75 92 32 57 548 
10 28 92 39 766 
37 16 96 33 671 
99 61 98 59 525 
85 23 68 12 82 
40 7 31 36 465 
34 10 32 13 540 
79 53 77 25 279 
88 58 72 57 578 
64 79 49 6 722 
24 57 91 48 585 
54 26 22 47 242 
5 99 58 83 509 
29 86 85 67 48 
48 86 75 25 636 
30 53 13 41 392 
63 60 28 48 283 
79 21 86 42 117 
54 33 32 95 255 
91 102 92 95 356 
80 96 84 100 348 
40 83 68 70 360 
3 15 82 99 560 
47 73 12 48 696 
10 3 45 53 436 
17 56 82 94 722 
30 63 20 98 573 
69 79 30 5 787 
98 55 18 98 110 
41 53 35 27 706 
20 92 46 9 288 
79 52 33 47 227 
86 3 75 82 134 
41 97 87 29 13 
70 45 9 51 730 
57 87 50 40 119 
66 23 57 8 573 
40 20 13 63 759 
19 48 85 78 103 
97 82 38 81 604 
46 68 8 26 153 
77 85 96 20 652 
94 4 95 32 520 
65 48 70 11 639 
24 86 26 36 688 
24 62 33 39 773 
77 51 71 66 575 
100 17 34 89 777 
57 25 95 83 7 
17 55 55 14 405 
51 14 29 3 427 
62 44 74 41 788 
17 54 59 25 38 
46 36 31 62 538 
50 17 82 16 189 
100 93 45 35 569 
71 9 21 89 378 
65 24 69 14 88 
57 45 94 93 657 
6 68 71 78 467 
83 26 95 48 17 
36 34 14 80 440 
70 101 41 72 225 
9 34 72 79 338 
23 68 20 51 87 
6 24 92 36 160 
34 24 69 78 724 
47 17 75 88 101 
34 12 91 60 345 
58 7 25 65 597 
73 98 94 37 294 
17 8 45 38 795 
14 44 80 61 176 
48 35 64 83 670 
95 61 86 67 81 
13 79 62 9 444 
102 101 29 63 392 
38 32 34 42 603 
41 73 39 90 4 
92 34 33 38 780 
25 44 44 83 655 
14 14 29 27 203 
40 48 38 83 797 
15 17 20 13 695 
19 3 24 9 350 
24 24 98 67 165 
82 48 26 14 254 
59 59 48 83 290 
27 4 8 18 294 
95 37 58 92 715 
77 16 22 53 643 
24 22 37 40 478 
93 18 65 7 369 
94 25 26 53 331 
57 71 39 77 495 
17 97 8 73 406 
89 68 8 79 370 
67 28 74 35 72 
39 25 9 24 364 
11 41 3 73 360 
73 13 7 52 266 
8 79 47 93 523 
29 16 66 91 585 
27 12 88 62 651 
68 52 93 44 30 
35 64 17 33 423 
77 96 38 29 645 
78 62 58 47 325 
90 84 84 71 664 
25 61 21 52 158 
101 56 42 93 640 
22 21 66 49 814 
46 64 16 41 724 
35 81 39 12 778 
67 56 43 23 745 
86 70 24 63 660 
76 45 67 14 431 
24 56 47 51 480 
59 99 11 47 783 
28 70 45 82 396 
46 24 11 57 440 
47 15 22 102 771 
54 99 5 68 212 
2 99 4 88 548 
81 36 90 53 312 
71 47 98 27 530 
18 28 44 14 300 
54 36 12 60 66 
11 36 47 56 57 
63 96 45 21 780 
31 68 58 15 568 
12 36 60 19 695 
102 19 97 37 641 
28 56 93 31 606 
68 90 46 80 475 
47 91 36 46 633 
77 4 79 31 293 
52 71 31 45 216 
19 79 95 75 68 
94 41 12 78 659 
8 5 16 47 243 
43 24 80 57 203 
24 3 15 41 82 
100 42 68 101 236 
59 27 50 5 464 
91 97 73 72 538 
8 80 60 66 582 
74 89 34 101 771 
30 93 76 20 38 
19 65 55 65 82 
55 75 13 49 196 
83 57 13 90 331 
48 53 10 91 156 
45 45 52 70 306 
13 10 69 7 11 
68 53 32 100 328 
28 44 10 62 111 
35 69 13 42 737 
20 78 46 61 395 
79 85 87 101 498 
76 16 87 28 807 
47 8 9 48 476 
32 26 15 50 121 
6 44 49 78 702 
78 34 12 80 160 
37 66 10 58 200 
84 68 33 39 540 
14 59 85 64 561 
29 62 67 83 496 
96 65 97 46 361 
36 38 11 15 690 
44 5 9 8 523 
82 100 52 24 619 
65 95 77 84 22 
49 62 88 9 484 
18 69 31 19 211 
74 71 65 14 734 
49 59 20 55 199 
11 52 79 100 721 
30 12 45 8 796 
3 90 15 44 789 
77 52 4 56 559 
77 77 92 82 752 
14 37 40 34 240 
8 76 24 60 763 
100 85 90 21 253 
8 26 25 22 203 
86 58 24 18 125 
99 58 67 86 405 
36 62 98 7 627 
95 74 14 78 749 
29 67 57 50 808 
94 63 85 25 510 
53 54 73 58 67 
58 16 25 19 267 
52 12 40 10 486 
40 89 85 44 307 
36 14 49 30 802 
21 2 75 19 190 
37 75 44 24 803 
84 91 43 99 171 
82 51 97 46 342 
19 29 49 91 498 
7 81 43 88 233 
41 7 45 59 728 
58 42 8 95 794 
79 70 18 12 629 
51 48 87 23 471 
87 19 5 88 665 
94 55 86 58 146 
59 34 58 96 486 
79 48 85 10 533 
41 45 4 49 525 
51 13 39 14 97 
62 95 22 30 357 
24 5 59 78 796 
4 58 52 78 333 
48 14 24 53 815 
5 65 79 58 150 
43 17 58 24 268 
82 19 74 46 475 
65 14 30 52 304 
77 91 9 13 515 
85 95 28 8 152 
39 91 88 14 73 
99 18 66 12 21 
9 48 37 45 143 
87 86 8 20 630 
36 86 74 16 207 
16 58 68 95 287 
50 91 52 5 782 
93 33 62 37 502 
49 50 21 50 245 
30 56 66 95 633 
101 89 10 31 691 
55 19 75 89 776 
43 52 73 77 444 
21 98 34 50 215 
57 26 73 58 244 
87 67 26 86 791 
61 94 75 17 293 
