2 6
300
78 33 463 
38 49 215 
19 85 839 
21 20 381 
32 35 605 
91 88 365 
98 48 91 
64 19 1068 
88 24 750 
86 21 645 
98 25 281 
24 67 964 
91 30 830 
61 28 474 
25 4 242 
11 90 1037 
51 89 841 
41 80 544 
30 16 179 
52 51 308 
58 35 785 
18 25 1162 
10 10 828 
73 2 710 
64 39 253 
71 41 177 
70 79 419 
79 37 389 
86 59 554 
81 96 628 
66 40 964 
45 4 1138 
77 9 970 
27 3 971 
19 80 1061 
13 79 493 
26 61 910 
2 85 888 
93 82 1201 
34 34 811 
52 32 182 
18 8 762 
81 21 431 
30 96 399 
37 45 929 
57 61 691 
47 75 978 
7 57 424 
79 66 677 
8 54 278 
97 44 918 
15 77 875 
67 3 884 
26 33 707 
7 98 798 
44 67 490 
99 38 251 
44 89 720 
88 47 917 
82 41 518 
9 75 827 
15 35 637 
59 24 833 
6 92 718 
86 23 512 
24 102 718 
71 37 1211 
17 12 192 
4 55 672 
18 29 370 
99 86 752 
32 20 715 
92 94 777 
15 86 529 
74 94 562 
64 60 818 
19 66 550 
18 13 54 
45 94 778 
54 12 975 
99 43 1167 
40 10 75 
99 56 39 
85 34 93 
97 58 623 
58 45 214 
72 43 1170 
90 101 767 
87 82 900 
59 89 317 
97 40 1007 
86 18 529 
50 36 1032 
42 67 43 
66 36 395 
39 23 669 
55 89 593 
48 84 854 
86 11 515 
35 55 339 
35 42 828 
79 91 1147 
27 13 493 
10 10 116 
35 32 929 
94 26 805 
32 50 726 
21 6 1214 
79 51 687 
15 102 87 
3 17 997 
59 9 302 
38 89 553 
40 14 119 
16 48 974 
41 15 642 
96 94 1038 
78 4 59 
70 16 446 
70 102 488 
40 15 146 
35 9 1137 
30 78 277 
53 58 463 
23 94 439 
52 7 711 
22 40 438 
6 21 97 
24 27 158 
79 90 1148 
90 69 1063 
7 3 1217 
100 83 480 
89 13 450 
32 45 435 
49 58 128 
71 21 113 
80 51 751 
6 36 1151 
6 13 1000 
82 53 1078 
31 65 1091 
53 17 1117 
38 54 288 
21 35 336 
101 76 932 
74 77 849 
4 10 853 
87 12 230 
28 3 817 
7 96 858 
59 9 734 
51 3 974 
48 98 494 
21 35 819 
88 61 194 
36 7 739 
20 34 442 
14 80 532 
20 46 651 
72 27 175 
27 33 711 
55 63 326 
69 52 889 
99 28 965 
31 85 921 
5 101 619 
5 94 1177 
8 89 762 
36 47 355 
18 32 701 
28 78 869 
28 96 21 
11 34 1201 
91 68 669 
90 23 69 
59 85 1155 
70 18 552 
5 70 413 
20 20 535 
98 21 200 
100 53 250 
17 72 616 
10 5 1088 
76 96 817 
54 16 310 
44 21 809 
59 79 758 
37 50 180 
14 26 103 
39 10 934 
60 15 163 
84 94 191 
36 74 628 
57 51 983 
7 96 266 
80 52 659 
10 78 1220 
80 41 518 
56 65 34 
8 5 568 
44 73 1163 
15 18 993 
56 72 274 
12 9 567 
17 3 341 
84 31 660 
95 36 902 
57 31 388 
79 82 904 
73 30 349 
15 31 847 
7 15 962 
87 95 965 
42 27 977 
34 101 847 
55 65 463 
16 75 418 
51 15 849 
75 89 514 
65 38 433 
9 85 526 
96 99 965 
79 12 1078 
51 98 445 
77 55 115 
96 25 370 
64 25 219 
38 58 673 
96 66 196 
102 34 319 
39 24 696 
46 35 516 
39 40 23 
92 78 646 
52 67 936 
100 76 738 
62 81 789 
14 3 161 
19 73 322 
90 102 405 
65 79 953 
64 15 912 
81 34 238 
69 59 1045 
30 74 572 
67 88 1116 
80 98 1105 
58 42 653 
64 27 257 
46 28 761 
18 51 467 
71 29 1215 
77 90 646 
4 20 517 
43 95 271 
81 85 356 
68 54 1038 
37 11 40 
45 9 459 
27 3 1074 
56 38 70 
59 53 98 
49 62 547 
49 92 1210 
40 79 956 
50 17 575 
33 84 508 
94 79 902 
79 83 485 
37 28 248 
64 52 1065 
67 50 1012 
39 86 511 
16 34 295 
86 21 760 
88 99 404 
27 97 1133 
93 95 224 
48 64 713 
34 82 864 
70 14 410 
26 88 491 
14 75 348 
97 13 381 
7 19 620 
19 10 719 
14 93 1031 
9 12 387 
30 73 698 
71 21 1059 
26 7 49 
73 48 240 
93 62 408 
24 76 284 
7 32 1018 
64 87 933 
70 31 665 
102 22 1083 
88 64 32 
