6 4
300
44 88 99 69 59 69 662 
91 81 70 66 17 98 313 
86 58 23 48 35 76 176 
80 9 6 44 65 4 654 
97 78 76 59 75 31 691 
7 31 8 43 37 22 605 
20 17 50 36 71 28 742 
27 19 23 95 38 13 521 
81 95 27 96 68 3 774 
4 96 9 44 69 56 645 
29 17 7 100 57 49 491 
94 58 10 96 78 91 572 
62 55 66 39 21 23 218 
37 83 48 72 21 81 128 
23 43 94 5 74 14 798 
4 18 97 83 66 6 710 
39 19 2 92 14 27 349 
43 45 7 50 35 54 745 
36 61 30 38 70 47 580 
18 19 93 6 79 74 476 
40 71 58 57 19 42 802 
66 48 82 9 56 75 654 
99 89 57 41 61 8 552 
59 69 47 98 61 18 175 
2 11 88 37 55 86 29 
77 51 95 17 15 95 571 
15 49 31 16 74 93 152 
32 39 67 20 68 93 661 
3 13 61 60 26 79 523 
39 97 74 4 90 79 188 
40 64 26 49 15 100 355 
22 18 84 89 27 5 574 
74 23 19 89 96 24 599 
40 36 59 91 18 8 624 
55 59 14 86 16 98 749 
77 42 73 54 95 40 663 
96 79 73 101 76 96 528 
76 58 17 96 56 51 815 
30 69 59 100 94 69 549 
61 72 6 13 9 81 789 
83 48 37 3 87 94 359 
58 88 93 44 14 14 645 
3 99 91 62 48 94 389 
75 16 57 3 73 16 286 
9 69 90 69 17 70 761 
12 82 96 71 59 58 586 
83 69 58 82 57 90 476 
76 17 53 63 89 51 60 
34 82 102 16 80 11 402 
21 5 77 99 46 88 744 
19 97 92 91 38 78 755 
49 101 23 17 28 79 275 
55 38 8 31 21 88 640 
2 96 57 81 49 25 509 
65 83 85 13 4 69 466 
21 63 74 53 75 17 689 
83 81 101 54 34 18 537 
69 71 70 27 102 15 135 
4 37 12 91 55 32 684 
19 40 6 26 12 79 277 
77 36 80 47 74 96 156 
17 58 29 17 9 99 789 
15 17 88 5 56 43 144 
28 65 64 22 86 3 523 
42 96 31 25 41 34 746 
37 92 82 30 21 99 704 
81 85 76 48 36 89 39 
25 21 23 57 38 18 405 
73 18 27 89 95 57 612 
64 100 94 70 67 7 634 
27 8 76 38 45 33 384 
82 90 76 53 16 61 144 
78 10 70 5 18 44 525 
77 57 43 28 45 13 140 
87 84 80 71 84 29 802 
15 49 22 95 87 5 744 
29 53 38 82 97 60 703 
92 26 67 51 65 15 409 
52 35 12 3 22 32 772 
9 98 84 34 34 21 513 
63 50 12 32 41 75 389 
6 7 48 49 56 33 777 
59 15 22 20 16 50 512 
15 11 94 67 75 99 169 
57 56 50 65 40 25 235 
78 57 21 26 42 4 377 
31 66 55 68 101 101 405 
85 64 16 21 73 2 393 
41 20 67 69 78 29 407 
52 100 86 17 10 69 660 
60 3 96 75 48 19 690 
47 41 101 76 99 73 582 
94 36 46 70 25 83 308 
39 56 60 66 77 98 641 
68 71 53 94 35 71 212 
64 22 48 27 85 65 764 
81 68 95 81 58 80 476 
66 42 50 86 88 45 167 
49 38 11 72 22 8 643 
72 50 84 66 4 47 249 
17 101 45 42 19 46 478 
90 67 87 21 20 22 24 
31 5 9 49 27 8 120 
85 38 57 65 59 17 75 
20 13 17 56 35 30 400 
44 7 46 71 101 64 487 
74 26 53 4 88 78 334 
48 77 20 79 42 18 259 
64 90 79 62 31 52 571 
56 72 68 87 94 56 714 
99 65 80 28 46 57 94 
14 6 63 73 41 70 588 
38 99 79 95 14 19 648 
19 70 11 72 14 92 151 
56 87 20 95 24 55 394 
14 42 53 98 63 22 411 
86 18 90 92 83 100 143 
75 91 94 82 38 10 654 
97 71 58 34 67 95 471 
20 45 80 18 17 26 201 
59 28 99 53 99 31 272 
53 23 82 33 94 3 662 
98 28 15 88 47 70 135 
73 97 67 97 29 95 537 
75 12 76 69 76 95 134 
66 97 31 41 81 49 361 
50 78 3 76 94 79 184 
19 67 32 72 58 10 701 
32 34 58 72 38 69 638 
13 8 66 20 10 67 267 
33 86 49 68 23 74 192 
21 66 24 37 18 45 460 
47 46 99 20 87 32 272 
64 76 72 45 81 68 305 
72 39 58 86 14 92 697 
83 86 6 37 38 65 94 
71 36 36 22 26 24 534 
64 69 101 26 36 101 567 
12 79 26 44 8 88 398 
29 68 53 6 56 73 523 
62 95 86 51 70 24 762 
42 38 24 57 46 74 73 
72 59 62 79 92 18 582 
9 82 95 32 78 65 343 
70 85 18 72 53 3 16 
76 18 77 69 79 78 573 
43 3 88 64 16 42 467 
11 93 29 65 57 95 434 
15 93 21 93 61 53 584 
55 8 87 95 73 9 783 
43 87 13 15 42 3 539 
80 9 69 64 25 87 487 
94 91 9 98 10 51 492 
27 58 77 20 27 101 720 
98 3 71 45 35 63 551 
8 18 52 17 94 89 287 
86 54 31 39 69 14 500 
19 80 99 64 60 38 136 
32 38 97 17 4 80 677 
8 100 21 92 26 94 703 
75 59 84 19 64 27 334 
6 48 83 60 89 29 644 
25 75 83 76 27 53 621 
82 57 101 91 11 54 640 
56 12 49 45 22 77 355 
23 17 48 99 13 78 207 
92 16 59 18 53 6 673 
27 40 17 100 43 12 758 
4 84 29 54 75 64 416 
38 37 17 69 54 38 24 
60 38 80 17 77 53 741 
43 44 75 61 50 98 232 
74 33 47 81 67 52 150 
35 20 47 40 15 76 437 
81 44 51 101 71 82 553 
4 40 85 68 61 4 501 
42 56 96 27 69 25 521 
5 72 90 89 87 87 202 
20 35 79 64 79 39 507 
2 26 62 82 18 63 573 
95 63 15 8 50 59 761 
66 53 15 49 54 92 619 
74 63 14 85 97 45 690 
7 8 5 85 67 101 326 
32 36 47 52 64 96 82 
11 77 83 39 30 33 437 
84 67 18 27 50 88 232 
65 50 98 23 19 88 721 
57 12 25 86 60 55 282 
19 69 98 92 98 68 514 
89 33 49 70 14 33 193 
44 90 60 19 15 14 544 
88 51 32 47 10 23 439 
67 60 55 72 80 21 526 
99 22 37 54 22 67 624 
20 51 55 8 57 67 113 
24 68 69 47 44 70 260 
20 69 47 90 46 11 180 
75 96 100 36 14 61 363 
70 25 67 94 48 92 555 
102 78 41 55 59 42 348 
94 88 27 38 53 35 646 
55 92 66 78 58 57 367 
58 58 74 44 8 71 444 
45 3 54 98 80 66 152 
92 8 37 90 71 81 659 
9 74 100 63 28 67 124 
34 4 19 92 38 25 359 
23 69 13 53 73 90 400 
87 75 42 76 71 63 512 
86 31 90 89 77 66 398 
86 75 83 82 6 41 89 
102 38 8 44 43 77 570 
41 26 39 101 93 34 181 
101 60 89 59 7 54 397 
75 31 6 63 61 97 302 
96 32 73 68 51 40 698 
40 37 34 30 88 95 371 
8 53 90 86 35 29 691 
17 96 24 102 89 64 221 
9 4 83 84 81 35 365 
96 68 34 45 95 38 502 
25 58 31 21 61 5 549 
80 18 79 28 71 54 641 
38 51 69 64 78 61 251 
35 52 49 9 62 3 97 
86 57 43 41 92 25 752 
40 95 83 30 61 62 237 
88 7 57 13 83 68 477 
19 68 83 19 80 33 741 
8 84 14 102 4 58 765 
62 38 89 80 31 88 794 
58 88 36 19 101 4 380 
48 93 98 81 37 55 549 
92 62 24 14 95 3 268 
13 71 30 59 6 37 212 
71 70 34 54 82 63 499 
82 49 2 81 31 46 490 
93 18 22 70 4 28 576 
77 68 68 38 87 67 372 
19 8 62 96 69 23 625 
25 66 29 57 94 8 87 
15 23 35 66 59 75 158 
55 10 91 4 11 57 765 
5 68 18 97 99 18 510 
43 42 87 64 26 85 557 
55 95 15 12 22 62 508 
46 35 75 30 94 28 526 
100 74 95 60 67 85 170 
99 14 62 97 93 50 586 
84 51 3 36 91 53 4 
17 78 94 90 97 34 477 
35 45 69 7 91 100 356 
70 94 6 60 3 50 451 
84 55 17 32 14 92 511 
86 74 96 4 77 66 680 
98 3 72 72 53 64 523 
71 95 93 3 52 30 110 
59 99 77 91 5 47 271 
24 79 61 85 43 98 401 
73 74 4 16 36 62 591 
93 37 90 52 87 93 107 
62 26 31 64 64 51 228 
77 21 16 74 21 52 600 
26 13 89 12 68 17 794 
23 90 89 18 70 43 533 
64 89 41 20 56 22 509 
55 32 23 81 49 23 789 
55 90 44 17 12 101 553 
26 3 42 21 78 18 324 
38 44 48 96 10 65 107 
34 77 56 67 32 13 578 
83 68 33 22 96 3 550 
102 47 3 60 44 100 309 
88 101 101 80 6 25 142 
90 77 87 40 61 86 178 
15 90 52 82 90 99 353 
37 11 102 85 17 74 294 
99 47 38 68 67 77 371 
78 57 89 28 90 56 755 
93 48 83 37 19 48 706 
58 53 80 56 3 97 418 
93 101 97 91 53 83 748 
32 51 74 96 11 78 309 
35 65 56 101 45 53 365 
64 20 50 100 28 51 330 
96 60 14 66 83 96 694 
58 95 38 40 74 3 494 
100 11 43 10 71 51 189 
90 26 57 59 46 9 232 
83 49 93 26 34 53 297 
92 62 31 30 84 55 636 
72 20 63 73 52 86 530 
11 9 92 59 3 19 48 
37 59 9 38 90 59 609 
47 47 16 42 51 26 60 
51 14 82 89 98 47 151 
7 96 88 96 24 65 585 
42 3 69 33 36 33 455 
5 24 94 96 98 5 202 
