2 8
300
8 85 39 
69 16 991 
18 18 47 
67 85 772 
11 55 1346 
55 22 1175 
5 51 33 
62 47 901 
73 10 79 
76 64 466 
79 95 1219 
34 70 1584 
26 73 251 
84 93 743 
2 54 1083 
51 55 1608 
57 12 101 
44 73 1402 
87 48 615 
49 98 95 
58 44 882 
76 90 1461 
75 79 1388 
87 30 797 
59 23 948 
58 62 1514 
91 24 902 
8 21 845 
24 37 360 
91 49 368 
61 79 1230 
12 28 799 
93 28 1050 
79 78 1232 
16 72 1334 
59 87 824 
30 30 1405 
47 60 1202 
53 52 390 
4 54 871 
70 86 488 
65 28 836 
75 49 1546 
11 67 555 
30 14 744 
82 95 802 
72 67 804 
74 63 315 
38 17 309 
4 61 1246 
27 91 1207 
13 11 1511 
48 53 714 
33 86 626 
58 21 1032 
54 18 757 
30 73 932 
77 34 1419 
6 98 375 
13 28 187 
34 74 1439 
20 86 1238 
62 19 46 
55 36 682 
7 41 1325 
13 18 691 
58 86 1601 
75 76 1440 
21 52 930 
89 9 218 
72 37 405 
34 100 201 
52 39 566 
89 94 1616 
46 77 599 
17 71 1514 
8 95 1309 
83 57 687 
15 62 1599 
102 101 553 
21 75 175 
91 85 1618 
19 75 675 
71 63 1283 
10 71 1502 
101 31 1610 
54 6 1321 
66 83 224 
35 91 1312 
85 21 628 
16 52 624 
3 70 315 
90 56 1498 
39 100 1574 
53 39 531 
4 75 1404 
52 16 506 
101 50 1552 
55 57 1496 
99 58 1539 
21 36 880 
5 57 175 
42 9 4 
75 13 1220 
9 16 94 
86 15 727 
83 34 263 
96 35 83 
9 17 31 
45 50 226 
30 93 1596 
99 21 1046 
45 51 1340 
24 63 1079 
88 79 60 
58 95 561 
91 70 688 
49 18 407 
80 26 27 
51 97 650 
11 99 965 
88 47 314 
79 11 1557 
44 44 1045 
64 61 1149 
52 10 907 
3 53 368 
70 56 1296 
74 82 1236 
75 21 1539 
65 96 871 
44 15 1042 
9 101 522 
86 81 1357 
41 50 435 
80 87 922 
56 30 261 
48 49 720 
19 43 714 
82 17 1061 
45 6 1471 
3 81 788 
13 22 757 
9 45 149 
26 19 1175 
41 31 96 
55 96 1560 
21 20 1483 
80 19 755 
11 27 1171 
22 29 1383 
69 43 1230 
95 40 1124 
80 69 1057 
12 50 1395 
9 24 499 
74 80 208 
40 29 348 
71 26 1396 
101 25 1021 
4 3 1551 
77 88 255 
26 59 1242 
99 48 1482 
39 77 427 
33 11 1152 
7 74 1537 
18 39 768 
61 84 11 
65 100 274 
92 96 250 
8 78 1078 
72 37 1003 
72 85 1072 
56 77 520 
24 3 854 
97 41 248 
17 96 835 
70 88 1049 
50 18 72 
17 63 965 
61 9 859 
78 33 1605 
62 63 1203 
11 37 1450 
31 63 1009 
17 39 1325 
50 70 964 
4 77 1628 
66 40 1467 
4 24 327 
59 57 359 
9 97 1120 
81 48 1149 
56 37 1265 
43 8 957 
64 42 410 
4 35 1278 
25 69 1509 
2 60 522 
55 14 1512 
10 60 643 
56 54 1314 
69 24 1083 
95 38 1486 
13 96 544 
84 62 1129 
43 4 1603 
67 101 1452 
44 36 1440 
31 8 609 
39 28 567 
80 47 1254 
40 90 878 
80 97 292 
61 11 1580 
89 14 1181 
61 21 1593 
65 14 161 
96 46 962 
52 14 296 
94 40 255 
31 59 159 
58 35 800 
58 45 1183 
17 65 108 
82 8 1471 
94 56 355 
18 72 1435 
42 76 241 
27 85 32 
20 90 1236 
38 88 944 
4 32 862 
89 33 1294 
25 5 1228 
27 49 794 
5 16 613 
71 60 940 
98 78 1099 
30 91 1348 
97 33 813 
49 40 908 
99 82 1261 
51 80 1250 
39 7 387 
44 94 1101 
15 16 435 
68 24 1133 
66 51 483 
20 41 155 
92 77 656 
72 94 1624 
31 78 1051 
22 30 1105 
73 57 586 
63 33 869 
36 56 1371 
102 17 1225 
58 31 159 
82 85 1459 
28 81 660 
70 60 58 
38 69 212 
26 15 266 
5 95 1405 
61 97 1098 
36 5 290 
78 86 1393 
27 93 977 
67 16 1032 
92 51 1526 
77 96 813 
29 5 1571 
34 27 1049 
42 12 671 
70 99 357 
91 99 559 
44 49 1296 
74 52 1541 
57 44 1105 
46 73 868 
52 36 1044 
25 30 1625 
38 34 1490 
73 3 1288 
55 38 1214 
46 60 1531 
40 78 277 
31 49 37 
16 5 716 
57 74 997 
31 91 870 
13 93 1233 
79 47 1122 
24 55 1072 
45 73 747 
2 20 225 
22 13 1384 
76 8 1552 
