4 2
300
11 7 44 13 152 
100 45 22 62 174 
91 16 15 101 210 
51 96 80 21 384 
87 30 68 11 101 
31 47 99 57 385 
38 85 93 74 153 
84 85 19 42 365 
102 74 20 19 362 
64 12 66 9 189 
94 51 73 40 264 
83 41 36 88 33 
55 48 68 68 28 
8 25 42 64 284 
68 79 40 32 384 
16 12 51 22 254 
21 83 92 11 12 
89 13 55 9 232 
45 51 33 34 151 
56 8 54 12 336 
41 72 4 40 327 
17 13 44 45 208 
73 92 15 26 362 
74 58 59 66 81 
97 72 35 7 111 
19 48 8 95 167 
10 60 41 40 96 
51 80 55 31 359 
78 72 12 59 350 
55 38 9 45 264 
100 51 91 93 355 
71 39 99 13 260 
70 8 51 5 177 
15 53 77 3 162 
96 5 30 78 180 
28 62 78 22 302 
83 41 64 30 176 
61 71 50 53 220 
15 83 44 67 81 
72 23 9 16 296 
4 63 8 6 289 
96 23 15 49 251 
12 62 79 39 338 
31 45 22 62 345 
46 4 26 49 111 
15 63 65 58 301 
7 54 65 49 293 
22 36 60 60 198 
39 58 3 92 180 
54 6 7 84 369 
29 3 49 31 116 
102 38 60 79 237 
35 61 58 75 231 
59 100 32 67 258 
97 87 64 14 194 
90 3 37 5 306 
11 58 82 68 194 
6 7 35 21 294 
86 77 83 102 64 
81 102 30 35 354 
56 76 42 22 388 
43 40 38 84 164 
101 4 57 4 201 
79 80 93 28 215 
54 66 13 95 324 
22 6 65 98 280 
90 75 3 19 86 
37 19 63 73 26 
68 72 53 81 297 
84 23 81 53 158 
2 11 4 83 143 
92 65 49 42 308 
39 78 41 15 212 
28 2 40 84 59 
62 20 22 22 355 
84 15 33 23 396 
101 27 14 60 280 
81 73 23 84 128 
74 72 22 97 280 
92 32 40 30 190 
84 85 99 39 320 
84 92 84 96 215 
79 34 28 45 311 
14 66 83 47 298 
58 81 58 53 173 
92 99 26 54 395 
54 77 5 76 63 
19 30 77 82 351 
91 91 29 32 222 
42 46 79 21 232 
28 51 95 57 370 
5 29 49 97 359 
87 67 32 99 4 
4 31 54 30 243 
86 90 4 61 342 
69 54 28 98 11 
48 22 7 97 288 
5 84 51 86 52 
92 84 83 94 6 
26 61 32 31 216 
13 94 51 62 297 
40 49 36 73 99 
52 2 52 95 172 
67 62 37 29 399 
21 82 70 18 283 
4 10 12 60 244 
10 25 99 46 370 
56 72 47 24 133 
57 50 79 62 254 
92 33 90 52 148 
66 26 5 33 137 
34 27 36 93 288 
33 39 78 13 67 
30 5 8 4 359 
97 17 14 97 175 
73 4 10 56 324 
73 22 62 24 391 
86 21 68 12 242 
31 39 56 54 8 
20 75 68 46 141 
89 27 88 64 170 
51 14 11 91 255 
31 19 82 13 407 
13 79 56 18 134 
11 39 98 45 240 
60 63 62 95 102 
100 38 66 21 376 
48 36 100 83 193 
74 13 79 50 124 
15 58 45 54 370 
43 21 52 13 106 
52 31 45 5 340 
90 53 18 66 262 
95 55 63 21 222 
79 80 75 70 249 
100 61 50 15 188 
4 20 10 4 341 
82 88 55 96 172 
18 92 97 99 242 
22 97 15 86 153 
62 98 26 100 56 
65 47 84 53 114 
93 84 32 59 334 
72 45 16 83 344 
9 102 69 79 156 
89 85 78 11 166 
5 48 66 78 350 
8 96 12 91 87 
36 6 4 68 208 
37 62 40 18 362 
79 83 35 102 126 
62 31 48 62 110 
81 71 75 12 102 
47 20 57 74 310 
79 35 27 62 205 
5 100 3 29 15 
29 47 62 23 260 
24 15 66 47 105 
79 49 52 64 170 
67 34 94 44 26 
19 7 68 42 51 
46 59 75 52 115 
65 30 22 59 407 
36 11 54 49 13 
34 56 11 48 402 
31 86 64 20 348 
73 8 61 23 353 
23 81 23 10 82 
67 42 16 19 257 
51 30 95 65 32 
58 82 47 41 303 
65 98 22 43 339 
62 96 57 67 233 
59 71 101 73 319 
57 91 46 29 155 
94 41 94 86 202 
3 93 102 13 122 
93 62 22 49 97 
28 62 81 27 244 
73 87 52 63 26 
82 31 24 86 216 
69 38 20 3 336 
26 6 38 94 333 
71 97 46 37 267 
98 50 54 49 216 
97 11 20 69 273 
8 92 33 80 282 
75 71 17 60 255 
58 44 21 66 407 
24 26 89 46 369 
78 44 17 97 42 
34 78 77 34 237 
60 20 53 37 311 
36 75 60 25 38 
2 81 88 75 41 
56 31 90 49 128 
73 24 77 79 369 
67 77 38 70 152 
98 96 85 2 21 
40 93 87 90 269 
51 68 67 37 367 
99 58 44 88 227 
5 91 29 3 356 
38 45 76 46 49 
61 39 92 88 53 
8 98 87 70 293 
66 47 102 84 335 
7 59 42 89 381 
11 35 52 14 141 
10 69 85 15 280 
97 18 42 79 29 
14 78 81 24 341 
3 73 76 16 376 
60 91 48 21 337 
81 5 90 53 14 
29 88 80 54 21 
42 15 74 101 313 
49 6 25 77 284 
31 81 20 5 376 
40 60 38 22 311 
21 23 66 32 366 
94 31 91 76 326 
28 101 29 20 179 
90 100 77 39 184 
56 68 73 51 221 
2 88 86 61 267 
70 52 59 78 350 
21 51 44 12 345 
21 17 51 97 178 
32 54 102 62 19 
41 86 101 78 93 
55 52 17 78 365 
9 46 33 11 49 
78 44 53 34 101 
41 58 67 55 108 
41 19 77 8 99 
51 88 26 56 106 
87 53 83 55 136 
71 37 68 22 319 
76 86 42 86 274 
91 3 70 37 268 
85 21 48 52 341 
38 76 11 55 168 
23 22 78 85 112 
27 62 100 101 225 
6 93 47 77 213 
57 79 94 41 145 
50 19 91 91 175 
68 7 34 72 397 
97 28 15 81 234 
56 10 59 59 171 
30 5 71 82 252 
94 76 73 100 120 
61 85 72 19 380 
6 33 89 42 251 
22 31 30 3 246 
80 80 67 20 398 
49 22 37 99 30 
47 50 10 29 205 
94 36 36 43 159 
14 58 98 88 219 
25 22 19 97 88 
102 77 70 22 342 
17 11 55 2 336 
41 50 74 13 198 
58 25 62 92 285 
88 97 89 65 197 
23 84 81 66 304 
28 5 42 78 31 
72 82 90 45 145 
85 83 36 60 406 
67 86 87 40 399 
3 62 29 28 143 
7 90 7 74 255 
35 32 91 28 230 
38 10 98 5 321 
78 36 19 57 354 
7 63 31 65 341 
39 99 43 69 301 
68 78 16 43 11 
83 76 18 83 12 
55 94 10 4 258 
59 90 84 61 92 
68 45 74 41 121 
46 62 44 91 103 
38 90 24 54 369 
62 96 57 3 396 
3 21 38 55 138 
15 55 28 2 111 
52 17 84 46 32 
25 7 76 14 239 
24 34 29 58 273 
67 72 58 14 13 
64 35 83 64 86 
50 9 21 8 68 
93 35 44 64 308 
23 8 80 47 277 
58 22 45 45 308 
71 94 82 88 280 
45 99 16 100 265 
