6 2
300
65 41 21 16 39 18 383 
35 29 81 81 39 24 313 
10 14 30 17 43 43 203 
66 25 39 7 3 48 381 
39 71 68 64 13 9 112 
24 34 30 54 65 34 239 
84 2 72 46 95 53 243 
75 2 48 63 11 92 401 
19 84 11 38 72 2 391 
60 15 20 28 17 52 353 
82 2 66 81 11 93 337 
24 69 63 10 97 36 260 
70 23 2 4 19 31 22 
52 20 18 94 34 64 99 
90 54 19 79 3 75 379 
2 84 85 102 100 18 386 
17 50 30 77 68 34 365 
94 19 26 100 23 84 124 
84 50 88 79 31 61 143 
17 46 33 96 63 73 279 
41 20 5 21 15 12 146 
72 90 20 67 32 36 391 
37 95 81 82 93 65 76 
37 98 24 72 59 62 407 
7 99 83 7 63 23 218 
102 24 82 10 73 97 51 
61 71 14 101 26 41 326 
53 54 16 72 10 52 19 
23 82 51 58 53 38 267 
93 39 62 71 15 45 145 
73 102 75 22 70 8 307 
30 12 73 34 23 22 221 
47 69 37 55 73 51 321 
43 32 53 23 61 49 279 
34 54 32 13 98 47 324 
54 43 52 42 46 31 382 
72 80 26 32 18 13 189 
72 28 17 44 96 59 123 
71 23 101 11 61 9 391 
61 43 23 27 77 77 379 
28 86 15 29 22 87 292 
54 30 93 46 37 24 253 
28 17 72 5 90 52 339 
22 53 33 86 24 100 49 
39 5 7 42 39 55 183 
43 4 16 76 74 60 72 
96 10 67 26 87 36 134 
28 53 24 90 27 12 25 
35 84 45 100 89 62 61 
27 88 5 100 71 19 347 
15 57 31 18 93 68 109 
45 68 62 39 66 81 47 
53 86 55 14 46 41 36 
21 73 77 87 100 5 280 
25 64 28 18 19 50 58 
98 95 73 36 46 81 367 
19 85 63 25 83 5 301 
4 53 89 27 80 79 380 
86 56 33 95 65 60 85 
6 36 23 49 34 99 226 
93 83 80 102 61 21 12 
90 17 64 20 101 97 85 
13 41 93 40 73 23 51 
41 42 43 83 24 71 56 
50 41 78 51 8 20 47 
72 11 28 21 60 93 391 
41 71 77 66 65 102 378 
97 33 11 63 79 45 213 
43 39 21 40 51 91 164 
77 88 70 95 78 11 169 
33 67 21 15 32 18 408 
73 68 19 61 71 23 217 
11 69 91 31 77 61 120 
73 9 83 11 3 58 261 
85 9 73 88 93 53 265 
68 92 50 49 29 54 285 
73 4 81 82 70 89 271 
22 82 66 3 52 14 242 
61 40 6 30 62 38 361 
61 48 74 81 71 90 178 
79 43 84 50 9 62 3 
6 4 31 35 71 99 257 
29 8 87 42 41 8 30 
54 45 21 68 18 83 50 
58 9 3 101 101 25 177 
41 85 55 45 55 61 223 
38 77 97 93 41 28 134 
42 89 40 32 84 38 103 
100 65 84 93 80 91 195 
97 30 36 72 76 22 361 
26 34 99 89 49 54 66 
70 25 77 79 57 81 70 
22 65 71 18 89 20 167 
21 73 54 76 72 9 168 
49 64 23 66 8 46 68 
57 43 45 37 86 11 123 
42 9 16 25 11 33 307 
67 67 56 90 3 50 19 
63 47 15 79 47 77 86 
64 56 15 51 37 2 268 
24 28 83 5 11 13 325 
66 40 53 63 78 68 338 
99 69 79 7 98 14 380 
98 32 61 40 36 11 320 
54 3 75 76 33 12 174 
40 75 87 94 39 27 396 
9 64 18 71 11 40 264 
89 38 47 41 90 74 110 
98 24 66 77 4 3 50 
39 80 89 48 58 42 241 
96 94 15 62 89 98 361 
71 45 71 27 73 16 266 
68 31 37 44 39 18 174 
53 23 18 37 25 87 288 
86 31 26 55 99 8 383 
46 34 81 3 78 40 113 
81 97 53 33 90 49 291 
51 54 5 21 27 18 175 
73 98 27 66 13 20 347 
16 47 73 76 10 73 89 
99 58 43 63 79 17 293 
28 68 6 38 41 101 143 
79 22 36 75 91 53 298 
38 56 39 68 22 44 268 
52 81 59 82 78 52 215 
98 64 60 49 4 73 187 
33 23 30 74 21 52 151 
27 39 3 20 22 51 250 
4 6 97 59 74 8 310 
88 49 58 65 51 84 333 
60 78 28 90 82 29 22 
35 11 96 4 94 31 103 
44 58 63 58 3 93 383 
60 65 92 31 67 72 181 
76 74 11 71 70 57 274 
63 77 33 41 23 58 281 
97 3 57 82 79 53 182 
93 97 9 51 93 90 407 
15 38 61 18 59 63 242 
39 87 34 26 75 60 330 
83 33 19 81 37 27 259 
64 37 51 89 21 102 340 
79 4 23 79 70 69 199 
42 74 26 66 97 12 237 
18 25 58 6 95 66 42 
66 92 71 58 64 38 205 
3 12 30 40 63 78 246 
84 14 49 8 93 34 170 
61 95 17 42 17 8 190 
14 95 85 28 38 75 54 
14 54 24 7 33 101 159 
64 97 28 36 36 100 139 
13 11 101 4 33 71 24 
99 56 17 49 33 6 364 
19 47 15 27 5 50 288 
62 28 2 62 36 5 397 
100 92 8 83 10 14 5 
86 87 25 7 7 9 63 
100 8 60 2 97 52 182 
52 15 12 33 52 65 209 
85 100 45 100 68 10 405 
66 12 67 25 93 90 138 
63 91 22 100 42 57 254 
21 44 61 41 55 55 196 
79 98 52 60 51 52 5 
88 83 9 41 101 18 140 
98 95 80 5 63 13 365 
26 92 36 12 10 91 261 
59 85 61 15 57 54 357 
15 17 67 44 41 35 304 
10 15 61 43 42 30 95 
51 84 38 94 44 60 216 
8 18 50 43 63 39 122 
99 50 28 46 66 49 339 
79 15 63 24 80 17 65 
79 76 71 71 63 43 33 
4 25 23 15 95 37 30 
101 19 3 80 98 47 48 
66 36 99 77 83 42 292 
71 77 72 66 45 39 121 
44 81 74 102 98 24 390 
27 6 34 73 14 78 321 
98 62 46 84 72 6 54 
43 75 95 82 3 38 134 
51 54 51 52 100 80 232 
40 31 81 102 25 18 161 
31 67 6 71 66 95 299 
17 28 84 75 35 19 8 
8 81 22 97 87 65 312 
55 85 23 16 100 24 238 
33 67 84 49 91 76 49 
10 91 12 39 45 61 139 
28 69 79 67 63 57 129 
52 61 7 40 55 65 312 
84 85 57 67 73 17 345 
62 101 29 46 45 92 403 
92 12 60 44 6 45 111 
18 47 52 39 69 29 329 
9 80 11 38 13 37 106 
8 57 74 74 46 51 269 
69 52 23 20 67 35 245 
51 49 98 51 22 52 269 
41 7 30 7 90 6 219 
24 20 10 34 57 75 344 
57 89 72 62 95 63 201 
97 31 21 3 96 23 238 
33 15 89 93 88 62 275 
52 45 69 58 48 14 187 
34 14 88 12 62 78 383 
62 28 91 29 91 19 181 
78 11 5 96 85 97 370 
6 23 43 71 15 19 23 
45 5 6 50 51 6 255 
19 35 93 37 47 66 290 
90 100 66 99 45 25 300 
36 66 64 65 19 57 116 
93 48 43 49 61 91 71 
25 87 81 42 15 84 245 
78 14 61 40 33 22 69 
25 78 74 72 96 34 37 
41 44 87 34 51 36 104 
89 52 90 89 78 56 266 
15 88 59 32 43 16 238 
54 4 27 88 37 14 281 
71 71 79 67 59 10 344 
46 95 10 66 49 37 364 
64 73 53 58 68 53 42 
93 17 41 54 20 52 353 
41 63 48 16 25 58 76 
84 13 24 21 48 83 282 
94 51 68 96 81 71 369 
33 76 32 71 62 61 320 
56 40 14 41 60 100 20 
35 64 53 27 80 73 327 
62 31 39 22 73 43 402 
68 75 61 41 83 98 35 
89 18 46 64 100 42 116 
76 12 82 90 85 67 244 
90 17 71 3 100 13 291 
46 95 52 91 20 82 360 
66 56 101 79 4 98 187 
47 8 64 83 33 54 353 
21 59 34 90 78 41 319 
60 92 40 85 88 39 175 
25 97 75 82 62 42 40 
58 83 13 83 71 16 174 
11 9 22 69 61 87 105 
39 20 3 44 43 12 27 
66 63 95 18 61 5 94 
13 91 3 73 14 79 257 
78 22 9 10 27 38 201 
85 20 18 29 54 19 351 
79 74 40 21 32 5 377 
22 20 67 11 13 22 398 
19 21 98 49 10 65 249 
99 96 36 18 76 59 331 
45 79 91 9 87 39 142 
20 65 54 84 76 72 231 
4 44 100 16 18 53 270 
101 22 82 47 57 27 325 
80 5 5 57 48 13 313 
43 77 5 28 85 65 406 
58 46 66 36 94 7 388 
54 38 4 60 8 17 180 
59 11 64 33 13 57 164 
62 51 29 29 61 82 251 
69 98 90 35 90 68 179 
79 18 12 64 23 86 108 
69 3 99 43 98 35 344 
69 42 97 74 10 62 390 
97 40 9 35 27 36 346 
43 16 27 19 51 2 326 
95 54 70 93 73 16 378 
50 32 89 65 49 79 4 
57 95 63 82 9 50 336 
81 6 31 98 52 43 111 
88 74 25 50 34 6 302 
91 29 83 39 48 5 190 
10 22 73 80 59 86 348 
24 66 39 44 54 100 59 
50 41 97 22 74 68 253 
60 65 17 17 74 29 273 
68 82 45 63 47 38 290 
86 60 20 95 59 44 265 
9 89 7 82 9 62 166 
90 88 19 76 39 86 204 
59 58 65 87 60 21 228 
86 95 84 10 64 45 264 
83 79 29 17 26 99 208 
78 12 36 68 69 28 318 
97 28 89 10 54 23 110 
5 57 11 102 25 11 98 
95 26 74 47 19 78 32 
11 92 61 15 89 101 329 
48 31 21 93 94 80 363 
69 97 2 12 24 40 318 
24 20 17 3 90 29 340 
88 64 23 52 52 72 351 
39 30 97 66 24 48 232 
28 92 11 33 33 37 108 
