2 8
300
75 28 57 
53 3 463 
59 69 242 
66 19 217 
49 23 1448 
79 41 29 
89 76 789 
32 76 1303 
70 24 888 
18 22 492 
11 47 108 
11 5 846 
65 47 1539 
39 50 1226 
11 65 395 
65 93 1276 
81 8 737 
25 89 1055 
67 45 841 
26 85 1283 
76 44 760 
87 57 1174 
9 40 299 
39 16 1534 
9 52 424 
75 22 181 
58 7 513 
78 39 239 
87 89 947 
44 45 983 
2 42 1017 
18 65 110 
31 27 138 
54 58 871 
62 44 1494 
53 17 615 
41 94 366 
43 70 1275 
49 100 78 
34 102 1120 
16 67 1541 
60 39 1214 
34 94 1410 
21 47 1563 
5 5 798 
80 18 1556 
25 36 1162 
22 5 836 
40 62 1171 
86 70 1073 
4 99 412 
42 40 1489 
61 4 86 
19 21 389 
53 21 778 
29 40 1052 
31 71 1331 
11 11 1072 
99 95 1007 
45 22 1254 
5 49 379 
23 19 785 
73 65 1065 
60 21 235 
92 8 238 
49 71 1367 
6 13 359 
9 57 1621 
86 95 1430 
61 44 732 
32 18 1334 
30 17 1175 
3 33 37 
102 58 1225 
101 74 817 
69 21 53 
53 52 398 
80 42 148 
57 97 1510 
26 39 405 
62 13 337 
22 30 59 
35 64 1491 
45 49 633 
84 6 903 
49 10 1360 
51 19 1198 
86 10 1506 
23 54 1239 
75 76 315 
81 79 1534 
79 41 732 
56 81 713 
49 37 939 
14 11 54 
88 98 585 
56 10 1424 
11 76 321 
53 78 49 
30 102 1247 
30 62 1440 
74 65 1144 
47 6 1059 
12 94 480 
42 5 1344 
18 75 1627 
91 37 904 
42 21 1071 
34 72 40 
76 28 1031 
44 28 1287 
69 21 1220 
71 42 744 
35 43 1505 
73 45 254 
60 72 1169 
39 37 58 
5 41 1062 
23 89 669 
25 42 1516 
70 72 1274 
4 71 1084 
52 74 1370 
10 49 538 
56 58 1534 
65 71 1237 
52 76 12 
33 39 1480 
62 41 1417 
16 48 515 
36 49 1625 
55 67 1154 
16 71 1219 
51 9 1587 
90 32 1448 
72 51 1362 
73 60 300 
67 75 1079 
94 39 540 
89 44 488 
82 39 427 
54 76 5 
35 4 1475 
25 51 1631 
3 3 1088 
5 45 127 
4 91 1465 
5 45 1443 
15 71 1206 
36 62 466 
40 29 446 
47 72 1157 
73 37 910 
91 39 776 
95 50 146 
20 66 1170 
101 91 1533 
27 87 863 
42 78 1531 
40 41 86 
28 102 673 
64 88 363 
75 58 515 
98 34 130 
54 15 850 
44 12 1553 
82 97 78 
4 36 1166 
37 14 679 
76 7 1522 
79 36 1565 
53 64 611 
8 33 1013 
89 48 130 
42 6 927 
88 75 1173 
3 100 1077 
101 60 727 
3 26 1073 
72 29 1196 
83 100 839 
40 21 1609 
14 3 838 
17 38 1292 
35 95 804 
99 64 499 
17 51 640 
72 76 117 
29 80 1233 
53 52 624 
74 39 64 
91 8 772 
59 4 1386 
60 76 1173 
23 88 1010 
89 67 1065 
97 6 1012 
37 57 1287 
36 13 405 
46 13 659 
25 63 841 
15 45 1623 
77 46 1417 
4 42 981 
48 58 1216 
69 51 1428 
47 43 213 
12 58 755 
78 38 1328 
27 57 1551 
25 14 1488 
47 37 221 
22 9 705 
64 13 347 
80 95 1038 
4 92 1611 
6 69 1011 
39 101 1147 
29 15 75 
7 39 108 
20 52 1464 
94 81 458 
71 3 348 
63 49 681 
46 85 477 
94 34 1025 
85 76 767 
85 23 1434 
35 87 217 
23 19 368 
11 17 1151 
39 46 996 
33 89 229 
38 35 1445 
79 45 326 
22 95 266 
43 38 1318 
44 25 1023 
62 37 489 
4 61 1536 
17 50 1369 
101 54 522 
73 10 631 
70 62 743 
51 49 675 
60 7 1260 
70 15 1509 
99 82 1332 
44 69 1510 
10 79 146 
33 32 457 
22 23 1387 
7 81 1490 
90 51 1388 
80 75 1229 
37 95 1232 
23 3 495 
55 36 747 
4 20 1114 
4 59 1385 
41 65 504 
32 39 502 
20 31 431 
58 56 434 
88 82 1043 
9 21 114 
8 8 1214 
19 88 1238 
81 80 1563 
84 20 53 
19 4 355 
8 51 1400 
56 50 585 
47 20 1042 
51 67 776 
6 69 880 
84 96 1603 
63 98 826 
13 24 1255 
57 53 961 
37 37 180 
25 42 838 
7 81 514 
80 55 1171 
73 64 1448 
13 70 350 
30 77 188 
44 2 391 
7 57 108 
73 98 430 
11 101 1575 
79 12 1345 
55 28 419 
98 101 1428 
24 6 672 
29 92 561 
64 102 889 
58 29 1249 
49 95 572 
89 20 1373 
