4 2
300
60 59 92 53 55 
69 24 24 81 69 
49 66 94 19 382 
41 49 78 53 266 
36 95 90 68 38 
10 29 39 48 312 
83 36 101 69 404 
70 37 49 92 330 
44 90 28 28 98 
85 80 99 99 350 
12 77 43 87 346 
66 71 26 45 22 
42 87 78 5 144 
14 67 27 20 104 
6 102 88 72 97 
48 69 64 45 108 
32 32 43 62 270 
9 95 16 84 143 
101 13 6 87 168 
59 13 25 93 49 
20 55 81 73 335 
12 91 73 64 158 
99 10 83 19 307 
11 46 18 39 117 
21 53 45 85 108 
95 98 2 31 272 
37 47 72 33 34 
79 53 71 80 229 
19 25 54 46 156 
93 32 90 12 131 
15 97 88 65 378 
70 12 98 47 365 
17 91 43 97 16 
54 39 52 11 402 
60 77 41 83 47 
98 100 102 47 142 
65 10 92 100 219 
42 61 10 41 165 
69 57 26 91 169 
30 84 59 42 349 
56 82 81 14 301 
40 58 7 54 393 
72 12 53 13 110 
9 101 45 44 259 
96 32 13 71 129 
5 52 52 42 338 
16 43 61 61 329 
85 31 80 26 64 
86 56 58 44 288 
59 6 15 64 141 
31 40 18 79 375 
26 70 12 83 290 
90 8 67 71 335 
31 53 94 32 179 
80 23 21 28 325 
42 76 71 100 303 
101 39 90 8 220 
78 27 84 70 230 
17 21 99 55 112 
79 91 89 62 171 
8 14 85 20 230 
10 21 91 100 213 
53 101 14 9 294 
53 20 61 17 26 
6 71 26 76 119 
62 26 68 101 11 
53 89 11 59 277 
89 56 72 52 189 
59 37 86 18 24 
18 9 93 83 311 
61 32 74 56 154 
39 90 11 92 394 
86 55 92 98 7 
65 92 57 41 347 
99 51 11 71 201 
71 87 11 71 55 
55 35 87 25 178 
23 18 57 21 126 
101 47 82 55 254 
6 47 91 17 173 
28 54 54 98 322 
12 23 4 7 281 
54 81 42 78 179 
53 69 69 54 328 
50 37 38 10 349 
54 71 58 9 184 
25 98 96 29 358 
3 83 91 46 136 
2 15 51 53 320 
22 7 6 12 46 
39 80 38 36 385 
92 18 46 13 110 
44 66 97 63 186 
58 87 16 91 174 
73 80 25 21 327 
36 88 87 32 266 
50 67 49 98 35 
47 62 62 34 398 
87 38 80 20 372 
38 20 91 7 91 
37 93 17 69 165 
60 57 19 56 246 
6 33 16 48 322 
79 19 101 55 408 
99 27 84 93 234 
36 102 7 30 181 
18 99 82 10 122 
59 52 82 58 203 
92 45 8 74 382 
56 24 35 41 61 
21 22 38 7 106 
12 11 25 12 27 
61 52 91 12 180 
9 53 9 18 91 
29 40 45 5 42 
56 21 11 100 14 
14 69 68 16 105 
98 63 76 84 81 
49 29 72 52 372 
42 55 98 30 355 
5 17 19 19 358 
83 79 35 98 293 
93 102 28 9 384 
93 86 78 86 195 
47 79 26 99 305 
2 70 95 14 285 
3 25 83 13 2 
99 52 51 28 183 
21 30 81 13 118 
49 3 65 58 407 
58 80 13 83 171 
28 93 22 44 358 
15 87 23 28 290 
70 21 17 9 398 
43 37 52 42 116 
19 101 16 70 112 
101 7 39 14 56 
25 14 2 71 304 
7 32 9 40 130 
37 9 55 42 250 
31 88 58 60 241 
24 30 74 55 101 
29 79 54 17 362 
10 50 11 15 199 
58 20 48 34 376 
13 30 14 10 381 
13 48 76 9 401 
15 50 80 55 374 
96 42 50 47 193 
30 80 93 52 97 
89 99 42 93 23 
12 42 26 68 198 
96 19 65 61 58 
83 5 47 19 309 
62 71 58 23 221 
17 73 3 87 262 
34 39 64 87 28 
15 8 85 4 359 
75 27 14 7 398 
80 79 90 33 269 
27 35 76 76 260 
20 43 21 39 367 
42 41 40 4 67 
59 57 80 55 4 
77 23 45 31 15 
37 59 53 25 312 
40 85 72 22 162 
101 64 90 23 362 
74 89 48 14 199 
35 88 12 91 165 
25 101 37 33 369 
6 92 47 73 118 
63 92 98 63 212 
59 71 21 65 70 
97 69 59 66 117 
91 77 33 83 286 
51 49 64 85 219 
41 49 42 31 145 
11 19 19 95 116 
84 93 87 62 373 
66 70 50 74 185 
58 44 73 4 8 
31 60 66 3 326 
16 30 15 10 52 
12 32 91 29 32 
80 52 66 38 191 
100 92 73 91 27 
83 101 92 40 396 
99 79 39 30 27 
53 55 18 15 59 
56 80 79 50 334 
36 80 22 67 275 
9 80 36 58 16 
41 89 77 97 402 
17 40 76 12 63 
35 94 64 23 231 
27 35 53 24 378 
22 16 25 9 296 
5 81 27 73 370 
21 44 84 26 276 
66 80 24 17 404 
18 6 68 35 201 
43 19 101 11 174 
75 29 14 65 342 
27 66 70 24 389 
38 16 5 22 391 
93 13 39 56 379 
49 13 38 25 314 
18 49 92 60 127 
89 82 18 31 72 
94 32 21 42 175 
101 12 101 21 258 
4 2 48 39 239 
33 81 47 18 391 
64 93 91 88 277 
80 76 11 93 37 
58 100 77 5 18 
63 94 99 13 381 
38 14 19 62 307 
18 3 55 2 2 
9 37 102 35 226 
3 43 35 75 265 
27 3 10 13 31 
6 28 46 35 398 
41 84 36 25 243 
52 77 31 13 213 
79 23 11 93 7 
23 100 44 49 16 
22 61 26 49 278 
37 6 8 55 292 
92 59 22 5 249 
27 4 79 75 24 
28 14 24 23 358 
7 95 19 11 353 
8 86 98 32 319 
82 60 89 57 102 
48 71 78 42 254 
22 3 8 32 312 
21 23 70 44 317 
9 39 5 61 259 
44 89 99 69 269 
8 63 92 27 330 
69 17 24 51 244 
59 39 84 61 276 
6 88 88 35 277 
86 17 56 54 288 
45 57 30 93 336 
61 74 11 76 229 
61 12 84 52 40 
6 101 22 84 84 
73 57 47 94 244 
58 3 65 101 332 
93 9 40 56 154 
14 89 33 68 6 
87 30 11 5 36 
95 7 39 26 261 
88 98 74 34 407 
91 12 38 34 109 
60 11 12 94 266 
55 74 30 14 398 
19 70 55 83 145 
45 48 44 85 271 
53 66 42 37 391 
97 37 9 56 200 
4 53 102 42 179 
79 20 18 40 228 
24 79 26 28 194 
20 44 92 99 232 
45 71 55 67 306 
95 71 77 99 285 
20 67 75 66 392 
68 70 15 40 240 
27 32 6 30 183 
76 42 16 90 317 
55 46 12 100 26 
35 100 36 67 207 
10 45 21 70 156 
58 6 63 32 333 
52 31 55 40 129 
15 67 27 23 4 
55 57 89 21 71 
75 58 77 60 259 
70 36 50 89 209 
84 13 37 92 361 
72 82 86 9 114 
25 94 74 69 381 
70 75 15 67 399 
55 58 2 53 264 
3 31 5 69 58 
18 83 67 89 202 
4 32 37 34 124 
75 73 82 94 382 
84 86 11 66 390 
97 23 85 91 400 
28 12 86 27 359 
44 79 19 95 47 
44 28 86 19 372 
40 39 83 36 102 
84 78 11 60 338 
19 22 40 73 78 
