6 6
300
3 81 83 21 62 7 1159 
70 26 81 18 94 31 1161 
39 50 76 83 102 88 122 
22 59 88 9 22 73 974 
25 99 10 66 36 50 1109 
59 29 62 36 73 65 95 
19 22 34 90 12 62 599 
48 84 59 95 10 73 995 
23 97 14 42 36 17 553 
29 72 54 60 83 6 978 
23 15 49 31 25 4 41 
39 56 21 12 13 33 950 
17 53 73 28 79 11 442 
34 50 97 39 49 64 1101 
52 82 32 31 57 71 302 
71 12 66 87 71 80 1033 
43 95 32 24 86 69 146 
21 83 34 5 97 46 1093 
67 54 94 78 42 15 1064 
77 91 83 58 64 55 569 
43 9 43 11 33 54 1117 
58 67 17 65 97 80 382 
101 100 28 62 27 37 46 
60 73 11 31 67 99 806 
5 51 68 25 16 67 949 
76 93 97 66 94 100 115 
89 80 15 47 37 58 932 
93 57 98 39 20 45 1022 
38 34 82 69 56 27 641 
18 51 42 83 15 56 308 
9 33 99 35 39 96 864 
96 99 86 32 44 92 155 
96 72 88 99 24 96 464 
61 17 99 40 75 59 872 
31 74 66 24 4 53 1024 
25 101 6 82 51 15 519 
37 97 39 15 38 42 272 
81 56 86 92 62 89 589 
19 101 97 67 39 101 788 
26 22 9 41 41 31 866 
73 84 18 76 83 98 298 
21 62 28 39 19 51 621 
20 82 34 45 66 38 85 
102 11 18 13 15 80 137 
77 32 75 99 13 53 98 
74 69 19 80 94 26 1189 
41 71 30 22 52 16 73 
42 77 99 77 95 66 867 
75 3 65 70 20 15 540 
33 54 42 8 100 45 568 
15 17 66 74 14 12 744 
42 90 93 65 66 7 440 
56 78 25 20 89 39 1206 
69 56 13 76 13 55 104 
19 90 16 55 73 61 326 
62 35 4 84 56 12 413 
15 73 7 55 10 10 939 
78 19 91 12 8 50 567 
63 55 100 3 59 54 283 
102 79 12 96 48 11 1151 
46 22 38 35 29 67 663 
84 8 23 5 47 34 497 
73 27 44 67 14 82 1207 
81 6 82 100 60 13 162 
96 96 62 64 101 85 400 
99 54 79 81 85 94 968 
49 79 101 14 23 84 347 
54 70 31 36 31 97 790 
18 58 37 71 56 43 1080 
14 63 42 48 51 10 916 
75 67 88 31 90 22 392 
29 84 88 39 30 87 518 
28 33 30 72 89 70 984 
99 44 12 31 53 93 430 
18 60 68 74 76 55 969 
5 44 7 43 78 35 1092 
76 51 34 28 58 48 1054 
32 14 78 64 42 96 933 
25 78 2 39 31 99 139 
25 23 67 56 33 65 286 
91 25 31 14 37 93 277 
95 80 5 97 47 51 1045 
48 91 12 37 61 5 972 
68 7 6 49 38 80 621 
31 69 74 27 85 65 514 
92 49 52 6 5 56 377 
101 99 44 86 50 28 947 
33 57 21 74 62 46 277 
19 27 66 102 15 74 785 
13 32 72 64 88 45 694 
44 62 32 58 51 51 823 
10 64 65 90 54 75 1191 
13 55 55 25 21 21 884 
24 88 7 92 84 69 1077 
69 74 24 64 84 23 1092 
97 91 19 13 97 57 117 
66 3 14 63 100 69 1219 
79 20 41 69 26 86 248 
76 27 68 69 84 81 499 
91 43 28 72 55 10 196 
66 38 14 26 66 65 713 
86 95 31 85 102 90 1104 
57 85 97 60 38 71 260 
66 53 46 15 78 71 911 
62 88 93 48 61 86 163 
84 29 45 62 24 64 1100 
35 39 86 84 93 52 429 
61 33 13 18 41 97 3 
87 70 13 90 96 86 304 
9 40 40 43 7 79 893 
57 54 100 17 9 33 385 
16 62 33 87 20 41 13 
57 82 31 22 91 15 1182 
61 34 74 30 80 67 317 
101 48 43 88 75 64 47 
82 15 4 34 65 71 866 
11 82 5 78 46 26 636 
60 10 23 18 66 78 1177 
21 28 89 31 68 8 192 
16 91 101 47 79 99 921 
69 30 90 28 46 28 617 
54 71 54 36 43 76 503 
40 22 73 12 88 10 742 
89 16 5 99 65 57 1164 
93 6 33 69 29 79 1115 
82 35 92 22 52 48 820 
59 38 97 27 34 76 926 
71 30 37 94 92 17 976 
16 87 30 83 73 57 748 
68 23 69 17 99 52 706 
89 83 92 37 64 96 372 
81 10 74 34 83 21 273 
77 98 77 39 64 13 817 
50 64 40 82 93 8 1116 
17 30 12 36 27 20 1001 
50 47 58 30 23 51 427 
80 58 51 92 38 41 1104 
27 94 80 37 41 93 481 
21 53 58 73 90 41 785 
82 64 99 58 3 42 341 
52 21 11 43 64 34 862 
8 91 92 57 69 3 1097 
38 35 101 88 29 45 355 
96 3 59 36 12 73 1199 
95 54 36 36 101 64 917 
75 70 97 78 61 71 159 
64 68 18 23 40 76 531 
32 100 72 76 100 101 689 
20 54 9 54 63 74 156 
39 58 23 70 41 17 775 
66 6 12 70 76 18 389 
36 43 15 74 98 57 780 
56 66 62 3 66 21 672 
18 89 27 100 98 2 314 
13 97 54 102 62 82 804 
96 63 8 26 85 27 1026 
13 96 82 67 20 51 1016 
94 63 70 77 98 10 588 
19 87 73 79 18 8 294 
47 62 74 39 77 100 734 
5 56 79 83 96 73 60 
95 47 35 81 53 45 231 
37 87 27 66 74 20 939 
78 37 49 69 20 62 809 
36 9 30 45 53 25 1084 
8 93 96 4 39 45 301 
42 40 101 66 66 7 130 
78 50 75 5 82 85 339 
21 32 16 78 13 41 719 
40 7 37 2 21 32 351 
96 32 64 36 77 54 438 
100 50 4 57 57 58 715 
61 57 42 73 42 63 1073 
63 82 28 28 6 68 31 
35 66 66 46 77 84 1002 
19 13 71 8 33 94 260 
84 13 23 58 85 2 957 
51 97 32 82 71 43 404 
52 38 10 72 88 35 792 
86 40 13 82 76 78 515 
46 73 67 11 71 69 965 
71 7 72 23 67 26 1025 
70 36 67 8 43 51 826 
77 63 38 47 61 58 1197 
75 12 79 11 26 38 63 
26 67 73 2 76 56 992 
33 40 51 23 11 83 199 
6 48 76 35 29 77 847 
12 31 66 13 12 83 1175 
97 95 14 43 90 81 538 
72 96 8 69 97 88 546 
25 89 25 51 78 84 846 
66 5 79 98 64 38 179 
37 8 92 66 75 87 437 
47 39 82 23 4 74 421 
54 70 68 35 90 27 1062 
44 43 63 37 101 29 382 
93 37 47 28 45 31 419 
89 18 4 24 3 11 959 
52 46 30 75 11 37 143 
36 13 66 76 13 30 1141 
68 31 32 76 60 6 663 
4 37 97 61 45 2 797 
54 66 13 89 18 10 1129 
99 35 63 92 94 22 692 
26 83 55 34 4 43 269 
90 75 50 45 6 26 591 
11 36 16 68 37 48 1005 
49 55 89 97 21 3 836 
98 70 86 68 87 100 953 
56 44 30 43 61 45 791 
93 65 45 13 86 46 1081 
101 49 26 60 75 76 941 
30 68 38 84 42 56 1123 
6 66 79 22 29 72 677 
94 88 27 77 5 19 689 
92 46 86 37 59 82 1186 
23 62 10 14 25 3 315 
78 94 61 21 92 75 1063 
100 68 94 59 76 35 92 
63 100 84 72 59 23 466 
24 54 49 85 76 97 1019 
6 71 10 5 71 32 192 
97 68 58 16 47 71 1123 
80 94 80 85 49 92 732 
64 28 44 68 82 90 660 
41 14 38 18 80 6 1154 
99 86 56 6 5 94 816 
34 28 58 14 53 48 549 
62 71 102 29 7 26 518 
45 68 39 91 44 64 678 
56 22 100 69 68 99 988 
10 26 81 45 100 95 370 
102 88 56 31 43 11 969 
45 39 91 75 82 54 658 
20 19 17 63 32 13 947 
9 60 48 87 51 66 640 
47 22 85 10 32 14 535 
82 85 62 3 55 78 146 
85 10 96 88 47 29 1097 
9 66 84 70 84 55 1136 
30 10 46 95 47 29 1189 
18 8 67 52 42 12 472 
36 57 63 79 37 68 296 
52 54 102 5 39 65 475 
58 3 42 51 61 53 641 
77 18 10 10 51 17 812 
5 31 38 7 19 53 895 
11 23 92 49 89 71 952 
58 46 91 10 66 60 735 
6 27 3 83 61 88 719 
41 55 71 88 53 60 579 
25 66 100 22 14 68 586 
82 51 4 74 84 77 229 
74 21 2 87 58 8 1202 
6 37 27 60 67 16 854 
70 23 63 38 13 33 414 
82 93 89 55 95 14 295 
78 101 11 79 14 42 814 
36 71 3 97 54 51 233 
31 76 65 49 53 80 155 
31 43 38 73 46 87 1131 
29 15 34 65 96 76 346 
38 18 83 55 76 5 412 
54 62 44 61 83 17 630 
20 27 8 44 36 13 578 
60 75 8 70 57 76 86 
59 71 33 60 77 93 1133 
60 84 95 79 77 81 942 
84 96 14 65 72 43 123 
90 28 24 62 65 83 962 
45 77 88 21 31 29 1161 
93 12 4 9 26 61 735 
45 15 67 61 34 72 929 
81 96 7 87 35 99 844 
45 12 100 14 12 16 180 
9 9 60 48 54 84 1114 
86 12 58 48 84 52 551 
15 59 2 32 13 5 788 
83 83 36 98 32 28 584 
3 6 96 16 47 47 439 
8 9 16 82 90 87 1161 
86 51 41 53 49 26 371 
55 99 84 101 13 52 323 
28 26 51 25 58 45 1020 
8 64 34 39 6 11 92 
52 88 52 25 20 71 1187 
34 97 47 85 4 19 586 
9 15 17 36 97 11 968 
85 67 59 34 44 14 955 
89 9 16 45 17 25 34 
13 34 78 95 83 31 1155 
31 6 42 56 28 38 1213 
51 19 6 11 102 30 828 
24 95 93 78 60 21 550 
90 34 42 89 97 47 1173 
83 41 42 16 82 87 653 
62 19 80 18 78 81 469 
92 12 35 17 96 37 1090 
41 88 19 25 12 51 509 
