2 6
300
4 10 1004 
10 20 521 
27 98 384 
82 71 619 
38 57 176 
74 71 56 
19 74 901 
51 82 913 
49 40 344 
33 6 896 
35 4 849 
74 15 1017 
98 50 717 
68 36 906 
43 55 179 
80 8 21 
38 35 587 
49 28 565 
68 55 340 
9 64 974 
16 96 1127 
60 50 819 
83 66 513 
33 79 253 
48 53 469 
102 10 337 
62 70 393 
28 97 877 
27 88 924 
25 7 740 
57 90 1058 
81 54 493 
84 85 61 
50 99 522 
62 6 686 
29 3 927 
10 69 545 
2 49 1145 
50 90 1206 
22 35 761 
93 60 717 
83 78 1084 
36 69 1210 
100 20 319 
25 14 872 
91 69 1111 
18 100 1035 
102 17 473 
18 57 501 
95 33 779 
44 63 608 
45 58 481 
86 80 354 
69 95 419 
79 12 602 
21 80 429 
24 60 266 
10 7 431 
80 94 523 
22 67 251 
50 43 437 
37 58 690 
78 82 689 
34 7 1078 
64 50 57 
52 25 68 
91 99 951 
8 73 896 
44 36 693 
17 67 790 
99 66 162 
10 22 640 
100 43 656 
95 44 1197 
81 92 648 
35 48 694 
33 29 842 
39 32 831 
45 44 864 
64 95 278 
102 64 180 
94 37 505 
77 56 351 
54 54 997 
54 99 678 
82 29 982 
22 10 1077 
102 86 468 
98 61 415 
47 68 952 
84 38 590 
33 95 985 
85 89 673 
14 61 1129 
30 80 920 
89 87 414 
15 65 181 
92 44 1039 
37 102 953 
78 98 933 
9 32 1077 
53 73 197 
35 23 48 
77 99 494 
27 10 613 
98 74 72 
65 10 906 
2 35 36 
65 93 1148 
65 98 1139 
5 9 1113 
81 6 353 
6 79 94 
61 56 788 
32 40 812 
76 67 414 
37 41 345 
74 15 1073 
4 9 1189 
87 90 972 
24 72 305 
13 74 1099 
51 49 52 
23 93 1158 
100 6 667 
12 72 1162 
38 91 324 
62 30 703 
67 33 1145 
5 79 1188 
34 21 1096 
30 39 1028 
41 21 802 
79 27 227 
32 16 581 
35 76 117 
35 95 455 
4 51 1212 
55 64 511 
69 48 511 
98 48 858 
9 92 887 
7 72 821 
72 72 627 
31 62 779 
10 32 182 
12 34 695 
86 72 1029 
62 31 861 
93 77 915 
44 74 898 
26 82 969 
50 25 295 
77 30 50 
44 65 275 
88 75 1087 
37 47 391 
29 59 177 
87 14 929 
88 49 737 
4 17 1161 
94 30 1201 
80 8 975 
86 62 97 
93 37 40 
55 44 92 
64 76 696 
83 57 369 
45 17 181 
61 41 834 
5 64 925 
66 75 171 
11 52 424 
26 10 820 
11 53 1047 
26 38 276 
13 34 863 
70 26 895 
5 23 729 
67 52 160 
85 21 820 
14 83 1191 
34 29 762 
91 46 1122 
75 40 807 
92 74 51 
46 21 969 
94 50 82 
100 37 466 
4 62 640 
56 46 8 
24 43 1093 
102 100 857 
90 94 116 
62 24 1083 
81 98 1063 
9 16 592 
57 22 377 
36 93 870 
62 16 567 
61 32 814 
12 37 1219 
93 53 1185 
79 92 914 
36 58 334 
72 34 319 
20 21 482 
53 97 574 
6 101 293 
72 90 605 
20 42 1025 
26 31 759 
45 52 1063 
91 90 543 
92 33 293 
76 23 785 
6 66 728 
47 44 1164 
9 10 424 
22 8 444 
78 23 778 
49 60 616 
93 12 338 
67 29 999 
41 31 383 
97 63 792 
25 32 948 
62 68 293 
92 75 1189 
91 19 253 
29 25 543 
53 15 813 
83 45 886 
76 85 137 
39 40 455 
80 8 164 
66 14 578 
72 99 928 
61 18 674 
42 59 1042 
55 4 1147 
9 40 47 
39 90 197 
67 16 229 
94 52 583 
68 25 345 
89 14 823 
86 27 59 
75 60 328 
70 94 1189 
13 43 1042 
89 22 985 
19 32 8 
35 42 217 
99 101 1199 
31 79 577 
30 94 1135 
29 55 555 
20 71 950 
91 36 982 
79 71 1180 
21 55 894 
35 7 359 
69 51 1147 
30 55 879 
52 89 314 
9 47 981 
82 42 1220 
6 86 1080 
42 71 625 
5 30 1173 
22 58 876 
23 81 560 
27 97 886 
20 63 530 
101 101 1219 
75 70 1014 
54 84 1088 
2 99 352 
99 16 845 
87 96 440 
80 66 257 
100 9 1188 
2 30 100 
82 84 609 
10 64 968 
58 7 1041 
91 68 14 
70 53 562 
9 22 722 
45 26 786 
79 42 21 
38 42 1188 
24 3 1129 
5 75 488 
77 74 10 
41 94 437 
52 42 112 
86 98 333 
37 12 163 
