2 4
300
68 71 270 
32 28 337 
88 93 168 
27 100 559 
90 48 718 
63 51 672 
19 31 572 
49 43 69 
66 5 479 
16 48 800 
3 33 244 
66 85 533 
49 92 413 
65 51 170 
17 64 231 
83 13 118 
40 34 142 
94 51 570 
19 21 229 
27 68 186 
85 75 371 
24 26 541 
41 26 516 
25 17 483 
34 56 648 
51 34 644 
82 85 755 
46 78 118 
83 10 674 
62 49 525 
39 24 203 
30 83 628 
77 95 309 
64 44 707 
53 17 141 
60 63 776 
92 69 712 
51 47 673 
32 40 791 
33 44 134 
86 81 629 
101 87 760 
36 6 597 
4 76 320 
43 20 334 
8 95 492 
99 25 390 
89 72 651 
79 90 631 
44 100 347 
82 46 418 
24 80 520 
11 54 246 
26 26 463 
24 90 762 
50 10 217 
44 26 369 
39 36 156 
70 98 77 
99 24 793 
18 94 52 
33 25 244 
90 22 326 
79 98 336 
32 75 807 
93 67 666 
88 31 657 
53 3 602 
99 45 86 
34 55 670 
56 14 249 
35 10 260 
52 93 535 
66 62 721 
89 66 227 
6 8 496 
22 79 254 
30 13 760 
19 67 748 
34 35 647 
21 58 543 
60 25 689 
13 99 532 
69 43 605 
18 25 561 
94 66 295 
48 95 301 
52 14 618 
53 29 11 
39 18 354 
42 20 473 
88 46 38 
24 31 341 
45 95 76 
98 55 301 
59 13 721 
26 26 6 
58 88 328 
45 72 358 
93 9 784 
85 75 663 
24 29 186 
18 32 641 
66 72 291 
96 5 816 
30 56 483 
41 96 127 
15 15 749 
45 86 261 
20 46 608 
63 33 182 
48 62 164 
30 76 212 
16 43 664 
12 62 443 
67 63 681 
42 17 131 
87 54 103 
83 72 495 
91 81 349 
93 100 706 
6 6 321 
15 51 351 
82 102 654 
35 27 439 
36 5 432 
40 80 192 
50 80 235 
61 78 649 
12 67 731 
61 40 774 
85 25 346 
97 8 460 
17 54 103 
43 62 125 
38 53 221 
61 49 551 
10 54 13 
21 44 170 
60 47 227 
62 6 685 
55 23 501 
87 52 14 
13 41 793 
99 25 214 
13 10 146 
15 25 204 
55 53 149 
24 54 707 
95 66 661 
24 39 494 
31 57 393 
31 89 322 
56 52 10 
27 49 65 
72 13 240 
77 11 284 
5 46 184 
5 9 431 
68 33 564 
77 94 706 
23 92 18 
39 70 550 
80 84 168 
80 62 594 
26 29 32 
12 54 332 
59 20 451 
48 21 757 
40 28 394 
97 65 460 
72 81 477 
16 7 469 
8 35 354 
64 99 216 
16 27 691 
52 81 654 
51 58 646 
31 19 602 
33 76 583 
11 101 344 
21 85 161 
66 10 658 
16 11 182 
48 7 153 
99 98 173 
31 34 767 
10 90 385 
70 48 61 
79 44 504 
87 85 252 
88 99 284 
3 45 120 
9 52 135 
6 37 567 
60 5 417 
63 33 180 
55 4 346 
79 3 86 
97 53 297 
14 89 544 
21 32 216 
93 62 67 
86 98 433 
8 24 670 
80 6 435 
80 12 359 
58 19 87 
42 34 659 
90 10 777 
26 8 746 
80 97 514 
52 87 47 
45 68 345 
45 79 289 
71 48 655 
62 102 795 
59 19 335 
94 58 577 
58 81 798 
48 5 425 
15 62 732 
63 30 226 
21 30 154 
50 36 358 
4 15 327 
77 73 699 
3 30 72 
100 69 727 
52 88 316 
94 96 51 
10 100 519 
92 32 141 
48 9 149 
55 43 589 
81 11 676 
99 93 350 
33 83 69 
14 47 610 
45 17 753 
3 13 347 
91 29 280 
15 42 302 
82 14 677 
25 32 518 
69 50 712 
39 21 474 
8 55 777 
98 64 106 
100 97 430 
91 49 127 
27 47 787 
78 66 117 
40 68 567 
48 19 645 
62 10 419 
47 47 793 
89 9 781 
36 96 472 
49 95 533 
23 17 364 
86 93 529 
70 100 692 
69 94 687 
75 101 435 
91 62 296 
18 38 440 
64 55 414 
57 3 328 
22 93 413 
41 30 575 
51 19 419 
27 64 212 
16 94 82 
68 80 433 
15 16 69 
45 48 281 
24 33 469 
13 62 505 
96 31 734 
27 50 62 
36 30 518 
16 26 669 
4 66 803 
12 4 358 
46 97 614 
100 44 711 
34 79 369 
18 19 793 
15 39 465 
91 33 270 
38 91 361 
4 34 405 
92 101 736 
28 43 667 
38 13 241 
16 69 528 
89 98 705 
5 95 581 
64 20 93 
