2 4
300
41 30 654 
27 6 570 
38 54 171 
86 91 796 
19 67 240 
59 100 101 
68 37 373 
79 80 246 
71 24 525 
63 85 801 
43 16 648 
13 40 631 
16 51 618 
78 61 459 
91 21 372 
11 70 806 
64 97 601 
82 94 515 
69 64 404 
52 58 667 
8 76 565 
25 45 611 
20 8 225 
54 45 399 
39 92 618 
91 91 487 
87 61 445 
67 101 712 
27 63 177 
18 46 620 
30 66 759 
96 72 694 
89 68 622 
73 93 503 
73 12 430 
27 45 18 
89 79 597 
92 68 791 
29 42 613 
84 100 663 
55 4 506 
53 26 643 
58 45 164 
93 4 187 
85 16 553 
95 96 727 
37 102 149 
21 31 546 
5 40 804 
98 69 249 
12 7 557 
97 19 731 
102 22 704 
76 71 7 
84 99 612 
52 8 422 
31 37 377 
88 49 800 
65 36 595 
97 51 700 
82 62 622 
92 83 795 
57 90 790 
80 95 605 
5 63 252 
19 39 263 
94 55 261 
49 69 262 
86 26 474 
72 34 681 
19 7 583 
3 96 80 
27 95 134 
80 98 149 
57 53 338 
74 85 704 
69 48 788 
43 5 783 
56 35 756 
46 7 463 
41 86 461 
15 64 724 
5 4 551 
23 95 366 
18 16 464 
16 94 132 
93 14 332 
74 5 706 
89 78 14 
77 49 493 
19 82 713 
62 40 95 
64 43 730 
55 71 663 
21 48 430 
54 27 724 
41 42 336 
79 55 759 
18 70 666 
72 29 700 
89 29 452 
9 6 105 
59 58 623 
47 54 415 
28 40 353 
61 55 462 
36 37 415 
15 38 57 
21 42 221 
96 45 576 
32 94 122 
6 67 343 
28 14 345 
42 96 563 
14 96 717 
92 52 128 
52 59 121 
27 38 748 
37 77 744 
51 90 521 
88 65 106 
8 18 493 
38 25 593 
3 35 339 
16 96 332 
84 2 347 
21 31 736 
14 46 707 
58 7 457 
25 71 742 
53 79 196 
80 56 258 
58 9 638 
29 56 225 
45 51 193 
75 13 344 
53 55 605 
51 32 482 
76 76 153 
28 52 90 
6 15 443 
84 52 458 
20 38 325 
11 28 766 
66 94 609 
65 71 781 
65 85 768 
16 74 127 
19 4 391 
67 7 654 
15 32 463 
69 25 340 
75 63 802 
69 58 610 
4 44 226 
82 87 311 
86 13 46 
25 65 549 
19 93 334 
41 67 398 
10 55 255 
62 98 782 
39 99 560 
35 91 65 
99 98 223 
21 14 246 
90 39 142 
12 83 768 
77 92 547 
92 53 265 
3 37 783 
52 61 25 
46 45 375 
34 45 717 
71 53 176 
100 27 549 
42 99 646 
13 53 234 
33 100 590 
39 87 52 
31 50 379 
38 34 449 
14 50 300 
26 78 562 
86 58 763 
31 42 240 
75 79 529 
102 51 436 
55 92 682 
69 20 497 
33 9 472 
42 5 778 
44 35 155 
68 88 633 
32 18 177 
12 29 775 
37 4 474 
45 66 68 
43 31 802 
95 85 349 
73 46 244 
78 96 564 
13 46 434 
100 90 60 
13 8 743 
89 71 276 
34 45 514 
91 34 133 
5 90 348 
52 100 604 
99 51 411 
78 97 340 
50 57 183 
54 101 674 
44 39 118 
53 34 473 
19 56 488 
67 63 329 
82 85 101 
16 75 50 
29 63 377 
81 3 321 
59 36 93 
51 41 121 
13 81 357 
82 49 779 
4 54 452 
87 35 360 
16 34 713 
12 98 102 
31 36 666 
18 28 310 
38 65 293 
77 96 800 
49 70 123 
47 55 669 
98 101 298 
19 14 175 
53 44 237 
4 67 561 
54 49 311 
101 22 44 
35 97 437 
8 46 684 
62 29 472 
59 40 530 
31 71 647 
7 16 792 
78 15 187 
62 68 685 
11 36 799 
69 25 387 
62 50 389 
12 14 474 
30 93 453 
55 59 691 
65 96 35 
66 75 782 
91 48 272 
43 25 62 
84 75 243 
72 99 80 
88 95 33 
12 99 735 
19 21 468 
23 79 189 
44 25 455 
40 99 589 
82 47 503 
4 80 626 
16 21 204 
42 29 322 
30 61 764 
48 69 527 
83 55 786 
16 49 437 
41 70 567 
12 101 813 
54 46 618 
59 92 425 
50 86 123 
29 98 637 
67 79 752 
20 95 149 
31 98 464 
93 59 360 
78 68 802 
10 66 80 
9 6 164 
27 91 676 
66 73 565 
44 100 676 
52 56 463 
20 51 568 
63 23 616 
53 83 28 
45 62 712 
34 84 197 
56 42 167 
7 22 752 
