8 4
300
88 75 73 22 7 24 6 27 392 
6 97 9 26 54 48 65 38 153 
83 40 12 93 17 22 55 48 618 
74 43 33 97 7 47 67 67 26 
91 20 38 73 18 74 96 78 235 
5 61 5 65 73 22 41 71 42 
44 97 60 52 70 61 49 34 680 
19 11 92 64 61 88 45 76 148 
85 12 24 40 99 41 93 51 710 
75 11 73 13 58 38 42 24 574 
47 41 52 79 27 86 90 79 545 
41 44 102 18 23 99 4 58 481 
85 6 100 21 61 20 74 75 186 
15 8 56 55 24 39 18 100 288 
70 8 87 40 52 22 74 55 65 
89 59 90 76 11 101 80 59 150 
74 28 82 34 6 53 64 78 581 
15 87 22 65 102 25 64 36 414 
75 47 56 80 49 8 13 87 136 
36 41 99 56 78 66 21 46 583 
58 38 3 36 78 76 51 61 550 
90 27 59 67 14 77 51 6 103 
66 96 81 75 23 21 37 29 304 
77 61 11 57 46 58 54 8 804 
51 41 71 82 31 90 41 25 495 
61 71 28 24 8 74 54 57 407 
94 84 16 84 102 51 39 76 4 
60 34 83 3 16 8 79 101 531 
46 87 67 94 36 101 61 77 480 
13 55 55 39 5 91 8 62 194 
86 69 41 22 45 57 89 83 738 
82 60 57 22 47 8 9 10 573 
87 2 50 18 25 26 92 28 175 
49 23 31 94 97 56 85 94 264 
28 26 44 12 6 55 10 81 141 
6 93 10 49 33 97 21 24 488 
78 70 46 17 32 19 36 42 494 
63 90 66 3 39 55 76 83 690 
30 77 98 97 10 46 9 89 286 
15 3 92 36 75 75 96 9 197 
90 12 96 27 78 66 95 49 742 
56 4 56 57 74 51 13 92 383 
66 83 63 102 10 45 84 22 325 
73 30 17 92 9 32 31 88 580 
92 5 100 34 4 63 55 55 687 
83 60 30 42 25 85 29 32 217 
65 91 4 53 45 58 27 24 157 
78 65 97 27 29 88 80 22 712 
50 34 81 2 48 57 61 3 510 
14 32 6 34 66 79 5 68 795 
71 42 62 45 9 81 44 79 736 
91 58 34 44 64 5 97 80 798 
49 65 44 49 94 44 95 15 753 
17 46 102 20 24 63 91 11 657 
29 8 27 102 60 71 67 72 369 
33 72 70 3 39 88 81 58 24 
57 24 50 19 51 96 89 29 278 
93 73 36 73 54 55 25 70 592 
74 50 7 76 84 24 99 65 352 
26 15 8 16 41 68 60 36 714 
35 12 59 33 15 33 37 76 809 
13 62 19 17 81 71 15 9 68 
100 83 41 28 22 89 53 65 112 
30 78 34 71 15 20 67 92 472 
18 43 37 75 41 10 25 89 21 
27 11 37 39 3 34 60 62 432 
50 8 92 72 82 52 20 9 797 
69 44 50 101 52 90 14 99 536 
75 27 44 33 5 35 86 28 440 
81 93 77 102 13 55 67 19 684 
70 48 63 87 57 34 13 57 365 
57 28 61 49 27 6 69 86 286 
12 19 5 59 88 57 98 41 138 
24 70 33 97 36 35 7 46 418 
7 90 72 13 22 50 91 31 810 
97 34 67 73 35 29 20 57 4 
83 13 62 8 91 18 17 90 718 
16 62 95 28 44 84 55 64 787 
67 101 99 57 70 58 58 3 61 
54 53 37 6 79 81 35 26 269 
93 101 101 56 98 34 62 77 568 
9 71 92 85 21 73 32 55 454 
6 28 45 6 53 90 11 65 306 
55 11 85 16 95 20 51 64 517 
100 14 5 66 97 95 89 51 264 
19 70 34 65 76 26 25 31 800 
92 89 50 13 47 35 97 9 538 
88 95 78 74 37 59 10 34 338 
54 41 33 52 19 4 58 94 775 
7 92 37 61 93 66 22 61 611 
17 89 69 72 72 90 29 2 461 
59 48 36 78 58 44 85 73 732 
69 42 72 49 57 55 40 92 137 
33 29 4 13 53 78 84 95 372 
76 84 72 44 25 19 47 101 377 
63 31 37 95 78 22 77 55 160 
7 71 34 16 34 82 74 98 599 
57 47 96 60 96 65 98 10 724 
22 27 18 55 3 57 9 79 493 
84 40 53 84 39 100 58 79 199 
15 63 52 92 73 29 45 93 441 
54 6 38 74 99 70 33 57 234 
5 54 69 79 9 57 21 92 480 
25 75 11 98 4 19 41 85 392 
41 32 56 92 12 13 3 57 597 
27 12 43 85 52 84 72 55 207 
59 38 56 96 73 83 70 23 147 
47 58 4 21 35 16 22 95 207 
76 16 44 59 77 54 84 97 649 
20 42 25 29 28 50 94 84 382 
96 46 61 75 23 91 95 58 812 
73 8 79 29 65 60 58 97 325 
85 2 63 4 14 78 3 52 662 
97 20 31 55 29 54 69 28 394 
68 3 94 55 66 21 54 13 727 
4 93 79 67 73 33 11 10 664 
88 94 34 85 74 73 10 100 315 
72 20 80 28 62 39 12 92 767 
50 32 38 44 52 3 89 101 482 
6 32 49 100 47 21 72 83 277 
18 85 31 23 47 68 83 84 763 
13 79 33 42 57 83 39 63 636 
47 45 44 34 98 75 14 6 549 
94 74 75 61 57 81 5 96 56 
67 29 88 72 64 70 9 78 181 
30 67 77 68 63 85 43 27 311 
94 86 89 58 10 43 101 91 87 
22 53 24 55 38 63 76 74 283 
94 77 84 76 26 22 53 87 318 
94 27 12 92 20 32 43 13 83 
21 10 20 46 73 75 60 89 203 
2 77 31 16 94 91 51 51 415 
58 20 62 69 7 26 4 9 519 
2 32 35 94 14 27 53 57 522 
18 50 5 11 18 39 97 53 80 
12 80 36 23 43 71 81 86 761 
52 54 5 97 44 66 11 60 464 
93 11 65 6 65 39 27 35 10 
49 49 4 25 74 57 16 94 238 
32 81 91 66 14 30 33 3 25 
63 23 8 41 102 60 82 6 342 
48 8 17 99 98 11 70 34 305 
93 29 82 50 83 52 37 81 639 
70 30 98 37 74 64 36 66 94 
97 11 49 46 44 70 15 70 700 
16 35 85 83 97 83 93 43 602 
25 14 43 58 6 23 82 15 622 
47 13 36 55 64 33 99 75 190 
92 49 87 14 37 15 66 23 375 
97 89 34 18 47 34 90 14 425 
72 41 7 28 66 32 94 70 463 
54 63 73 54 85 24 60 2 763 
91 13 79 30 94 84 77 87 210 
46 32 68 4 67 53 81 29 283 
20 66 85 57 22 70 58 15 497 
77 45 6 12 60 46 40 101 7 
77 45 49 25 54 81 6 50 313 
92 51 97 22 75 58 89 42 303 
12 35 93 12 74 82 23 2 349 
24 35 74 24 66 68 52 7 687 
90 97 14 7 53 73 31 68 518 
68 56 72 49 25 20 9 30 543 
11 67 73 69 4 54 38 85 124 
69 70 87 31 72 70 74 102 365 
27 8 84 22 82 7 18 58 374 
75 76 12 55 17 38 101 43 322 
15 23 95 62 71 71 58 65 798 
80 38 86 4 77 25 76 84 182 
87 92 87 68 53 48 8 65 71 
7 16 56 51 32 32 31 61 644 
53 67 39 15 65 19 10 40 161 
64 73 101 89 81 34 16 17 417 
56 49 72 50 56 7 62 54 403 
46 32 8 56 75 18 46 25 144 
87 74 28 70 60 15 28 46 756 
12 20 36 23 37 17 81 77 98 
11 6 13 34 55 14 70 66 69 
15 9 99 85 44 59 17 31 351 
27 88 91 59 23 12 15 53 278 
17 25 97 93 77 101 6 37 157 
9 55 21 17 102 97 7 15 301 
97 29 77 80 9 8 74 56 720 
24 54 84 2 21 4 80 55 334 
15 24 34 101 80 9 40 10 618 
26 12 88 97 54 10 75 20 197 
61 39 18 91 21 23 13 84 677 
39 9 36 19 39 49 56 93 743 
7 99 50 70 42 101 32 51 362 
4 30 3 77 29 3 80 21 130 
27 26 6 13 90 99 26 3 11 
43 8 75 42 43 62 19 71 172 
78 92 99 19 61 72 79 11 443 
84 64 82 35 42 20 33 31 548 
89 96 11 54 46 41 100 91 347 
73 64 89 42 60 60 83 4 236 
20 10 67 36 36 81 44 44 319 
23 10 69 57 11 14 95 32 611 
14 26 48 60 22 72 29 8 381 
70 44 6 24 54 39 91 15 176 
4 56 62 31 11 4 102 78 657 
78 18 55 76 49 30 85 70 642 
85 62 90 97 8 30 35 77 815 
37 102 58 32 68 98 93 94 620 
16 85 16 46 60 45 92 54 737 
95 95 97 78 40 86 61 8 430 
35 8 49 35 99 37 4 67 625 
26 48 51 59 86 57 54 71 698 
66 41 4 47 7 57 39 41 668 
7 60 63 74 73 62 46 60 697 
31 84 88 82 43 95 69 67 49 
43 38 12 42 26 72 100 96 552 
53 90 3 95 98 59 55 100 62 
17 54 77 91 16 28 72 25 712 
101 87 99 11 80 42 51 98 30 
74 67 36 94 75 79 94 95 565 
86 38 88 31 29 46 88 54 107 
33 54 25 86 72 3 84 101 82 
72 44 13 63 46 101 56 83 269 
76 25 81 100 99 23 59 87 713 
3 72 60 56 25 28 29 20 366 
83 91 97 35 12 76 69 24 415 
61 26 94 88 77 48 13 14 234 
36 34 57 4 29 87 16 83 240 
54 19 21 86 36 28 57 75 750 
40 43 16 7 34 77 72 100 505 
97 17 97 13 45 13 100 95 698 
92 81 64 12 21 31 47 17 48 
34 76 92 68 34 5 57 75 579 
17 31 3 82 34 31 25 21 539 
37 43 76 10 88 42 43 67 766 
32 30 24 87 62 19 71 40 196 
74 31 85 94 58 72 42 85 527 
87 13 49 35 89 2 65 12 599 
34 26 90 52 27 69 11 27 364 
51 32 71 86 12 96 7 53 728 
85 45 87 5 69 5 78 58 441 
49 99 43 24 25 52 46 39 112 
38 24 6 18 85 34 28 94 439 
97 3 2 55 31 38 13 82 552 
91 31 59 87 76 71 15 64 230 
5 29 9 21 42 75 82 71 237 
87 68 61 55 80 77 52 82 452 
56 96 70 7 13 45 84 57 73 
58 53 50 36 5 23 6 24 533 
49 78 62 29 75 62 9 28 112 
10 38 53 84 37 95 16 61 558 
62 100 18 66 39 87 66 26 142 
82 53 65 40 51 57 12 5 37 
97 29 23 10 101 87 31 76 159 
60 76 19 57 22 46 55 46 204 
52 84 41 77 65 50 45 28 610 
52 72 89 97 74 34 91 21 267 
49 54 101 32 38 65 68 8 413 
3 28 33 22 87 7 33 62 172 
67 22 66 75 67 74 13 81 33 
35 65 4 87 68 3 13 8 748 
28 22 49 78 11 58 100 44 9 
46 32 87 84 67 14 13 26 812 
70 77 89 29 21 59 61 35 360 
51 18 62 32 11 81 15 7 331 
76 92 13 10 77 25 73 69 399 
20 53 100 92 76 44 3 45 253 
6 101 2 92 18 78 14 51 215 
43 16 23 8 70 62 74 39 278 
91 62 2 66 58 55 10 43 674 
48 61 44 20 31 68 50 11 53 
42 86 76 37 98 28 99 32 431 
29 14 85 40 20 39 10 15 678 
33 42 45 50 84 77 95 68 733 
86 25 87 58 60 61 56 33 432 
62 55 66 77 70 27 102 83 235 
102 11 43 8 12 18 85 20 564 
65 95 4 101 44 32 38 15 61 
69 74 57 26 86 88 86 50 484 
21 58 74 19 50 4 48 95 466 
50 80 15 72 75 42 92 92 319 
53 64 13 35 41 57 20 35 76 
76 78 27 57 24 64 59 65 506 
99 48 47 2 54 51 75 89 282 
96 100 101 17 35 95 49 35 703 
50 88 19 19 101 17 95 74 139 
34 95 59 53 15 12 80 95 362 
96 53 12 64 62 53 23 26 287 
12 61 45 34 10 91 78 11 633 
47 82 49 31 10 82 34 43 769 
80 45 87 91 39 42 51 55 672 
78 88 28 68 98 77 82 84 109 
76 2 88 70 77 6 34 35 110 
99 67 45 32 32 20 59 45 659 
52 23 24 5 84 56 8 102 188 
53 81 86 74 51 28 68 60 337 
10 12 70 82 59 6 29 54 722 
41 48 58 10 10 55 96 32 496 
93 73 20 33 64 77 83 83 439 
31 27 18 19 66 73 79 51 275 
14 72 66 21 78 32 68 69 434 
69 46 73 33 80 21 67 78 711 
25 79 50 95 101 78 52 99 220 
75 24 85 87 32 62 22 84 490 
98 74 97 90 67 97 24 17 300 
