6 2
300
12 59 49 55 6 11 313 
79 41 76 87 16 78 248 
73 55 95 12 91 53 189 
86 64 44 36 48 77 250 
79 57 36 48 38 60 38 
10 77 72 84 36 40 331 
28 94 85 23 75 102 127 
10 59 81 88 6 38 108 
97 7 21 60 36 17 3 
86 42 41 81 20 54 261 
80 25 30 57 15 67 236 
72 61 15 75 78 32 279 
100 57 62 33 24 85 54 
72 54 26 2 25 83 174 
54 45 44 57 50 69 125 
36 53 33 93 73 70 103 
47 7 87 60 87 34 349 
87 81 49 98 71 53 34 
73 7 57 92 86 17 74 
18 73 20 30 65 40 264 
6 31 42 53 16 90 102 
48 40 45 40 51 59 276 
66 97 61 81 18 24 259 
48 78 4 89 55 9 122 
36 69 32 24 96 23 329 
52 10 47 57 65 85 102 
68 14 54 37 61 52 211 
78 61 51 50 18 3 240 
55 40 67 63 83 97 50 
74 15 19 57 38 89 60 
89 16 26 55 41 41 324 
66 52 53 97 59 80 238 
9 82 76 81 22 24 394 
71 82 96 84 90 15 387 
101 37 83 25 65 39 364 
47 28 97 78 65 81 364 
91 16 69 26 19 56 262 
35 45 78 18 67 20 74 
37 32 72 53 28 86 268 
16 73 74 96 43 71 255 
56 81 4 59 45 9 330 
68 29 61 73 61 33 268 
95 6 8 100 21 74 44 
98 27 27 39 97 26 304 
45 97 32 78 87 4 322 
66 76 61 24 12 39 281 
5 14 82 69 56 2 90 
68 67 98 24 99 54 240 
56 79 22 50 86 9 95 
34 30 97 76 31 89 120 
33 49 78 11 37 44 379 
15 48 72 43 25 55 314 
31 36 57 90 52 22 41 
99 41 76 29 32 48 289 
85 87 95 27 15 95 147 
20 22 15 64 12 68 168 
33 53 9 62 56 48 14 
96 43 88 81 68 21 138 
10 3 84 6 98 24 124 
63 78 18 12 62 43 48 
16 44 27 41 57 71 270 
90 69 68 78 102 70 364 
46 9 47 49 75 4 41 
21 32 60 17 46 13 287 
76 93 52 96 7 94 326 
101 63 42 14 53 70 86 
36 18 30 98 56 43 71 
72 73 65 89 41 4 391 
14 69 27 13 60 98 57 
78 18 85 97 78 11 186 
48 7 37 25 37 91 344 
16 32 20 91 72 55 21 
22 89 9 68 92 86 354 
96 17 3 95 74 9 238 
2 47 4 80 33 74 100 
67 30 66 6 14 13 400 
39 8 24 90 45 11 229 
30 78 31 88 27 61 212 
92 37 32 65 84 28 57 
87 19 13 41 83 83 226 
62 44 64 80 75 91 233 
11 81 7 31 100 4 293 
71 75 94 8 15 74 308 
95 36 43 32 87 86 214 
92 13 51 63 30 3 281 
36 69 11 55 72 97 331 
57 27 36 86 26 44 65 
45 21 35 70 10 82 273 
10 22 49 89 6 7 80 
70 58 70 72 3 5 147 
8 85 55 45 80 96 155 
11 10 48 63 44 39 191 
94 18 95 22 23 4 105 
48 63 67 68 92 64 355 
71 68 16 25 41 82 152 
38 82 27 32 87 31 402 
15 3 29 64 70 75 313 
42 77 51 82 3 12 246 
24 90 79 89 35 53 167 
43 34 40 6 59 12 230 
38 70 92 38 75 29 138 
63 41 6 24 91 12 119 
93 67 44 40 72 79 57 
94 50 45 55 80 60 292 
71 90 60 13 65 23 17 
9 62 47 30 86 29 252 
51 76 67 46 42 14 206 
69 98 68 89 35 45 180 
22 49 85 96 71 64 373 
53 47 13 28 92 27 342 
7 100 11 88 52 54 179 
76 80 11 40 48 23 11 
95 94 26 33 80 62 358 
15 63 36 17 67 72 400 
31 56 20 52 88 68 251 
100 59 3 84 93 2 188 
71 76 58 24 43 91 237 
55 89 97 14 67 98 378 
38 77 73 88 84 48 185 
25 93 90 62 57 43 387 
38 25 50 89 61 44 179 
89 80 94 26 83 42 310 
69 24 40 23 72 71 251 
83 32 98 11 57 3 188 
85 71 65 88 50 65 72 
66 49 27 8 56 51 201 
100 81 64 3 7 71 229 
71 51 41 87 74 35 222 
95 54 80 7 43 100 22 
11 32 40 34 79 61 16 
77 15 17 18 22 14 342 
53 36 10 51 33 92 56 
21 26 3 78 32 65 290 
97 49 3 15 53 46 362 
51 26 70 30 13 54 384 
38 26 70 55 23 72 173 
20 72 57 12 10 94 366 
8 39 58 50 97 35 328 
68 16 6 71 70 97 9 
12 42 23 23 40 21 340 
102 35 25 11 95 31 315 
80 48 4 45 54 101 178 
89 14 83 17 22 16 288 
12 67 86 55 77 42 33 
32 36 91 72 74 8 26 
6 35 41 4 6 5 359 
70 3 28 18 98 60 96 
30 43 8 20 8 15 367 
70 42 58 20 91 71 197 
14 15 75 82 95 39 337 
81 44 15 18 12 85 174 
66 60 39 81 84 86 11 
95 86 54 69 95 18 151 
95 85 87 17 36 42 227 
90 55 38 5 23 43 199 
101 95 4 97 32 49 19 
83 21 41 9 87 48 80 
31 23 16 101 23 48 350 
61 30 3 78 45 89 307 
8 3 78 63 46 56 383 
93 53 73 65 71 34 52 
65 48 10 51 96 38 243 
34 24 6 2 97 65 166 
67 3 21 90 62 31 308 
21 65 48 43 94 27 156 
72 44 38 54 15 75 389 
84 95 29 50 53 18 301 
81 74 63 51 93 56 109 
52 54 77 10 5 39 184 
85 64 10 4 13 23 255 
82 70 50 83 92 47 338 
10 94 41 12 15 4 165 
93 87 94 3 74 13 82 
92 63 46 12 38 52 403 
32 21 48 42 96 13 403 
6 15 70 3 11 46 175 
62 38 101 92 37 7 375 
79 18 3 41 12 45 366 
8 6 73 55 97 86 315 
75 95 72 21 92 43 357 
74 26 102 65 70 79 125 
28 47 22 3 48 9 219 
5 47 3 87 71 11 398 
11 98 50 16 61 67 356 
44 31 74 47 65 7 22 
93 3 78 44 68 61 331 
61 54 55 51 79 26 284 
51 71 36 23 34 92 258 
30 54 51 11 14 45 340 
18 50 57 84 4 50 51 
45 26 45 5 52 19 206 
47 97 67 84 44 20 382 
62 40 26 33 17 44 259 
51 29 35 56 19 100 177 
6 99 69 77 77 59 24 
47 93 20 85 75 15 340 
59 86 28 72 27 91 229 
12 34 53 89 8 51 384 
100 11 51 35 21 9 169 
100 100 9 68 62 90 63 
48 8 50 44 31 82 375 
44 9 86 93 10 89 382 
68 18 90 71 11 13 193 
84 71 52 56 8 44 245 
88 21 6 67 3 43 261 
28 5 48 79 71 4 226 
4 68 44 13 22 50 130 
84 22 99 54 79 70 262 
39 101 89 26 40 34 230 
90 81 29 9 48 32 164 
15 44 94 42 11 94 328 
5 10 46 87 96 30 17 
102 9 15 26 75 102 364 
6 61 56 32 72 101 59 
88 17 5 76 20 94 285 
80 7 13 70 78 86 139 
93 45 40 46 6 54 361 
74 15 85 76 32 53 38 
85 40 12 41 95 68 70 
95 43 14 78 38 36 90 
4 4 59 99 18 58 56 
17 18 88 68 49 28 60 
4 22 2 90 43 63 387 
69 4 30 85 20 19 400 
5 29 70 70 20 69 288 
14 28 79 16 97 98 277 
24 25 76 48 42 4 372 
22 13 90 98 75 29 141 
2 30 15 100 41 17 53 
91 21 100 30 61 46 368 
96 25 76 47 67 29 185 
80 57 39 79 17 9 338 
17 81 74 47 42 38 48 
100 65 18 59 82 57 138 
6 78 20 83 61 3 108 
90 17 52 10 101 91 91 
76 78 23 26 10 32 300 
42 28 86 21 10 81 391 
62 59 91 87 74 14 301 
81 22 98 58 8 59 114 
66 24 39 43 49 91 101 
89 98 35 74 27 62 265 
52 36 64 53 24 32 115 
60 63 25 29 80 50 388 
59 26 70 4 75 48 308 
6 48 81 63 91 74 297 
63 58 15 49 53 11 120 
87 36 7 86 28 102 29 
62 16 15 71 43 31 127 
73 67 72 54 16 91 187 
90 85 92 35 61 57 393 
8 12 82 28 41 68 291 
92 65 21 49 48 71 180 
34 67 94 50 44 44 367 
93 45 97 39 21 86 399 
53 17 53 70 47 13 224 
6 35 45 4 66 62 332 
4 53 7 71 23 4 227 
20 100 86 18 15 8 60 
69 88 91 22 84 75 163 
50 70 81 3 60 91 116 
35 51 49 81 85 11 366 
94 92 71 100 84 44 134 
19 68 53 34 6 42 154 
49 55 84 83 88 43 218 
85 28 70 65 14 30 350 
51 40 40 33 100 27 305 
98 23 23 2 33 9 130 
4 30 71 56 51 93 348 
98 67 99 98 69 38 41 
66 3 38 72 17 49 278 
31 16 3 9 18 65 211 
35 62 83 57 36 24 330 
100 100 11 66 39 2 217 
74 42 36 32 90 67 133 
22 88 32 18 62 66 300 
16 70 49 35 30 36 258 
7 18 44 35 17 31 268 
5 28 8 80 48 17 231 
75 69 78 29 100 21 56 
76 53 40 76 60 10 343 
32 64 32 11 69 92 275 
26 95 99 75 38 69 70 
62 26 41 16 51 19 169 
3 72 8 32 16 52 128 
67 5 61 59 23 84 296 
66 78 71 82 27 91 200 
76 81 56 63 55 99 61 
29 102 62 11 93 45 120 
94 27 81 55 42 38 243 
92 40 19 17 87 46 391 
51 72 36 26 30 94 111 
93 54 71 64 55 18 157 
5 101 50 33 41 45 294 
53 92 29 87 55 91 346 
43 39 48 70 54 21 320 
32 27 88 65 52 4 5 
75 12 93 89 22 23 352 
41 71 87 48 3 26 398 
82 9 41 77 5 44 206 
