2 4
300
9 27 712 
92 7 558 
30 7 757 
62 82 615 
53 43 770 
21 56 777 
19 46 342 
59 52 497 
19 84 473 
22 27 57 
88 98 221 
12 54 564 
22 55 627 
78 49 99 
85 83 637 
74 28 190 
41 50 297 
37 51 658 
41 52 607 
28 75 184 
12 10 649 
88 76 682 
51 43 724 
27 101 5 
20 43 789 
32 76 565 
85 48 457 
37 83 635 
73 53 386 
48 73 19 
97 96 657 
56 68 320 
34 99 61 
96 25 695 
36 16 401 
38 18 65 
86 12 622 
7 46 223 
68 78 222 
4 17 185 
38 4 574 
89 33 43 
22 66 616 
60 99 626 
64 90 185 
73 2 543 
31 37 287 
41 64 500 
28 92 409 
55 90 737 
14 33 668 
87 60 171 
17 50 683 
46 18 427 
34 28 102 
102 45 452 
7 98 613 
63 75 659 
89 99 327 
11 63 335 
57 69 622 
87 48 544 
97 79 250 
4 58 430 
85 87 157 
85 9 296 
51 28 380 
97 51 752 
17 54 472 
3 99 498 
83 8 713 
45 91 401 
78 49 659 
48 7 538 
27 5 327 
25 80 719 
64 7 734 
6 62 281 
96 62 150 
86 72 767 
11 96 653 
71 23 408 
67 42 784 
72 9 489 
57 5 178 
83 72 374 
54 95 602 
72 41 757 
73 79 374 
55 50 234 
33 94 632 
89 39 92 
88 57 669 
92 59 309 
94 94 797 
32 50 466 
15 16 738 
75 34 630 
22 41 443 
89 100 359 
6 14 749 
70 41 123 
85 71 542 
13 97 120 
66 64 290 
38 80 392 
97 43 236 
91 42 283 
40 60 491 
2 68 796 
59 101 465 
40 88 370 
48 27 428 
85 50 650 
93 4 157 
78 11 570 
44 86 504 
8 94 471 
17 17 586 
59 32 661 
57 84 21 
71 56 784 
60 28 621 
92 92 433 
98 14 761 
51 100 314 
17 64 404 
92 60 671 
38 52 56 
101 25 578 
76 91 776 
73 30 533 
79 24 396 
25 20 680 
96 54 768 
11 13 651 
66 68 142 
35 44 550 
34 67 198 
22 35 28 
91 60 22 
7 19 14 
60 26 689 
30 74 623 
92 94 359 
68 99 56 
90 29 324 
29 37 468 
56 42 383 
30 42 518 
43 59 725 
47 36 489 
83 90 288 
95 53 708 
97 38 768 
43 46 404 
25 67 556 
19 34 50 
66 65 194 
47 54 625 
57 32 689 
23 89 120 
90 47 481 
86 87 67 
73 97 622 
55 33 803 
65 15 788 
99 6 607 
97 26 208 
85 84 580 
38 38 301 
61 40 170 
4 76 405 
82 55 807 
93 41 653 
62 48 300 
32 13 256 
27 84 321 
82 59 214 
12 28 516 
91 7 516 
90 50 408 
73 15 470 
58 53 466 
51 85 485 
100 9 530 
96 37 634 
91 55 578 
42 13 436 
100 81 659 
97 94 399 
88 92 398 
38 5 746 
32 91 271 
81 76 492 
76 78 806 
82 84 413 
63 18 737 
87 3 422 
94 50 303 
99 76 282 
79 63 477 
10 64 760 
13 64 34 
75 66 382 
47 12 644 
13 68 284 
57 20 784 
32 35 624 
60 3 734 
99 45 448 
56 36 124 
101 4 110 
4 68 115 
8 71 169 
49 90 422 
46 43 742 
75 84 672 
4 44 458 
40 49 227 
84 52 503 
5 16 152 
51 21 251 
34 48 61 
68 11 815 
23 51 397 
78 86 372 
27 17 492 
101 26 504 
75 54 747 
61 62 456 
88 22 131 
54 4 453 
4 99 562 
23 14 773 
86 9 595 
84 84 759 
9 65 514 
84 59 289 
3 6 730 
59 79 548 
41 75 699 
53 82 726 
86 70 381 
95 75 704 
79 6 24 
67 17 142 
91 92 574 
100 53 796 
95 5 514 
83 53 801 
68 47 171 
4 84 321 
11 34 222 
86 100 111 
49 16 729 
79 7 434 
35 38 726 
74 70 706 
99 43 175 
90 61 625 
28 5 143 
50 29 232 
68 77 182 
65 58 679 
92 7 750 
59 54 304 
10 18 800 
12 50 125 
11 96 630 
36 7 337 
20 23 600 
52 60 773 
98 100 712 
63 13 250 
33 71 650 
8 84 517 
97 42 724 
86 82 347 
81 18 453 
4 41 272 
53 33 573 
83 48 289 
12 42 385 
99 63 439 
52 49 43 
70 81 646 
37 6 100 
16 42 531 
55 36 338 
33 74 340 
41 96 484 
56 12 652 
62 52 193 
46 98 345 
18 99 645 
37 36 267 
39 13 306 
78 69 291 
23 39 748 
