8 8
300
83 32 16 82 31 71 64 59 552 
97 42 49 21 27 82 15 76 471 
15 81 87 72 57 74 40 68 310 
68 46 88 5 79 40 47 78 1038 
9 100 54 80 12 70 25 23 1178 
81 77 10 47 77 101 33 17 1151 
92 13 77 44 44 65 52 98 217 
50 94 64 11 76 51 19 8 1236 
79 37 70 19 48 36 2 61 1496 
13 23 71 89 75 64 69 58 1059 
90 66 58 91 30 16 56 77 472 
12 72 3 61 31 71 25 56 1309 
4 75 67 43 44 85 73 41 1223 
46 63 21 2 44 20 86 30 689 
22 90 8 56 65 73 7 92 1457 
93 53 94 2 66 21 84 67 1355 
2 49 24 74 20 92 42 12 228 
12 11 30 84 77 2 29 5 1083 
76 50 12 95 38 54 96 82 1428 
84 46 99 2 20 79 37 86 1328 
22 49 72 19 16 55 59 98 1321 
64 11 78 94 76 63 54 10 275 
75 9 14 72 80 40 4 59 1081 
18 12 93 52 49 93 21 9 914 
98 59 36 59 38 42 73 34 1162 
13 92 72 39 50 12 62 64 1255 
72 52 71 34 17 59 88 43 1404 
91 13 64 87 76 69 7 58 846 
85 18 73 74 102 48 68 93 1093 
98 82 64 84 92 87 16 51 933 
89 66 44 79 73 97 56 83 348 
11 28 19 6 34 94 60 79 750 
8 100 52 25 68 26 92 93 1000 
26 10 23 80 73 27 12 20 1501 
12 8 47 78 20 20 27 59 1066 
52 94 50 72 26 15 41 10 831 
9 66 100 20 88 82 36 32 1205 
2 33 57 94 96 16 102 50 1160 
3 32 82 34 101 11 61 42 1608 
16 57 85 10 41 65 76 5 881 
96 94 22 67 44 90 46 26 428 
12 60 100 35 72 78 44 40 1272 
73 77 67 91 61 48 84 22 1225 
92 94 94 94 20 93 62 8 907 
53 37 91 94 90 76 84 50 1331 
2 82 87 9 69 3 87 5 449 
91 6 35 76 86 23 15 56 531 
36 20 42 9 75 66 23 93 51 
91 80 90 93 9 13 67 83 659 
92 85 27 94 10 17 66 74 28 
25 79 54 70 81 36 44 51 488 
43 95 9 23 88 78 100 98 407 
42 100 99 24 11 4 83 25 1155 
9 44 13 27 45 3 64 100 230 
53 23 101 56 51 60 83 25 1432 
35 71 99 52 96 14 92 26 1209 
6 3 69 51 89 58 65 37 116 
21 18 53 8 61 90 64 48 1214 
28 88 50 41 43 88 17 49 877 
76 59 49 101 37 21 29 60 1594 
49 4 36 45 93 17 53 64 126 
39 30 12 11 90 50 40 67 629 
28 67 62 84 36 42 4 91 1265 
62 22 83 34 80 3 92 17 713 
42 84 96 36 90 81 80 79 325 
46 67 71 101 63 73 82 4 1513 
40 67 70 97 43 4 39 94 686 
29 8 52 11 21 75 7 99 1343 
46 94 80 83 5 59 22 61 397 
10 63 61 12 53 79 10 54 820 
78 48 44 94 98 98 39 53 1175 
72 36 48 98 96 66 90 38 153 
17 59 64 13 77 84 80 31 509 
85 19 56 75 3 68 25 31 846 
43 54 98 84 47 54 87 52 401 
80 14 68 97 23 17 69 95 1565 
90 67 73 62 16 70 67 55 556 
20 99 36 82 76 67 14 50 1377 
15 35 14 12 28 27 59 102 277 
67 90 98 41 8 9 72 36 1053 
83 83 40 30 19 93 20 69 855 
93 100 40 3 85 76 33 56 977 
86 81 41 48 5 16 53 2 1064 
40 81 94 28 11 41 3 33 1094 
49 87 19 23 94 61 75 69 29 
81 66 8 24 10 54 50 88 909 
28 37 80 26 80 19 28 82 1444 
63 66 91 101 2 53 9 86 1128 
45 65 89 82 75 38 15 74 596 
62 18 73 42 81 25 86 77 1564 
91 25 9 102 96 14 72 14 40 
15 82 65 56 18 26 85 6 374 
71 48 65 44 13 8 82 69 1041 
20 23 88 68 17 28 58 20 1000 
64 45 71 77 11 63 36 102 1505 
75 7 3 49 59 76 2 17 466 
35 49 14 3 22 30 50 54 1484 
19 49 67 40 100 100 65 23 997 
56 96 39 4 11 13 15 9 999 
65 73 66 13 67 2 99 24 1165 
51 62 26 43 28 59 72 19 859 
29 38 9 5 86 38 15 48 336 
93 33 40 3 90 14 69 87 1323 
29 8 84 67 43 78 28 16 984 
39 15 70 82 34 94 61 88 1168 
56 62 90 30 100 21 82 8 1488 
36 50 75 13 76 43 78 45 186 
73 65 97 33 79 72 78 78 552 
55 13 101 48 44 4 43 15 405 
95 101 10 65 87 37 87 95 1064 
90 28 40 29 6 91 83 90 386 
79 25 86 19 53 24 87 29 1543 
94 90 8 73 73 64 19 84 711 
6 10 79 62 48 86 7 90 823 
97 28 9 12 67 56 80 66 1461 
43 78 50 88 80 60 42 95 88 
61 19 57 79 12 24 48 79 1309 
48 18 79 102 14 65 73 92 23 
90 84 24 54 94 8 74 78 107 
98 19 32 21 22 55 81 48 1166 
97 21 18 87 66 90 76 34 783 
15 43 66 87 17 90 59 54 184 
85 9 27 51 6 37 18 52 973 
52 29 99 26 23 68 94 78 1158 
88 5 19 36 80 62 60 62 565 
45 13 5 44 65 69 44 97 642 
49 48 17 83 71 16 31 26 91 
53 91 22 99 95 41 19 73 804 
96 52 31 67 93 47 2 75 647 
59 11 66 31 83 28 29 47 493 
58 7 36 5 7 56 57 9 1152 
17 48 19 66 26 93 20 50 748 
12 84 57 72 83 98 77 74 246 
43 24 10 95 72 51 10 63 1084 
17 93 47 77 12 86 76 87 446 
24 95 86 75 13 35 82 19 1023 
77 89 26 40 30 35 41 15 1386 
65 24 77 71 58 66 27 5 940 
3 38 74 74 98 98 71 54 1292 
33 70 13 77 15 56 88 36 1214 
44 79 65 14 37 99 101 13 1036 
54 56 39 23 50 10 77 81 1321 
92 5 93 30 71 78 56 11 734 
76 90 11 23 85 24 91 85 433 
97 91 2 78 75 86 34 19 1606 
44 12 23 5 101 36 75 98 501 
86 16 10 89 60 29 54 27 380 
57 33 73 17 33 67 83 82 1467 
83 17 32 8 98 54 80 14 1604 
26 73 91 77 50 89 93 8 1118 
21 10 33 75 26 50 63 79 1404 
29 29 81 57 24 21 46 94 1320 
2 79 20 57 11 48 31 29 889 
36 82 84 86 26 28 99 65 1174 
60 9 93 85 47 21 68 53 1390 
21 71 51 72 33 58 8 93 466 
53 66 101 87 47 99 95 29 1598 
6 45 5 55 60 61 49 87 1391 
92 20 34 101 91 60 63 11 953 
8 66 50 28 80 35 99 48 1613 
74 75 64 96 91 20 23 65 131 
84 68 13 91 25 48 73 18 1200 
98 53 77 43 26 38 40 90 1024 
52 79 66 72 58 14 63 76 201 
25 98 30 16 80 28 53 80 702 
50 18 43 4 57 64 61 3 1546 
26 33 51 28 58 4 57 73 1395 
45 15 12 100 31 51 36 50 322 
47 84 75 51 92 48 95 93 1165 
24 50 24 4 12 57 20 39 704 
66 99 43 29 61 9 43 9 1073 
35 52 90 94 70 10 45 16 307 
24 77 43 5 35 67 32 36 384 
66 43 4 57 83 94 8 72 835 
81 20 26 68 10 85 82 62 669 
86 31 81 16 61 98 38 98 1004 
4 63 65 78 98 27 86 79 1075 
65 80 71 97 89 100 59 66 1563 
97 58 69 60 24 75 26 48 77 
46 52 84 8 20 87 33 6 153 
90 5 24 101 84 33 19 19 1342 
74 91 44 83 60 98 2 43 657 
97 46 41 92 54 52 22 42 448 
86 59 61 86 67 85 91 71 992 
76 99 76 37 42 7 93 54 946 
64 65 94 88 8 79 47 38 966 
72 100 53 74 80 44 6 35 982 
25 90 26 61 95 91 37 29 732 
68 61 6 36 101 102 94 60 1260 
37 100 53 84 42 31 26 20 1152 
11 4 20 34 33 9 47 70 1051 
36 5 72 5 53 81 34 80 1255 
57 39 102 54 82 22 67 71 583 
11 43 50 97 37 77 20 28 407 
29 37 30 99 91 32 37 60 893 
9 34 49 73 52 64 54 71 1330 
73 60 24 100 69 65 73 38 457 
18 41 71 97 87 28 57 8 708 
51 60 50 71 18 24 68 60 594 
91 40 93 88 46 68 95 49 1108 
5 31 70 67 28 55 4 21 320 
88 14 50 23 19 46 20 5 192 
35 4 43 102 34 11 28 84 1604 
39 32 97 5 4 39 60 53 1257 
77 86 33 97 69 99 5 82 747 
91 70 23 49 70 43 56 62 749 
28 6 99 61 41 46 56 67 1455 
27 85 12 12 65 68 69 45 302 
82 40 36 46 99 54 65 40 232 
80 93 64 56 51 44 94 33 779 
82 18 48 89 43 4 10 80 1577 
38 80 7 57 82 27 25 76 361 
14 84 9 46 98 3 32 79 1214 
29 73 36 69 21 34 20 89 449 
75 95 99 34 38 21 58 29 970 
11 24 13 39 33 77 22 82 799 
43 38 22 47 59 66 30 83 109 
65 71 62 75 39 95 100 52 1316 
27 82 49 89 91 71 43 23 893 
65 93 43 60 49 41 85 79 832 
10 30 38 35 6 57 15 95 955 
102 38 87 20 41 83 97 97 4 
4 56 49 53 5 39 11 67 1468 
68 6 24 23 92 63 44 92 359 
47 95 78 94 76 98 12 44 1383 
72 47 54 62 66 54 41 83 374 
6 59 27 101 25 41 67 49 1450 
39 81 48 26 78 51 61 52 40 
26 12 81 54 42 64 54 42 319 
40 8 43 72 84 12 40 40 532 
99 48 72 39 29 30 9 76 1020 
41 48 71 5 3 16 51 17 1147 
45 54 19 65 49 85 22 29 661 
50 68 99 38 88 40 19 64 70 
35 89 86 54 47 68 101 15 1537 
52 38 7 29 23 69 41 96 1408 
17 36 100 88 19 102 89 60 122 
67 5 61 33 88 41 11 19 449 
88 94 9 53 66 37 91 71 1489 
37 23 48 32 99 94 54 3 448 
8 48 72 86 66 89 61 36 161 
37 21 52 68 20 6 42 55 45 
81 66 73 66 99 50 11 54 610 
64 37 8 69 81 86 14 6 1149 
60 4 30 22 94 31 27 56 812 
43 71 6 44 92 46 91 74 605 
59 44 51 24 78 14 51 99 1616 
5 70 42 67 56 16 36 84 826 
77 61 74 43 41 45 100 69 1358 
36 22 47 65 80 9 49 57 1011 
23 38 29 18 73 97 32 23 1410 
11 78 17 92 10 10 95 16 222 
67 17 5 8 25 10 31 18 1263 
56 43 92 36 20 101 54 14 761 
26 61 90 79 13 20 59 91 1490 
70 46 14 39 71 66 95 85 658 
61 17 14 20 89 58 19 78 1315 
99 78 60 19 40 98 63 72 901 
28 89 6 87 52 36 19 63 1168 
68 19 74 28 42 37 60 95 1592 
36 7 74 34 62 37 39 62 221 
35 53 8 18 78 102 10 70 1557 
38 76 67 80 3 29 86 54 973 
11 73 37 24 60 47 100 29 1051 
85 95 29 71 50 92 23 86 152 
67 52 43 74 20 75 42 24 309 
34 58 6 47 50 10 77 30 1460 
80 13 95 63 20 51 37 27 1216 
70 69 28 78 59 20 19 21 40 
21 39 55 64 84 38 28 68 1161 
63 40 47 21 96 22 2 44 1184 
18 7 33 94 38 94 100 74 909 
95 59 101 88 30 32 8 58 1482 
39 18 31 59 37 54 80 77 1427 
32 51 74 8 78 17 47 3 231 
73 28 3 63 66 13 82 35 154 
75 77 12 17 15 40 31 66 433 
46 61 72 81 17 64 7 71 376 
85 89 83 86 43 29 18 37 492 
92 78 54 20 79 3 45 7 2 
80 17 37 36 79 14 91 3 689 
46 94 14 41 58 97 90 99 753 
30 91 36 85 101 81 10 41 1429 
76 28 84 70 38 12 64 29 886 
89 51 13 71 97 41 87 74 706 
20 53 22 59 32 82 57 16 265 
68 97 17 59 29 39 26 16 1232 
62 78 57 4 80 30 43 2 784 
37 62 96 97 100 30 37 92 1443 
69 19 98 5 15 24 95 98 535 
41 33 25 75 46 83 66 27 1564 
90 18 75 94 18 32 34 22 898 
24 73 98 89 23 39 51 59 1579 
82 59 65 35 11 84 98 4 1136 
27 64 17 15 33 75 34 50 1206 
17 77 3 68 73 95 69 73 405 
38 54 11 88 27 89 86 86 1112 
35 56 9 93 99 16 62 8 949 
42 11 42 25 57 76 65 36 1342 
98 16 88 72 68 40 59 61 820 
