4 8
300
24 19 37 27 160 
16 59 9 49 1229 
78 34 90 23 1320 
77 32 54 94 890 
4 83 70 26 984 
22 66 87 51 1365 
19 90 26 12 1134 
39 101 30 12 67 
82 101 61 56 1519 
45 91 16 97 317 
74 17 8 100 1247 
44 51 14 67 1459 
52 74 60 65 954 
90 10 80 54 711 
78 4 44 90 1212 
5 24 16 33 281 
33 53 92 32 189 
4 85 27 36 455 
90 89 65 23 886 
10 43 98 98 89 
37 13 64 54 712 
72 74 19 26 1195 
22 37 83 50 950 
101 84 30 54 918 
7 85 46 26 904 
91 41 24 36 1082 
64 28 20 27 1339 
22 91 40 89 675 
32 67 3 63 129 
55 8 17 64 902 
27 15 46 41 7 
54 69 40 98 895 
33 52 86 60 183 
96 19 58 68 623 
12 46 43 12 431 
42 83 86 18 43 
85 26 61 81 667 
51 84 81 27 484 
55 52 44 34 169 
81 84 46 51 222 
38 52 51 26 732 
83 74 36 15 988 
73 85 24 96 1172 
9 93 7 19 1017 
15 40 33 38 1388 
62 4 12 2 768 
60 40 36 5 1088 
35 77 37 36 973 
79 50 68 66 955 
72 30 50 62 54 
90 79 29 89 15 
100 21 15 41 1382 
81 64 36 68 39 
35 51 22 29 631 
34 58 73 59 1395 
67 74 69 80 252 
34 56 52 99 958 
83 13 49 4 1124 
16 64 98 51 1316 
16 16 102 64 410 
23 10 23 23 1156 
34 8 71 4 588 
28 54 37 26 857 
27 15 39 9 343 
24 4 20 60 395 
73 62 24 79 1161 
53 74 6 55 1547 
26 35 30 28 430 
77 44 47 68 707 
64 29 74 99 912 
3 79 94 43 45 
20 92 65 99 5 
74 86 95 33 1392 
55 50 84 31 465 
94 87 13 83 745 
83 59 54 17 1011 
46 90 27 23 1138 
75 82 65 52 1247 
36 72 33 28 881 
93 51 17 83 1469 
16 46 45 70 1048 
19 69 13 98 358 
64 40 50 37 916 
86 62 74 63 197 
75 87 34 55 1539 
23 56 87 29 894 
34 44 74 27 778 
102 47 58 59 868 
9 71 69 30 239 
99 25 97 72 1138 
33 79 56 71 276 
31 14 92 76 701 
65 84 86 43 1470 
22 68 25 90 918 
41 6 17 10 90 
6 20 6 40 1595 
101 60 17 60 388 
56 90 5 10 298 
90 57 84 16 1477 
27 87 28 40 1543 
33 2 10 16 506 
30 64 48 65 203 
14 10 54 78 724 
6 69 29 19 581 
34 64 16 72 1113 
85 23 3 19 1318 
22 93 68 46 1094 
100 53 3 29 1568 
94 43 42 98 103 
82 6 8 72 1409 
60 60 11 5 1018 
70 88 40 48 775 
8 63 31 84 1510 
23 44 10 11 749 
55 68 102 23 710 
93 24 20 65 1438 
82 18 33 33 379 
64 84 65 83 1611 
15 15 58 81 1468 
33 14 60 5 1393 
40 97 98 26 538 
94 60 90 61 1168 
48 69 77 59 1103 
92 32 100 61 507 
41 81 29 13 540 
43 12 23 33 207 
80 67 17 80 822 
86 21 10 100 512 
5 96 6 12 862 
48 40 100 14 1623 
3 16 100 74 758 
60 71 88 93 1504 
84 40 59 49 1519 
83 54 99 9 1357 
73 24 2 30 454 
47 78 19 60 1425 
5 14 11 34 189 
66 68 45 34 1501 
18 36 19 8 808 
68 39 59 19 1170 
96 44 93 31 465 
81 16 72 47 24 
85 54 30 5 1460 
72 30 27 37 470 
17 11 67 17 1100 
39 7 97 81 1013 
10 21 2 88 1529 
63 22 83 5 532 
53 98 100 32 154 
66 8 16 18 1294 
39 14 24 90 931 
86 79 78 63 1487 
76 21 94 85 1527 
66 54 43 12 463 
52 50 24 5 1275 
21 13 37 8 55 
33 94 80 101 407 
98 99 14 31 157 
87 46 21 14 957 
33 6 17 39 746 
15 67 6 90 482 
91 93 21 12 628 
75 44 72 60 980 
84 43 95 60 1599 
68 41 14 2 716 
8 31 11 46 764 
16 98 100 62 1481 
68 90 92 72 582 
7 81 4 93 601 
44 76 63 54 1245 
92 14 60 41 1294 
75 55 5 46 391 
63 83 77 65 395 
79 46 12 69 1528 
96 53 25 24 1520 
90 39 23 66 26 
34 69 59 70 923 
5 40 61 83 289 
16 86 48 48 1221 
26 6 41 69 980 
100 66 96 61 1335 
41 91 37 48 1494 
38 33 42 45 1504 
96 26 9 9 351 
40 87 31 52 1304 
12 7 79 49 1137 
86 100 56 6 59 
70 75 100 88 282 
16 5 15 91 1334 
84 46 5 56 1323 
101 99 34 47 355 
15 36 47 81 1169 
36 14 90 78 129 
39 79 38 41 396 
23 28 22 92 126 
37 74 42 70 1592 
68 4 25 68 1149 
88 68 11 84 1485 
35 30 22 17 1352 
4 17 39 84 723 
7 10 66 32 981 
75 79 45 40 1410 
43 97 79 83 98 
35 91 24 8 353 
73 70 57 50 1481 
95 8 8 9 98 
22 37 60 26 1505 
60 40 95 8 1583 
11 26 73 97 824 
41 53 41 11 822 
15 95 34 62 1191 
40 55 18 41 1094 
69 73 38 34 1080 
8 38 55 91 786 
97 98 17 11 202 
50 98 61 100 847 
44 69 99 58 1520 
29 5 100 53 892 
6 24 56 41 485 
40 90 42 31 728 
5 100 52 63 911 
19 80 25 50 415 
43 96 20 89 412 
102 76 81 41 641 
5 40 5 36 716 
74 43 78 81 1215 
62 59 32 55 806 
46 20 38 3 1241 
51 82 52 27 222 
12 7 69 16 486 
66 11 3 92 678 
66 97 17 19 1366 
78 4 46 75 1070 
86 67 66 40 1326 
84 40 81 65 1471 
25 90 79 23 554 
69 76 64 51 179 
53 58 42 14 1385 
51 4 22 19 3 
49 38 79 62 479 
47 43 32 35 777 
28 32 40 2 300 
79 20 96 85 269 
4 42 97 65 234 
30 27 54 55 533 
82 20 63 65 698 
90 13 19 94 1445 
29 46 31 4 1389 
23 20 42 96 133 
33 10 39 3 1597 
10 43 17 48 19 
22 90 79 2 1106 
9 71 77 59 502 
68 3 5 96 1464 
60 13 95 79 1517 
12 87 61 47 36 
74 84 63 67 572 
49 98 74 93 1113 
41 69 31 36 1268 
55 45 84 65 682 
32 7 44 13 650 
99 50 39 55 1482 
37 31 34 100 1565 
28 10 13 24 1371 
72 31 14 28 836 
93 84 61 102 657 
70 5 98 5 1178 
69 41 52 27 618 
101 61 21 102 543 
11 37 33 40 846 
47 34 62 81 1166 
3 95 18 62 799 
17 91 39 14 379 
34 36 31 28 474 
89 60 88 87 1390 
14 11 15 95 689 
58 53 23 50 1553 
38 45 19 34 1156 
76 25 92 78 367 
12 23 9 79 23 
77 9 6 11 1066 
89 48 77 96 979 
94 82 25 20 1524 
66 70 92 19 1426 
91 19 99 57 895 
65 70 11 64 1227 
92 4 38 94 1091 
51 49 14 85 133 
91 70 25 74 1287 
96 2 74 85 949 
44 34 92 91 207 
60 11 51 56 38 
21 39 15 21 1139 
92 46 33 53 726 
20 58 9 11 1598 
23 96 27 78 990 
65 98 29 6 541 
60 15 49 81 139 
42 100 59 82 1453 
54 57 6 4 1455 
