8 2
300
65 58 6 3 91 37 70 55 282 
42 97 36 58 100 41 43 47 112 
33 17 33 5 83 52 49 35 219 
24 82 91 14 46 41 14 17 203 
82 102 46 37 20 94 75 92 133 
35 64 74 51 43 21 36 90 308 
97 62 77 57 56 58 84 48 296 
82 30 53 97 46 85 92 63 185 
85 99 99 41 33 94 19 16 291 
83 75 41 73 80 57 65 18 223 
77 27 48 90 55 74 22 95 253 
83 40 20 91 61 82 76 52 373 
81 58 32 85 39 42 87 3 298 
36 11 52 98 33 30 31 17 149 
101 98 46 27 21 40 32 39 309 
56 94 16 61 99 30 66 87 246 
27 93 90 7 5 54 101 88 343 
14 87 9 92 63 45 46 76 222 
49 56 39 94 56 3 67 33 37 
61 77 14 24 34 49 69 6 100 
50 96 95 94 28 35 56 20 212 
71 66 33 73 17 25 76 19 126 
25 35 40 89 43 74 46 42 48 
74 92 55 62 25 59 21 97 328 
63 57 30 6 40 38 51 98 275 
79 89 62 91 49 18 18 46 292 
89 63 55 23 50 87 24 84 113 
101 11 43 77 54 22 45 15 250 
4 21 96 4 40 47 7 69 217 
53 85 45 39 46 80 87 34 141 
29 43 9 45 85 58 10 52 353 
28 4 37 42 49 37 57 16 107 
79 87 25 10 18 84 34 72 405 
86 64 67 65 92 22 87 17 295 
56 61 38 40 96 90 61 81 263 
20 13 38 10 84 32 54 10 196 
13 21 27 28 13 14 59 26 357 
23 65 14 18 57 33 65 3 225 
92 41 93 37 51 39 19 17 244 
65 78 82 37 13 84 74 76 393 
49 30 50 26 83 72 3 40 67 
54 4 58 7 47 84 77 64 282 
59 78 72 90 10 98 55 96 195 
9 88 54 33 46 83 37 17 295 
9 68 60 23 36 13 23 67 54 
6 60 33 101 62 50 14 17 400 
28 62 22 54 73 89 24 95 215 
66 23 60 77 72 32 11 70 392 
13 38 44 61 69 45 85 51 146 
19 11 27 6 20 30 85 11 228 
54 57 97 74 101 43 61 59 182 
57 31 90 3 91 94 54 4 325 
58 68 95 79 70 24 53 7 346 
29 62 5 32 94 63 76 59 55 
3 41 39 3 3 11 101 31 82 
49 18 21 35 54 19 51 29 175 
65 77 89 75 22 95 58 33 400 
44 27 40 30 28 34 81 53 256 
44 56 68 86 80 42 4 6 364 
67 97 10 88 83 66 20 14 333 
29 29 21 46 47 72 13 59 19 
84 22 92 89 56 2 56 8 298 
79 81 100 49 73 18 6 93 151 
92 58 46 75 11 17 53 55 101 
46 100 11 98 75 23 37 22 346 
101 80 43 9 34 76 93 43 135 
86 81 58 5 42 56 35 23 8 
62 11 12 77 38 3 78 12 35 
66 83 8 79 14 53 33 7 55 
98 85 26 71 84 70 84 69 299 
70 43 60 57 65 54 21 77 49 
76 26 44 42 33 23 68 30 245 
28 9 70 7 73 37 43 39 154 
79 93 29 44 95 71 30 10 285 
52 11 20 56 59 38 41 59 330 
73 57 54 5 5 56 10 58 244 
7 65 71 25 16 28 17 44 345 
87 35 32 74 14 25 54 19 78 
44 74 52 34 68 17 56 72 334 
87 77 90 74 36 40 12 24 183 
2 28 97 95 42 17 54 56 101 
52 101 45 31 53 88 38 69 342 
12 76 99 57 71 46 46 32 276 
99 15 101 95 64 92 80 53 369 
25 51 34 37 82 13 92 6 290 
41 58 26 3 39 69 56 2 200 
49 47 60 54 51 12 50 57 172 
27 60 39 55 53 102 98 14 74 
54 77 96 88 67 67 75 7 303 
46 97 78 34 41 64 43 33 27 
35 73 2 24 89 27 71 67 190 
36 88 7 26 8 26 51 4 104 
57 63 83 95 81 46 38 6 244 
68 95 21 77 14 22 95 65 168 
19 32 90 71 19 102 20 40 81 
71 22 92 54 85 38 39 88 287 
27 42 94 59 88 85 67 5 294 
30 62 76 87 33 44 85 34 297 
39 87 46 83 76 43 26 69 343 
72 16 12 84 39 28 51 70 96 
51 63 46 7 6 16 30 93 321 
48 86 91 50 70 54 66 3 6 
28 46 67 53 35 21 101 98 362 
64 47 24 50 38 64 21 37 291 
30 33 83 33 56 86 65 81 336 
97 24 48 60 21 39 27 25 99 
60 100 30 27 8 10 27 67 188 
58 99 51 29 30 36 83 38 284 
22 98 93 84 91 56 39 7 301 
45 7 29 87 26 14 40 64 152 
45 5 27 75 8 90 40 8 333 
35 70 96 15 79 85 70 7 114 
35 78 11 76 91 4 37 84 248 
21 73 75 38 90 69 99 39 133 
47 49 92 4 46 84 74 5 152 
82 32 29 46 20 21 87 7 350 
30 71 17 25 40 25 30 21 147 
10 99 81 29 18 42 53 25 240 
40 33 34 29 3 87 67 57 215 
35 78 55 57 54 86 83 71 279 
20 24 11 68 76 27 49 67 28 
60 54 16 90 95 97 62 49 301 
56 3 70 31 60 85 73 97 177 
85 55 47 98 48 49 73 35 7 
52 73 59 9 83 39 81 9 13 
40 47 85 60 97 7 12 29 281 
2 90 66 28 97 81 84 66 48 
63 64 8 69 18 62 96 12 310 
18 49 22 33 52 53 82 35 203 
62 27 60 43 88 22 80 73 182 
39 26 78 80 26 19 28 20 184 
99 73 31 25 66 87 31 96 325 
51 72 40 15 47 65 32 24 158 
55 23 79 88 91 47 18 59 350 
102 40 25 5 7 35 8 86 253 
22 40 63 76 14 94 42 31 7 
8 26 81 15 50 5 80 75 396 
70 12 84 86 9 9 101 31 229 
59 47 66 7 9 63 3 11 344 
79 81 11 87 48 62 46 11 133 
9 89 92 22 27 35 38 40 301 
82 38 33 56 77 85 38 85 343 
39 3 19 20 14 41 20 4 382 
90 85 66 24 42 100 77 94 173 
68 38 23 34 71 71 90 23 298 
55 25 6 28 51 65 78 9 34 
17 91 76 53 4 25 41 49 227 
12 61 99 35 81 85 43 72 192 
65 7 34 50 32 94 68 67 322 
91 65 36 2 48 35 92 62 17 
70 18 36 100 95 24 16 80 253 
78 23 45 23 87 82 19 14 10 
78 69 61 84 86 39 46 52 345 
24 11 15 66 45 21 81 75 221 
14 68 14 12 37 54 32 92 182 
38 70 80 56 86 35 33 16 381 
47 87 33 99 55 45 40 94 280 
51 15 80 26 44 13 28 6 191 
92 68 34 9 54 97 95 11 333 
8 70 27 81 35 31 28 36 359 
25 17 15 71 74 45 86 83 314 
69 14 28 69 30 82 89 43 194 
64 40 35 38 7 47 63 33 99 
45 72 82 50 100 10 25 5 365 
36 23 96 91 25 74 20 28 395 
58 41 42 48 94 94 84 66 391 
57 88 12 70 10 43 21 43 46 
99 20 16 20 46 27 92 55 85 
55 75 18 63 21 80 50 8 376 
86 99 80 90 68 35 14 70 70 
81 68 15 55 72 84 63 23 35 
85 40 97 17 58 41 73 31 374 
82 96 70 34 22 4 51 37 179 
35 11 54 83 8 77 10 13 356 
10 102 5 36 3 100 72 67 277 
99 71 44 40 18 40 44 34 306 
51 50 47 13 7 37 40 29 49 
58 4 34 22 8 47 54 66 119 
90 49 95 72 63 57 36 54 268 
4 97 95 16 41 76 2 61 259 
44 99 97 70 97 76 88 16 259 
38 78 65 99 88 55 11 55 348 
84 81 88 92 79 54 71 38 132 
21 44 65 60 22 49 83 12 274 
35 22 54 21 86 49 94 101 309 
5 7 11 42 7 88 91 20 326 
79 54 22 45 101 61 44 69 293 
3 79 59 18 18 78 88 77 137 
35 65 98 41 100 80 79 69 129 
25 81 39 78 72 3 70 6 239 
49 93 23 95 79 18 78 93 89 
21 89 91 35 56 32 55 57 225 
86 40 56 44 68 34 29 21 362 
36 26 9 57 50 13 19 41 347 
14 42 88 82 65 9 59 60 326 
44 92 26 10 25 17 48 86 271 
7 7 27 91 68 61 29 44 274 
16 66 41 80 18 18 47 43 62 
71 6 77 49 87 10 54 87 120 
66 28 3 95 11 66 47 15 139 
62 26 77 29 54 24 42 45 386 
43 66 76 10 65 85 102 79 323 
94 60 22 18 38 83 32 65 64 
68 23 57 77 35 5 84 86 72 
42 44 54 55 9 45 16 14 87 
57 58 65 20 95 33 87 56 225 
16 46 89 96 100 91 9 76 90 
42 68 34 73 28 81 68 62 148 
29 41 52 79 5 27 62 77 31 
54 50 30 25 91 81 50 70 166 
32 48 46 65 48 36 23 76 186 
91 86 32 86 55 35 97 61 62 
7 39 43 65 36 25 84 57 106 
96 18 79 55 25 60 40 38 57 
94 66 95 19 58 31 81 72 369 
79 70 97 97 30 33 66 46 128 
101 69 14 23 83 93 10 29 236 
70 39 64 73 48 19 22 5 387 
24 90 83 14 86 66 35 7 356 
32 101 90 48 90 81 29 41 279 
4 74 85 3 11 31 73 13 138 
31 8 23 80 77 27 38 44 229 
52 89 86 50 90 78 6 80 115 
71 24 51 85 46 9 51 20 130 
14 23 81 53 43 75 33 6 402 
68 54 26 66 13 48 25 79 212 
87 56 86 8 99 33 4 4 363 
87 48 64 16 32 59 95 25 90 
79 101 48 13 19 86 80 40 109 
5 8 13 5 62 69 57 66 261 
50 8 26 50 52 41 86 48 236 
38 54 24 70 72 89 26 48 321 
7 76 39 102 31 61 6 100 394 
80 84 89 98 61 68 95 47 73 
100 30 51 10 29 73 29 43 355 
6 38 37 26 80 15 90 52 368 
29 50 79 67 46 54 44 8 261 
73 43 95 58 77 27 72 28 75 
32 100 49 68 75 90 74 2 256 
63 56 6 75 9 11 77 68 397 
43 35 86 99 68 23 10 58 3 
96 50 63 12 56 54 98 61 214 
45 63 77 92 95 46 91 83 211 
62 100 36 86 83 11 30 31 379 
36 34 34 28 60 20 89 79 214 
4 53 3 53 80 51 59 34 21 
24 53 42 43 10 87 72 49 237 
69 13 69 54 85 26 61 64 109 
22 20 5 59 4 18 93 89 125 
53 11 22 87 29 51 6 7 320 
55 95 26 49 58 13 62 22 272 
87 51 70 78 94 17 24 38 61 
4 67 51 26 51 23 56 21 160 
40 84 86 20 50 80 48 9 282 
5 75 64 94 100 84 51 8 156 
65 76 19 7 65 92 36 5 165 
32 30 46 5 95 39 74 24 159 
84 69 3 92 33 87 48 22 259 
55 11 69 69 77 45 85 94 183 
24 35 21 96 86 48 39 18 320 
27 102 82 26 22 78 45 69 160 
39 74 46 33 60 45 29 84 381 
75 65 56 3 22 3 95 52 364 
22 91 86 58 55 16 9 23 82 
85 31 91 94 25 10 6 48 81 
3 93 76 78 69 4 54 67 218 
27 26 82 81 33 73 88 25 321 
57 83 21 31 26 39 26 46 217 
7 83 42 48 99 75 84 94 241 
17 46 24 83 5 90 63 84 397 
41 7 99 20 7 102 31 51 268 
102 73 69 39 54 25 51 50 340 
15 81 29 9 99 41 14 74 324 
59 76 80 33 70 44 42 86 161 
58 89 78 42 19 50 10 84 86 
94 79 94 101 34 58 7 50 16 
72 34 10 60 8 35 23 74 306 
90 71 5 27 99 70 86 96 249 
9 76 64 81 102 17 21 22 385 
90 60 44 24 28 22 40 72 215 
33 100 83 45 21 46 75 22 56 
19 70 82 26 17 40 97 100 303 
43 93 34 95 41 88 41 35 61 
35 67 44 85 88 29 17 54 390 
82 67 57 20 8 82 4 3 213 
16 65 45 5 30 31 48 99 322 
22 41 61 96 5 88 32 42 224 
73 37 83 55 11 65 45 16 135 
21 25 87 54 93 39 36 27 285 
74 32 40 15 39 91 51 97 58 
39 88 63 71 90 67 27 33 274 
73 64 56 82 62 15 98 29 301 
95 70 50 24 62 80 18 60 45 
19 60 100 94 6 16 51 8 117 
73 53 37 22 29 62 73 65 260 
17 93 71 27 19 12 18 57 111 
68 17 28 85 54 33 57 10 299 
71 81 60 42 34 56 87 27 311 
41 75 43 90 53 98 17 3 271 
43 94 42 90 78 51 89 85 374 
