6 2
300
29 32 43 33 52 75 252 
3 61 9 73 39 15 162 
65 81 21 9 46 95 248 
46 23 22 88 33 44 167 
20 28 99 50 14 62 389 
63 75 66 26 79 89 25 
81 64 65 54 44 11 156 
28 46 55 75 97 18 336 
11 23 48 20 33 23 340 
34 12 25 26 55 46 11 
8 57 84 69 8 57 269 
61 58 35 91 36 5 375 
85 46 76 20 46 15 212 
54 20 8 48 68 24 189 
54 42 30 91 67 38 82 
91 73 8 90 63 18 205 
67 15 31 99 20 94 204 
69 51 9 11 33 52 224 
38 78 22 43 35 22 32 
18 7 102 71 69 74 381 
74 70 32 84 99 4 353 
7 79 52 49 33 98 347 
93 23 82 36 88 67 216 
97 88 50 30 99 45 202 
10 31 30 53 22 58 384 
83 79 29 36 51 70 128 
102 73 95 4 25 24 101 
86 22 37 83 9 43 318 
84 84 56 2 61 39 399 
50 24 98 13 42 93 45 
47 55 102 39 99 24 388 
17 57 28 75 22 27 98 
11 95 72 15 18 18 403 
97 75 36 91 33 35 213 
51 99 93 86 34 16 161 
69 37 46 12 21 85 274 
29 30 29 41 14 76 157 
31 28 100 26 76 14 204 
82 68 49 68 90 45 269 
60 37 92 91 13 86 173 
60 28 5 98 36 34 277 
47 9 53 21 61 16 84 
73 95 61 59 4 92 357 
71 99 46 33 41 3 284 
95 39 52 3 92 98 292 
2 97 30 42 82 84 143 
61 99 49 31 31 48 353 
44 32 33 12 97 57 360 
31 61 67 97 33 100 213 
72 2 20 72 19 51 290 
100 33 19 24 10 55 46 
2 99 4 12 57 85 212 
9 21 93 97 44 85 292 
38 65 48 51 86 85 361 
99 31 61 14 99 18 179 
101 16 90 89 4 79 118 
64 65 87 78 17 2 259 
83 29 77 78 67 101 253 
71 73 75 26 72 24 16 
69 45 100 61 69 10 34 
7 6 10 42 8 45 301 
102 63 75 71 85 27 67 
5 86 38 33 18 84 124 
45 17 65 34 57 27 388 
22 89 19 50 94 57 311 
25 69 38 61 59 90 283 
12 102 57 89 99 89 264 
61 64 29 53 28 80 251 
91 46 10 53 20 80 324 
77 58 23 92 72 42 327 
19 2 74 62 96 63 138 
17 10 47 60 40 33 252 
27 92 98 68 80 17 139 
25 30 10 41 12 92 146 
45 36 99 29 50 86 171 
64 57 94 34 19 30 302 
38 65 95 82 50 20 205 
68 27 26 94 27 48 382 
74 66 23 86 73 100 294 
76 50 32 92 48 22 257 
37 7 36 62 89 62 358 
67 17 61 64 74 88 315 
11 75 37 25 40 50 367 
93 73 50 48 32 4 251 
18 65 92 3 100 89 128 
22 92 34 40 88 8 32 
51 64 24 100 14 97 266 
77 97 70 10 74 75 182 
36 88 16 59 60 28 200 
54 71 62 77 100 48 366 
84 5 86 54 44 85 170 
11 28 50 20 9 98 169 
69 24 95 28 16 89 351 
7 20 84 30 81 61 399 
94 64 26 16 51 77 378 
94 85 58 31 92 5 101 
62 68 41 53 32 10 344 
49 69 50 86 61 6 317 
87 4 26 65 26 46 72 
66 26 5 60 23 50 307 
41 39 99 26 86 63 182 
54 45 79 51 53 15 184 
97 77 32 92 74 17 31 
83 34 68 68 61 9 394 
44 38 95 11 61 11 37 
32 54 62 77 44 35 137 
62 49 16 75 32 74 281 
51 76 70 51 36 70 237 
7 33 60 26 56 50 44 
9 86 42 94 6 38 266 
26 72 17 31 84 76 87 
87 54 95 31 37 30 379 
64 27 62 28 43 53 104 
23 5 53 90 87 25 216 
65 76 84 28 38 6 104 
6 55 22 54 96 39 82 
81 66 97 21 22 19 185 
61 82 68 65 88 42 14 
69 66 43 98 53 70 92 
80 14 5 101 26 70 237 
74 42 76 49 16 7 174 
40 58 71 68 8 10 19 
96 18 65 52 66 24 153 
92 81 58 46 71 99 4 
55 94 21 98 52 89 356 
41 94 18 74 37 63 117 
10 74 32 47 62 20 342 
98 42 51 63 47 23 335 
63 20 5 47 10 44 350 
65 52 72 58 23 19 226 
26 49 80 31 64 11 332 
9 27 101 10 81 19 234 
54 72 37 7 69 7 319 
76 15 29 29 21 45 184 
23 62 91 42 3 31 293 
96 73 33 86 14 3 221 
95 6 39 31 27 30 48 
82 37 53 56 14 79 207 
35 53 5 45 68 38 351 
67 11 70 80 90 88 239 
101 5 23 57 7 26 328 
11 92 100 96 16 36 171 
27 40 88 92 54 23 248 
22 31 43 48 66 70 117 
97 70 52 39 45 55 332 
34 32 101 9 55 72 100 
63 7 51 54 5 46 164 
73 85 91 39 67 100 320 
77 82 11 43 58 54 58 
24 50 59 73 83 62 380 
11 89 85 100 53 38 243 
26 94 96 63 26 90 100 
88 63 2 80 57 5 235 
51 92 68 99 20 12 161 
59 94 82 24 86 49 255 
98 8 40 16 63 21 206 
91 18 82 34 66 92 148 
88 59 95 27 59 38 242 
99 19 3 35 28 22 276 
102 15 41 42 44 64 367 
57 64 67 96 86 9 249 
76 88 67 57 23 5 288 
37 89 99 29 13 5 404 
91 39 83 37 101 85 362 
4 43 94 24 30 48 127 
97 31 33 76 31 100 94 
33 38 80 8 19 99 267 
28 44 15 33 61 93 272 
27 85 61 87 27 74 294 
48 75 35 95 59 42 161 
61 68 55 84 7 78 238 
3 5 32 84 88 25 312 
101 81 93 71 57 66 289 
47 75 91 6 28 53 348 
64 47 15 62 59 28 274 
78 62 51 56 16 10 96 
82 31 5 41 51 97 192 
97 44 26 4 77 71 57 
95 66 80 80 28 75 161 
60 19 24 30 99 11 94 
21 44 17 43 58 49 266 
46 88 67 80 57 40 277 
5 91 60 84 59 56 340 
98 72 78 91 37 86 92 
14 83 12 53 88 26 310 
101 11 62 22 23 50 202 
80 15 3 72 37 73 224 
29 65 49 42 58 41 94 
74 41 54 23 65 45 129 
7 57 28 71 16 94 19 
83 100 64 38 7 36 76 
59 77 21 3 15 69 347 
20 66 14 32 87 55 112 
72 10 101 60 7 20 298 
61 77 3 22 82 53 191 
67 87 6 53 7 6 65 
66 36 22 53 78 48 357 
93 16 41 31 41 79 47 
92 65 80 102 18 47 401 
3 20 82 35 19 40 213 
81 10 81 81 51 14 27 
76 81 9 32 74 88 277 
62 63 93 43 75 38 309 
23 27 53 92 61 19 257 
18 42 20 61 10 37 50 
8 62 52 92 68 7 66 
86 73 72 46 62 32 167 
58 91 94 45 5 78 237 
85 30 92 92 96 45 238 
41 92 73 66 52 58 220 
3 43 53 10 33 62 152 
56 83 48 102 89 24 244 
53 27 17 7 61 56 97 
34 62 2 73 64 60 187 
84 101 82 12 76 89 226 
50 43 38 74 18 23 120 
49 46 92 10 23 100 358 
66 58 61 93 4 32 284 
83 53 39 71 4 93 296 
84 67 92 14 37 7 15 
87 82 35 45 35 96 348 
18 12 66 43 61 60 73 
45 23 20 74 59 88 274 
91 101 5 16 32 59 263 
81 102 97 87 96 87 324 
78 28 51 71 38 86 265 
43 75 30 45 35 57 163 
46 74 42 81 21 38 390 
83 32 30 5 40 23 153 
12 70 57 68 75 40 272 
97 72 5 23 4 4 197 
28 77 73 98 4 27 142 
30 57 9 77 50 86 390 
99 22 68 100 65 30 129 
7 75 80 62 19 75 204 
4 39 60 19 36 49 225 
57 60 9 38 98 5 333 
15 51 93 27 56 73 399 
52 39 24 40 77 19 87 
4 95 38 87 54 87 111 
21 50 60 16 38 43 173 
65 62 64 69 27 52 376 
26 89 37 65 4 54 211 
102 38 81 62 33 36 215 
66 72 53 46 20 57 384 
2 35 13 20 32 58 357 
79 62 73 52 69 31 319 
9 3 24 52 35 77 78 
15 80 56 8 9 92 402 
91 13 25 8 97 100 98 
56 26 47 74 99 66 94 
77 11 12 66 7 76 236 
71 31 96 88 81 77 358 
57 59 14 25 68 91 359 
52 49 46 74 33 57 215 
79 79 80 38 13 98 154 
72 47 44 4 18 43 84 
83 31 23 18 25 38 405 
69 35 51 33 77 37 107 
63 68 94 77 22 7 374 
54 18 52 70 81 52 346 
14 73 23 52 50 70 278 
20 25 58 10 21 55 43 
46 31 7 38 63 14 37 
81 52 29 98 38 31 120 
15 73 49 46 88 17 226 
64 29 83 29 69 60 176 
45 38 69 3 54 84 35 
89 46 34 20 41 78 137 
23 96 56 14 41 41 25 
54 11 66 35 40 57 336 
4 27 11 96 56 68 148 
16 62 97 86 49 23 104 
28 17 28 49 41 24 168 
35 28 17 30 21 39 369 
29 5 70 15 29 28 350 
22 25 25 87 12 99 32 
36 62 30 94 20 83 108 
96 39 88 102 35 43 279 
100 97 68 37 31 48 353 
59 29 73 22 97 41 28 
94 5 64 31 27 35 405 
68 88 38 3 59 66 138 
68 84 16 96 87 20 89 
30 59 52 84 53 23 316 
35 60 74 25 43 22 7 
37 26 73 10 10 71 132 
10 33 36 74 84 55 370 
46 59 28 13 24 87 261 
48 14 49 75 15 24 137 
31 66 80 17 46 34 129 
60 45 88 79 51 91 84 
28 18 12 72 70 89 363 
3 48 14 21 37 40 363 
14 26 37 97 49 101 325 
69 58 59 39 23 61 352 
16 43 36 75 98 46 80 
98 39 6 47 37 46 116 
20 68 98 12 97 44 188 
20 53 84 4 93 43 244 
