6 4
300
9 95 82 72 93 64 358 
82 19 88 61 91 59 157 
47 96 82 42 102 22 699 
45 53 48 60 66 42 458 
88 47 54 31 51 81 767 
74 32 25 28 11 46 572 
23 73 9 88 67 63 106 
41 63 63 95 82 93 526 
44 36 15 29 23 90 761 
74 35 32 42 79 27 602 
66 59 16 92 78 18 176 
82 41 74 101 81 45 391 
87 93 38 70 90 32 244 
97 13 101 90 58 79 407 
40 79 47 90 38 41 607 
6 49 5 6 77 45 508 
97 43 30 44 46 47 710 
44 96 74 91 98 46 565 
48 17 4 22 41 74 343 
64 28 13 45 6 75 660 
46 35 66 15 89 70 814 
72 74 48 14 33 65 778 
85 75 101 42 97 7 471 
34 3 86 38 74 22 271 
16 19 101 42 74 8 803 
63 10 78 11 78 71 624 
45 58 10 9 11 49 649 
55 14 5 11 70 25 100 
35 82 79 17 49 69 454 
57 50 74 61 59 99 183 
67 25 33 21 38 83 727 
47 78 31 65 76 56 499 
7 97 33 6 85 88 227 
30 101 96 31 5 23 717 
10 38 50 54 52 59 716 
91 74 92 34 44 25 718 
5 50 54 76 15 96 415 
54 43 58 76 13 97 307 
26 39 92 35 62 3 304 
42 83 13 26 98 75 128 
26 43 73 43 65 42 203 
54 44 57 92 28 39 455 
98 95 80 41 65 52 532 
36 2 101 83 24 53 517 
69 43 52 19 23 37 233 
102 86 35 49 57 15 590 
98 36 46 36 66 83 363 
90 35 87 36 25 52 732 
42 74 62 43 91 63 692 
3 8 75 7 4 29 785 
10 47 94 10 39 95 317 
68 58 49 60 71 21 641 
10 67 85 100 87 41 484 
15 75 8 68 53 90 775 
31 73 31 64 56 50 655 
89 95 28 88 59 53 607 
18 14 86 21 44 8 752 
43 92 9 19 91 39 780 
74 88 44 88 7 46 306 
87 21 98 17 73 100 173 
74 59 14 29 90 87 787 
63 24 49 11 83 5 717 
83 24 47 68 13 87 127 
9 86 101 54 9 39 255 
96 90 6 74 10 73 564 
35 97 92 3 54 101 92 
66 97 79 26 43 52 34 
99 53 52 62 16 8 529 
75 15 77 83 50 67 550 
37 45 39 75 34 21 396 
29 57 67 61 87 6 356 
91 24 30 68 90 29 789 
39 56 14 96 68 6 491 
84 17 22 6 36 46 238 
54 42 53 11 33 57 575 
98 87 2 30 3 23 679 
93 49 16 62 40 73 798 
90 27 81 68 16 90 366 
42 47 57 54 63 16 303 
84 79 59 59 74 28 334 
71 14 68 66 85 79 745 
70 8 46 98 75 33 524 
17 74 45 18 69 28 457 
42 48 79 43 9 48 70 
72 59 6 68 46 59 157 
16 15 4 33 13 55 592 
40 13 58 90 85 75 554 
8 16 42 7 2 87 236 
68 91 26 78 33 85 800 
51 42 31 31 76 47 9 
60 43 87 58 74 85 18 
37 23 55 26 75 43 522 
45 65 64 46 74 92 390 
26 80 57 83 72 77 730 
73 28 61 11 30 69 388 
75 57 51 30 4 29 259 
71 73 55 60 44 36 51 
79 70 87 4 57 55 286 
65 32 77 4 11 15 522 
96 96 16 47 76 18 572 
10 14 18 72 66 18 449 
9 4 25 30 42 85 763 
60 77 9 75 16 15 83 
27 76 28 95 16 70 607 
79 40 14 71 20 38 565 
58 71 34 93 39 82 456 
30 54 76 70 31 72 295 
21 9 74 62 6 62 675 
40 92 80 51 50 83 246 
66 13 61 25 49 26 24 
8 77 84 78 35 56 796 
24 54 26 87 99 40 476 
33 42 11 16 78 88 147 
81 56 44 91 101 28 519 
43 17 48 84 48 35 109 
34 93 86 73 8 87 127 
40 55 66 53 44 74 273 
73 52 11 73 40 87 222 
23 42 90 35 30 36 665 
39 81 5 53 7 47 805 
51 27 44 72 3 4 338 
3 80 40 59 56 32 571 
67 39 13 10 50 88 89 
53 98 40 80 53 36 6 
76 63 2 39 29 37 182 
27 69 3 38 85 88 171 
64 52 78 76 6 14 593 
44 95 45 59 61 90 799 
31 6 94 52 70 43 216 
19 40 22 29 98 50 323 
72 11 74 68 2 92 728 
48 64 6 49 24 30 264 
71 59 82 70 49 26 781 
65 11 88 16 47 96 371 
15 58 49 10 66 35 592 
85 73 93 61 100 11 684 
44 91 5 48 15 96 394 
82 42 62 51 26 46 61 
3 88 54 57 97 46 272 
8 59 41 61 97 62 697 
89 91 11 51 18 14 167 
22 86 70 34 2 99 266 
18 89 61 42 91 67 673 
87 41 5 5 67 53 299 
34 66 89 20 36 65 764 
53 53 2 10 34 89 659 
4 86 26 97 49 3 730 
72 82 20 7 96 5 13 
52 8 48 53 63 86 720 
22 83 16 68 36 41 538 
38 61 34 59 80 4 680 
57 82 10 20 52 49 504 
86 71 15 42 62 94 6 
47 56 59 73 5 95 671 
5 12 31 14 64 26 279 
22 88 50 18 3 20 772 
29 40 34 14 39 28 294 
14 3 28 77 48 67 746 
7 77 89 77 11 3 427 
72 80 8 90 25 30 519 
85 67 26 61 76 8 150 
18 27 61 68 68 48 749 
11 5 40 18 60 45 129 
14 63 43 94 19 44 466 
62 29 26 16 101 74 237 
37 4 18 74 61 75 726 
52 30 11 45 57 62 491 
77 70 74 67 87 50 580 
6 85 68 59 66 63 457 
100 37 55 69 76 65 604 
3 23 45 101 71 29 504 
35 34 51 64 84 99 693 
60 54 51 16 26 60 256 
22 52 17 98 14 35 422 
95 58 78 83 100 88 607 
49 31 68 18 23 11 580 
53 20 97 84 66 73 330 
86 6 55 52 7 45 663 
74 31 5 59 95 12 333 
78 75 83 86 13 12 91 
25 85 100 5 50 62 564 
34 22 16 50 64 13 73 
55 25 33 95 45 95 616 
2 64 60 30 101 32 613 
47 16 99 56 63 31 499 
23 57 49 59 85 14 324 
11 91 11 33 101 34 188 
53 52 94 69 19 37 186 
23 42 77 51 32 96 715 
8 18 96 4 84 50 261 
69 87 38 63 83 38 744 
75 51 98 3 101 54 768 
66 8 88 45 96 40 4 
18 73 9 55 20 54 30 
75 17 32 19 86 93 680 
67 57 9 38 102 33 390 
92 81 51 33 44 95 338 
13 10 60 90 11 34 422 
15 31 10 65 86 90 815 
36 69 86 16 63 13 812 
53 81 9 96 9 55 206 
95 61 24 78 60 64 511 
9 74 31 77 61 34 420 
29 101 75 18 46 50 461 
14 67 19 83 85 44 490 
31 53 96 4 81 29 171 
72 88 88 27 28 39 225 
97 57 41 4 81 50 196 
82 36 81 66 7 71 659 
96 7 98 78 22 5 634 
22 37 75 82 7 33 464 
16 89 92 20 12 31 141 
12 80 81 6 96 38 403 
20 17 40 76 60 42 621 
83 92 52 7 37 52 610 
22 68 23 76 19 69 542 
49 91 48 96 42 66 685 
29 19 74 29 68 30 23 
22 37 8 49 93 83 267 
99 42 15 78 81 44 737 
14 60 31 78 71 85 581 
28 95 82 20 78 94 442 
75 79 81 70 23 74 810 
33 17 29 29 88 36 409 
50 35 21 62 23 96 122 
61 45 52 100 47 33 770 
44 29 31 16 91 81 191 
65 36 9 60 72 93 660 
45 5 51 84 51 23 636 
62 63 60 57 100 41 115 
37 30 73 78 43 7 730 
90 100 15 100 57 29 695 
101 14 4 53 5 36 138 
42 3 17 98 12 19 670 
68 73 61 92 41 11 234 
7 38 84 32 88 93 445 
7 39 87 96 96 95 495 
51 57 6 98 7 99 769 
29 58 82 32 90 9 186 
28 56 10 18 19 59 765 
78 22 23 18 45 64 291 
67 33 4 18 26 24 140 
18 56 96 36 14 36 639 
82 4 101 100 86 34 642 
85 79 80 79 38 69 597 
37 85 82 65 37 61 512 
27 80 16 67 88 8 84 
102 16 84 7 24 18 779 
20 24 21 61 32 59 669 
56 26 41 90 57 46 664 
73 17 73 79 78 18 450 
27 87 35 100 28 71 677 
65 98 74 16 53 80 139 
63 63 6 7 4 83 584 
55 77 79 33 64 31 233 
101 13 30 49 102 42 761 
39 88 62 6 90 101 739 
30 69 76 6 68 67 84 
56 69 75 76 37 86 584 
11 58 69 66 42 57 526 
87 45 69 53 39 26 197 
77 46 2 15 84 83 206 
10 5 30 98 66 20 369 
46 58 75 67 59 24 228 
31 95 42 51 46 28 355 
26 9 54 31 43 88 641 
25 74 63 55 5 48 15 
56 41 71 78 38 21 334 
90 97 88 82 4 98 377 
52 62 67 39 57 84 683 
98 77 69 25 34 69 174 
85 14 14 56 77 28 619 
56 73 75 10 9 5 301 
14 68 50 41 92 34 593 
14 98 18 50 67 20 470 
66 4 54 6 55 22 36 
84 76 28 29 72 72 788 
91 94 31 50 81 49 684 
11 20 86 44 36 51 584 
18 98 8 13 10 20 734 
71 23 6 56 85 35 245 
94 24 14 22 64 78 186 
6 89 102 87 73 76 449 
86 70 64 20 73 35 539 
79 22 18 64 54 9 165 
73 27 96 98 16 56 141 
98 74 24 74 74 51 102 
12 8 27 39 47 37 699 
54 44 38 14 102 66 122 
4 99 61 12 71 5 270 
64 8 91 58 22 40 713 
98 42 48 101 86 56 553 
16 93 26 9 74 36 154 
84 60 86 17 92 4 768 
77 66 64 5 48 81 392 
2 38 83 27 99 100 458 
5 92 15 18 12 49 723 
8 36 5 100 70 16 650 
51 7 44 32 38 95 176 
78 86 98 40 76 22 110 
