4 6
300
19 18 57 76 365 
14 91 15 97 475 
97 22 23 82 706 
102 57 91 33 239 
77 27 23 43 899 
48 64 66 86 608 
29 7 4 9 924 
2 64 39 31 389 
36 12 26 77 805 
84 58 26 81 1095 
70 67 47 97 613 
94 97 16 3 1029 
52 27 31 47 139 
93 20 15 6 701 
39 21 62 101 1045 
67 4 49 77 1125 
92 40 87 96 1001 
65 62 9 59 1022 
8 50 38 47 1001 
12 83 80 65 921 
66 45 22 24 639 
51 7 48 12 1042 
92 50 41 11 1151 
14 41 37 65 597 
33 13 58 23 632 
91 85 17 19 927 
86 25 85 2 345 
49 20 66 44 398 
60 16 99 74 1142 
60 11 28 53 857 
72 48 17 17 544 
55 89 101 72 769 
69 92 30 36 17 
69 67 41 83 572 
95 78 94 33 1116 
19 16 85 30 1150 
83 58 66 49 68 
39 10 70 58 920 
63 21 95 82 807 
70 87 65 73 325 
95 72 47 6 938 
97 56 86 26 335 
41 6 73 78 1005 
12 28 83 31 781 
60 98 85 8 1053 
76 84 15 67 291 
34 53 14 3 14 
13 13 62 73 134 
85 26 47 31 442 
59 50 19 99 683 
44 6 36 9 833 
99 88 41 20 32 
14 43 21 2 1169 
90 93 72 77 871 
101 67 12 20 984 
36 54 57 72 356 
28 67 17 11 1001 
29 19 7 35 55 
27 74 44 70 1208 
44 8 47 35 587 
68 80 44 28 694 
78 96 18 29 418 
47 34 72 91 934 
49 28 12 20 834 
73 88 39 73 571 
30 25 44 21 469 
30 9 24 24 774 
51 26 91 55 67 
35 3 80 101 726 
95 4 55 94 635 
18 98 28 67 942 
81 42 73 82 357 
55 54 99 91 70 
40 12 49 28 341 
25 39 59 15 428 
72 10 40 14 658 
28 72 52 70 271 
34 83 59 47 1026 
10 55 11 26 639 
83 7 91 96 259 
85 57 29 66 351 
81 41 15 32 90 
73 4 61 28 44 
85 5 31 69 896 
60 56 4 44 242 
73 30 35 63 663 
67 21 47 93 870 
73 45 87 41 523 
95 69 28 40 159 
8 95 85 22 845 
80 78 25 22 777 
31 54 87 47 709 
54 8 55 78 517 
54 60 71 57 397 
42 19 92 26 980 
92 29 66 31 171 
79 47 15 94 932 
91 99 26 29 514 
21 60 43 83 1114 
89 17 52 98 748 
50 27 30 90 356 
63 88 100 42 893 
4 90 58 33 986 
9 95 63 2 649 
57 36 43 15 166 
84 79 11 35 1138 
78 79 71 70 806 
54 19 27 65 192 
5 100 86 56 491 
33 4 12 3 1031 
96 56 52 45 74 
17 85 17 76 576 
86 79 67 49 1187 
27 21 89 67 345 
92 70 100 87 607 
59 52 89 75 1006 
82 69 10 51 1214 
24 29 28 64 628 
71 4 53 18 391 
28 35 39 59 188 
14 17 47 75 1154 
28 58 68 95 601 
67 99 44 94 827 
19 71 18 50 918 
100 95 27 16 724 
90 20 84 55 283 
26 15 32 60 856 
66 24 38 57 902 
68 63 35 15 1057 
74 63 60 50 187 
60 18 90 84 213 
21 92 33 15 82 
10 76 15 72 308 
54 69 86 24 40 
96 35 64 77 112 
39 63 14 29 1061 
29 61 36 40 800 
10 27 49 43 621 
76 93 24 50 807 
94 51 64 90 422 
7 79 38 47 256 
27 57 16 75 989 
61 81 5 29 972 
50 42 77 7 216 
29 22 45 74 356 
5 13 16 11 211 
90 100 25 95 995 
52 26 90 19 498 
55 13 76 62 1125 
97 90 98 71 217 
54 75 59 73 86 
88 36 66 18 221 
16 43 7 58 1137 
62 57 12 48 357 
27 54 60 66 793 
19 48 85 82 411 
17 17 47 93 803 
16 43 55 88 1171 
18 62 74 101 325 
14 7 20 69 386 
42 80 52 42 1137 
102 17 95 8 1103 
41 53 86 85 40 
101 98 16 93 961 
21 5 26 52 157 
67 82 61 40 649 
14 31 18 50 1143 
39 67 7 100 809 
101 50 49 98 688 
68 77 91 98 338 
18 93 29 91 148 
39 56 2 29 340 
22 58 57 55 962 
13 37 38 91 809 
36 93 18 27 970 
73 58 30 96 577 
92 93 66 12 459 
22 4 29 39 687 
85 67 80 73 568 
45 96 95 20 555 
33 42 102 32 1147 
26 77 4 11 500 
83 28 8 82 464 
31 94 46 18 712 
11 9 101 35 1015 
71 15 48 80 439 
80 65 12 50 199 
52 93 36 19 160 
47 102 20 98 918 
59 61 100 35 213 
53 51 80 61 443 
26 42 69 49 306 
13 32 26 76 773 
20 18 60 66 1070 
41 60 29 5 158 
11 91 5 60 317 
12 17 15 63 1033 
30 87 53 14 1131 
12 26 89 94 20 
18 78 47 35 695 
43 3 36 47 964 
95 24 77 49 327 
37 39 10 23 183 
98 19 65 91 426 
35 67 47 73 947 
16 73 38 3 1186 
35 47 73 4 1034 
11 83 69 84 1117 
9 12 6 88 708 
75 18 68 79 63 
101 16 57 100 288 
78 57 65 70 787 
24 88 76 52 1142 
92 68 8 39 69 
18 51 82 100 346 
25 63 62 16 51 
101 7 60 98 1197 
22 91 75 80 103 
56 20 102 20 849 
22 38 56 95 829 
9 12 31 74 1093 
52 35 59 72 3 
17 98 51 66 805 
19 30 80 54 900 
3 95 30 30 631 
100 52 64 31 99 
89 9 69 48 1184 
91 78 89 9 588 
88 34 5 80 1138 
60 71 38 54 646 
94 61 4 21 817 
16 84 3 22 1119 
2 73 31 64 159 
11 31 5 69 939 
43 43 73 6 1066 
71 92 52 37 1141 
31 16 11 78 192 
31 6 50 81 1010 
9 77 69 18 586 
17 5 43 67 1034 
32 68 70 78 146 
53 90 100 34 1194 
26 34 68 29 766 
88 64 55 48 1032 
6 83 26 87 849 
68 77 57 58 885 
68 50 86 53 779 
65 48 36 66 788 
43 8 18 84 712 
77 11 42 55 757 
55 52 97 83 985 
51 44 86 8 559 
79 35 44 62 386 
78 50 17 65 1216 
42 30 91 84 537 
100 67 44 29 1149 
59 37 4 96 239 
18 55 5 72 181 
23 64 29 21 1072 
9 66 58 52 1007 
30 96 78 56 264 
26 64 15 39 1014 
86 2 59 15 1081 
44 33 49 42 191 
25 46 47 51 958 
80 3 72 96 446 
35 11 93 46 809 
65 61 50 75 1162 
56 42 68 90 375 
23 7 17 32 562 
78 19 18 37 731 
85 51 29 78 528 
25 94 21 3 608 
77 11 15 49 307 
85 85 76 47 749 
85 81 59 20 701 
76 89 42 50 737 
18 95 59 87 1012 
16 34 75 32 878 
65 23 67 40 675 
14 94 70 7 771 
95 45 72 76 944 
7 94 11 20 849 
39 54 72 43 410 
85 54 30 66 137 
53 13 47 76 1204 
64 16 21 65 551 
84 21 36 88 822 
76 25 85 10 956 
24 25 56 63 431 
13 53 26 7 887 
62 65 6 96 145 
85 100 99 77 192 
93 75 48 75 1069 
20 19 87 76 731 
62 71 23 88 1096 
31 58 86 41 1069 
13 92 16 93 1039 
21 17 42 76 1036 
78 28 9 94 1072 
