8 2
300
62 16 19 31 82 93 71 29 321 
65 36 77 83 74 66 45 39 300 
42 38 76 28 91 79 78 30 179 
72 75 28 10 47 2 44 99 328 
42 19 21 68 45 67 7 44 58 
12 86 33 38 29 8 40 39 400 
99 36 27 42 56 53 49 101 224 
55 57 91 76 41 77 86 5 84 
57 75 96 10 23 49 65 67 184 
14 36 48 22 72 9 4 47 258 
57 3 65 69 21 45 13 54 354 
26 38 47 58 54 26 88 85 263 
6 91 15 80 78 90 9 37 270 
11 34 87 84 74 95 14 31 10 
59 89 56 53 100 71 63 41 121 
102 58 83 23 37 89 45 100 233 
52 79 26 77 63 86 79 4 84 
4 44 66 54 46 25 24 30 392 
13 55 93 46 19 39 61 9 322 
87 90 99 100 41 76 38 64 212 
80 84 28 71 76 98 51 61 396 
67 50 14 60 101 8 92 34 183 
68 8 62 89 18 56 8 95 59 
25 6 5 92 18 84 74 47 190 
72 43 82 97 98 61 42 95 242 
69 29 91 93 10 9 31 73 230 
94 92 68 74 66 83 84 28 224 
96 77 34 32 88 56 62 23 371 
67 73 12 3 49 25 97 41 270 
27 34 98 98 62 47 28 82 222 
82 99 80 101 15 72 6 48 75 
29 39 42 36 33 89 18 67 2 
48 93 45 46 79 27 17 58 385 
61 101 17 89 6 8 2 82 97 
15 68 59 43 99 4 7 70 10 
28 93 2 11 82 98 47 82 365 
13 38 22 55 86 59 77 47 193 
5 42 35 36 36 53 66 5 405 
45 7 95 44 41 11 25 91 268 
96 52 21 21 44 26 19 91 180 
5 63 83 2 68 54 57 4 117 
71 94 59 52 47 79 98 4 307 
98 72 99 13 32 97 93 83 391 
30 86 100 10 19 47 9 62 173 
20 45 41 43 89 39 83 56 395 
11 46 6 44 25 42 51 23 81 
49 95 33 88 11 86 58 28 76 
33 63 77 14 45 87 37 81 243 
38 57 85 62 32 78 100 85 152 
93 89 63 59 61 98 27 62 277 
13 34 36 57 87 63 21 52 379 
24 99 4 22 9 46 83 15 270 
39 89 65 57 90 28 50 66 163 
60 75 4 81 88 84 19 26 193 
27 83 71 24 43 81 85 79 352 
37 74 82 18 79 48 32 90 301 
7 58 46 10 9 23 23 64 314 
93 45 12 21 5 85 99 57 133 
99 17 48 86 74 13 42 14 378 
61 43 99 58 50 100 11 14 276 
5 19 76 50 3 81 4 94 138 
78 18 71 100 21 23 16 36 299 
30 23 87 35 71 97 30 64 84 
82 38 97 14 13 92 17 96 158 
61 50 17 69 83 82 80 66 393 
25 64 24 77 44 16 27 83 373 
85 72 50 81 22 41 61 24 231 
41 66 7 81 84 27 85 57 349 
61 63 42 7 57 7 100 7 408 
100 7 96 83 90 31 101 34 100 
92 82 30 78 10 61 25 41 408 
93 46 81 100 94 89 31 68 85 
54 80 17 45 82 17 41 63 70 
65 60 78 78 83 52 3 95 309 
59 85 55 83 84 18 7 9 250 
23 102 15 9 54 23 11 49 221 
11 49 101 16 39 48 44 63 331 
26 17 65 31 99 101 13 74 340 
69 73 99 100 40 75 56 20 252 
6 58 8 57 69 36 98 93 189 
78 46 48 9 40 23 37 83 378 
100 94 5 16 98 82 40 43 310 
59 13 11 28 62 21 87 41 23 
77 71 50 32 35 8 55 37 115 
39 63 35 77 65 58 82 58 111 
61 92 61 28 18 28 60 41 326 
39 52 86 29 24 102 18 62 51 
47 70 61 99 63 64 54 3 330 
45 84 50 55 48 6 94 28 201 
48 52 55 24 74 95 28 18 345 
46 12 40 35 62 5 46 37 359 
70 64 31 100 75 17 47 17 234 
33 87 6 82 38 98 53 72 45 
61 25 98 68 73 47 79 11 373 
45 12 24 48 10 13 18 26 262 
23 50 78 40 78 59 38 97 129 
82 66 76 44 84 91 94 87 50 
94 4 93 85 22 67 26 5 19 
37 88 78 96 66 14 34 32 92 
36 23 49 41 31 78 16 99 183 
19 3 30 35 56 25 101 26 90 
75 39 30 14 16 76 55 4 38 
57 89 102 64 11 54 69 60 261 
67 54 75 17 72 26 22 9 10 
78 4 34 55 97 42 92 61 379 
96 25 9 75 88 30 69 61 44 
47 57 93 78 68 98 61 36 294 
51 60 70 6 94 9 74 79 407 
79 4 94 62 75 52 61 75 145 
59 94 68 47 50 13 15 77 212 
13 2 38 38 96 63 70 43 8 
27 92 33 102 4 12 30 93 232 
21 87 84 43 19 95 62 5 173 
8 5 12 59 93 18 58 63 312 
66 42 10 32 94 33 51 36 337 
6 59 92 59 20 59 56 96 369 
72 72 86 45 78 93 21 64 156 
93 71 101 16 46 43 35 66 208 
50 91 95 53 95 85 12 58 189 
54 51 88 56 5 99 28 88 373 
95 22 66 19 13 32 95 59 267 
85 92 14 52 26 56 8 8 25 
100 21 79 3 35 22 47 69 56 
54 40 68 5 90 60 51 42 179 
88 33 80 65 60 37 19 29 270 
36 4 27 34 49 99 93 30 276 
16 94 89 46 74 45 18 43 83 
101 83 4 56 2 85 12 22 305 
30 37 63 44 85 8 56 13 267 
90 22 92 71 14 62 93 37 198 
58 44 61 36 48 18 17 20 190 
66 81 4 44 24 30 24 65 382 
8 75 11 83 92 63 80 30 86 
32 32 71 44 66 68 37 56 317 
18 95 90 47 28 67 62 92 132 
65 48 100 64 49 51 68 86 254 
42 77 54 100 58 20 98 88 359 
80 24 18 38 9 70 52 9 284 
7 64 49 45 23 2 31 17 335 
25 69 85 22 78 81 5 97 321 
28 19 39 72 51 42 79 84 278 
18 29 41 32 14 43 81 63 93 
17 98 56 54 71 43 38 75 78 
7 60 48 38 35 14 92 27 364 
34 37 15 8 68 41 34 15 360 
45 95 57 45 43 17 59 90 404 
27 76 50 98 36 78 24 75 102 
24 82 96 29 42 90 53 49 109 
12 11 32 17 21 59 55 95 330 
66 64 19 34 82 47 15 67 208 
43 38 3 39 86 96 16 13 135 
96 17 54 69 93 96 90 49 322 
71 12 57 93 45 43 97 60 44 
10 92 2 51 17 78 39 12 46 
28 74 27 39 3 11 26 61 319 
31 98 73 25 45 34 68 46 226 
98 52 95 62 44 28 85 8 85 
34 47 3 79 33 83 85 65 305 
56 34 11 48 69 86 65 68 252 
41 87 49 70 85 73 22 43 248 
20 68 32 100 55 97 90 94 58 
79 54 68 92 42 83 60 14 48 
48 52 85 11 99 78 67 46 89 
75 66 64 32 58 92 22 68 395 
47 58 81 16 60 78 72 87 60 
98 51 47 68 12 73 62 76 371 
80 10 70 56 36 11 75 17 113 
54 49 98 78 72 76 86 15 230 
34 34 94 9 41 14 64 71 388 
78 9 56 93 72 84 101 44 235 
30 92 24 72 43 45 50 20 156 
20 22 81 73 85 99 17 29 172 
101 73 71 58 95 67 16 99 33 
75 63 79 16 79 29 19 57 94 
36 64 93 50 61 23 76 45 201 
18 8 26 59 78 45 42 102 292 
90 74 100 59 58 46 38 77 235 
63 6 45 54 55 29 76 83 267 
53 53 14 50 84 51 18 100 373 
85 18 87 36 76 80 58 31 340 
27 79 8 49 15 85 65 15 161 
8 66 54 99 85 97 80 91 200 
61 42 92 51 43 59 54 54 243 
75 29 32 67 98 27 46 51 16 
61 5 40 31 87 71 12 11 140 
41 89 35 92 59 86 31 99 363 
96 78 38 51 97 62 26 93 353 
11 43 70 30 55 35 94 21 352 
12 32 57 22 41 34 25 15 268 
28 85 72 48 38 101 38 52 299 
69 12 10 80 7 96 85 3 278 
68 14 36 2 100 40 100 21 272 
36 76 39 7 27 84 97 100 33 
18 65 7 71 94 4 62 27 37 
80 34 27 63 39 40 66 60 9 
34 27 87 34 50 20 35 4 314 
38 65 87 28 85 9 89 69 156 
65 99 22 34 42 75 31 22 353 
43 75 38 101 43 70 82 65 298 
24 86 17 89 38 92 27 26 255 
26 54 51 21 76 73 2 3 250 
84 2 87 14 5 30 33 94 120 
43 39 24 19 48 22 36 66 338 
25 78 62 32 8 18 13 7 279 
40 24 101 68 101 42 9 100 258 
90 12 83 89 58 47 63 87 356 
43 9 7 30 87 12 90 79 104 
3 54 96 71 4 100 62 96 283 
32 77 40 83 12 50 59 48 223 
4 38 21 18 71 23 31 72 399 
65 11 39 91 80 24 17 8 190 
71 21 10 85 30 65 78 33 41 
52 61 99 59 73 41 58 88 171 
8 87 85 75 41 34 2 99 344 
34 44 99 18 68 6 4 90 110 
49 22 10 59 42 40 14 82 46 
3 8 40 100 35 94 82 12 86 
65 99 82 78 84 33 80 46 363 
14 36 95 95 57 85 14 11 271 
36 51 47 47 63 62 23 102 372 
48 35 11 7 38 59 86 41 374 
49 72 39 79 81 98 51 102 188 
20 10 52 57 88 26 28 48 248 
77 20 38 22 57 85 42 34 45 
82 9 100 39 11 19 93 68 159 
31 59 72 51 98 63 16 5 374 
43 93 49 86 82 91 98 10 85 
58 29 17 56 39 48 88 71 379 
50 83 101 36 66 22 87 99 366 
92 28 25 77 8 54 93 101 171 
65 98 29 11 43 3 98 37 160 
26 77 21 26 66 29 70 68 94 
95 9 28 29 101 85 102 7 337 
100 83 23 65 65 40 7 24 297 
68 41 42 100 40 31 83 63 92 
72 68 64 98 8 42 31 101 375 
17 38 99 47 11 37 20 100 223 
20 63 14 83 21 43 56 5 114 
85 96 72 100 48 40 62 31 160 
22 4 77 83 36 66 48 91 353 
78 23 31 6 82 41 76 65 4 
13 91 49 23 44 5 14 49 19 
24 20 92 61 86 82 98 100 392 
81 40 29 49 37 32 57 80 334 
100 80 16 32 25 85 39 52 166 
94 101 63 73 71 89 62 26 293 
99 18 39 51 10 84 46 97 104 
75 65 56 19 68 65 24 16 280 
92 94 96 9 24 36 42 7 404 
37 10 71 43 89 13 60 60 253 
47 51 72 34 89 30 60 66 354 
88 77 35 99 52 57 20 72 131 
79 92 96 5 12 5 85 10 355 
58 35 78 46 61 10 3 79 265 
100 60 8 68 51 60 50 56 123 
68 40 60 16 24 19 81 83 280 
70 44 41 69 51 80 44 4 129 
13 44 18 27 98 75 92 22 51 
28 14 43 38 57 58 76 19 287 
31 44 12 61 67 80 42 36 143 
28 33 11 29 26 49 29 39 49 
16 44 44 87 26 4 7 55 283 
29 34 89 85 95 35 10 15 244 
23 54 79 39 87 64 40 66 365 
5 101 89 96 11 20 47 61 305 
30 45 20 10 56 14 11 14 8 
49 45 40 78 21 13 89 8 347 
36 79 59 82 49 62 15 4 223 
84 35 26 71 41 36 60 82 286 
43 15 100 68 30 75 63 93 90 
54 29 81 78 9 5 35 12 337 
20 50 98 61 98 54 60 29 325 
80 80 6 5 20 41 43 48 380 
89 70 51 86 21 58 40 63 306 
77 8 27 23 38 30 53 42 132 
76 85 19 49 10 3 95 85 54 
19 50 11 42 36 64 11 48 172 
36 36 31 41 22 37 79 84 88 
56 59 44 78 54 80 9 69 256 
78 42 62 50 93 39 46 23 53 
68 37 74 66 14 92 88 20 28 
5 37 65 84 72 28 82 41 107 
73 43 98 32 35 69 101 35 27 
84 88 45 94 98 102 24 13 196 
52 92 47 54 92 36 74 6 133 
102 96 72 37 70 54 13 75 323 
18 38 3 6 66 80 86 7 130 
65 13 41 65 62 61 80 32 200 
83 21 54 64 61 32 37 101 164 
38 49 20 93 84 25 23 8 306 
49 47 28 69 70 87 5 11 380 
95 39 36 13 59 40 5 32 222 
30 56 79 74 71 67 40 50 237 
16 74 31 18 44 56 86 33 345 
25 15 52 68 61 52 39 44 254 
8 27 91 81 90 54 71 95 213 
100 77 78 63 31 23 30 91 149 
66 79 97 82 29 28 56 82 70 
6 64 97 29 37 29 5 34 95 
70 37 86 80 49 51 4 89 230 
