4 2
300
94 26 96 102 253 
33 74 97 5 367 
50 25 81 71 378 
27 55 10 73 233 
43 80 17 51 360 
12 56 39 16 186 
40 48 21 11 280 
28 31 63 28 381 
20 60 51 10 197 
68 85 28 84 116 
68 54 8 18 144 
16 11 47 13 213 
80 37 83 59 211 
5 6 72 3 272 
98 94 83 80 159 
85 31 10 3 92 
28 30 57 88 325 
88 42 5 76 223 
20 86 51 76 65 
85 79 93 58 186 
64 15 27 18 133 
76 73 30 79 213 
87 3 46 91 105 
52 83 97 80 266 
65 3 98 48 200 
13 45 9 64 228 
8 40 53 57 247 
15 4 41 56 25 
18 14 29 24 285 
19 42 62 51 268 
4 85 16 93 337 
63 19 81 69 87 
33 66 68 23 190 
49 52 91 31 52 
50 44 42 74 202 
53 76 76 79 133 
74 84 60 99 218 
25 26 62 75 406 
98 25 74 35 303 
54 48 7 78 93 
68 53 33 39 74 
63 44 43 44 131 
89 45 4 37 203 
51 8 71 70 97 
25 92 18 31 69 
26 72 9 100 398 
7 71 101 56 269 
23 53 23 81 378 
83 85 19 43 55 
55 23 39 86 104 
48 79 40 54 405 
78 36 4 22 381 
93 37 45 47 112 
20 46 50 71 118 
100 87 92 77 176 
42 75 77 18 261 
5 35 26 75 213 
30 33 49 57 367 
89 52 3 88 11 
48 42 75 16 389 
11 75 70 57 114 
63 88 64 11 241 
5 61 88 58 367 
60 13 72 95 405 
88 99 95 81 172 
50 86 7 75 398 
3 2 63 23 225 
33 67 70 47 372 
43 71 40 98 355 
29 66 47 98 183 
36 71 82 17 39 
13 81 91 15 325 
79 83 91 14 237 
5 100 67 3 243 
95 45 27 4 237 
19 62 99 94 61 
86 41 11 31 258 
34 22 48 14 179 
53 78 57 68 58 
62 82 28 40 344 
31 101 46 38 213 
93 47 81 59 374 
54 84 99 101 390 
40 74 63 50 108 
85 55 55 60 35 
19 90 61 90 398 
40 36 61 10 351 
87 97 75 79 293 
89 43 91 22 376 
71 81 58 72 308 
90 21 80 14 8 
78 48 88 30 145 
6 87 93 61 221 
20 25 91 15 46 
45 101 86 79 161 
43 66 35 67 161 
40 33 91 14 40 
21 58 49 9 41 
41 11 47 43 278 
4 53 31 68 303 
48 92 46 61 132 
91 37 3 75 246 
14 15 23 91 397 
74 99 81 52 145 
64 78 84 5 295 
36 56 45 11 154 
93 36 69 93 381 
50 90 31 82 83 
86 57 76 49 396 
27 90 58 46 390 
7 74 81 33 53 
71 10 42 89 399 
38 94 94 37 283 
80 48 31 98 204 
87 69 100 32 210 
8 4 38 8 192 
48 100 100 15 134 
21 57 38 81 99 
42 49 44 85 344 
94 65 41 79 79 
81 61 62 96 47 
40 76 51 82 26 
69 74 36 42 212 
40 96 81 5 207 
25 12 53 74 43 
39 27 18 48 244 
45 66 60 89 277 
89 40 6 4 387 
47 8 58 75 232 
69 15 4 33 189 
100 87 38 29 391 
71 10 90 86 302 
15 60 6 22 257 
5 16 49 75 264 
3 92 78 10 25 
19 56 80 17 176 
26 25 87 102 253 
61 30 34 93 404 
81 51 22 30 335 
89 4 39 12 218 
55 68 31 68 187 
10 10 29 23 321 
17 32 75 43 204 
91 75 6 60 19 
77 84 58 76 349 
53 72 50 28 79 
17 19 70 64 366 
60 96 20 56 219 
52 3 13 15 343 
51 78 80 81 378 
15 100 80 8 319 
73 12 57 83 386 
40 62 3 4 259 
100 64 13 54 374 
97 57 52 7 220 
76 74 46 92 152 
77 93 71 36 25 
19 41 64 86 78 
51 41 39 61 63 
92 102 11 51 353 
88 67 29 89 397 
60 50 76 54 17 
101 68 67 46 82 
49 93 69 98 189 
61 2 29 35 176 
58 20 93 92 259 
77 65 96 5 207 
11 67 84 38 194 
71 67 12 82 82 
85 76 95 42 278 
102 34 14 5 115 
88 40 95 46 168 
43 60 86 91 119 
38 73 64 96 44 
84 10 33 51 316 
95 92 49 15 246 
85 26 53 24 260 
45 53 93 77 262 
73 73 40 98 28 
13 83 24 54 343 
13 13 102 31 350 
94 3 65 28 143 
98 94 82 86 238 
19 9 65 27 351 
87 82 89 31 162 
13 72 37 45 270 
14 70 97 31 200 
73 26 23 38 294 
44 90 67 43 277 
81 93 56 39 366 
6 21 98 68 405 
33 27 72 92 306 
24 68 22 62 95 
30 99 53 37 355 
95 88 29 55 182 
98 17 48 64 246 
21 18 100 55 252 
95 74 32 32 74 
49 56 33 63 207 
78 70 7 20 162 
85 43 21 52 396 
21 94 45 23 14 
18 81 11 32 227 
8 70 69 100 124 
58 69 22 20 165 
41 56 68 5 281 
30 12 30 24 316 
81 99 50 58 176 
3 31 10 29 10 
70 47 3 7 184 
10 3 9 90 340 
18 22 3 12 237 
67 28 43 55 304 
8 52 88 55 313 
11 22 13 57 120 
30 61 95 18 295 
96 55 62 60 247 
29 5 43 41 252 
60 98 40 100 320 
77 90 58 55 391 
20 61 50 31 148 
91 93 54 61 228 
59 29 87 40 261 
13 68 85 94 194 
5 12 49 93 76 
15 84 14 79 223 
42 5 42 22 222 
37 7 34 24 293 
39 53 84 85 20 
33 12 102 37 273 
11 7 66 7 377 
10 13 59 12 95 
9 80 77 6 67 
56 89 67 86 117 
9 36 63 23 45 
55 30 66 89 355 
5 84 80 12 187 
36 41 37 30 188 
26 49 23 101 266 
60 78 80 69 205 
47 47 18 8 245 
77 46 45 97 164 
83 50 73 26 85 
26 3 66 61 334 
17 54 40 40 19 
62 15 64 57 214 
78 52 98 39 173 
60 69 73 52 290 
92 98 42 90 267 
78 79 100 80 168 
60 14 21 88 143 
95 9 80 4 3 
64 84 90 44 260 
32 54 36 83 257 
60 32 16 90 376 
21 13 52 75 116 
85 17 86 17 387 
67 33 13 4 200 
53 91 71 52 39 
9 10 100 26 144 
27 45 18 18 340 
30 100 33 96 65 
84 59 7 76 72 
48 101 75 50 403 
101 43 34 35 52 
71 63 66 81 346 
13 15 28 40 16 
42 101 70 33 273 
69 3 19 88 273 
96 86 97 35 256 
10 37 52 27 148 
86 13 85 5 62 
69 36 54 11 20 
71 33 69 72 314 
49 33 43 83 131 
100 26 48 68 78 
86 68 33 18 312 
78 65 3 4 82 
32 18 67 19 406 
35 51 10 84 400 
65 19 27 58 64 
79 96 71 96 155 
62 67 19 87 126 
4 5 38 34 120 
7 32 67 53 193 
34 69 27 84 403 
52 17 66 70 230 
69 43 77 3 405 
84 96 9 66 244 
67 100 82 88 399 
32 15 78 55 378 
34 54 76 11 342 
13 71 90 97 360 
47 3 51 31 260 
63 30 37 35 194 
13 25 3 93 335 
35 89 40 86 280 
38 41 13 77 99 
16 69 68 19 361 
14 9 14 78 61 
