4 8
300
14 23 54 91 1305 
23 85 59 10 437 
60 54 63 47 1319 
72 14 54 78 991 
98 17 76 100 1393 
40 53 35 3 478 
4 38 92 18 1604 
91 101 12 84 212 
78 87 23 8 1373 
82 71 49 38 19 
65 13 7 72 1483 
99 49 56 6 680 
71 52 59 81 405 
24 64 47 49 1496 
73 4 72 65 1386 
13 96 71 16 91 
71 6 100 102 1076 
93 32 22 27 22 
45 47 8 43 714 
27 30 45 83 1015 
20 26 3 46 495 
63 43 44 87 1299 
5 80 43 100 1185 
67 55 59 15 549 
94 43 22 47 801 
28 98 31 21 971 
85 53 90 54 1422 
47 6 56 71 80 
53 90 37 48 1596 
67 7 10 70 1284 
75 73 32 49 1153 
79 6 57 97 78 
67 13 25 27 1573 
54 92 91 13 449 
63 101 90 10 1354 
5 8 77 50 1375 
23 91 63 43 1415 
14 23 43 83 167 
43 50 61 67 652 
41 67 12 51 742 
77 18 99 43 285 
76 85 24 66 1098 
73 31 10 13 1368 
78 52 84 41 1375 
34 51 10 3 1405 
15 42 25 70 712 
40 98 28 4 151 
7 94 23 25 215 
31 101 78 16 639 
14 43 50 83 1038 
92 85 73 67 227 
28 10 97 57 76 
35 62 56 23 474 
77 5 7 4 1283 
86 31 61 28 904 
35 75 96 64 1203 
74 94 44 7 882 
58 27 63 90 1358 
100 99 68 21 1301 
71 47 58 87 1047 
11 37 49 4 1294 
62 25 47 12 1322 
55 15 35 83 532 
43 20 51 69 1196 
52 45 19 20 1321 
90 66 43 48 1412 
90 19 12 100 1058 
39 48 42 27 1531 
34 82 53 9 488 
87 65 87 88 632 
53 97 91 14 235 
68 20 30 23 1494 
99 85 101 25 1516 
38 5 37 18 1565 
97 79 26 75 668 
72 94 12 91 1572 
26 81 56 9 577 
95 30 100 86 1610 
20 19 21 36 1585 
52 83 30 17 1525 
83 30 71 92 706 
76 73 18 73 722 
77 11 42 27 1095 
20 30 94 90 3 
10 7 54 20 1267 
80 60 92 78 1490 
92 65 97 97 247 
99 12 66 66 1003 
24 14 30 41 394 
12 80 96 69 1291 
23 91 42 17 1389 
78 78 53 15 1065 
18 83 42 81 893 
13 16 47 12 1148 
10 66 30 28 1279 
98 79 14 96 1111 
2 66 26 99 1145 
3 25 83 12 635 
23 61 53 101 749 
43 74 50 87 212 
98 35 86 98 1159 
59 63 16 38 1450 
101 65 60 47 1060 
53 59 45 11 878 
90 35 37 73 806 
51 15 31 83 610 
26 31 30 83 1177 
69 82 29 28 217 
42 11 46 23 656 
60 3 9 36 1540 
86 31 41 33 404 
65 100 15 49 358 
46 34 36 101 1055 
71 38 79 75 1594 
74 32 20 98 229 
81 91 16 33 1499 
50 8 97 88 871 
98 92 99 58 155 
71 69 82 6 1131 
9 77 47 58 1154 
24 26 36 38 374 
56 13 45 19 738 
76 87 84 57 1209 
40 40 50 48 1126 
81 41 23 65 470 
7 52 16 29 107 
6 45 59 62 1145 
25 74 60 65 1617 
87 49 81 13 581 
86 86 27 32 515 
72 30 102 90 1491 
85 6 73 10 295 
7 99 18 13 667 
32 30 24 87 830 
68 82 86 49 1379 
34 62 12 30 725 
22 27 86 97 602 
79 46 72 71 1430 
22 3 52 47 1542 
89 33 71 72 87 
59 64 42 81 1075 
92 45 55 5 967 
25 95 45 65 1591 
82 16 23 76 1045 
89 60 55 100 508 
67 31 41 54 1590 
3 93 42 24 1430 
60 87 7 31 766 
35 92 69 12 1059 
28 60 89 50 240 
75 12 97 8 304 
101 11 44 50 23 
63 7 3 8 948 
34 55 23 78 644 
97 11 94 29 500 
98 93 45 35 80 
9 44 93 39 393 
93 98 36 6 1448 
51 45 59 30 1409 
31 91 63 54 541 
75 39 13 10 323 
67 20 70 78 366 
10 68 11 45 1543 
20 16 66 84 1091 
38 21 19 89 1476 
54 54 65 43 30 
9 32 94 102 523 
72 33 84 20 971 
75 30 60 84 1325 
85 35 16 36 1114 
17 27 81 87 1589 
55 22 26 20 1105 
14 57 29 76 251 
79 76 12 13 406 
89 33 48 24 1535 
9 63 37 8 121 
21 41 32 74 1411 
84 53 9 4 1283 
52 9 66 52 768 
20 3 87 68 67 
11 26 4 11 1329 
86 81 59 93 1467 
94 87 20 13 800 
76 27 57 89 550 
28 69 10 35 1224 
82 69 98 77 1248 
9 78 71 4 1603 
97 38 23 93 41 
4 96 18 14 1407 
67 91 56 3 1195 
94 48 99 35 1273 
44 18 72 36 30 
19 85 84 16 1361 
18 18 18 14 879 
40 6 66 87 512 
34 53 97 48 161 
93 15 97 4 1373 
62 81 38 26 920 
81 68 89 91 1388 
21 14 4 31 1144 
52 75 43 49 582 
90 84 14 3 755 
93 23 25 26 183 
6 90 82 32 377 
39 81 94 58 1219 
73 19 76 102 203 
21 51 68 78 982 
20 74 50 68 1568 
80 69 37 80 1070 
60 45 65 80 1317 
32 35 73 8 538 
72 83 87 75 1053 
73 10 14 91 440 
43 56 49 66 1523 
34 43 15 36 736 
73 46 17 93 267 
30 56 98 21 1336 
89 80 62 45 1465 
39 89 77 4 414 
72 56 48 53 394 
6 98 101 87 788 
92 22 39 63 1016 
28 68 96 58 597 
19 14 95 9 660 
65 96 6 76 916 
48 68 13 11 1225 
19 101 66 69 204 
34 57 13 73 1505 
69 43 101 83 1040 
73 95 21 67 140 
60 63 40 12 989 
12 95 27 31 44 
26 10 30 88 746 
29 4 30 46 78 
64 2 24 17 1200 
25 97 24 12 1386 
55 49 48 2 272 
58 62 55 8 45 
41 32 85 70 1117 
60 14 16 38 593 
71 67 77 63 761 
60 41 25 39 618 
17 72 17 46 809 
79 65 30 71 1470 
69 51 24 43 1068 
34 19 56 49 248 
12 83 89 76 264 
90 74 87 56 952 
19 39 18 70 1431 
71 17 41 21 1499 
98 87 46 48 1127 
22 45 35 97 238 
43 87 79 24 450 
36 85 42 30 1001 
6 80 76 13 1195 
32 35 55 56 1571 
19 81 37 57 320 
28 39 43 7 1573 
47 41 91 41 287 
34 62 97 43 881 
88 77 13 60 1430 
20 13 35 74 631 
89 92 82 101 1592 
64 52 24 4 31 
99 44 37 33 267 
67 90 37 96 679 
72 40 15 102 175 
44 69 79 69 31 
17 6 71 69 157 
57 61 92 44 901 
83 40 94 41 932 
46 41 82 43 367 
31 78 42 33 1116 
51 79 82 91 904 
97 75 57 3 1415 
95 75 71 24 998 
8 100 95 40 984 
34 48 76 45 1095 
5 90 38 47 1183 
41 66 40 100 995 
80 81 4 89 985 
10 86 94 54 1041 
72 73 60 82 266 
33 85 3 73 598 
4 6 40 23 860 
9 40 12 30 778 
32 37 72 63 1357 
29 98 8 80 855 
50 56 23 81 1581 
34 32 57 31 672 
58 64 70 64 954 
76 43 82 36 867 
72 76 65 7 560 
37 2 99 99 1450 
37 79 25 20 1447 
50 84 61 27 341 
80 84 83 89 1498 
69 70 11 5 144 
88 18 74 27 1339 
76 93 19 47 1010 
