6 6
300
66 35 19 70 80 22 718 
98 40 21 99 36 72 21 
84 69 27 26 50 7 904 
6 83 70 51 56 31 1021 
63 71 101 95 35 6 879 
18 17 91 89 20 85 92 
61 12 57 34 77 76 834 
43 86 87 72 5 20 733 
54 51 21 26 92 77 427 
70 22 6 3 68 32 802 
54 38 39 32 24 68 552 
72 15 19 82 57 17 248 
87 16 26 32 88 14 783 
68 72 65 29 10 75 1113 
92 54 33 11 47 5 1091 
50 50 42 83 54 17 1003 
38 3 46 37 62 17 1022 
9 82 73 82 20 4 1055 
68 77 5 16 96 56 986 
63 88 73 12 15 33 451 
68 86 50 36 99 84 362 
71 21 94 50 60 10 1017 
74 62 31 29 3 5 1006 
75 39 69 60 63 3 921 
17 75 27 49 86 49 502 
98 25 48 23 22 59 1190 
58 13 68 38 49 100 1096 
28 44 86 14 30 57 1136 
49 83 78 39 83 56 656 
48 69 3 76 63 44 929 
39 85 8 84 48 87 214 
28 3 24 16 6 88 1087 
33 43 38 58 94 50 594 
44 72 86 41 4 46 120 
46 67 64 88 57 16 1097 
61 79 32 84 72 77 259 
82 56 24 79 71 67 191 
28 67 21 71 96 29 1167 
15 24 45 46 43 10 1011 
37 63 30 50 74 101 872 
66 8 76 25 75 29 750 
18 64 64 36 81 96 221 
2 45 19 63 88 96 568 
57 90 40 30 70 40 550 
95 96 30 99 68 46 755 
62 47 48 23 102 36 1184 
63 82 12 64 15 67 431 
20 13 89 88 7 27 115 
20 38 96 7 91 18 286 
69 36 39 15 52 58 500 
100 73 42 88 62 52 1152 
9 30 68 56 76 12 922 
85 43 13 63 21 54 510 
11 54 19 13 20 76 1144 
49 75 51 66 10 96 244 
42 49 101 47 77 17 136 
10 30 53 17 9 50 1034 
95 28 55 32 6 101 1085 
21 25 77 44 78 3 741 
57 19 93 67 17 58 526 
96 13 18 46 39 33 23 
26 68 98 13 28 11 661 
49 98 35 6 97 33 257 
26 26 5 101 17 52 643 
13 62 52 93 94 44 1206 
17 39 88 69 71 89 1170 
59 82 33 52 94 8 106 
23 60 63 22 26 24 862 
89 15 47 25 82 51 157 
8 48 22 35 69 57 392 
61 49 40 29 46 27 813 
46 74 51 25 46 46 1100 
4 91 73 70 22 30 337 
26 44 46 90 40 85 627 
36 13 19 26 53 79 760 
13 25 96 82 99 6 528 
43 98 102 38 7 25 50 
59 51 67 50 29 7 432 
7 96 40 9 44 17 128 
63 34 101 95 69 30 1119 
68 79 90 25 26 86 1010 
48 46 54 34 62 49 945 
63 54 78 26 74 29 73 
31 57 75 56 91 35 985 
66 3 45 40 97 15 1118 
74 79 27 5 22 55 726 
52 88 76 84 70 35 1220 
82 24 71 97 3 88 444 
24 17 71 37 54 4 1000 
45 11 96 67 37 88 1089 
77 53 23 54 76 49 974 
71 101 74 23 102 83 1032 
81 76 45 96 29 57 621 
64 58 70 70 53 80 88 
79 82 20 35 49 13 62 
73 51 45 29 41 59 642 
18 99 16 54 23 99 785 
37 54 73 10 33 40 155 
97 55 85 26 71 74 1129 
21 56 89 54 72 81 97 
27 101 69 90 100 100 570 
61 56 18 31 82 45 516 
31 49 28 18 74 94 928 
98 62 5 72 86 62 1191 
45 29 102 53 20 58 120 
54 6 22 34 42 68 445 
101 69 96 91 31 52 1100 
9 63 38 100 89 34 359 
41 66 20 16 40 51 198 
29 19 80 64 89 34 935 
45 8 86 34 28 41 1190 
95 11 83 57 12 9 436 
68 66 56 33 26 82 163 
42 4 20 4 19 22 886 
53 18 29 45 20 16 788 
57 54 67 63 95 34 568 
57 38 62 30 44 83 746 
55 26 33 64 54 65 46 
7 68 33 11 21 27 519 
95 57 14 94 96 73 132 
14 91 72 34 50 69 1035 
67 61 76 77 42 13 1198 
94 97 82 68 52 63 616 
88 37 53 75 9 6 762 
84 50 38 50 11 52 496 
38 63 33 6 98 21 486 
10 59 36 82 15 46 11 
62 34 28 46 12 62 327 
56 21 61 43 65 24 1023 
13 40 29 32 63 59 691 
37 52 64 56 44 13 956 
80 19 96 96 62 63 271 
18 12 6 101 92 16 1000 
44 74 64 36 99 58 1184 
21 9 51 54 89 46 307 
84 66 92 71 52 51 932 
4 67 50 5 63 64 1159 
30 25 33 73 46 77 1136 
79 2 22 47 57 83 719 
13 46 43 75 19 99 421 
48 17 32 42 67 8 490 
9 16 32 38 97 4 1119 
86 20 83 45 72 34 55 
66 71 26 97 69 19 1117 
23 8 33 46 66 62 1004 
10 3 33 80 71 55 859 
88 92 11 62 81 69 331 
29 63 31 50 67 32 1005 
48 9 47 100 90 51 1063 
10 102 94 32 44 11 923 
19 51 67 2 81 36 953 
81 16 37 90 52 66 1150 
48 3 98 102 32 102 769 
97 89 82 83 6 85 953 
92 19 32 40 60 54 124 
13 66 49 88 98 6 810 
94 12 12 40 86 95 765 
101 98 32 13 12 15 271 
65 87 21 77 53 102 1095 
99 7 52 94 15 86 420 
39 51 16 37 98 99 31 
79 72 45 22 92 17 1120 
23 101 28 50 41 90 597 
81 30 12 47 6 79 1161 
6 62 48 74 11 30 749 
49 18 79 16 18 22 1049 
17 78 57 62 87 100 936 
8 26 46 76 98 88 717 
23 6 92 93 22 10 890 
12 99 50 84 89 32 904 
85 52 36 25 70 65 779 
54 57 87 22 81 20 1205 
38 4 100 15 45 5 321 
15 89 25 98 14 15 66 
81 9 81 99 70 5 280 
77 11 53 30 25 97 849 
51 7 74 43 91 76 911 
98 53 71 46 30 50 862 
65 14 29 58 52 60 894 
50 8 24 13 18 78 748 
94 49 87 22 10 59 787 
84 53 57 25 41 33 1018 
58 12 55 42 57 54 147 
99 26 73 75 39 98 6 
102 51 32 76 101 15 40 
5 85 26 22 93 8 994 
63 74 35 13 29 92 1123 
97 71 73 63 25 51 1163 
25 16 50 73 63 66 1003 
4 27 51 42 20 82 650 
29 31 22 66 48 33 448 
54 40 63 11 8 11 54 
82 61 15 77 66 10 983 
71 78 51 32 44 101 728 
49 86 73 12 12 41 836 
42 54 98 79 21 61 873 
78 88 64 56 57 80 263 
68 38 67 56 74 75 710 
54 73 36 6 33 79 62 
56 92 101 98 72 38 491 
9 18 100 48 52 11 1138 
92 89 78 89 24 40 990 
50 8 58 40 68 12 1074 
83 65 75 89 83 68 275 
98 65 60 87 44 83 723 
22 69 10 24 66 67 762 
85 60 19 12 41 26 77 
87 45 60 6 28 54 321 
56 27 60 70 45 73 1157 
27 20 4 82 59 24 339 
41 50 18 4 47 27 1196 
7 58 79 44 44 18 139 
22 101 84 18 31 35 810 
44 52 56 23 96 70 720 
41 18 32 84 4 81 559 
97 45 4 82 29 30 604 
71 83 28 3 56 85 61 
21 22 66 30 91 63 1192 
101 64 83 53 60 41 798 
42 49 62 42 40 68 308 
58 82 38 4 6 19 884 
70 30 22 42 86 56 250 
98 68 57 15 19 50 1174 
83 22 31 71 91 86 359 
36 68 63 19 20 82 768 
42 30 28 86 47 27 373 
35 63 13 75 87 47 546 
83 7 29 22 19 31 920 
62 8 35 17 35 45 419 
65 62 25 69 76 60 683 
41 31 31 75 25 68 591 
61 21 98 7 41 87 657 
63 36 98 2 53 90 979 
24 95 72 14 84 98 863 
3 89 9 13 89 91 516 
78 100 50 96 66 29 15 
90 39 12 96 60 83 27 
28 29 68 25 72 78 209 
38 61 63 43 71 80 704 
33 91 96 54 98 14 1033 
38 51 8 89 63 81 418 
58 61 20 26 18 70 930 
62 42 89 19 15 27 488 
40 89 56 96 51 46 691 
50 19 44 64 71 20 1090 
80 62 38 11 99 85 990 
2 45 19 56 11 84 867 
51 8 37 85 88 47 1201 
64 54 95 13 37 80 98 
44 79 64 49 53 89 1004 
82 53 10 18 44 61 467 
46 39 43 42 64 88 1207 
12 9 82 85 75 93 206 
10 45 100 64 7 75 711 
68 57 9 61 97 91 848 
57 29 69 46 88 62 221 
18 54 73 75 94 11 390 
72 84 66 80 98 67 880 
10 12 56 39 88 82 948 
84 36 83 69 99 31 677 
82 15 41 90 33 101 1132 
93 29 90 15 66 28 1184 
75 45 83 101 25 99 585 
19 14 9 102 82 42 416 
20 92 8 97 82 79 1101 
71 28 92 67 69 81 200 
85 68 26 24 56 83 105 
93 2 71 75 34 10 766 
3 34 90 53 60 61 895 
39 85 20 86 52 9 51 
19 93 35 59 20 33 419 
48 85 79 28 62 27 335 
91 39 24 50 71 29 840 
96 4 17 10 23 45 569 
86 9 40 6 76 6 903 
12 38 18 16 78 30 666 
51 13 26 100 35 48 580 
47 98 38 83 81 37 288 
91 21 51 99 90 90 767 
78 41 24 88 23 56 978 
3 8 36 95 101 16 553 
94 92 12 90 99 101 468 
13 4 25 97 71 52 255 
19 70 19 90 43 94 889 
74 4 15 14 94 69 540 
92 4 90 82 23 80 1192 
30 41 12 93 91 27 799 
39 101 93 54 5 61 1035 
40 19 7 60 25 74 245 
90 99 78 7 34 96 261 
2 38 16 50 74 25 1084 
31 9 99 54 69 9 430 
5 23 62 91 10 62 635 
87 84 24 101 8 79 493 
44 36 88 59 32 46 444 
65 79 6 33 38 98 113 
12 11 8 57 67 87 1040 
78 18 18 26 37 71 194 
55 94 51 68 48 50 1068 
75 12 97 39 65 101 492 
