2 2
300
81 16 77 
17 79 122 
73 43 340 
99 29 346 
14 63 399 
55 77 101 
81 67 353 
45 5 97 
73 25 6 
30 63 395 
78 48 251 
96 39 387 
62 98 374 
21 87 311 
44 88 246 
22 44 372 
23 2 265 
92 62 33 
67 37 46 
97 45 222 
31 45 329 
89 23 328 
25 20 99 
5 95 325 
35 62 327 
12 3 72 
65 54 331 
12 9 246 
34 89 354 
56 31 9 
86 67 215 
39 92 170 
97 58 263 
82 98 96 
69 20 31 
87 59 407 
30 56 143 
96 34 373 
75 21 150 
22 57 143 
96 72 364 
24 21 118 
29 97 285 
41 17 185 
55 86 226 
60 45 361 
55 49 123 
89 28 307 
69 92 136 
63 66 292 
7 77 7 
31 88 110 
36 47 405 
81 60 251 
32 91 161 
92 42 197 
38 17 311 
50 69 34 
7 9 179 
16 57 119 
97 68 128 
100 36 164 
46 26 399 
31 26 398 
91 77 362 
71 59 153 
38 79 204 
87 27 201 
97 59 33 
95 26 324 
85 22 368 
72 85 375 
32 33 225 
101 48 70 
52 10 375 
81 61 379 
21 38 203 
8 80 317 
81 12 170 
84 5 316 
34 53 405 
20 48 15 
10 21 373 
99 40 106 
84 39 130 
35 37 72 
59 19 399 
17 76 359 
32 79 175 
15 93 297 
52 50 116 
80 69 389 
19 34 254 
91 73 163 
3 24 400 
26 26 168 
48 48 309 
26 27 354 
81 19 313 
13 90 281 
62 97 114 
21 48 369 
100 7 286 
38 18 14 
57 70 186 
60 15 211 
92 8 216 
4 69 187 
99 28 95 
43 100 203 
21 8 178 
95 30 311 
14 85 311 
10 28 81 
73 12 124 
75 71 232 
43 23 18 
27 24 337 
18 61 117 
84 23 85 
69 58 28 
23 19 42 
62 64 165 
71 48 126 
78 84 326 
35 33 234 
17 27 233 
68 2 314 
47 96 344 
63 79 285 
50 32 251 
58 42 286 
15 52 376 
22 15 32 
19 74 307 
75 51 164 
5 85 114 
73 69 395 
66 3 230 
31 77 98 
28 101 345 
73 23 68 
71 22 171 
12 22 330 
67 97 49 
51 52 116 
4 74 182 
46 60 386 
44 79 259 
67 94 161 
16 86 306 
71 96 61 
25 48 208 
61 6 121 
100 95 255 
49 8 291 
87 16 211 
30 30 15 
81 83 165 
92 31 183 
55 6 116 
4 98 151 
8 98 7 
99 29 17 
79 45 278 
17 48 270 
34 97 288 
94 82 317 
90 88 229 
74 92 54 
76 35 73 
8 8 407 
3 98 394 
28 43 43 
72 90 358 
50 53 347 
37 66 145 
76 60 137 
76 63 102 
52 17 45 
83 36 29 
90 25 382 
88 73 150 
70 16 206 
71 9 224 
62 24 375 
92 42 143 
73 39 106 
79 2 308 
86 34 185 
77 53 331 
88 47 29 
6 84 265 
96 63 326 
50 69 206 
87 7 210 
80 16 161 
35 62 306 
78 12 397 
83 13 94 
20 4 162 
93 95 257 
71 86 252 
50 59 165 
29 98 320 
57 24 286 
77 94 389 
26 8 75 
8 44 369 
8 12 145 
11 25 289 
44 78 243 
42 59 300 
89 18 88 
92 32 235 
101 8 264 
99 23 357 
29 8 77 
29 96 393 
23 87 210 
74 65 301 
28 41 140 
71 87 84 
21 16 267 
99 90 314 
76 37 308 
63 9 150 
28 11 363 
50 84 70 
54 17 333 
65 21 294 
24 17 215 
49 65 373 
25 31 86 
46 80 29 
24 33 75 
44 55 244 
23 63 319 
17 48 220 
87 81 234 
19 19 286 
41 58 390 
95 77 297 
26 29 292 
86 39 318 
18 84 132 
84 28 209 
101 13 253 
24 44 238 
96 9 281 
101 65 345 
36 8 52 
53 8 90 
13 31 231 
47 19 108 
90 39 98 
2 101 264 
24 4 217 
8 20 28 
10 19 57 
39 102 275 
6 27 262 
89 52 129 
67 67 311 
12 73 396 
97 56 381 
38 36 25 
37 95 35 
6 79 247 
33 30 358 
8 45 362 
10 76 120 
91 43 375 
64 3 356 
94 37 140 
91 14 128 
58 13 264 
15 74 341 
10 5 27 
61 102 199 
6 58 88 
46 61 93 
89 4 398 
70 8 53 
3 76 133 
20 44 239 
76 18 268 
31 77 71 
25 95 287 
7 2 289 
25 32 169 
45 60 188 
68 51 310 
14 3 40 
36 90 25 
54 14 402 
53 92 248 
50 87 345 
85 77 328 
6 23 271 
