2 6
300
60 52 100 
31 55 1159 
59 7 38 
2 55 861 
29 6 364 
21 93 854 
3 9 130 
38 85 423 
19 49 179 
7 100 249 
70 17 1211 
27 86 809 
63 83 641 
7 45 1136 
82 59 1045 
3 76 305 
22 3 737 
88 10 76 
18 24 816 
76 14 78 
82 54 87 
85 34 474 
73 3 245 
66 60 120 
19 98 783 
20 59 317 
51 18 890 
92 87 1186 
62 84 80 
95 11 768 
101 89 851 
48 27 1110 
88 99 315 
49 31 896 
7 58 532 
52 71 154 
44 100 794 
43 26 1168 
36 93 822 
12 25 606 
34 81 1128 
59 66 866 
42 73 866 
75 34 733 
2 4 1062 
102 87 351 
56 12 170 
96 53 135 
100 61 770 
76 14 425 
26 78 910 
78 17 624 
83 50 1130 
75 12 1190 
44 71 813 
7 43 273 
11 36 73 
40 59 161 
38 40 342 
83 61 71 
10 68 721 
38 52 688 
88 26 1075 
38 21 454 
38 83 1217 
19 54 1003 
46 95 219 
43 67 960 
31 87 237 
63 42 935 
25 102 1082 
89 67 539 
40 8 236 
12 21 206 
36 75 192 
71 4 927 
16 21 1052 
48 39 814 
90 69 14 
82 9 791 
39 26 1023 
13 15 231 
51 52 197 
57 80 572 
65 36 899 
3 8 1131 
65 62 1015 
46 50 262 
92 79 771 
24 101 1196 
45 60 1203 
57 75 1165 
35 25 736 
99 22 644 
62 60 502 
41 85 34 
95 89 746 
11 20 581 
84 95 938 
64 23 437 
58 29 624 
20 14 250 
50 10 746 
80 70 1021 
34 68 488 
32 86 1096 
82 53 1152 
62 31 147 
39 36 495 
53 75 979 
21 73 25 
27 43 1146 
4 44 559 
23 93 917 
44 17 233 
80 78 632 
10 53 120 
89 84 857 
43 97 1195 
41 83 956 
82 100 434 
83 62 1188 
83 10 308 
48 31 518 
46 62 738 
21 21 176 
95 61 714 
91 45 265 
72 34 1090 
34 85 558 
98 65 736 
70 43 1143 
42 63 676 
24 98 838 
28 63 279 
69 45 271 
12 24 942 
85 48 274 
22 93 665 
16 13 345 
10 52 304 
82 52 810 
84 78 238 
69 82 707 
61 73 773 
92 64 1001 
101 5 1083 
69 24 745 
71 15 204 
40 50 606 
41 28 618 
29 16 571 
46 49 140 
59 87 817 
5 45 523 
21 26 918 
61 32 354 
74 17 95 
42 43 335 
66 13 462 
52 46 351 
72 30 661 
9 34 702 
18 48 190 
73 44 217 
24 66 973 
20 51 1081 
44 81 220 
23 69 132 
45 89 892 
21 82 443 
76 9 502 
40 35 185 
91 14 1128 
20 45 1026 
15 4 892 
92 20 938 
50 48 754 
51 10 806 
13 51 750 
45 67 548 
86 99 814 
81 99 431 
79 86 387 
66 31 459 
98 26 440 
36 9 792 
40 55 852 
98 74 416 
77 26 1213 
77 29 1022 
56 47 582 
50 35 559 
19 36 65 
40 15 422 
47 85 203 
26 55 1030 
32 79 518 
99 8 145 
77 90 315 
35 7 888 
38 4 688 
50 13 1028 
92 51 1110 
92 19 893 
62 2 485 
37 53 1080 
19 52 872 
17 47 624 
43 59 489 
38 74 552 
22 87 362 
35 4 146 
80 99 890 
35 36 58 
95 42 733 
71 39 70 
74 42 455 
39 17 666 
3 23 690 
7 9 655 
46 56 933 
48 72 392 
45 29 1204 
30 59 663 
18 87 201 
69 24 71 
93 74 248 
36 66 399 
10 85 854 
77 33 986 
57 75 1105 
21 90 979 
30 50 848 
30 28 126 
9 46 1016 
85 24 372 
40 37 1219 
53 16 428 
35 12 1109 
46 40 1075 
64 70 1170 
20 74 1028 
66 98 1181 
38 40 903 
38 65 565 
12 29 236 
52 27 743 
41 39 1182 
83 7 721 
57 88 962 
91 87 125 
83 68 706 
17 91 884 
101 21 315 
36 4 1182 
28 16 625 
91 25 1012 
74 96 159 
29 25 383 
101 39 827 
27 10 129 
20 49 655 
66 57 1194 
90 97 465 
49 52 73 
37 8 434 
2 57 1109 
10 69 767 
98 20 1109 
99 56 526 
28 18 643 
7 76 132 
17 18 672 
45 64 725 
55 2 343 
47 27 536 
9 94 211 
98 101 1000 
79 19 514 
50 24 357 
65 69 13 
57 64 977 
87 44 938 
97 22 1099 
82 59 1139 
33 56 811 
37 53 1142 
49 92 760 
28 33 206 
73 30 695 
71 69 1150 
28 82 1170 
60 101 471 
50 61 1006 
69 14 886 
29 17 516 
91 47 770 
78 15 867 
38 18 935 
