2 6
300
75 78 91 
83 61 656 
3 50 876 
41 32 359 
42 22 164 
41 72 370 
46 5 1123 
53 18 1176 
95 34 916 
4 85 819 
19 77 1154 
16 25 1051 
17 32 804 
46 42 630 
78 92 549 
55 53 1033 
94 74 964 
36 16 340 
68 24 743 
13 91 337 
81 101 805 
7 24 678 
37 27 1191 
29 26 495 
66 2 774 
42 77 321 
53 42 985 
92 12 126 
90 85 747 
69 50 9 
27 6 502 
40 68 494 
88 73 829 
91 20 316 
89 66 596 
40 71 173 
66 28 581 
37 62 596 
49 90 1093 
58 18 475 
96 70 946 
99 4 248 
101 28 426 
25 57 52 
60 64 274 
57 5 560 
64 52 170 
49 4 275 
55 93 536 
94 93 945 
53 32 669 
31 97 607 
50 92 764 
30 41 530 
81 44 872 
45 78 1201 
28 94 1042 
46 96 817 
27 49 810 
57 45 142 
78 9 429 
60 74 301 
51 31 817 
75 8 158 
85 35 135 
73 70 743 
53 12 179 
48 68 1213 
94 9 444 
90 6 586 
85 95 576 
53 54 389 
10 24 852 
49 96 573 
33 56 1051 
74 62 745 
58 56 975 
7 6 412 
99 33 507 
38 67 792 
90 64 313 
21 91 159 
68 34 994 
81 64 563 
93 6 198 
70 16 150 
15 22 577 
77 34 607 
70 80 1098 
15 56 260 
92 74 690 
7 61 396 
23 15 789 
75 9 343 
82 79 1128 
36 16 1216 
20 31 206 
31 25 561 
20 15 364 
78 53 139 
25 54 961 
62 91 1102 
92 88 562 
86 48 22 
50 42 164 
21 98 678 
59 36 781 
92 98 305 
6 63 608 
13 89 560 
5 47 757 
55 52 663 
51 22 1076 
4 46 345 
56 36 1013 
17 83 1010 
35 100 212 
76 21 201 
49 35 693 
56 58 340 
42 81 1210 
2 83 16 
42 97 1107 
61 72 931 
69 57 1107 
38 39 760 
44 91 975 
69 80 1088 
30 30 329 
48 8 210 
100 98 785 
62 64 797 
31 55 645 
84 77 1065 
94 75 354 
43 9 775 
28 14 1175 
96 14 812 
50 75 13 
12 74 647 
76 96 1087 
75 64 905 
14 9 1147 
27 8 1021 
11 62 175 
95 77 59 
62 89 265 
65 22 1149 
23 5 1030 
100 14 1080 
66 21 1000 
102 9 990 
100 21 146 
57 31 1219 
72 2 67 
15 87 628 
54 57 1205 
98 52 1035 
33 13 914 
97 54 717 
92 16 1165 
8 63 1067 
4 12 652 
35 96 690 
95 7 711 
24 96 238 
91 10 222 
35 48 695 
92 70 850 
99 71 1180 
8 5 813 
55 67 185 
6 66 480 
20 13 924 
100 21 746 
44 5 547 
29 11 209 
57 8 539 
43 59 841 
40 18 1144 
20 7 503 
59 29 1117 
92 42 492 
45 20 367 
82 72 1195 
45 37 328 
98 50 790 
27 73 726 
81 53 1186 
24 15 104 
48 68 592 
48 2 77 
36 43 1123 
72 54 782 
7 86 1124 
89 77 442 
48 100 269 
44 45 835 
31 95 419 
84 79 935 
96 69 329 
34 99 632 
84 36 857 
93 10 1146 
37 28 1168 
3 22 1065 
69 94 925 
63 78 183 
88 6 287 
82 19 92 
74 55 784 
17 77 1038 
39 75 1064 
42 8 500 
68 57 1102 
30 9 204 
75 30 892 
49 16 1040 
3 35 1117 
14 47 1128 
30 3 218 
65 21 678 
32 22 623 
13 66 581 
2 29 1062 
37 97 263 
27 60 1193 
9 9 1084 
37 27 470 
81 17 515 
96 27 339 
97 14 53 
25 5 435 
37 101 1069 
68 64 791 
27 49 1068 
100 68 473 
72 89 1066 
97 23 1151 
31 30 1156 
19 53 64 
11 19 473 
22 7 187 
85 14 1120 
88 92 730 
12 43 554 
26 11 955 
53 83 595 
5 26 466 
42 2 1109 
12 96 924 
43 20 590 
84 59 554 
28 8 512 
74 18 665 
49 86 1187 
30 87 983 
51 7 232 
19 68 854 
58 7 1143 
3 81 66 
26 74 221 
18 47 887 
13 30 1031 
2 100 45 
38 81 800 
96 58 486 
43 15 192 
12 63 1085 
59 26 635 
80 28 632 
54 27 323 
39 50 529 
38 33 479 
27 18 695 
98 51 92 
17 82 1064 
6 64 600 
56 62 814 
92 16 138 
31 61 253 
23 35 26 
35 50 887 
79 102 384 
24 60 313 
3 18 1186 
61 16 155 
83 43 542 
67 76 780 
5 100 805 
62 49 412 
34 9 876 
20 6 1016 
57 65 8 
37 40 987 
58 84 54 
26 55 531 
72 33 1222 
101 50 225 
78 58 724 
