2 2
300
99 31 246 
12 65 201 
17 28 382 
91 42 386 
19 4 307 
67 38 261 
46 47 361 
57 52 105 
62 63 296 
16 21 169 
86 35 57 
97 34 135 
30 33 59 
14 66 131 
80 4 103 
37 31 258 
59 14 100 
16 42 362 
32 45 323 
37 52 10 
79 3 28 
54 6 31 
83 24 286 
44 39 22 
52 34 328 
59 79 196 
3 27 132 
11 59 33 
19 72 381 
27 67 364 
56 96 332 
14 37 257 
28 28 398 
20 56 30 
95 17 305 
21 66 35 
10 75 269 
33 36 101 
72 69 182 
101 38 140 
16 58 234 
83 91 178 
26 40 393 
20 33 210 
52 85 293 
27 18 174 
35 99 28 
87 18 376 
25 24 243 
59 44 277 
21 29 367 
66 6 397 
52 14 107 
33 98 108 
14 93 172 
17 83 211 
55 47 210 
4 68 157 
30 31 164 
67 59 272 
86 69 391 
31 101 19 
63 89 322 
76 78 17 
18 3 9 
82 76 106 
52 11 168 
10 6 398 
18 18 249 
54 38 308 
59 87 226 
61 49 119 
32 85 374 
40 55 387 
75 80 282 
50 88 264 
39 50 225 
16 17 198 
28 78 257 
100 14 338 
45 12 208 
6 19 371 
50 59 221 
75 52 370 
36 14 228 
48 37 107 
31 71 126 
98 17 360 
22 45 286 
9 36 291 
68 34 290 
11 96 179 
46 71 250 
80 101 119 
13 66 399 
66 82 12 
95 81 168 
39 72 178 
54 49 387 
65 85 302 
23 43 96 
85 9 74 
22 27 75 
14 4 271 
67 53 284 
4 88 211 
93 58 257 
70 16 222 
32 31 255 
30 59 195 
51 83 351 
89 59 236 
8 30 232 
82 47 228 
86 82 316 
77 74 80 
76 52 249 
45 74 111 
13 55 112 
71 54 318 
57 94 277 
72 65 87 
82 80 381 
14 98 238 
97 13 48 
9 85 140 
79 58 234 
45 56 30 
89 7 40 
61 78 18 
33 39 309 
81 26 216 
90 16 70 
58 96 386 
28 64 221 
5 51 251 
17 6 286 
95 94 394 
23 14 156 
63 86 238 
13 23 8 
91 83 243 
85 18 352 
61 21 283 
19 23 252 
65 19 376 
55 86 233 
50 46 295 
36 40 184 
81 60 51 
17 29 126 
61 47 298 
95 38 330 
96 22 135 
77 59 346 
3 78 292 
37 60 388 
48 10 407 
3 65 317 
31 57 178 
17 6 238 
76 46 376 
41 61 309 
91 72 331 
13 61 260 
26 75 355 
90 35 254 
75 46 406 
19 71 81 
33 59 333 
97 66 331 
39 82 70 
77 3 54 
94 64 72 
98 48 362 
16 37 202 
38 79 370 
93 44 93 
83 43 243 
60 59 307 
75 10 6 
96 96 25 
2 76 322 
49 51 292 
76 97 289 
47 80 401 
13 5 141 
72 97 328 
93 6 92 
60 58 158 
60 18 182 
40 22 223 
18 4 215 
85 16 247 
72 91 114 
21 19 191 
54 39 260 
63 50 220 
43 4 56 
23 5 364 
85 44 77 
42 91 137 
29 38 308 
18 31 311 
48 30 364 
76 102 23 
55 73 357 
78 9 80 
77 99 281 
93 99 73 
43 97 401 
65 102 296 
44 32 2 
96 94 330 
73 37 34 
89 17 82 
67 69 13 
10 70 132 
4 10 144 
101 67 379 
67 38 161 
60 77 137 
80 85 116 
19 34 284 
7 60 324 
9 7 292 
13 90 332 
51 28 125 
17 35 113 
68 63 376 
39 45 266 
9 32 228 
44 15 245 
77 12 134 
94 50 143 
35 5 43 
55 97 14 
66 90 317 
13 18 43 
11 45 176 
8 14 89 
38 81 364 
6 100 117 
26 67 373 
13 39 319 
51 59 321 
98 84 121 
19 16 271 
91 76 224 
89 98 59 
48 35 286 
19 71 400 
13 57 280 
48 31 25 
84 31 124 
13 54 211 
102 65 238 
34 15 252 
15 91 399 
57 49 24 
37 19 9 
16 80 133 
23 96 277 
82 40 10 
12 52 216 
26 38 346 
38 80 91 
5 90 137 
58 16 82 
10 6 327 
2 58 37 
65 13 50 
6 69 209 
100 92 236 
86 21 103 
58 24 259 
11 92 217 
15 21 282 
85 33 120 
70 60 263 
15 15 370 
90 82 333 
95 49 160 
43 22 279 
36 41 359 
66 21 280 
10 102 376 
58 102 59 
29 89 153 
42 82 326 
85 38 39 
89 87 314 
69 98 161 
45 65 305 
26 70 286 
87 81 328 
83 21 50 
62 62 240 
74 58 57 
79 63 380 
