4 6
300
44 10 18 68 1142 
75 35 21 77 40 
54 77 97 66 725 
65 49 23 13 8 
84 42 69 51 806 
44 40 55 26 227 
87 37 5 44 963 
69 72 78 13 153 
39 36 41 40 658 
12 79 20 26 681 
32 15 73 17 143 
3 43 70 2 626 
37 82 97 59 226 
18 74 54 88 1126 
95 73 12 101 782 
50 4 31 97 679 
67 22 31 71 1076 
73 66 90 33 946 
29 4 78 62 944 
59 41 84 22 461 
41 27 34 34 763 
61 5 74 54 779 
102 13 75 47 1056 
17 53 28 71 574 
54 86 23 10 800 
93 97 52 23 86 
11 22 12 59 206 
42 90 99 9 350 
70 94 38 69 950 
17 31 33 76 759 
8 15 15 75 1050 
57 6 26 69 870 
66 55 53 47 670 
82 4 17 30 573 
29 55 22 42 963 
62 50 56 33 612 
64 66 78 62 8 
98 9 39 74 760 
37 66 33 37 785 
17 43 93 15 1199 
16 16 5 29 424 
55 95 74 96 319 
9 52 95 19 112 
2 79 93 46 716 
74 67 46 68 139 
66 25 86 78 780 
21 59 43 35 442 
50 64 52 27 580 
5 37 45 48 678 
87 72 16 29 784 
40 52 49 56 315 
51 72 38 18 867 
33 11 98 33 89 
52 11 62 83 744 
40 29 68 99 676 
40 24 100 13 319 
95 11 60 14 312 
71 12 89 9 1064 
80 27 36 56 207 
96 41 14 41 69 
78 12 35 68 315 
13 85 52 101 1077 
29 74 27 92 949 
24 53 86 7 466 
42 24 55 96 1010 
15 95 14 82 744 
101 12 62 7 606 
85 78 94 89 177 
88 62 90 21 733 
8 2 46 79 1161 
45 57 9 3 803 
57 59 41 85 156 
20 73 72 40 1090 
19 14 22 42 1154 
48 61 99 93 637 
82 36 36 36 932 
15 51 38 87 212 
46 5 61 42 1162 
29 38 11 76 1182 
17 92 51 32 526 
96 82 6 84 595 
86 60 18 51 1047 
23 25 7 9 1221 
71 37 86 23 552 
16 55 82 47 829 
12 52 25 96 455 
92 87 6 93 1003 
35 47 55 39 402 
88 89 12 56 911 
6 33 4 76 344 
81 8 30 87 358 
43 2 60 17 472 
36 37 24 14 1171 
38 21 16 27 821 
25 84 49 90 718 
29 45 28 73 782 
81 51 51 68 706 
86 58 21 64 505 
35 89 40 100 1206 
54 68 101 61 471 
87 19 78 9 62 
99 61 42 29 33 
100 77 89 53 729 
88 88 57 56 147 
82 102 54 86 423 
38 46 51 92 85 
63 46 69 35 964 
64 74 44 63 741 
27 18 94 61 531 
60 102 89 41 160 
68 12 47 49 718 
87 67 94 75 845 
55 11 52 22 510 
56 10 57 74 1192 
15 46 96 95 1059 
65 10 95 43 938 
38 59 12 79 500 
53 102 22 76 1146 
99 82 71 94 94 
18 68 74 20 1099 
52 47 17 44 1220 
24 18 53 62 1165 
79 74 53 98 403 
98 101 75 81 1112 
56 90 82 81 3 
35 78 3 88 864 
99 37 77 53 327 
93 44 71 79 234 
36 50 62 81 201 
27 31 75 62 139 
19 96 95 29 438 
64 67 39 43 814 
48 17 67 92 1202 
44 99 2 72 514 
57 33 98 62 695 
8 30 4 64 918 
7 5 44 77 661 
5 44 50 17 790 
28 7 29 13 891 
21 85 72 83 910 
30 30 5 20 691 
88 100 36 72 367 
36 65 76 68 757 
45 75 93 38 1160 
2 52 87 7 195 
52 5 87 89 462 
25 61 23 90 580 
79 2 26 20 832 
7 10 79 87 377 
65 33 63 51 362 
48 94 36 88 907 
80 45 100 4 82 
85 15 48 35 87 
77 44 88 21 1043 
45 52 74 70 1094 
94 75 102 76 648 
21 45 38 60 1127 
32 27 37 16 850 
36 4 24 14 1045 
94 64 46 80 682 
22 46 44 66 1056 
98 22 68 99 1007 
7 45 25 51 1070 
42 80 90 43 938 
52 10 74 52 632 
43 30 62 85 1190 
32 30 23 21 398 
77 3 74 74 1175 
12 61 40 34 785 
92 81 75 26 558 
17 76 6 4 69 
15 74 94 14 555 
71 62 85 101 643 
79 24 6 19 157 
41 8 19 47 813 
93 71 43 88 751 
64 57 38 39 1012 
58 26 21 15 241 
5 11 62 28 338 
52 78 41 81 1063 
70 77 58 14 84 
11 59 61 38 178 
45 34 8 53 1021 
16 26 48 19 1180 
55 5 93 99 126 
32 48 93 19 196 
17 32 63 101 1142 
89 101 26 32 904 
101 67 86 101 931 
73 5 11 45 169 
29 31 24 85 414 
67 85 61 4 944 
65 68 44 22 1212 
15 72 9 60 1175 
17 101 18 45 1189 
90 21 94 23 482 
29 40 50 6 1092 
88 10 80 67 347 
6 42 25 55 139 
35 25 66 102 773 
3 98 53 49 1205 
29 16 81 88 561 
48 93 40 64 618 
27 21 40 32 162 
7 94 44 31 1124 
77 79 65 34 786 
67 58 95 60 475 
33 89 3 7 758 
74 31 95 21 1013 
15 4 62 5 1055 
16 87 35 89 716 
11 55 24 57 283 
53 53 50 24 991 
92 100 81 26 238 
40 20 35 71 499 
77 101 25 49 963 
75 18 62 47 613 
82 24 8 102 368 
80 67 47 84 138 
24 84 73 40 1136 
17 25 39 85 585 
98 53 67 48 1017 
11 32 77 79 609 
37 93 4 74 13 
70 95 82 96 509 
75 75 53 60 235 
96 30 87 56 782 
53 81 78 100 662 
31 59 62 19 253 
50 92 71 34 937 
33 82 101 39 307 
24 45 45 44 909 
25 2 9 29 1092 
83 48 23 15 1213 
57 17 6 20 886 
13 35 65 75 1149 
85 6 21 83 1084 
16 31 49 31 512 
10 38 36 26 378 
30 52 35 29 481 
4 71 58 35 262 
18 77 84 67 178 
91 82 72 50 1112 
21 84 28 41 918 
55 100 94 73 1119 
21 82 83 89 541 
62 3 38 36 1123 
16 50 87 62 889 
41 49 84 17 647 
30 68 88 35 143 
48 26 96 54 1060 
6 79 87 44 30 
38 97 97 23 661 
90 46 38 58 936 
73 99 69 68 443 
8 18 80 20 777 
55 96 50 77 1197 
39 8 85 49 1076 
40 65 45 59 451 
46 54 63 63 787 
86 32 32 58 492 
52 59 30 18 992 
90 101 69 81 608 
44 49 21 25 212 
84 63 91 71 477 
11 55 11 31 1124 
55 57 19 56 973 
24 66 94 37 588 
82 80 69 68 5 
40 98 67 10 1161 
100 35 40 45 1006 
25 44 63 19 385 
98 50 101 27 338 
35 84 15 101 335 
80 57 86 77 462 
6 96 24 70 10 
15 91 3 36 1152 
23 19 76 74 690 
83 5 76 6 632 
34 81 44 41 830 
58 85 68 83 209 
45 51 65 8 961 
31 21 95 19 228 
10 49 67 32 84 
17 10 43 45 572 
77 82 82 26 76 
26 53 85 3 548 
32 25 23 19 627 
74 57 70 95 333 
63 12 60 87 536 
87 17 14 34 643 
50 44 25 36 513 
64 70 41 102 663 
80 38 95 74 1083 
87 28 49 81 423 
63 42 50 18 1047 
67 25 97 82 262 
11 42 53 50 1189 
90 2 89 78 1086 
6 18 70 41 604 
