6 4
300
61 79 102 53 16 45 633 
89 17 33 100 47 62 274 
3 48 97 54 41 14 585 
67 53 47 70 17 3 578 
23 46 82 58 13 76 21 
81 97 17 97 17 88 776 
82 11 97 41 61 50 749 
91 84 19 86 47 27 765 
28 57 85 102 44 9 545 
73 53 44 37 88 33 177 
53 82 58 26 28 79 694 
44 51 31 58 55 81 257 
64 65 75 68 51 11 438 
42 34 98 75 81 30 77 
60 55 6 75 18 72 313 
5 62 62 22 51 11 682 
8 56 46 90 30 37 78 
90 71 71 39 25 70 93 
50 63 53 48 50 78 689 
98 27 85 39 11 95 483 
5 15 48 2 102 72 277 
80 54 87 53 95 102 570 
86 37 37 96 4 29 446 
102 11 75 2 35 101 84 
31 62 53 21 44 52 695 
59 25 39 25 100 79 574 
11 68 97 57 78 17 99 
92 50 45 9 68 7 28 
6 75 2 69 73 26 398 
93 36 34 53 52 87 224 
14 101 73 6 52 86 741 
45 80 47 59 87 100 320 
15 10 14 78 48 84 430 
52 39 57 29 56 24 143 
34 65 6 28 32 87 637 
51 74 4 19 22 14 502 
97 57 12 88 27 12 643 
28 22 77 6 5 77 507 
64 18 79 98 65 76 87 
18 42 33 57 16 63 520 
38 12 61 27 72 93 452 
84 47 43 30 14 41 53 
45 32 25 29 12 18 714 
58 28 23 60 41 53 646 
17 82 33 14 51 17 732 
12 18 80 35 86 9 653 
73 38 70 53 37 6 597 
13 10 30 6 47 78 657 
86 41 70 33 42 78 547 
67 12 18 65 26 19 266 
16 46 96 28 11 9 693 
92 55 9 6 49 8 33 
74 6 10 6 41 11 211 
79 13 5 46 33 15 46 
28 53 89 13 90 43 790 
66 36 80 38 71 98 774 
87 63 29 95 72 65 764 
8 10 62 87 9 9 303 
36 93 85 81 96 81 518 
4 22 95 61 67 9 67 
72 33 70 72 16 33 749 
52 78 52 63 52 14 166 
45 29 29 82 36 62 248 
44 97 59 76 18 33 678 
43 36 36 7 58 88 297 
80 94 17 96 78 47 683 
18 34 20 47 70 45 484 
94 68 81 33 49 80 224 
38 12 98 100 101 11 74 
44 18 58 96 28 86 534 
37 14 89 60 17 49 221 
65 41 32 50 90 26 397 
70 58 75 11 10 11 343 
84 21 98 79 38 77 604 
18 64 53 43 61 96 468 
56 94 76 35 33 2 595 
73 68 51 13 87 62 598 
63 85 87 20 77 25 436 
95 93 83 80 74 55 383 
79 81 9 31 32 93 119 
66 102 78 79 11 71 89 
56 49 67 53 17 3 453 
81 68 25 87 73 6 501 
3 94 57 62 49 28 766 
88 44 85 57 71 61 790 
85 11 44 68 56 45 320 
46 18 29 59 54 93 799 
16 86 46 61 89 55 515 
9 23 19 63 45 19 550 
7 85 98 48 44 61 786 
58 83 20 18 63 24 461 
78 30 4 97 37 98 594 
60 41 98 84 8 36 619 
90 27 7 13 28 74 326 
35 32 13 12 35 4 468 
5 28 45 28 33 9 253 
95 17 68 10 23 97 381 
46 3 66 38 27 22 561 
59 15 7 38 52 19 354 
100 93 87 4 96 18 451 
15 55 58 77 29 47 770 
12 41 5 7 79 95 727 
32 49 76 10 83 91 377 
14 40 92 82 92 90 782 
26 83 8 29 81 93 256 
50 10 63 100 78 76 385 
76 4 33 75 25 56 556 
46 12 96 15 29 11 7 
16 67 97 39 59 101 702 
59 99 80 100 4 60 666 
41 15 12 8 16 101 310 
39 62 9 69 36 30 655 
73 14 16 54 84 32 278 
45 69 63 20 78 63 141 
7 55 77 23 98 88 39 
99 86 9 15 12 65 630 
8 89 72 26 73 8 705 
87 66 48 22 29 50 782 
49 51 89 40 40 23 264 
9 34 48 39 43 78 605 
30 8 41 74 70 59 308 
81 92 97 7 57 33 165 
90 31 4 71 41 11 412 
37 22 76 74 44 47 805 
57 27 88 31 32 14 466 
60 9 50 62 93 60 550 
61 95 36 85 92 14 154 
5 46 71 5 69 26 755 
88 67 2 28 14 41 199 
68 11 78 27 21 65 246 
24 56 11 50 52 85 624 
30 43 91 54 35 82 425 
83 19 29 65 90 67 590 
44 50 36 81 21 45 761 
86 60 60 74 51 91 660 
92 62 57 18 43 18 477 
26 13 76 81 61 74 692 
93 51 64 32 100 60 659 
8 77 71 33 42 85 358 
85 33 82 85 93 73 740 
60 74 49 50 50 16 142 
39 63 2 62 73 11 757 
11 98 43 53 33 2 685 
87 88 87 3 35 17 341 
82 95 98 70 3 96 276 
79 17 84 52 46 65 568 
16 71 73 71 77 53 599 
37 41 34 62 73 9 592 
88 64 49 17 101 78 466 
69 6 95 72 16 61 267 
84 61 3 89 39 16 580 
20 16 34 61 66 70 369 
56 65 9 32 89 63 745 
55 38 37 46 90 15 383 
66 80 101 62 94 43 435 
82 33 75 36 94 3 553 
49 16 59 38 9 14 109 
43 87 42 29 100 43 231 
25 68 45 51 4 26 438 
38 36 100 74 29 94 606 
34 36 97 97 62 26 52 
23 80 11 82 3 36 192 
95 60 35 96 102 27 464 
67 32 88 93 79 16 94 
83 60 66 82 22 41 75 
53 47 34 40 20 24 18 
90 36 70 3 92 32 350 
77 67 80 30 69 19 545 
6 12 6 84 12 97 331 
21 47 3 83 97 16 347 
16 3 58 84 5 57 628 
98 19 91 89 86 71 48 
95 88 54 55 23 44 381 
37 30 58 10 29 64 562 
91 70 23 98 18 2 504 
66 24 48 66 65 92 68 
95 17 98 28 28 37 217 
61 50 30 75 74 98 641 
75 102 76 78 95 10 59 
51 71 93 70 70 46 235 
65 8 91 61 55 41 347 
15 62 84 3 29 44 245 
21 95 24 46 7 85 747 
25 74 91 72 84 3 353 
48 6 60 60 93 100 782 
44 41 17 22 59 38 491 
42 94 76 68 68 79 246 
78 71 26 65 63 39 333 
37 2 91 73 39 101 545 
58 26 45 38 47 36 634 
56 10 26 49 49 33 678 
82 16 5 18 26 15 575 
38 36 96 32 63 57 61 
40 28 51 22 39 95 685 
69 33 32 23 45 54 177 
63 102 18 16 8 60 446 
88 88 57 15 88 98 164 
93 51 8 86 81 72 132 
84 78 30 12 40 101 108 
85 75 97 83 63 51 610 
36 80 18 57 100 55 425 
42 96 8 53 99 66 626 
85 26 39 66 84 7 644 
26 90 6 70 60 43 30 
14 62 35 27 49 47 460 
72 92 31 83 20 66 347 
84 23 61 43 37 38 4 
52 60 19 81 45 98 86 
92 15 89 41 13 51 225 
36 76 28 52 21 22 103 
35 9 85 66 44 39 342 
69 46 29 25 7 5 513 
4 18 48 6 51 48 653 
80 45 44 9 17 17 397 
50 36 93 19 18 90 135 
53 36 17 4 61 70 192 
70 62 18 8 47 67 261 
60 82 48 71 76 34 454 
67 42 60 28 24 95 159 
13 38 8 91 17 48 415 
84 33 4 92 80 59 79 
85 28 2 72 52 19 731 
56 47 49 44 57 63 705 
96 59 78 40 77 6 472 
25 12 19 32 20 83 625 
51 46 81 99 78 48 667 
16 59 58 73 79 32 465 
94 61 50 62 88 66 717 
76 28 54 4 55 54 487 
19 86 42 34 38 15 44 
2 70 47 82 17 7 650 
102 22 69 101 76 3 259 
52 71 72 34 19 91 608 
21 29 96 25 96 24 794 
76 18 41 43 19 54 748 
93 5 82 73 62 10 605 
8 88 6 80 53 30 543 
16 73 2 21 26 33 666 
43 53 59 22 84 84 216 
7 30 59 60 51 42 485 
69 91 63 59 83 2 106 
43 92 47 46 96 33 485 
47 41 24 94 23 12 406 
54 26 53 79 28 50 12 
60 48 23 4 90 9 388 
83 41 64 46 32 71 3 
62 14 78 90 54 69 488 
91 37 67 30 32 12 124 
68 12 82 57 55 13 682 
46 26 44 8 26 14 519 
102 63 51 93 43 52 746 
13 77 91 76 83 44 556 
13 58 75 60 99 34 129 
31 84 91 80 59 19 136 
90 37 84 30 57 98 734 
77 19 40 91 62 26 444 
37 93 82 74 72 17 268 
70 71 50 28 81 50 576 
81 62 15 86 35 77 189 
42 9 48 28 47 80 300 
41 38 71 39 11 63 764 
93 11 8 89 3 86 167 
68 35 3 78 50 21 783 
59 27 7 29 51 33 777 
85 36 48 26 39 98 238 
35 81 91 73 89 79 714 
53 9 98 34 93 5 606 
76 47 52 99 61 43 671 
13 66 12 62 32 100 66 
77 62 65 66 90 93 271 
56 14 7 63 45 11 52 
20 11 97 59 31 23 79 
91 98 29 81 58 49 182 
17 81 13 59 80 82 621 
49 35 70 6 14 43 163 
35 47 38 18 34 78 758 
57 17 5 3 79 100 702 
66 38 87 34 46 13 317 
35 96 6 66 31 32 580 
77 29 56 19 82 92 458 
53 93 64 25 73 31 491 
67 10 58 3 83 92 679 
100 85 74 69 32 83 815 
53 33 54 5 48 24 653 
89 51 86 99 11 32 107 
46 25 11 75 84 81 558 
88 51 65 50 42 90 635 
47 84 52 52 11 58 5 
62 12 22 27 9 82 635 
61 73 6 75 62 72 434 
62 65 96 51 4 34 524 
85 91 58 8 36 4 345 
69 36 50 2 76 14 690 
15 90 50 76 101 93 225 
79 61 77 82 20 27 696 
21 58 3 8 27 38 633 
23 67 21 75 80 38 754 
39 58 75 88 60 71 382 
77 47 77 6 43 39 44 
32 82 27 18 79 59 389 
