4 8
300
91 86 92 78 279 
5 38 46 35 214 
45 8 57 48 199 
99 40 77 49 1381 
10 14 25 27 1234 
25 68 34 55 1512 
97 30 49 38 627 
36 83 53 34 930 
50 49 55 62 620 
44 27 48 31 1102 
88 42 60 81 776 
79 63 66 3 1534 
39 5 92 43 292 
17 61 21 10 1280 
18 90 45 92 595 
62 61 65 89 544 
100 21 5 88 111 
58 73 70 91 1006 
75 19 52 40 320 
47 59 15 45 380 
86 8 40 53 839 
100 99 69 44 1420 
20 100 79 69 1565 
20 102 6 36 1015 
46 92 32 48 93 
101 39 6 73 1493 
5 48 22 66 809 
94 83 55 36 137 
61 5 28 4 716 
77 41 85 45 28 
47 55 80 83 1294 
96 78 94 47 848 
63 95 99 53 1365 
73 80 15 20 63 
39 49 72 28 57 
43 66 30 5 507 
62 57 64 71 760 
53 70 41 87 913 
18 91 10 85 772 
68 9 77 20 1181 
98 28 67 41 1059 
100 85 55 79 633 
31 50 91 16 1500 
8 33 30 6 539 
6 41 30 64 1429 
50 42 89 81 611 
36 91 12 32 567 
36 92 25 6 797 
70 17 64 48 433 
71 102 96 93 667 
37 81 73 87 1123 
59 100 5 53 282 
60 97 76 42 81 
43 39 61 81 949 
19 10 25 58 1060 
90 79 84 38 309 
50 48 99 40 42 
57 20 27 64 1262 
38 89 73 89 1480 
75 43 24 43 1401 
33 43 16 35 396 
28 58 17 22 1313 
83 17 69 34 1132 
14 100 38 39 816 
24 15 100 4 362 
32 39 38 67 1504 
49 56 43 52 1431 
9 34 66 16 1240 
101 5 7 83 1575 
23 22 41 20 1283 
76 7 87 93 1035 
21 45 14 12 1540 
91 21 52 30 542 
28 76 20 47 1014 
82 36 25 63 828 
22 10 19 8 26 
12 100 21 88 290 
45 71 52 88 1128 
66 22 56 21 1412 
82 55 78 50 1144 
48 4 96 58 1606 
42 84 26 43 716 
13 29 8 11 1374 
93 2 66 12 1477 
59 26 33 78 1598 
62 82 6 77 1150 
69 33 71 38 902 
10 6 65 90 1262 
63 48 11 44 954 
40 15 47 37 1552 
82 91 68 59 210 
24 73 20 60 623 
62 80 51 72 1254 
81 60 73 56 1238 
90 39 78 35 488 
14 17 91 19 984 
49 37 70 82 1478 
80 67 13 25 545 
40 87 8 52 281 
84 99 41 68 1293 
82 45 93 61 125 
45 14 35 30 21 
9 84 3 99 1490 
27 12 71 82 1604 
16 49 50 22 624 
4 34 28 18 775 
17 78 25 40 1316 
6 46 11 74 781 
68 35 85 24 438 
58 86 10 61 1506 
75 30 61 69 1070 
35 97 73 23 93 
13 88 19 82 1411 
32 61 65 19 1422 
83 3 99 34 528 
83 66 28 96 1344 
20 25 70 26 1222 
89 19 58 75 783 
12 76 90 69 598 
82 18 5 37 1571 
99 24 93 73 192 
74 33 30 37 1379 
71 70 79 41 1436 
90 21 95 7 1628 
16 5 92 71 1266 
9 14 32 97 856 
67 63 93 99 1389 
98 34 98 14 50 
57 91 23 90 1288 
43 99 51 81 798 
63 25 100 37 1348 
96 33 24 96 77 
61 4 34 85 315 
10 79 82 56 1500 
58 24 83 4 728 
26 84 4 92 592 
12 65 53 48 1488 
45 65 58 17 1480 
67 12 4 9 710 
56 59 40 71 1150 
66 19 98 89 1522 
41 43 97 93 950 
14 31 35 60 1537 
98 52 88 94 1249 
48 23 67 65 443 
48 22 76 61 1482 
69 46 35 22 1172 
95 69 66 55 853 
3 70 67 59 1281 
38 79 47 15 767 
5 73 48 94 408 
45 54 35 62 774 
21 70 38 2 1480 
70 98 15 88 16 
31 88 35 41 1228 
80 58 10 87 1486 
71 77 62 14 1426 
98 100 43 97 465 
43 37 7 8 546 
36 34 67 68 173 
42 66 61 14 291 
20 40 9 19 769 
89 46 50 71 1283 
45 9 26 15 1540 
72 57 20 60 979 
97 83 29 8 682 
48 93 44 76 827 
7 19 50 96 1140 
60 93 26 50 672 
98 88 38 29 1470 
28 9 54 74 659 
88 48 3 54 377 
38 14 3 77 15 
98 4 76 20 1209 
29 61 32 45 596 
81 33 73 18 1037 
10 47 102 18 253 
41 41 72 36 1058 
61 18 98 73 548 
48 92 50 49 736 
96 14 20 55 1038 
69 80 11 37 995 
57 77 87 91 241 
93 14 87 62 1013 
59 34 42 55 251 
13 66 60 11 1472 
92 84 26 73 1136 
98 29 48 54 790 
63 32 37 75 159 
86 33 9 59 692 
36 6 90 87 1434 
64 74 67 40 861 
5 21 102 47 1162 
75 53 15 21 304 
66 68 35 14 18 
30 99 70 46 515 
82 59 4 69 913 
87 96 41 86 130 
26 65 10 102 733 
44 32 92 4 604 
35 20 89 40 1282 
71 73 79 86 985 
67 6 23 9 1190 
48 20 35 91 1400 
81 13 32 14 1537 
3 59 35 69 969 
100 9 68 9 1608 
64 72 65 91 1425 
16 20 58 25 705 
22 44 4 29 1606 
26 99 3 18 953 
23 90 78 46 1264 
13 40 12 26 1019 
60 40 16 10 178 
79 56 46 4 1173 
63 58 8 70 1209 
61 57 9 70 577 
3 8 52 50 1259 
76 96 21 13 1241 
78 10 33 63 1394 
84 30 96 18 354 
72 54 101 46 1589 
68 84 9 72 297 
58 34 43 91 1001 
54 90 68 33 600 
85 37 35 28 1568 
55 27 48 85 1504 
34 63 93 49 1068 
51 9 8 53 188 
95 89 52 95 329 
46 68 44 102 552 
96 64 65 81 636 
37 21 75 50 720 
43 38 26 80 1409 
96 43 96 26 206 
47 84 17 21 722 
98 87 42 8 847 
89 84 48 51 1605 
72 100 14 10 494 
32 35 60 9 1147 
58 64 74 9 419 
5 74 20 89 1450 
14 49 46 37 701 
52 81 70 98 935 
61 92 77 81 268 
98 31 89 96 1354 
13 26 10 51 1431 
36 15 36 82 790 
17 66 61 62 1411 
25 57 79 67 1310 
53 68 64 52 188 
68 89 94 92 483 
76 87 27 6 1264 
90 41 96 49 155 
38 47 90 50 693 
97 33 17 95 1522 
43 55 23 15 526 
48 63 60 40 350 
48 23 45 53 1210 
31 41 57 85 1601 
86 62 31 58 715 
8 80 17 9 274 
37 75 101 99 1440 
24 66 13 74 520 
29 83 59 28 1034 
17 4 39 76 214 
57 79 34 97 152 
83 25 68 72 435 
69 49 53 23 1409 
75 24 48 64 858 
67 30 85 53 1162 
5 6 5 94 467 
6 43 43 96 1000 
60 43 6 90 121 
100 100 44 47 1050 
82 32 37 42 1473 
95 58 77 23 779 
30 96 82 26 101 
79 22 75 43 375 
28 8 59 62 458 
34 20 60 57 888 
69 88 39 89 1486 
75 70 66 4 578 
50 69 22 49 549 
66 63 83 84 496 
80 27 3 25 621 
76 75 77 14 956 
77 99 22 69 1316 
44 59 96 35 540 
11 58 73 8 1221 
62 88 12 28 1041 
73 39 79 27 1245 
44 87 17 51 274 
102 95 54 46 978 
53 49 55 68 1499 
9 69 50 51 357 
24 56 97 50 1277 
90 65 51 50 1433 
40 23 97 92 630 
59 44 47 18 546 
