6 8
300
96 80 93 47 7 98 1354 
83 75 46 10 7 21 201 
88 69 50 44 37 54 858 
17 39 75 38 85 80 1305 
42 52 26 94 83 74 1426 
45 68 59 57 28 13 1202 
47 100 98 42 55 97 1140 
27 25 49 12 13 89 1281 
43 20 10 24 20 5 677 
25 21 18 26 49 27 693 
3 94 89 11 43 81 1151 
41 80 99 33 85 12 248 
28 79 84 71 87 11 31 
50 50 35 10 10 34 355 
81 81 17 8 72 29 388 
34 62 3 73 10 10 45 
43 14 93 37 95 28 1583 
44 36 57 64 18 43 865 
45 56 3 35 49 51 978 
100 83 27 15 85 93 1541 
19 83 101 79 3 101 125 
39 44 75 17 8 27 608 
47 62 46 56 89 73 1439 
8 2 40 64 61 45 694 
32 68 25 12 37 5 398 
56 58 87 17 43 47 115 
13 30 20 43 26 25 866 
23 84 60 98 23 8 185 
82 63 17 44 58 67 103 
79 52 7 73 24 15 1490 
6 61 41 47 27 83 1548 
75 22 23 37 22 91 156 
86 66 16 16 98 15 1200 
97 72 75 87 82 3 564 
80 15 72 4 12 64 274 
25 21 52 97 27 18 126 
43 97 9 38 78 99 1516 
88 92 59 28 102 20 145 
91 68 62 47 83 62 1547 
9 53 35 12 30 95 998 
47 66 21 73 99 68 890 
77 69 51 7 6 44 1506 
25 15 78 12 46 10 555 
56 92 52 46 58 15 559 
46 76 28 50 6 34 664 
28 40 56 5 54 56 228 
101 14 42 79 21 5 1368 
40 59 2 86 87 29 1487 
76 70 29 43 55 22 511 
95 24 59 2 12 54 1580 
77 24 9 94 56 22 897 
80 12 70 39 12 52 104 
19 28 66 21 7 52 848 
71 30 65 101 36 85 105 
91 85 78 11 53 89 1015 
37 95 94 33 9 38 1568 
60 61 5 45 72 27 1228 
98 95 83 7 4 47 102 
96 46 95 22 39 51 1450 
29 93 30 61 65 46 1352 
35 74 90 99 15 58 180 
71 61 58 66 60 33 1519 
92 97 6 51 44 58 658 
51 101 14 72 90 9 516 
69 77 86 9 83 94 1035 
23 95 10 91 91 97 421 
87 39 58 82 19 98 600 
98 27 13 23 90 45 1371 
75 78 30 28 51 81 22 
86 74 59 79 41 32 1124 
4 98 62 55 63 17 1040 
64 58 92 72 13 97 1167 
53 75 87 95 52 81 792 
19 82 65 42 18 27 24 
67 100 5 81 68 70 1529 
31 53 70 29 30 22 184 
22 40 58 39 87 32 543 
102 74 86 91 52 22 1393 
18 99 15 47 92 64 1584 
60 89 93 47 29 80 363 
24 19 68 24 61 39 1578 
44 10 5 33 97 70 1063 
28 21 92 18 49 10 207 
56 58 84 40 60 16 1026 
52 66 94 60 54 13 1264 
57 20 69 93 85 91 1202 
91 11 16 97 96 34 511 
71 4 32 82 71 12 1113 
63 86 86 3 25 36 1500 
46 13 76 45 59 90 1162 
2 24 27 66 22 41 1062 
48 70 45 66 84 34 1338 
64 64 80 84 3 11 1531 
37 86 92 62 57 84 743 
100 42 54 39 46 62 1114 
81 7 17 52 73 5 248 
17 43 39 43 4 12 1325 
51 98 62 58 80 79 1068 
40 37 6 67 59 22 787 
30 92 29 40 74 16 1356 
59 65 35 33 8 81 321 
45 54 21 55 74 66 800 
46 94 83 68 85 5 668 
72 13 87 15 86 69 1425 
52 13 5 33 98 100 1497 
35 30 27 74 101 48 1555 
84 88 14 87 57 101 1365 
100 47 74 91 13 44 1426 
54 50 20 25 14 34 1516 
44 18 24 78 68 59 188 
67 59 96 86 59 48 1432 
27 75 30 30 70 6 852 
67 33 44 87 58 6 1324 
82 9 52 89 16 4 664 
72 92 12 91 44 74 550 
91 80 7 56 99 102 437 
77 92 96 46 31 43 1247 
86 82 92 12 55 32 1376 
51 46 99 45 45 49 904 
84 20 41 28 34 21 1250 
55 39 33 61 7 56 92 
19 57 45 87 64 66 1395 
13 21 81 91 44 51 644 
36 9 13 55 54 73 1508 
74 57 20 99 24 102 517 
45 61 53 50 78 81 523 
90 57 60 84 85 72 1171 
101 62 39 92 71 39 302 
32 22 8 54 85 15 749 
2 26 90 41 66 56 1110 
62 30 43 68 73 9 751 
55 55 74 72 3 23 1189 
97 84 9 55 65 15 210 
41 47 98 95 68 88 1437 
32 72 44 21 18 6 635 
35 98 25 101 32 74 1259 
69 36 85 84 94 75 99 
45 83 88 4 43 57 340 
85 47 75 7 23 60 368 
85 32 53 87 19 36 1013 
88 86 56 35 43 38 1172 
13 15 13 75 15 84 1431 
91 58 19 77 51 20 808 
52 52 96 10 17 57 1379 
7 34 98 78 41 46 922 
99 34 71 102 22 51 1184 
34 64 34 10 78 37 1529 
76 36 12 70 18 15 585 
36 63 26 28 83 89 98 
83 17 100 76 40 33 1512 
26 50 77 31 71 79 300 
89 64 2 41 22 93 503 
100 88 9 25 33 23 1018 
74 46 76 41 64 69 832 
50 36 36 40 6 3 824 
88 37 41 49 38 19 765 
100 26 89 63 98 77 1360 
31 93 53 9 13 32 848 
6 4 92 10 12 69 651 
30 68 3 18 92 82 198 
53 70 78 98 5 18 1196 
22 88 79 67 93 70 310 
45 85 33 95 73 100 1338 
35 51 41 27 52 9 1146 
60 88 47 9 97 73 1262 
25 77 13 9 17 81 1366 
17 15 44 21 102 23 1384 
85 72 25 21 84 32 303 
21 39 72 55 11 5 1020 
2 35 61 99 98 44 335 
10 21 88 58 22 100 289 
38 99 9 52 88 87 1212 
18 24 90 15 43 61 70 
39 43 56 8 78 23 251 
83 86 24 6 81 66 1226 
53 39 65 64 34 3 1353 
43 66 5 24 20 90 1376 
13 73 86 57 85 18 1163 
80 34 52 46 79 4 902 
15 86 49 9 23 101 1056 
86 26 53 11 60 23 1572 
80 53 86 60 35 33 1137 
15 41 50 99 50 6 1190 
8 15 20 57 100 30 461 
81 58 18 99 91 22 439 
49 35 48 27 97 77 12 
82 68 88 46 73 88 1627 
48 100 12 75 97 94 1277 
13 35 57 61 96 70 1609 
97 70 63 46 13 45 1084 
8 5 74 55 31 74 417 
49 34 13 29 44 30 541 
60 8 26 96 30 51 580 
101 93 67 3 9 4 1392 
100 27 2 62 45 35 653 
98 41 22 68 22 55 1042 
4 46 34 53 42 67 611 
64 40 52 86 96 33 110 
14 8 54 24 72 42 803 
9 12 69 101 97 95 1016 
69 6 30 10 98 74 1596 
49 35 52 69 39 50 585 
89 52 78 51 4 35 1369 
34 70 46 51 15 17 1546 
35 67 54 47 74 77 1555 
36 24 77 100 61 11 1055 
75 4 57 36 94 15 323 
62 93 53 95 62 80 569 
38 85 61 85 59 5 226 
70 100 25 66 75 42 869 
30 3 52 45 26 21 965 
68 91 18 22 3 77 1194 
76 3 54 14 99 62 1605 
41 19 17 4 8 53 89 
6 34 71 21 75 69 531 
92 3 52 37 61 78 1130 
96 45 65 58 30 43 1525 
98 73 54 78 82 57 1445 
86 37 43 21 70 56 1018 
59 48 3 30 10 43 1382 
3 4 79 40 87 31 742 
75 54 48 80 12 14 125 
64 20 45 95 14 46 89 
68 11 19 93 24 9 605 
99 64 29 22 102 11 1564 
71 77 40 97 28 45 183 
84 97 43 60 44 57 1554 
31 60 37 99 99 81 570 
95 62 49 65 24 10 1246 
93 21 60 12 5 14 1519 
45 7 100 88 3 96 1361 
16 78 34 82 54 44 1117 
6 94 25 5 31 63 1227 
16 93 34 6 37 37 1496 
78 85 50 41 45 4 1399 
54 40 13 98 87 53 1294 
87 17 85 72 69 10 1414 
29 37 9 76 53 20 466 
16 67 84 68 61 94 630 
94 87 43 11 42 85 844 
56 14 9 46 12 98 485 
79 52 35 70 29 7 798 
50 43 67 94 86 59 632 
75 31 32 28 62 43 1507 
32 44 63 29 27 37 1187 
25 2 31 43 24 101 606 
18 51 100 35 89 92 729 
46 78 19 57 28 15 1329 
85 79 21 52 57 39 767 
10 74 43 4 72 78 402 
43 38 53 64 60 4 933 
82 34 95 75 53 50 1400 
67 47 74 102 24 93 653 
25 12 93 69 64 92 125 
79 59 33 19 16 22 60 
42 67 95 69 13 26 64 
47 28 79 6 92 63 696 
30 71 4 50 87 87 290 
28 62 97 99 13 52 48 
77 64 58 39 30 84 413 
81 81 34 13 69 38 1268 
87 16 65 74 31 67 804 
90 31 71 31 38 88 242 
7 100 72 102 77 3 1145 
66 23 69 64 81 19 788 
93 72 39 20 50 42 670 
48 34 27 84 87 56 1426 
35 89 11 94 98 12 1209 
83 64 13 94 37 10 343 
95 98 12 52 50 3 1583 
61 34 13 89 48 76 971 
67 48 19 92 49 85 495 
36 60 72 85 9 76 167 
9 29 28 15 34 22 859 
38 17 35 39 55 92 1210 
58 100 7 52 39 17 249 
19 95 4 90 27 93 973 
40 42 69 43 29 89 847 
7 87 76 15 56 9 476 
33 87 55 97 94 58 1275 
62 67 34 72 62 97 1484 
35 25 27 10 31 95 1602 
77 67 98 28 6 24 826 
14 33 39 85 10 88 1403 
10 51 95 35 37 83 1273 
77 37 73 69 94 63 1174 
64 51 8 26 16 33 908 
22 59 71 91 36 30 782 
36 98 89 54 11 7 405 
76 34 77 97 14 22 3 
32 27 61 14 63 81 822 
84 33 61 96 57 32 1451 
94 26 46 3 56 32 670 
41 86 18 85 58 49 1429 
19 33 31 4 13 57 1454 
34 12 79 74 51 100 842 
67 30 60 56 77 38 1349 
10 33 96 60 92 61 1488 
44 45 31 7 34 65 1076 
2 31 94 46 77 102 984 
