8 4
300
27 63 12 76 25 13 93 76 783 
86 26 73 95 62 19 82 84 483 
44 30 90 49 75 60 50 59 154 
11 78 86 60 26 7 70 91 244 
18 81 10 53 26 24 19 33 748 
58 74 19 71 77 86 56 57 406 
11 80 89 54 28 68 94 84 800 
14 28 3 68 27 73 89 66 31 
53 93 5 68 32 45 68 94 699 
3 42 3 2 6 71 57 60 93 
44 66 55 44 61 45 26 7 41 
93 91 49 48 84 13 82 5 521 
48 45 49 47 88 35 82 93 342 
99 13 24 33 13 69 62 46 811 
52 10 33 63 44 27 40 77 25 
41 57 60 92 22 3 8 11 130 
66 100 81 22 64 71 3 29 767 
85 62 81 82 88 40 14 32 773 
34 88 2 25 9 13 32 43 292 
86 9 93 23 28 4 53 98 382 
23 32 48 65 62 18 33 57 125 
26 61 71 22 80 93 8 75 191 
17 43 93 70 92 23 35 19 162 
5 64 36 79 31 92 93 93 810 
51 71 28 87 94 54 97 8 668 
69 66 31 2 16 54 81 38 451 
58 54 43 27 32 45 98 30 754 
83 49 33 81 31 89 93 60 33 
99 33 51 40 75 85 41 68 433 
93 5 50 84 100 95 37 37 316 
60 25 42 85 90 66 62 17 479 
53 90 37 43 11 59 51 83 40 
8 20 82 60 88 65 92 7 208 
46 101 51 39 46 96 51 35 282 
66 17 44 87 81 60 27 90 638 
20 52 96 93 35 19 90 31 145 
61 3 39 78 94 85 41 17 127 
11 16 46 43 94 78 24 86 542 
64 23 41 24 35 100 87 74 452 
34 55 68 34 51 17 79 92 264 
99 90 24 61 49 65 45 17 606 
36 79 59 20 71 51 53 28 71 
81 39 70 41 93 22 30 9 509 
52 79 67 32 66 5 46 27 787 
46 5 76 78 81 19 26 54 773 
100 16 86 19 84 25 8 100 429 
66 60 99 4 33 42 3 95 314 
11 6 15 57 76 46 55 9 191 
37 5 61 53 18 41 28 32 757 
81 35 97 44 26 68 52 82 551 
101 44 74 36 77 88 81 16 392 
84 45 42 41 66 77 101 73 775 
96 16 44 60 79 3 49 24 495 
45 69 82 49 7 96 79 55 528 
53 3 30 75 74 3 93 46 710 
55 41 70 22 45 55 73 58 539 
27 44 67 73 89 54 27 38 384 
70 37 40 48 65 13 13 50 576 
69 23 44 43 68 35 16 97 681 
94 25 27 29 77 50 30 53 96 
101 82 16 78 50 37 56 25 75 
50 9 78 59 12 96 84 7 291 
26 87 77 35 59 94 71 35 110 
24 43 62 92 20 13 102 13 560 
58 93 75 9 88 45 26 67 718 
9 37 15 32 47 73 15 6 544 
38 68 24 24 9 17 24 34 672 
51 60 91 67 59 100 28 28 114 
65 19 101 34 11 94 6 64 797 
2 94 98 91 79 15 47 65 370 
48 36 86 59 86 56 63 76 59 
101 44 80 17 6 21 59 52 711 
70 6 59 32 20 47 20 24 332 
88 63 83 78 22 96 55 82 745 
32 8 35 47 73 37 87 7 166 
22 87 89 79 34 29 28 79 483 
90 18 18 41 42 64 15 77 114 
28 25 23 86 64 27 30 29 362 
56 25 35 24 47 15 27 100 301 
55 12 31 56 52 45 37 67 520 
77 93 68 73 34 98 23 62 672 
101 38 26 64 50 6 85 74 440 
28 68 73 5 16 44 27 62 529 
87 73 75 80 51 99 63 55 298 
80 85 94 39 4 88 33 28 506 
15 93 63 26 73 80 92 11 812 
95 73 79 27 47 74 34 38 722 
11 23 89 29 3 97 70 7 725 
64 91 66 87 75 90 82 14 565 
5 62 102 97 90 42 99 70 668 
61 55 40 22 7 68 99 23 48 
77 88 91 68 58 69 91 29 169 
37 9 101 91 47 35 4 30 617 
91 16 34 49 32 35 15 11 422 
53 44 85 100 90 54 84 7 217 
82 39 6 35 8 63 21 64 500 
85 72 10 7 20 79 92 10 57 
75 30 58 59 55 50 17 40 696 
39 39 21 49 9 42 8 25 745 
73 58 11 73 30 70 74 32 316 
45 48 27 8 10 82 47 11 625 
72 25 86 58 20 70 78 84 202 
44 38 65 70 101 97 88 21 433 
100 4 3 90 87 25 11 74 753 
63 33 31 41 4 100 66 38 811 
9 17 39 43 98 47 46 31 771 
78 77 49 31 22 92 29 49 59 
78 84 40 63 49 49 77 17 417 
98 5 35 67 6 64 98 80 32 
18 59 8 57 46 57 30 35 789 
47 33 13 41 14 58 93 90 443 
63 48 69 93 67 83 96 50 216 
63 13 73 87 36 44 88 13 729 
3 23 40 85 35 16 52 33 684 
42 59 93 79 75 18 10 37 263 
38 27 94 27 63 99 31 69 186 
28 62 100 71 55 3 69 92 547 
18 80 16 56 43 37 99 56 743 
37 86 39 56 79 101 12 52 706 
99 78 62 43 56 68 93 26 578 
88 73 6 93 13 85 52 94 461 
20 85 86 59 30 8 8 96 680 
87 74 85 100 61 5 16 71 121 
9 78 26 50 64 19 66 13 679 
90 47 75 56 7 87 45 93 547 
5 43 49 56 37 62 84 8 428 
90 90 14 2 78 43 70 45 133 
34 72 23 69 95 19 25 20 406 
12 33 69 100 58 70 39 14 234 
69 55 42 67 68 58 67 78 190 
73 90 70 34 88 64 71 13 174 
48 37 50 32 33 19 12 74 615 
87 93 34 46 65 67 15 3 737 
78 69 7 67 5 19 96 54 252 
84 81 47 7 30 47 49 92 623 
83 39 24 25 57 96 83 81 699 
93 29 26 5 21 87 73 95 359 
18 84 35 33 38 81 88 30 763 
32 82 64 89 100 75 90 34 523 
70 54 14 13 86 26 33 5 208 
9 80 62 62 36 37 3 32 70 
45 51 3 45 39 29 2 53 806 
25 6 31 53 17 88 23 5 336 
34 8 100 11 2 35 55 82 411 
36 72 49 29 88 70 67 47 677 
65 27 17 87 13 35 27 10 808 
99 58 65 75 42 33 96 71 202 
12 36 51 71 92 60 78 69 659 
54 98 20 63 88 72 5 60 636 
28 49 97 67 87 95 36 59 194 
89 62 32 18 35 19 45 57 90 
36 96 38 60 11 46 55 74 95 
83 37 72 95 72 84 55 70 185 
32 48 52 58 37 35 36 91 54 
52 38 65 3 20 33 61 71 524 
44 70 40 53 14 14 83 55 177 
55 96 92 51 65 67 96 16 74 
63 80 61 5 26 22 40 4 295 
50 82 20 41 36 2 19 13 814 
87 81 36 39 77 84 13 83 780 
18 4 75 100 8 6 24 100 750 
7 41 47 20 15 12 78 35 592 
6 16 62 92 33 55 68 12 285 
77 26 5 79 94 45 26 24 5 
65 53 76 15 19 38 11 14 581 
57 69 68 26 63 44 12 9 547 
38 28 73 23 34 99 72 49 603 
91 30 50 4 96 94 11 15 669 
101 93 99 25 83 21 84 12 350 
71 53 65 62 69 86 78 90 777 
32 44 21 79 46 72 65 21 684 
25 55 75 76 17 50 62 13 136 
72 15 47 54 41 24 56 2 784 
13 31 64 66 28 8 98 82 580 
65 24 49 29 62 64 37 60 467 
72 97 38 17 2 58 70 8 613 
52 80 5 99 25 45 76 53 736 
24 62 29 69 80 37 79 99 726 
71 46 54 85 19 83 67 86 42 
62 98 31 8 98 23 33 48 14 
70 68 102 6 55 11 74 15 807 
32 4 20 3 40 5 69 100 505 
25 69 64 25 34 40 40 16 450 
63 18 66 9 39 33 36 11 252 
91 68 93 45 13 5 84 37 670 
89 60 61 28 41 100 61 10 649 
42 47 36 63 67 40 56 13 791 
37 25 68 89 70 30 74 80 266 
73 81 58 60 43 100 58 53 457 
98 37 79 68 50 30 54 96 528 
99 30 3 55 91 3 9 49 95 
18 2 93 32 55 64 67 90 236 
26 84 6 38 7 16 84 60 615 
22 71 77 39 37 76 66 77 406 
34 20 92 57 54 97 88 42 416 
67 68 84 17 3 62 102 30 101 
63 63 25 89 72 34 27 89 632 
38 81 67 19 69 80 14 35 574 
41 71 32 11 52 67 65 19 748 
95 6 70 18 40 9 64 5 121 
29 47 49 60 32 67 19 52 500 
87 50 102 6 6 70 92 63 482 
84 54 13 59 26 55 42 34 672 
11 23 43 60 57 66 65 87 723 
25 82 41 67 94 101 6 80 564 
94 91 3 3 28 79 50 82 415 
5 72 23 96 21 100 85 10 244 
22 29 95 38 43 21 81 69 658 
22 19 62 14 55 48 86 50 347 
83 10 97 66 12 77 15 62 123 
70 30 64 43 85 86 72 86 412 
78 58 51 84 24 61 98 30 514 
93 94 19 77 12 73 57 3 813 
37 58 19 20 25 83 6 13 315 
21 81 36 78 44 70 98 10 746 
95 101 89 38 70 84 14 25 557 
100 95 20 93 88 83 86 36 234 
35 60 36 70 80 12 23 79 405 
31 16 52 51 80 4 81 64 18 
15 102 90 37 8 2 14 8 151 
22 30 95 55 94 10 42 65 412 
60 27 23 78 17 93 34 86 71 
20 51 17 18 13 26 81 73 286 
43 100 54 36 58 74 94 2 401 
58 78 24 44 11 18 54 24 302 
83 38 87 99 5 24 94 96 471 
6 7 19 71 75 23 75 101 532 
100 26 71 51 86 17 44 78 68 
89 78 42 101 66 92 89 100 286 
52 46 97 33 44 64 16 90 780 
34 89 4 3 71 12 52 56 799 
70 34 54 72 57 29 16 7 146 
20 7 43 29 84 77 88 25 447 
73 69 84 9 36 98 21 12 724 
8 88 9 32 51 12 94 21 540 
85 82 91 69 19 40 46 99 684 
57 7 7 29 16 49 57 82 706 
18 63 100 58 53 47 41 10 151 
13 90 58 33 38 65 11 5 348 
67 5 52 46 64 40 14 66 40 
86 81 74 62 76 71 26 78 475 
70 29 31 46 31 11 21 36 70 
30 26 71 44 20 13 6 92 625 
38 74 100 62 45 88 42 57 240 
48 53 16 89 9 62 7 43 618 
15 23 76 43 27 31 32 87 329 
38 44 62 63 57 86 94 90 32 
62 10 86 45 6 76 82 75 674 
97 43 19 11 38 80 38 93 565 
4 97 49 72 32 61 48 7 103 
71 88 97 31 97 21 59 48 265 
94 72 19 2 63 54 48 37 358 
25 28 8 84 27 66 17 92 755 
59 92 80 27 99 101 64 13 713 
89 67 48 100 54 93 47 46 173 
54 4 36 97 25 97 17 26 641 
9 89 63 33 16 6 29 102 453 
56 68 76 20 41 52 67 61 569 
100 27 76 17 39 83 45 65 723 
60 64 69 85 12 75 22 57 202 
29 58 53 44 73 55 37 93 636 
49 36 65 86 32 66 28 19 807 
6 94 51 81 90 53 18 70 309 
90 74 58 3 100 86 27 40 31 
20 58 55 23 82 48 5 98 239 
28 76 34 5 59 95 76 18 519 
77 49 70 2 28 5 17 49 159 
24 49 38 81 61 94 62 9 504 
48 85 14 5 78 94 24 92 767 
8 87 17 65 29 84 22 52 739 
38 20 32 52 8 35 29 83 401 
95 49 17 42 45 52 33 30 269 
54 74 73 77 81 38 11 11 503 
6 61 22 57 61 11 3 26 728 
34 98 79 81 79 97 45 31 354 
81 68 45 67 34 100 51 71 642 
21 63 42 96 43 99 73 24 183 
31 40 90 9 40 20 62 102 267 
58 74 97 78 34 52 95 33 358 
21 41 29 24 8 92 32 84 520 
52 39 57 82 10 56 75 16 742 
57 74 29 26 7 34 68 95 787 
86 45 31 92 4 12 55 54 679 
97 9 34 100 79 58 57 13 508 
80 77 66 42 5 19 61 40 483 
19 97 36 97 58 15 96 48 316 
37 62 38 47 29 58 73 80 64 
61 59 97 73 71 96 72 90 148 
34 45 42 13 33 66 53 38 468 
51 102 52 21 7 33 20 22 420 
28 35 50 10 71 27 12 102 658 
66 48 28 42 27 70 97 63 26 
100 25 30 74 96 93 101 25 636 
59 41 54 66 55 51 45 46 453 
72 27 76 17 4 33 85 88 738 
34 10 77 84 27 45 30 21 789 
25 57 41 59 11 49 49 55 496 
30 3 95 78 100 84 15 27 300 
31 86 24 99 90 10 3 69 117 
5 77 17 11 38 35 54 21 726 
