8 2
300
75 14 86 78 7 40 42 99 164 
96 34 49 63 61 85 79 54 179 
6 77 21 75 19 24 100 9 348 
101 16 72 99 74 39 69 56 101 
89 89 70 61 59 19 73 96 299 
44 25 30 49 97 76 59 56 197 
91 102 97 64 80 101 55 42 337 
73 99 62 12 96 7 61 91 266 
78 47 20 3 5 25 51 58 343 
59 54 22 97 43 19 91 80 221 
32 28 11 71 8 19 37 2 398 
15 34 30 24 91 7 11 83 39 
32 90 99 74 14 24 16 97 360 
65 77 58 45 24 19 53 31 260 
58 8 41 3 68 5 28 38 99 
58 37 65 16 88 62 10 60 366 
59 60 16 89 57 13 30 74 103 
43 72 13 14 73 62 44 55 305 
72 31 24 96 48 78 100 61 246 
27 51 91 99 36 65 29 96 288 
52 71 53 31 75 96 80 86 270 
15 46 66 5 74 35 87 40 120 
70 65 14 40 91 98 53 6 96 
38 47 38 49 86 79 92 94 344 
25 43 59 30 18 64 12 87 60 
98 24 78 58 13 98 36 62 127 
60 14 82 57 80 71 73 44 161 
32 68 62 90 16 82 51 64 395 
74 42 49 53 30 6 84 57 335 
49 82 35 42 15 27 48 33 325 
6 70 66 89 59 76 25 82 78 
56 10 10 98 9 52 101 64 83 
86 10 87 78 75 25 89 26 255 
8 92 55 37 44 84 3 47 384 
35 87 84 75 30 50 87 30 192 
76 53 74 86 43 53 7 64 99 
97 29 97 42 2 35 14 19 365 
67 21 68 27 97 65 57 68 314 
40 12 82 38 93 48 78 15 299 
92 24 51 4 33 82 60 8 73 
102 95 87 51 64 13 61 22 37 
83 51 58 12 30 77 76 69 212 
46 61 38 51 66 89 62 23 388 
42 65 90 88 69 91 47 58 298 
94 90 51 70 80 74 39 98 262 
20 83 95 76 30 66 30 16 194 
83 53 31 100 91 42 18 21 232 
22 96 84 69 67 75 4 84 321 
5 78 83 66 14 70 25 44 168 
4 68 37 27 60 55 44 66 23 
46 96 101 10 54 61 17 19 7 
84 53 18 23 74 48 87 27 157 
68 19 41 63 76 49 101 16 217 
24 97 38 31 27 3 69 61 358 
82 97 26 24 51 96 69 43 372 
27 83 96 90 42 35 17 78 192 
68 85 22 54 11 40 8 95 90 
67 55 28 17 55 15 61 7 124 
17 46 70 47 96 35 58 77 138 
61 36 58 5 16 51 56 3 308 
70 30 88 88 18 58 75 4 359 
67 12 30 83 31 36 5 2 131 
81 23 91 89 98 36 6 49 242 
68 64 41 79 63 54 40 93 317 
46 31 29 13 74 94 47 93 265 
8 80 7 23 2 16 19 77 328 
88 83 34 54 83 71 99 8 166 
51 90 51 77 45 40 59 61 292 
6 70 51 99 43 7 72 101 281 
57 47 63 27 62 88 74 53 42 
48 94 50 60 16 68 53 98 15 
18 32 38 68 66 43 45 15 32 
33 91 42 29 84 85 3 45 251 
81 27 30 65 6 93 31 13 275 
26 49 56 85 48 47 4 56 279 
35 90 83 23 84 49 81 43 255 
72 21 12 67 59 73 7 74 292 
77 55 29 46 40 55 76 21 272 
56 50 45 97 27 30 17 70 223 
82 61 45 83 86 65 31 61 376 
59 61 91 84 81 76 76 29 4 
43 90 53 30 49 65 82 27 378 
21 77 96 83 52 91 19 26 58 
30 96 71 66 18 81 63 18 245 
79 73 71 72 23 101 30 75 324 
6 54 13 82 3 61 72 12 342 
100 78 11 2 67 56 62 47 135 
33 79 75 74 69 33 5 5 220 
25 51 56 97 55 79 12 15 294 
4 50 95 13 96 8 97 65 165 
53 79 8 17 12 78 68 99 391 
8 34 87 82 79 100 7 49 250 
32 5 25 34 92 54 84 60 396 
42 22 86 69 78 6 93 54 110 
50 10 41 80 32 58 83 6 332 
89 24 73 97 8 49 47 67 244 
20 21 89 56 35 54 81 28 314 
14 41 58 83 92 28 73 59 158 
24 54 76 68 52 88 73 98 147 
28 47 17 39 25 13 47 75 133 
42 96 78 89 100 6 82 71 264 
28 7 34 47 26 51 11 25 54 
88 53 71 2 85 39 19 55 330 
64 77 18 47 38 18 95 33 258 
65 38 56 72 89 83 24 47 368 
6 83 23 68 30 2 100 61 91 
65 41 13 41 72 47 25 19 384 
50 83 71 18 54 95 88 48 356 
61 18 67 90 80 40 49 15 294 
62 98 49 18 49 80 97 32 376 
54 26 68 11 49 71 89 76 262 
23 90 31 30 82 85 15 41 173 
59 77 63 75 94 59 75 65 87 
49 34 37 93 23 24 2 36 89 
23 52 72 98 3 7 76 28 104 
45 33 18 67 5 9 38 40 225 
33 80 34 11 37 85 50 42 172 
32 32 69 9 30 48 63 94 363 
74 63 76 58 102 68 34 32 131 
7 84 31 29 58 86 69 71 228 
91 15 17 89 49 63 65 46 390 
60 38 6 72 5 13 21 65 312 
83 77 80 68 79 7 53 46 237 
15 4 76 85 42 61 92 74 323 
76 88 16 15 96 58 73 76 385 
30 36 81 19 11 94 9 88 386 
79 25 37 13 37 6 5 52 171 
24 77 98 47 82 33 34 47 318 
64 70 83 24 97 6 12 25 41 
81 98 96 84 78 56 66 15 201 
46 65 52 12 12 46 17 51 402 
100 85 56 49 87 66 16 47 74 
16 57 30 34 3 14 96 26 220 
50 42 101 44 83 69 84 91 335 
30 54 61 39 10 48 7 14 165 
57 34 13 32 69 33 38 52 238 
23 14 64 40 18 88 93 69 41 
102 59 4 89 67 98 84 89 377 
61 79 49 84 29 91 74 41 378 
45 20 74 70 8 33 11 63 314 
22 92 38 75 48 43 38 8 226 
40 70 69 17 51 83 41 79 300 
13 41 87 76 68 79 95 50 201 
39 34 53 73 80 6 21 64 397 
58 88 33 8 47 23 36 36 289 
28 30 71 94 31 30 60 100 93 
94 48 26 61 82 100 94 101 301 
6 69 92 65 97 89 85 85 372 
44 7 95 66 42 34 8 69 81 
82 47 5 25 16 82 83 29 65 
76 99 8 35 16 48 50 31 275 
83 65 35 84 11 48 39 17 382 
31 30 8 94 55 15 81 14 221 
73 83 55 12 84 70 73 12 351 
87 12 92 49 18 13 67 28 18 
88 100 39 58 88 101 89 54 405 
11 84 46 95 56 4 94 78 197 
16 73 83 67 13 101 63 54 23 
5 84 14 98 29 29 11 94 60 
19 17 98 57 25 32 71 64 116 
44 94 58 90 57 42 64 52 224 
25 23 89 40 98 36 95 85 288 
89 15 57 19 86 63 90 77 252 
54 62 50 54 99 51 73 20 246 
51 17 29 75 35 79 75 89 292 
29 81 21 64 63 42 61 84 200 
75 27 10 97 102 82 80 12 371 
9 73 26 40 69 79 76 46 278 
46 16 82 80 46 99 92 63 391 
44 92 100 10 94 17 102 99 379 
54 56 18 48 97 25 88 68 66 
49 91 14 44 90 19 74 17 276 
71 98 83 12 7 41 86 38 83 
95 101 80 11 40 72 86 24 369 
54 100 22 59 94 80 84 44 291 
86 2 4 83 38 79 50 33 8 
14 44 50 78 64 61 5 95 273 
39 40 53 44 60 69 29 22 75 
50 14 6 5 31 65 70 2 145 
20 14 65 4 63 9 71 75 327 
44 78 38 63 56 100 14 47 18 
22 44 45 37 56 18 61 2 80 
99 10 15 87 10 64 26 87 333 
6 38 79 47 75 87 89 87 179 
84 89 60 8 94 86 61 50 238 
94 85 60 49 44 63 90 73 263 
69 59 70 76 39 70 19 10 38 
29 77 71 60 50 71 75 79 55 
63 93 19 31 28 62 5 34 12 
26 59 95 18 59 4 22 22 117 
78 10 52 92 91 86 77 35 299 
91 36 37 90 76 68 50 29 327 
49 40 33 9 73 7 68 95 209 
18 13 20 69 40 30 43 99 280 
65 73 4 35 55 95 89 16 398 
70 38 85 30 70 32 24 75 332 
100 70 40 47 26 98 35 62 92 
57 25 98 8 49 79 99 87 227 
80 16 87 39 22 58 10 100 234 
70 90 44 90 47 67 49 46 118 
33 20 49 8 3 95 73 34 373 
3 63 91 7 32 85 77 46 241 
98 62 50 83 39 28 41 66 294 
82 69 80 33 61 5 51 68 272 
10 73 15 94 68 90 67 9 152 
70 65 60 61 15 2 8 53 341 
83 51 84 24 69 39 24 94 267 
15 72 4 88 59 66 19 69 298 
47 6 96 62 18 32 91 73 7 
16 22 56 80 27 11 22 70 72 
87 89 6 79 72 76 25 54 150 
37 85 8 96 44 48 29 63 190 
91 23 35 54 35 98 37 9 291 
13 38 47 95 68 91 49 34 327 
71 71 36 22 39 67 96 55 360 
97 23 80 10 53 67 64 33 195 
86 35 56 10 43 65 5 13 67 
94 44 19 20 49 12 68 61 376 
14 71 85 70 60 82 10 42 354 
95 6 87 82 33 37 43 65 405 
28 63 29 74 19 28 51 4 48 
73 80 76 70 43 94 75 52 252 
66 18 77 76 102 3 78 12 32 
33 14 13 84 79 86 13 42 400 
67 42 54 59 21 58 70 39 256 
15 27 65 95 9 82 75 79 193 
26 54 63 28 98 9 21 20 368 
102 91 3 92 59 3 96 10 42 
11 9 98 21 8 65 41 65 346 
46 40 6 33 11 102 39 89 360 
39 41 47 48 41 3 68 71 197 
64 25 70 64 101 102 73 66 286 
53 7 48 100 89 34 24 76 328 
88 71 82 3 55 72 15 59 281 
67 65 70 97 55 39 17 79 168 
18 85 40 7 62 46 32 88 336 
44 41 54 15 26 67 23 82 406 
70 62 71 101 51 45 33 7 6 
4 58 53 11 85 12 93 8 374 
44 83 10 38 73 69 89 73 71 
19 54 42 6 76 75 40 49 70 
73 20 35 98 76 57 46 30 126 
33 35 58 43 23 20 75 81 406 
93 34 91 5 13 80 28 16 218 
63 100 84 80 73 38 96 22 359 
60 48 9 56 94 45 38 58 158 
63 78 33 24 33 97 76 49 61 
30 71 9 57 72 62 4 84 124 
50 55 63 22 50 3 32 17 136 
95 40 42 48 68 57 42 67 158 
24 41 69 89 6 27 24 68 210 
83 5 78 49 54 12 15 90 15 
79 43 30 32 94 18 64 83 38 
76 84 5 54 18 7 24 82 179 
65 63 51 38 100 84 52 50 49 
59 48 88 33 35 80 54 65 101 
12 94 49 53 28 25 18 50 345 
51 32 89 73 27 74 68 52 111 
56 43 44 48 82 46 6 7 144 
25 46 51 26 2 55 83 13 358 
99 13 38 28 22 53 99 3 79 
26 88 23 16 66 84 53 100 92 
84 66 14 5 49 23 90 95 18 
38 26 31 37 92 15 86 71 162 
93 30 22 93 51 81 27 82 78 
16 11 81 68 75 5 33 101 193 
77 96 66 17 41 29 49 64 314 
92 91 98 10 32 97 45 62 286 
4 93 17 36 80 69 4 76 343 
27 71 54 29 6 93 69 11 307 
77 78 91 95 46 89 4 37 371 
24 8 81 86 25 15 35 31 34 
34 44 18 100 15 67 46 24 378 
27 65 87 7 43 23 22 70 343 
83 11 48 30 34 44 78 82 279 
7 43 48 41 96 77 85 37 274 
61 80 65 26 51 24 96 78 296 
8 19 67 60 66 58 31 54 81 
64 5 12 76 24 35 99 41 334 
49 89 71 12 24 8 56 63 368 
23 59 62 26 36 58 72 72 254 
6 48 78 92 12 44 58 24 131 
59 86 58 32 30 12 42 49 366 
5 98 98 60 6 5 67 10 389 
61 39 71 56 7 54 73 95 377 
7 59 78 29 56 102 77 99 314 
37 93 31 52 86 88 68 69 304 
68 47 44 75 27 4 49 98 346 
64 6 82 6 60 37 20 37 369 
16 78 43 98 86 10 28 33 71 
69 12 55 85 90 40 79 7 195 
52 34 34 76 82 60 17 14 379 
99 33 34 96 34 51 98 55 369 
35 72 64 37 49 96 87 82 354 
34 81 18 43 29 55 89 70 13 
60 42 98 86 83 73 17 31 3 
87 75 79 6 89 37 50 46 144 
88 18 87 40 90 2 73 85 137 
79 58 6 81 8 66 49 40 54 
97 51 91 93 22 20 96 3 32 
