8 6
300
80 35 40 60 70 78 56 63 201 
35 44 5 25 49 90 74 76 840 
71 3 52 88 18 27 47 32 566 
58 101 18 27 52 47 98 90 1176 
90 16 75 80 87 81 13 3 463 
71 34 78 46 14 50 42 84 1218 
98 94 20 14 14 40 32 100 768 
102 10 94 60 29 62 94 86 740 
97 93 18 73 77 17 90 78 1198 
72 14 89 70 86 70 48 2 1169 
81 78 3 38 50 89 18 13 1132 
48 13 7 19 55 30 90 47 1109 
86 27 20 5 26 38 42 63 1058 
78 34 26 26 14 29 66 15 99 
61 62 45 31 57 65 24 44 792 
95 55 61 60 82 42 79 64 925 
80 78 53 67 98 90 2 42 976 
71 24 101 80 54 42 22 31 1047 
50 57 72 56 82 84 74 49 94 
30 20 53 86 49 53 53 88 456 
59 96 66 58 30 16 86 56 249 
67 16 3 21 40 53 56 32 82 
8 26 98 71 95 50 82 75 277 
30 86 77 51 29 68 5 66 432 
24 94 29 57 72 28 64 8 404 
9 10 82 2 32 19 46 48 766 
43 90 2 18 77 58 94 57 855 
47 19 90 36 19 76 18 34 465 
82 52 55 71 9 89 17 75 791 
45 30 56 61 7 83 6 63 933 
37 8 19 73 66 17 59 19 1094 
47 75 94 8 86 100 81 66 1171 
11 74 83 15 2 4 93 51 333 
18 88 14 9 33 57 100 83 326 
23 10 89 40 15 91 100 72 9 
75 39 46 58 82 42 87 96 1089 
97 24 8 16 82 16 90 42 379 
79 40 44 38 10 5 73 59 684 
11 73 61 93 17 32 4 20 151 
85 62 9 74 24 39 68 5 733 
23 9 30 74 52 74 61 23 395 
61 38 32 44 86 24 87 78 288 
32 6 8 78 14 64 4 7 980 
26 7 18 7 72 7 45 53 616 
30 39 23 89 35 97 100 45 1001 
85 43 78 86 89 48 15 39 1210 
56 47 97 68 72 47 94 36 189 
18 56 69 27 101 36 74 59 483 
4 44 73 13 80 71 82 22 784 
6 42 20 73 94 35 8 91 71 
57 64 69 78 97 100 81 84 1090 
17 60 45 45 14 32 8 13 1158 
30 44 69 28 87 53 83 90 1162 
99 47 64 36 21 11 30 19 1161 
75 28 49 75 34 98 82 67 758 
23 63 29 90 67 83 40 80 576 
41 31 78 18 98 9 5 84 458 
29 84 41 35 17 98 38 36 1036 
49 57 12 73 47 22 91 61 332 
70 11 82 83 97 43 64 91 1070 
20 59 32 43 71 52 61 55 1022 
25 90 48 34 54 33 99 93 284 
39 69 86 58 29 38 82 38 893 
59 48 89 100 73 28 10 19 943 
56 9 88 63 15 94 39 68 874 
83 38 59 51 86 6 20 28 269 
5 64 31 96 63 35 79 4 86 
99 27 19 23 25 37 56 44 1035 
39 78 57 94 21 64 67 101 1218 
18 10 64 85 82 47 6 7 674 
50 62 48 54 86 13 87 42 503 
56 62 15 24 97 44 21 83 607 
69 14 45 70 31 64 36 63 1148 
47 16 46 74 19 21 82 8 1008 
41 87 94 46 8 81 23 13 486 
89 95 14 22 65 102 98 39 1138 
14 82 33 86 20 25 19 43 313 
99 84 44 96 45 91 61 82 1173 
59 26 8 65 49 21 24 49 834 
83 26 53 46 78 83 28 70 324 
54 57 68 72 28 67 56 26 353 
99 94 52 25 63 85 6 41 160 
89 51 35 14 63 73 56 38 203 
76 54 8 63 71 77 65 10 310 
32 89 99 42 11 25 92 27 677 
20 60 65 71 42 40 70 40 234 
96 41 96 97 17 92 51 82 873 
25 38 25 77 63 55 59 76 627 
18 49 41 11 24 38 18 39 954 
55 7 14 70 96 33 58 71 839 
33 36 74 9 93 31 54 69 1091 
34 44 99 12 13 68 89 54 1115 
82 86 19 59 81 80 14 98 913 
61 58 44 95 21 94 86 28 491 
81 10 58 12 59 58 49 86 1158 
83 45 96 48 83 43 42 78 1040 
54 76 57 96 97 97 57 95 138 
49 41 25 8 28 87 28 10 539 
37 72 29 63 12 97 86 34 654 
82 15 77 3 55 45 9 35 637 
87 87 16 62 57 66 47 3 550 
74 77 19 11 23 75 99 6 84 
60 93 66 62 12 65 44 77 987 
38 48 88 82 101 95 35 43 273 
32 77 17 65 18 11 52 14 700 
39 74 94 3 6 51 38 51 518 
90 27 78 53 20 82 85 10 671 
61 94 78 25 78 82 53 69 363 
94 97 76 57 12 100 8 7 39 
91 37 44 39 45 52 53 47 198 
48 81 58 36 82 10 57 94 245 
84 15 98 14 53 39 21 46 666 
70 35 17 80 47 15 79 97 898 
15 24 51 27 75 32 66 6 1074 
75 60 17 68 102 20 80 26 1127 
9 79 86 7 20 101 98 85 148 
3 70 36 45 59 87 37 44 858 
73 58 43 67 51 48 51 48 1060 
42 4 35 99 2 23 23 72 223 
91 10 5 52 31 92 20 65 443 
56 32 3 31 34 60 50 9 833 
53 44 30 40 58 74 14 58 995 
81 5 70 15 24 89 69 48 422 
69 23 29 53 49 88 12 97 205 
88 12 72 78 52 96 55 72 350 
92 53 53 34 39 75 10 42 732 
70 42 9 16 64 88 26 83 1045 
43 2 97 44 30 63 57 29 562 
13 5 56 77 62 55 60 79 1167 
85 37 86 56 45 9 28 44 677 
12 73 50 86 54 70 10 14 853 
36 50 24 93 78 13 29 99 452 
8 95 82 56 58 87 92 42 567 
3 89 59 90 19 88 8 48 678 
100 29 53 87 68 51 85 26 360 
75 95 61 75 29 48 72 22 597 
78 57 17 65 96 14 24 9 304 
14 48 33 38 87 32 57 32 864 
88 23 29 33 73 34 58 19 587 
89 30 62 14 19 99 40 32 1110 
42 37 35 41 65 62 26 73 961 
100 40 10 30 20 99 77 86 1212 
24 46 86 85 9 79 66 37 967 
66 3 31 36 100 57 42 17 1163 
40 48 59 69 9 2 55 60 974 
42 61 12 65 39 35 100 18 1047 
9 59 30 58 78 31 83 62 860 
52 66 42 54 91 5 4 39 467 
44 56 39 85 32 51 99 25 927 
71 3 66 98 38 84 72 35 714 
69 84 73 31 89 50 32 5 1151 
42 90 72 9 63 101 97 58 755 
50 25 29 80 60 54 55 13 720 
8 56 29 60 85 58 47 37 673 
69 15 70 92 55 29 57 60 435 
7 64 41 66 3 82 22 23 120 
34 91 26 20 78 77 91 26 603 
69 84 7 17 64 29 47 30 536 
96 60 72 2 25 3 19 49 601 
21 44 56 49 40 64 48 15 563 
33 51 39 94 3 31 79 91 926 
32 93 2 15 22 75 38 28 772 
42 33 67 25 3 31 28 71 1005 
98 21 46 45 71 51 83 16 959 
9 4 59 43 25 37 27 89 698 
51 9 24 82 13 13 101 8 1000 
82 10 50 10 68 34 49 84 850 
33 89 24 53 34 8 97 31 298 
8 101 11 33 100 16 74 80 768 
62 17 10 35 47 65 69 2 76 
32 101 38 28 95 43 67 96 1219 
37 99 77 18 88 84 89 95 89 
75 52 11 36 38 90 71 89 816 
63 100 44 61 86 33 2 67 369 
90 82 8 70 67 6 17 38 981 
90 46 32 28 48 54 58 96 622 
99 98 65 50 59 8 76 6 1170 
59 78 15 45 17 23 54 101 160 
3 7 86 7 21 2 10 83 525 
39 37 54 92 5 92 83 6 837 
69 42 25 2 96 63 11 59 733 
69 46 31 11 76 49 41 56 1093 
68 94 80 65 42 78 65 39 846 
45 69 75 26 65 14 55 87 722 
92 3 13 25 98 63 42 43 451 
16 31 63 8 53 51 2 16 148 
93 7 2 49 39 59 94 68 1102 
89 45 84 19 58 92 90 51 653 
80 45 97 18 24 101 41 51 107 
10 39 19 26 25 50 102 64 980 
61 44 66 57 33 33 73 56 1205 
57 99 75 73 20 3 98 25 875 
18 77 84 4 10 90 50 86 347 
75 64 22 35 19 96 12 31 89 
91 25 14 67 47 71 2 86 648 
38 40 22 17 31 3 79 85 1069 
100 59 36 79 9 49 4 100 1115 
81 24 81 81 63 91 96 9 1220 
62 54 32 15 3 27 37 14 567 
11 60 36 21 58 36 9 14 879 
75 14 18 66 65 49 80 23 755 
76 59 78 33 23 24 3 19 393 
59 87 58 11 44 97 3 96 486 
59 62 68 47 74 51 19 23 1152 
86 97 91 85 38 82 65 63 668 
72 80 40 14 20 41 4 51 336 
18 66 73 23 65 71 9 23 752 
98 30 88 29 15 102 30 19 268 
45 76 51 78 48 83 43 34 191 
4 47 44 29 45 25 24 3 700 
25 65 35 22 78 17 21 69 402 
71 44 67 40 86 2 19 61 921 
80 42 20 92 82 33 56 7 922 
21 71 87 65 7 14 45 6 670 
91 25 100 36 59 81 50 73 1091 
53 66 63 44 12 87 49 46 749 
41 35 84 3 68 73 42 101 1206 
50 8 39 55 97 82 48 30 437 
79 46 85 41 44 11 44 5 502 
16 80 61 2 18 64 53 5 870 
74 90 59 29 96 60 82 2 802 
54 100 71 84 98 84 51 72 1214 
80 102 93 75 61 66 32 28 265 
41 49 92 77 4 94 11 75 490 
81 52 52 27 61 44 46 92 57 
74 35 84 79 53 48 65 75 46 
82 101 31 95 99 71 38 43 649 
77 79 99 79 75 24 44 72 241 
51 55 43 52 32 71 61 60 1140 
42 64 98 47 14 31 90 31 911 
13 87 56 84 91 20 91 70 162 
10 97 61 62 38 83 28 16 249 
65 32 71 63 36 40 77 99 966 
59 32 67 70 90 46 50 33 1038 
68 70 66 25 63 63 58 53 768 
36 82 28 17 20 101 10 28 1213 
7 52 53 18 8 94 41 34 465 
50 42 9 17 14 7 98 63 565 
59 42 71 10 7 85 78 44 206 
55 44 14 68 62 65 47 45 993 
36 52 63 73 85 31 25 9 142 
58 20 70 24 20 60 55 54 1048 
32 99 47 70 42 66 78 89 1091 
28 84 82 47 72 71 25 65 129 
87 87 59 41 86 100 74 22 288 
50 33 26 56 15 10 79 17 559 
38 68 12 99 97 99 42 100 306 
34 13 50 102 100 57 50 70 813 
31 93 15 49 99 21 43 29 684 
67 74 71 74 69 58 25 89 1190 
2 90 92 62 101 89 75 42 115 
77 51 35 71 9 47 44 50 289 
35 91 71 93 58 70 43 77 317 
58 62 46 94 79 13 60 49 984 
78 71 94 28 76 59 12 68 967 
25 98 67 25 32 21 34 92 1208 
30 11 33 24 21 25 63 19 981 
68 85 74 24 13 61 67 67 975 
33 9 16 14 83 93 91 20 972 
63 35 32 26 62 88 14 32 470 
51 57 51 71 67 60 78 47 1010 
9 3 88 8 60 67 42 3 1027 
86 18 30 43 35 4 46 2 1031 
52 43 25 88 12 83 23 18 134 
32 65 43 59 38 38 10 84 200 
96 57 76 67 87 61 4 30 174 
12 10 24 49 27 67 75 28 40 
61 23 94 7 87 44 56 11 470 
45 30 82 94 35 53 88 52 563 
12 87 59 66 85 84 68 13 97 
91 85 40 78 85 12 35 51 740 
27 91 71 34 13 77 23 62 1221 
36 19 78 73 63 76 21 66 502 
48 98 40 11 41 76 36 67 320 
2 68 47 72 61 86 93 63 754 
79 80 76 83 45 26 84 34 1144 
34 21 24 65 59 22 71 89 651 
24 17 52 97 100 49 51 22 1146 
57 66 60 94 82 2 15 44 1051 
69 67 54 17 29 8 83 4 563 
6 39 11 27 3 75 33 70 560 
13 84 82 29 34 25 32 29 838 
37 43 41 23 53 17 36 4 270 
3 9 91 46 16 97 3 47 1022 
87 32 65 88 63 13 57 3 743 
8 42 35 32 87 101 40 47 755 
9 85 88 95 94 101 53 32 748 
59 70 70 87 29 89 41 47 1195 
8 52 82 29 68 51 57 30 763 
91 73 25 91 8 71 36 96 760 
99 93 40 65 37 33 52 100 413 
95 23 15 48 92 42 4 34 1172 
84 82 19 39 41 66 39 63 725 
40 70 64 101 53 35 27 44 656 
61 44 17 51 79 71 18 63 84 
51 46 83 85 89 76 75 54 174 
48 62 55 77 28 76 73 14 366 
74 96 72 82 23 50 88 44 1101 
83 34 5 50 23 80 59 90 218 
81 57 83 90 28 101 21 82 1006 
