4 2
300
89 84 61 53 100 
12 88 47 62 61 
93 31 25 5 300 
44 41 79 38 170 
71 42 57 51 61 
55 33 22 21 210 
33 85 94 14 278 
5 99 77 37 270 
65 99 60 12 356 
6 14 78 22 131 
39 95 95 42 157 
49 28 12 39 290 
81 68 28 10 343 
10 39 13 37 287 
47 66 44 72 319 
75 84 47 64 43 
43 57 2 90 58 
39 92 54 76 89 
79 90 40 66 353 
99 73 52 28 323 
70 3 43 52 356 
75 53 25 64 268 
67 83 50 29 123 
27 68 40 97 191 
20 87 39 16 382 
59 28 80 86 330 
4 34 21 85 175 
42 16 52 2 166 
88 69 92 11 232 
98 42 14 36 254 
33 35 57 82 248 
84 67 29 58 125 
49 75 41 83 260 
35 64 67 86 366 
12 17 40 56 246 
53 97 30 59 399 
19 17 46 24 203 
71 79 41 24 247 
77 89 96 72 381 
16 30 11 47 100 
36 77 29 46 212 
18 97 3 22 40 
89 39 72 61 56 
35 30 19 34 386 
58 25 45 26 60 
25 24 70 63 190 
26 88 84 35 263 
44 89 2 72 137 
76 78 22 15 299 
40 20 37 59 248 
88 12 79 53 280 
13 34 6 32 118 
97 29 42 75 350 
3 57 39 96 290 
48 30 49 100 83 
82 5 32 53 309 
7 88 13 2 248 
15 11 33 67 219 
12 86 72 44 159 
50 38 49 29 294 
86 83 43 88 64 
60 65 81 33 362 
10 4 55 57 96 
10 18 42 15 296 
94 25 74 43 248 
64 60 8 61 296 
46 59 4 81 375 
27 47 27 87 14 
52 31 3 78 188 
10 33 17 20 125 
34 98 36 57 325 
63 10 2 27 218 
102 60 22 60 185 
53 102 76 65 401 
65 92 57 12 94 
65 24 98 97 216 
33 45 89 31 166 
50 25 50 101 129 
18 47 2 34 15 
94 12 44 33 386 
10 59 55 22 275 
44 43 26 34 69 
40 14 7 75 92 
59 73 93 20 397 
31 54 77 33 335 
20 92 25 8 126 
56 82 68 3 183 
76 92 69 64 403 
9 100 17 85 380 
6 42 30 12 191 
23 21 26 36 270 
58 84 23 40 202 
53 20 20 4 257 
60 48 6 30 196 
69 6 31 21 370 
32 39 94 40 318 
80 65 16 62 39 
37 58 34 36 362 
94 71 31 14 195 
91 83 16 22 144 
60 38 102 64 326 
20 92 7 45 148 
21 92 85 62 292 
91 6 60 94 116 
4 16 72 41 228 
100 77 19 74 9 
51 25 74 5 82 
44 65 54 82 374 
47 53 91 100 285 
4 88 71 43 241 
87 25 23 94 136 
46 68 62 8 334 
45 75 35 43 353 
98 20 81 42 120 
28 55 80 3 339 
53 27 74 72 220 
14 8 77 15 72 
29 4 82 72 311 
79 5 48 100 200 
74 20 50 14 301 
86 9 30 14 136 
34 47 22 11 335 
21 96 93 55 287 
38 100 23 26 245 
96 40 11 66 215 
25 9 81 54 46 
36 79 62 98 285 
7 80 66 82 348 
84 83 73 90 235 
85 14 95 30 52 
76 99 26 54 325 
48 99 66 61 43 
27 68 70 100 198 
43 36 97 85 266 
60 36 43 41 320 
15 68 23 9 284 
13 16 53 42 151 
39 56 10 19 99 
10 16 6 72 246 
18 15 76 42 68 
51 20 12 65 221 
42 58 87 76 272 
82 79 59 92 405 
13 17 30 63 49 
90 28 80 61 234 
46 32 73 81 256 
2 95 83 93 85 
95 5 90 88 393 
82 71 36 52 182 
33 60 16 72 200 
3 86 14 30 118 
25 42 54 8 43 
12 87 8 13 271 
89 98 68 71 27 
10 29 45 67 129 
21 94 30 17 107 
88 18 3 32 252 
18 83 54 64 397 
55 54 84 78 350 
97 64 25 86 236 
37 93 47 66 168 
76 44 49 99 41 
34 14 39 82 98 
97 86 79 52 208 
8 46 6 74 216 
58 47 69 81 148 
59 70 46 59 369 
97 73 39 91 357 
76 35 57 55 269 
44 17 3 54 372 
13 88 76 35 211 
94 89 75 13 346 
31 77 70 63 215 
65 70 82 92 119 
26 49 90 64 315 
75 90 54 8 47 
43 46 16 90 103 
73 97 13 7 402 
10 100 28 6 241 
101 67 96 2 12 
76 37 13 25 274 
66 100 14 58 322 
5 38 69 2 179 
86 63 82 38 331 
71 59 77 94 88 
28 24 85 5 321 
10 97 54 6 154 
8 35 93 23 249 
75 85 57 29 388 
74 33 28 63 305 
40 87 60 21 139 
19 62 22 4 168 
44 17 11 80 291 
11 86 65 65 153 
53 72 61 77 34 
88 4 50 98 202 
97 98 24 30 167 
24 39 35 72 85 
48 16 91 82 77 
61 76 79 58 352 
90 71 65 26 98 
70 29 84 13 197 
17 14 25 55 190 
48 94 82 39 201 
74 54 94 44 371 
40 83 80 59 202 
13 27 94 12 252 
28 35 101 7 297 
97 57 24 24 25 
36 92 37 36 295 
68 96 42 9 60 
38 78 22 35 351 
89 50 27 64 152 
92 22 15 94 85 
15 96 77 66 220 
19 32 72 39 234 
49 48 47 87 339 
19 86 88 98 105 
51 15 68 21 350 
49 31 62 87 65 
16 80 46 15 241 
75 21 78 55 396 
8 8 86 78 160 
43 6 43 81 83 
8 36 19 68 291 
2 30 59 80 28 
90 72 87 23 178 
72 4 33 28 44 
100 10 35 101 81 
45 31 92 82 184 
46 91 83 67 41 
82 63 80 44 239 
47 64 100 49 40 
38 23 64 34 284 
41 75 17 70 91 
100 3 20 49 116 
73 39 79 36 257 
101 91 22 14 260 
11 26 91 69 267 
38 12 88 91 341 
24 69 60 12 25 
73 76 14 45 49 
80 44 33 16 355 
10 87 66 86 43 
49 3 53 71 248 
17 86 49 5 351 
90 17 31 65 26 
7 81 69 30 375 
27 79 79 2 348 
68 96 76 82 236 
53 48 4 81 151 
23 18 92 52 371 
89 28 11 59 98 
65 16 69 10 336 
31 21 38 94 345 
72 26 52 85 384 
23 12 69 48 145 
44 15 51 29 348 
91 91 19 39 21 
101 70 21 78 90 
55 28 68 100 119 
34 12 12 97 274 
98 67 8 58 285 
80 61 66 24 334 
53 67 43 25 381 
41 4 101 89 349 
4 7 76 64 170 
97 46 71 19 14 
34 4 56 62 363 
25 85 63 69 112 
42 6 99 97 289 
90 87 45 7 366 
32 12 25 11 265 
93 93 46 16 305 
36 92 49 21 202 
51 12 83 36 285 
58 43 34 62 187 
100 10 81 93 219 
12 3 66 29 296 
24 81 47 97 398 
34 41 49 95 380 
51 59 80 47 91 
80 6 10 37 138 
92 80 65 66 273 
86 14 56 63 265 
35 29 22 49 112 
72 67 89 39 155 
19 96 41 69 393 
43 31 36 71 309 
8 95 31 96 339 
46 18 83 30 57 
22 87 88 30 245 
25 40 33 20 214 
15 19 73 99 68 
97 41 97 70 106 
56 80 87 87 239 
43 100 28 66 338 
55 86 61 25 73 
34 10 14 9 300 
6 100 18 19 259 
