4 8
300
14 74 32 76 866 
6 17 72 61 514 
19 60 83 12 1303 
22 79 6 97 1259 
15 64 78 37 490 
34 81 40 63 643 
61 48 25 88 1357 
25 7 9 76 157 
84 94 94 67 953 
32 87 63 33 1590 
66 87 41 44 57 
53 99 97 46 337 
27 79 11 22 1189 
72 37 96 29 926 
17 71 32 88 1556 
23 72 13 79 1627 
49 20 9 66 1223 
75 9 83 85 533 
28 12 66 56 1386 
7 86 75 94 1434 
97 93 36 76 1349 
97 57 55 49 1344 
83 88 20 46 1201 
9 71 47 47 1625 
65 56 13 96 496 
7 8 78 3 1472 
39 99 21 91 74 
58 86 35 83 1303 
20 56 36 3 842 
43 94 22 82 1276 
38 41 30 94 406 
44 82 42 46 1275 
91 81 54 59 736 
86 68 31 41 290 
25 38 66 67 1333 
11 22 13 45 1464 
14 88 98 25 889 
101 71 29 66 1026 
78 46 91 5 1475 
41 4 80 58 1101 
76 66 82 65 902 
101 77 65 12 265 
24 71 99 56 1075 
6 86 31 4 759 
17 41 66 79 682 
81 49 63 77 705 
8 44 57 78 254 
51 7 35 70 900 
26 9 19 50 666 
9 49 37 39 1416 
57 75 77 11 859 
37 101 6 23 1247 
54 15 90 69 160 
82 16 23 41 283 
100 53 64 49 367 
10 25 18 38 572 
33 15 26 90 1441 
35 69 48 25 1314 
51 4 14 93 54 
13 21 51 41 991 
95 28 98 22 1447 
6 13 30 89 728 
14 85 70 88 736 
41 91 102 81 1246 
15 70 100 60 1110 
98 40 72 46 191 
91 75 79 77 694 
7 19 7 101 1369 
24 41 61 80 1112 
68 36 28 48 1043 
24 21 72 64 773 
26 30 40 54 1507 
68 43 86 77 906 
41 8 95 46 653 
25 86 2 97 887 
77 11 22 92 36 
64 14 26 82 1464 
72 5 17 30 302 
79 81 55 9 292 
83 56 86 25 476 
62 43 85 8 675 
40 21 77 10 1185 
17 10 49 52 491 
56 19 6 88 1399 
38 93 67 27 1025 
45 33 95 79 1198 
22 28 99 63 690 
23 31 20 41 849 
53 30 9 57 64 
71 34 5 79 1042 
66 53 100 39 1519 
71 79 60 45 1599 
8 28 100 37 855 
91 13 88 9 151 
27 101 67 36 570 
10 86 11 23 1528 
13 30 18 16 154 
72 29 62 70 1193 
46 74 76 43 745 
27 32 75 5 243 
60 48 98 70 640 
67 87 67 4 1390 
88 70 38 52 1415 
80 11 86 27 1348 
64 53 20 36 1063 
55 27 26 90 158 
80 13 8 9 579 
67 34 50 76 723 
86 65 60 85 1429 
79 38 27 56 1100 
18 48 49 22 869 
9 30 63 5 1408 
42 63 79 95 127 
77 63 32 17 351 
48 63 12 83 1602 
101 95 37 49 1446 
19 2 72 23 1526 
33 66 88 55 461 
39 73 48 90 63 
25 88 67 77 213 
17 8 12 35 352 
57 39 68 24 884 
16 95 17 16 1128 
42 93 58 101 1248 
13 77 78 88 1376 
77 17 23 79 1221 
15 31 62 36 1196 
13 92 40 101 627 
96 99 66 101 237 
46 58 33 21 1034 
35 32 68 101 33 
42 32 26 50 761 
42 17 91 50 669 
87 35 83 43 945 
52 55 59 63 1338 
16 14 79 74 659 
20 86 4 16 690 
85 65 63 34 543 
83 68 91 55 1608 
81 10 18 60 478 
13 78 92 63 212 
81 75 7 19 1438 
30 55 54 10 460 
58 15 77 7 938 
24 75 51 10 1249 
86 66 6 64 47 
8 98 21 45 488 
45 95 43 3 1028 
13 60 46 46 81 
31 17 83 27 697 
68 35 13 3 117 
40 29 85 87 470 
17 70 44 16 1345 
35 36 11 80 1395 
64 74 76 44 762 
66 31 7 5 783 
72 85 82 22 599 
75 87 20 38 1501 
17 13 58 74 783 
45 18 32 64 1177 
96 8 5 41 1308 
96 61 70 56 706 
11 25 82 39 967 
34 90 25 80 162 
50 18 75 88 1145 
54 18 4 96 68 
50 101 45 33 874 
66 83 43 42 694 
15 18 66 95 1355 
95 33 21 15 263 
56 95 54 54 396 
80 34 18 71 465 
80 60 76 52 1556 
12 82 51 85 1555 
53 49 85 37 1573 
33 55 83 5 1265 
23 98 90 80 814 
56 49 93 9 1233 
34 66 74 13 1046 
58 45 15 99 1192 
15 84 38 20 1056 
9 12 19 57 1514 
27 53 15 93 124 
84 71 97 2 670 
65 90 44 10 1039 
89 78 74 73 663 
91 41 86 32 1053 
41 62 72 16 703 
46 32 38 16 823 
82 53 83 6 1338 
89 49 15 58 163 
27 41 30 56 1265 
33 41 48 17 67 
88 70 85 29 1115 
24 101 84 59 1585 
36 54 31 59 1361 
38 97 70 91 881 
44 28 29 22 649 
102 34 18 38 193 
7 85 23 12 1056 
14 71 56 37 984 
90 68 58 61 1246 
75 13 73 73 678 
38 73 59 63 1019 
61 42 64 89 1118 
92 85 47 48 1501 
52 33 21 95 1160 
69 43 35 31 1079 
78 73 70 46 1096 
91 63 47 97 1232 
36 28 63 49 88 
74 8 68 69 1153 
7 22 12 69 429 
44 94 80 102 1207 
97 40 30 97 1412 
91 74 20 22 1295 
30 39 52 72 939 
26 72 73 89 1616 
63 77 68 60 993 
57 62 3 20 415 
99 85 47 23 1316 
98 100 68 63 270 
102 90 48 90 691 
70 72 42 12 41 
74 23 93 3 210 
22 75 72 36 508 
30 73 2 97 1341 
47 94 31 92 1000 
28 6 12 73 1616 
75 31 80 18 1516 
87 22 94 18 879 
79 95 46 10 995 
26 30 34 32 1436 
31 90 53 7 1587 
78 43 53 50 1251 
69 12 22 4 649 
93 97 56 43 749 
10 81 87 43 93 
54 50 23 31 615 
100 75 82 85 1140 
87 80 74 21 280 
46 72 45 41 1416 
68 75 45 71 1149 
31 76 93 86 1301 
52 5 12 102 733 
30 22 24 13 1289 
96 32 38 34 892 
15 24 37 26 26 
40 38 48 56 643 
81 7 55 60 141 
26 84 98 5 324 
84 69 75 76 1449 
27 50 34 62 1506 
38 39 13 16 939 
9 41 69 85 674 
16 59 58 63 1070 
25 69 66 4 902 
15 36 35 14 1188 
47 52 63 37 1255 
93 6 88 64 50 
45 96 41 3 30 
87 17 16 64 95 
26 13 14 10 1068 
59 86 32 7 1298 
5 5 100 43 199 
59 79 34 8 826 
12 74 96 60 374 
31 31 65 3 1144 
100 22 73 9 791 
36 40 55 72 319 
9 76 83 85 3 
41 98 99 91 727 
10 85 10 14 1555 
55 19 56 88 593 
31 23 32 37 1334 
85 34 94 95 1274 
22 26 64 88 718 
39 92 14 60 1364 
35 33 76 58 1015 
17 14 61 13 1562 
19 85 70 35 1481 
87 46 49 3 279 
9 6 7 13 408 
86 23 24 70 953 
64 8 99 4 50 
100 49 75 75 1097 
73 75 83 99 1003 
38 59 30 98 955 
95 46 13 43 1254 
31 29 66 33 1277 
95 92 94 55 547 
13 89 68 33 1521 
41 73 76 36 748 
36 25 10 51 1449 
29 95 28 11 1067 
20 97 58 27 1201 
73 85 44 96 1208 
83 83 30 66 827 
52 93 100 4 326 
24 72 79 97 704 
