4 6
300
57 55 34 73 1194 
16 46 68 14 503 
99 85 13 91 88 
40 79 60 92 894 
101 69 80 13 741 
51 13 65 75 43 
60 30 57 68 358 
47 81 82 39 569 
26 3 100 56 107 
96 30 89 84 633 
40 42 80 14 1065 
89 77 23 13 591 
5 83 94 11 1012 
70 29 47 62 760 
61 99 22 45 595 
100 72 26 5 817 
24 26 83 24 805 
20 53 46 81 514 
72 60 71 91 530 
46 11 91 73 492 
68 84 30 22 1136 
43 22 36 65 1094 
19 53 21 46 325 
82 2 73 45 793 
20 86 69 20 1129 
3 30 33 2 62 
91 83 54 64 6 
42 98 62 31 307 
100 18 83 91 302 
21 42 27 65 780 
45 40 48 9 274 
85 17 12 30 1128 
15 91 36 60 10 
38 101 58 46 1063 
85 42 44 20 818 
4 5 79 95 901 
63 5 71 39 755 
53 37 48 42 216 
26 88 34 39 152 
11 84 24 91 1082 
22 86 83 78 982 
5 98 30 42 254 
82 40 19 56 384 
11 22 100 99 614 
3 55 18 28 767 
99 9 7 8 705 
21 82 90 7 657 
79 25 95 58 714 
56 9 8 22 461 
88 72 80 7 39 
91 87 28 41 1069 
69 70 56 15 1016 
98 93 24 84 17 
102 52 14 3 661 
89 30 43 40 1170 
96 49 98 91 939 
30 31 2 5 841 
37 57 52 20 1059 
12 70 81 75 764 
66 87 25 20 466 
38 60 79 53 204 
63 45 90 45 1145 
22 73 68 39 679 
68 93 22 16 812 
47 2 96 16 542 
20 50 70 78 392 
11 26 80 53 498 
71 54 51 88 91 
93 69 8 26 817 
40 5 45 20 1174 
75 67 11 54 1138 
38 66 65 9 1204 
15 78 14 13 1036 
98 95 17 98 1052 
16 44 36 9 917 
80 96 72 50 72 
17 7 52 82 722 
46 17 28 60 62 
8 91 43 90 1153 
18 57 97 41 867 
47 90 49 34 999 
33 34 5 79 185 
44 96 17 3 1015 
10 28 34 54 504 
83 69 59 93 985 
27 3 48 14 726 
25 101 33 79 739 
29 61 20 100 346 
14 14 51 45 772 
14 76 42 7 1059 
92 26 45 100 1096 
81 33 58 54 691 
32 88 93 20 1128 
45 65 41 43 682 
51 10 35 26 361 
72 20 16 30 842 
54 63 43 28 852 
101 58 34 89 1001 
98 5 68 44 1202 
28 23 33 53 244 
50 37 101 51 461 
83 92 21 71 246 
63 20 30 85 60 
71 47 67 50 1138 
89 33 53 61 732 
48 44 93 28 47 
50 89 65 10 249 
19 64 94 90 1081 
11 39 65 69 259 
80 77 85 39 360 
83 58 85 60 399 
20 86 41 92 1121 
41 101 95 67 877 
76 56 21 65 1077 
9 55 78 62 1028 
52 69 86 40 995 
73 61 56 99 283 
94 6 7 78 34 
35 25 4 99 603 
12 47 100 98 576 
26 58 22 51 279 
29 82 25 76 1009 
52 101 3 10 258 
82 47 98 44 976 
73 51 45 62 672 
85 53 82 13 906 
8 71 90 93 702 
16 41 7 76 1173 
14 83 33 95 643 
36 24 96 78 848 
67 51 58 18 936 
77 15 62 97 482 
78 2 14 102 941 
83 13 11 53 81 
43 42 24 48 830 
92 20 52 10 259 
63 59 6 43 111 
59 15 74 17 1009 
4 80 12 37 244 
14 70 34 19 877 
25 15 45 71 344 
27 29 11 50 1059 
59 65 55 75 956 
21 98 73 93 247 
69 41 96 71 58 
65 32 89 29 687 
24 88 36 38 1202 
50 16 37 16 1032 
32 6 26 30 309 
41 27 39 59 14 
17 100 43 98 54 
86 20 77 67 794 
96 42 85 94 796 
73 31 19 77 365 
7 64 59 9 1103 
65 16 68 45 800 
40 96 32 28 499 
26 47 39 34 173 
32 42 72 51 1099 
92 23 34 66 661 
12 10 63 29 1180 
56 42 36 8 503 
72 54 33 101 332 
3 11 59 54 503 
28 94 87 63 1222 
67 94 10 19 1221 
44 85 4 91 674 
31 34 5 31 1064 
86 13 33 93 542 
79 11 72 24 1087 
83 66 82 25 344 
20 25 2 29 386 
64 34 19 9 1213 
89 52 44 46 1195 
71 8 30 67 704 
17 63 97 19 275 
58 23 89 30 232 
79 4 82 63 451 
8 34 78 100 307 
54 96 26 94 697 
29 69 28 26 246 
77 39 18 67 165 
59 31 85 7 920 
43 47 91 90 266 
87 72 82 10 1118 
39 32 32 42 73 
23 39 5 62 1162 
91 97 65 10 537 
43 89 17 50 978 
80 51 73 25 1034 
9 7 38 72 880 
59 89 20 35 1015 
48 9 78 61 1135 
22 28 25 12 1048 
47 84 83 46 990 
100 58 34 30 170 
90 60 9 57 1215 
18 3 35 90 463 
5 79 32 27 1202 
36 13 57 57 740 
54 28 64 39 481 
26 26 94 91 901 
4 56 93 21 1159 
89 102 23 62 942 
20 95 37 74 1014 
70 55 58 48 575 
89 2 79 69 757 
64 99 72 18 920 
94 11 46 17 442 
50 88 13 32 134 
36 92 97 80 516 
61 93 91 56 870 
74 70 48 44 1055 
4 80 25 59 398 
93 32 7 87 1039 
11 51 22 38 424 
84 44 27 37 159 
99 7 100 27 34 
73 9 18 47 44 
26 65 4 31 424 
73 65 56 100 246 
6 88 12 96 402 
12 74 55 22 1093 
32 44 13 31 1088 
99 81 100 57 752 
86 16 62 84 745 
49 49 93 4 783 
21 90 29 17 110 
14 97 7 95 1131 
101 56 98 58 900 
84 53 74 42 466 
93 67 101 39 447 
92 28 31 35 1052 
65 82 53 58 865 
44 17 98 23 947 
4 77 7 64 759 
31 21 6 10 969 
98 77 54 66 890 
55 91 93 81 236 
88 68 74 9 362 
21 5 42 87 388 
69 57 54 64 444 
19 62 39 77 89 
73 24 23 56 1107 
90 31 90 85 212 
55 26 20 3 1123 
38 5 101 35 525 
28 81 21 78 156 
43 25 91 30 685 
95 54 18 74 591 
65 48 20 18 512 
92 17 59 70 964 
44 39 52 73 8 
16 63 6 34 989 
94 5 46 43 611 
66 42 62 29 292 
2 10 48 55 348 
92 86 84 93 643 
13 24 53 100 863 
5 75 21 29 512 
34 51 86 93 686 
62 3 79 68 948 
53 57 31 46 960 
36 93 99 44 128 
32 81 15 81 854 
72 55 48 73 572 
93 23 35 88 1121 
54 26 57 99 837 
91 9 18 16 21 
58 95 9 21 452 
14 78 78 19 145 
55 38 7 23 1051 
9 57 9 22 1055 
32 24 46 55 328 
11 38 2 76 266 
25 65 101 80 172 
79 48 29 36 426 
17 47 18 76 468 
18 22 36 13 747 
36 2 98 29 879 
35 51 56 95 338 
78 78 4 97 1084 
93 39 29 9 107 
64 30 75 87 867 
87 8 72 16 133 
92 4 91 15 1078 
25 68 74 8 985 
30 94 36 8 721 
42 45 23 87 583 
81 95 29 5 1217 
8 29 13 59 1064 
29 81 42 84 464 
76 89 91 9 804 
26 67 23 29 984 
72 96 69 28 384 
44 87 87 69 385 
99 77 88 16 1010 
98 57 17 21 653 
51 54 54 70 1039 
54 56 16 22 288 
