8 6
300
40 87 25 81 85 59 30 73 925 
27 75 29 94 2 91 55 10 1017 
5 90 53 62 77 49 58 9 813 
9 36 59 56 58 74 82 89 740 
57 89 17 71 82 34 8 79 202 
22 82 21 6 70 68 8 30 284 
6 80 12 78 25 78 93 23 455 
21 73 19 57 13 15 31 100 261 
70 36 10 21 56 99 32 38 328 
49 5 68 93 50 30 51 78 111 
52 81 66 40 80 61 97 89 79 
101 67 71 7 77 72 47 39 1157 
17 88 26 14 48 89 52 46 223 
73 30 25 91 9 37 7 80 240 
60 32 58 51 26 69 93 33 873 
60 44 29 98 48 13 35 36 1105 
87 40 35 79 91 36 43 26 719 
85 12 60 36 3 99 52 89 95 
41 68 64 59 23 17 17 94 21 
93 77 85 15 58 75 47 21 493 
89 83 43 23 10 102 10 10 262 
15 26 43 32 48 60 5 97 836 
30 30 19 20 64 99 35 52 603 
78 73 56 88 91 83 59 66 86 
68 19 59 65 50 15 96 4 830 
62 62 31 26 11 63 7 19 1114 
25 71 21 47 91 60 52 34 458 
70 29 38 62 75 84 53 39 946 
13 68 82 5 26 61 31 74 1098 
22 54 63 94 83 74 92 36 1153 
90 24 31 101 14 18 78 28 920 
34 3 89 49 75 75 86 95 629 
13 22 48 62 18 18 71 32 983 
78 77 48 66 71 42 90 66 188 
51 14 55 66 29 99 86 99 876 
4 76 81 90 10 90 22 82 166 
51 30 8 14 32 84 38 102 626 
31 70 33 50 61 11 60 37 993 
100 48 95 50 78 21 47 68 693 
3 90 69 61 45 91 28 41 440 
12 39 84 73 31 29 48 57 349 
42 57 17 72 33 75 9 24 413 
23 3 54 88 69 66 28 37 151 
86 72 27 44 24 21 75 50 1209 
101 29 19 68 4 23 93 7 146 
43 33 59 97 54 23 58 8 476 
86 25 72 21 47 96 17 64 1038 
6 100 35 98 99 85 76 10 1163 
18 57 101 33 97 64 54 86 47 
57 91 20 6 88 18 82 91 303 
31 82 84 25 52 41 38 89 84 
81 48 36 76 23 46 28 41 619 
42 55 30 9 69 63 93 62 895 
69 2 14 19 18 10 60 47 339 
15 95 7 62 96 10 58 75 475 
72 84 71 76 79 49 68 42 439 
99 24 16 23 34 92 68 72 1068 
97 64 32 28 17 78 19 15 565 
48 82 61 22 54 96 24 23 960 
6 94 25 67 53 77 74 64 277 
16 94 63 16 95 27 23 63 134 
11 45 68 94 60 66 3 22 736 
79 79 72 22 101 13 14 64 946 
66 32 13 56 56 56 56 5 260 
87 33 89 36 101 93 85 15 948 
14 14 37 61 66 33 17 97 1037 
54 96 95 51 4 34 49 58 380 
102 56 91 14 41 57 45 18 1083 
75 45 80 81 39 87 36 102 608 
44 8 67 82 41 61 71 4 104 
30 38 31 57 89 44 62 85 725 
90 2 75 82 18 51 45 44 644 
9 75 59 10 17 5 84 7 620 
67 22 17 32 45 39 49 17 979 
61 20 58 38 21 56 28 48 1219 
78 65 92 19 39 99 9 65 354 
53 21 22 29 75 84 94 97 773 
46 60 59 38 35 2 71 86 296 
99 73 55 5 84 72 5 8 521 
62 51 85 20 25 82 10 97 1174 
62 35 47 76 46 27 93 84 1070 
44 42 31 92 50 55 75 12 1125 
78 50 39 53 26 69 41 33 562 
82 28 37 79 30 40 6 11 623 
81 24 29 30 15 2 84 63 805 
15 73 3 32 47 15 91 35 584 
61 11 11 80 37 15 81 13 688 
54 68 14 94 87 41 5 96 1073 
67 49 37 39 70 65 3 28 746 
47 52 83 24 90 97 92 48 4 
44 3 89 16 51 4 46 32 1160 
55 24 87 64 29 53 28 25 1050 
14 24 43 48 79 11 54 36 744 
77 32 80 20 3 42 41 63 1144 
2 53 100 36 95 40 70 50 57 
78 85 25 32 98 67 11 80 287 
61 97 26 80 64 17 43 71 1220 
19 38 22 47 25 68 59 27 887 
90 81 32 4 80 31 6 78 623 
40 48 36 15 11 26 19 81 804 
72 24 91 84 94 26 41 53 156 
86 33 62 59 74 73 94 23 1212 
96 59 19 97 76 88 67 5 286 
68 6 29 98 31 46 3 90 46 
86 8 88 8 66 29 18 22 557 
93 83 75 65 23 90 27 25 270 
50 76 50 4 20 91 3 75 576 
88 90 4 18 58 87 70 10 187 
15 90 96 93 81 56 43 76 271 
52 5 86 41 74 8 24 54 166 
58 84 90 99 7 93 82 32 392 
46 78 27 91 97 14 75 14 432 
30 59 97 96 63 46 69 53 856 
65 48 18 98 95 5 73 14 326 
29 17 84 5 13 51 24 99 1199 
99 63 10 73 69 62 72 96 1163 
20 64 23 46 32 57 23 18 1029 
18 49 84 24 19 85 88 48 1184 
55 27 49 49 73 66 48 72 1090 
64 94 82 59 28 101 10 55 606 
8 85 87 30 85 96 67 9 614 
18 77 46 26 88 23 65 20 847 
51 74 93 59 100 62 68 61 304 
6 61 24 85 16 67 36 82 770 
14 27 44 54 84 67 16 32 1172 
47 40 8 61 96 10 32 62 997 
61 51 87 27 64 26 72 62 587 
30 34 63 81 92 8 60 53 1130 
29 98 92 28 46 70 66 23 258 
21 47 67 16 55 56 85 77 387 
80 88 66 20 84 24 19 87 1202 
37 68 49 2 3 45 18 5 777 
94 35 7 19 64 43 5 53 186 
85 17 81 9 98 17 76 82 798 
31 10 16 70 11 60 71 31 677 
76 20 47 24 100 52 92 93 526 
29 63 27 25 17 33 8 36 864 
21 29 71 34 28 23 79 89 1164 
51 26 25 49 50 34 88 31 402 
72 63 19 31 19 7 74 50 239 
43 8 95 85 64 77 90 52 27 
88 43 94 26 47 13 57 43 826 
22 82 15 94 39 88 100 38 895 
56 92 12 66 62 81 3 39 995 
4 68 64 50 61 100 32 102 1079 
43 48 18 8 76 78 40 54 828 
9 50 71 9 87 27 4 36 733 
94 24 83 16 25 10 32 55 919 
7 73 23 17 64 39 100 60 1100 
59 50 19 36 28 10 13 97 1083 
14 98 84 39 48 27 40 41 951 
9 29 25 10 79 23 3 35 993 
48 94 88 34 11 29 38 47 1059 
45 59 98 75 5 30 22 19 698 
95 70 28 98 79 25 62 93 380 
69 51 73 97 36 96 29 67 38 
4 83 89 57 3 3 40 97 994 
84 36 26 97 90 61 66 9 788 
58 52 17 65 74 20 98 71 1173 
18 50 26 4 48 40 27 19 448 
72 41 69 27 60 84 44 80 688 
9 74 63 14 33 28 32 73 179 
90 41 11 71 61 34 7 25 576 
59 82 90 88 72 73 25 96 842 
100 33 94 35 23 96 64 91 1193 
37 6 19 100 74 77 26 39 958 
30 3 82 36 22 37 37 87 1190 
70 23 4 92 91 39 59 34 497 
25 58 21 16 9 72 37 72 231 
32 62 10 16 64 34 95 97 1146 
91 65 13 58 99 38 99 96 840 
98 47 17 82 42 42 36 3 999 
62 15 96 12 101 52 19 7 312 
91 56 60 71 99 95 45 70 840 
31 68 60 85 19 15 3 41 304 
5 52 21 70 81 63 53 35 1006 
2 81 66 63 42 95 12 10 490 
12 28 50 24 39 74 74 7 427 
26 79 98 83 11 62 27 15 667 
8 23 77 99 21 66 13 45 1092 
6 70 29 67 75 11 75 93 166 
79 84 16 50 98 77 29 29 693 
88 21 73 6 38 28 40 6 1068 
67 16 9 86 13 96 85 69 449 
10 60 6 89 9 20 48 50 390 
43 60 27 2 72 93 10 27 292 
21 102 34 2 29 71 24 10 946 
8 95 73 22 67 31 40 20 847 
55 102 14 55 60 90 97 100 562 
65 67 45 18 78 88 72 66 825 
7 10 33 37 67 101 42 42 682 
63 22 96 98 64 54 24 57 309 
14 68 44 46 8 32 25 61 525 
36 92 18 87 52 3 64 36 130 
40 20 37 15 14 20 34 36 946 
54 69 5 94 96 24 63 60 1205 
28 63 4 3 14 7 59 9 616 
41 78 72 95 36 30 43 86 448 
92 101 55 26 14 74 54 73 1129 
41 44 98 96 26 94 4 38 895 
10 39 8 32 58 8 70 95 708 
9 61 35 77 52 12 87 73 726 
47 4 51 32 51 43 15 19 787 
56 47 54 80 93 100 57 35 577 
32 62 45 49 58 21 16 47 140 
61 66 94 89 11 55 35 59 423 
26 80 90 67 19 41 44 16 588 
8 32 71 37 22 19 65 57 130 
18 100 47 32 18 6 32 56 645 
74 69 38 100 47 36 65 33 680 
61 67 46 6 8 45 73 10 188 
44 26 47 77 26 56 45 19 720 
91 97 63 86 37 65 88 72 568 
14 9 87 37 74 91 63 6 1099 
69 14 95 5 61 10 91 90 371 
10 99 46 84 58 30 77 76 445 
96 77 32 83 20 38 98 61 13 
32 9 54 58 16 22 66 78 59 
68 88 38 55 97 49 35 80 890 
5 32 54 59 62 100 55 69 345 
61 88 96 59 9 102 9 61 983 
80 54 85 25 20 81 25 11 1080 
2 43 83 85 50 42 65 96 350 
51 75 49 56 5 48 94 7 1105 
12 11 82 38 48 38 69 56 325 
91 81 15 74 36 53 11 54 328 
49 79 39 57 96 15 73 60 1052 
35 26 50 39 33 15 91 15 1217 
11 66 97 47 18 96 15 76 175 
18 79 41 98 47 53 22 47 347 
55 58 18 69 67 90 52 36 371 
80 54 50 102 85 23 54 3 1076 
34 5 63 45 44 22 101 58 999 
49 40 81 99 19 88 87 38 701 
86 44 102 9 97 84 66 37 262 
68 18 95 20 46 46 65 90 516 
69 11 16 98 70 11 8 5 1180 
53 83 37 64 17 49 66 70 720 
90 28 10 81 81 8 101 35 491 
90 31 96 37 36 32 46 19 332 
45 90 76 93 2 93 87 15 668 
88 6 2 49 56 77 88 77 760 
36 90 32 10 99 37 71 20 903 
4 18 49 7 20 100 22 23 990 
86 100 27 19 96 68 54 14 359 
42 44 78 21 51 61 70 12 356 
99 38 92 41 24 84 20 85 1181 
10 83 88 4 29 35 96 3 950 
39 19 96 66 58 87 8 31 937 
100 85 69 90 39 10 71 25 1044 
93 47 78 45 101 13 72 46 388 
45 40 17 45 27 50 83 33 1143 
37 35 82 7 36 94 7 22 1217 
31 21 45 80 35 6 50 6 686 
4 95 20 86 96 14 55 64 1121 
64 57 61 21 9 8 16 37 1100 
8 88 13 85 40 81 13 43 305 
90 67 7 13 97 23 94 81 468 
77 53 41 70 54 74 3 46 788 
43 12 14 39 66 100 16 44 223 
47 20 57 40 74 55 89 67 1189 
89 52 62 40 29 30 70 41 1023 
53 40 36 42 84 96 17 73 371 
15 53 3 8 99 55 5 50 747 
85 39 81 88 83 89 76 16 1144 
6 5 86 86 71 27 17 65 58 
86 7 38 63 25 3 25 76 178 
98 83 55 9 37 81 69 87 23 
7 66 58 49 67 71 3 13 833 
48 30 84 78 93 36 50 21 521 
27 24 16 80 65 9 74 80 407 
42 99 70 7 19 86 26 12 1210 
50 39 42 69 62 14 35 79 561 
35 22 91 21 61 18 39 44 765 
90 29 3 51 77 89 37 62 181 
2 44 13 99 54 83 37 102 998 
5 60 65 4 46 88 63 41 711 
46 23 39 54 70 77 24 38 1018 
99 101 64 55 34 102 99 35 426 
37 37 70 10 86 61 37 36 1027 
102 88 85 17 90 38 31 94 481 
79 50 76 38 77 18 100 40 16 
21 52 28 65 7 13 54 29 49 
92 37 39 80 19 36 94 24 610 
2 85 13 28 26 42 62 22 1042 
63 101 62 54 12 49 60 17 1035 
60 39 83 74 65 64 34 41 689 
4 101 33 42 46 56 69 100 674 
93 95 27 88 5 86 28 93 342 
46 40 27 92 22 4 51 36 1040 
70 31 21 51 97 87 86 60 257 
56 22 57 9 87 15 94 69 276 
61 74 36 99 48 74 36 90 13 
33 14 81 31 93 12 71 100 842 
38 44 100 42 4 46 66 74 866 
75 39 55 15 101 55 81 92 764 
53 73 85 49 17 9 86 55 569 
44 27 31 46 40 89 46 58 319 
26 21 71 92 35 76 3 63 623 
50 20 15 28 52 3 50 20 332 
