6 2
300
32 15 57 95 44 56 78 
52 20 76 18 35 101 395 
53 58 40 66 16 70 374 
70 42 57 94 69 11 189 
33 79 56 12 26 76 172 
98 49 100 17 64 26 153 
82 10 29 60 71 80 28 
87 91 100 46 51 101 256 
75 3 3 77 46 75 80 
43 22 8 11 27 57 226 
11 42 51 54 46 56 358 
34 30 36 100 33 42 188 
90 57 68 77 77 81 94 
49 99 42 20 54 20 161 
90 23 51 46 25 53 311 
51 51 94 8 47 77 169 
75 69 79 15 35 75 219 
67 43 36 52 78 34 256 
45 11 36 94 38 51 181 
9 88 55 10 90 72 158 
8 75 71 32 6 84 301 
32 64 7 21 47 88 94 
82 17 96 50 21 15 28 
42 61 16 11 28 99 271 
83 26 8 47 5 17 242 
70 67 22 73 53 91 52 
49 31 75 93 65 23 110 
73 61 62 72 58 34 270 
16 57 23 80 87 9 202 
40 101 76 43 72 66 52 
52 76 79 70 26 96 378 
31 43 19 65 78 41 44 
67 48 77 49 85 95 218 
12 101 95 68 84 65 40 
32 101 52 95 60 16 87 
88 85 4 34 40 75 348 
16 6 17 11 70 41 299 
55 101 96 89 73 61 165 
76 86 4 45 33 85 403 
44 69 73 20 27 92 322 
65 75 17 47 21 70 390 
98 80 59 16 26 38 317 
101 58 7 89 57 83 49 
101 2 92 9 92 88 294 
38 47 93 45 51 96 368 
28 82 44 53 93 46 321 
8 46 31 9 49 23 177 
13 67 32 72 11 69 259 
75 27 40 31 84 26 242 
35 68 73 77 44 90 298 
78 65 38 66 38 35 382 
58 63 102 45 67 31 104 
81 63 75 43 29 29 218 
56 6 24 11 23 21 296 
80 60 34 7 36 72 145 
4 96 8 74 36 72 72 
67 41 88 19 97 36 222 
7 100 36 17 63 22 91 
61 16 57 18 16 23 316 
5 70 40 34 61 92 314 
69 69 70 95 59 38 366 
67 38 94 28 87 20 301 
62 99 92 75 52 15 178 
82 52 59 23 51 42 254 
72 50 87 38 46 79 157 
33 68 24 6 86 34 382 
80 65 92 30 5 6 176 
73 49 61 10 78 35 352 
19 13 74 11 98 30 387 
90 9 92 43 43 37 118 
33 70 71 69 83 52 12 
90 69 95 48 38 21 407 
3 28 30 70 46 54 61 
57 53 97 90 7 101 367 
58 101 89 64 70 16 163 
81 92 44 97 86 86 120 
46 81 65 62 10 97 356 
83 64 75 99 85 16 312 
19 76 81 78 53 15 130 
70 7 86 70 7 62 88 
39 88 75 62 70 88 45 
74 34 30 99 5 5 308 
39 17 67 87 2 65 254 
18 64 21 35 73 99 312 
76 81 93 5 37 68 180 
78 102 39 17 30 68 188 
44 53 82 49 12 58 127 
93 21 86 7 99 61 88 
26 56 30 99 90 36 399 
55 39 96 70 39 33 248 
17 31 71 74 99 18 301 
13 41 87 64 43 48 340 
63 10 100 40 9 25 216 
48 11 21 42 34 50 364 
16 88 81 75 27 72 310 
92 16 36 101 45 50 54 
17 44 37 49 90 17 375 
31 98 32 32 11 10 283 
22 53 33 68 71 86 394 
54 8 91 18 77 9 290 
96 66 41 66 77 42 125 
69 85 95 45 35 99 349 
93 51 45 18 64 9 287 
65 4 36 76 65 18 257 
38 49 33 15 9 23 145 
34 93 68 36 70 41 216 
70 40 25 37 89 13 254 
59 48 102 15 3 3 125 
64 8 91 14 25 69 128 
39 64 32 28 78 52 241 
61 78 85 96 70 19 391 
66 13 41 78 7 3 323 
3 33 102 8 22 7 285 
87 79 24 47 74 24 127 
78 94 12 13 63 5 400 
72 19 21 35 85 36 399 
96 52 37 20 68 54 149 
33 32 21 58 47 91 301 
101 63 51 98 98 67 359 
21 31 68 47 100 83 128 
16 83 75 39 73 74 370 
29 89 29 7 72 97 186 
64 92 56 17 16 27 287 
59 72 39 90 71 12 310 
23 71 75 71 73 7 71 
52 48 21 77 19 85 298 
76 25 93 28 72 45 232 
41 13 31 86 58 63 234 
13 39 51 3 64 17 25 
19 55 38 101 92 30 52 
46 37 43 99 44 99 339 
49 48 64 101 69 21 334 
60 46 87 17 46 62 159 
11 72 76 57 70 69 231 
72 57 29 83 17 46 388 
78 91 89 17 65 76 262 
93 90 4 98 98 26 244 
11 53 86 47 70 76 144 
68 69 44 76 32 29 316 
93 37 20 54 77 89 333 
57 100 2 83 88 77 76 
84 73 61 74 45 99 248 
6 45 38 48 73 62 45 
24 46 43 35 50 89 3 
55 86 45 23 39 80 222 
55 86 66 85 101 19 341 
98 85 4 89 32 19 356 
94 84 8 6 28 73 136 
56 61 50 40 90 20 120 
89 18 53 8 21 8 207 
60 74 66 74 45 29 108 
63 41 48 20 72 15 248 
4 39 20 13 9 23 404 
27 18 46 13 101 56 38 
69 53 83 13 12 39 140 
12 44 34 85 46 9 379 
22 4 23 20 7 71 346 
81 35 97 14 87 53 136 
59 21 63 47 75 19 383 
91 68 8 62 78 29 376 
97 88 30 65 16 8 24 
16 26 95 96 88 26 361 
19 87 102 27 87 3 219 
25 72 41 73 92 101 129 
38 16 60 31 44 95 344 
49 70 50 73 47 30 176 
97 71 53 89 95 8 291 
82 9 37 93 28 41 291 
18 91 94 26 9 76 318 
12 36 67 46 34 6 287 
20 53 55 42 75 13 116 
3 90 86 99 95 62 228 
10 26 40 18 56 15 130 
80 58 49 40 56 67 349 
37 88 45 63 3 3 257 
57 83 52 54 30 45 60 
4 10 29 16 16 24 11 
12 28 29 80 93 41 162 
97 8 5 21 48 45 273 
3 43 38 94 61 95 214 
44 90 66 28 72 19 314 
51 22 25 42 45 85 100 
62 18 86 12 64 25 247 
77 50 35 84 3 50 4 
68 93 24 57 31 52 278 
40 65 54 23 23 65 189 
88 81 81 5 61 45 167 
28 54 84 99 72 94 276 
42 33 46 71 72 78 338 
31 3 87 16 35 58 92 
54 34 91 43 63 16 364 
70 56 81 43 7 62 165 
41 43 60 62 60 3 399 
34 10 54 54 88 66 233 
80 96 91 28 88 21 302 
22 95 58 11 80 80 295 
79 66 30 67 18 44 367 
62 29 56 77 58 26 81 
26 39 91 76 53 34 368 
62 92 17 21 43 68 79 
50 4 53 82 24 28 226 
45 26 89 72 23 69 75 
69 37 52 33 96 56 392 
58 69 36 29 48 84 74 
76 14 48 77 78 73 53 
27 5 97 35 101 66 330 
14 4 6 32 67 74 380 
57 67 90 49 14 25 373 
37 19 55 79 46 39 283 
14 43 97 47 98 7 169 
34 58 99 97 92 17 181 
67 32 99 82 12 27 79 
49 60 30 66 50 23 368 
88 43 58 57 29 14 4 
63 11 87 71 69 54 96 
11 93 54 24 10 49 288 
89 58 98 36 15 52 263 
85 69 83 50 86 53 188 
16 43 42 65 5 45 19 
22 15 13 45 75 98 156 
69 78 44 42 76 22 406 
87 62 23 16 64 38 318 
44 6 23 85 3 79 389 
52 13 61 6 6 68 271 
45 87 93 42 56 28 65 
92 41 10 12 33 48 119 
83 21 51 44 9 28 319 
11 92 62 74 21 45 74 
67 85 38 72 55 35 173 
77 33 76 10 12 64 213 
67 15 75 72 33 68 282 
94 12 65 99 42 90 141 
97 32 71 37 86 100 104 
57 75 42 80 15 89 26 
90 77 36 99 66 28 181 
80 90 4 90 79 51 299 
75 75 75 15 47 10 327 
2 7 74 28 66 29 42 
42 34 94 20 81 65 17 
37 31 101 78 64 92 71 
45 69 50 9 51 54 335 
102 69 67 70 81 28 360 
72 64 73 102 101 36 155 
57 12 72 99 88 72 158 
46 76 39 84 20 65 236 
41 26 21 17 77 30 166 
68 29 51 3 39 18 268 
69 30 78 65 58 81 356 
59 80 12 65 84 46 227 
95 29 88 63 65 32 127 
40 54 87 26 8 99 367 
85 22 99 51 56 75 318 
48 63 21 64 86 72 336 
49 11 54 95 86 87 298 
102 66 41 76 87 37 120 
78 93 41 51 84 99 300 
59 15 16 30 73 80 191 
68 68 101 81 62 51 371 
44 35 34 24 14 19 341 
59 59 77 71 40 51 286 
72 83 14 4 75 11 365 
98 39 66 16 9 28 137 
99 42 97 27 88 40 139 
61 9 29 72 82 92 4 
58 42 61 34 31 79 393 
88 89 79 89 42 4 191 
97 69 11 7 93 52 245 
19 82 46 55 13 38 48 
76 87 34 94 21 91 164 
100 7 83 80 52 39 48 
55 20 40 48 39 89 258 
42 21 67 92 42 43 160 
62 17 82 20 42 87 50 
4 47 97 23 15 9 398 
64 29 29 43 15 51 263 
64 8 9 76 51 50 141 
69 69 5 81 50 3 156 
92 4 62 11 54 101 210 
74 45 27 26 83 67 315 
93 40 51 28 94 77 398 
11 75 46 93 39 80 144 
80 94 44 67 8 62 297 
27 69 34 64 51 15 368 
66 84 52 70 85 59 307 
32 56 55 58 28 42 330 
31 17 20 17 24 18 384 
52 85 61 77 8 6 271 
73 19 67 45 64 9 186 
93 96 25 56 22 62 198 
41 90 10 82 21 94 393 
54 16 49 29 99 98 56 
100 93 96 79 55 11 242 
39 91 15 66 35 38 155 
23 97 63 3 58 48 50 
97 53 97 89 14 72 78 
6 20 18 67 13 34 379 
5 31 79 69 53 91 10 
102 97 17 88 58 61 128 
21 88 28 42 53 3 16 
42 100 92 43 41 42 136 
