4 4
300
101 51 7 58 141 
27 18 63 50 693 
16 65 44 100 586 
32 73 39 28 605 
10 15 19 40 471 
53 57 101 101 209 
95 78 39 26 673 
37 36 37 84 128 
68 28 45 9 159 
64 13 54 85 738 
84 55 68 99 791 
89 35 68 101 543 
72 20 65 25 748 
40 28 19 18 301 
98 39 57 13 68 
85 72 11 21 784 
42 4 18 10 358 
42 12 42 29 782 
4 70 38 17 371 
50 65 22 18 667 
37 95 39 48 773 
47 100 57 91 119 
19 26 49 5 218 
70 4 56 81 422 
29 88 92 22 285 
30 2 41 68 489 
22 51 95 39 496 
49 68 72 15 805 
44 57 54 15 643 
80 22 35 91 632 
48 10 43 66 444 
51 5 19 13 545 
47 61 92 31 774 
70 32 12 44 651 
4 34 43 82 82 
74 36 79 43 462 
10 69 52 90 111 
13 10 31 85 94 
46 51 61 49 440 
85 67 25 20 91 
50 12 94 11 613 
17 69 63 56 669 
17 27 78 57 481 
80 10 4 17 684 
62 3 29 33 294 
55 75 96 29 221 
9 13 62 32 72 
100 77 43 15 806 
46 49 77 3 786 
20 75 6 90 619 
77 66 9 36 418 
49 85 63 75 179 
43 75 36 29 612 
6 68 47 48 499 
5 69 91 19 328 
15 28 28 36 144 
82 72 9 53 428 
45 6 27 81 505 
17 16 70 93 471 
73 15 50 28 756 
55 30 59 29 598 
10 77 93 96 315 
23 59 29 58 342 
74 68 85 77 260 
102 43 68 87 378 
90 101 99 61 565 
101 80 102 44 530 
54 14 82 80 367 
70 15 33 43 336 
60 90 14 52 702 
7 32 75 97 757 
14 64 75 83 695 
11 80 34 27 320 
44 59 87 93 734 
61 88 8 32 522 
89 12 27 45 720 
2 89 50 75 527 
72 8 7 51 434 
92 41 101 95 298 
92 83 8 4 807 
3 5 23 62 221 
21 26 45 33 52 
4 39 31 94 693 
24 32 61 63 567 
38 54 38 40 5 
22 89 15 96 606 
7 5 26 47 715 
99 68 90 48 376 
47 65 77 45 415 
55 12 9 10 121 
61 25 48 34 510 
50 70 85 61 60 
34 13 51 58 9 
101 15 87 7 718 
58 44 15 17 197 
75 80 95 89 391 
12 81 8 81 124 
85 60 93 84 320 
31 84 31 41 116 
36 16 20 44 424 
41 27 4 22 477 
19 12 33 10 729 
73 77 98 14 795 
55 7 72 43 149 
43 24 5 68 478 
76 16 76 3 730 
61 61 53 37 72 
87 79 88 23 801 
75 29 85 95 557 
57 88 19 44 502 
31 47 79 26 91 
19 24 39 63 689 
5 39 32 21 249 
13 26 63 5 106 
77 22 51 45 372 
16 41 12 99 32 
90 98 34 41 494 
16 85 29 27 748 
64 42 27 38 775 
38 99 66 64 464 
33 28 16 31 702 
11 98 35 80 791 
80 15 41 60 788 
9 7 93 60 133 
31 99 38 13 414 
37 97 14 50 78 
19 77 49 43 593 
64 84 5 55 416 
21 51 50 30 115 
52 3 69 42 719 
33 8 8 48 230 
36 92 5 80 418 
17 85 87 71 651 
5 67 101 87 282 
27 4 40 10 796 
82 50 11 99 9 
36 30 75 62 637 
14 71 3 15 315 
75 81 27 4 298 
37 66 81 50 93 
87 5 84 7 517 
32 70 100 51 396 
88 83 8 79 142 
89 13 27 93 556 
35 66 88 48 505 
48 79 38 73 509 
18 71 63 88 134 
33 48 69 99 396 
46 73 54 66 432 
94 75 49 87 406 
27 41 90 82 635 
23 19 38 46 143 
54 34 29 88 270 
19 22 22 63 703 
43 46 30 45 198 
64 14 23 96 573 
75 32 53 24 309 
78 83 83 10 780 
16 12 25 82 786 
14 47 68 33 297 
73 55 88 101 72 
83 13 47 58 131 
11 97 44 75 362 
24 83 7 51 462 
37 41 13 68 587 
33 22 50 48 100 
19 48 92 59 807 
22 46 54 15 463 
67 38 27 95 706 
21 70 52 37 608 
33 41 19 77 8 
34 44 22 29 632 
63 65 101 46 804 
65 7 87 77 203 
79 31 94 94 746 
102 16 21 81 433 
65 72 15 74 661 
80 30 17 59 546 
79 26 27 38 783 
4 39 84 96 189 
16 85 77 13 791 
4 49 27 85 9 
20 26 43 76 117 
92 52 29 65 170 
37 92 30 10 388 
55 6 59 98 730 
65 34 27 58 323 
82 97 4 77 642 
33 5 34 58 398 
56 85 53 24 47 
54 12 21 75 718 
25 57 69 65 357 
101 93 31 96 310 
88 101 87 36 278 
97 50 54 86 734 
34 60 74 61 766 
72 54 37 93 309 
55 15 53 70 132 
27 30 41 34 653 
42 76 40 20 512 
57 100 19 90 85 
6 60 37 85 458 
67 85 10 71 599 
48 58 40 58 692 
75 50 19 20 75 
70 11 22 6 409 
60 23 56 98 321 
74 38 49 82 280 
97 80 70 14 416 
44 21 71 60 277 
86 38 83 35 732 
9 83 100 81 347 
96 40 33 35 801 
47 31 14 32 9 
13 11 60 24 734 
97 82 7 70 549 
51 42 64 72 539 
24 41 23 9 262 
94 39 71 40 327 
59 49 37 16 53 
15 9 41 59 191 
78 80 61 45 773 
30 78 33 13 765 
56 78 63 69 620 
8 10 7 100 77 
75 42 22 84 272 
50 47 93 63 447 
43 3 7 49 737 
47 82 80 14 37 
18 9 59 46 698 
83 88 69 40 7 
6 4 43 50 409 
38 60 79 12 384 
85 87 71 59 429 
56 74 16 79 256 
28 33 95 96 763 
69 85 78 99 429 
64 79 55 63 411 
41 62 58 99 447 
89 5 69 67 177 
32 39 2 94 261 
11 74 92 9 611 
76 11 49 57 680 
55 84 82 60 696 
7 35 11 8 109 
96 17 19 24 361 
25 65 30 75 516 
31 84 86 67 355 
91 89 48 88 625 
32 15 4 16 17 
7 25 12 82 133 
100 31 96 81 309 
96 57 70 65 424 
13 83 76 94 440 
72 100 17 16 784 
20 89 25 32 675 
83 16 5 23 318 
2 56 50 58 534 
3 91 7 29 404 
36 21 85 36 539 
52 40 12 62 258 
9 9 97 86 799 
13 8 66 98 460 
82 54 49 26 420 
59 34 20 28 434 
84 95 90 67 509 
101 6 90 66 269 
45 6 46 91 258 
95 60 67 61 445 
97 27 11 73 565 
84 74 61 85 75 
20 22 86 9 407 
17 21 32 23 809 
9 20 102 65 108 
79 10 60 94 476 
101 70 61 74 477 
59 85 19 98 658 
28 47 8 57 126 
25 22 39 41 137 
76 30 45 61 387 
79 27 48 60 755 
75 16 69 27 85 
52 63 14 50 757 
34 4 36 43 594 
65 14 47 50 735 
59 74 21 78 688 
73 26 2 26 664 
34 39 61 5 61 
14 80 83 47 534 
64 9 91 49 695 
74 96 4 89 692 
67 82 100 70 291 
4 97 93 42 324 
27 63 90 69 495 
96 45 33 36 493 
87 33 2 85 228 
52 85 74 93 103 
79 24 15 42 135 
54 41 93 70 47 
19 89 43 7 327 
