2 8
300
90 4 1536 
67 30 1440 
30 89 59 
55 51 924 
55 18 1222 
36 18 1427 
34 85 666 
21 11 504 
22 45 949 
20 60 246 
81 59 410 
37 57 302 
25 25 1097 
60 6 852 
3 42 1123 
94 9 1297 
50 71 178 
68 51 383 
11 71 1516 
65 47 1391 
32 12 478 
91 76 1516 
34 19 1005 
58 13 1519 
22 76 1285 
91 20 1131 
64 30 595 
81 73 1453 
6 15 125 
4 28 1391 
28 61 1283 
84 30 1548 
25 14 1078 
78 63 1455 
20 93 938 
20 48 1227 
47 23 837 
26 3 279 
51 53 639 
42 86 986 
87 32 1492 
78 33 851 
16 40 748 
86 68 101 
5 88 1091 
49 63 1293 
34 88 1102 
34 59 90 
36 4 948 
64 35 1250 
58 85 455 
8 93 508 
100 44 989 
7 5 123 
31 63 899 
47 22 252 
52 4 1482 
62 11 1600 
95 55 1189 
88 44 472 
96 55 84 
71 30 1351 
80 100 1559 
38 51 312 
21 28 1357 
62 5 1571 
52 91 1333 
45 13 517 
88 98 1212 
32 15 616 
60 14 1621 
34 13 823 
4 62 533 
74 69 372 
22 16 851 
74 43 1344 
17 35 815 
79 38 875 
49 53 679 
75 85 528 
11 51 1386 
60 80 617 
22 89 245 
35 60 699 
66 80 359 
61 25 1583 
81 16 893 
94 17 1304 
90 84 1244 
48 87 981 
11 31 1255 
2 66 302 
40 64 601 
16 54 887 
69 84 1228 
9 15 939 
34 90 464 
47 96 1133 
80 19 550 
7 72 1567 
64 76 41 
57 26 470 
68 65 237 
5 23 997 
62 67 1011 
2 26 535 
7 83 1122 
21 16 1572 
34 66 571 
9 25 769 
87 35 1498 
43 55 1277 
54 15 951 
48 43 810 
45 30 1095 
69 86 474 
9 79 1505 
3 2 1461 
29 45 976 
8 25 975 
96 60 663 
69 21 1443 
71 21 201 
86 51 195 
76 60 645 
21 78 1403 
31 66 1304 
8 2 746 
57 86 530 
4 15 165 
20 48 1461 
101 55 1350 
11 78 157 
81 100 1061 
19 26 468 
82 28 689 
52 10 1097 
76 79 960 
82 90 955 
97 15 570 
58 69 99 
4 67 47 
24 78 92 
59 12 3 
78 53 1082 
17 91 1244 
19 76 939 
92 54 89 
45 47 1126 
33 21 1058 
26 16 1031 
77 25 510 
61 17 958 
28 60 825 
39 95 1600 
69 99 431 
95 67 1610 
84 80 622 
79 68 241 
3 61 337 
36 94 934 
43 34 1567 
39 4 455 
37 58 1219 
20 93 270 
9 56 964 
9 78 773 
45 40 880 
68 44 592 
27 99 931 
19 60 901 
40 94 1085 
95 98 993 
4 32 1559 
101 60 148 
26 67 1416 
24 72 200 
58 95 1365 
75 93 874 
5 77 1476 
62 14 75 
73 20 1594 
22 81 1617 
52 16 943 
100 7 744 
54 46 1317 
47 44 1263 
51 6 441 
47 63 1060 
74 67 17 
15 92 347 
72 44 303 
93 30 638 
13 6 1391 
90 74 927 
56 59 1438 
40 23 769 
75 60 533 
15 12 136 
80 28 940 
35 50 240 
100 39 386 
39 30 1030 
29 63 269 
44 36 615 
94 64 523 
72 92 60 
79 35 711 
56 42 518 
91 59 521 
12 15 30 
83 81 923 
73 91 565 
35 20 484 
27 13 990 
33 33 405 
97 23 794 
78 9 582 
56 58 239 
73 46 1581 
94 50 1153 
33 19 774 
17 62 900 
83 23 1181 
99 39 1184 
76 54 367 
85 25 148 
9 96 593 
85 36 100 
68 29 370 
44 102 737 
40 43 1142 
61 96 1538 
15 18 1159 
72 16 1624 
78 81 1151 
65 82 70 
94 90 348 
90 87 887 
36 50 1352 
43 50 537 
35 41 360 
29 62 1560 
5 17 947 
30 72 118 
40 39 1303 
39 9 900 
37 5 774 
20 52 186 
26 52 921 
18 27 749 
13 74 1103 
40 39 1219 
80 51 314 
77 63 1062 
48 66 305 
16 52 778 
77 100 670 
30 8 741 
87 16 1461 
13 5 165 
41 89 1475 
14 19 1594 
42 102 5 
7 61 947 
38 63 696 
84 74 1398 
95 12 1629 
11 43 444 
7 86 1079 
24 55 377 
87 69 747 
11 38 1202 
77 36 775 
23 77 819 
49 71 626 
85 94 740 
5 5 686 
6 20 1528 
12 32 748 
65 9 540 
34 19 770 
79 22 1508 
14 29 407 
71 10 622 
40 74 575 
52 63 1172 
91 24 1500 
23 21 811 
83 83 799 
54 101 88 
30 13 439 
16 91 935 
5 72 807 
48 73 1062 
22 36 1556 
6 68 756 
60 63 1128 
76 76 1396 
43 13 1598 
