4 2
300
72 21 45 73 150 
100 16 88 82 375 
38 44 22 18 323 
56 75 33 71 393 
12 4 73 54 342 
35 100 69 60 75 
12 74 71 72 245 
21 50 48 28 347 
79 53 97 4 359 
76 96 58 81 159 
21 2 73 69 279 
69 50 92 90 17 
102 49 30 64 336 
66 75 52 58 244 
8 29 8 86 80 
61 9 71 66 43 
41 44 90 21 404 
11 3 4 4 377 
73 59 60 24 349 
32 24 35 22 99 
3 45 2 21 134 
94 97 89 49 40 
62 81 28 79 264 
60 61 11 65 298 
65 73 51 65 362 
51 71 86 101 364 
39 76 51 43 41 
98 43 71 89 33 
16 16 57 94 132 
94 33 83 59 115 
72 15 73 49 249 
32 97 39 32 341 
24 13 90 60 297 
89 33 87 70 280 
18 92 24 57 240 
51 18 58 33 396 
19 91 28 73 78 
25 5 4 82 327 
3 6 41 5 348 
5 28 99 22 187 
63 48 15 91 48 
82 93 17 91 52 
15 40 8 35 270 
36 87 19 41 203 
85 31 8 90 274 
14 54 20 72 226 
24 22 38 88 148 
73 78 39 62 159 
34 90 15 69 272 
65 101 8 39 212 
20 12 59 72 254 
34 43 27 24 405 
30 75 47 35 367 
96 4 22 99 387 
59 50 59 3 74 
98 17 40 23 18 
15 48 83 20 151 
15 64 68 26 17 
33 53 17 63 44 
61 45 82 80 297 
63 81 11 45 384 
73 55 59 55 272 
19 4 5 20 351 
84 94 29 99 315 
34 38 98 95 262 
8 34 98 92 242 
55 37 63 51 175 
36 39 40 26 270 
62 8 16 59 353 
30 50 99 77 116 
69 18 85 3 169 
28 85 17 80 360 
40 58 68 96 57 
84 44 57 77 211 
47 55 4 33 70 
28 24 40 9 147 
60 37 24 64 376 
39 54 62 10 71 
53 24 62 38 114 
6 41 22 46 22 
89 95 24 25 339 
15 16 55 86 63 
6 47 10 45 124 
5 36 6 3 314 
31 84 49 60 3 
25 95 68 5 52 
89 4 97 4 201 
67 15 101 81 322 
25 102 78 95 56 
8 16 19 8 100 
72 37 21 69 309 
7 48 66 25 246 
22 50 51 73 115 
3 52 8 96 266 
93 38 27 24 221 
32 7 56 47 383 
11 78 62 81 174 
54 86 30 28 181 
21 51 78 21 242 
77 52 7 67 51 
58 10 26 43 138 
36 12 98 15 188 
102 94 21 31 211 
46 90 72 31 310 
20 25 82 52 189 
44 62 8 65 321 
81 2 92 35 155 
3 54 21 47 36 
44 90 17 82 181 
29 32 48 70 63 
90 82 78 91 386 
36 30 76 97 376 
76 6 35 36 272 
102 4 88 93 207 
94 71 27 23 139 
32 10 102 7 78 
13 16 40 50 370 
101 27 3 40 19 
75 80 25 55 141 
40 57 83 16 182 
27 46 57 19 96 
21 57 57 57 264 
28 30 71 78 330 
62 68 86 46 275 
77 4 49 89 315 
16 48 73 88 392 
77 29 88 63 382 
69 61 23 27 293 
46 72 47 76 320 
47 11 49 75 303 
74 73 39 49 284 
26 99 70 42 39 
75 86 71 61 367 
101 44 10 85 59 
3 47 61 74 95 
8 58 76 11 131 
7 101 101 14 102 
6 92 41 94 287 
72 93 83 18 400 
63 3 88 86 325 
5 3 66 61 298 
28 14 67 26 261 
69 25 61 10 18 
77 87 58 37 351 
10 5 18 15 181 
12 66 45 76 255 
7 72 92 31 118 
6 36 42 41 401 
94 28 18 30 13 
49 34 75 14 96 
78 47 54 100 291 
2 87 54 16 257 
64 71 93 63 243 
99 36 31 82 406 
43 47 19 38 384 
85 89 90 12 398 
80 94 33 53 354 
62 20 94 60 117 
21 85 28 79 150 
25 37 56 71 24 
15 5 95 15 337 
33 29 18 6 360 
15 99 44 19 345 
72 40 42 77 405 
81 44 73 53 328 
60 21 43 102 292 
50 35 22 6 346 
77 101 20 70 229 
35 5 90 72 64 
25 43 11 94 272 
87 97 82 71 110 
73 34 44 34 103 
14 89 18 35 167 
82 79 39 34 39 
73 22 73 21 273 
78 57 3 38 235 
19 12 51 35 354 
54 55 52 80 59 
46 59 88 46 180 
48 89 57 32 145 
48 6 79 85 388 
67 26 63 5 206 
18 33 7 77 35 
4 40 85 48 360 
29 28 62 20 268 
16 36 30 77 88 
92 101 73 3 48 
15 35 68 40 92 
30 95 50 30 400 
15 54 13 37 172 
9 6 11 43 37 
22 46 61 19 330 
32 98 88 83 248 
19 61 6 66 389 
71 75 47 26 245 
36 81 34 22 216 
65 26 94 35 59 
88 92 32 94 374 
71 76 50 59 376 
34 8 68 69 332 
55 49 49 42 297 
36 61 88 84 305 
43 14 41 67 75 
9 6 55 69 305 
29 31 14 74 110 
97 26 89 34 115 
30 14 67 41 404 
18 79 54 62 325 
29 6 50 20 207 
58 37 86 41 349 
30 55 101 94 224 
26 37 77 16 316 
12 74 56 56 193 
31 50 3 68 12 
32 54 95 90 198 
24 83 96 24 287 
62 42 50 48 408 
76 15 74 86 307 
82 4 40 85 284 
57 52 97 73 89 
11 36 20 39 228 
78 63 13 46 134 
45 43 55 46 72 
72 26 10 56 298 
18 77 19 92 92 
30 16 11 20 382 
74 88 25 2 251 
28 24 13 93 100 
15 4 30 53 132 
41 51 97 68 407 
33 44 43 100 24 
35 20 30 17 115 
64 53 95 53 249 
59 20 55 84 372 
49 15 19 32 244 
16 49 67 60 338 
81 21 46 21 257 
31 47 27 97 115 
10 96 98 65 255 
64 11 79 93 309 
24 98 14 77 214 
19 27 13 40 373 
88 54 72 34 200 
45 10 76 90 130 
13 94 60 56 338 
55 19 57 69 399 
7 72 77 85 249 
85 9 71 68 186 
6 36 89 5 171 
58 27 66 16 83 
56 37 91 61 264 
32 40 60 94 405 
2 72 46 42 353 
18 79 89 73 271 
38 41 10 44 112 
79 7 57 15 110 
30 55 43 49 181 
72 83 18 20 128 
47 51 79 69 185 
36 92 49 19 106 
81 40 95 50 344 
17 29 49 34 357 
27 85 47 67 290 
49 32 99 98 68 
37 64 71 42 90 
89 64 42 99 381 
89 60 40 89 197 
92 62 95 65 121 
45 36 86 33 27 
63 6 13 98 399 
6 95 52 3 368 
19 72 54 28 398 
54 89 51 41 3 
69 47 60 19 331 
89 39 36 69 299 
4 80 40 36 247 
85 53 46 102 363 
96 10 39 99 129 
22 10 69 68 314 
58 86 47 32 163 
18 47 96 17 46 
70 61 85 29 361 
41 34 20 68 61 
3 45 52 52 27 
60 10 63 88 248 
81 71 70 92 71 
19 35 9 97 183 
40 59 31 91 88 
37 27 12 10 376 
91 92 3 53 309 
15 37 97 26 332 
10 86 10 57 132 
100 93 95 12 292 
8 26 26 23 315 
46 16 63 30 289 
35 100 55 96 294 
91 70 19 17 17 
84 39 85 15 152 
55 51 76 59 95 
47 34 101 39 350 
