6 4
300
49 88 18 11 48 38 737 
31 67 46 76 57 52 651 
91 75 102 18 19 45 277 
22 97 83 10 7 89 265 
87 81 72 69 16 8 27 
65 53 41 72 70 31 364 
70 82 89 22 87 31 611 
34 49 25 28 21 43 220 
92 37 3 44 51 60 361 
88 76 9 43 46 79 217 
24 63 47 51 16 91 422 
18 96 90 21 60 60 435 
33 48 43 97 67 78 589 
18 40 30 21 73 2 670 
7 82 81 43 54 50 80 
89 80 79 7 54 77 611 
43 15 24 93 3 93 447 
30 68 48 81 2 56 54 
25 19 33 45 91 72 87 
16 12 80 8 11 46 365 
70 65 92 16 3 99 611 
27 8 30 72 12 29 628 
15 34 65 54 96 5 523 
63 49 64 65 8 66 217 
5 46 86 93 49 12 489 
5 59 67 101 59 34 799 
13 4 75 81 44 36 11 
79 17 56 17 43 83 64 
18 30 53 97 35 50 179 
64 46 81 64 19 19 85 
78 100 55 39 74 68 407 
46 91 85 66 33 27 211 
31 32 78 9 32 54 709 
31 16 6 26 85 78 405 
61 96 19 27 18 93 16 
19 4 80 71 16 60 588 
40 70 34 4 25 98 265 
16 4 58 90 67 25 381 
86 51 15 90 92 2 701 
97 68 41 16 37 26 99 
30 101 39 17 96 17 741 
49 74 24 62 82 19 365 
93 63 39 54 70 57 275 
55 66 83 26 60 88 353 
3 95 90 90 74 22 700 
6 20 74 72 10 58 305 
79 94 30 12 85 43 34 
7 3 65 69 71 80 617 
37 59 93 39 31 50 372 
80 36 74 10 99 61 716 
45 67 83 61 101 98 615 
75 55 16 77 47 41 782 
94 27 24 5 44 12 565 
64 84 36 82 10 94 807 
60 58 4 88 85 18 510 
39 84 10 71 84 2 507 
6 79 64 86 10 52 707 
11 52 6 57 51 20 662 
85 50 82 93 6 78 120 
98 14 90 64 25 35 450 
45 16 36 62 12 9 472 
7 74 97 102 44 14 403 
8 100 34 36 100 83 440 
36 30 80 80 26 49 63 
66 76 24 87 18 34 534 
39 72 97 40 13 25 636 
78 86 93 64 66 67 738 
16 59 30 27 54 3 79 
87 58 84 88 62 52 333 
100 76 16 28 83 86 567 
30 39 98 88 60 78 474 
46 89 18 62 84 19 412 
19 96 62 66 32 58 420 
17 14 54 54 75 39 637 
12 79 38 85 83 23 706 
22 35 41 96 27 54 335 
71 68 28 79 35 92 663 
82 56 64 52 30 20 108 
27 45 37 87 41 82 278 
12 82 78 3 98 66 793 
63 23 72 7 6 12 375 
48 28 76 42 49 99 250 
25 76 35 55 5 76 774 
91 6 11 89 74 9 483 
89 52 79 39 28 86 158 
35 94 47 26 10 69 644 
19 63 47 94 85 5 710 
8 45 49 95 92 4 583 
19 62 20 35 5 89 485 
78 99 5 23 15 13 735 
83 90 32 97 8 18 588 
45 66 97 90 6 74 656 
9 31 46 38 84 50 129 
34 29 93 6 83 22 342 
65 44 73 73 94 99 206 
58 20 100 86 88 101 604 
98 25 46 102 17 81 565 
70 60 87 33 66 76 402 
63 41 93 28 99 32 655 
24 26 20 14 77 57 416 
14 48 54 98 50 44 296 
6 48 6 68 43 75 776 
86 89 42 30 24 78 776 
81 8 60 92 71 96 605 
101 29 90 41 26 20 461 
14 35 37 17 35 15 464 
94 89 62 58 60 87 310 
40 80 85 55 81 58 269 
42 96 8 81 50 64 41 
22 18 29 19 56 41 588 
56 7 15 92 65 40 707 
21 100 36 13 11 38 503 
51 7 89 46 65 26 588 
41 31 38 87 53 54 594 
73 35 41 5 48 68 682 
75 72 65 19 19 48 170 
97 74 70 41 28 45 576 
13 42 75 94 17 2 125 
77 79 7 14 88 16 397 
67 97 10 64 72 80 621 
37 25 29 47 80 53 357 
59 71 48 27 11 4 490 
95 68 14 33 68 70 796 
96 61 7 33 34 74 247 
79 62 79 57 67 96 621 
19 48 49 40 51 74 152 
10 61 89 79 14 91 588 
31 98 33 7 11 81 339 
67 25 16 47 81 15 650 
11 71 72 46 10 86 624 
22 67 96 19 99 81 699 
102 20 56 22 86 60 396 
65 48 52 58 18 37 424 
25 35 94 71 60 41 805 
92 19 36 6 7 97 74 
34 40 90 15 101 58 534 
7 62 27 98 57 33 378 
25 22 90 94 51 27 796 
34 3 50 41 42 89 78 
3 22 18 81 65 42 258 
10 65 45 18 81 89 147 
75 69 76 5 10 55 548 
99 48 14 57 73 13 813 
38 42 76 61 71 58 29 
42 10 19 95 94 17 124 
59 47 78 73 40 82 482 
36 76 38 34 36 44 39 
77 7 26 94 30 34 587 
25 71 59 12 33 16 274 
61 59 12 18 40 54 328 
3 38 87 35 34 43 20 
68 40 29 37 16 101 530 
6 95 3 65 85 45 281 
77 20 63 9 67 27 614 
19 28 18 99 92 67 605 
70 41 61 99 93 72 461 
34 32 77 19 18 71 449 
66 12 55 57 11 8 207 
20 26 27 68 17 29 403 
14 12 40 25 36 93 293 
56 44 68 94 75 80 358 
90 87 92 52 59 22 435 
18 65 44 83 61 51 408 
17 36 32 78 45 9 160 
22 39 96 83 80 21 79 
70 88 65 38 30 83 250 
41 37 19 60 9 98 787 
49 98 44 78 44 88 323 
10 38 18 33 73 26 554 
50 99 70 81 3 46 392 
79 81 48 33 69 22 624 
101 16 19 38 13 25 595 
43 54 8 38 35 72 488 
52 48 7 59 59 65 738 
40 51 81 8 54 51 573 
19 98 47 76 68 65 81 
24 101 97 62 3 97 57 
47 64 45 70 76 90 218 
35 43 75 12 59 88 492 
67 40 32 61 77 5 202 
57 63 64 69 9 52 231 
49 12 100 58 70 86 761 
88 38 40 81 62 46 683 
58 74 66 11 79 51 468 
64 67 3 29 94 84 732 
4 84 3 69 40 100 704 
33 78 57 91 4 69 644 
3 94 82 16 61 43 813 
91 99 59 32 3 73 697 
48 99 31 78 3 6 691 
57 39 14 24 47 99 207 
98 11 22 77 84 80 492 
74 23 15 35 43 92 103 
86 45 39 39 29 3 694 
81 28 15 3 65 96 380 
57 70 94 16 46 76 760 
90 39 57 20 94 27 598 
78 18 45 62 15 74 579 
96 77 87 20 99 42 141 
86 9 76 21 86 16 140 
55 23 21 100 18 21 783 
8 83 21 37 78 14 27 
12 73 43 52 24 78 504 
95 9 98 49 36 78 39 
32 84 101 10 13 58 191 
97 25 65 100 55 77 712 
96 67 85 23 30 16 603 
38 35 71 64 40 57 487 
16 25 53 83 45 93 622 
101 22 29 66 58 82 119 
49 80 54 71 3 76 810 
44 15 28 8 64 33 767 
51 32 48 75 3 66 668 
2 14 18 12 85 13 771 
47 58 59 75 36 61 723 
57 19 96 40 83 62 586 
12 26 77 83 63 84 412 
92 83 93 56 18 35 387 
68 38 61 19 65 7 788 
59 71 35 30 73 7 772 
16 54 37 22 5 12 736 
90 43 30 25 31 46 452 
77 67 20 20 29 43 723 
83 36 23 19 58 77 432 
57 44 55 91 79 58 622 
31 58 36 15 24 59 640 
97 33 96 37 63 43 672 
6 17 12 46 66 8 273 
20 17 5 50 37 39 268 
101 77 35 54 90 81 375 
12 86 7 7 86 12 698 
5 28 85 97 36 72 417 
29 45 47 15 52 45 94 
43 33 68 90 22 48 784 
58 63 84 74 64 38 771 
33 8 42 82 98 50 119 
91 22 55 3 69 84 585 
34 90 41 41 38 36 560 
55 41 19 66 67 91 386 
67 2 25 74 36 58 787 
40 7 34 56 97 99 429 
13 15 88 55 66 26 203 
75 45 36 28 4 28 638 
69 25 18 33 60 69 192 
22 32 31 35 27 77 766 
85 9 87 43 40 18 339 
28 33 13 3 67 25 757 
59 91 48 34 33 20 580 
85 19 25 39 32 31 749 
85 59 22 41 51 33 731 
38 51 87 66 12 39 332 
94 7 33 95 47 33 508 
43 86 3 97 59 25 7 
92 64 6 10 89 52 353 
76 93 64 18 94 5 177 
42 63 70 23 84 32 737 
14 94 46 87 100 32 343 
75 21 46 95 10 91 372 
89 83 59 25 89 99 154 
16 70 80 55 29 43 11 
25 35 76 77 94 12 644 
72 62 25 91 22 3 4 
74 20 25 86 16 78 433 
82 13 100 97 35 74 797 
26 68 34 73 91 43 411 
88 72 19 18 81 69 141 
23 36 36 69 98 21 348 
52 56 71 15 67 50 356 
25 78 83 61 41 83 379 
96 92 20 33 62 52 697 
50 8 70 38 11 38 480 
79 66 30 39 55 57 599 
14 65 60 26 95 9 519 
96 39 58 42 87 73 223 
46 18 38 38 71 59 18 
51 3 80 57 14 87 377 
14 55 24 88 28 75 669 
29 62 9 70 45 24 445 
71 14 98 26 67 34 270 
50 94 3 86 100 73 515 
64 82 71 82 24 19 669 
86 36 56 62 100 47 134 
58 31 70 27 37 50 655 
91 84 33 49 55 15 525 
63 24 3 30 4 21 535 
82 40 89 23 6 74 690 
80 44 66 69 88 19 748 
65 34 61 65 26 85 597 
100 40 35 71 6 20 190 
14 55 34 98 28 53 621 
93 83 6 33 77 98 90 
42 69 82 69 98 75 801 
91 44 67 80 38 94 667 
101 56 54 2 57 63 539 
91 35 73 62 68 18 583 
53 57 35 51 89 64 475 
73 55 4 10 47 27 188 
13 69 20 92 60 96 752 
29 54 32 22 36 47 419 
36 11 9 33 59 29 311 
