8 4
300
30 35 17 51 8 20 73 80 85 
57 75 46 59 68 19 95 93 790 
61 16 24 77 41 63 92 60 461 
15 70 40 41 83 74 88 101 152 
44 78 63 72 45 76 17 72 625 
99 19 67 8 36 73 46 31 689 
58 55 96 56 61 50 63 60 79 
74 18 94 75 73 69 100 53 124 
38 91 73 50 62 71 86 95 334 
93 9 36 69 97 55 89 31 374 
26 89 19 15 11 87 66 44 441 
87 26 49 100 10 85 58 10 322 
16 10 95 27 72 68 9 72 417 
78 7 23 41 87 43 24 76 522 
100 25 82 87 86 20 17 101 561 
96 95 101 53 13 88 15 75 174 
55 101 19 53 7 41 36 91 301 
35 48 41 8 78 35 21 59 695 
61 31 27 77 12 73 99 15 633 
54 27 96 37 28 14 22 71 614 
49 50 20 44 53 97 83 85 438 
32 91 18 68 34 56 3 56 368 
99 80 92 48 55 94 63 85 520 
45 100 22 29 88 9 60 75 82 
69 19 80 31 96 29 19 70 201 
63 88 95 42 36 74 69 25 744 
88 2 97 27 83 70 33 41 694 
36 5 5 11 9 61 46 36 302 
69 69 86 65 31 87 70 102 791 
72 5 66 50 62 64 18 75 591 
17 44 39 12 100 57 44 86 531 
23 54 80 36 98 2 37 102 459 
9 25 73 11 60 83 73 63 294 
23 87 45 43 95 37 89 31 750 
2 59 71 31 23 47 22 48 391 
20 38 9 66 15 62 8 11 410 
3 8 86 58 41 39 21 23 802 
24 83 61 46 50 69 10 37 349 
89 80 4 28 91 13 35 55 210 
31 59 74 84 37 85 87 87 187 
10 47 20 34 12 2 49 100 538 
90 77 90 42 58 81 20 21 262 
50 77 20 75 25 88 13 92 515 
28 42 48 78 61 64 46 3 733 
26 56 69 3 81 92 47 47 637 
40 91 4 95 67 17 53 38 84 
7 36 24 34 23 22 39 23 477 
22 14 17 27 98 57 91 95 529 
67 49 99 29 30 80 10 75 13 
63 35 77 33 27 25 54 41 543 
70 94 35 49 66 60 34 27 265 
65 14 95 49 6 73 53 89 727 
15 80 8 46 26 50 21 78 719 
85 91 90 94 75 59 91 23 11 
34 19 85 41 97 5 48 48 499 
10 17 31 6 82 40 36 41 498 
63 25 70 87 31 90 71 51 294 
47 72 41 38 60 85 72 21 569 
8 76 85 5 101 80 89 12 501 
61 82 11 52 60 36 98 30 801 
35 49 90 98 72 48 69 3 613 
24 74 59 48 35 63 70 30 532 
80 60 27 92 100 20 28 12 564 
28 97 14 7 42 32 87 39 592 
83 12 6 39 38 100 5 67 315 
6 16 48 51 84 32 71 20 576 
76 45 50 72 71 62 79 43 51 
65 19 33 29 63 98 90 89 149 
63 43 24 29 89 35 82 24 787 
25 80 15 84 39 25 61 13 771 
26 13 43 47 62 97 94 42 397 
9 79 54 53 62 97 14 10 626 
51 49 58 17 92 49 65 57 513 
95 82 82 11 70 52 3 66 616 
79 18 84 29 37 48 87 75 365 
46 74 20 21 73 31 48 12 527 
40 11 23 96 83 7 34 101 491 
70 100 11 4 51 98 21 37 750 
97 24 14 12 33 19 5 21 673 
47 76 12 54 65 59 87 65 455 
56 85 37 79 96 38 88 18 611 
37 43 25 24 101 38 39 53 722 
55 30 80 6 93 64 25 90 206 
52 19 37 54 19 88 42 67 421 
59 21 30 78 26 16 44 69 636 
61 25 77 76 17 14 71 35 292 
80 52 94 75 56 9 13 38 810 
42 85 26 39 84 36 86 82 265 
63 79 6 66 64 26 86 65 531 
52 79 4 25 85 86 52 64 129 
62 86 67 23 67 90 17 5 689 
56 24 42 43 91 37 82 10 454 
34 16 89 70 91 93 44 63 484 
99 19 2 42 89 22 20 27 780 
70 41 14 17 50 62 41 32 339 
27 11 89 69 45 77 31 20 397 
30 94 97 76 82 6 31 20 701 
86 16 36 22 25 67 42 14 563 
45 19 67 30 31 60 51 19 421 
74 32 75 27 13 71 73 92 273 
2 96 62 10 88 32 76 57 140 
9 6 89 25 29 33 8 88 11 
85 2 65 39 27 65 55 59 715 
14 61 5 67 51 35 33 41 153 
11 37 33 37 56 76 43 44 103 
67 52 5 44 22 27 70 90 732 
72 66 71 99 57 31 45 63 785 
16 44 57 56 93 90 14 99 412 
72 50 48 91 97 85 52 90 63 
86 72 41 79 99 63 45 63 618 
52 14 82 4 94 95 79 29 4 
59 13 60 18 32 25 77 100 327 
45 83 70 88 49 70 24 61 745 
59 39 47 96 13 32 14 65 690 
73 71 58 56 14 70 84 95 628 
51 71 42 18 4 101 23 102 651 
9 66 67 14 82 36 3 23 734 
57 65 102 30 5 69 41 6 241 
86 92 71 2 6 55 93 74 733 
53 42 37 48 76 14 53 7 809 
21 61 90 24 54 93 80 29 251 
79 23 67 75 80 100 71 39 83 
13 9 62 14 23 10 46 52 656 
57 11 91 90 79 100 70 21 373 
43 63 40 80 24 78 25 16 415 
26 80 64 39 79 39 4 42 801 
41 9 39 82 81 4 13 25 157 
44 91 46 69 7 60 54 30 617 
74 35 87 86 91 9 59 21 588 
20 20 33 54 89 39 2 31 102 
10 63 85 38 69 101 59 83 204 
8 59 75 6 87 51 63 31 62 
15 57 20 32 25 61 32 95 49 
90 91 4 9 69 78 48 46 553 
95 39 68 88 29 10 85 53 505 
100 16 35 84 93 59 32 89 603 
96 80 39 25 8 76 95 71 752 
24 101 93 100 60 43 83 70 754 
43 29 30 12 49 74 100 34 649 
75 7 100 47 80 82 4 54 540 
32 72 33 94 95 59 18 62 425 
73 3 58 94 3 25 67 90 489 
48 86 33 67 28 76 96 22 525 
96 79 23 13 97 8 77 53 806 
63 51 36 73 97 89 23 29 251 
26 83 6 77 82 92 22 58 555 
37 67 46 59 100 76 95 23 676 
33 62 7 52 19 52 26 6 318 
28 77 91 45 46 101 46 73 317 
62 22 99 33 93 41 40 41 697 
57 6 53 62 80 75 6 92 544 
27 76 66 55 52 78 53 96 666 
81 94 23 47 15 29 37 35 15 
87 101 71 68 14 80 67 72 812 
89 68 99 18 41 57 34 20 788 
77 9 72 23 83 99 59 61 387 
66 12 93 26 27 47 74 21 736 
100 61 64 88 90 82 79 65 226 
86 65 55 68 15 97 33 62 213 
34 66 21 74 11 54 33 3 492 
11 65 43 55 46 22 67 37 489 
36 91 20 91 46 19 72 75 791 
96 100 99 98 96 67 21 42 445 
73 28 52 12 57 90 22 70 4 
88 34 20 35 4 80 37 99 580 
9 45 22 4 4 38 57 38 23 
66 15 71 78 36 7 68 95 75 
12 26 36 33 71 78 19 85 342 
81 63 98 20 63 99 96 13 790 
36 72 26 16 57 21 87 59 449 
33 12 100 15 69 11 71 27 595 
39 79 76 46 86 20 96 78 611 
8 47 54 74 84 24 10 33 192 
87 98 70 17 47 14 23 88 600 
46 67 96 90 51 38 26 59 284 
25 92 87 7 22 81 46 81 96 
5 60 30 77 7 38 87 86 237 
6 24 33 64 25 100 47 52 93 
83 21 98 19 50 28 90 87 338 
40 82 78 92 73 69 3 21 229 
48 71 62 60 4 67 9 22 281 
5 63 69 89 62 72 70 65 492 
18 88 12 4 90 22 97 49 37 
55 17 54 67 63 6 72 101 661 
53 24 18 33 12 30 93 86 199 
76 53 22 7 24 9 8 87 270 
20 46 83 41 66 57 63 56 43 
85 41 102 65 19 63 92 18 337 
46 87 78 84 13 5 98 23 787 
87 49 95 46 61 78 73 55 455 
102 14 61 63 72 58 25 11 375 
26 12 36 61 18 8 68 64 6 
59 38 35 80 45 45 61 78 55 
14 40 82 26 94 66 7 92 39 
85 85 16 22 60 4 59 74 88 
64 28 34 89 80 98 78 16 137 
24 24 70 18 4 96 51 13 577 
68 3 20 72 55 28 3 85 650 
88 39 80 34 22 74 34 98 406 
77 27 62 86 50 80 50 85 553 
38 69 82 22 72 49 33 94 579 
95 94 75 7 88 97 18 91 627 
41 93 4 99 85 8 47 77 699 
13 84 55 41 24 72 60 67 136 
101 68 69 33 2 31 3 42 34 
79 72 42 67 69 61 4 11 750 
68 41 86 76 77 98 63 22 80 
20 55 72 4 49 22 80 19 191 
12 10 92 75 98 46 4 70 43 
48 48 17 96 40 16 81 94 213 
35 27 93 73 71 82 21 85 705 
36 76 25 21 89 52 37 94 4 
3 95 45 42 74 9 93 18 610 
97 26 18 58 26 56 97 48 751 
34 41 41 12 56 15 59 70 765 
84 29 61 66 61 48 15 79 810 
85 95 55 86 82 56 7 26 478 
73 80 52 70 27 43 60 5 431 
63 93 42 32 85 6 16 10 726 
18 33 68 72 45 49 57 14 433 
41 51 61 88 7 31 57 88 739 
45 16 4 20 8 57 95 54 702 
62 55 12 51 72 74 67 92 766 
95 3 37 6 15 15 90 21 445 
96 77 88 12 77 98 15 72 769 
89 100 27 12 78 92 63 98 480 
45 92 81 89 23 17 37 64 695 
58 42 3 91 32 89 3 101 629 
102 51 80 16 38 102 79 80 751 
71 85 27 46 45 19 56 47 241 
78 9 56 73 77 15 13 60 250 
95 100 69 40 11 79 15 63 379 
82 31 56 81 12 46 25 68 649 
62 13 99 86 37 87 59 27 758 
25 31 76 68 5 80 71 86 649 
27 33 75 50 33 84 73 76 130 
77 98 99 13 50 11 35 53 377 
35 11 65 84 83 86 86 92 264 
74 17 29 78 12 28 66 101 284 
8 14 82 17 15 63 72 84 239 
98 14 83 67 34 54 34 38 614 
18 44 53 91 66 43 52 101 482 
91 101 88 73 49 51 76 29 315 
68 20 98 5 15 100 57 90 639 
53 9 84 77 46 76 52 50 460 
86 19 51 42 68 16 4 83 678 
45 27 68 34 93 7 15 68 146 
81 15 32 55 37 78 64 100 752 
79 16 57 14 23 101 95 93 87 
92 28 54 84 3 34 17 14 509 
15 21 18 79 64 80 59 74 284 
29 33 84 74 79 69 24 27 543 
30 33 7 69 41 2 97 25 329 
67 98 15 99 39 25 16 52 649 
78 102 54 80 57 51 66 68 488 
30 19 51 87 63 78 68 89 660 
59 48 82 18 84 40 39 93 614 
24 31 96 62 61 30 90 48 211 
16 52 78 58 5 75 43 69 51 
93 83 38 39 34 52 44 58 35 
102 63 20 16 42 66 76 44 302 
68 71 61 23 99 17 52 54 305 
7 4 45 8 77 17 34 48 89 
41 87 99 46 20 4 26 90 693 
10 102 12 14 84 63 38 76 799 
49 72 86 23 89 82 15 39 448 
63 96 88 4 84 96 55 36 462 
41 24 53 59 100 11 32 44 422 
29 95 21 83 72 3 19 87 621 
29 20 100 19 33 83 49 64 769 
101 8 20 18 61 50 7 99 427 
49 93 74 76 93 47 31 88 358 
38 82 26 87 87 99 20 28 131 
60 24 93 72 11 37 17 33 295 
36 13 36 73 79 75 50 72 771 
6 55 30 55 91 48 39 14 673 
73 16 23 23 100 35 34 48 611 
63 79 83 39 62 62 11 97 613 
12 66 5 53 39 17 5 16 599 
90 7 36 47 35 99 55 46 135 
17 15 14 4 41 32 100 89 762 
15 69 95 70 46 95 73 30 390 
81 22 80 8 20 86 61 46 337 
43 18 46 86 86 17 46 96 672 
65 10 27 75 55 51 23 92 390 
82 23 64 42 77 7 51 76 203 
41 11 96 30 44 97 91 59 583 
51 31 85 80 26 52 13 10 164 
25 8 69 30 87 31 38 81 192 
82 3 43 42 37 12 92 7 699 
90 36 68 32 86 98 80 74 497 
67 4 99 14 31 69 87 29 549 
60 12 25 68 94 65 74 12 456 
32 11 96 75 89 21 66 25 600 
56 95 25 72 52 15 70 73 628 
28 70 74 76 57 10 45 34 775 
64 24 44 4 60 76 42 50 515 
69 94 17 80 50 7 96 33 279 
47 90 62 12 100 23 88 47 344 
86 58 57 88 32 57 26 4 13 
