2 8
300
91 4 1380 
6 55 21 
99 61 772 
75 64 1016 
37 89 1410 
85 63 1517 
31 100 257 
90 97 934 
14 12 517 
43 98 1096 
21 65 1094 
39 60 347 
55 36 1110 
13 8 120 
37 76 1395 
6 8 1512 
86 37 1060 
99 100 1618 
32 2 118 
29 94 704 
72 58 1037 
82 56 1614 
97 99 482 
67 32 434 
27 20 1507 
10 56 340 
74 10 60 
41 59 991 
4 24 1069 
70 10 937 
16 27 689 
27 44 804 
46 56 331 
89 10 149 
65 20 82 
40 74 1303 
9 23 763 
88 58 1366 
41 33 1619 
5 80 526 
35 29 1462 
74 53 78 
86 2 1252 
45 67 1619 
3 87 1628 
97 78 633 
58 66 815 
88 63 1406 
13 30 1138 
60 87 181 
52 43 1251 
90 55 1324 
21 93 1099 
2 56 1173 
5 66 926 
49 88 1154 
86 47 895 
62 49 230 
84 50 1083 
5 63 385 
37 28 240 
68 95 391 
25 14 522 
21 77 1382 
73 58 161 
80 84 1590 
31 65 683 
101 76 662 
58 92 1532 
65 8 89 
17 18 488 
46 67 461 
59 39 1151 
35 27 1198 
41 67 1141 
72 91 1494 
6 6 1068 
71 76 1600 
84 38 840 
76 11 61 
32 62 111 
29 6 965 
57 30 1472 
84 23 735 
29 99 629 
70 62 152 
73 88 11 
4 60 27 
42 48 686 
34 64 483 
79 85 458 
69 5 1058 
69 14 1002 
13 17 1001 
3 25 1364 
22 44 1265 
62 15 1233 
44 5 383 
5 30 29 
7 89 949 
19 25 1072 
63 7 613 
19 62 1529 
76 4 788 
50 62 1157 
41 3 585 
20 22 66 
67 74 797 
56 37 1302 
7 66 1228 
65 64 418 
5 96 1504 
98 43 290 
48 5 1337 
86 88 191 
29 96 713 
55 66 436 
68 89 1095 
56 55 832 
19 9 1150 
60 14 1571 
20 13 656 
25 47 1079 
81 46 986 
20 74 265 
24 83 1409 
39 29 658 
38 54 1631 
51 99 1214 
60 51 674 
43 81 555 
49 90 1486 
88 67 1230 
73 7 812 
80 76 332 
68 50 252 
53 34 1172 
67 82 1307 
32 24 984 
98 72 220 
68 66 1559 
27 40 1059 
28 73 1363 
27 38 254 
13 68 361 
93 61 1279 
82 84 808 
61 10 278 
71 79 1615 
56 19 1090 
33 91 1557 
64 8 662 
56 55 592 
57 42 1256 
34 28 1562 
58 56 230 
60 42 1030 
84 19 1430 
66 9 925 
81 57 997 
68 75 879 
19 96 771 
22 51 982 
84 38 96 
44 26 696 
74 29 1334 
23 15 375 
87 98 1264 
6 51 1185 
10 100 1613 
86 78 1588 
77 92 1096 
25 17 516 
51 38 78 
56 78 55 
59 42 1508 
47 93 1301 
77 59 693 
40 83 1253 
78 15 742 
77 14 833 
63 100 994 
11 69 568 
77 51 199 
52 75 1253 
20 33 319 
76 48 151 
82 65 110 
21 11 298 
57 39 142 
92 49 33 
88 76 393 
56 95 1286 
44 51 1188 
60 72 688 
70 27 1383 
68 22 814 
59 4 1091 
38 96 809 
46 44 1448 
45 56 491 
28 87 43 
12 66 1610 
55 67 629 
43 34 1592 
38 25 1520 
67 54 1377 
35 91 281 
61 35 730 
37 52 1300 
77 11 824 
92 102 1553 
45 34 1381 
42 59 990 
88 15 904 
13 19 1148 
71 102 1173 
58 82 1478 
6 11 1051 
15 69 849 
60 77 232 
21 80 904 
90 53 527 
4 96 1486 
11 27 1537 
26 49 1248 
64 49 270 
76 68 817 
10 20 480 
62 88 1474 
33 32 1048 
35 84 1344 
49 69 566 
102 25 1078 
40 69 105 
83 50 897 
98 83 1013 
90 53 326 
38 86 151 
66 13 982 
28 30 1060 
44 74 1041 
29 78 708 
14 79 1311 
44 64 396 
52 38 1617 
46 29 1149 
76 66 85 
30 45 1286 
46 99 1600 
75 84 911 
77 76 1553 
3 98 1554 
45 56 1173 
14 87 58 
84 48 1457 
98 87 774 
12 22 1375 
92 54 1056 
62 16 471 
87 85 1287 
47 41 1547 
27 69 1435 
31 51 654 
6 3 1194 
100 65 1289 
4 49 1579 
92 51 197 
53 65 1012 
74 87 367 
32 43 1348 
68 60 1164 
95 68 750 
11 59 1287 
3 69 587 
9 8 316 
13 93 1449 
88 60 1094 
34 97 558 
69 97 1232 
35 55 1347 
68 101 132 
59 39 711 
4 7 1575 
35 95 1460 
20 90 1335 
78 45 932 
45 62 1527 
36 47 1356 
18 36 1016 
39 28 1171 
72 78 71 
98 38 1114 
30 52 1121 
78 11 1400 
94 55 1065 
80 16 121 
54 93 838 
20 92 1510 
91 34 877 
