4 2
300
88 13 44 5 380 
22 59 94 26 331 
19 18 90 93 164 
82 26 47 75 390 
44 68 62 54 148 
77 60 25 4 38 
47 30 43 72 388 
20 38 13 42 186 
17 71 42 41 212 
24 4 47 72 268 
3 66 71 101 359 
22 53 92 69 76 
65 36 92 17 149 
91 77 20 97 90 
46 16 6 29 328 
75 28 23 2 59 
75 14 55 38 35 
83 61 43 84 306 
69 48 46 24 338 
83 81 27 5 258 
49 86 52 50 90 
89 61 44 21 64 
96 33 92 55 185 
52 83 56 9 225 
32 36 38 23 224 
100 71 84 47 404 
96 3 20 39 276 
91 64 7 16 87 
24 19 24 69 329 
38 58 94 79 134 
2 27 20 50 138 
15 50 31 95 97 
20 79 99 22 90 
95 15 54 87 228 
90 78 42 88 136 
14 14 71 42 77 
44 80 7 14 403 
71 85 72 6 225 
43 35 14 93 15 
47 23 4 47 356 
25 6 9 24 183 
26 87 34 17 89 
3 81 91 77 332 
42 74 87 23 218 
13 45 50 32 62 
57 66 51 85 359 
94 12 26 55 389 
40 73 85 70 305 
85 52 57 85 223 
64 46 39 12 257 
75 38 82 94 312 
82 58 79 9 367 
62 38 51 29 123 
93 58 38 82 177 
71 91 19 49 285 
62 90 68 78 218 
13 29 41 22 63 
58 32 34 79 62 
85 96 79 80 62 
49 3 30 55 261 
8 9 59 68 382 
86 21 36 24 67 
94 92 3 56 322 
35 99 31 14 303 
63 26 62 67 248 
77 14 41 34 94 
61 62 15 14 194 
5 72 75 28 127 
39 98 12 63 94 
95 95 25 101 335 
52 74 18 81 13 
84 50 95 8 78 
74 82 3 101 232 
34 79 91 8 309 
65 26 5 83 155 
67 16 101 44 278 
83 91 42 52 298 
89 46 36 11 268 
58 79 69 10 242 
58 97 12 6 369 
17 6 19 25 80 
28 71 36 43 156 
70 50 53 40 153 
85 43 53 29 284 
90 46 82 43 83 
88 59 97 24 333 
72 6 97 54 217 
79 74 18 33 193 
20 12 95 73 399 
9 28 31 72 312 
18 45 85 36 13 
73 27 78 6 137 
70 76 14 62 277 
66 55 101 87 247 
12 26 23 82 210 
80 53 11 45 52 
62 30 27 48 270 
29 22 63 51 333 
54 98 15 99 321 
47 100 35 5 139 
57 29 46 12 271 
93 25 6 85 103 
23 18 35 93 301 
42 51 68 96 169 
45 94 52 6 34 
16 14 25 3 29 
82 19 7 11 237 
35 86 17 82 305 
6 19 80 26 248 
38 65 23 26 158 
98 33 42 64 369 
65 79 42 4 214 
81 102 5 79 183 
6 13 26 35 167 
58 36 89 21 153 
29 16 28 45 292 
53 92 101 65 46 
51 80 45 21 387 
58 46 15 29 389 
6 16 3 82 234 
28 41 90 85 336 
64 47 23 27 261 
51 53 99 33 8 
91 2 42 68 391 
28 70 7 41 346 
14 23 61 25 136 
15 15 49 88 188 
14 5 18 82 201 
6 59 20 57 188 
7 49 84 28 29 
6 75 37 86 128 
60 36 51 100 287 
42 87 99 94 208 
38 6 13 87 367 
88 86 62 19 374 
71 52 52 95 324 
68 42 35 19 119 
42 79 65 57 359 
80 55 20 12 37 
21 62 28 6 40 
3 37 99 38 84 
22 15 21 94 254 
10 86 59 21 21 
3 54 82 65 46 
61 43 58 99 52 
35 68 52 10 296 
12 26 48 85 319 
32 45 99 99 35 
29 60 73 95 326 
96 98 101 8 34 
69 81 65 96 205 
62 81 101 26 355 
57 65 13 22 215 
86 40 75 43 304 
59 57 86 57 344 
3 73 65 20 78 
39 69 46 2 23 
32 63 54 35 75 
53 46 75 12 219 
65 50 53 42 390 
58 25 60 33 207 
14 97 9 11 202 
91 18 84 7 205 
90 21 13 17 92 
25 88 42 25 97 
15 83 76 4 87 
55 22 25 24 257 
16 11 15 52 379 
37 56 45 86 118 
38 64 70 62 268 
46 39 38 20 298 
72 85 37 10 152 
33 24 8 90 393 
72 94 62 44 148 
81 8 63 24 357 
71 45 58 97 359 
53 15 16 38 314 
18 85 7 51 378 
34 76 8 14 252 
15 51 57 90 241 
45 4 28 26 353 
40 78 17 33 19 
30 28 42 22 351 
20 9 71 13 328 
89 89 13 52 20 
7 2 51 62 303 
22 90 71 38 184 
51 90 93 52 159 
42 71 76 47 265 
7 36 88 29 181 
8 81 45 9 295 
58 94 78 21 333 
40 29 57 59 344 
42 59 6 77 153 
32 19 21 75 166 
20 15 68 87 404 
73 17 24 18 278 
43 47 63 66 364 
59 14 73 70 5 
14 16 19 63 104 
50 32 13 91 60 
91 62 72 69 223 
44 28 93 22 46 
25 7 41 91 178 
97 98 43 88 327 
20 47 53 74 115 
6 98 8 62 209 
43 6 35 4 321 
83 76 96 11 192 
34 24 53 60 316 
9 78 31 19 124 
54 91 27 11 395 
46 11 101 41 207 
49 22 33 71 285 
22 75 39 12 256 
23 4 34 41 199 
98 96 95 96 86 
30 69 90 32 405 
54 80 25 7 143 
73 78 57 61 3 
13 93 84 90 236 
36 41 21 57 39 
52 59 88 63 4 
51 18 6 20 92 
82 34 3 72 73 
43 52 34 77 372 
47 49 75 41 153 
7 15 7 39 353 
92 50 36 23 204 
97 94 64 6 348 
57 74 38 39 86 
82 92 14 73 68 
87 9 45 65 261 
4 86 50 26 389 
39 13 69 34 134 
33 100 82 22 92 
51 89 29 92 148 
76 13 38 20 235 
17 3 37 22 9 
85 7 72 59 194 
13 46 41 11 198 
46 6 6 6 365 
84 12 94 50 274 
100 82 55 29 368 
94 50 32 68 327 
38 79 49 32 205 
28 30 25 75 47 
7 51 20 44 375 
72 8 35 30 308 
7 11 88 55 19 
5 54 45 69 227 
65 16 74 31 52 
69 59 76 56 259 
56 90 21 39 252 
51 63 13 37 86 
87 17 4 93 307 
29 92 95 28 193 
76 86 58 19 196 
93 78 91 32 101 
14 34 81 67 87 
19 92 51 94 226 
43 43 10 48 287 
50 14 83 56 348 
79 66 50 9 366 
72 34 4 91 288 
75 74 83 13 36 
55 39 39 72 237 
39 44 4 73 24 
34 79 12 49 407 
81 97 37 46 195 
51 86 74 77 210 
87 90 62 23 336 
71 62 99 40 71 
13 77 13 98 196 
37 64 79 3 235 
95 24 57 92 373 
80 39 39 65 245 
71 67 63 21 296 
51 84 82 91 150 
74 82 74 32 361 
6 86 41 99 50 
89 10 72 20 237 
65 36 72 32 20 
34 25 35 80 199 
48 16 94 26 403 
56 84 90 67 348 
15 52 26 3 359 
96 100 42 54 299 
63 97 46 63 39 
18 14 52 86 19 
51 49 96 84 172 
92 93 18 100 239 
7 22 7 35 183 
15 11 71 44 44 
36 85 84 7 358 
53 72 33 16 339 
44 33 6 63 149 
69 59 45 61 401 
5 84 45 95 279 
43 92 13 18 394 
