2 4
300
37 102 595 
24 17 168 
94 29 120 
7 14 760 
58 27 439 
27 66 326 
8 57 6 
39 11 625 
5 73 428 
63 22 677 
15 85 595 
96 54 437 
51 11 194 
65 84 403 
65 88 649 
100 74 329 
46 34 277 
99 61 642 
61 100 742 
98 21 365 
70 34 58 
34 93 238 
22 64 602 
2 78 449 
18 45 602 
53 77 188 
99 7 806 
14 19 719 
51 18 198 
96 37 442 
65 55 733 
81 97 409 
44 33 771 
53 79 83 
69 46 459 
81 83 132 
7 10 189 
70 101 113 
48 58 122 
21 84 612 
7 28 223 
22 40 192 
67 39 395 
26 11 356 
30 49 228 
91 48 597 
34 72 293 
10 91 221 
33 96 438 
78 35 317 
37 26 398 
22 48 419 
85 49 51 
35 16 355 
70 83 808 
81 42 431 
88 59 85 
44 89 100 
41 99 302 
2 90 355 
72 91 36 
12 91 695 
97 11 10 
79 8 806 
69 101 464 
94 42 68 
30 54 446 
3 92 623 
31 96 302 
39 82 399 
16 85 478 
65 65 203 
41 60 756 
16 86 256 
54 11 416 
14 77 714 
57 49 461 
31 74 301 
91 71 803 
30 83 776 
50 60 232 
54 64 194 
42 6 297 
34 55 671 
17 16 549 
25 51 664 
27 19 157 
51 83 277 
94 88 85 
24 76 768 
28 13 630 
100 68 214 
5 102 384 
29 73 573 
53 25 762 
76 15 476 
72 67 162 
19 4 523 
78 101 629 
96 62 626 
15 21 250 
44 8 344 
7 20 397 
43 22 407 
36 100 375 
51 100 476 
43 20 590 
54 54 70 
76 11 74 
15 24 544 
51 11 324 
72 16 430 
42 11 144 
53 71 779 
12 30 369 
72 85 37 
20 29 9 
21 56 342 
6 63 543 
24 70 788 
35 94 786 
84 94 98 
12 66 687 
95 11 726 
43 91 400 
79 44 195 
65 6 218 
7 97 771 
68 32 447 
100 68 432 
88 20 340 
23 20 631 
101 30 298 
35 62 152 
22 27 147 
14 80 529 
95 30 154 
45 61 516 
72 31 791 
4 18 505 
59 14 803 
33 9 749 
49 22 580 
74 79 123 
89 32 365 
10 86 571 
79 56 427 
92 7 312 
36 45 480 
80 53 731 
82 99 94 
77 78 390 
22 91 148 
28 67 475 
96 23 411 
6 57 236 
21 64 363 
29 27 511 
12 69 61 
62 99 521 
35 71 565 
83 93 654 
6 15 440 
99 90 778 
54 53 729 
96 98 684 
90 32 718 
32 62 723 
47 55 589 
51 67 76 
42 62 748 
56 95 779 
91 14 244 
72 2 349 
77 24 606 
51 77 611 
75 18 579 
25 74 548 
78 5 78 
83 38 312 
10 57 391 
47 59 232 
6 100 470 
96 7 685 
56 20 247 
47 57 313 
16 98 639 
99 77 403 
40 19 712 
27 80 734 
88 10 621 
94 64 370 
97 32 530 
48 47 631 
19 81 88 
89 71 447 
39 32 394 
73 68 328 
62 13 650 
101 9 326 
43 81 159 
70 10 789 
10 64 454 
87 53 203 
75 71 417 
3 82 783 
41 53 388 
35 90 393 
44 17 346 
38 34 422 
68 98 195 
27 7 540 
60 52 586 
16 81 59 
101 54 653 
25 100 796 
91 61 250 
86 62 452 
94 11 746 
73 28 756 
56 74 251 
6 21 444 
3 50 521 
87 45 250 
26 27 590 
42 35 293 
70 20 144 
47 49 596 
23 84 299 
70 35 786 
77 89 196 
81 62 62 
78 97 268 
28 24 404 
36 6 130 
102 61 287 
85 54 614 
58 5 64 
77 12 203 
60 85 306 
20 35 130 
69 12 460 
9 47 533 
67 66 313 
5 44 782 
70 13 350 
59 23 186 
3 87 659 
23 21 683 
18 6 409 
85 21 104 
97 10 734 
36 68 768 
62 95 118 
72 20 717 
39 55 496 
14 9 804 
84 2 502 
17 18 385 
37 48 744 
75 92 337 
17 84 372 
28 10 284 
8 36 366 
51 100 229 
10 34 550 
95 86 542 
25 6 790 
54 3 152 
53 83 747 
45 101 167 
5 89 26 
75 57 294 
44 13 367 
28 8 593 
56 35 23 
36 8 691 
82 44 506 
27 52 702 
46 66 667 
29 77 223 
45 65 294 
26 48 90 
27 37 631 
33 52 596 
23 99 804 
26 100 550 
18 19 606 
9 65 462 
60 80 305 
19 31 741 
56 17 301 
20 85 351 
39 31 716 
94 11 582 
9 50 748 
91 5 432 
90 22 539 
16 13 467 
55 38 816 
