2 8
300
36 5 1153 
4 14 345 
5 29 1303 
73 6 1216 
71 43 1488 
61 32 1491 
82 28 749 
81 85 279 
26 73 1587 
14 76 569 
80 22 253 
14 27 1248 
18 71 1115 
44 5 1348 
80 42 1347 
67 101 795 
90 47 324 
42 28 1115 
28 57 313 
56 79 671 
26 93 869 
47 96 1379 
61 59 270 
17 45 998 
25 40 375 
65 2 703 
36 61 1174 
51 26 478 
17 40 1522 
49 89 1133 
59 64 1496 
29 20 195 
31 35 766 
100 8 694 
34 75 32 
61 19 1437 
47 65 897 
78 21 306 
71 77 1103 
26 32 909 
93 14 1143 
49 59 1316 
71 98 329 
13 36 1100 
98 38 857 
32 18 828 
29 58 351 
7 4 393 
16 83 707 
75 60 702 
46 7 52 
93 9 1540 
74 87 260 
23 91 339 
70 36 470 
90 82 1350 
68 42 959 
19 99 1202 
36 88 170 
48 35 1241 
39 98 617 
79 69 467 
66 7 483 
60 59 514 
37 8 1097 
3 39 1099 
97 29 24 
63 9 303 
86 29 144 
31 59 343 
86 28 856 
42 86 1514 
85 93 1104 
2 25 1226 
55 10 1347 
29 84 1477 
8 35 795 
45 53 97 
77 79 1462 
21 95 643 
22 37 781 
11 76 503 
81 97 364 
76 20 759 
102 97 60 
28 9 1611 
38 59 742 
20 25 386 
74 43 1234 
49 67 119 
5 66 1599 
30 82 1445 
29 47 557 
54 50 1418 
70 34 257 
4 45 910 
4 50 1131 
93 85 588 
96 4 194 
26 38 542 
57 34 491 
17 73 884 
50 73 241 
17 101 1026 
67 86 142 
61 52 1485 
10 72 1593 
22 46 274 
40 14 1312 
64 36 1287 
79 5 138 
3 99 261 
59 55 993 
64 56 1176 
43 89 809 
8 28 1618 
29 37 844 
23 18 1081 
38 37 1439 
15 79 963 
76 88 605 
38 40 1564 
57 66 1427 
95 4 1578 
32 48 269 
28 81 932 
69 33 1406 
83 37 1615 
29 58 1417 
44 67 1004 
30 46 1243 
4 90 1099 
37 7 800 
56 54 1020 
14 37 552 
57 93 1141 
52 12 921 
33 48 747 
75 95 846 
40 11 1343 
11 14 1605 
28 67 948 
23 30 958 
51 93 1202 
10 16 1298 
26 71 1630 
67 74 1069 
19 94 907 
7 99 1592 
32 31 1554 
18 99 1577 
69 47 647 
66 88 1140 
78 36 1016 
13 3 317 
85 25 532 
68 51 378 
54 75 595 
19 94 329 
45 23 1115 
62 92 1621 
65 36 1529 
79 43 1124 
42 62 1367 
32 91 618 
5 8 1494 
38 24 1201 
67 66 1304 
74 66 395 
62 52 860 
22 23 1058 
4 17 725 
65 50 1098 
28 8 1333 
66 28 1462 
41 24 1361 
101 16 1408 
30 9 1609 
97 98 423 
21 93 1141 
72 19 1494 
18 22 627 
21 31 1212 
95 42 948 
26 13 273 
94 3 623 
92 35 684 
43 64 594 
68 93 241 
68 9 324 
21 45 922 
99 58 1452 
92 49 95 
53 22 1521 
11 7 1193 
30 6 1567 
84 5 1538 
90 31 956 
30 31 899 
57 52 482 
26 55 358 
56 77 1584 
4 29 890 
30 4 879 
34 41 206 
51 34 925 
65 40 1417 
21 86 66 
28 33 234 
100 71 447 
36 37 1595 
78 30 1103 
73 57 493 
78 29 1262 
44 56 21 
42 57 1470 
48 81 1586 
100 94 191 
45 7 1120 
20 31 722 
85 6 940 
29 96 1089 
58 58 189 
47 79 1256 
29 89 190 
12 79 489 
5 87 1231 
26 54 1468 
32 38 704 
88 36 372 
101 55 421 
88 95 376 
22 16 990 
36 86 1621 
81 3 37 
22 74 79 
2 35 454 
41 17 716 
71 61 846 
70 99 951 
26 72 366 
91 48 390 
53 43 1536 
91 92 1026 
71 70 15 
78 48 831 
90 12 1040 
40 88 13 
97 62 627 
84 19 563 
73 54 284 
4 13 236 
79 92 900 
80 71 511 
13 13 707 
67 71 765 
45 95 216 
3 82 1423 
97 87 1369 
24 96 1399 
87 71 385 
62 19 617 
47 69 939 
88 101 912 
98 11 666 
34 30 1219 
59 32 1483 
94 41 401 
23 72 1179 
32 10 419 
32 57 1565 
71 95 1629 
10 53 1535 
7 21 44 
91 59 1527 
59 7 1150 
48 64 939 
11 66 1044 
97 96 497 
101 40 771 
68 17 964 
34 58 717 
62 28 272 
43 27 1254 
83 54 173 
90 4 1345 
33 66 1063 
4 86 748 
70 23 1485 
34 77 1615 
71 11 208 
49 42 69 
46 59 11 
52 99 1286 
56 8 610 
83 31 204 
55 9 1497 
50 70 1213 
84 66 517 
15 66 568 
