4 4
300
12 80 30 10 662 
10 40 9 64 799 
72 33 32 59 501 
102 73 41 90 776 
8 59 18 87 167 
91 44 68 44 587 
60 68 29 54 710 
20 61 25 33 337 
17 58 73 84 361 
27 32 43 60 224 
45 93 15 4 124 
55 63 45 89 755 
68 74 66 92 324 
6 7 80 72 358 
42 51 10 49 650 
52 88 36 43 780 
60 3 10 17 233 
69 55 26 39 282 
58 18 37 41 611 
46 94 83 44 327 
22 54 73 16 710 
97 85 68 25 528 
68 29 4 94 280 
68 66 51 64 591 
53 83 43 38 715 
26 16 71 74 295 
61 8 94 3 618 
8 32 96 30 277 
86 89 3 74 558 
31 16 46 7 77 
82 44 21 72 724 
41 13 37 29 513 
83 16 95 89 50 
62 37 3 18 231 
37 72 23 30 722 
66 81 71 70 479 
12 72 67 65 459 
19 89 24 14 297 
97 98 69 67 430 
72 96 17 68 69 
96 14 30 79 602 
12 23 93 83 204 
62 45 69 70 427 
13 51 32 33 729 
75 15 91 82 273 
42 5 58 77 152 
72 67 4 61 528 
100 44 90 91 381 
98 98 43 89 621 
54 31 101 15 339 
22 65 86 79 288 
83 25 50 45 277 
8 67 18 65 448 
98 43 9 5 443 
71 63 43 86 764 
79 74 4 6 663 
13 7 45 36 800 
9 83 27 26 681 
77 97 47 58 330 
33 82 80 35 657 
14 23 97 61 592 
61 24 102 86 472 
11 23 46 64 187 
4 24 84 67 393 
17 18 85 22 647 
76 19 88 46 513 
99 96 71 25 569 
92 11 86 63 320 
87 83 43 68 605 
56 53 85 35 317 
11 100 15 87 537 
98 40 77 82 802 
44 39 58 23 494 
17 54 23 94 270 
94 40 23 28 518 
35 76 19 48 211 
26 36 55 7 441 
101 83 87 60 601 
54 36 6 65 790 
50 28 23 8 480 
3 32 92 102 379 
73 80 89 23 265 
24 23 31 56 609 
10 86 52 69 501 
36 69 65 21 662 
60 36 59 31 127 
10 55 13 89 200 
96 45 55 61 679 
24 96 66 27 423 
32 6 52 91 721 
66 77 56 47 201 
36 69 74 21 717 
39 22 60 8 203 
70 13 44 32 658 
67 33 93 86 324 
43 6 40 69 415 
56 86 71 43 417 
34 102 68 65 737 
29 74 36 73 378 
4 38 60 3 680 
22 64 22 10 191 
36 86 72 7 684 
32 31 7 70 278 
55 53 19 57 755 
71 47 82 42 435 
95 99 22 39 310 
7 48 39 86 255 
94 66 63 20 143 
50 31 63 81 493 
101 69 68 39 759 
52 20 5 10 119 
77 85 83 57 247 
39 66 35 69 644 
86 94 23 39 345 
92 92 102 39 362 
42 86 3 81 447 
28 32 85 46 714 
89 45 31 71 459 
11 85 8 89 654 
86 98 95 2 622 
9 49 31 97 30 
62 21 68 66 610 
93 84 3 2 36 
9 83 90 82 754 
43 65 53 83 270 
9 86 14 59 489 
45 93 3 5 391 
81 3 90 43 225 
70 79 67 97 534 
29 83 8 85 599 
6 10 15 10 288 
46 97 50 64 788 
78 8 10 6 259 
102 83 100 54 206 
7 94 49 55 200 
66 100 58 18 48 
27 81 31 86 457 
37 80 95 70 31 
86 55 28 46 425 
64 71 63 65 535 
48 85 55 60 555 
14 63 63 85 583 
49 41 35 58 581 
99 79 26 50 788 
24 90 33 51 339 
54 68 5 3 512 
97 39 95 52 487 
45 27 73 18 361 
76 19 12 99 467 
47 22 72 75 451 
87 47 15 69 353 
60 54 7 19 130 
48 60 62 23 626 
12 48 85 99 234 
73 8 10 6 182 
7 81 36 94 789 
34 98 32 47 637 
52 26 29 9 16 
92 23 56 2 801 
19 59 91 22 387 
101 40 75 47 684 
80 38 11 46 309 
81 20 15 22 684 
52 30 17 45 220 
88 21 78 97 312 
53 54 10 8 48 
51 92 16 46 798 
96 24 87 64 813 
15 17 84 71 187 
74 10 36 19 391 
90 44 48 95 502 
82 64 80 9 272 
28 31 5 41 727 
91 6 70 24 732 
30 46 55 45 110 
73 39 9 74 539 
45 20 93 60 144 
9 46 23 85 148 
34 46 80 31 599 
87 15 46 82 276 
70 41 14 29 163 
47 91 5 82 742 
45 58 8 43 739 
10 39 47 23 672 
47 85 88 6 471 
86 68 26 72 233 
60 95 28 41 799 
5 8 67 40 595 
20 43 43 94 610 
79 40 39 40 531 
50 70 24 100 720 
87 56 9 71 293 
81 67 35 54 270 
52 31 70 45 713 
4 75 8 51 529 
7 44 96 32 661 
48 31 88 7 657 
92 73 31 52 107 
51 101 97 5 768 
55 9 92 61 204 
49 72 96 53 515 
77 64 76 35 682 
45 62 80 90 730 
52 80 31 73 351 
81 3 19 32 313 
5 79 6 56 99 
99 54 36 7 275 
78 37 38 44 45 
30 99 97 69 571 
91 23 9 15 363 
76 81 21 18 375 
49 55 66 15 489 
100 60 21 23 702 
93 28 75 57 111 
17 45 89 68 119 
83 7 52 62 404 
84 72 92 12 308 
21 36 20 61 708 
25 73 25 84 61 
72 80 76 83 647 
65 50 54 102 240 
34 94 55 4 527 
44 5 6 65 633 
29 69 11 86 548 
59 10 16 70 738 
46 22 7 60 359 
5 33 71 83 706 
36 20 93 83 51 
29 83 18 96 368 
22 69 62 6 652 
5 71 93 16 183 
57 36 86 11 694 
14 89 96 60 502 
13 35 25 79 352 
11 79 30 80 326 
78 94 22 25 575 
80 62 3 81 335 
36 42 58 61 259 
3 36 83 98 769 
43 88 60 35 279 
89 45 85 63 577 
28 43 15 76 378 
65 16 63 41 62 
54 88 18 19 227 
73 80 67 47 347 
77 98 34 85 808 
92 35 89 91 683 
36 79 41 10 123 
95 29 84 14 558 
89 75 44 91 346 
57 73 43 7 516 
11 81 40 21 780 
32 11 32 77 462 
32 30 74 57 597 
77 49 10 4 286 
46 98 54 79 457 
4 56 46 43 361 
21 94 83 28 607 
57 40 22 14 689 
86 99 9 58 316 
61 3 89 17 546 
10 65 41 72 157 
16 28 64 65 762 
79 67 91 33 307 
39 48 49 83 147 
39 29 97 20 417 
49 91 98 40 791 
4 69 30 76 295 
58 55 13 9 496 
31 79 59 21 64 
21 10 78 20 11 
15 56 8 100 243 
84 70 23 21 589 
27 32 25 68 749 
12 39 16 97 664 
86 38 42 22 725 
63 72 78 12 265 
40 14 80 39 688 
50 63 33 47 444 
90 34 93 37 292 
101 55 93 29 795 
84 96 84 39 142 
79 16 88 11 564 
14 93 13 89 276 
15 54 88 84 361 
51 8 72 42 758 
54 46 7 87 735 
9 81 51 15 412 
46 33 43 22 61 
35 77 24 78 347 
99 24 6 3 188 
49 69 11 85 393 
78 26 43 46 536 
35 11 3 21 505 
35 45 100 39 729 
84 13 69 77 88 
76 87 96 100 782 
32 42 7 64 356 
43 72 68 67 610 
22 91 99 56 609 
