4 6
300
39 22 55 65 317 
64 39 36 101 261 
101 61 41 29 993 
11 11 17 95 182 
76 6 4 6 463 
77 88 86 47 1150 
45 42 89 60 57 
53 73 40 65 798 
38 6 61 12 713 
70 78 20 40 881 
42 51 101 91 536 
35 19 52 28 620 
79 56 90 7 953 
61 74 83 25 365 
41 73 54 29 962 
72 47 94 47 854 
101 70 48 75 662 
96 43 101 17 876 
36 23 14 15 1081 
84 18 56 34 1217 
98 98 97 10 410 
70 100 73 12 907 
90 27 6 58 632 
11 10 17 53 1024 
19 75 68 53 1171 
19 62 41 41 1177 
56 92 62 48 898 
6 75 40 42 1048 
99 72 90 43 1018 
11 19 58 63 971 
77 2 5 51 1004 
25 32 46 14 198 
11 60 34 16 249 
100 67 60 85 590 
38 71 77 68 1065 
50 86 27 70 1061 
2 6 80 62 263 
55 90 14 66 611 
76 31 28 26 941 
40 40 76 22 1044 
46 61 75 15 531 
7 27 39 64 421 
41 6 78 27 194 
7 82 75 95 818 
12 55 96 35 907 
9 45 54 91 597 
12 12 7 85 520 
44 33 67 18 197 
30 53 52 32 135 
72 56 3 10 882 
60 67 84 56 920 
93 67 42 41 449 
64 76 50 15 298 
31 101 95 85 908 
76 17 58 79 471 
61 5 66 24 53 
55 45 45 19 1109 
47 30 53 10 625 
79 93 28 82 662 
57 5 39 7 1003 
73 63 19 36 1202 
45 11 7 17 196 
91 2 20 37 1022 
21 32 33 24 969 
3 50 87 34 1189 
85 90 78 25 1025 
58 67 61 42 412 
94 27 11 21 581 
38 25 38 94 764 
79 75 94 98 429 
27 74 17 28 993 
25 78 87 39 189 
57 35 84 34 734 
25 43 80 3 1116 
96 23 14 77 528 
80 14 95 72 249 
12 99 82 90 725 
86 52 35 61 133 
19 42 74 6 1134 
5 43 6 34 480 
38 97 93 7 506 
6 62 42 85 44 
13 84 18 19 66 
60 55 97 74 935 
75 10 21 92 913 
56 50 10 84 486 
39 9 63 33 1033 
17 8 77 49 680 
25 13 51 58 1223 
36 26 58 100 424 
52 48 34 58 813 
29 78 2 33 1072 
57 54 60 46 814 
5 23 87 34 1103 
54 80 50 19 652 
64 61 65 92 495 
31 95 12 50 1092 
93 78 8 66 700 
41 7 46 61 6 
73 55 8 91 1182 
15 41 25 10 1007 
74 100 17 4 53 
70 15 12 92 713 
64 44 12 57 925 
30 17 23 77 624 
49 36 91 19 1007 
11 56 76 96 333 
92 71 4 68 211 
95 62 5 62 1089 
29 97 56 3 466 
31 45 53 16 842 
100 21 50 59 435 
40 11 101 22 1162 
17 40 18 65 834 
95 42 46 39 1010 
69 14 63 88 299 
53 83 90 81 653 
68 5 63 27 357 
73 23 47 32 974 
86 64 85 67 912 
90 81 92 35 553 
91 101 16 33 18 
88 60 64 35 1030 
59 22 22 69 356 
14 79 93 36 1184 
73 98 16 60 1202 
8 30 97 14 440 
74 93 58 36 791 
69 91 32 26 522 
15 62 14 48 282 
66 44 18 38 765 
13 91 58 38 901 
95 87 58 35 1172 
60 65 52 99 151 
68 67 88 4 761 
25 50 69 94 1021 
14 86 70 37 422 
66 14 61 51 305 
85 37 22 62 877 
84 35 99 30 1035 
53 12 16 36 697 
101 58 16 76 482 
65 24 66 55 757 
11 19 23 100 396 
48 6 2 74 355 
33 47 28 33 986 
92 53 41 9 403 
4 72 36 80 432 
10 100 87 12 752 
64 72 69 100 769 
66 14 101 98 470 
49 11 44 7 313 
56 31 85 96 603 
15 85 59 22 733 
41 85 45 65 299 
50 21 92 13 823 
63 80 30 70 200 
80 54 45 71 1052 
95 30 31 55 994 
81 16 93 63 595 
81 15 49 40 292 
83 72 37 74 1100 
30 21 33 40 785 
78 3 18 79 876 
63 42 91 36 825 
13 56 92 84 560 
36 29 31 64 1080 
51 33 92 46 432 
10 19 73 81 708 
75 99 93 91 66 
80 101 16 91 1073 
41 26 15 73 154 
29 82 55 28 682 
3 92 71 52 190 
47 13 73 44 780 
46 70 12 78 1150 
17 65 3 79 833 
37 16 42 77 601 
27 20 21 34 105 
30 65 48 25 700 
85 30 44 75 739 
69 29 74 28 531 
73 17 39 79 1195 
66 81 78 60 249 
89 52 96 3 1112 
29 94 41 36 440 
83 25 88 21 132 
89 23 30 18 19 
10 44 16 33 956 
12 83 44 36 546 
51 89 90 5 859 
35 36 43 84 407 
76 90 40 92 763 
50 30 20 68 132 
45 53 62 58 151 
47 38 65 24 989 
48 52 7 91 1060 
96 37 85 51 949 
55 82 48 85 333 
22 6 26 71 366 
84 65 77 25 23 
101 29 33 93 311 
99 73 21 4 1061 
26 85 50 5 834 
15 47 71 91 703 
65 7 79 31 1128 
42 14 95 95 1212 
86 77 84 90 1075 
69 6 94 26 988 
84 63 46 99 40 
39 58 23 3 203 
39 96 89 68 473 
96 52 4 101 1040 
86 80 28 5 38 
51 3 63 18 10 
12 55 47 10 922 
4 63 82 28 671 
86 94 94 78 764 
92 90 18 51 1151 
19 4 95 41 1178 
6 37 43 96 661 
39 97 7 2 86 
86 50 80 93 446 
35 72 78 46 12 
95 87 52 42 161 
63 87 14 24 1019 
10 62 9 14 870 
69 21 88 74 223 
91 89 94 71 964 
43 12 27 15 748 
49 28 51 40 47 
21 87 3 83 1139 
54 86 85 19 1213 
26 44 68 22 843 
15 85 5 28 149 
8 96 83 64 877 
53 62 101 63 439 
84 12 71 10 640 
85 20 8 81 813 
7 6 77 72 671 
102 46 7 46 584 
66 25 25 28 1201 
27 6 42 11 518 
94 87 25 83 215 
15 75 60 70 1056 
97 80 26 62 89 
4 21 12 9 883 
9 57 57 15 879 
61 89 45 12 332 
80 81 99 39 916 
22 83 95 55 507 
28 88 39 60 643 
88 101 65 21 1179 
8 96 35 39 430 
39 32 12 12 718 
28 32 50 43 101 
18 83 89 87 1068 
23 28 59 67 562 
23 20 99 62 1047 
62 26 26 16 256 
86 48 62 4 468 
92 73 86 96 187 
98 40 99 52 442 
7 14 81 33 922 
82 39 69 93 168 
21 35 51 26 1205 
4 8 36 22 296 
73 23 87 49 1194 
52 44 65 52 614 
86 23 50 26 980 
50 47 95 41 495 
49 80 71 90 236 
59 24 61 98 159 
91 6 79 28 802 
86 29 34 36 310 
40 76 19 43 369 
100 87 27 46 612 
59 16 97 82 940 
94 54 99 30 499 
30 85 69 40 745 
82 46 24 61 1171 
24 16 61 15 28 
75 63 30 60 256 
74 99 17 48 684 
77 11 99 51 898 
34 32 6 95 1184 
57 9 82 82 618 
56 65 68 50 345 
46 57 84 79 43 
33 26 40 9 847 
34 70 23 84 1046 
73 48 75 88 776 
94 11 67 19 574 
69 84 50 10 812 
10 33 69 20 152 
22 29 22 47 523 
10 94 99 26 795 
90 87 100 97 971 
10 92 82 87 445 
36 92 67 33 447 
