8 2
300
9 97 48 54 29 21 4 85 318 
77 64 2 18 35 38 98 64 4 
48 55 98 47 27 14 33 66 248 
11 13 10 3 61 37 2 70 192 
83 78 8 75 6 66 12 27 336 
48 60 16 60 22 86 53 94 294 
46 64 72 36 23 65 61 95 294 
72 76 6 67 18 67 91 17 348 
97 75 51 34 37 102 31 87 25 
48 53 94 26 52 69 65 58 29 
78 49 58 45 16 13 94 42 210 
81 84 44 51 71 7 101 59 80 
25 14 29 73 7 38 59 15 174 
82 48 26 39 3 62 60 15 279 
32 54 60 40 42 96 51 52 15 
66 99 84 89 27 95 50 43 179 
81 8 44 22 87 3 71 14 383 
29 44 82 84 93 58 39 71 21 
63 87 74 35 24 57 35 95 67 
63 95 24 33 91 63 18 81 32 
28 12 69 59 71 31 3 24 36 
25 84 8 28 53 58 90 89 230 
74 48 86 89 89 94 87 10 77 
74 98 55 22 67 14 51 12 242 
40 6 17 45 34 3 48 12 48 
12 37 44 68 45 5 7 47 136 
26 42 25 76 74 63 12 31 106 
58 5 19 96 79 42 99 52 338 
43 30 16 85 42 79 83 77 300 
78 8 55 52 17 23 80 27 288 
38 66 34 56 35 6 77 93 30 
96 18 60 4 72 95 22 66 69 
21 43 101 48 96 99 90 36 94 
75 8 90 98 18 54 72 63 352 
53 89 97 12 10 52 72 88 242 
17 76 38 62 32 54 6 61 346 
73 92 72 37 68 101 83 4 348 
21 100 2 8 34 11 9 71 314 
23 12 34 52 78 9 40 75 245 
88 15 77 38 94 59 69 101 289 
18 18 23 98 30 8 66 53 361 
61 11 44 29 55 63 77 85 203 
54 24 16 65 100 95 41 97 365 
12 85 8 45 41 35 40 93 218 
58 28 83 28 87 27 21 81 262 
20 61 62 16 63 12 9 17 314 
59 55 20 30 59 35 19 56 277 
85 18 71 11 91 64 10 21 233 
70 28 38 91 46 21 31 23 149 
31 98 24 98 38 27 58 83 155 
37 30 71 50 12 33 59 38 258 
97 11 72 100 8 44 55 41 363 
43 70 11 101 101 37 99 89 236 
48 89 81 47 54 10 26 75 373 
90 22 18 7 34 10 58 36 51 
68 33 93 82 45 99 38 18 58 
30 39 31 36 53 24 76 13 203 
86 52 59 64 76 35 53 67 80 
75 38 38 4 45 67 25 33 230 
69 68 45 84 11 38 96 98 149 
64 56 71 96 33 23 60 74 343 
57 6 59 60 31 80 80 65 327 
80 29 96 66 13 22 68 9 186 
8 3 44 23 71 80 99 90 46 
52 81 7 17 45 72 83 71 113 
101 11 39 67 7 47 58 17 282 
44 100 45 51 30 26 77 54 291 
45 36 37 81 63 43 70 30 346 
77 65 85 25 86 44 94 69 400 
11 43 99 98 67 55 11 56 368 
70 3 52 82 42 93 101 40 143 
94 22 49 98 99 79 63 83 213 
87 21 16 3 59 63 28 69 47 
77 48 71 84 72 9 52 2 113 
36 97 26 94 26 48 9 102 192 
53 14 46 22 37 86 3 26 144 
78 68 46 91 56 75 82 27 374 
68 13 53 42 48 99 51 28 350 
30 95 97 71 96 59 16 77 223 
69 57 13 87 82 48 74 77 139 
86 47 43 53 14 101 56 44 364 
98 12 69 48 73 11 100 75 126 
42 9 74 89 77 81 20 15 286 
83 82 33 7 70 73 66 67 332 
47 79 83 98 17 54 70 20 266 
90 23 86 4 89 9 17 34 276 
63 99 72 64 35 101 31 75 251 
60 93 44 98 85 7 30 56 391 
51 46 95 22 21 59 16 32 376 
88 81 95 25 92 38 6 4 279 
13 84 46 84 68 43 93 11 110 
25 94 40 81 76 36 14 68 361 
77 43 80 15 51 5 9 46 386 
70 37 4 8 94 83 39 19 292 
54 69 80 54 31 11 32 93 157 
56 9 7 61 14 26 49 31 251 
92 100 35 44 77 25 49 24 304 
27 18 2 59 44 59 64 62 403 
13 25 14 71 85 60 66 55 150 
91 11 25 80 61 65 21 49 77 
40 12 94 57 7 9 37 8 306 
40 99 67 50 99 54 27 39 24 
52 22 18 77 79 24 88 59 55 
53 49 59 39 40 97 41 26 205 
9 58 20 6 36 79 85 28 228 
74 44 15 74 54 24 60 72 110 
5 65 35 72 70 50 96 86 239 
20 3 62 72 11 75 4 21 330 
89 47 88 40 94 53 69 17 65 
2 81 97 37 81 70 70 38 251 
19 39 90 72 12 52 21 67 105 
98 3 34 42 72 36 44 73 102 
42 66 72 84 5 55 34 96 21 
66 85 24 94 4 75 13 87 333 
95 19 37 38 22 29 28 72 57 
85 63 12 63 95 10 45 30 292 
93 38 36 36 40 19 48 57 338 
5 7 102 61 31 87 54 51 223 
92 7 47 45 58 35 42 51 137 
97 5 91 16 50 76 4 22 201 
50 61 80 20 92 67 46 24 270 
16 26 34 27 11 47 56 56 96 
29 49 81 4 96 91 85 52 215 
96 91 58 28 59 10 38 7 367 
78 73 17 82 101 36 69 28 104 
3 73 96 46 63 97 53 77 298 
72 48 66 92 37 42 14 53 138 
12 90 69 26 91 6 57 80 336 
10 49 50 48 37 70 66 84 326 
61 51 30 63 77 84 37 68 240 
28 88 39 77 69 51 2 59 157 
60 79 84 91 91 85 14 44 118 
27 26 13 98 28 55 62 56 8 
7 50 15 87 91 24 48 31 373 
48 35 81 102 48 80 32 8 22 
100 71 62 47 51 35 55 12 174 
50 31 63 86 17 16 49 97 36 
27 75 91 62 46 62 94 69 38 
51 27 80 35 68 22 50 64 346 
44 63 101 82 34 80 82 100 408 
33 64 21 68 55 53 72 7 137 
18 40 28 2 55 85 26 6 350 
66 17 65 43 38 54 31 8 140 
11 47 42 12 82 47 62 63 22 
92 86 74 29 65 64 89 33 103 
61 43 9 19 59 31 95 18 341 
39 92 27 68 39 49 19 62 244 
95 8 59 82 42 94 80 35 82 
16 38 54 3 56 7 29 72 262 
29 95 90 14 20 66 64 25 291 
81 26 49 27 13 5 4 96 107 
70 81 3 18 41 26 11 81 324 
34 37 38 23 41 69 85 92 277 
73 83 90 95 20 19 23 100 37 
74 91 28 51 101 62 81 62 371 
65 13 56 66 5 41 87 32 359 
37 61 88 83 44 22 37 33 53 
40 77 63 87 97 43 17 39 369 
56 85 38 78 44 81 78 23 323 
16 9 81 51 10 90 31 88 163 
25 94 49 8 16 70 49 43 348 
32 80 18 15 51 68 50 33 194 
54 60 19 9 7 23 43 23 99 
36 91 68 75 58 11 3 94 184 
46 50 71 70 31 3 96 48 176 
65 3 60 15 3 79 43 79 114 
25 18 89 28 66 95 47 16 213 
21 59 24 10 14 59 23 7 341 
80 86 31 19 15 61 80 81 82 
68 23 91 92 34 81 83 80 311 
60 20 86 77 25 18 51 77 363 
23 57 91 2 94 98 95 64 377 
100 8 5 30 49 88 76 80 378 
65 31 27 45 28 36 83 66 355 
102 5 63 16 70 41 72 60 97 
33 68 31 95 98 72 89 85 296 
76 32 73 100 4 47 25 87 186 
66 80 31 57 21 30 11 96 243 
33 87 40 66 60 92 64 45 52 
66 72 35 57 58 46 63 10 140 
19 4 4 19 93 85 95 8 324 
97 77 49 3 86 4 12 58 400 
36 12 73 83 37 60 34 61 62 
14 11 24 87 96 13 96 94 374 
60 16 96 57 72 54 12 70 277 
67 64 88 33 47 2 48 29 400 
65 38 69 45 87 33 70 83 395 
59 12 83 38 9 94 13 54 170 
6 81 41 21 72 70 92 69 395 
31 83 66 24 41 69 15 34 231 
27 17 31 65 89 91 57 55 237 
88 31 58 96 22 94 61 44 196 
61 45 68 101 55 20 36 41 2 
34 37 73 16 25 77 38 88 156 
14 43 94 52 66 19 12 6 156 
43 37 63 74 65 99 22 57 361 
93 28 64 14 30 50 91 25 74 
89 74 8 82 60 37 56 49 4 
58 10 81 50 91 51 82 95 21 
41 62 75 75 97 71 89 47 242 
78 2 15 46 64 43 101 25 131 
34 63 79 28 20 18 99 66 191 
11 44 39 15 34 37 45 52 256 
47 16 80 39 95 15 77 80 192 
90 14 48 40 51 68 19 50 132 
30 15 44 59 79 33 24 80 13 
24 65 70 80 2 14 81 56 38 
56 97 70 66 53 41 71 11 210 
102 73 95 73 98 86 5 18 154 
22 90 39 49 17 18 12 55 65 
80 12 14 37 61 97 60 65 215 
66 66 63 5 90 70 82 24 28 
12 53 69 86 77 87 76 60 271 
74 9 82 54 56 100 26 93 405 
41 67 14 100 15 35 34 41 211 
78 19 102 71 69 95 11 2 11 
51 96 37 30 63 3 31 88 230 
74 14 12 66 81 100 70 43 234 
97 13 40 36 54 37 35 100 169 
68 4 42 90 44 55 98 77 393 
66 13 7 13 72 30 79 62 111 
43 14 40 4 3 28 38 17 364 
66 17 44 102 96 64 62 65 340 
18 87 72 59 70 6 3 6 123 
54 86 44 12 59 94 11 94 351 
5 66 3 16 54 30 66 33 246 
56 66 19 44 53 9 46 62 308 
59 86 46 36 3 99 98 85 128 
49 56 59 52 93 4 78 59 403 
84 4 35 44 95 39 46 49 165 
15 12 35 37 68 99 19 54 36 
44 71 65 7 20 71 99 19 315 
5 6 75 16 68 95 10 65 238 
45 17 93 9 92 56 59 85 298 
100 14 90 62 35 41 96 36 361 
38 79 86 66 48 78 62 43 179 
69 101 46 42 29 5 41 76 153 
20 37 81 11 50 37 98 101 21 
91 44 73 36 23 33 7 74 348 
76 81 71 17 49 51 12 92 344 
31 60 88 87 23 61 4 78 406 
12 29 31 51 70 49 73 73 403 
75 35 80 15 37 56 20 67 390 
70 4 90 32 101 60 53 69 169 
21 6 23 14 34 47 34 97 186 
58 27 13 24 46 78 52 39 231 
8 18 25 33 69 58 65 36 302 
14 82 30 73 101 3 8 54 274 
80 63 4 35 83 41 11 64 165 
87 48 60 13 82 64 4 46 211 
20 90 39 67 51 99 73 22 65 
19 87 28 12 19 94 11 75 313 
57 75 37 86 24 7 18 81 362 
18 3 2 68 71 56 51 90 263 
32 15 14 6 65 63 26 94 316 
16 76 31 68 4 9 87 49 292 
19 36 68 33 51 72 11 57 80 
17 53 17 74 63 31 30 81 244 
67 52 12 76 62 33 30 4 19 
62 52 101 95 83 24 85 35 219 
101 101 66 43 97 10 44 11 166 
64 44 15 102 40 25 49 22 395 
63 45 77 37 5 48 68 51 23 
22 24 72 96 91 30 78 31 327 
97 26 57 5 34 53 92 68 246 
93 62 14 78 48 63 27 23 366 
81 66 98 20 77 49 4 24 354 
72 70 55 87 26 11 45 54 394 
44 61 13 26 47 39 88 77 362 
96 46 78 11 70 70 41 99 268 
86 80 50 10 2 12 66 22 400 
9 8 38 5 36 96 66 85 257 
81 57 21 61 33 2 60 11 319 
12 63 102 87 49 29 45 61 305 
50 35 61 3 62 27 41 81 284 
55 92 12 85 47 87 7 62 173 
49 27 48 50 52 93 34 56 242 
100 25 61 11 62 77 21 18 205 
6 80 97 96 22 55 33 7 78 
70 30 18 17 81 88 87 98 139 
31 3 85 69 71 8 67 42 230 
12 46 32 36 66 31 37 3 337 
49 54 6 96 19 47 75 66 107 
45 85 45 75 26 66 44 93 64 
69 39 11 91 31 82 98 23 252 
91 36 66 89 82 80 6 40 181 
31 37 86 40 97 7 82 24 233 
15 40 22 68 95 75 16 70 264 
76 60 25 26 99 98 85 86 123 
64 58 6 67 71 87 22 14 228 
33 31 44 6 11 9 25 85 339 
44 25 43 93 76 14 16 32 329 
23 7 40 90 57 13 77 20 270 
55 50 71 37 48 82 19 84 162 
25 72 51 18 3 16 15 44 251 
91 72 85 94 53 41 7 101 33 
20 46 76 33 30 93 43 72 147 
16 9 78 63 76 93 74 93 247 
34 7 5 26 76 15 52 89 196 
85 63 99 32 32 50 75 101 158 
