4 6
300
73 44 49 62 601 
20 99 2 100 148 
20 82 91 21 595 
43 24 51 20 330 
34 27 90 95 1162 
56 94 2 17 972 
65 15 29 5 1140 
99 11 87 99 730 
66 24 21 42 1080 
21 59 34 34 234 
69 62 55 96 37 
48 56 56 67 1166 
28 98 88 20 597 
7 54 88 28 631 
34 39 54 61 765 
12 8 50 6 928 
99 63 70 98 154 
5 61 35 102 574 
45 57 21 4 411 
70 38 2 93 1018 
69 73 8 83 1066 
32 10 97 33 1142 
42 8 52 92 1203 
67 30 92 8 561 
48 21 88 81 111 
79 19 52 27 1156 
75 8 59 23 111 
28 57 89 11 1007 
97 66 4 9 82 
38 7 32 6 834 
42 49 96 47 456 
50 87 29 74 123 
15 60 72 39 250 
36 51 30 83 885 
12 43 83 26 625 
84 19 81 74 889 
74 90 48 59 669 
28 14 14 86 748 
43 30 17 101 851 
39 97 67 88 885 
89 79 51 33 709 
101 68 72 96 681 
33 8 56 101 463 
27 14 15 84 1151 
24 39 46 22 383 
84 28 84 56 177 
89 54 95 2 1044 
98 41 17 101 685 
62 44 20 31 368 
37 76 18 63 543 
27 84 85 94 611 
52 34 31 2 929 
75 86 18 82 843 
81 15 56 16 516 
89 99 15 29 412 
83 22 18 92 1173 
10 12 23 12 1093 
7 71 3 52 433 
65 11 17 25 1018 
79 28 40 62 621 
25 22 4 21 707 
30 71 58 61 845 
32 18 41 6 835 
65 65 8 93 788 
12 14 6 81 963 
79 84 92 45 699 
57 84 58 41 896 
90 10 4 54 748 
38 15 44 83 62 
49 72 12 57 251 
15 22 49 97 496 
13 18 25 42 987 
48 81 15 4 170 
50 62 2 33 986 
56 63 55 32 354 
99 72 24 76 390 
9 74 37 25 534 
37 37 63 101 767 
73 87 63 74 183 
58 2 42 70 696 
89 72 81 77 807 
54 68 19 69 528 
42 96 51 11 899 
76 46 92 60 958 
15 102 4 71 116 
71 2 84 17 887 
99 32 57 19 552 
40 95 62 59 1119 
71 20 96 58 277 
79 38 54 100 496 
14 12 84 91 537 
89 70 12 67 1183 
54 87 4 96 562 
12 41 34 66 439 
83 86 35 69 113 
97 7 48 48 393 
35 50 85 76 740 
89 51 68 75 709 
72 85 97 63 487 
86 17 102 12 160 
40 6 91 65 722 
30 80 17 82 598 
84 24 66 35 777 
6 4 30 36 724 
63 76 61 8 809 
101 92 74 29 304 
82 7 38 35 1148 
31 61 22 17 402 
11 36 87 26 932 
50 21 63 99 439 
85 89 68 53 640 
67 47 85 99 736 
40 8 90 57 848 
78 88 33 42 420 
47 83 15 3 615 
29 90 36 32 223 
82 30 77 93 515 
94 41 88 83 358 
86 78 26 57 1161 
5 49 32 57 1220 
64 90 24 65 1115 
4 77 67 3 314 
78 13 55 81 977 
11 33 98 15 944 
39 2 52 12 614 
70 59 59 8 578 
82 60 81 32 683 
95 9 14 2 496 
19 76 87 57 647 
75 25 47 78 1045 
74 52 18 80 766 
64 40 13 15 281 
46 19 61 55 557 
20 34 25 25 1067 
5 21 98 75 731 
65 17 97 60 940 
47 14 84 23 918 
32 44 3 70 1144 
57 98 101 80 1178 
2 17 34 12 428 
44 2 24 90 1012 
55 57 45 21 1217 
49 45 56 38 954 
34 38 40 80 194 
78 33 58 31 396 
9 22 20 79 730 
50 85 87 25 431 
47 92 95 40 268 
77 101 84 70 566 
14 44 65 102 788 
66 79 55 96 724 
13 47 95 58 925 
35 38 68 61 632 
66 61 33 3 409 
44 44 102 59 499 
79 50 89 85 252 
67 59 21 15 1164 
73 32 92 66 298 
102 99 39 65 1081 
41 34 25 19 1009 
55 13 64 68 275 
24 80 98 56 1005 
64 59 12 38 130 
79 20 56 66 992 
35 70 69 79 411 
47 7 39 70 26 
46 27 73 3 824 
56 97 54 92 890 
95 36 39 84 758 
44 89 4 54 143 
23 81 61 38 600 
87 46 87 35 947 
20 43 30 54 462 
39 88 11 70 696 
84 67 66 93 1077 
102 34 87 17 1114 
60 5 87 59 991 
68 68 37 54 1009 
11 11 22 15 675 
54 8 87 46 302 
58 80 35 97 363 
58 17 70 50 604 
55 61 72 44 241 
16 58 73 73 878 
74 53 59 88 583 
75 48 53 38 437 
96 48 43 92 429 
81 72 91 29 310 
53 100 90 5 357 
52 41 80 95 499 
98 36 16 74 649 
7 23 49 50 697 
12 66 34 14 677 
9 20 82 9 491 
46 69 46 47 254 
76 65 56 59 1193 
36 70 59 97 480 
62 34 71 39 368 
60 25 43 72 187 
89 67 78 49 272 
34 61 73 55 1178 
32 92 71 54 966 
44 69 92 52 285 
44 9 39 75 1168 
77 51 45 79 1002 
24 27 76 32 412 
11 89 9 37 802 
77 99 6 101 114 
72 65 19 60 1081 
93 34 93 49 892 
82 31 5 54 577 
85 18 96 73 914 
7 18 41 20 861 
56 62 57 87 593 
47 4 39 66 317 
14 34 86 91 1107 
91 36 28 60 652 
82 86 57 90 1014 
61 5 35 27 54 
55 26 101 90 417 
34 79 8 101 337 
80 94 42 28 429 
52 34 7 83 1046 
73 92 83 67 1109 
72 7 70 4 1098 
45 72 15 61 888 
90 36 98 57 722 
14 30 30 32 921 
90 47 31 55 401 
29 99 54 41 409 
65 45 36 100 783 
29 11 6 11 1038 
10 81 82 56 579 
18 38 53 24 899 
45 64 53 92 33 
27 78 17 71 769 
47 20 76 28 113 
46 2 101 93 397 
5 26 20 47 822 
11 67 77 8 199 
93 49 32 68 1103 
3 94 46 97 475 
53 97 37 48 485 
92 7 56 47 36 
18 39 62 92 866 
22 46 8 25 1142 
63 3 11 55 877 
101 91 10 38 100 
54 58 6 54 1001 
10 91 74 8 944 
6 12 33 5 1221 
56 89 42 97 865 
59 89 23 4 956 
52 87 83 77 501 
3 99 20 39 622 
62 36 10 10 767 
33 74 102 48 1093 
52 72 8 56 216 
14 51 15 67 624 
67 37 4 76 394 
25 10 99 67 928 
9 94 96 54 488 
22 81 34 34 491 
87 89 77 14 343 
81 81 30 59 352 
54 86 55 88 1046 
27 34 36 78 490 
25 77 37 72 1009 
60 78 56 16 1188 
36 19 82 27 805 
80 62 91 48 646 
46 82 42 38 287 
25 41 10 69 185 
91 47 58 95 210 
12 54 8 32 857 
5 27 16 62 1164 
37 6 30 22 91 
67 44 90 25 1179 
45 37 100 49 733 
21 70 90 101 106 
91 63 90 10 679 
28 56 61 78 608 
21 68 82 43 1077 
21 14 91 61 613 
48 59 34 98 903 
77 56 61 72 629 
37 39 17 54 76 
76 18 22 66 999 
13 85 14 76 949 
80 58 59 61 505 
9 81 30 51 765 
34 31 94 36 982 
74 97 91 27 176 
83 52 30 37 174 
5 94 26 80 482 
65 47 61 21 1175 
22 99 3 31 542 
58 11 68 91 902 
47 26 87 86 123 
18 96 89 62 1177 
