4 4
300
57 83 97 75 642 
4 83 23 80 815 
43 78 99 50 97 
5 18 37 91 762 
67 85 50 13 13 
26 20 61 65 376 
9 38 10 91 214 
66 49 56 61 399 
54 40 27 4 776 
81 49 26 48 500 
88 83 72 38 363 
73 35 86 74 447 
86 24 60 34 762 
7 69 10 24 390 
58 64 78 42 339 
30 60 48 18 186 
79 96 15 4 493 
27 68 74 46 446 
33 64 84 7 529 
32 82 95 11 736 
13 41 4 100 40 
26 8 32 97 139 
15 89 71 51 637 
92 10 58 73 558 
41 97 66 69 137 
96 82 73 77 94 
50 67 40 28 93 
39 94 17 99 299 
21 38 80 29 339 
46 96 35 29 608 
24 26 24 42 419 
18 77 37 84 89 
46 37 57 85 563 
50 51 45 40 333 
101 95 61 37 401 
5 19 38 28 591 
2 49 47 3 733 
26 45 99 76 773 
64 59 36 89 756 
86 83 96 60 759 
97 53 96 88 619 
30 67 89 93 391 
101 41 11 11 89 
99 92 56 96 366 
8 54 70 45 643 
44 62 74 44 528 
25 25 80 35 630 
51 55 61 27 502 
62 57 8 29 781 
25 50 26 78 783 
96 28 3 16 712 
45 85 53 9 281 
71 94 47 29 206 
78 63 78 34 503 
46 34 31 34 696 
52 47 44 50 456 
95 37 99 48 575 
98 25 66 48 276 
68 4 53 93 755 
69 12 82 4 164 
64 75 94 16 426 
65 99 70 30 301 
100 43 5 53 337 
36 98 101 58 236 
55 99 32 100 776 
44 82 40 42 148 
42 68 42 30 766 
22 45 84 96 66 
101 56 38 11 293 
28 101 2 52 480 
74 13 25 75 544 
67 45 96 21 86 
84 61 31 12 787 
34 3 77 59 173 
93 15 7 50 244 
101 63 23 65 567 
45 82 91 83 378 
31 44 69 63 234 
79 51 65 86 209 
42 27 27 15 32 
27 26 45 31 553 
60 9 77 45 551 
7 25 33 52 550 
4 72 50 66 551 
92 35 16 31 362 
44 52 23 25 730 
76 37 10 61 362 
21 39 62 15 718 
24 69 26 96 196 
56 19 15 19 190 
72 80 63 47 115 
94 12 16 86 209 
10 88 55 56 765 
72 17 74 7 393 
67 12 36 78 369 
25 11 22 7 737 
27 39 6 102 158 
98 76 65 47 427 
11 25 78 90 652 
39 17 73 2 443 
41 47 10 71 473 
63 45 87 2 745 
86 92 11 96 7 
73 84 55 36 798 
98 54 29 55 316 
44 35 49 98 71 
10 40 21 53 419 
82 31 38 44 478 
54 91 65 56 561 
21 17 84 89 70 
57 64 38 5 477 
89 19 57 32 134 
29 99 90 94 680 
48 73 60 45 169 
45 48 13 78 370 
9 92 76 87 158 
29 53 61 90 437 
48 3 19 95 526 
65 76 7 28 256 
58 2 73 72 189 
51 59 41 69 536 
11 53 62 59 421 
99 46 72 13 730 
78 39 2 40 304 
46 56 67 81 474 
71 43 87 47 731 
8 21 5 64 574 
72 14 95 24 365 
97 43 62 43 549 
21 6 97 38 453 
20 2 34 35 642 
97 94 63 11 789 
70 67 18 70 368 
80 42 11 43 163 
66 47 80 96 340 
5 96 26 13 319 
67 48 51 91 583 
8 88 72 85 613 
79 53 86 28 623 
32 27 94 98 727 
81 97 56 19 749 
76 24 41 94 615 
3 70 51 72 258 
24 18 28 98 316 
94 72 28 68 346 
14 63 54 19 96 
80 4 29 24 492 
72 94 35 100 799 
86 50 80 10 603 
11 4 16 96 442 
16 101 98 60 794 
11 72 90 76 650 
15 72 23 82 795 
101 43 29 12 502 
32 86 31 100 444 
46 94 20 94 273 
12 48 60 65 798 
81 8 72 27 421 
3 6 60 20 694 
16 28 100 12 610 
70 77 7 35 197 
32 72 99 5 436 
19 54 99 43 567 
68 14 60 84 153 
95 73 4 60 498 
28 27 13 15 328 
20 96 10 19 533 
37 44 27 42 554 
10 11 68 74 285 
51 9 19 51 153 
4 70 18 94 668 
99 75 49 74 798 
7 62 86 65 291 
25 46 81 78 280 
27 89 20 17 84 
86 7 33 25 101 
21 10 64 97 309 
51 80 18 37 561 
65 97 55 44 517 
51 27 5 38 98 
7 30 44 16 766 
17 52 3 84 801 
93 44 25 62 645 
99 100 91 28 703 
47 30 46 9 584 
32 36 79 53 501 
61 4 96 14 64 
93 68 50 3 184 
101 79 36 39 630 
23 74 95 65 544 
53 38 79 52 546 
78 86 37 45 526 
84 75 52 22 324 
91 50 14 54 720 
32 52 90 5 708 
70 96 9 32 417 
59 42 16 87 85 
25 27 46 47 257 
9 34 7 39 333 
28 29 16 100 719 
75 62 43 77 298 
3 50 76 65 807 
84 79 7 94 58 
43 62 67 12 140 
66 5 69 23 662 
101 47 53 65 497 
43 82 12 44 636 
99 101 41 50 74 
77 54 83 48 402 
32 29 15 32 811 
68 64 6 83 201 
72 95 22 96 310 
58 98 13 4 473 
4 69 65 16 82 
44 23 19 3 347 
14 24 23 74 414 
73 34 24 65 772 
81 78 31 19 67 
6 81 48 13 428 
80 43 81 90 385 
65 66 101 22 469 
48 47 5 40 106 
50 74 51 45 542 
27 77 50 10 641 
28 40 47 8 53 
65 77 8 51 525 
73 45 35 27 712 
9 35 4 8 400 
37 76 93 7 489 
33 32 5 46 227 
5 96 73 11 174 
27 21 95 16 769 
73 40 56 76 344 
7 41 26 58 484 
94 75 43 61 359 
54 49 43 48 612 
35 75 64 23 497 
79 74 26 6 505 
90 42 90 14 640 
98 22 19 65 448 
94 9 49 87 291 
32 54 14 68 563 
80 80 49 41 503 
100 78 35 15 530 
35 17 22 96 579 
55 87 32 83 389 
34 32 80 93 677 
28 28 79 88 250 
27 62 60 37 681 
12 95 51 52 655 
22 89 6 100 178 
79 88 55 16 677 
47 24 34 20 299 
50 102 57 58 290 
74 100 49 85 325 
75 59 88 13 496 
62 38 81 2 222 
47 28 83 72 53 
42 75 65 5 694 
5 30 42 100 290 
13 39 95 17 66 
24 43 23 60 395 
21 3 44 55 189 
12 45 33 93 747 
24 21 88 52 778 
102 37 46 100 302 
47 19 89 77 409 
25 44 66 94 43 
7 7 25 24 710 
41 32 12 82 615 
62 99 51 9 114 
94 54 46 22 68 
89 98 25 23 26 
4 15 69 5 4 
69 80 41 88 710 
18 98 66 65 457 
71 27 66 24 628 
51 71 83 63 478 
73 101 47 86 148 
10 84 3 21 694 
28 65 9 82 66 
84 60 65 22 797 
97 89 83 66 316 
64 34 3 46 445 
35 35 8 47 239 
71 36 57 70 645 
36 97 48 80 244 
8 20 86 17 779 
93 8 63 66 518 
86 19 83 48 456 
78 83 59 66 423 
96 59 64 53 319 
50 5 97 43 519 
2 44 5 36 264 
46 50 88 51 521 
29 74 44 83 371 
53 54 11 14 29 
55 40 83 28 296 
51 58 36 78 388 
89 13 22 2 516 
