6 6
300
95 74 7 48 87 25 1182 
50 83 23 10 11 87 239 
62 26 10 90 53 9 19 
60 79 20 2 83 28 738 
65 17 77 28 55 87 710 
55 41 68 72 81 43 221 
17 71 93 44 70 93 110 
19 36 71 28 34 102 440 
97 89 48 6 99 38 1039 
68 48 84 58 102 63 87 
87 44 20 74 68 86 520 
10 29 60 15 36 53 567 
82 8 102 23 87 24 704 
55 22 68 84 6 35 606 
25 12 88 70 32 4 395 
94 54 56 67 18 95 1064 
62 90 93 65 87 41 1045 
42 84 38 16 41 51 393 
24 54 92 64 52 95 1050 
19 74 47 6 51 16 1082 
56 48 57 71 31 73 1131 
34 77 21 21 96 66 1009 
30 52 56 93 54 2 853 
102 66 6 68 2 3 532 
18 48 61 38 27 99 1054 
38 82 47 13 81 42 1114 
79 74 45 58 31 5 1086 
24 93 15 99 16 21 666 
84 54 6 30 71 51 192 
30 61 86 72 69 98 1130 
72 11 82 76 62 81 278 
94 63 12 74 100 57 1147 
57 48 41 13 80 34 657 
31 43 84 11 93 77 598 
15 61 88 64 9 98 644 
84 35 25 55 42 34 1107 
93 96 59 74 96 24 900 
15 47 61 91 67 41 503 
70 100 66 72 5 76 970 
4 25 12 93 60 43 890 
15 17 59 40 2 65 465 
49 28 40 98 56 77 1214 
16 29 75 44 60 14 176 
38 61 86 39 60 13 1084 
73 49 83 38 83 3 11 
32 4 53 66 78 5 263 
74 28 76 52 101 82 1085 
98 39 50 3 32 60 945 
58 76 3 44 54 51 927 
81 59 62 75 77 100 1026 
27 24 80 84 10 95 778 
35 12 89 61 33 102 914 
12 35 38 53 44 26 905 
30 51 24 26 56 48 1142 
72 16 79 26 84 7 875 
16 72 20 23 67 16 283 
66 16 85 23 51 3 838 
26 26 24 34 77 12 1183 
75 58 60 56 49 72 776 
98 13 37 52 97 5 1174 
64 19 32 79 12 53 789 
37 42 5 7 46 27 559 
92 57 94 9 97 77 505 
17 62 69 20 45 62 836 
6 49 73 56 100 74 755 
9 94 57 67 61 34 471 
18 58 52 5 47 20 73 
58 46 45 2 30 57 587 
59 65 61 68 93 98 381 
94 34 52 49 54 86 1017 
64 39 44 38 45 5 1205 
6 19 17 100 44 64 588 
6 30 56 72 20 16 609 
31 98 101 70 38 9 296 
26 102 58 95 36 25 1143 
9 3 66 88 54 51 646 
48 46 70 51 36 85 1080 
5 98 79 37 72 35 407 
42 45 70 8 97 76 985 
19 61 7 10 42 57 1189 
29 92 86 68 66 99 1020 
55 33 20 4 26 38 254 
6 81 60 66 91 62 814 
61 98 81 58 77 74 353 
87 65 43 96 30 93 937 
8 95 71 8 39 52 1071 
14 52 6 73 41 62 170 
82 49 46 52 96 33 835 
96 6 12 91 27 57 836 
70 79 10 98 47 46 1193 
88 91 60 55 12 81 572 
48 77 87 38 14 17 63 
17 99 46 36 62 10 147 
91 61 18 14 97 21 542 
75 98 77 96 18 18 1144 
60 89 99 86 54 24 590 
31 26 55 14 42 65 643 
82 66 64 86 38 88 1189 
32 43 43 17 62 4 899 
81 12 44 99 101 14 706 
12 48 52 11 89 66 733 
37 66 102 58 58 94 1131 
33 16 12 82 33 98 342 
47 59 71 94 21 77 609 
17 12 17 43 54 97 856 
20 13 77 51 24 39 1165 
80 43 61 6 13 83 588 
98 35 19 70 17 32 799 
92 83 19 70 91 12 249 
55 86 17 6 99 25 167 
4 36 33 11 61 35 824 
17 11 90 10 96 4 232 
80 100 75 39 67 7 345 
32 60 83 35 29 77 306 
59 46 102 16 60 36 1145 
100 88 61 58 99 100 913 
74 31 61 97 10 3 923 
88 44 70 34 20 87 884 
78 52 78 34 60 44 717 
67 90 97 37 69 27 970 
14 16 82 70 9 56 715 
32 24 39 21 75 51 864 
5 34 84 43 51 23 278 
39 84 26 41 57 18 85 
42 67 62 43 78 98 909 
30 89 66 13 34 16 569 
30 41 15 86 95 90 765 
59 15 97 20 6 59 922 
34 58 31 53 39 54 1091 
59 79 80 99 55 98 915 
46 20 32 19 10 78 112 
45 13 57 64 30 46 1026 
54 68 25 74 42 101 1177 
34 37 62 96 64 59 865 
64 37 89 42 94 90 151 
96 67 3 98 82 68 1084 
46 76 91 11 9 7 61 
13 57 27 16 99 81 160 
85 72 25 47 21 40 988 
78 70 25 38 59 74 708 
3 24 78 61 35 10 1066 
63 73 87 57 54 68 629 
82 64 28 96 11 101 139 
97 80 53 63 30 10 835 
8 68 75 53 36 49 129 
35 51 57 67 73 28 269 
101 40 92 69 75 31 1176 
8 99 44 49 74 49 70 
46 27 100 7 102 21 682 
7 14 7 20 21 43 577 
15 73 32 40 75 91 1176 
42 63 97 57 80 74 1217 
71 33 5 63 2 7 1095 
26 59 62 73 9 68 1154 
28 88 51 56 91 51 1144 
28 15 11 101 59 12 44 
66 5 52 23 49 58 439 
83 3 59 20 38 60 1085 
17 72 69 68 25 4 178 
77 48 4 92 25 8 532 
20 96 65 45 97 88 737 
56 12 52 62 12 60 548 
86 94 37 55 93 7 138 
45 44 34 36 10 91 1085 
59 50 34 26 52 94 772 
9 96 77 43 74 31 747 
62 19 8 15 45 72 1117 
56 68 39 34 3 34 925 
54 32 11 90 99 73 1178 
64 20 39 62 68 84 941 
99 62 14 22 78 52 1015 
26 28 23 66 21 99 40 
84 96 94 51 62 89 676 
66 68 55 76 59 67 1197 
101 72 56 79 90 16 697 
8 27 14 27 84 95 340 
6 91 25 80 76 95 980 
26 47 13 8 96 24 406 
97 61 47 21 87 87 310 
59 69 89 33 85 48 934 
71 82 26 80 97 29 739 
79 32 99 85 74 20 923 
27 45 73 96 95 26 137 
69 68 8 99 10 4 580 
23 38 48 93 49 6 674 
67 89 30 102 96 75 216 
31 51 38 16 69 52 392 
26 18 40 92 24 67 28 
15 20 83 89 27 15 684 
96 52 94 27 16 22 734 
58 45 96 101 53 96 463 
20 72 85 42 55 17 1189 
22 11 3 26 41 55 629 
71 49 14 71 62 64 436 
100 46 91 55 31 74 832 
75 45 94 73 74 66 1171 
50 101 49 74 100 61 897 
43 93 2 77 70 11 1073 
98 84 32 93 34 4 239 
28 96 89 25 45 31 582 
67 11 55 69 90 58 252 
50 67 99 64 5 64 699 
55 91 80 64 66 82 936 
64 64 82 42 64 78 276 
7 62 51 56 32 28 930 
83 49 11 81 55 69 592 
18 35 31 31 42 64 888 
7 11 63 82 51 73 48 
49 75 29 28 81 100 531 
7 49 10 75 39 83 879 
44 72 85 13 15 30 556 
31 53 13 24 16 52 3 
54 90 77 83 57 74 417 
76 83 55 75 71 7 138 
88 23 58 5 83 3 772 
41 80 71 38 45 60 227 
23 18 6 68 50 45 656 
61 35 95 84 11 40 826 
90 32 39 46 25 36 533 
32 57 21 34 51 39 155 
12 8 47 14 16 18 649 
67 51 10 23 64 60 327 
90 65 24 75 65 98 625 
50 34 94 22 26 77 1115 
63 87 35 101 8 43 603 
30 50 72 97 24 16 282 
83 31 25 63 79 19 523 
94 99 62 88 44 64 754 
76 55 94 92 43 64 52 
66 77 24 58 19 79 734 
17 54 80 42 83 30 824 
5 71 60 50 60 50 842 
90 75 14 67 81 90 664 
97 79 7 84 55 21 214 
56 2 8 62 41 85 950 
47 84 48 62 36 96 870 
85 36 44 85 15 37 927 
4 12 93 39 92 8 239 
77 74 61 31 11 52 594 
71 54 90 21 68 93 527 
93 68 6 48 95 85 149 
45 65 101 41 86 44 641 
92 17 25 52 79 60 862 
12 89 34 26 46 25 177 
84 56 66 50 46 35 140 
46 89 93 99 25 9 391 
11 62 91 28 10 98 965 
39 67 71 91 35 75 984 
81 74 23 51 63 100 745 
11 37 93 41 11 43 570 
30 33 55 56 53 41 21 
30 44 101 38 28 38 547 
91 97 61 13 62 33 792 
17 72 50 64 12 73 1218 
27 100 88 101 57 34 119 
36 18 36 84 36 81 632 
32 25 15 36 64 18 244 
42 34 30 51 12 84 165 
63 7 94 43 70 4 39 
46 14 39 73 5 37 684 
81 27 31 28 54 15 1037 
49 37 30 50 57 82 1034 
68 60 52 47 53 98 883 
12 44 43 68 79 51 1051 
12 78 65 61 83 66 746 
9 101 25 60 71 31 175 
72 66 95 15 24 21 954 
56 88 28 55 41 86 842 
85 90 62 77 67 101 454 
62 67 91 75 18 26 723 
62 30 89 84 70 60 494 
80 50 56 56 32 10 691 
91 39 8 45 82 94 300 
13 65 85 6 32 79 132 
101 7 41 9 97 21 1154 
61 41 73 73 28 30 67 
42 8 23 37 93 83 863 
30 85 33 37 33 37 597 
67 6 80 40 83 32 956 
45 16 50 37 91 64 374 
99 37 74 57 66 21 870 
59 64 72 41 99 42 870 
24 11 74 66 86 48 1149 
37 95 35 47 101 29 1182 
94 75 102 4 20 42 384 
49 61 83 70 18 80 96 
45 10 101 86 91 9 263 
8 78 73 7 19 39 760 
44 40 12 67 94 76 800 
90 72 39 80 2 42 917 
51 93 98 71 70 88 1134 
87 36 63 11 22 77 1054 
99 30 99 4 6 71 60 
23 73 5 26 5 44 665 
40 64 8 91 69 48 691 
87 77 38 51 52 71 705 
6 51 57 74 101 81 1113 
44 42 78 99 73 72 350 
22 96 47 67 46 40 573 
74 57 22 55 31 32 151 
