8 2
300
29 13 22 90 94 81 87 87 326 
78 40 34 15 60 101 19 88 239 
97 77 15 16 52 83 5 83 363 
71 26 72 56 37 62 74 76 239 
86 101 29 4 41 38 101 100 177 
42 37 32 26 72 101 92 23 112 
20 15 62 41 87 13 92 18 247 
11 24 4 74 42 86 43 35 355 
33 95 39 79 17 54 40 65 189 
61 48 56 73 66 17 35 56 247 
100 47 16 18 14 25 78 91 310 
43 70 96 48 85 39 14 61 113 
92 43 100 10 2 24 67 33 287 
8 40 60 90 40 88 26 44 359 
75 17 84 16 4 28 78 100 387 
54 15 64 19 61 8 89 45 58 
64 92 47 95 52 82 55 71 210 
20 55 32 11 24 43 51 42 178 
48 78 41 74 34 5 29 16 76 
10 91 81 54 2 98 74 64 214 
45 82 67 3 63 34 76 60 183 
67 45 93 23 70 21 65 44 271 
77 92 60 44 68 38 64 47 329 
74 68 54 36 38 63 91 8 245 
80 46 17 9 100 75 60 64 290 
30 88 23 62 92 61 31 100 293 
96 3 16 31 41 19 54 4 377 
94 33 9 32 35 64 61 86 399 
53 69 94 87 86 6 68 37 239 
62 14 78 96 7 41 91 97 24 
48 52 7 100 57 98 83 68 127 
66 99 56 61 3 7 63 80 125 
82 11 19 12 65 7 60 94 370 
18 101 28 70 43 39 59 16 142 
95 55 14 98 6 20 76 3 154 
7 3 13 73 35 28 11 11 353 
91 38 89 102 42 65 7 67 275 
6 98 58 18 4 89 73 70 106 
20 86 7 101 38 64 69 55 372 
82 47 68 2 61 34 53 70 316 
50 95 14 51 93 41 53 71 21 
83 91 100 26 2 67 3 92 106 
84 92 2 27 35 89 74 27 84 
4 6 39 26 67 36 12 25 307 
15 71 94 68 50 69 59 88 265 
95 58 47 3 101 71 9 71 319 
79 25 62 27 78 68 20 51 267 
69 60 25 66 16 79 92 90 87 
35 17 44 36 70 48 24 81 282 
77 3 7 70 19 98 58 35 4 
17 90 95 29 50 101 3 92 118 
43 31 45 70 13 14 50 76 221 
38 45 57 16 5 99 99 45 199 
62 101 43 30 10 83 78 77 406 
30 9 70 45 34 80 20 83 207 
28 10 92 95 22 45 44 22 365 
48 3 87 98 31 7 52 43 370 
90 15 23 64 94 38 14 22 275 
88 95 13 79 98 24 49 73 146 
61 70 81 99 88 89 93 33 305 
16 34 79 65 95 93 90 32 277 
31 66 18 56 83 2 78 57 112 
80 71 7 66 51 61 71 94 300 
14 93 29 36 73 63 63 100 359 
92 25 2 22 91 68 56 20 30 
21 7 89 80 23 33 62 15 252 
72 53 85 20 96 3 20 78 161 
43 97 95 57 94 85 14 88 132 
29 60 82 41 12 33 54 52 352 
89 35 72 98 76 60 101 93 193 
7 74 32 101 4 15 29 15 94 
16 66 15 6 68 36 101 36 224 
84 33 43 54 69 46 17 34 175 
71 46 23 37 58 3 38 9 61 
5 29 59 68 14 99 11 40 352 
75 85 69 38 100 42 5 20 246 
8 55 7 88 86 72 73 60 282 
4 81 10 14 70 61 22 98 28 
100 17 21 46 45 31 60 44 201 
78 35 49 83 34 40 43 31 222 
12 19 45 89 98 56 30 9 242 
80 63 17 10 18 3 36 7 11 
43 65 12 78 30 44 23 97 103 
24 22 49 72 74 41 7 12 325 
66 13 22 67 18 38 72 82 333 
36 69 19 47 50 29 38 2 273 
46 36 90 2 67 2 31 8 354 
14 10 91 78 6 8 24 72 383 
84 77 49 76 7 51 63 89 116 
10 79 75 22 36 74 74 62 309 
93 65 48 21 38 12 52 60 294 
95 61 65 13 25 80 35 55 103 
22 72 31 42 42 81 74 23 118 
16 95 76 19 6 46 33 32 29 
50 65 41 39 26 50 79 70 116 
67 99 56 97 89 83 49 54 367 
49 54 26 69 49 17 83 38 267 
100 77 57 22 82 95 73 87 369 
88 85 48 83 65 73 52 9 100 
77 21 8 95 73 54 56 86 322 
85 82 18 26 58 91 84 81 379 
75 47 19 63 26 3 92 63 284 
46 67 91 54 19 42 93 8 70 
61 7 7 5 68 98 16 90 22 
77 64 29 60 101 86 80 79 254 
9 17 97 6 5 12 84 12 79 
92 33 65 78 35 52 74 25 301 
90 72 81 23 48 38 98 18 401 
45 88 68 7 76 42 80 86 374 
24 57 4 97 23 58 79 26 234 
44 101 32 79 88 78 12 92 29 
85 89 70 61 10 89 13 41 100 
55 87 59 26 100 51 60 52 278 
74 95 51 25 46 24 81 57 70 
71 68 102 92 96 85 35 97 396 
25 65 49 17 86 83 34 26 160 
2 20 3 83 21 38 10 41 397 
59 62 45 48 82 55 73 45 301 
26 65 93 76 92 5 54 37 353 
23 59 11 70 93 22 85 81 152 
18 90 49 66 84 57 88 78 146 
56 79 86 96 46 43 10 10 248 
50 29 30 100 31 86 52 89 333 
90 91 70 25 65 3 18 57 224 
29 62 84 38 90 17 69 100 237 
5 29 15 70 62 85 61 38 215 
11 20 61 65 16 96 76 100 353 
69 33 16 85 80 91 88 83 196 
81 13 41 15 32 33 28 49 245 
70 22 31 87 67 30 50 9 150 
97 65 48 89 64 92 30 2 275 
46 22 52 26 84 81 38 82 100 
15 98 90 30 39 69 37 8 320 
60 84 68 88 37 72 55 93 74 
4 93 51 52 87 32 66 84 111 
12 46 40 52 52 86 6 37 47 
51 69 28 81 55 58 13 72 77 
3 60 87 81 73 93 63 36 362 
77 66 13 60 66 57 42 26 253 
43 10 34 84 84 3 61 6 99 
94 25 41 95 40 17 14 65 101 
44 33 75 49 91 18 98 31 288 
2 93 5 73 40 30 97 72 257 
88 21 77 86 22 69 69 72 47 
52 84 28 98 48 3 32 100 381 
91 96 21 19 88 56 32 61 55 
23 22 87 12 100 70 54 28 179 
51 60 13 8 82 21 7 48 193 
47 6 47 3 43 42 37 8 310 
46 72 35 24 56 63 56 48 203 
28 42 86 59 46 22 60 83 165 
84 85 17 2 14 42 8 87 227 
70 22 81 47 77 94 94 10 229 
12 29 6 53 54 36 71 80 28 
65 90 61 27 45 62 102 55 95 
63 45 60 95 17 71 7 88 107 
72 84 66 94 67 38 66 50 221 
38 34 33 83 33 36 36 45 397 
98 45 79 22 47 25 71 33 265 
100 19 14 37 48 68 10 101 393 
44 74 25 25 63 97 7 66 88 
94 82 15 26 62 74 74 11 176 
51 52 39 43 24 36 73 68 129 
44 3 88 66 75 33 40 94 292 
77 75 84 83 16 83 4 79 210 
54 77 59 42 65 39 26 60 201 
61 3 51 91 54 97 66 65 255 
37 30 9 83 88 70 3 99 148 
62 70 38 58 42 48 85 21 371 
76 4 41 51 43 17 85 81 370 
24 88 23 89 19 53 21 69 201 
47 73 91 91 41 68 3 65 368 
15 5 63 6 8 34 6 92 250 
26 88 89 94 101 9 80 80 47 
17 75 53 87 40 75 99 40 200 
4 88 65 75 51 80 27 72 311 
31 21 82 91 86 29 92 97 329 
64 55 74 84 13 63 57 88 368 
41 30 67 90 9 70 86 4 19 
100 53 39 12 69 31 33 50 244 
33 29 91 26 97 44 94 37 347 
79 23 77 4 20 65 89 88 172 
13 43 13 14 7 84 25 94 182 
45 54 88 45 52 65 3 26 242 
3 16 34 25 98 74 85 9 332 
32 98 34 76 24 83 89 22 31 
50 21 24 10 3 6 100 51 339 
100 36 72 14 3 97 6 89 293 
12 91 47 41 31 100 3 95 389 
14 71 32 8 57 33 58 55 20 
39 95 15 31 26 48 91 87 295 
13 20 98 40 72 38 11 80 129 
64 11 92 25 9 10 11 88 330 
55 95 81 42 58 50 92 69 383 
61 83 66 101 52 46 28 92 308 
102 76 100 96 99 80 101 96 180 
16 16 88 7 22 40 68 38 376 
95 74 64 50 50 6 44 52 395 
69 65 61 49 99 20 35 11 51 
85 62 97 4 42 64 6 78 217 
10 56 63 28 35 16 54 35 75 
15 54 29 96 54 49 83 34 126 
87 69 19 70 74 13 28 85 312 
99 93 33 2 46 73 53 36 392 
38 43 32 47 97 66 102 21 235 
87 90 10 50 23 10 34 21 38 
38 42 83 52 101 52 40 57 172 
89 15 9 57 45 20 53 47 371 
2 42 75 54 70 55 55 43 388 
71 51 73 25 71 27 64 17 385 
17 88 44 82 9 42 24 15 27 
52 32 47 92 99 78 19 33 325 
38 86 73 30 99 60 57 71 27 
73 65 47 84 95 31 26 38 241 
51 22 34 35 32 57 49 5 46 
52 81 54 97 8 39 47 28 127 
25 88 92 85 28 40 36 53 205 
63 70 39 18 68 63 19 70 47 
49 5 56 18 84 95 50 7 367 
56 79 59 9 39 68 100 3 205 
71 68 96 96 101 81 7 88 147 
76 36 15 93 79 41 28 100 96 
79 9 7 98 38 23 50 81 305 
95 56 32 73 20 67 13 50 10 
19 55 6 77 12 98 59 76 289 
79 65 101 20 83 41 45 23 383 
47 75 32 76 48 22 6 14 130 
7 5 18 51 82 31 39 12 185 
21 4 98 11 41 64 52 74 68 
78 77 75 93 30 99 73 67 307 
74 45 9 87 73 100 67 54 292 
57 30 85 72 84 73 96 27 79 
99 39 36 70 25 77 5 31 154 
60 16 77 20 80 17 56 66 273 
40 36 33 100 46 89 93 98 178 
35 8 95 4 99 5 80 76 119 
43 6 22 34 83 44 63 8 156 
98 38 53 70 17 19 6 57 369 
90 101 94 49 79 30 33 72 94 
46 58 19 74 42 6 88 15 246 
49 8 55 91 40 40 51 96 242 
95 68 93 78 100 44 15 93 304 
38 97 29 94 3 13 22 19 205 
23 27 98 49 83 4 59 59 201 
40 101 64 56 99 85 70 40 19 
34 70 61 77 61 51 31 52 77 
35 56 8 44 71 23 90 30 284 
65 48 87 90 21 42 95 77 374 
15 84 99 46 26 64 9 89 202 
93 49 68 49 19 33 86 26 14 
45 98 32 43 68 71 16 8 376 
21 46 51 20 84 86 60 19 279 
23 91 33 45 37 84 73 99 333 
6 18 31 56 7 97 39 52 324 
64 74 18 30 32 20 72 90 179 
2 75 67 84 91 3 65 65 145 
74 102 63 50 72 71 90 12 367 
65 68 41 56 83 34 7 98 183 
54 95 61 14 75 49 40 73 99 
19 24 29 30 93 44 62 67 204 
20 16 4 48 43 22 30 9 91 
7 49 94 35 79 95 58 12 284 
78 62 29 16 12 101 48 73 360 
65 37 77 99 96 18 84 89 336 
44 8 54 41 86 68 27 35 101 
34 86 47 35 75 82 74 85 22 
25 6 6 6 3 72 34 67 297 
49 10 54 77 53 92 13 16 20 
19 39 78 63 91 79 76 15 357 
45 32 64 96 27 13 13 61 339 
81 40 7 85 9 21 95 80 107 
74 59 35 56 24 61 78 57 188 
31 64 17 29 32 89 84 90 144 
13 55 85 43 66 94 9 34 307 
101 36 33 59 70 13 53 4 232 
57 91 10 5 20 71 67 84 398 
70 54 11 20 3 20 86 84 104 
45 33 95 43 49 92 86 79 88 
17 74 95 6 78 30 33 29 405 
29 10 37 16 78 83 96 41 330 
68 84 36 14 74 88 88 10 290 
66 16 44 20 21 44 50 52 43 
6 67 77 83 89 75 21 59 303 
92 31 57 13 49 10 11 19 388 
90 5 2 9 20 70 59 69 56 
59 12 91 95 68 28 73 92 303 
7 88 97 62 95 17 14 98 321 
18 55 69 36 10 4 48 63 192 
12 99 49 9 26 22 62 64 195 
87 99 66 31 42 58 36 6 131 
3 29 12 87 98 24 92 43 58 
48 25 3 89 49 7 81 64 382 
29 101 64 76 2 33 70 28 404 
17 89 15 13 2 7 72 48 136 
38 27 3 27 19 84 9 16 161 
48 100 52 61 52 80 65 9 23 
72 28 29 82 20 71 25 77 224 
3 37 25 99 19 3 74 45 151 
95 4 84 81 70 88 93 24 115 
51 58 39 37 50 95 101 2 81 
