8 8
300
68 5 15 76 8 33 75 37 1184 
43 66 51 16 29 80 70 10 1255 
73 87 46 70 9 95 75 68 1270 
78 81 79 94 57 27 8 13 1624 
90 85 82 41 87 21 8 31 1523 
59 16 52 39 81 24 79 3 1371 
14 100 98 22 3 41 55 98 911 
97 51 12 25 10 18 80 82 397 
99 34 2 27 64 80 2 18 847 
30 41 102 58 17 55 43 96 208 
5 70 84 43 88 90 65 12 1305 
86 36 8 35 61 101 99 82 1141 
86 89 38 20 22 88 90 27 931 
58 41 36 59 84 17 6 77 196 
44 58 47 14 64 54 100 19 1327 
48 97 83 2 60 37 85 60 117 
78 87 50 98 55 63 33 9 1159 
48 29 55 94 31 86 89 57 402 
26 74 27 87 22 5 7 44 499 
78 58 83 101 75 26 10 30 1464 
65 48 4 87 83 57 83 54 1463 
31 56 67 99 15 5 12 61 1401 
84 94 67 47 93 14 32 57 839 
92 49 56 30 86 4 96 26 147 
24 42 93 72 6 71 16 78 1428 
67 82 45 80 90 16 40 27 588 
27 20 57 92 56 28 5 93 74 
38 2 72 66 4 91 96 90 312 
97 14 90 98 34 18 26 67 1224 
11 14 61 41 92 61 68 71 94 
56 34 88 67 69 15 66 80 1234 
19 3 79 55 86 2 98 45 225 
50 31 88 41 68 91 53 97 1290 
47 99 12 14 100 35 86 42 915 
35 32 47 76 34 56 42 9 1046 
100 58 30 61 46 49 47 19 661 
21 17 68 99 16 74 36 21 1319 
68 8 5 46 71 46 46 64 229 
71 76 99 34 101 61 27 55 639 
53 88 55 65 69 82 95 66 414 
92 39 17 75 42 15 75 76 27 
63 56 88 86 17 84 35 78 706 
46 89 18 9 74 63 35 85 530 
30 4 41 25 53 7 20 56 413 
101 98 36 86 61 27 60 66 1629 
55 69 74 74 32 93 39 51 1265 
12 85 67 56 41 59 83 48 1178 
65 40 4 83 68 63 58 36 1307 
11 62 30 93 51 9 63 82 275 
63 58 74 50 88 4 30 11 1155 
62 46 59 80 5 15 55 97 439 
100 74 3 13 17 98 13 30 1461 
51 21 36 60 95 61 42 22 1461 
2 17 54 2 56 59 92 98 1470 
25 33 59 17 40 57 82 65 138 
18 51 43 78 39 59 15 80 1459 
39 4 53 99 40 85 26 54 1302 
77 99 20 45 24 21 8 89 1587 
35 37 83 82 79 32 53 26 1156 
51 27 80 96 90 78 70 55 1537 
41 28 95 75 93 87 77 7 1079 
92 75 30 24 71 52 62 82 708 
10 59 27 23 48 16 14 77 453 
4 83 12 45 77 70 27 69 998 
6 62 46 98 7 74 66 63 825 
45 28 58 30 36 10 34 62 1567 
71 20 82 81 63 18 60 75 406 
58 49 100 61 100 4 91 58 330 
102 14 54 55 59 88 66 71 800 
74 76 48 4 13 17 74 57 793 
83 27 100 30 41 34 49 9 222 
54 86 31 55 41 80 90 35 792 
46 19 63 96 18 94 69 87 1606 
80 57 39 85 89 44 56 10 516 
24 73 75 23 8 52 74 13 1396 
22 21 38 70 16 80 68 31 628 
89 89 11 9 63 55 35 71 863 
79 71 99 88 101 33 49 68 998 
78 25 13 14 24 6 8 49 1086 
65 12 43 61 19 60 6 69 337 
24 17 12 22 89 39 99 97 688 
91 36 22 7 24 49 19 93 99 
29 77 67 7 2 17 89 73 955 
14 20 54 41 84 35 12 26 834 
53 58 38 76 17 29 64 20 210 
49 60 91 96 44 28 54 79 1492 
58 20 17 97 35 18 80 87 1265 
92 52 54 89 96 100 98 68 572 
72 55 62 40 44 84 4 42 212 
72 20 78 28 89 8 43 57 104 
38 58 25 22 98 32 51 75 1105 
63 62 66 93 99 78 93 84 395 
33 20 77 35 95 95 5 10 1088 
4 66 65 48 48 41 93 62 168 
14 53 59 32 91 72 17 43 1301 
51 81 23 101 37 6 83 12 608 
33 5 64 32 18 90 66 50 149 
6 17 16 26 102 39 68 81 515 
70 3 31 8 20 54 16 56 485 
47 5 30 61 67 38 4 63 930 
50 84 36 71 68 43 63 13 419 
67 27 81 87 35 58 75 16 142 
10 27 88 12 18 64 60 20 735 
83 47 53 81 24 41 82 20 1575 
99 101 37 90 47 9 29 50 479 
52 63 72 74 88 53 29 96 576 
73 40 68 74 13 50 98 82 1070 
77 88 5 42 7 17 62 78 247 
75 22 83 81 85 70 35 10 936 
77 11 61 102 54 30 6 11 1311 
32 27 90 89 94 66 44 54 1012 
28 13 58 57 14 12 38 56 1209 
56 95 57 100 42 5 93 23 1164 
8 77 37 77 38 98 36 32 839 
29 89 30 18 39 33 8 8 1586 
3 23 99 51 66 100 56 51 264 
27 34 87 87 98 73 95 37 1259 
29 53 77 62 22 85 61 11 1096 
48 40 57 26 95 35 8 92 1631 
77 60 13 39 23 88 82 11 1595 
69 43 92 59 25 4 56 81 897 
25 43 2 16 92 57 33 10 185 
63 3 41 53 82 9 74 21 1264 
69 93 32 90 82 13 87 94 1103 
79 91 17 55 73 16 81 85 792 
102 62 70 57 8 15 77 22 137 
60 17 64 86 87 6 27 89 1438 
27 37 63 91 31 100 90 56 301 
98 9 32 27 75 99 60 74 955 
12 13 87 19 15 62 5 28 1256 
8 95 6 13 31 85 28 56 794 
89 13 33 72 69 53 97 81 204 
80 35 44 67 28 15 48 17 1237 
5 9 24 3 88 5 23 84 1000 
16 87 80 49 102 21 50 73 993 
30 42 46 35 24 35 50 27 1520 
37 43 69 93 67 16 10 25 761 
29 89 27 30 51 87 92 83 1539 
36 33 36 26 19 57 55 20 1217 
34 72 87 90 55 63 12 88 676 
96 25 22 66 41 79 74 23 1373 
38 2 93 61 45 43 41 16 1540 
61 13 26 14 41 49 42 78 864 
63 41 36 66 20 64 46 98 950 
76 72 93 59 53 98 73 19 298 
85 75 29 46 51 41 68 53 1232 
20 83 86 75 26 66 26 13 1349 
52 73 84 31 17 49 85 67 712 
5 5 62 29 44 24 31 58 51 
28 19 91 97 100 69 89 28 247 
76 3 48 30 35 42 15 23 744 
38 56 60 82 63 86 97 65 781 
18 92 42 65 46 70 63 100 1524 
95 57 75 17 44 91 34 11 1037 
100 77 72 21 16 23 78 95 37 
47 49 59 7 2 37 21 73 585 
77 13 59 80 69 37 49 22 1076 
74 22 14 71 50 54 23 100 1436 
80 99 78 21 88 53 68 18 834 
39 90 57 40 98 73 55 58 1597 
8 21 10 37 74 96 57 6 1188 
92 78 101 7 86 4 49 43 1215 
62 59 27 8 15 53 86 12 529 
13 36 26 44 18 94 56 16 1280 
82 45 27 84 65 85 80 78 652 
54 34 5 54 94 57 98 95 1623 
75 2 9 59 53 64 63 46 1142 
51 50 62 9 53 72 26 69 1611 
52 79 95 44 29 39 14 34 1284 
31 61 44 71 47 25 94 83 229 
74 25 94 65 23 21 15 32 457 
82 47 83 35 30 27 58 49 268 
8 33 75 72 47 21 85 35 1392 
30 81 5 39 17 72 58 54 721 
9 89 58 76 32 100 11 33 1411 
100 98 32 20 15 101 8 88 820 
43 4 80 74 82 90 36 87 822 
27 46 32 12 79 78 82 51 983 
62 34 3 77 63 16 35 87 605 
57 12 68 6 32 31 22 17 821 
68 37 8 70 42 47 49 86 1432 
58 90 20 56 39 66 41 48 883 
51 67 43 66 41 97 53 81 1230 
86 23 15 3 92 64 28 16 229 
56 94 94 58 30 79 28 79 1583 
21 3 74 4 67 86 77 73 814 
11 5 98 13 18 63 71 65 1016 
76 57 100 58 30 25 52 87 881 
64 95 39 66 40 64 100 35 1275 
5 84 58 31 28 21 14 19 189 
20 45 78 33 89 67 17 54 354 
101 64 75 51 54 83 32 15 1269 
14 48 67 36 15 85 85 68 1326 
8 47 31 81 46 13 14 34 686 
80 32 8 75 50 88 43 101 1154 
7 56 32 77 101 15 43 102 1164 
48 86 32 95 51 23 86 11 112 
95 22 20 64 39 21 41 54 1349 
73 42 99 81 95 15 15 80 201 
53 33 48 18 39 47 42 68 786 
14 87 84 88 91 42 81 50 1288 
55 45 19 13 39 49 33 72 979 
76 69 94 19 82 73 10 35 1274 
63 79 85 75 24 74 73 29 1094 
3 88 53 60 2 47 37 62 561 
97 42 96 101 87 69 87 68 1609 
59 97 7 13 79 59 64 20 1158 
98 82 23 47 42 12 82 32 1374 
11 19 68 49 84 22 39 15 1516 
86 64 94 18 90 58 75 17 517 
64 92 11 96 98 84 76 41 1304 
15 52 102 87 21 57 85 77 800 
34 12 15 87 76 66 66 80 910 
81 82 94 67 75 27 80 20 641 
78 17 23 86 75 45 42 26 1037 
95 101 46 39 35 15 9 43 79 
20 78 19 47 32 20 29 97 963 
90 50 79 76 8 2 18 9 981 
30 50 39 72 47 52 2 73 1283 
14 44 49 81 60 34 23 62 690 
25 33 87 5 59 80 86 54 1238 
88 21 95 45 22 27 55 81 1511 
70 51 33 69 46 62 42 17 859 
14 11 92 48 56 49 60 96 1251 
77 28 93 61 87 95 76 16 851 
88 71 24 24 28 80 41 55 183 
13 58 89 27 65 45 27 74 698 
87 43 67 48 88 29 51 80 874 
4 11 65 40 95 32 10 56 753 
33 93 85 14 8 3 38 49 621 
92 52 65 50 35 15 53 91 1201 
89 42 85 97 75 50 27 40 719 
50 76 65 59 20 11 98 97 1335 
62 76 36 66 13 41 91 61 457 
93 55 77 52 89 6 58 22 232 
65 37 20 37 89 71 59 90 1190 
77 35 34 55 54 41 33 93 246 
41 25 31 46 9 16 22 36 1376 
71 100 89 61 2 99 97 35 974 
66 27 89 68 9 25 68 16 421 
98 39 3 39 21 98 91 19 1581 
87 21 31 6 16 55 87 90 1461 
88 18 35 37 60 21 81 69 1086 
30 76 19 8 80 95 90 27 1577 
85 34 82 93 72 85 2 12 238 
33 62 12 36 83 20 36 82 1588 
95 63 81 85 60 53 31 63 711 
82 81 43 38 18 92 58 3 929 
12 97 49 51 37 50 6 50 119 
58 96 95 100 75 100 98 97 1047 
20 2 76 30 64 11 42 22 507 
76 98 46 23 80 82 64 26 1391 
53 46 28 33 81 12 46 75 1088 
53 84 9 45 42 23 28 41 20 
85 84 35 40 12 17 19 32 854 
65 38 19 15 39 51 15 47 841 
40 89 24 65 86 91 44 91 622 
26 33 58 26 97 41 80 80 686 
54 14 36 14 15 50 60 83 611 
52 40 47 60 32 97 71 90 849 
81 22 99 46 98 23 78 95 1625 
99 41 43 79 37 61 9 62 539 
19 29 75 76 7 5 54 94 839 
95 69 3 63 57 9 89 101 949 
47 10 18 16 37 22 51 63 690 
99 75 5 89 53 71 64 54 997 
81 8 17 96 94 6 71 86 429 
101 37 86 35 92 38 2 64 849 
19 6 94 55 27 46 63 57 315 
50 8 18 34 101 5 48 11 1520 
45 53 18 14 46 53 96 52 427 
60 66 84 69 88 90 19 47 781 
71 28 83 73 35 40 87 23 1274 
12 69 38 83 89 84 45 59 194 
38 7 62 42 61 77 20 5 1487 
39 83 21 30 16 57 57 79 1351 
14 74 19 81 28 26 75 86 1354 
92 79 79 3 27 31 78 84 643 
90 31 69 8 55 32 48 50 646 
61 84 55 83 28 12 101 32 1382 
96 59 81 38 69 76 94 30 434 
16 38 59 92 53 34 17 69 782 
18 8 21 89 34 80 86 16 36 
32 11 52 69 4 96 47 84 400 
62 54 64 95 16 28 6 34 204 
85 71 33 23 68 61 64 85 400 
67 9 27 3 54 55 74 64 309 
78 49 36 65 47 71 10 57 244 
88 25 94 96 86 102 67 3 748 
73 11 45 93 7 20 72 81 1220 
101 61 2 11 22 54 9 29 1393 
80 22 25 63 15 13 46 78 987 
35 74 26 27 38 53 9 3 863 
78 87 44 18 95 68 97 11 1573 
17 79 5 42 89 58 17 89 1323 
24 12 99 34 49 31 60 39 124 
53 76 25 52 4 21 101 33 697 
46 64 29 59 69 6 16 32 1618 
60 95 87 70 13 50 72 87 1485 
58 45 40 14 60 58 61 46 565 
