2 6
300
56 22 567 
77 51 868 
3 50 945 
58 97 1007 
20 49 1060 
86 88 601 
79 30 962 
28 63 772 
58 51 193 
52 80 464 
14 21 237 
91 8 457 
79 4 930 
78 55 1116 
102 3 38 
62 84 126 
3 79 727 
32 68 1035 
48 29 718 
85 21 1220 
57 53 858 
41 47 929 
65 31 504 
51 9 1029 
75 4 921 
89 29 734 
62 98 827 
7 51 11 
81 83 652 
37 45 970 
81 96 1016 
78 22 19 
23 63 690 
29 99 643 
71 53 862 
77 59 788 
11 60 8 
101 25 273 
34 52 32 
71 63 778 
25 30 1058 
64 73 155 
3 99 1000 
76 68 809 
6 35 1220 
17 38 1193 
32 5 298 
91 27 1035 
81 82 868 
63 46 864 
101 54 1220 
95 6 838 
68 9 988 
60 76 740 
85 38 1128 
36 97 1105 
24 19 166 
7 41 706 
41 36 39 
4 85 1112 
44 42 645 
13 77 179 
68 13 350 
33 51 358 
19 75 355 
66 8 1099 
94 46 1039 
83 40 333 
59 96 158 
44 55 867 
67 66 296 
92 18 419 
10 74 742 
80 70 1030 
64 93 833 
86 90 815 
31 77 338 
15 12 478 
8 63 24 
27 56 993 
4 26 703 
60 68 1040 
7 29 690 
97 58 426 
31 17 933 
3 21 578 
61 75 71 
48 15 956 
45 54 670 
87 86 676 
34 84 217 
82 78 537 
29 6 312 
85 81 752 
12 36 238 
95 86 1159 
65 7 519 
57 68 993 
77 57 137 
81 16 171 
32 22 526 
3 65 904 
19 52 478 
34 76 182 
24 78 1146 
46 38 972 
61 52 832 
62 24 965 
15 80 196 
38 6 252 
35 49 1097 
14 55 728 
20 11 875 
47 78 423 
58 32 383 
30 35 1106 
90 33 238 
34 23 784 
48 72 1194 
66 90 1040 
60 83 559 
20 102 326 
27 12 285 
36 28 333 
10 15 915 
35 6 1126 
50 87 548 
28 51 895 
3 3 330 
28 68 1010 
64 56 254 
88 90 1165 
91 39 378 
7 5 279 
69 55 65 
94 26 91 
91 14 811 
8 18 40 
42 34 389 
74 19 1206 
102 101 546 
43 74 875 
8 23 317 
82 47 819 
63 45 1013 
24 60 1170 
70 11 948 
22 38 654 
18 58 466 
20 48 675 
65 18 246 
34 7 40 
80 29 992 
36 88 29 
84 12 830 
101 46 900 
22 20 908 
38 7 105 
23 82 773 
93 26 199 
35 91 920 
73 18 346 
49 31 467 
82 46 390 
17 36 286 
77 40 326 
88 19 148 
66 99 346 
83 29 147 
14 13 304 
42 89 28 
67 2 1184 
29 13 1147 
42 54 189 
37 43 910 
44 24 862 
87 48 518 
39 8 94 
6 71 1125 
49 92 1086 
18 37 222 
15 42 696 
32 52 417 
29 50 334 
35 48 789 
99 31 690 
56 41 73 
44 28 797 
84 5 998 
97 63 383 
7 82 260 
7 25 211 
99 24 17 
19 15 880 
38 61 1199 
17 6 731 
45 10 491 
38 95 625 
85 77 113 
55 33 443 
77 37 1088 
5 24 833 
8 30 277 
49 101 86 
57 38 321 
36 7 828 
69 69 1220 
24 53 653 
93 71 1063 
72 24 597 
10 46 1118 
67 44 948 
85 36 454 
32 11 931 
39 98 101 
35 83 697 
27 51 853 
43 88 777 
38 55 1026 
38 14 643 
83 38 71 
76 41 675 
18 92 1153 
51 53 874 
33 39 716 
26 87 680 
47 60 1085 
32 47 896 
81 69 715 
30 31 1086 
96 49 273 
87 51 896 
72 65 694 
55 20 1110 
65 78 1200 
100 13 598 
7 15 842 
30 93 656 
66 53 1111 
35 97 890 
99 90 751 
7 57 46 
51 48 1082 
87 55 262 
101 94 497 
100 69 843 
77 83 683 
12 25 195 
22 67 697 
71 23 1194 
84 40 842 
86 58 367 
31 59 263 
96 51 795 
62 22 730 
49 31 1205 
15 68 1027 
24 59 172 
19 89 794 
47 88 1096 
49 83 312 
93 5 190 
55 17 438 
13 71 126 
49 83 389 
93 51 40 
58 75 443 
60 58 671 
16 62 985 
57 69 848 
67 86 878 
34 50 840 
42 71 208 
46 97 178 
65 4 1192 
76 76 940 
84 28 464 
64 91 161 
55 90 306 
73 79 520 
37 100 588 
68 48 1036 
40 18 405 
65 53 977 
88 14 951 
24 98 654 
59 42 1053 
6 75 501 
33 5 1159 
61 80 727 
46 71 1130 
76 11 1189 
68 98 695 
15 37 722 
46 21 917 
60 77 946 
37 34 1134 
73 15 458 
58 33 310 
9 37 518 
