6 8
300
82 26 9 3 101 13 513 
59 68 100 56 94 74 331 
58 57 21 38 99 22 643 
88 8 6 41 21 21 701 
53 8 53 69 71 95 1242 
65 9 83 32 11 16 1150 
18 36 7 78 83 40 62 
55 62 72 6 4 38 1532 
20 5 64 82 94 90 115 
63 49 89 25 81 46 1523 
50 39 8 90 8 71 1154 
74 100 65 39 84 41 1598 
48 83 65 69 58 84 742 
6 21 52 20 28 65 903 
88 20 55 4 96 12 79 
24 65 18 98 70 25 740 
7 101 45 12 51 11 235 
68 27 58 25 64 50 715 
20 59 72 82 7 17 1402 
83 12 37 90 31 95 391 
20 49 73 91 61 2 1619 
22 9 10 78 57 43 338 
95 98 82 34 64 63 68 
9 48 18 64 10 61 399 
91 10 24 23 18 92 778 
80 87 36 5 50 47 1608 
52 64 6 53 76 67 1431 
16 57 58 68 34 22 190 
3 57 29 53 43 77 498 
101 88 58 41 53 75 240 
13 48 31 17 18 8 924 
86 14 13 35 96 39 1235 
55 67 56 86 73 38 1266 
32 9 54 9 72 70 840 
78 50 14 26 94 75 39 
11 30 54 18 16 57 274 
45 17 20 49 40 57 750 
23 4 57 82 39 39 1325 
41 79 10 49 39 7 138 
66 101 11 4 66 75 712 
40 5 70 58 83 63 1430 
94 36 62 34 15 7 893 
48 59 46 57 38 23 1151 
53 46 71 79 52 10 1276 
18 11 47 76 83 4 1360 
101 90 26 58 78 96 764 
46 49 17 26 102 56 296 
44 67 48 30 54 75 1422 
61 101 81 33 55 11 1237 
27 18 59 34 5 73 777 
71 23 102 62 30 26 116 
99 56 55 52 57 62 1209 
45 100 49 31 31 98 656 
91 46 27 26 86 73 304 
33 60 94 99 84 72 1189 
47 49 70 27 51 82 1010 
46 29 83 100 51 4 1330 
19 12 5 76 77 9 1311 
79 77 38 46 55 90 1069 
98 63 56 74 92 3 1613 
53 81 7 82 18 80 729 
19 46 28 37 71 39 230 
50 92 25 9 65 95 1112 
74 34 83 99 94 98 790 
68 29 28 62 2 85 1079 
33 100 96 61 31 38 967 
33 12 11 85 53 53 791 
73 33 67 29 11 33 1295 
49 26 86 26 84 98 838 
18 2 77 71 56 50 270 
94 31 50 36 59 11 665 
23 74 15 42 47 102 1551 
98 62 35 94 54 89 1372 
76 12 37 49 41 10 249 
12 36 17 99 6 34 1296 
4 19 95 54 24 41 421 
53 73 86 39 98 58 324 
42 44 79 5 63 34 287 
21 15 88 19 3 28 187 
41 100 45 43 70 18 1542 
45 42 42 32 50 60 374 
42 53 12 45 54 97 1150 
93 39 96 44 102 64 1359 
6 8 37 23 15 16 208 
74 43 98 30 43 27 1575 
4 40 75 15 76 97 1289 
64 78 76 51 32 43 774 
63 51 101 70 56 13 638 
36 7 11 37 46 12 1105 
12 17 17 13 72 76 1459 
102 24 31 28 69 6 685 
32 62 73 85 75 67 182 
93 99 62 89 16 59 1114 
34 65 80 32 87 13 852 
63 62 40 62 69 60 1000 
30 72 45 89 9 99 61 
47 40 54 73 47 59 307 
20 57 26 58 19 23 1102 
60 53 97 85 95 92 1123 
3 35 25 8 9 52 1042 
29 19 2 9 62 67 1425 
28 28 62 42 57 35 711 
7 16 6 52 39 96 1134 
20 49 6 16 9 37 726 
7 31 66 40 9 57 1479 
40 26 51 58 59 82 533 
27 38 45 40 58 27 1565 
21 21 58 73 58 96 146 
71 98 95 55 32 45 342 
100 97 4 50 81 55 1090 
92 57 96 82 16 39 1532 
14 63 78 53 12 50 1400 
12 10 69 53 63 84 1119 
30 58 5 29 39 14 442 
43 43 92 80 74 31 473 
66 64 92 45 59 17 945 
38 19 4 22 96 37 1430 
89 37 99 20 73 100 1021 
101 93 55 78 27 69 1160 
22 87 75 39 21 59 754 
48 79 10 5 69 13 1501 
41 3 9 45 79 41 869 
8 95 62 3 33 68 1056 
72 39 68 34 50 89 258 
34 31 85 77 80 44 669 
61 91 17 6 90 73 988 
92 49 36 50 29 20 234 
94 15 38 90 93 83 1239 
42 44 73 21 26 78 111 
74 26 70 101 100 14 770 
7 47 99 45 98 6 1311 
92 35 86 23 71 3 653 
18 49 89 90 62 67 311 
49 46 87 66 96 56 296 
25 68 52 32 8 69 1428 
70 41 47 97 79 98 804 
11 89 100 57 77 69 921 
79 83 13 40 49 30 944 
3 14 81 3 52 64 1104 
69 36 93 65 36 54 780 
10 44 95 85 71 72 610 
59 89 11 22 89 64 752 
87 41 94 60 41 32 1092 
29 68 95 29 35 84 696 
55 9 93 42 16 11 1119 
41 20 57 80 60 22 723 
26 72 84 65 3 24 1340 
97 101 7 97 25 83 1325 
78 101 58 38 90 97 66 
82 20 81 75 55 79 741 
23 39 83 82 11 25 44 
97 14 65 35 62 63 949 
10 88 47 94 30 89 1036 
21 101 43 72 28 42 725 
55 5 93 50 46 39 1211 
64 26 17 15 60 81 1318 
90 95 6 30 36 48 1179 
33 36 83 27 92 84 35 
40 41 12 85 84 60 696 
11 75 87 18 26 86 745 
64 32 80 72 11 85 507 
8 40 44 94 96 74 347 
70 12 24 56 57 74 397 
87 7 32 78 22 40 1286 
22 21 14 12 64 29 1136 
6 5 58 83 101 73 521 
3 70 94 90 88 23 666 
65 65 64 71 14 23 1252 
27 50 96 90 46 54 1406 
21 32 83 34 47 54 1042 
9 69 75 58 3 94 1369 
39 40 90 36 19 40 938 
58 52 44 52 7 95 1297 
56 64 95 57 21 48 1340 
40 13 57 43 72 79 906 
98 91 15 13 31 95 1432 
12 8 56 30 16 31 1032 
82 42 84 42 61 86 863 
7 82 3 84 49 4 1627 
29 35 96 49 63 4 986 
63 30 41 78 2 94 723 
58 41 29 7 19 21 939 
73 75 3 13 95 5 1483 
12 14 31 84 93 90 1352 
75 63 83 55 29 5 314 
13 45 66 61 95 11 794 
43 76 79 32 85 44 920 
61 95 38 71 101 72 836 
18 13 96 11 6 63 1357 
80 48 54 92 18 40 975 
32 39 54 102 96 44 1126 
40 53 55 10 48 29 226 
70 47 86 29 35 70 1557 
35 72 52 91 49 68 1021 
29 27 41 69 6 99 482 
58 85 71 7 29 84 1267 
61 43 3 60 37 71 175 
4 69 65 85 72 66 1590 
69 5 13 49 79 8 179 
28 15 44 44 32 86 188 
63 18 24 8 88 20 1201 
30 51 33 14 98 54 422 
60 78 86 35 34 34 1454 
83 60 60 53 78 69 539 
30 61 18 7 87 101 662 
54 43 79 87 48 26 638 
55 82 37 83 57 87 1112 
39 60 11 100 54 24 1312 
60 66 57 12 53 43 1631 
92 18 9 13 55 87 106 
38 9 51 88 10 52 449 
80 26 72 23 84 67 1490 
3 9 9 35 79 62 1525 
79 23 77 97 85 41 1030 
66 29 72 4 102 64 21 
53 62 14 46 74 55 1311 
42 87 91 71 78 11 1458 
11 102 80 78 27 15 963 
87 76 92 27 13 66 224 
98 2 21 84 5 92 820 
49 98 91 7 9 15 599 
38 88 28 10 32 76 910 
30 93 28 77 51 44 1068 
88 23 21 63 91 69 718 
87 72 89 75 21 41 1005 
6 91 73 20 102 24 807 
90 66 19 83 93 60 1120 
11 95 9 56 50 87 996 
77 72 45 21 48 95 837 
18 41 37 14 37 96 389 
4 57 59 51 22 18 1596 
59 4 83 100 11 77 1239 
79 82 20 73 56 3 478 
22 30 101 55 32 100 1176 
28 85 71 58 66 47 113 
40 52 7 30 71 65 292 
70 65 23 40 19 77 649 
60 18 43 82 96 97 1349 
29 59 97 92 20 28 512 
21 14 44 47 33 71 626 
32 15 45 88 39 13 844 
67 81 18 14 25 34 1098 
68 29 78 72 52 26 186 
95 12 40 53 39 89 795 
53 81 94 89 8 3 467 
5 101 97 58 85 33 1005 
80 82 80 97 95 66 866 
86 68 77 82 47 29 601 
5 7 37 102 27 5 244 
2 25 28 19 33 41 1029 
31 83 16 69 95 52 242 
32 62 58 46 24 98 1079 
14 20 9 63 76 94 1629 
96 62 58 60 30 49 1275 
58 54 80 64 27 92 911 
87 63 15 54 79 24 1193 
47 81 58 4 9 51 1437 
8 21 58 59 49 65 568 
24 59 11 67 5 39 1212 
10 79 84 99 8 12 448 
59 95 11 99 72 29 804 
82 3 58 23 100 92 818 
35 25 8 80 29 23 1033 
6 7 89 76 87 101 610 
4 76 7 4 40 63 808 
28 48 62 79 38 88 676 
59 55 47 7 48 26 1210 
57 78 21 81 91 66 866 
91 25 25 86 30 14 1283 
29 53 21 61 31 3 128 
79 48 3 92 37 24 764 
54 44 71 41 77 65 770 
100 89 25 51 99 98 603 
25 39 95 10 76 65 492 
4 28 48 19 26 68 1273 
32 20 90 56 44 8 606 
83 56 47 55 51 33 469 
66 98 12 35 6 73 872 
12 10 84 64 61 19 812 
18 25 24 53 99 71 1115 
71 37 97 56 92 102 693 
85 50 57 27 33 3 622 
32 38 86 21 98 27 332 
12 8 94 85 92 89 1060 
33 25 4 54 64 62 1551 
63 17 81 16 73 13 439 
62 29 39 30 17 14 1400 
89 40 34 3 47 50 972 
31 5 73 3 14 79 846 
26 55 75 71 43 45 1134 
23 8 8 27 16 95 805 
81 57 57 76 78 81 714 
88 73 53 20 14 37 525 
13 9 15 61 36 77 585 
76 66 61 76 71 18 1084 
34 28 79 33 57 12 809 
50 18 28 39 100 10 637 
84 24 53 31 9 39 157 
100 94 68 82 20 15 86 
93 98 2 9 65 79 873 
