6 6
300
50 22 58 66 59 16 666 
43 12 91 36 99 90 67 
42 25 39 18 82 73 276 
95 73 66 27 9 51 965 
17 65 17 89 93 75 338 
98 75 12 7 65 70 591 
31 34 56 57 65 85 1075 
11 85 46 72 85 80 676 
51 93 40 52 67 77 324 
49 76 48 8 18 80 545 
52 29 14 19 5 76 783 
41 12 72 46 68 93 78 
82 73 19 11 97 74 579 
83 74 56 100 94 24 1011 
60 10 52 49 7 45 717 
58 34 55 82 5 93 115 
83 71 8 101 86 22 818 
5 31 99 22 7 99 843 
57 59 21 13 54 83 1002 
5 22 99 63 50 50 290 
41 66 31 94 83 40 9 
5 50 101 10 4 18 670 
81 55 29 102 48 92 22 
76 36 71 53 12 29 955 
51 12 40 39 74 45 784 
67 70 30 26 61 70 630 
11 22 5 53 68 29 299 
69 72 63 4 60 24 791 
32 62 43 73 13 25 669 
41 62 73 31 75 93 169 
87 100 78 89 23 52 799 
15 68 3 46 2 56 1001 
42 80 37 16 23 101 422 
10 90 55 51 48 99 864 
62 34 23 95 38 13 999 
73 87 17 39 74 101 210 
96 42 29 12 71 75 1210 
85 38 17 53 93 81 952 
13 24 40 78 55 97 653 
37 81 53 66 45 2 839 
94 23 80 52 2 19 170 
49 29 40 79 26 74 949 
98 8 44 47 33 6 741 
65 79 63 20 7 66 724 
63 77 49 28 75 32 1104 
17 40 4 93 64 66 779 
98 102 101 32 25 78 478 
76 12 21 14 98 10 362 
46 19 33 97 56 57 1057 
53 94 53 53 43 89 986 
70 42 56 71 42 99 824 
79 64 91 84 90 22 1069 
67 30 16 78 24 63 873 
23 72 98 10 11 79 546 
10 50 80 83 90 60 67 
72 67 44 58 13 64 824 
57 45 15 68 36 101 1050 
66 38 77 21 29 11 577 
72 60 63 32 22 25 841 
16 12 2 102 64 84 1173 
66 74 22 13 101 6 816 
29 85 45 77 80 61 546 
14 5 64 64 51 60 1220 
8 83 28 94 41 101 502 
34 15 68 75 19 92 2 
66 57 10 30 7 83 523 
77 20 58 43 66 26 22 
9 40 40 15 26 98 700 
93 96 21 61 7 28 1163 
71 79 4 63 71 46 586 
50 56 36 46 80 59 381 
65 72 52 77 77 41 311 
77 30 62 95 96 45 896 
63 91 71 2 57 50 75 
44 55 82 97 82 56 718 
86 6 71 48 41 28 345 
25 71 86 33 88 72 1156 
50 44 70 77 4 77 1069 
68 67 46 25 11 27 264 
19 72 82 97 88 69 1116 
27 93 49 57 19 47 462 
21 87 71 71 80 14 1142 
13 15 22 80 81 73 226 
41 27 25 32 3 9 81 
102 5 38 3 5 5 288 
53 22 22 87 32 52 567 
81 77 56 34 15 30 74 
59 62 19 8 97 75 1052 
68 26 27 18 40 33 242 
84 35 70 77 10 72 731 
95 2 95 52 24 74 727 
53 71 100 90 81 3 524 
45 21 96 10 32 39 1052 
98 97 71 93 20 29 1194 
43 89 59 7 60 48 789 
62 26 59 76 3 29 181 
58 29 30 62 33 79 473 
16 75 69 80 34 76 1184 
7 26 60 5 48 64 120 
84 43 84 22 56 80 1025 
97 40 36 32 13 73 493 
69 43 33 90 52 61 331 
15 91 29 28 74 70 667 
102 100 73 57 67 7 900 
88 47 42 78 101 57 234 
38 35 50 24 4 59 465 
85 29 17 98 5 85 844 
54 57 96 84 13 31 1168 
41 65 77 48 68 69 995 
98 94 14 53 6 10 951 
58 82 6 72 13 19 212 
73 57 61 64 24 7 422 
92 47 96 90 28 26 1177 
72 75 77 38 92 59 1062 
38 6 47 101 77 93 1173 
77 92 14 101 15 80 838 
10 18 86 46 64 49 68 
48 19 65 81 86 84 1048 
8 31 36 23 62 32 435 
54 16 65 50 15 41 186 
58 85 91 15 47 30 769 
60 93 94 30 12 83 1094 
89 84 22 92 12 12 848 
63 80 80 55 50 35 685 
4 23 98 51 10 92 1110 
36 76 68 41 56 25 594 
39 43 96 52 51 48 796 
33 45 59 6 30 48 1159 
6 13 62 100 97 9 686 
73 98 81 3 93 101 641 
10 56 53 58 89 23 288 
39 86 4 101 89 93 862 
79 41 47 82 47 98 368 
65 8 44 61 18 94 817 
47 17 51 60 49 15 282 
91 8 50 43 27 73 829 
28 60 101 10 18 88 1145 
59 36 24 48 5 24 554 
50 12 99 73 30 59 1119 
71 56 43 42 80 49 1076 
35 99 41 22 27 64 453 
50 45 53 2 9 75 1083 
83 29 14 46 92 80 505 
98 53 72 99 17 78 699 
6 60 70 40 40 8 293 
38 85 29 80 62 10 1223 
69 48 73 24 85 5 1078 
28 31 97 90 72 49 452 
49 71 25 12 88 82 542 
87 84 65 71 70 67 553 
47 87 68 32 71 43 359 
7 101 77 33 75 71 954 
31 75 52 71 61 89 1096 
16 6 70 76 31 58 1010 
66 10 55 18 40 45 999 
46 31 60 2 8 10 515 
72 50 81 15 13 68 681 
11 15 2 11 80 58 377 
83 100 58 43 88 49 504 
93 24 17 37 28 98 1035 
47 94 70 55 81 50 541 
58 91 63 20 91 29 669 
97 55 9 63 90 53 777 
33 3 61 22 63 3 970 
28 66 80 87 72 73 788 
23 34 57 100 10 89 311 
11 97 25 98 22 88 1170 
71 10 76 40 47 23 175 
93 11 35 20 49 67 364 
28 85 35 21 58 92 904 
23 54 64 82 66 40 266 
8 38 26 43 17 86 700 
58 6 48 27 52 52 376 
25 24 82 63 24 98 1020 
14 92 79 66 98 24 587 
58 14 61 83 85 95 1039 
74 12 79 34 83 74 855 
81 88 97 8 42 45 1199 
32 84 20 45 44 40 1143 
48 49 79 20 64 11 1223 
94 90 46 69 60 48 623 
14 5 31 42 25 15 407 
6 84 60 58 81 52 317 
32 43 40 43 56 94 324 
64 102 16 22 65 72 1071 
101 53 41 85 99 49 219 
81 91 4 21 27 62 518 
67 21 65 85 61 76 760 
49 7 28 5 56 26 614 
5 18 23 62 46 48 62 
33 21 75 83 5 10 620 
54 38 23 31 33 86 1188 
82 53 38 6 98 27 640 
48 14 81 45 25 70 930 
75 84 61 83 17 39 424 
3 91 4 59 68 13 1160 
71 7 76 25 42 55 283 
67 86 58 50 22 55 1037 
8 96 40 82 42 77 965 
56 64 50 19 49 65 976 
64 36 49 32 16 59 942 
9 7 22 84 17 55 107 
99 5 36 96 87 52 1152 
97 66 79 28 39 18 181 
45 28 8 95 92 45 35 
52 11 20 8 97 10 1212 
90 19 100 28 24 72 701 
62 17 24 64 15 88 813 
72 73 6 79 43 64 791 
82 16 91 26 12 8 581 
95 18 90 91 44 97 88 
49 81 2 17 48 59 1019 
13 86 33 80 60 38 974 
41 16 31 56 48 36 110 
5 11 3 14 66 12 811 
101 36 75 73 93 61 292 
94 6 64 98 7 83 839 
32 60 49 54 72 70 670 
3 61 38 98 63 100 531 
72 101 5 83 50 19 150 
52 60 9 69 79 58 577 
12 69 60 43 55 42 898 
53 57 62 97 44 14 1195 
76 39 76 32 63 82 268 
7 61 16 59 66 58 978 
101 42 87 95 14 10 1117 
95 80 58 9 60 72 231 
46 44 89 8 7 16 927 
23 35 39 18 77 27 68 
9 46 86 91 86 95 634 
17 77 4 32 6 8 1002 
62 21 25 5 13 5 743 
19 30 54 61 44 6 961 
9 50 79 39 84 88 1045 
36 74 21 76 78 69 362 
69 87 78 3 10 96 749 
16 16 15 67 24 47 1106 
18 34 32 44 91 75 95 
30 27 95 24 23 99 321 
49 6 31 36 38 33 613 
45 78 60 36 12 19 1144 
35 66 74 62 43 97 216 
42 91 34 89 96 24 483 
61 84 82 89 99 37 823 
13 85 33 88 16 42 897 
58 74 10 81 58 16 1153 
63 24 64 81 3 11 82 
17 100 49 44 11 13 1027 
96 80 48 15 84 28 281 
83 43 76 29 57 46 1030 
19 26 10 40 10 47 1199 
63 20 10 98 28 63 1174 
88 86 46 6 32 91 765 
96 64 68 76 90 73 981 
83 90 54 49 66 24 1194 
76 41 6 4 68 88 403 
62 40 19 58 68 29 1169 
59 32 25 27 57 24 285 
64 44 66 22 76 20 980 
33 58 51 64 40 100 145 
47 42 5 66 5 32 420 
25 51 20 24 46 87 294 
60 31 24 11 3 76 149 
99 42 84 94 70 55 360 
84 70 96 29 31 86 143 
92 23 63 54 94 91 473 
95 48 99 31 35 58 892 
29 29 55 39 26 102 597 
101 23 74 37 79 7 501 
83 26 97 18 3 14 823 
10 63 60 11 87 75 46 
96 86 64 37 99 58 680 
42 43 92 7 86 65 1116 
102 91 18 17 86 100 147 
24 5 16 34 46 8 230 
69 97 31 40 28 47 70 
38 12 2 82 50 87 499 
85 7 13 19 52 78 106 
74 44 96 3 78 94 873 
84 51 5 55 53 39 904 
48 64 68 60 20 88 780 
80 18 37 38 14 73 483 
100 5 17 96 32 12 1156 
55 37 39 52 55 36 667 
64 100 30 100 51 69 455 
45 47 61 34 92 47 1149 
28 61 68 65 23 34 1025 
48 89 60 23 29 81 1135 
29 31 10 66 53 11 208 
20 9 40 66 6 4 674 
60 59 64 41 67 3 338 
78 73 89 35 4 73 193 
12 71 79 24 90 46 202 
18 53 70 41 38 79 92 
54 30 102 18 32 31 1077 
33 98 84 63 81 67 622 
60 23 33 51 41 3 102 
40 63 44 19 60 41 520 
7 97 2 32 25 22 297 
45 89 19 75 44 30 972 
