6 4
300
82 91 25 20 15 58 719 
17 20 71 93 91 72 307 
63 53 52 40 101 26 765 
16 86 2 17 98 6 778 
80 44 71 20 100 30 546 
74 96 54 6 87 72 566 
71 95 87 79 53 23 481 
67 25 47 57 76 40 540 
8 24 5 18 54 95 305 
77 102 76 93 44 73 726 
59 100 36 16 56 27 369 
93 17 40 48 85 38 107 
21 26 65 26 92 3 545 
74 51 90 35 79 34 765 
95 13 88 11 53 72 65 
27 13 43 22 16 23 118 
9 67 73 71 58 26 458 
78 13 69 54 72 24 697 
51 48 83 79 95 53 804 
6 54 39 34 69 7 771 
15 24 6 78 82 54 531 
86 19 66 23 10 40 138 
3 21 59 83 50 24 618 
67 62 45 23 72 18 26 
15 36 39 92 21 64 514 
90 65 78 92 72 22 533 
31 19 58 87 16 84 26 
36 82 53 21 85 21 396 
65 63 57 12 39 64 583 
85 28 33 90 78 56 105 
58 83 92 80 4 12 291 
44 89 38 58 36 2 645 
56 88 73 39 45 17 211 
3 23 82 35 60 96 379 
93 27 99 39 30 92 634 
100 63 43 83 10 15 168 
77 20 56 5 64 94 233 
42 62 54 35 41 89 446 
62 12 47 46 19 91 420 
63 42 21 8 12 3 459 
27 32 58 36 4 7 217 
5 29 33 98 4 20 414 
67 47 6 91 5 25 311 
53 99 39 94 26 71 114 
80 37 99 54 93 74 123 
32 98 101 40 84 30 470 
85 16 50 17 73 3 782 
97 17 19 8 80 20 610 
35 21 45 80 38 15 200 
94 36 46 12 48 38 288 
51 7 53 24 97 82 552 
85 91 79 54 70 20 681 
23 82 48 15 56 42 791 
79 58 62 48 18 35 748 
82 6 7 28 67 63 377 
11 68 87 85 40 9 414 
32 68 27 70 97 43 580 
56 100 100 93 97 40 589 
51 93 78 81 49 78 23 
88 74 29 5 59 39 92 
16 63 32 18 35 48 385 
92 36 80 23 94 23 214 
8 9 36 72 24 76 495 
76 11 6 92 33 50 361 
96 101 67 39 6 62 329 
39 70 77 64 94 27 478 
59 100 60 57 57 78 653 
67 95 36 37 65 52 323 
54 27 28 4 100 5 789 
38 15 86 91 63 88 563 
41 61 9 32 51 4 143 
13 48 37 78 74 66 232 
8 33 4 42 11 3 691 
45 51 63 96 24 64 177 
86 76 68 96 93 13 217 
35 28 7 16 50 24 334 
81 93 28 28 41 70 242 
84 84 50 53 87 86 787 
12 48 38 29 42 98 220 
74 71 84 83 55 4 595 
7 99 28 63 81 46 515 
60 37 70 85 95 94 19 
95 20 45 7 29 32 189 
82 71 90 10 28 16 67 
24 46 47 88 69 59 635 
86 25 92 9 42 35 427 
13 71 45 49 6 27 642 
53 41 78 29 74 52 202 
31 40 55 54 32 57 296 
93 24 100 29 37 26 74 
98 54 101 88 99 73 560 
102 47 63 25 91 31 582 
7 71 61 97 9 55 452 
87 40 56 13 80 18 166 
48 47 22 70 2 72 450 
89 79 42 77 81 58 238 
96 94 32 43 28 67 707 
55 41 34 31 73 56 93 
17 46 78 20 57 50 438 
101 43 56 91 61 18 148 
94 21 22 30 99 28 743 
48 27 72 54 53 36 763 
8 90 42 31 18 46 588 
35 67 59 26 10 77 770 
53 77 54 68 51 71 494 
22 14 3 76 29 22 565 
22 8 68 6 17 62 756 
55 16 62 45 74 48 489 
56 65 5 91 53 99 772 
51 20 88 4 67 35 703 
78 41 57 91 26 5 107 
61 93 23 95 17 4 803 
63 94 25 78 25 3 543 
51 99 87 78 26 77 574 
89 82 3 52 29 8 627 
77 6 56 51 45 49 773 
74 85 98 37 97 98 722 
28 65 28 44 35 22 216 
44 73 15 2 30 45 588 
12 22 45 91 97 24 699 
90 71 30 82 56 74 630 
17 91 43 31 80 84 497 
19 77 10 96 89 53 276 
36 44 50 17 6 25 506 
65 55 49 101 77 5 314 
96 100 64 81 50 51 222 
84 74 73 52 63 13 761 
47 37 96 11 73 54 445 
30 81 67 52 51 17 422 
37 96 31 6 81 24 194 
78 47 18 41 3 9 420 
72 79 67 45 14 71 151 
20 55 93 6 53 86 541 
21 100 31 101 36 77 383 
80 44 48 84 91 72 558 
92 81 72 72 47 5 471 
4 2 8 39 49 35 145 
43 40 2 30 41 59 468 
50 89 41 69 33 7 752 
37 20 64 25 101 52 229 
76 23 36 8 83 11 140 
99 25 64 89 44 31 300 
6 48 56 52 14 13 345 
94 33 4 16 100 67 550 
84 47 17 49 85 92 546 
20 68 25 60 51 42 412 
66 79 82 91 77 58 256 
74 10 75 89 41 88 672 
92 34 93 84 45 52 130 
80 49 42 61 42 72 703 
82 33 94 65 73 94 233 
55 24 27 25 12 38 79 
39 44 63 46 6 86 224 
37 33 78 8 93 37 698 
32 42 32 38 88 47 753 
79 82 26 70 96 56 304 
11 68 61 35 16 8 337 
7 81 16 38 87 61 370 
102 19 59 82 59 45 188 
84 97 89 26 93 19 493 
64 39 78 12 32 92 209 
67 18 75 79 30 46 206 
63 18 2 2 88 49 627 
65 69 90 39 13 16 224 
73 74 11 25 91 83 354 
45 40 28 57 71 22 283 
2 86 5 31 101 100 174 
80 89 26 7 72 85 804 
72 90 75 21 78 100 766 
46 66 56 41 65 84 151 
80 76 48 20 29 44 515 
84 87 10 15 18 8 759 
87 87 20 21 99 47 591 
52 55 38 95 24 43 457 
23 51 91 37 18 5 816 
15 80 89 45 43 38 720 
5 67 9 61 94 3 487 
81 38 22 68 39 48 233 
24 12 27 7 4 9 502 
38 21 80 2 5 95 590 
9 33 78 58 11 86 388 
90 31 35 32 42 98 342 
15 71 71 81 59 74 744 
70 65 40 42 30 29 541 
48 31 61 91 10 89 588 
7 46 12 30 64 83 272 
83 93 78 64 13 22 195 
52 10 23 48 23 83 317 
70 40 18 83 60 83 350 
102 76 43 34 11 72 63 
26 61 53 97 93 60 710 
73 64 80 20 9 44 780 
23 40 45 88 8 35 302 
8 95 49 6 102 92 667 
19 37 32 4 52 18 210 
51 72 53 33 25 54 792 
78 40 65 53 41 49 643 
38 100 48 5 38 73 151 
68 6 93 93 69 7 445 
29 50 18 59 28 72 587 
70 94 57 85 84 42 245 
57 86 55 63 45 5 658 
38 86 101 15 48 9 678 
68 61 42 58 48 45 402 
92 49 95 14 79 9 558 
8 92 22 57 33 90 92 
22 40 32 26 4 76 740 
66 20 46 82 65 91 20 
35 17 29 37 99 83 529 
39 62 51 68 98 14 247 
96 81 61 17 21 74 376 
24 12 34 46 71 61 211 
31 52 34 16 20 68 603 
77 95 22 36 10 48 673 
80 83 60 8 64 63 578 
41 87 68 46 19 58 91 
7 97 93 30 24 41 69 
12 19 54 80 48 58 156 
88 41 83 13 28 65 358 
32 76 40 9 100 57 736 
67 68 72 3 12 65 569 
99 31 7 88 9 76 552 
66 8 30 18 6 54 436 
48 87 35 93 95 69 617 
23 55 23 26 86 20 373 
52 84 79 38 95 51 721 
12 78 27 20 91 78 535 
70 12 93 96 5 39 151 
84 39 12 19 98 96 620 
77 86 64 25 58 24 114 
26 53 82 13 5 67 296 
11 10 75 6 93 12 433 
46 32 32 83 83 29 559 
46 69 21 100 57 14 285 
94 66 97 35 56 54 367 
60 14 85 3 74 84 596 
32 39 15 6 86 25 261 
56 33 44 77 97 47 647 
87 63 15 49 55 3 142 
46 79 73 39 60 10 698 
20 50 82 11 47 97 122 
32 8 95 73 91 5 308 
35 55 60 61 8 68 599 
53 72 55 21 83 58 702 
62 45 69 28 17 48 292 
86 64 68 52 52 66 451 
57 22 79 65 100 82 94 
26 15 80 54 45 14 550 
80 29 92 66 42 31 570 
65 28 47 77 59 4 401 
93 94 12 59 3 20 784 
52 79 58 84 78 77 289 
32 91 76 74 36 70 47 
37 78 87 12 38 87 751 
95 33 90 44 80 64 275 
23 70 98 43 96 73 230 
52 36 84 65 56 37 270 
39 74 5 25 36 45 457 
18 26 48 67 35 6 462 
47 70 43 101 14 4 78 
23 80 33 42 99 80 690 
45 5 49 84 53 61 463 
62 88 21 46 21 80 40 
46 51 78 63 69 73 44 
68 43 67 44 35 26 128 
95 74 84 38 68 73 600 
23 102 86 84 47 102 699 
84 24 56 96 26 7 636 
31 57 81 32 8 81 628 
64 84 42 20 38 43 542 
16 39 10 55 8 33 186 
51 94 81 24 74 22 682 
21 12 50 11 21 40 526 
19 5 9 62 94 99 479 
20 45 66 11 61 21 556 
87 49 43 20 76 57 650 
64 2 9 37 62 95 353 
73 94 11 19 6 4 791 
35 3 95 17 37 66 258 
51 17 15 15 2 18 280 
66 9 93 47 84 87 448 
5 101 27 34 5 17 382 
53 57 95 57 19 73 424 
48 50 5 41 93 50 110 
87 96 24 62 80 11 65 
87 20 73 23 19 44 247 
4 70 85 33 51 87 799 
62 22 59 85 46 84 146 
61 90 8 93 39 44 146 
7 5 74 27 9 41 539 
39 23 36 2 31 24 361 
82 22 10 45 65 17 210 
76 67 79 35 29 92 211 
32 67 32 83 3 14 791 
67 12 8 44 48 34 187 
101 25 85 17 63 76 651 
70 101 50 75 28 94 253 
41 97 94 82 51 42 62 
58 6 22 30 11 49 126 
12 4 3 19 85 5 612 
