2 6
300
27 37 643 
77 32 1072 
48 96 192 
37 9 239 
31 21 289 
81 55 58 
29 8 1140 
44 51 84 
82 48 997 
90 53 625 
49 31 781 
55 25 652 
77 72 804 
44 33 326 
23 79 395 
20 32 1093 
38 98 760 
68 44 971 
102 84 1046 
48 96 1028 
8 59 534 
67 90 954 
58 79 1169 
72 7 1017 
41 87 923 
69 23 879 
77 64 197 
94 54 674 
91 83 1072 
86 55 506 
70 31 927 
84 38 903 
85 59 1097 
56 64 659 
96 68 1112 
81 29 697 
6 35 751 
16 73 395 
70 16 65 
91 78 86 
92 73 291 
56 5 930 
9 59 601 
4 86 786 
84 22 1222 
64 100 1057 
66 12 659 
33 82 244 
82 56 706 
45 16 271 
71 96 995 
85 66 1118 
32 42 777 
17 74 855 
10 4 607 
99 34 624 
34 8 193 
21 26 802 
55 62 1110 
6 76 593 
20 66 536 
29 35 1091 
85 101 690 
10 34 720 
25 51 471 
86 25 957 
72 85 279 
9 13 97 
8 52 858 
18 32 55 
3 28 800 
17 99 96 
28 83 850 
62 16 394 
97 26 903 
59 98 921 
29 71 452 
15 36 1118 
28 14 648 
38 23 1018 
21 69 855 
54 10 74 
95 10 645 
33 60 515 
11 12 842 
93 14 1067 
36 52 661 
97 91 739 
70 90 1134 
76 91 1041 
57 92 737 
88 43 576 
64 45 199 
70 65 1077 
25 98 141 
97 6 290 
25 37 1218 
68 4 871 
31 26 961 
12 86 242 
15 22 229 
70 78 829 
84 24 842 
24 30 850 
73 68 1055 
68 74 1130 
51 75 1033 
71 53 663 
88 91 1081 
91 59 209 
70 55 715 
99 57 538 
71 57 253 
46 15 997 
57 3 87 
32 97 436 
87 65 638 
88 63 144 
37 46 835 
66 84 1061 
81 95 800 
54 55 924 
13 76 145 
44 99 212 
74 7 734 
5 16 619 
49 57 1157 
55 6 1149 
67 84 1129 
49 63 129 
78 7 895 
36 66 247 
18 5 583 
34 21 249 
26 45 817 
37 16 679 
54 34 368 
20 19 326 
94 29 1087 
73 89 870 
85 66 163 
3 69 1122 
46 40 502 
42 89 139 
5 18 446 
76 31 753 
29 32 831 
39 97 356 
82 60 1073 
49 44 463 
33 47 199 
78 50 672 
9 25 931 
77 93 937 
16 14 558 
21 17 22 
92 20 1196 
29 46 697 
5 48 848 
86 23 108 
6 100 1177 
5 10 516 
97 28 826 
84 69 80 
87 54 484 
93 24 1018 
85 64 530 
88 58 295 
42 6 9 
61 75 24 
88 25 23 
69 73 1138 
82 13 44 
5 26 1082 
36 11 619 
93 44 1126 
19 14 296 
88 3 726 
67 20 507 
74 65 57 
44 38 652 
68 98 546 
7 20 994 
48 13 137 
82 82 465 
57 54 585 
76 51 760 
11 44 751 
80 101 272 
44 4 650 
54 10 589 
101 64 1075 
37 71 156 
8 89 295 
13 73 16 
15 8 254 
23 13 811 
96 101 180 
44 35 1152 
94 90 1181 
24 64 197 
30 97 33 
65 83 224 
52 22 1018 
37 70 759 
40 100 866 
62 67 1140 
4 23 1119 
89 60 120 
35 58 356 
96 45 989 
18 86 302 
10 85 935 
101 52 315 
4 73 1112 
85 60 382 
55 6 432 
25 34 285 
5 23 503 
27 43 450 
95 32 299 
91 58 936 
4 21 1027 
39 32 187 
96 64 180 
69 101 613 
3 6 1220 
81 83 638 
96 72 144 
60 15 770 
86 85 508 
42 8 254 
3 15 183 
16 83 484 
49 17 912 
22 31 858 
11 38 267 
93 26 460 
39 16 597 
74 97 1053 
67 47 80 
23 56 571 
76 57 686 
96 68 1053 
37 88 285 
62 33 803 
80 76 507 
44 51 940 
43 95 728 
6 5 1117 
74 31 218 
31 52 441 
35 28 753 
30 48 909 
16 17 855 
38 58 466 
16 79 1018 
85 97 267 
47 25 1171 
32 82 750 
89 72 637 
67 24 456 
70 8 448 
89 29 63 
6 52 337 
69 29 423 
9 7 452 
24 92 320 
10 91 421 
98 86 324 
42 5 568 
2 43 937 
24 51 1132 
35 69 606 
3 29 607 
80 81 553 
96 80 1174 
63 25 913 
26 68 982 
28 59 410 
5 74 273 
12 49 292 
61 6 110 
53 47 957 
44 76 465 
89 22 766 
79 32 119 
91 4 83 
32 81 989 
74 78 921 
98 98 1133 
61 32 1165 
29 93 981 
28 21 921 
38 45 402 
20 21 594 
39 39 559 
20 51 330 
26 16 865 
18 82 833 
