8 2
300
85 50 11 45 76 56 83 22 396 
25 46 46 77 18 16 82 54 43 
44 95 41 39 22 26 55 71 26 
49 101 22 9 51 25 3 83 367 
74 101 52 47 26 58 81 56 394 
40 53 89 66 40 25 34 27 269 
57 48 29 87 92 7 50 36 89 
79 18 97 23 76 37 26 10 217 
62 99 71 85 60 68 30 17 78 
21 85 63 98 78 26 59 48 142 
64 89 11 47 99 92 37 4 158 
3 19 79 54 42 32 73 73 113 
99 74 91 63 59 77 88 31 212 
63 83 42 74 65 29 3 64 88 
46 17 3 81 50 58 30 29 402 
44 69 45 33 28 6 98 63 305 
47 3 32 37 61 69 40 76 87 
100 32 55 51 53 80 11 29 230 
29 19 25 35 36 32 78 46 257 
11 32 57 38 77 5 55 57 250 
93 11 58 36 43 76 37 31 396 
47 94 18 67 24 101 50 72 177 
53 14 69 2 61 17 6 31 179 
68 65 56 53 99 98 19 20 76 
2 95 78 51 101 6 35 33 211 
49 46 10 58 89 7 62 3 177 
96 93 52 43 31 14 33 71 273 
45 97 98 22 50 6 83 50 315 
69 4 16 65 69 30 66 59 347 
37 12 77 51 93 97 54 25 113 
70 61 65 66 20 32 40 92 149 
58 29 98 6 77 41 30 95 404 
31 33 25 25 79 75 29 97 239 
93 96 6 2 70 27 79 15 364 
16 4 86 86 27 79 93 10 122 
91 33 37 38 23 100 98 25 376 
6 47 84 93 39 25 74 48 394 
35 57 62 73 29 64 52 16 369 
17 48 8 48 33 71 45 40 261 
25 57 74 7 6 47 35 75 276 
9 25 67 63 14 81 82 61 214 
72 20 6 75 88 9 10 83 316 
88 59 16 15 50 101 61 50 372 
26 29 53 17 40 56 97 45 373 
27 56 35 29 68 75 19 75 85 
62 53 71 67 99 25 69 48 65 
55 97 77 68 4 66 90 58 128 
3 56 81 52 80 45 18 85 114 
46 62 93 43 97 76 81 101 397 
24 61 32 31 50 94 41 43 197 
18 62 54 71 41 12 44 18 80 
43 12 75 28 52 17 97 25 354 
26 14 101 2 89 5 69 68 396 
3 74 8 89 13 38 97 101 96 
78 77 22 83 102 81 57 40 363 
26 98 11 18 36 27 7 17 121 
51 18 75 51 5 76 15 43 180 
15 55 102 39 32 53 94 21 198 
69 45 14 22 47 51 16 44 283 
90 87 41 83 84 98 9 48 339 
52 29 74 48 70 61 37 44 345 
91 90 68 60 26 16 79 41 294 
19 31 73 26 37 62 7 27 227 
7 34 73 6 32 86 70 43 378 
78 22 77 55 87 5 66 27 224 
5 31 63 26 6 46 26 92 73 
14 28 94 14 44 45 6 32 42 
15 88 60 84 93 85 24 2 76 
99 65 46 70 62 13 8 3 391 
96 83 30 29 82 41 69 58 64 
3 67 80 34 52 56 95 53 161 
99 24 41 81 5 6 27 28 111 
75 46 68 83 8 43 49 11 202 
84 88 8 21 17 37 70 23 147 
42 68 16 92 77 11 73 11 324 
59 18 80 27 4 55 14 96 47 
51 22 61 40 87 42 7 14 265 
35 80 9 6 13 84 70 88 248 
15 85 72 59 12 99 63 92 383 
73 59 86 54 9 23 26 21 4 
79 4 83 75 87 65 46 40 129 
75 55 7 98 58 18 95 101 44 
43 94 13 64 78 97 48 36 223 
83 83 73 88 82 94 83 93 340 
82 42 101 9 15 73 68 91 150 
91 76 3 70 61 9 13 85 112 
92 17 28 88 29 52 11 66 233 
62 89 76 14 17 67 35 15 244 
14 36 81 41 98 89 60 59 246 
56 15 24 66 77 99 67 93 311 
59 96 15 51 100 51 17 8 9 
65 79 61 37 37 48 50 101 200 
51 53 21 41 30 72 92 57 210 
37 98 14 79 49 26 91 78 81 
49 65 38 31 26 92 88 97 328 
3 21 80 78 18 77 50 19 166 
59 21 68 44 61 46 100 82 42 
91 88 31 37 48 61 29 3 150 
15 21 29 31 55 34 92 91 148 
75 61 82 39 30 33 85 34 235 
55 7 6 94 34 47 82 98 39 
53 68 74 21 51 17 41 37 398 
16 30 68 36 55 72 10 27 85 
32 54 60 101 54 16 4 75 393 
34 23 89 84 50 59 25 41 97 
66 57 12 66 100 95 35 72 16 
94 21 54 37 86 9 26 52 180 
53 54 16 60 19 78 21 9 61 
12 34 82 11 13 16 48 46 286 
12 68 56 67 67 84 13 12 221 
46 99 38 82 60 100 15 74 352 
12 8 39 36 47 93 80 25 155 
26 85 10 40 90 42 39 16 346 
92 88 89 34 49 10 24 77 41 
80 32 76 84 98 41 30 38 157 
35 78 22 65 88 44 46 89 110 
48 9 11 98 45 46 15 25 350 
101 80 61 32 15 72 84 2 383 
65 44 89 71 12 54 4 6 157 
66 29 102 48 89 62 83 78 278 
3 84 88 33 71 75 55 31 238 
82 5 65 52 83 88 50 83 187 
42 78 99 59 96 41 8 51 393 
88 55 93 101 51 39 4 83 75 
10 34 75 16 18 83 96 25 7 
77 16 47 15 100 8 16 43 407 
73 46 91 49 27 22 79 69 307 
69 83 56 28 50 2 70 42 200 
75 27 62 18 65 73 40 33 143 
53 75 58 87 86 10 39 33 153 
31 63 9 55 40 51 8 29 172 
49 51 69 47 47 60 59 44 67 
41 57 83 20 12 97 87 28 387 
22 84 98 49 91 18 65 41 325 
43 21 90 13 12 38 31 92 334 
70 8 29 100 30 45 94 100 312 
58 14 53 15 70 14 56 88 186 
47 3 62 52 84 8 80 18 94 
30 30 47 47 91 21 15 19 83 
69 23 56 56 57 93 42 9 114 
30 31 53 77 59 26 93 86 367 
24 20 25 23 22 15 22 65 285 
33 13 25 34 102 54 94 89 265 
94 94 47 71 13 78 81 52 355 
74 55 73 23 56 7 31 93 403 
99 48 4 43 36 94 23 10 390 
7 98 31 101 85 73 61 101 375 
47 55 9 50 45 72 28 50 44 
101 12 59 20 5 11 55 97 166 
65 53 60 56 49 4 82 76 219 
60 74 71 102 64 58 15 86 154 
93 51 6 34 17 87 84 24 400 
41 89 95 22 48 90 32 98 197 
36 93 8 7 70 71 18 70 310 
43 101 50 3 6 21 73 63 190 
39 33 37 75 74 27 6 43 356 
62 40 28 83 71 69 9 81 381 
33 88 83 37 17 50 11 43 94 
52 40 84 77 51 87 44 96 263 
15 63 21 83 3 29 83 58 123 
52 61 32 83 96 27 27 42 307 
67 4 18 90 65 33 4 56 16 
7 87 91 43 42 78 4 97 76 
76 52 87 57 56 61 20 61 332 
95 71 46 59 52 10 12 79 374 
50 27 100 90 81 49 25 79 291 
42 11 22 56 81 101 9 53 369 
92 12 50 59 72 6 52 11 347 
62 50 38 83 33 65 86 56 284 
22 88 72 40 34 79 90 79 208 
63 40 92 47 52 101 20 22 271 
45 93 57 96 40 72 64 65 120 
37 62 80 59 72 27 32 89 264 
22 53 81 73 71 94 55 91 290 
97 17 99 39 65 13 99 43 258 
16 28 50 2 79 70 50 54 75 
75 7 70 68 17 65 36 100 281 
89 74 24 65 43 51 101 69 199 
34 100 99 68 62 31 64 17 248 
18 22 77 12 26 19 76 82 342 
5 31 102 36 5 67 45 12 284 
43 53 87 101 3 11 22 18 222 
23 9 47 42 6 102 5 20 319 
96 79 50 7 91 63 68 98 157 
51 100 97 33 26 52 61 22 263 
77 19 20 68 93 9 65 55 300 
40 65 27 2 33 87 89 51 135 
23 39 65 27 35 7 73 73 78 
61 92 85 97 82 86 38 30 6 
62 30 88 43 44 37 89 29 137 
15 51 68 12 46 77 19 40 342 
3 53 85 15 97 22 90 6 259 
92 45 85 43 67 6 86 29 85 
48 82 96 29 39 8 74 60 91 
54 50 47 10 80 44 102 36 314 
20 49 36 68 55 40 74 99 345 
53 74 86 65 28 19 57 73 235 
91 76 15 79 43 39 100 38 227 
20 84 67 42 43 32 29 68 328 
89 82 30 58 57 42 24 23 350 
40 92 24 30 55 9 87 13 245 
65 42 7 99 70 19 85 56 61 
22 12 33 56 38 62 39 70 369 
32 35 21 75 58 22 53 62 189 
36 92 31 60 57 33 73 65 108 
77 92 14 13 76 3 28 4 47 
57 86 56 64 93 87 19 57 318 
43 92 87 87 47 10 73 51 264 
87 64 57 102 85 75 36 64 318 
80 21 61 20 50 56 11 98 312 
94 74 101 46 43 2 55 32 299 
43 92 47 6 42 27 38 42 164 
58 57 3 83 30 31 9 40 150 
21 25 45 33 78 51 34 80 316 
68 43 23 57 49 56 102 95 295 
35 76 81 36 84 10 16 55 170 
78 13 46 72 39 4 66 36 29 
32 12 16 98 75 64 50 72 402 
21 3 10 49 84 37 59 76 263 
60 86 43 37 19 25 9 58 275 
35 98 7 21 93 15 49 71 336 
61 39 3 19 89 14 11 97 211 
35 31 32 11 15 65 40 8 205 
68 97 95 93 90 19 97 16 301 
96 102 12 97 102 14 55 100 151 
65 43 100 31 28 24 74 76 111 
40 26 86 44 83 87 65 83 301 
91 70 51 86 24 74 40 17 388 
43 40 31 19 58 17 28 77 265 
54 38 71 73 21 16 92 59 367 
92 53 21 27 35 20 41 66 126 
90 81 21 27 93 13 29 32 149 
100 22 70 71 19 8 22 13 185 
6 21 51 37 96 67 85 50 261 
78 18 7 13 81 94 86 40 392 
48 29 47 61 45 91 80 94 151 
23 23 37 14 7 24 75 36 184 
84 55 86 56 45 46 49 53 60 
33 89 44 78 87 81 12 76 342 
2 48 78 62 59 4 30 63 111 
31 66 14 85 39 46 50 4 346 
14 94 86 3 14 94 76 49 23 
97 47 38 58 4 32 40 75 363 
71 24 98 84 27 83 19 20 354 
5 49 52 100 30 85 96 100 335 
102 101 36 85 88 11 99 35 67 
93 75 64 83 47 66 57 80 331 
90 31 69 5 87 96 8 74 408 
58 100 19 56 64 6 50 41 305 
57 88 38 89 88 94 68 28 184 
27 23 4 88 44 52 4 8 282 
17 99 16 42 80 16 11 43 147 
101 39 13 59 35 9 91 2 377 
47 3 46 77 39 60 51 82 205 
100 72 57 69 54 58 37 35 171 
63 17 10 24 80 47 58 69 363 
35 70 90 97 99 44 60 58 22 
27 42 62 58 93 99 66 14 292 
82 34 87 58 24 2 67 31 350 
86 25 25 101 20 73 71 18 52 
64 4 75 15 11 97 53 12 379 
84 7 26 13 60 68 75 78 142 
6 80 48 90 32 70 58 76 136 
84 29 24 91 88 78 87 4 39 
100 69 25 92 7 14 9 85 99 
64 75 68 59 28 44 38 68 156 
68 75 74 7 59 37 65 71 341 
73 95 20 50 28 57 59 77 39 
13 16 75 36 83 49 46 96 7 
69 26 3 82 55 23 40 21 119 
39 95 12 90 29 38 31 38 368 
8 16 49 13 2 53 35 27 212 
67 34 94 26 63 66 36 97 183 
85 93 42 100 12 9 28 22 333 
102 25 89 39 7 47 59 40 325 
57 59 26 52 49 30 71 74 352 
39 15 34 48 56 34 93 48 186 
52 10 6 41 86 82 71 35 9 
67 31 29 50 69 25 86 82 160 
22 35 46 14 31 40 23 92 31 
52 56 71 57 47 61 101 9 126 
77 17 74 46 83 15 28 6 181 
61 91 47 11 64 76 95 73 57 
3 40 81 69 20 96 75 21 326 
34 12 85 70 50 62 94 11 262 
68 78 54 33 88 27 96 64 6 
64 42 94 97 64 76 48 100 282 
53 11 99 80 73 63 35 96 382 
63 94 43 87 19 55 12 29 386 
64 72 54 57 75 58 95 13 323 
90 39 51 11 24 52 93 43 407 
69 90 8 92 100 94 33 35 287 
62 78 26 40 87 37 82 86 119 
19 98 38 43 87 61 84 47 231 
47 54 72 93 96 78 56 46 158 
91 74 74 62 26 42 88 35 145 
57 52 55 15 31 39 23 76 184 
66 27 5 48 10 55 38 88 329 
102 72 84 50 86 43 99 93 53 
59 59 75 98 57 54 26 29 388 
