2 6
300
84 60 1200 
37 10 315 
70 31 1043 
92 48 418 
100 38 808 
37 76 1051 
73 31 382 
69 36 125 
55 4 212 
41 43 713 
17 20 437 
83 15 1042 
76 2 867 
29 7 718 
43 61 681 
49 13 431 
34 22 249 
8 72 1117 
35 17 294 
90 83 76 
10 31 1082 
29 77 345 
100 19 279 
83 63 907 
17 46 295 
75 28 920 
56 9 1105 
84 9 260 
40 11 583 
46 49 1208 
63 88 229 
67 21 933 
72 16 1024 
30 50 1152 
14 53 721 
48 93 328 
69 63 1084 
51 35 914 
18 28 261 
69 91 805 
83 56 857 
26 22 915 
58 52 308 
50 4 148 
94 29 719 
98 72 694 
64 94 227 
23 79 1059 
12 14 648 
46 51 1130 
57 5 307 
20 49 1152 
26 90 383 
86 93 498 
4 21 716 
79 59 81 
18 22 696 
67 7 1191 
49 62 941 
85 16 90 
24 14 18 
35 95 1217 
89 76 980 
66 74 994 
27 80 16 
80 21 708 
30 36 676 
48 30 360 
37 92 1199 
30 73 1069 
19 43 914 
26 64 968 
41 71 326 
61 92 1024 
28 54 583 
78 41 330 
98 72 496 
21 57 982 
54 77 1024 
74 99 32 
3 61 40 
95 49 385 
9 3 196 
24 41 617 
33 71 540 
74 22 936 
84 62 628 
73 34 14 
49 100 1044 
96 74 1063 
97 69 877 
26 60 372 
83 36 54 
18 71 463 
13 76 382 
92 90 1057 
38 83 680 
9 92 459 
53 32 341 
4 48 602 
48 14 362 
31 29 873 
81 9 143 
16 93 1055 
74 68 1112 
15 62 705 
72 59 128 
101 60 1119 
33 90 943 
36 75 334 
5 80 1078 
57 72 698 
10 84 582 
62 13 987 
77 24 1097 
71 37 304 
49 40 861 
72 34 1088 
41 49 660 
40 100 471 
96 47 423 
86 13 154 
100 19 1168 
36 7 957 
12 12 559 
32 26 441 
4 64 652 
54 90 429 
59 34 568 
101 18 283 
5 72 1031 
11 68 818 
48 92 138 
79 73 223 
31 15 399 
94 62 272 
45 11 282 
20 38 439 
87 44 697 
101 29 966 
68 101 8 
74 33 431 
96 3 546 
81 86 414 
27 27 1111 
37 25 917 
4 67 884 
26 58 93 
2 87 417 
50 26 292 
12 49 773 
34 13 885 
20 59 1004 
99 100 724 
80 66 314 
91 95 143 
47 52 231 
84 99 767 
9 44 527 
95 74 558 
3 48 946 
23 71 452 
73 95 169 
21 19 812 
95 7 816 
15 49 1121 
84 13 1126 
24 5 902 
7 30 609 
2 27 848 
31 27 1036 
39 98 645 
84 59 1167 
91 21 10 
100 29 401 
54 91 1126 
98 96 1165 
53 13 751 
56 81 517 
6 18 506 
89 72 821 
46 91 1138 
84 58 109 
16 33 1100 
98 95 1131 
93 27 941 
43 54 474 
60 7 390 
76 80 167 
25 85 218 
12 80 504 
56 4 594 
36 55 457 
42 73 403 
85 84 765 
7 57 220 
71 64 662 
67 65 775 
5 31 804 
37 72 142 
81 60 899 
93 6 649 
51 44 1123 
46 60 871 
42 3 1000 
8 76 277 
71 71 280 
98 56 255 
66 47 194 
80 53 883 
85 100 1018 
28 62 154 
61 94 961 
12 59 160 
28 27 58 
85 28 749 
84 99 674 
45 68 22 
91 86 51 
55 29 716 
39 73 1110 
22 63 727 
90 16 505 
71 48 1007 
46 62 150 
12 72 363 
18 83 240 
57 98 670 
19 42 398 
83 39 936 
10 9 793 
22 74 1049 
24 8 781 
47 97 146 
22 14 619 
75 101 77 
92 81 177 
76 39 573 
41 85 915 
38 5 264 
29 9 940 
67 63 485 
20 26 1072 
28 90 773 
68 73 1051 
10 37 1027 
6 46 499 
28 94 713 
64 36 861 
20 83 1097 
13 88 50 
44 20 1082 
37 57 632 
13 57 918 
21 65 1117 
53 11 805 
63 33 590 
93 34 712 
83 3 180 
21 5 329 
71 102 527 
100 17 20 
61 25 642 
99 75 971 
34 95 1093 
68 10 355 
69 13 311 
7 59 611 
44 22 664 
48 64 221 
76 18 645 
27 44 682 
34 23 584 
92 94 1044 
15 65 718 
71 60 477 
71 17 1136 
88 54 1124 
3 67 520 
95 58 1166 
49 15 758 
36 26 689 
29 10 629 
36 36 1066 
83 79 230 
42 93 1147 
93 75 757 
17 79 571 
27 90 794 
63 25 944 
15 41 787 
54 45 965 
25 81 488 
4 44 624 
90 37 996 
8 6 912 
75 63 899 
51 4 1025 
35 34 446 
17 11 437 
