6 8
300
63 99 20 96 69 91 1572 
12 47 59 91 12 78 1111 
71 60 50 14 46 57 1433 
39 43 46 52 5 6 762 
62 89 14 41 18 24 683 
76 43 39 44 62 58 325 
47 78 71 69 83 88 323 
59 58 17 20 32 73 384 
58 76 45 66 87 52 822 
60 47 51 96 56 28 1549 
19 13 72 86 101 70 1512 
67 77 85 23 20 29 51 
33 99 24 88 53 20 291 
69 96 80 77 8 72 1410 
33 22 75 30 62 27 648 
47 47 36 33 6 33 1489 
102 62 45 69 25 49 445 
50 30 10 5 10 79 827 
19 94 11 94 100 8 566 
57 12 96 60 4 65 1412 
54 89 57 49 89 29 1098 
36 37 9 86 24 61 1344 
94 68 27 54 50 91 457 
54 27 41 7 27 59 736 
52 51 12 23 86 43 1571 
42 55 58 22 53 85 1354 
60 4 11 78 49 54 1016 
46 71 8 57 76 61 1629 
64 18 44 65 72 24 1367 
88 100 65 40 20 88 849 
15 71 34 99 8 47 1544 
25 32 31 79 6 85 99 
82 6 68 11 84 98 1273 
39 16 59 83 63 101 1177 
6 48 40 31 68 12 508 
2 76 60 71 16 7 637 
88 15 87 68 41 80 90 
96 99 31 38 92 76 1250 
57 76 18 47 48 24 318 
86 93 51 40 75 77 1303 
32 10 43 70 93 41 830 
3 74 17 24 23 69 172 
51 11 94 79 38 56 744 
102 43 26 70 85 22 23 
23 39 30 69 5 28 1034 
91 90 70 100 37 28 874 
4 3 25 26 58 11 585 
85 59 63 38 22 36 502 
69 18 3 10 21 52 1304 
37 90 57 21 43 49 982 
22 26 80 3 31 94 1589 
42 4 45 29 13 68 630 
82 68 32 84 93 35 349 
74 69 92 18 78 76 1093 
16 70 8 17 64 78 1020 
34 85 37 94 44 35 446 
17 59 83 11 86 43 902 
23 27 38 52 17 41 793 
59 90 88 55 20 32 432 
36 39 14 51 92 78 781 
85 97 93 51 101 96 929 
12 11 9 94 34 14 1507 
45 72 67 49 39 16 1228 
97 52 41 26 5 3 1325 
22 71 62 96 67 9 629 
32 47 3 17 47 94 772 
81 81 62 88 21 36 1483 
70 49 4 55 64 75 1432 
48 54 27 98 95 78 1468 
42 49 100 69 6 56 217 
26 66 34 94 24 30 260 
73 81 40 86 69 92 854 
24 60 43 5 37 53 1375 
96 78 21 54 18 59 650 
34 64 21 16 82 80 710 
85 71 63 42 47 74 1224 
75 89 14 28 87 40 296 
90 59 66 71 5 31 497 
90 15 42 8 73 78 626 
19 20 72 89 15 11 624 
91 82 66 92 81 11 346 
90 9 27 32 22 24 718 
7 58 47 79 51 15 1553 
58 23 35 76 98 39 918 
71 44 42 75 31 82 1621 
80 2 81 26 22 11 3 
8 17 78 53 56 96 193 
65 27 12 66 98 45 535 
60 32 18 85 75 67 316 
66 88 60 93 44 47 445 
58 68 55 31 6 97 815 
9 59 25 44 44 46 103 
20 32 11 35 39 69 316 
72 65 43 49 46 83 688 
31 20 62 14 52 87 120 
61 59 37 94 50 85 848 
75 95 43 32 22 15 761 
58 51 60 7 80 10 1401 
5 13 84 61 16 10 1269 
41 65 31 95 62 101 963 
75 76 43 91 86 69 1575 
72 102 19 26 70 97 1188 
72 5 9 74 79 23 913 
48 55 35 35 77 76 565 
33 14 39 63 16 90 1356 
77 19 18 96 43 91 546 
13 67 38 49 14 7 1125 
62 24 23 85 80 5 446 
23 11 58 11 95 64 635 
90 82 65 56 10 92 1552 
88 94 80 38 34 25 561 
90 99 89 65 71 68 1152 
92 18 79 38 87 58 880 
10 62 87 49 29 97 386 
87 74 95 6 17 76 1211 
32 46 49 48 83 95 531 
14 71 48 26 98 70 1589 
65 88 19 25 36 43 1274 
33 94 91 7 30 13 60 
27 96 60 56 94 98 982 
75 32 93 6 65 23 1572 
94 41 25 33 28 28 351 
88 78 83 83 35 98 1617 
53 60 43 55 84 31 1418 
77 90 72 6 74 39 1481 
58 28 21 73 22 84 647 
55 68 76 4 87 84 631 
20 79 74 61 2 63 353 
74 52 53 83 95 11 277 
53 55 29 56 91 33 493 
51 64 12 15 16 61 1598 
95 69 53 100 49 50 919 
13 100 47 74 78 71 1377 
78 70 92 29 74 25 40 
15 49 50 97 53 10 1131 
17 64 48 88 4 26 1288 
85 3 85 48 63 63 652 
57 83 85 15 64 48 1189 
96 22 87 44 39 98 1305 
22 5 4 97 42 89 1563 
38 101 88 77 48 7 1526 
69 10 84 13 64 64 943 
68 67 85 92 65 98 352 
44 63 46 67 30 101 1023 
99 83 52 23 76 46 317 
85 99 40 18 42 81 433 
14 6 33 77 35 24 894 
40 22 7 79 93 76 1528 
40 44 12 19 9 33 1141 
29 33 92 90 20 40 1351 
70 46 76 24 19 97 486 
59 15 92 97 79 10 967 
63 47 46 85 72 28 737 
57 31 101 36 50 59 1395 
75 43 88 17 86 74 1144 
77 34 57 75 81 66 1316 
31 22 25 32 25 13 1078 
88 48 7 50 15 40 220 
18 77 91 71 40 46 1377 
74 6 82 95 38 91 1397 
15 91 12 93 64 66 422 
11 78 6 27 48 21 1412 
97 83 68 73 36 59 975 
58 68 7 43 22 98 934 
18 44 39 89 24 82 1188 
58 98 60 53 75 90 113 
101 87 45 95 27 100 1249 
25 16 24 4 34 28 936 
25 7 52 44 70 71 1519 
36 69 40 26 41 16 638 
87 11 22 63 71 55 927 
84 64 50 97 100 83 1515 
31 17 88 91 57 17 544 
93 10 11 7 21 16 1074 
19 7 70 88 86 40 616 
7 4 42 65 75 3 677 
45 4 49 72 90 2 85 
54 55 37 86 100 8 1546 
3 13 58 52 41 93 1048 
59 82 11 16 45 57 382 
15 47 28 83 17 94 770 
8 64 37 33 16 63 1069 
54 35 3 88 34 45 75 
93 86 15 36 12 79 1416 
24 40 58 47 47 84 636 
9 11 5 85 16 50 1543 
51 23 21 28 32 101 78 
49 10 31 13 14 21 366 
63 15 49 7 17 62 1375 
26 81 88 70 81 29 729 
26 100 4 20 97 12 681 
65 96 10 81 80 84 1230 
32 29 35 35 65 19 755 
99 58 80 101 89 12 417 
44 35 59 53 74 62 371 
11 28 95 19 11 83 1610 
20 41 28 38 80 11 1524 
54 55 38 18 12 100 444 
45 26 21 10 102 18 340 
64 53 30 8 24 55 342 
3 42 18 56 38 50 1283 
19 54 65 11 3 34 1461 
82 23 38 64 64 98 1090 
4 77 11 11 67 80 925 
90 100 32 58 58 75 841 
15 22 64 76 53 51 428 
75 58 101 100 86 33 1335 
32 94 46 62 59 56 1619 
67 9 47 73 72 24 474 
55 35 55 47 62 40 1090 
4 76 90 13 49 43 478 
21 12 13 83 49 77 941 
8 88 98 101 21 54 781 
15 19 5 83 29 99 312 
25 48 55 27 95 17 465 
21 58 52 12 15 72 756 
99 36 93 25 49 73 772 
49 59 48 43 88 21 1451 
58 87 32 22 45 12 1568 
65 60 58 55 62 31 1430 
32 48 91 7 84 4 249 
85 14 60 81 28 74 1238 
92 9 86 9 98 41 1014 
73 22 92 72 62 52 562 
78 37 72 89 44 62 284 
13 59 38 6 19 76 1192 
74 73 43 20 40 22 1201 
53 74 48 66 92 28 954 
28 101 37 24 53 83 132 
80 91 94 86 14 61 1290 
52 50 6 81 68 91 1614 
51 51 54 23 32 63 397 
64 26 26 55 36 61 1377 
60 3 83 68 95 67 1546 
85 51 36 28 64 97 28 
27 44 87 26 38 61 1265 
52 85 3 24 22 86 255 
67 71 33 80 102 97 1496 
49 25 15 75 26 6 1079 
2 20 97 70 68 25 610 
83 40 31 100 101 9 126 
20 82 47 75 83 81 289 
82 5 50 64 102 12 1279 
22 75 53 14 57 13 822 
66 8 55 56 63 80 1366 
32 5 82 2 90 86 460 
44 70 2 45 27 50 328 
18 49 8 68 15 61 1011 
68 79 87 46 97 59 888 
77 93 21 22 3 36 813 
2 70 64 14 28 52 1259 
7 53 72 32 65 32 793 
60 50 90 50 21 24 1054 
27 97 58 94 29 76 1107 
79 83 24 26 17 72 250 
82 46 56 89 11 87 1000 
28 18 16 35 29 8 269 
45 33 74 84 14 87 1228 
74 8 22 101 78 11 452 
72 49 9 50 62 35 1282 
6 36 63 13 39 5 1612 
81 44 62 102 70 53 548 
52 52 44 4 87 42 121 
40 36 90 34 77 36 923 
71 9 86 69 75 40 649 
99 13 73 77 84 78 1521 
66 62 101 11 60 96 323 
99 66 48 77 95 73 1076 
101 75 80 64 72 44 175 
37 78 35 97 16 96 863 
42 73 29 5 65 16 1213 
76 91 26 20 41 39 1176 
45 40 94 81 69 76 1597 
39 95 16 14 36 85 462 
86 68 15 46 2 69 927 
95 21 74 32 59 94 413 
87 57 46 32 7 41 1513 
39 43 18 49 22 57 47 
80 16 93 31 34 48 1469 
25 13 75 41 72 17 804 
22 22 51 11 84 75 856 
40 72 84 31 46 38 766 
27 99 99 82 14 56 248 
7 83 3 28 48 37 1013 
46 73 93 37 25 45 289 
23 69 40 40 84 52 662 
46 11 2 90 12 45 1593 
16 78 61 60 63 36 248 
41 51 86 39 39 92 1528 
101 93 95 23 94 31 68 
32 62 44 31 6 77 988 
74 2 40 37 94 66 501 
97 34 79 64 11 5 1336 
20 56 3 47 62 49 742 
20 9 69 20 16 96 1368 
18 18 31 60 62 57 1101 
50 48 3 47 28 65 68 
61 18 61 85 29 24 189 
8 43 86 46 30 17 876 
95 73 19 80 73 49 1278 
