6 2
300
85 9 14 70 70 64 209 
88 100 6 36 74 9 147 
25 18 13 27 18 97 278 
26 63 38 95 16 46 232 
95 53 11 69 8 11 111 
86 65 31 74 27 79 76 
69 42 90 38 17 8 143 
99 3 58 78 9 96 239 
47 78 77 56 21 96 383 
49 97 69 69 100 11 159 
55 84 55 93 20 52 235 
23 50 60 101 39 24 392 
52 55 93 101 17 71 161 
89 56 19 8 84 27 82 
47 23 71 19 100 98 179 
21 5 87 91 47 3 98 
29 19 57 83 75 100 395 
44 78 70 85 42 102 271 
30 38 87 38 27 40 310 
30 91 84 42 28 54 129 
52 8 12 72 70 17 244 
39 64 27 12 29 25 17 
46 3 36 59 98 79 372 
69 2 55 22 65 50 407 
31 76 44 49 47 68 373 
72 59 16 75 86 9 372 
76 62 28 100 17 74 339 
89 50 84 32 77 42 341 
8 60 52 6 69 62 34 
90 85 65 84 59 14 304 
46 22 87 14 73 102 380 
43 28 23 50 78 19 171 
28 62 19 72 27 10 262 
102 66 70 19 49 85 350 
79 65 19 60 62 11 177 
30 99 20 6 42 92 267 
33 31 58 94 45 68 254 
25 48 14 34 7 12 183 
58 19 97 26 19 9 262 
65 7 92 18 10 101 401 
65 101 68 87 20 101 279 
37 14 27 6 19 26 219 
19 7 28 57 100 100 292 
83 25 82 26 85 3 278 
26 68 77 37 69 66 248 
49 48 49 89 14 78 90 
7 72 22 102 85 12 190 
102 67 63 12 2 29 334 
79 87 63 36 99 2 46 
48 52 71 52 62 95 286 
61 81 70 88 24 52 311 
55 62 26 102 93 24 100 
3 16 27 69 39 81 288 
62 88 55 16 78 13 239 
21 53 52 25 20 78 166 
88 95 25 80 79 8 98 
27 39 36 8 80 89 184 
38 46 84 25 16 101 404 
95 17 74 48 41 20 138 
11 76 79 75 47 86 63 
22 4 91 62 75 49 144 
50 20 10 99 26 16 339 
10 69 2 5 79 43 380 
80 54 33 40 90 92 69 
65 60 35 35 5 32 67 
44 95 65 43 55 66 183 
99 66 51 17 6 52 6 
9 78 72 70 44 24 174 
52 60 24 87 59 20 348 
62 77 67 23 86 69 268 
77 39 65 26 79 51 331 
90 85 25 86 42 18 231 
83 65 66 63 10 75 375 
37 43 58 98 48 61 151 
90 86 95 22 85 37 132 
42 9 46 67 75 63 255 
77 100 3 19 5 31 322 
15 2 63 78 96 76 163 
98 9 31 33 91 46 406 
100 32 65 59 82 26 172 
57 22 97 37 14 32 243 
45 56 81 45 32 60 309 
86 35 47 91 64 94 180 
2 17 36 86 19 65 316 
70 40 62 25 7 39 234 
82 67 43 84 46 82 216 
55 51 90 61 89 26 58 
99 21 69 20 34 100 226 
7 64 52 97 69 84 304 
19 22 22 28 23 20 21 
69 5 10 20 14 93 196 
68 48 27 32 41 65 291 
21 94 7 75 41 4 305 
6 93 88 79 100 80 148 
32 70 35 68 8 11 124 
17 62 3 22 9 9 159 
18 27 67 30 21 5 399 
29 18 55 84 18 32 260 
15 24 42 16 15 14 151 
80 94 67 35 56 43 16 
35 6 55 34 97 38 358 
68 23 52 81 77 40 12 
54 82 86 91 81 69 14 
40 62 8 96 98 4 158 
35 2 97 66 64 96 385 
14 102 52 23 96 78 193 
2 93 37 40 75 36 106 
14 83 46 77 76 3 387 
46 49 40 101 36 51 134 
23 57 17 15 46 10 166 
83 36 70 87 93 58 156 
72 73 58 24 70 15 90 
21 53 91 90 96 102 279 
54 14 24 62 29 17 323 
38 22 27 31 28 87 128 
49 78 92 86 47 59 303 
78 85 79 68 38 13 9 
6 28 27 53 11 74 117 
24 48 27 66 43 61 139 
53 32 95 44 30 93 294 
77 101 6 51 45 96 310 
31 47 97 92 6 79 132 
96 2 81 19 15 5 104 
32 68 22 5 100 42 103 
54 86 25 11 22 32 118 
29 23 4 68 80 55 381 
3 32 76 40 84 4 237 
32 16 27 16 90 49 187 
35 86 47 47 56 53 312 
63 73 83 86 49 6 271 
81 79 53 37 52 34 121 
38 48 68 18 41 69 92 
72 101 97 34 85 85 383 
39 59 23 26 4 19 162 
61 95 56 37 100 94 210 
39 76 81 40 17 18 399 
40 81 31 17 86 56 373 
75 89 53 66 23 75 173 
22 32 13 50 17 92 313 
55 14 83 43 77 73 134 
27 17 96 70 69 98 404 
79 94 11 20 65 50 352 
8 5 72 79 21 11 71 
46 70 92 3 29 23 346 
69 49 76 10 85 61 196 
73 59 99 56 79 45 177 
40 4 32 54 44 92 195 
11 13 65 58 64 18 331 
49 7 69 42 77 16 42 
47 37 12 81 91 40 142 
47 75 25 45 68 76 26 
68 62 50 87 33 39 238 
38 13 54 24 45 69 100 
55 32 16 4 31 35 379 
69 22 75 55 54 15 262 
40 42 16 98 44 77 330 
47 21 57 46 79 54 37 
26 60 60 48 74 12 379 
45 11 43 39 43 15 406 
41 77 34 81 26 96 400 
73 40 28 3 94 46 33 
13 61 60 54 84 86 177 
65 17 8 82 5 73 386 
33 75 60 3 64 83 25 
45 25 67 55 60 13 217 
21 34 47 82 69 87 132 
52 85 88 61 31 58 312 
62 28 101 23 25 5 163 
68 69 3 31 64 4 279 
38 95 100 26 76 92 179 
86 64 2 38 88 65 330 
92 75 44 35 27 31 339 
100 69 35 37 9 15 220 
66 46 53 6 85 66 62 
93 89 37 57 68 35 311 
66 100 86 38 43 61 311 
97 61 98 39 75 87 156 
28 67 91 68 79 92 82 
19 52 34 5 101 68 404 
87 9 80 61 99 9 137 
70 50 101 68 56 80 284 
88 57 69 12 80 79 265 
24 49 91 91 45 58 192 
51 55 35 44 95 79 40 
54 20 80 78 80 7 237 
19 92 2 25 14 52 131 
97 67 95 23 91 36 259 
62 91 72 56 52 89 81 
98 68 27 64 2 62 138 
39 91 36 102 74 9 21 
58 91 68 32 8 17 221 
90 42 23 5 45 48 376 
31 10 24 30 20 40 90 
27 78 63 14 92 100 238 
78 61 23 19 29 61 16 
3 7 26 46 74 67 34 
28 5 60 60 16 43 35 
83 14 74 56 70 85 132 
15 6 20 18 19 98 51 
83 3 88 18 89 91 116 
5 100 86 49 75 16 403 
74 5 56 78 59 52 386 
49 51 65 61 77 74 357 
2 8 30 57 72 98 184 
5 74 44 29 55 82 318 
16 90 10 97 71 35 168 
3 66 42 62 48 20 139 
54 25 59 14 19 42 15 
94 57 94 6 20 56 284 
33 14 51 7 72 19 137 
63 58 65 8 40 49 403 
44 91 97 26 80 13 209 
52 87 17 37 42 77 89 
35 18 94 53 81 73 290 
53 93 57 78 3 2 371 
69 95 8 81 96 6 206 
69 98 82 42 45 21 330 
29 37 71 32 44 14 115 
42 74 56 61 77 30 371 
100 42 50 79 13 62 338 
94 10 59 48 72 73 271 
21 14 14 38 55 92 100 
58 88 48 61 91 65 112 
24 54 21 20 79 61 281 
58 34 65 34 60 100 146 
28 15 86 73 43 63 86 
62 45 25 25 40 69 172 
56 4 20 24 99 58 286 
59 39 30 96 14 100 258 
82 51 6 96 94 91 122 
75 64 89 50 4 8 255 
11 98 98 41 95 29 10 
32 46 12 63 44 67 285 
77 59 80 31 66 60 325 
96 21 30 48 80 14 331 
42 33 76 97 51 10 196 
43 34 56 21 73 63 203 
7 96 35 52 25 62 400 
7 12 21 40 51 85 63 
80 70 96 17 16 23 367 
15 38 68 95 60 24 141 
27 25 12 95 98 32 363 
27 97 98 57 54 85 145 
23 56 59 3 27 35 259 
66 63 6 59 42 62 374 
60 69 59 67 40 66 327 
88 12 47 54 55 28 217 
74 100 62 64 40 57 375 
84 11 94 35 91 73 249 
64 7 38 58 72 99 273 
31 41 91 16 21 57 144 
47 14 50 74 9 12 376 
65 46 97 5 7 102 309 
60 66 34 51 95 21 99 
6 11 98 84 31 88 178 
61 72 50 21 102 59 155 
99 46 63 84 63 71 406 
63 44 55 68 99 93 291 
77 59 68 28 38 13 165 
5 54 92 80 26 51 20 
76 49 86 7 45 40 250 
22 74 68 34 53 26 177 
69 45 19 33 97 74 342 
15 84 95 66 48 99 380 
94 73 6 38 22 97 357 
96 71 62 57 55 12 224 
88 101 96 87 89 99 148 
11 75 49 31 79 23 248 
67 93 44 99 43 70 117 
3 64 98 33 31 58 298 
76 59 79 44 64 31 114 
84 101 80 61 2 59 339 
100 59 9 45 76 29 120 
80 20 60 15 44 28 347 
39 100 56 59 43 65 145 
19 72 89 17 93 35 339 
95 65 40 42 13 47 14 
7 91 90 57 31 46 392 
40 21 31 22 5 45 185 
3 26 4 61 96 50 331 
89 22 30 85 96 48 347 
57 22 74 34 83 84 134 
11 68 4 14 21 41 320 
53 60 97 91 92 40 374 
42 38 84 19 99 24 74 
71 62 74 37 100 13 340 
101 59 90 24 63 14 375 
60 102 48 77 11 5 147 
64 35 96 6 10 96 64 
86 93 17 86 62 17 166 
9 32 79 24 30 97 212 
3 9 69 31 27 102 335 
38 37 44 90 21 84 31 
28 80 33 91 19 70 66 
68 75 40 3 100 54 208 
72 71 55 83 9 86 247 
28 29 77 85 96 35 195 
57 75 98 42 35 35 328 
53 48 34 13 29 38 144 
36 31 30 30 50 33 268 
