2 8
300
99 68 1249 
84 8 807 
60 85 71 
34 12 85 
75 21 634 
64 91 1161 
52 73 520 
11 28 542 
30 55 510 
14 93 1600 
68 30 785 
99 102 1199 
57 35 1131 
54 50 1010 
50 57 1367 
14 64 1503 
51 34 1383 
32 92 1286 
90 91 666 
45 56 870 
20 48 1515 
8 68 1334 
59 78 312 
67 10 914 
4 100 376 
72 63 1151 
51 18 1477 
41 64 965 
15 38 628 
71 11 178 
35 13 1282 
18 36 29 
71 44 1448 
4 57 1402 
75 86 391 
31 30 1503 
58 20 454 
72 96 616 
65 81 1367 
36 95 501 
45 90 1101 
10 35 1571 
79 88 1037 
23 3 319 
84 49 1006 
7 68 1278 
37 86 125 
48 15 1486 
85 64 287 
43 55 900 
20 37 794 
60 61 1095 
20 67 839 
30 53 693 
31 37 278 
10 90 761 
78 60 216 
7 100 140 
25 99 1213 
78 27 1146 
81 39 534 
10 5 1070 
73 26 1447 
97 88 20 
29 10 542 
67 20 1288 
76 77 1208 
73 67 1552 
44 15 603 
42 37 1010 
95 44 651 
83 51 242 
12 22 512 
53 39 1058 
60 84 1176 
14 81 1482 
77 60 1292 
97 4 821 
98 10 1173 
40 68 1482 
31 33 1446 
29 4 720 
63 48 961 
20 57 1593 
50 25 611 
11 15 1359 
25 32 556 
48 67 1261 
85 99 650 
92 87 670 
45 74 878 
43 25 112 
78 33 1302 
30 53 537 
34 59 42 
84 50 1299 
15 89 1547 
91 16 597 
59 85 1078 
13 46 72 
6 74 992 
20 77 1359 
46 9 3 
33 35 1338 
5 97 1293 
3 16 128 
77 3 812 
62 79 1599 
48 56 943 
19 86 655 
43 67 1420 
77 26 1289 
74 16 1331 
21 40 664 
82 84 883 
15 87 318 
59 58 1120 
60 39 702 
57 46 1552 
65 74 347 
28 29 384 
62 92 1113 
97 30 1166 
2 31 1631 
28 58 1036 
11 83 1541 
46 35 1131 
40 62 459 
73 84 462 
46 23 1300 
86 11 694 
62 96 184 
19 22 1507 
88 20 932 
50 59 437 
71 34 1322 
82 47 1035 
3 21 626 
54 89 1086 
97 91 124 
42 53 119 
94 18 322 
60 68 1011 
54 94 999 
4 60 254 
14 92 51 
3 5 823 
49 67 1231 
18 85 1478 
6 10 108 
47 24 507 
87 48 1094 
52 58 663 
9 13 1082 
21 29 875 
4 101 994 
25 42 1582 
66 96 1400 
59 95 1410 
34 78 544 
31 55 939 
57 10 1145 
32 19 198 
50 64 557 
64 96 1497 
86 30 610 
24 16 1381 
32 83 1121 
12 83 455 
47 30 871 
83 20 1317 
9 80 944 
11 66 321 
85 74 1327 
51 76 1265 
65 3 1627 
96 75 1054 
51 12 1005 
51 101 1175 
91 48 435 
44 87 1461 
61 70 722 
55 57 270 
36 77 1052 
20 40 685 
5 83 117 
93 49 1306 
30 53 895 
91 34 136 
21 61 1282 
88 22 293 
95 43 1422 
94 92 107 
35 12 751 
85 62 1593 
2 33 1168 
22 47 304 
67 100 1618 
49 16 553 
37 72 594 
38 36 1575 
40 50 906 
49 27 1588 
57 14 1480 
3 60 608 
36 47 1486 
59 91 6 
39 102 218 
62 23 365 
21 48 441 
55 59 333 
72 99 1230 
51 47 199 
44 56 109 
76 67 553 
30 66 650 
64 14 1132 
45 80 1326 
38 101 567 
85 80 444 
35 30 1278 
72 3 890 
72 33 989 
64 87 1626 
81 17 574 
96 64 568 
81 34 927 
84 59 556 
60 13 1298 
41 36 1599 
43 68 1099 
87 11 422 
30 6 1035 
81 59 551 
81 2 457 
72 66 1020 
48 44 604 
102 6 749 
72 53 1161 
46 15 1484 
77 33 1575 
65 23 301 
34 96 102 
11 67 956 
73 2 1220 
25 5 925 
8 90 764 
19 95 1497 
63 43 1021 
23 17 951 
57 86 1487 
74 6 427 
39 19 1288 
12 39 1141 
58 39 1256 
80 31 60 
73 49 776 
16 40 407 
46 60 627 
7 3 1315 
58 13 1295 
50 57 1329 
69 101 1564 
51 88 1414 
80 99 825 
79 63 917 
17 85 198 
61 52 1100 
13 42 750 
68 30 758 
90 34 249 
100 56 435 
93 10 1341 
97 13 487 
10 25 1002 
63 39 680 
76 69 1586 
84 92 309 
71 99 988 
14 39 238 
38 3 1153 
51 63 874 
73 81 700 
26 88 855 
76 21 1170 
84 53 455 
8 52 60 
6 94 997 
51 8 694 
98 32 929 
68 81 1163 
70 62 164 
61 60 1007 
10 91 936 
101 52 1322 
47 10 1154 
49 88 746 
35 8 1425 
13 33 152 
12 2 904 
