8 8
300
86 11 36 9 46 50 58 100 1368 
5 9 26 80 17 90 9 27 1119 
5 99 72 8 10 86 29 53 1271 
30 91 45 47 55 68 79 40 1579 
57 69 94 83 94 54 47 52 1362 
18 73 96 76 21 75 23 26 1527 
22 81 3 51 81 95 72 30 135 
43 60 56 60 3 79 93 53 947 
79 24 7 19 63 60 3 14 1305 
86 56 72 72 26 31 75 59 969 
98 8 90 100 14 66 46 6 1506 
32 60 72 19 85 70 17 46 40 
91 4 20 45 51 70 15 88 1205 
40 73 36 26 87 46 19 97 745 
72 80 12 42 75 58 67 73 878 
12 69 73 4 56 82 29 86 895 
43 55 59 22 87 28 93 8 543 
60 7 75 29 102 90 24 47 1075 
94 51 31 64 80 80 16 6 311 
5 38 19 56 99 3 91 78 689 
90 52 95 86 52 69 25 9 1076 
83 85 69 84 82 11 16 37 576 
28 81 77 82 9 83 9 89 1146 
18 7 10 74 40 25 48 36 1559 
74 10 101 64 41 73 14 35 340 
54 23 58 10 42 65 68 65 1583 
69 11 45 14 79 64 99 9 38 
60 11 47 46 38 48 16 44 435 
38 66 43 6 70 75 63 57 1089 
16 11 67 47 8 77 28 81 411 
54 62 33 39 66 34 71 56 398 
78 10 87 12 96 100 38 32 1610 
58 66 43 72 54 24 98 85 1601 
39 15 5 72 19 59 23 63 1328 
98 102 102 11 37 17 51 87 767 
84 7 17 69 11 78 78 72 250 
86 84 11 10 43 84 36 34 664 
23 8 93 29 91 35 19 42 490 
101 49 31 28 23 69 78 16 1276 
86 73 6 29 96 49 44 39 1287 
75 90 61 20 78 5 76 30 1295 
58 57 18 84 52 71 48 80 380 
88 60 64 44 35 30 5 52 996 
39 97 14 45 88 54 56 46 859 
73 82 73 27 54 95 89 21 964 
64 4 22 37 82 18 26 58 1280 
19 33 57 33 17 28 44 39 540 
70 15 71 66 30 8 18 77 1591 
54 63 8 71 57 15 71 43 788 
43 4 16 98 21 32 76 39 223 
100 42 67 48 85 17 62 22 107 
92 100 76 16 21 7 21 74 1543 
74 50 78 44 64 76 79 4 581 
21 74 96 41 92 93 94 21 565 
34 8 80 93 11 37 9 81 697 
76 28 85 11 79 49 37 3 1451 
40 58 80 93 71 83 82 43 782 
15 53 11 86 24 2 73 88 1086 
19 84 41 43 37 86 33 5 1234 
55 11 97 48 6 91 4 57 1025 
58 43 39 98 13 70 89 96 452 
36 92 6 84 40 93 83 21 321 
52 99 23 96 62 67 8 29 522 
55 68 49 22 84 69 40 16 733 
31 22 73 74 56 43 58 99 212 
73 73 73 6 68 87 71 54 947 
44 64 84 74 93 86 38 36 453 
82 16 10 39 47 26 48 53 1608 
51 80 45 82 40 65 55 37 918 
63 51 2 65 53 32 11 98 856 
65 60 32 88 38 22 15 78 1352 
7 36 28 49 60 17 88 22 1205 
17 63 25 21 21 58 30 77 1394 
29 20 66 80 30 51 74 85 1525 
71 65 44 25 69 65 82 50 8 
32 16 93 88 78 33 58 96 569 
31 46 41 75 60 63 36 88 952 
21 28 8 79 77 77 23 19 941 
33 94 96 63 41 73 58 100 994 
97 44 43 35 24 36 16 45 626 
57 98 6 83 91 84 6 62 357 
96 56 41 17 66 61 75 27 44 
43 70 7 69 19 62 2 41 722 
19 88 6 74 65 34 39 68 356 
55 52 4 14 59 81 51 64 719 
24 82 79 84 62 99 33 75 1219 
35 90 80 46 83 52 40 89 1212 
20 24 93 8 80 100 39 22 1221 
2 31 14 28 20 58 18 80 979 
69 37 28 9 43 92 60 6 1287 
46 11 71 55 76 71 6 34 655 
55 18 3 82 47 42 25 33 720 
65 9 72 24 30 5 92 73 860 
50 13 82 4 51 76 21 96 177 
8 49 57 44 24 88 18 66 1018 
60 89 92 88 86 12 48 97 1590 
11 23 84 67 65 6 19 58 344 
62 53 69 30 63 53 31 19 1369 
91 23 87 86 9 66 43 33 1372 
65 64 29 72 58 56 79 12 1183 
31 43 86 53 28 68 67 58 200 
97 33 28 40 58 70 28 58 1205 
15 28 16 20 27 34 22 56 1541 
96 91 97 15 53 53 81 2 1239 
102 41 97 21 20 53 54 48 7 
60 27 8 61 46 102 82 66 1373 
60 14 18 54 33 74 73 73 1087 
19 84 82 77 61 58 94 29 287 
81 96 9 66 68 81 34 63 467 
91 38 47 97 35 89 69 23 1447 
62 49 9 25 50 50 86 37 1039 
22 86 68 51 69 19 84 3 1148 
79 96 48 39 23 72 46 84 575 
23 23 51 95 9 40 70 34 1295 
12 58 47 61 82 33 17 13 1270 
65 41 71 30 15 34 19 92 440 
45 25 28 39 81 68 15 65 228 
16 29 78 30 84 37 40 74 742 
27 20 17 17 24 12 94 83 701 
69 95 10 19 78 19 13 27 157 
55 75 79 82 49 19 19 3 1369 
3 36 60 36 92 43 88 94 1188 
14 29 2 19 47 100 25 48 1137 
8 99 53 61 19 59 27 87 1618 
71 47 73 100 101 23 28 93 763 
87 35 5 69 33 86 46 101 1592 
11 38 30 81 59 3 49 13 63 
35 44 19 2 10 7 44 20 764 
4 17 30 81 93 56 53 40 211 
68 40 68 69 17 20 61 18 802 
73 92 90 72 53 90 20 95 795 
31 87 27 101 28 15 40 44 1372 
71 32 47 75 30 21 90 83 1187 
40 68 29 101 43 94 58 72 461 
60 34 66 43 64 100 8 24 860 
90 69 15 54 31 75 36 92 1413 
6 100 64 71 83 72 17 82 443 
24 32 46 35 45 57 87 81 159 
22 30 70 49 70 8 69 2 222 
62 88 39 56 67 53 7 54 1185 
68 91 53 96 28 84 73 86 1502 
11 57 26 59 69 52 65 16 1013 
20 59 32 58 5 83 58 57 1531 
92 70 67 95 30 94 85 21 1471 
61 28 5 88 78 86 16 60 742 
91 5 21 89 93 53 91 89 1553 
44 12 89 72 40 73 90 83 269 
29 17 29 34 77 50 62 7 1445 
61 34 82 49 45 47 38 69 858 
77 5 79 17 7 43 98 42 147 
6 91 90 34 100 98 69 89 693 
21 59 30 73 29 88 64 31 892 
17 98 69 44 36 73 20 15 1259 
41 14 13 88 38 37 41 58 259 
3 29 36 86 81 58 4 19 162 
27 6 78 93 55 77 88 83 730 
43 64 57 19 16 87 21 30 1219 
34 35 23 95 34 73 72 63 36 
22 33 18 14 42 19 63 95 147 
3 51 61 37 101 57 92 100 1546 
63 86 15 52 67 54 83 73 1378 
91 34 75 8 23 93 75 68 823 
30 32 24 40 57 23 78 20 1290 
17 98 36 68 5 36 78 12 1259 
91 72 68 66 32 71 34 74 1003 
38 97 30 70 64 35 6 63 1107 
75 24 31 94 76 49 75 68 1211 
53 25 31 41 32 13 16 86 1564 
87 66 101 55 8 85 62 41 382 
53 49 37 2 64 44 68 5 1423 
50 99 98 20 94 67 97 83 811 
35 100 67 19 56 80 39 21 1590 
70 22 18 48 34 37 26 24 310 
42 52 63 89 74 29 26 68 1423 
102 69 74 37 60 27 35 29 680 
60 36 95 59 65 44 46 100 1358 
73 4 67 64 96 72 48 57 504 
91 48 27 40 95 90 92 40 865 
27 36 64 93 15 8 95 68 1442 
28 85 89 21 44 77 46 55 1050 
25 40 74 5 91 5 96 46 1317 
18 22 42 7 68 28 91 21 1046 
23 82 91 61 70 31 83 22 1184 
46 72 6 53 97 43 26 70 1628 
83 24 47 61 99 71 27 79 744 
50 22 18 64 31 25 12 24 1193 
78 66 71 45 23 71 32 53 1216 
79 67 27 102 84 100 28 11 1579 
22 64 85 22 36 94 85 35 1623 
58 84 43 82 42 74 70 50 75 
32 40 3 77 31 48 96 50 193 
22 51 41 20 38 23 28 93 989 
92 58 32 80 62 90 72 76 1124 
36 99 27 55 34 36 96 98 1159 
97 46 35 38 27 88 82 65 1382 
63 40 48 22 56 52 14 79 1499 
77 54 80 15 7 57 80 62 842 
89 69 19 7 26 42 52 33 762 
30 56 33 46 100 99 5 11 587 
25 16 44 77 43 57 44 21 708 
95 84 41 80 61 67 36 95 1561 
70 58 16 7 72 25 5 86 375 
63 33 56 83 12 99 21 57 758 
11 14 28 64 64 7 99 59 800 
10 52 98 68 11 7 3 37 859 
24 20 46 21 74 59 34 83 1429 
91 14 74 44 60 6 21 27 1321 
71 8 96 11 10 15 76 97 551 
29 98 24 51 82 77 46 100 607 
4 92 42 71 32 83 20 10 720 
79 67 94 94 49 86 27 34 475 
61 15 11 33 47 79 25 7 1392 
67 43 35 99 100 63 69 18 586 
43 102 78 15 94 2 71 99 485 
44 38 51 41 26 50 48 87 1385 
30 74 46 64 48 27 98 54 1100 
13 82 69 33 27 33 50 85 525 
55 48 23 11 63 50 49 84 1129 
39 29 18 87 53 15 78 41 730 
94 81 56 53 19 41 35 60 277 
65 12 13 20 93 43 18 95 646 
66 21 12 98 17 67 58 62 419 
53 28 31 56 57 88 88 58 75 
81 4 31 84 78 5 34 87 1162 
61 20 38 78 71 60 76 14 321 
36 98 66 91 97 59 16 84 519 
90 11 57 26 34 37 38 39 1495 
12 84 46 9 66 32 95 100 672 
92 77 59 73 82 45 69 54 985 
43 92 9 74 70 95 73 46 1246 
18 36 88 3 41 34 68 65 495 
78 29 34 36 98 100 18 26 113 
77 19 30 14 60 82 76 98 778 
87 40 16 52 38 22 56 79 1037 
57 90 38 27 7 19 15 93 408 
31 9 96 11 58 46 89 99 439 
50 6 78 8 29 45 86 83 417 
18 28 93 13 82 20 36 63 586 
73 52 14 13 101 69 57 48 1451 
56 78 84 72 65 41 96 8 1196 
89 51 63 95 43 25 94 98 1058 
36 19 29 78 77 97 10 18 770 
17 39 7 11 53 83 56 33 90 
46 48 64 54 20 77 47 49 207 
77 80 11 91 21 5 5 23 467 
64 80 3 88 64 49 94 81 1117 
70 81 100 82 40 12 20 50 819 
4 84 102 54 33 30 85 35 629 
40 27 20 4 8 31 55 94 866 
6 59 86 17 62 40 8 79 1109 
17 97 41 101 73 74 55 2 643 
31 12 49 75 6 31 11 56 878 
53 68 75 71 29 48 59 15 1474 
68 90 24 63 48 56 62 70 628 
101 40 56 48 52 8 92 26 1351 
8 34 55 58 8 8 87 57 176 
97 48 70 95 45 60 83 89 207 
19 70 65 95 14 38 92 12 256 
102 7 18 69 81 5 65 53 1333 
39 12 83 19 79 93 46 67 358 
72 8 98 98 67 65 96 75 922 
21 15 22 19 68 98 92 87 828 
97 31 69 67 32 94 78 47 1255 
33 2 93 75 51 49 16 22 64 
22 5 42 55 75 8 48 46 610 
64 21 46 87 28 94 42 51 593 
57 7 78 6 22 22 88 64 1187 
67 49 66 75 5 48 95 72 1338 
13 43 58 64 21 88 57 16 412 
35 48 76 101 35 2 13 62 242 
30 18 85 22 69 13 35 83 1588 
75 91 18 101 94 58 12 32 124 
82 95 88 92 51 8 97 56 265 
101 68 16 66 64 45 33 67 882 
101 92 77 47 31 40 91 84 406 
11 36 56 20 92 5 95 32 1092 
30 41 70 79 27 15 96 36 244 
85 11 30 75 70 30 4 13 642 
35 37 66 51 3 69 83 88 323 
64 83 78 13 73 34 79 5 426 
88 24 67 63 53 96 25 8 1184 
99 38 68 28 17 81 66 62 1552 
4 82 40 3 97 41 95 34 865 
41 74 40 98 98 67 4 18 1439 
76 73 87 72 28 97 96 86 817 
55 38 68 99 49 14 38 76 378 
90 88 29 27 70 20 43 86 546 
37 3 42 4 26 102 93 91 1444 
13 34 56 45 8 13 91 42 1567 
89 43 27 28 62 24 44 16 493 
63 51 5 68 31 43 64 62 1354 
12 54 14 68 8 60 25 28 679 
71 47 82 18 38 30 24 56 702 
10 11 44 19 62 13 71 32 661 
87 47 6 14 84 48 30 81 1444 
86 23 37 69 5 36 83 75 1121 
52 48 15 77 46 76 100 55 836 
43 95 94 3 99 78 19 40 1328 
40 59 65 35 89 59 41 40 547 
9 43 7 10 38 89 44 21 1375 
