8 2
300
97 96 41 6 68 36 8 99 258 
54 86 20 51 83 84 38 92 279 
80 51 36 92 10 84 64 38 355 
10 92 68 95 101 12 33 89 408 
85 7 87 42 22 45 8 43 38 
35 58 24 65 44 31 82 84 332 
59 7 88 59 44 32 49 99 27 
99 61 87 10 21 96 84 55 349 
86 40 31 93 86 69 75 31 327 
67 47 51 39 15 19 31 76 336 
16 28 65 57 95 25 39 11 335 
26 28 40 30 83 91 45 98 183 
54 68 23 21 85 15 52 84 213 
60 62 48 70 80 47 14 70 112 
24 31 46 8 56 76 87 51 15 
44 40 67 62 96 18 74 79 34 
63 97 44 52 7 13 73 81 203 
38 58 49 95 18 15 64 23 275 
2 48 14 49 36 36 12 9 182 
89 100 67 32 98 3 39 53 300 
87 74 26 35 38 77 27 51 380 
58 52 24 54 100 76 51 74 128 
98 17 62 10 42 100 69 85 333 
86 8 62 48 58 67 41 79 199 
46 69 12 38 24 87 43 56 235 
24 38 101 94 83 26 72 43 148 
15 78 34 28 68 54 95 42 177 
35 12 96 59 15 23 27 8 20 
23 62 95 77 69 89 42 47 195 
84 95 28 38 77 17 31 28 5 
19 20 4 60 45 84 44 10 179 
65 67 25 80 68 77 22 51 331 
45 40 11 47 87 23 7 13 196 
20 99 37 81 30 88 22 11 359 
5 65 19 13 36 61 45 79 326 
27 6 28 53 18 28 36 88 362 
93 73 34 83 55 34 36 26 48 
11 86 39 39 60 60 89 19 353 
66 34 6 53 4 10 43 82 32 
24 69 83 11 47 44 100 31 153 
58 24 12 87 79 11 50 36 379 
45 90 48 70 65 101 41 72 221 
87 43 71 26 42 75 26 14 235 
32 2 41 98 41 31 23 33 386 
79 81 57 97 5 70 18 100 377 
63 55 5 84 71 78 90 15 360 
70 34 85 39 63 67 54 19 139 
56 49 51 19 50 34 7 65 370 
101 92 40 3 10 43 83 65 240 
56 51 33 65 10 28 43 55 405 
14 42 21 91 45 88 37 63 211 
45 46 8 73 79 8 87 90 96 
52 69 26 43 59 99 9 100 281 
5 93 41 25 78 97 35 94 97 
74 12 49 54 68 49 92 39 79 
55 85 73 27 80 21 5 92 349 
77 73 85 23 84 47 19 34 287 
14 22 70 13 40 87 85 15 320 
78 100 3 79 54 21 80 56 65 
99 80 15 22 23 88 12 60 89 
42 53 30 5 37 36 78 80 71 
53 44 46 88 44 66 43 29 376 
86 100 21 66 45 30 31 22 220 
59 94 101 84 3 83 65 45 256 
52 75 66 69 3 76 4 29 52 
73 13 39 51 81 96 96 27 246 
4 79 10 102 75 17 83 22 349 
20 71 42 66 25 101 4 93 218 
30 20 99 47 63 17 18 60 39 
19 10 15 7 90 78 23 63 270 
56 53 2 51 88 83 91 87 240 
74 10 90 40 49 90 43 67 32 
65 59 17 95 86 17 8 65 50 
74 14 82 66 45 64 35 50 163 
55 81 33 17 59 79 59 46 205 
23 82 63 27 66 25 71 59 19 
53 63 69 87 45 25 72 18 295 
80 10 67 28 7 101 51 90 352 
78 50 2 41 38 42 67 86 341 
53 49 50 59 97 88 60 84 353 
74 70 38 10 48 42 7 80 147 
87 98 77 64 78 79 39 95 39 
6 14 27 29 21 61 41 21 283 
26 23 15 81 70 24 15 78 82 
52 70 5 62 36 60 6 82 363 
10 91 73 73 22 4 78 56 289 
64 47 51 79 71 29 73 82 235 
25 8 30 55 51 102 59 89 105 
9 46 80 69 25 41 72 33 122 
100 55 3 13 5 16 54 53 128 
73 75 101 78 91 56 3 83 305 
63 57 42 73 17 36 79 72 40 
95 97 24 12 9 40 99 75 114 
59 14 5 15 3 100 71 88 59 
29 33 57 26 68 44 67 11 309 
92 29 40 69 36 35 7 61 230 
11 63 67 62 81 18 28 46 283 
74 50 56 44 4 31 22 52 161 
56 71 31 82 47 101 64 10 189 
91 92 80 71 10 45 44 62 103 
51 68 54 41 100 24 75 95 248 
24 49 27 12 49 86 96 53 367 
29 31 18 69 100 73 72 39 223 
93 5 42 13 2 44 6 73 342 
89 16 73 10 10 54 40 43 247 
23 82 44 97 77 59 55 17 129 
11 84 70 83 72 63 69 84 368 
22 12 49 84 8 79 2 9 151 
21 21 23 66 30 59 13 51 235 
14 98 29 85 60 87 13 97 363 
17 8 47 13 42 28 64 20 125 
15 41 76 68 97 70 22 36 390 
12 47 56 13 73 23 5 57 352 
65 39 54 64 73 13 90 87 9 
94 10 81 97 3 13 29 100 41 
86 48 3 61 65 26 91 2 203 
37 6 37 26 10 87 41 102 328 
80 52 70 65 80 12 68 30 110 
19 17 46 45 86 75 13 22 39 
87 5 76 30 75 73 64 54 328 
69 70 2 96 58 4 32 51 195 
44 23 70 93 95 37 99 75 348 
8 95 22 64 15 90 78 56 393 
8 52 79 99 3 28 32 101 246 
29 25 61 44 15 37 27 71 402 
43 96 12 41 33 2 88 58 245 
62 7 57 14 20 4 7 26 404 
72 47 22 44 63 96 77 73 206 
28 65 82 87 39 45 92 37 246 
88 69 21 79 13 47 68 72 387 
7 17 7 60 39 90 38 57 99 
80 101 35 18 67 63 52 62 379 
82 77 70 14 24 85 43 21 236 
82 95 36 77 78 93 101 72 228 
48 70 28 94 51 84 21 13 149 
29 72 4 60 29 53 54 88 389 
29 95 94 24 18 20 33 58 253 
92 5 25 44 19 97 7 6 375 
69 90 28 88 95 13 49 17 202 
58 24 68 85 26 92 98 74 316 
65 26 53 10 63 95 22 32 37 
15 87 54 9 55 25 61 87 401 
72 43 102 84 77 4 71 77 140 
98 8 81 35 48 47 19 44 330 
42 61 29 35 68 65 4 35 123 
99 51 71 46 26 41 93 28 129 
80 84 50 52 41 88 61 26 96 
31 82 40 9 92 14 44 21 106 
74 39 76 38 81 44 74 74 107 
67 54 84 43 44 22 16 41 245 
34 93 22 42 76 44 42 75 218 
94 92 61 59 4 7 15 22 364 
59 44 4 8 79 69 63 96 295 
43 91 40 20 95 52 54 12 116 
7 33 65 34 98 8 91 83 337 
69 10 52 79 30 25 33 59 399 
59 28 16 56 82 82 72 101 345 
18 76 98 11 7 94 79 10 362 
28 27 48 98 19 99 86 96 349 
24 66 63 17 88 38 54 97 341 
16 54 53 85 64 99 24 75 30 
88 60 5 60 2 22 36 8 134 
54 63 11 19 71 88 96 50 147 
26 2 89 62 59 12 11 65 230 
39 44 64 51 76 46 92 100 150 
84 66 66 43 83 83 6 2 138 
77 100 84 68 91 17 63 100 297 
22 28 3 95 51 39 66 99 259 
72 5 89 66 29 73 51 14 341 
74 84 21 8 58 58 79 36 266 
76 73 55 49 90 78 74 72 296 
38 91 17 28 80 86 20 36 397 
49 13 72 13 19 79 33 91 66 
55 15 71 47 19 17 74 92 105 
12 25 17 13 95 59 101 16 97 
70 48 7 37 91 25 61 32 96 
97 65 57 78 18 101 62 20 231 
5 93 74 2 56 90 61 9 46 
84 38 20 15 14 5 55 65 175 
13 21 27 49 88 88 94 80 112 
73 36 9 18 53 76 3 98 95 
53 70 94 19 78 83 14 79 385 
7 84 52 54 25 55 59 51 406 
34 58 7 88 10 78 63 90 301 
6 68 87 46 14 18 82 4 389 
52 96 45 45 36 11 94 89 391 
79 21 13 56 61 3 77 71 164 
20 67 62 18 58 89 10 10 44 
11 63 72 36 73 23 60 8 225 
59 90 24 97 96 23 82 86 284 
65 53 9 86 71 45 79 64 152 
38 36 40 57 38 28 101 85 105 
28 45 49 92 98 55 48 20 330 
20 25 74 40 38 74 20 47 235 
6 27 95 29 59 11 86 24 293 
19 4 55 97 98 12 98 56 171 
24 75 57 55 40 53 64 61 160 
67 100 101 68 39 93 71 97 239 
35 102 87 40 8 76 84 31 68 
30 25 29 63 44 83 32 98 295 
5 52 89 44 67 101 73 21 100 
75 53 66 64 28 3 54 66 223 
58 86 69 83 74 10 36 36 147 
14 6 58 19 38 44 20 69 185 
73 92 37 88 69 90 52 11 322 
54 67 99 28 11 80 29 76 49 
8 24 81 81 10 32 65 60 62 
70 57 17 25 46 62 58 83 299 
21 72 19 81 33 65 31 84 282 
41 88 97 80 92 64 32 15 184 
68 93 85 7 25 11 75 84 220 
66 31 23 39 72 30 7 9 17 
97 29 93 18 52 27 63 26 295 
22 92 67 55 95 33 17 92 366 
92 17 49 10 8 51 11 67 217 
50 4 18 69 75 85 60 37 352 
56 52 43 60 46 101 39 54 373 
91 13 39 92 24 82 40 17 379 
58 89 22 44 9 87 74 16 92 
58 56 20 84 97 59 47 63 162 
50 35 73 50 73 56 60 22 223 
18 59 82 38 30 60 92 4 198 
68 14 45 59 87 32 79 83 402 
76 9 18 81 47 64 43 92 335 
24 10 18 68 86 89 32 58 230 
45 22 27 62 94 95 11 81 198 
98 94 50 43 74 92 57 86 57 
40 39 14 20 97 40 78 70 383 
34 101 30 58 29 31 76 36 250 
75 16 17 25 72 68 15 46 401 
36 83 38 28 13 102 75 94 78 
46 27 27 89 86 26 101 79 327 
22 42 67 20 69 40 31 84 285 
101 17 69 48 7 53 42 44 354 
60 8 90 30 85 37 13 32 40 
38 88 32 93 26 95 88 95 19 
35 18 17 100 100 31 32 77 312 
54 100 22 76 49 44 39 44 291 
94 93 59 32 9 39 30 94 392 
41 9 94 76 62 13 48 9 105 
74 61 10 62 100 10 60 61 132 
91 64 41 90 56 84 24 96 10 
49 5 11 80 72 7 35 93 276 
87 80 39 11 30 42 19 67 338 
65 34 95 51 74 51 7 41 125 
59 53 56 12 54 68 11 102 17 
18 96 91 5 29 9 43 76 331 
97 83 36 101 74 91 101 61 255 
11 100 33 62 75 33 77 78 164 
16 77 28 73 102 30 39 2 291 
96 62 7 88 11 100 70 12 238 
98 60 81 67 13 95 6 2 10 
75 58 23 59 30 53 69 29 402 
57 25 83 8 64 73 19 7 405 
59 25 91 35 95 65 75 81 75 
63 51 66 35 70 102 28 66 182 
52 38 34 57 20 84 102 14 356 
80 91 98 10 50 7 96 49 314 
15 42 65 61 86 51 35 8 318 
36 24 58 83 82 100 29 69 282 
70 5 7 9 35 83 78 98 366 
24 55 3 61 41 23 25 15 99 
83 93 54 84 24 14 6 67 368 
34 99 11 100 83 82 39 28 181 
74 8 9 85 85 91 61 13 218 
79 78 85 37 60 69 76 48 311 
19 87 83 95 5 69 92 46 405 
82 27 74 23 24 15 79 53 31 
19 101 10 66 25 13 60 29 367 
9 99 41 45 25 37 6 22 167 
65 80 5 42 94 41 91 81 352 
83 58 55 72 60 9 62 60 192 
70 55 64 72 37 77 79 86 193 
63 39 3 39 19 4 74 16 298 
6 79 9 71 76 46 27 80 294 
39 39 41 34 85 68 90 38 274 
80 95 45 30 64 11 94 31 172 
87 45 41 53 100 46 36 58 330 
42 101 81 20 47 59 5 43 193 
10 31 56 38 51 83 37 96 84 
32 78 16 100 79 48 4 42 141 
35 88 41 97 100 29 87 51 154 
90 62 50 88 27 24 64 86 3 
90 51 97 60 18 6 26 6 327 
68 44 24 35 18 8 25 72 227 
10 15 32 29 52 2 45 49 140 
74 45 53 95 39 95 47 16 368 
42 77 72 37 73 96 49 21 29 
18 57 45 44 66 57 68 55 292 
72 63 101 96 17 70 72 54 250 
31 75 7 31 90 4 17 85 387 
87 75 44 38 82 34 96 30 375 
93 32 82 98 29 85 23 78 220 
93 47 63 4 67 21 35 20 185 
4 89 70 43 29 82 62 83 328 
32 36 83 69 3 89 79 81 90 
83 35 49 24 9 14 50 26 156 
36 86 10 24 5 64 89 94 168 
26 51 5 101 39 48 5 94 172 
75 26 46 75 27 88 100 54 348 
