8 4
300
41 41 25 23 48 58 16 79 374 
5 39 94 69 79 38 24 5 440 
30 62 45 28 93 96 48 64 730 
48 58 77 98 60 23 79 81 298 
28 25 96 100 63 7 81 11 210 
79 93 58 41 73 17 90 25 44 
99 15 49 32 76 86 68 70 173 
73 8 81 73 92 100 101 98 658 
62 33 101 39 48 85 70 72 582 
35 9 86 62 10 36 18 82 536 
91 99 50 12 33 95 86 11 19 
48 8 3 60 42 77 36 30 757 
8 61 69 66 64 7 14 35 498 
39 13 100 47 57 12 34 12 809 
34 52 101 8 55 40 83 24 524 
72 77 69 11 28 82 44 12 172 
101 27 37 46 100 100 34 50 798 
6 3 53 93 28 31 78 4 642 
95 102 9 31 86 42 42 44 482 
95 30 87 21 5 47 91 36 698 
66 90 54 4 77 7 42 79 171 
15 81 51 40 35 25 3 50 84 
16 72 43 98 5 58 41 40 163 
14 87 100 7 4 94 46 15 118 
29 94 27 3 91 8 21 29 521 
12 57 97 64 20 57 37 77 522 
46 70 87 98 65 38 87 29 754 
25 10 78 58 96 22 11 76 463 
87 15 83 37 79 78 94 30 678 
27 52 69 45 72 30 31 102 365 
32 33 31 91 18 64 16 98 158 
90 56 63 77 55 46 100 52 506 
85 12 93 10 6 36 55 63 630 
28 83 40 50 30 96 77 81 353 
30 98 99 21 23 83 59 6 606 
24 51 99 25 46 22 68 47 735 
56 23 29 96 38 57 86 90 126 
83 41 29 69 2 76 3 73 442 
67 66 91 12 53 2 62 34 97 
82 5 38 20 85 84 6 24 475 
18 35 62 43 37 34 68 78 529 
49 57 51 25 24 75 68 2 664 
3 46 72 29 36 6 46 6 700 
81 66 59 46 65 81 18 86 306 
96 26 31 58 46 77 37 15 628 
65 59 83 65 54 84 3 5 637 
90 92 101 58 99 32 49 89 100 
10 5 94 72 9 40 38 74 623 
54 47 102 97 93 23 29 83 386 
7 18 14 77 46 62 3 30 774 
40 40 29 101 12 59 65 29 82 
87 95 52 45 29 82 8 51 476 
80 95 100 80 31 19 85 43 583 
2 35 61 34 72 81 45 100 282 
52 55 37 45 34 66 13 44 721 
99 64 91 34 71 97 3 24 289 
99 62 11 12 18 70 87 65 768 
52 55 25 73 2 31 47 58 782 
25 37 63 36 69 88 30 88 646 
84 70 66 67 33 50 46 48 311 
27 42 39 68 60 71 72 63 732 
68 29 64 62 89 15 101 80 711 
76 64 95 25 84 32 91 5 779 
32 88 24 77 29 56 93 22 138 
61 59 79 94 66 8 98 65 482 
19 24 82 54 68 55 62 72 684 
47 4 60 9 79 57 75 42 615 
70 92 2 10 71 69 98 42 176 
12 84 100 90 29 21 73 74 660 
17 80 22 72 17 59 72 48 147 
61 53 82 25 21 26 32 31 592 
61 10 55 15 58 28 33 53 712 
87 59 78 41 38 7 76 60 510 
58 100 78 45 40 25 51 39 724 
44 89 66 77 60 100 48 14 523 
30 4 24 96 40 66 72 87 731 
44 22 17 77 51 62 63 77 251 
99 17 72 32 66 21 39 92 522 
25 12 101 80 94 26 43 48 462 
42 63 62 14 76 56 35 9 139 
75 68 40 6 16 85 69 52 793 
96 100 40 5 59 51 2 48 606 
92 67 30 94 37 5 6 23 110 
73 87 44 18 98 59 4 66 190 
28 22 99 18 12 45 28 49 388 
20 39 6 13 14 29 82 45 347 
91 83 34 37 2 94 72 99 526 
57 80 4 84 3 95 28 76 219 
79 76 56 87 68 90 58 87 688 
11 62 76 16 38 55 16 15 672 
93 93 21 6 49 16 80 73 560 
47 39 37 13 87 40 3 4 563 
90 6 18 46 81 17 10 63 302 
93 43 43 51 69 90 13 37 676 
9 75 29 43 9 97 21 13 397 
51 100 77 38 16 36 86 28 76 
68 49 14 6 98 88 79 90 245 
29 98 71 49 2 53 57 95 244 
43 49 99 23 26 70 69 61 515 
64 56 30 9 67 43 81 47 713 
72 5 78 43 66 21 67 94 117 
81 4 100 26 83 22 6 45 647 
14 47 25 46 40 39 25 17 273 
4 22 34 30 70 58 65 86 737 
55 2 85 80 59 34 56 89 469 
67 40 75 10 5 24 64 69 811 
66 28 67 41 20 51 88 65 593 
84 53 36 44 63 99 32 53 350 
98 36 91 93 92 52 82 59 622 
62 97 19 12 69 2 58 101 473 
27 16 84 36 95 96 61 74 299 
25 25 80 78 80 54 81 68 278 
13 76 39 17 62 63 75 27 556 
58 74 86 36 88 64 41 7 307 
63 64 43 97 33 20 16 58 279 
100 86 19 67 33 3 68 47 206 
23 12 56 23 63 69 28 5 815 
54 91 40 18 39 75 16 20 35 
95 18 44 21 3 5 29 77 337 
53 93 43 85 70 43 39 20 777 
86 43 3 75 71 30 20 64 549 
99 84 49 46 52 16 99 75 238 
85 4 11 52 96 88 28 77 100 
61 71 24 99 81 21 79 33 630 
5 22 50 16 3 42 38 32 754 
96 9 43 29 88 96 14 56 133 
88 35 49 17 49 96 18 61 754 
48 102 5 30 69 22 38 96 437 
83 71 3 71 16 65 96 34 555 
73 34 85 29 87 27 5 93 795 
32 91 75 56 100 44 49 93 253 
91 68 42 24 93 95 43 32 697 
17 19 21 85 23 17 28 47 222 
12 20 16 80 28 78 24 8 41 
83 30 72 60 24 25 35 7 544 
30 51 43 92 88 57 42 90 602 
80 49 70 60 30 55 17 39 592 
19 13 42 66 102 87 90 62 24 
17 59 97 98 53 18 50 100 781 
88 22 34 61 40 40 4 46 481 
39 25 102 19 45 87 53 18 768 
28 65 52 58 4 28 55 27 252 
81 85 98 54 12 32 59 31 146 
43 60 74 4 64 58 28 53 305 
5 100 16 12 47 37 24 24 287 
48 33 20 8 8 16 9 25 498 
65 87 15 72 62 16 69 12 474 
24 26 3 96 32 52 91 51 225 
19 70 40 63 32 90 97 14 804 
102 37 53 61 97 41 97 66 545 
26 35 40 102 45 36 79 2 796 
36 54 3 70 18 59 88 92 452 
25 4 56 28 77 50 17 69 613 
9 65 31 64 101 68 86 67 133 
92 19 27 6 86 32 92 63 491 
100 34 21 96 74 6 86 74 507 
14 100 60 91 86 78 61 72 304 
70 74 54 37 86 53 43 99 600 
33 21 19 26 38 17 90 20 291 
58 14 93 27 80 29 6 73 547 
60 2 34 51 46 16 95 24 720 
10 64 50 69 55 78 33 55 432 
47 90 65 46 3 69 42 5 475 
49 45 96 27 33 15 86 85 785 
43 84 77 6 33 15 28 83 452 
89 91 61 17 96 27 76 61 677 
6 16 101 68 10 43 58 49 647 
96 84 33 38 85 73 82 92 582 
80 43 60 51 19 23 13 55 116 
101 34 51 71 53 74 32 82 561 
99 77 75 35 50 86 36 34 801 
26 54 8 90 37 6 56 99 151 
27 57 99 81 56 57 29 58 122 
32 27 34 61 8 5 4 85 124 
100 47 95 76 17 87 24 89 12 
10 13 99 47 17 56 56 6 206 
74 21 23 20 8 94 71 6 62 
68 67 48 5 88 54 91 58 425 
27 54 42 14 58 69 56 21 370 
20 87 12 80 8 4 80 32 523 
96 82 40 3 6 13 80 58 188 
57 7 27 47 58 61 4 30 431 
87 62 64 55 66 89 49 54 152 
99 91 61 46 27 58 90 97 624 
16 26 49 30 36 2 46 101 117 
22 75 32 53 77 80 51 94 575 
4 43 18 54 57 55 95 82 547 
66 13 82 70 59 63 85 91 37 
7 59 27 64 11 68 75 28 647 
91 49 16 83 97 35 88 89 441 
63 64 71 97 37 56 35 82 711 
36 54 18 71 70 89 75 46 292 
47 41 34 52 81 31 75 6 276 
55 85 18 49 85 72 9 24 219 
37 13 23 73 31 31 80 41 605 
66 22 80 29 10 54 99 43 386 
24 13 85 42 23 33 22 82 790 
73 89 71 47 63 49 62 40 269 
16 76 12 5 74 42 57 12 686 
57 29 78 67 52 44 25 87 90 
45 97 91 92 53 51 34 10 422 
7 20 61 34 69 72 21 85 547 
39 22 41 45 88 14 49 67 435 
23 8 39 29 24 78 38 18 356 
45 26 25 63 72 66 91 52 745 
27 26 62 8 48 69 77 88 534 
73 2 11 80 45 88 98 13 14 
17 80 98 85 98 52 28 77 484 
46 78 51 77 57 38 22 24 337 
95 17 62 72 54 38 13 66 133 
37 68 83 39 67 61 65 76 590 
97 45 30 11 82 73 10 33 87 
18 98 48 75 59 23 47 5 780 
43 47 27 63 74 33 36 93 78 
80 9 13 92 15 83 66 28 649 
15 86 37 91 64 23 27 97 557 
72 64 11 62 94 64 66 23 240 
49 36 73 99 77 91 63 31 199 
101 28 85 67 11 34 44 33 153 
62 54 84 6 37 79 65 66 243 
3 21 16 51 28 94 53 19 745 
11 19 11 49 30 35 99 28 563 
87 7 55 79 20 63 46 5 565 
49 45 101 96 35 13 61 63 87 
12 53 102 94 16 94 42 35 124 
11 15 26 51 9 12 10 81 485 
79 26 3 55 7 25 24 6 604 
94 16 85 100 90 69 25 89 613 
71 95 93 62 39 87 48 36 734 
47 99 38 91 88 57 53 84 302 
12 59 48 79 72 12 20 50 153 
34 13 28 59 29 22 36 41 700 
71 18 89 17 9 73 35 79 59 
40 5 30 30 49 8 32 15 249 
31 94 25 83 44 90 69 16 190 
66 90 73 17 57 50 71 85 538 
52 96 51 77 46 94 5 82 370 
92 6 66 22 28 16 92 7 379 
65 89 76 101 51 95 50 71 725 
38 25 50 82 61 66 42 83 150 
83 56 50 33 81 64 45 78 89 
61 46 64 58 27 52 3 8 780 
94 53 48 58 29 78 6 68 462 
99 12 46 2 82 48 98 11 415 
100 34 11 14 57 74 84 91 201 
29 82 100 100 81 55 70 50 243 
74 27 29 75 29 15 8 48 541 
68 60 66 19 62 19 101 5 608 
89 82 98 76 76 40 53 79 702 
61 101 33 93 34 34 18 26 685 
26 27 7 98 8 11 8 18 251 
63 12 22 83 101 78 80 84 556 
36 101 53 91 24 52 29 49 383 
37 77 29 34 3 39 35 78 635 
72 93 76 88 70 60 10 93 548 
68 79 2 57 15 52 66 84 204 
35 37 6 57 71 61 65 73 334 
6 31 11 85 51 26 100 11 739 
96 50 33 95 83 33 85 62 570 
49 82 64 78 70 21 14 102 335 
76 17 24 18 25 99 19 6 504 
60 85 31 79 60 6 62 72 281 
96 42 55 75 74 11 91 18 745 
80 30 63 93 73 51 85 26 767 
71 80 26 37 78 80 71 27 630 
43 72 24 60 18 99 86 20 487 
90 3 45 15 29 9 7 41 618 
2 69 14 82 96 36 12 93 753 
12 61 66 77 6 48 34 50 377 
71 22 14 66 8 55 91 97 189 
53 58 53 19 31 39 4 71 476 
67 63 78 90 50 28 7 76 486 
97 14 99 99 83 81 63 38 154 
66 39 63 61 92 101 13 61 282 
43 95 32 30 75 37 90 69 708 
72 83 74 88 61 34 95 96 674 
28 56 78 74 57 95 20 40 265 
100 8 73 79 80 91 93 66 663 
32 70 41 65 11 16 95 93 452 
49 80 80 31 68 98 19 87 48 
60 71 40 39 11 37 5 93 496 
18 95 5 85 97 97 53 65 217 
46 65 47 64 81 66 40 73 491 
56 71 42 76 62 95 85 35 771 
46 95 60 5 62 20 55 78 798 
54 66 85 85 80 4 72 75 180 
63 98 92 76 101 40 77 50 181 
22 44 35 13 102 64 2 9 573 
70 42 5 28 11 5 68 88 66 
79 73 92 40 6 89 73 24 298 
6 72 96 22 30 14 98 35 285 
66 44 66 23 85 73 34 4 267 
21 36 89 89 9 15 32 100 630 
34 84 39 48 42 79 28 98 304 
78 50 14 93 32 78 70 4 360 
46 58 90 21 8 5 57 54 719 
51 19 65 83 92 32 37 67 410 
99 20 4 88 97 89 36 58 439 
22 29 7 13 21 7 71 88 346 
91 14 79 37 94 90 91 79 646 
