6 2
300
39 40 80 63 18 76 392 
23 89 68 64 83 55 316 
39 6 42 9 99 62 366 
70 53 62 98 51 92 243 
32 40 4 32 69 90 211 
86 70 44 15 92 58 78 
79 31 36 70 51 89 252 
45 49 43 66 100 77 283 
89 19 68 69 87 39 375 
51 66 34 16 67 28 220 
39 100 96 10 6 73 372 
24 28 30 102 5 100 354 
93 63 69 71 15 84 396 
52 78 48 7 21 29 116 
66 4 56 86 63 10 26 
51 50 58 96 6 80 263 
94 40 70 84 41 7 239 
6 67 47 54 45 59 355 
24 50 4 87 46 65 238 
25 75 17 44 92 83 169 
15 13 78 11 7 35 240 
40 80 25 82 24 72 247 
39 12 34 19 53 21 114 
102 56 10 62 17 8 279 
67 54 42 51 26 19 371 
57 71 45 41 26 30 342 
72 81 7 24 96 100 352 
66 85 27 40 64 16 57 
59 69 51 92 29 92 301 
28 86 33 99 54 71 336 
43 92 81 29 93 46 122 
77 6 40 23 10 84 5 
71 17 13 65 6 79 399 
4 95 51 99 40 12 182 
97 76 27 43 30 6 96 
95 48 13 73 72 86 337 
66 14 71 21 10 75 230 
71 22 37 51 94 86 159 
98 32 33 55 36 87 323 
32 15 82 82 80 80 312 
71 102 94 36 96 17 157 
84 82 80 32 39 90 110 
55 92 94 38 22 86 394 
18 82 20 38 100 5 139 
101 91 41 32 97 82 408 
23 45 17 100 71 2 62 
52 54 25 99 99 54 312 
25 89 45 60 95 82 215 
21 76 100 97 14 6 340 
92 41 102 44 10 29 135 
50 79 40 53 86 84 271 
30 97 42 3 53 59 310 
4 98 74 4 2 49 7 
71 19 5 59 98 34 245 
15 25 56 91 28 46 307 
12 7 9 12 100 88 373 
81 60 96 63 49 9 360 
46 30 43 10 81 34 323 
62 37 96 90 52 8 64 
74 87 14 27 16 3 375 
92 67 94 4 63 12 368 
61 11 98 51 26 74 282 
97 16 83 48 14 98 207 
72 15 24 49 82 78 27 
75 84 38 35 9 98 220 
65 51 8 20 24 91 3 
28 100 41 28 37 48 315 
74 33 81 4 6 43 82 
53 72 57 83 36 86 353 
29 62 18 19 77 17 133 
67 77 30 92 9 52 183 
17 85 23 47 32 31 7 
53 59 33 4 57 36 50 
80 53 39 90 7 16 402 
41 25 11 61 33 47 30 
58 53 14 99 93 77 150 
90 36 38 6 57 87 311 
5 87 17 23 84 22 353 
26 93 4 5 38 48 312 
61 14 88 101 86 96 387 
8 21 7 66 61 77 370 
19 3 86 52 31 24 149 
40 96 41 51 26 22 132 
62 12 97 57 31 62 117 
24 52 8 73 93 83 393 
68 12 59 25 47 98 30 
92 20 54 10 26 42 87 
20 49 51 62 76 65 191 
10 13 11 32 17 64 389 
53 80 82 40 43 42 296 
86 84 29 81 26 27 285 
94 44 49 7 22 9 17 
5 58 13 19 20 52 236 
101 51 95 32 36 14 162 
42 75 72 85 2 51 141 
68 25 82 52 40 79 68 
71 63 26 97 57 94 195 
24 71 23 25 92 17 347 
35 36 52 92 16 32 214 
71 79 25 21 61 71 154 
36 32 69 83 75 43 125 
89 71 36 81 22 94 75 
6 52 62 13 36 51 134 
91 33 61 26 49 66 406 
86 4 78 98 24 12 361 
40 55 44 19 75 57 188 
67 17 13 96 40 36 266 
29 65 11 27 22 7 182 
101 10 59 28 79 33 14 
69 60 85 100 84 31 268 
98 20 96 63 97 89 101 
18 50 33 11 32 37 233 
41 69 73 4 7 46 161 
48 87 93 98 26 45 398 
59 30 98 59 7 101 130 
47 17 66 27 20 22 342 
62 28 20 50 98 48 118 
93 14 98 78 87 29 207 
34 5 67 73 46 29 240 
22 37 54 27 37 27 382 
54 9 78 89 26 57 351 
61 75 50 29 99 71 269 
18 102 82 21 75 83 53 
14 101 56 76 95 27 163 
93 68 25 63 23 37 161 
7 21 91 63 73 67 298 
32 19 46 49 60 95 20 
37 74 7 64 46 83 163 
10 24 15 33 32 48 280 
10 27 68 78 36 29 46 
83 93 60 3 18 42 338 
84 13 29 38 34 37 230 
96 19 101 78 56 102 396 
99 78 33 43 20 7 91 
94 80 73 26 68 96 223 
83 49 63 30 44 59 107 
13 89 97 100 13 14 59 
10 69 102 82 29 16 340 
17 29 62 100 37 63 370 
35 57 14 68 44 4 54 
72 40 50 14 45 73 350 
91 38 46 9 94 10 342 
12 74 45 41 82 73 267 
22 3 32 9 98 37 321 
33 85 33 71 13 3 155 
32 53 70 86 45 100 109 
93 18 93 45 55 9 94 
86 71 29 64 33 50 203 
39 21 8 49 38 9 237 
55 15 40 84 9 48 330 
22 77 57 39 75 41 121 
87 41 66 45 31 58 194 
16 6 10 82 56 90 379 
35 64 39 9 92 71 156 
6 55 63 48 63 44 261 
96 74 27 59 11 22 212 
82 44 6 9 54 13 162 
10 32 4 55 60 90 357 
15 20 32 85 72 93 332 
88 5 99 70 16 86 83 
34 85 25 47 70 43 218 
22 35 102 41 60 101 389 
24 61 95 5 56 78 331 
56 96 76 40 31 72 381 
41 9 41 40 29 21 311 
49 81 10 92 49 36 378 
86 32 46 14 95 88 261 
45 6 67 62 9 41 318 
91 50 9 41 72 62 330 
29 63 3 33 81 21 306 
82 87 15 9 44 90 286 
66 32 28 38 86 32 392 
5 76 80 22 82 100 241 
33 3 53 79 76 14 237 
72 46 83 16 69 91 259 
20 54 55 67 53 10 102 
21 82 5 88 32 87 96 
88 25 13 101 23 18 202 
86 64 33 70 79 14 384 
88 47 24 19 43 35 348 
24 27 57 32 92 36 50 
23 50 92 46 29 37 341 
23 73 17 48 75 16 142 
93 24 99 76 98 32 135 
38 82 71 92 54 40 264 
100 58 71 33 84 39 257 
15 42 26 51 80 13 267 
76 9 73 70 21 53 129 
5 61 58 96 6 81 348 
70 24 56 77 99 21 96 
17 48 17 93 78 74 316 
84 75 27 20 22 69 252 
75 99 24 35 89 35 385 
99 15 38 80 60 80 185 
20 71 76 83 94 44 242 
63 58 78 45 81 56 87 
88 33 78 86 14 26 389 
27 35 44 11 88 31 75 
36 81 16 20 96 34 261 
6 52 39 30 27 4 51 
43 48 92 10 81 75 48 
84 62 95 49 56 52 382 
39 34 74 8 15 43 113 
79 65 26 87 24 59 335 
83 41 58 89 23 85 342 
89 54 3 9 57 8 213 
21 22 74 42 84 72 273 
21 68 25 14 63 87 260 
85 68 25 59 18 31 5 
23 39 62 35 69 12 205 
82 72 101 60 37 78 240 
44 55 48 42 89 17 255 
75 35 77 62 101 22 18 
88 81 52 41 79 53 398 
85 14 8 18 62 19 161 
97 26 56 28 11 7 167 
15 79 20 31 16 41 195 
6 87 75 70 92 48 381 
94 51 21 60 26 63 244 
43 41 26 29 101 25 320 
11 23 36 92 17 65 299 
4 34 12 65 15 52 321 
28 35 49 73 73 48 16 
77 37 70 87 46 83 295 
39 95 5 17 17 71 388 
67 42 80 76 85 22 367 
19 11 97 14 13 83 62 
8 79 58 30 79 77 139 
88 67 7 74 84 3 263 
41 9 50 99 83 85 252 
96 71 98 90 28 16 241 
28 76 75 35 102 59 129 
19 49 89 40 97 63 323 
76 76 5 3 21 27 318 
4 49 16 32 100 55 52 
10 62 42 54 63 77 243 
94 34 41 84 45 35 91 
62 63 61 88 24 84 82 
97 96 89 8 90 83 100 
29 60 4 4 6 21 40 
89 49 88 36 89 22 337 
44 66 20 78 94 58 171 
88 57 47 78 73 95 52 
68 55 47 75 96 37 264 
75 39 82 41 16 15 299 
16 75 54 37 65 39 220 
32 71 32 98 27 85 169 
5 60 29 36 28 99 88 
96 43 63 95 87 20 279 
29 40 39 81 45 71 296 
84 94 42 10 58 61 148 
86 17 79 71 55 25 287 
81 55 7 90 18 54 80 
34 93 45 80 21 87 13 
32 96 19 84 16 71 86 
68 88 28 73 40 87 44 
28 86 26 34 96 100 198 
87 33 93 30 19 55 208 
3 99 32 39 75 35 219 
23 62 89 41 57 52 56 
69 82 19 79 69 11 25 
9 21 48 27 89 56 186 
64 28 56 99 18 72 265 
91 98 36 67 54 59 22 
26 39 96 42 50 37 75 
54 76 53 52 46 47 381 
81 86 14 88 81 10 242 
35 35 43 41 82 51 318 
86 85 14 17 54 3 340 
84 54 87 41 21 29 44 
54 5 50 74 27 73 45 
13 24 82 75 51 48 370 
6 54 3 71 88 42 279 
93 41 36 94 46 12 394 
34 29 49 61 83 51 331 
32 95 69 56 79 69 297 
63 34 44 5 57 95 319 
102 86 72 35 89 44 251 
66 16 81 83 63 16 323 
97 35 16 70 99 12 303 
61 35 16 11 75 98 125 
9 94 91 91 20 21 134 
45 78 28 96 9 22 268 
82 90 75 18 55 96 268 
101 31 37 60 85 6 168 
53 58 26 16 49 33 235 
24 93 94 45 97 48 216 
59 89 76 92 92 11 323 
47 43 95 21 4 67 34 
65 56 33 37 17 94 374 
22 4 81 62 90 10 238 
99 83 75 60 49 15 172 
43 63 69 95 97 64 25 
17 33 97 47 68 52 239 
39 63 10 83 57 63 151 
87 97 32 3 3 23 197 
62 21 63 57 54 68 91 
95 66 44 22 32 88 26 
73 86 18 24 60 102 246 
22 67 79 94 54 7 231 
