8 6
300
88 98 66 63 15 101 43 12 78 
33 74 71 32 26 24 97 97 412 
95 42 74 77 93 43 33 84 595 
91 49 63 95 6 34 11 89 729 
78 42 52 32 5 78 57 61 30 
78 32 92 55 43 73 36 22 145 
34 13 7 25 31 33 53 54 761 
48 40 70 38 23 40 64 20 681 
85 64 40 98 22 34 41 57 642 
61 38 9 92 61 86 23 79 925 
56 56 13 21 81 52 16 11 260 
36 41 11 54 92 24 17 53 707 
76 39 93 76 86 76 80 94 199 
58 58 81 86 18 46 64 10 791 
47 66 85 89 84 13 13 7 197 
45 9 48 86 77 11 28 49 493 
86 82 72 38 43 89 36 60 654 
44 52 26 67 92 84 60 72 1060 
77 89 57 82 65 81 60 37 1049 
72 73 83 72 60 71 6 80 345 
96 11 25 98 55 25 60 70 678 
94 80 18 66 28 7 24 54 733 
87 6 19 93 80 8 3 66 1065 
75 74 93 57 63 14 56 66 754 
66 81 36 34 25 97 25 68 691 
71 8 47 78 50 9 11 21 903 
13 5 32 18 97 91 38 87 1174 
66 39 19 6 13 65 45 60 895 
28 55 83 25 70 15 52 34 715 
44 99 26 87 48 44 41 45 742 
33 49 86 47 98 40 101 61 350 
41 67 97 85 35 92 36 85 799 
94 90 37 20 68 64 32 96 1083 
74 81 94 77 68 70 4 14 133 
91 82 60 46 26 11 86 13 824 
65 61 66 37 53 64 79 48 670 
28 16 83 24 17 3 51 29 981 
39 66 101 30 83 23 81 47 38 
10 51 67 28 35 57 97 69 431 
27 39 30 32 100 22 15 78 1200 
32 69 68 58 96 98 30 49 577 
70 37 81 45 57 9 61 72 1189 
92 101 83 28 29 50 68 27 1105 
54 9 68 82 17 6 25 52 947 
39 54 57 70 100 88 10 29 395 
58 84 84 24 72 30 24 25 944 
19 6 42 20 92 72 8 78 496 
83 90 22 77 22 8 31 24 223 
44 24 3 97 19 102 18 12 526 
11 32 39 40 59 94 29 7 561 
39 22 64 87 64 23 48 29 476 
14 84 64 78 95 50 12 82 14 
78 25 88 43 4 82 29 99 567 
6 45 33 30 49 17 62 94 30 
58 59 62 82 51 92 63 6 345 
83 35 40 90 30 79 93 53 1010 
61 98 19 84 60 67 77 44 1034 
10 85 36 49 18 2 48 56 278 
43 98 76 98 82 101 54 48 791 
11 17 17 56 39 98 34 3 1175 
87 76 101 97 7 9 8 55 251 
96 36 19 39 44 76 57 52 677 
11 65 19 21 32 15 2 69 324 
71 56 48 40 17 17 6 63 975 
26 48 93 68 93 28 80 60 140 
49 73 75 43 101 89 43 26 460 
81 69 46 88 97 40 83 38 1211 
76 58 22 4 35 83 96 33 44 
66 44 74 92 42 74 4 55 1167 
55 30 57 61 99 93 80 27 1156 
38 39 54 55 87 56 29 6 31 
94 47 40 94 49 70 86 79 997 
67 91 28 74 87 44 45 30 102 
45 18 61 31 27 10 89 61 1146 
54 12 59 20 65 38 72 12 97 
59 63 83 90 77 22 12 14 444 
70 66 55 12 13 59 48 86 1081 
46 65 22 32 8 90 76 34 818 
27 49 28 92 4 77 36 87 826 
29 58 43 41 21 14 74 20 1157 
43 44 102 101 74 81 50 28 578 
89 29 57 95 15 44 55 87 802 
12 80 65 80 78 27 92 21 346 
49 7 46 10 60 89 96 35 1107 
69 27 77 49 44 77 30 49 714 
15 36 44 101 88 36 49 64 492 
34 65 68 76 11 55 53 3 259 
6 81 71 70 101 82 54 88 731 
92 65 39 89 52 31 69 79 1038 
88 50 22 11 63 98 49 64 863 
27 95 18 25 99 43 56 26 829 
91 47 38 64 49 102 77 59 1211 
5 47 14 39 9 34 70 67 642 
4 96 20 74 22 39 12 29 1144 
46 69 68 98 35 28 64 80 399 
51 26 4 22 37 7 100 46 212 
60 90 87 86 57 34 91 55 367 
52 19 26 101 54 21 8 33 1091 
35 10 14 88 77 32 102 21 507 
53 84 61 15 77 79 22 54 484 
10 62 15 37 9 82 99 14 744 
10 53 73 84 16 6 18 67 440 
7 74 15 58 86 38 92 40 872 
72 39 44 50 81 3 82 100 869 
78 100 3 34 91 66 71 93 832 
72 71 70 58 99 12 43 16 969 
29 54 78 78 46 71 11 28 908 
21 62 74 72 4 18 35 41 823 
37 76 85 51 89 95 70 22 850 
6 17 42 34 9 66 24 55 559 
97 2 55 34 25 65 91 52 383 
98 102 68 54 25 60 45 8 498 
98 79 68 85 10 26 102 7 144 
36 88 56 10 50 51 72 40 482 
16 5 53 22 62 38 64 74 250 
5 54 94 85 92 3 26 28 933 
82 15 94 31 34 19 53 58 786 
80 90 53 20 83 87 20 31 37 
92 78 19 31 23 38 6 99 657 
22 53 99 55 86 25 75 92 308 
49 87 73 36 71 6 74 86 1029 
71 87 72 9 66 63 100 36 613 
61 52 93 58 27 37 66 34 60 
69 27 7 31 47 93 62 73 545 
34 58 9 15 59 39 54 37 141 
85 15 89 38 57 52 75 16 490 
36 93 61 38 72 39 102 7 726 
81 42 42 81 48 95 18 68 959 
45 48 95 56 6 92 26 83 230 
20 33 72 57 58 33 53 29 975 
87 98 88 72 15 54 80 74 1164 
73 6 69 95 22 91 73 32 828 
49 81 89 71 14 91 20 83 899 
91 26 86 11 30 22 16 33 857 
94 75 35 43 79 34 97 55 936 
54 27 13 83 86 28 66 6 581 
94 18 86 99 53 34 81 91 589 
13 64 78 49 82 91 21 81 694 
37 8 5 57 76 61 15 68 697 
64 10 42 59 47 26 75 23 186 
88 97 24 3 64 90 86 86 1110 
2 8 47 25 65 7 72 31 1207 
47 39 44 27 86 87 77 19 990 
10 56 19 54 76 61 76 35 1023 
37 36 46 17 74 92 70 14 746 
14 41 47 38 90 18 27 30 1028 
75 62 13 39 28 47 9 78 370 
76 50 33 88 51 31 23 37 1156 
57 32 68 54 59 74 26 65 951 
38 74 68 3 29 48 77 3 894 
74 100 11 102 10 97 62 97 786 
31 29 93 18 16 55 24 73 1198 
20 23 5 42 15 65 69 74 54 
66 75 23 87 13 50 58 51 452 
88 57 24 72 94 65 9 97 445 
89 22 60 15 81 59 50 59 971 
72 34 87 48 35 38 93 98 270 
45 46 18 45 62 67 18 38 192 
78 50 32 42 35 20 28 82 636 
49 53 96 66 39 56 71 88 209 
53 41 24 88 81 98 43 66 622 
23 46 62 94 100 45 43 75 103 
52 32 102 70 22 55 86 46 557 
30 81 9 63 76 75 50 67 1187 
95 91 71 36 102 70 69 8 442 
94 56 55 53 25 66 48 21 691 
19 86 22 72 4 37 52 14 1042 
46 61 72 89 46 35 48 50 1018 
41 17 32 33 2 16 19 94 1103 
94 79 58 44 17 57 19 33 989 
79 26 90 36 86 89 85 25 574 
68 7 12 22 7 77 83 9 45 
28 88 85 8 55 11 47 60 431 
31 3 46 16 72 15 54 70 298 
98 7 34 45 50 79 69 52 1070 
82 74 74 83 63 11 54 93 550 
99 74 73 80 92 28 54 56 271 
5 54 37 99 70 39 53 88 28 
74 85 40 8 41 4 24 67 1049 
65 50 42 37 65 81 70 57 1181 
55 19 17 8 93 96 57 66 1207 
54 85 7 37 32 77 9 82 97 
9 93 35 70 58 27 42 91 78 
84 70 91 58 30 15 42 100 839 
89 68 94 46 53 77 6 72 999 
83 30 20 67 30 85 73 64 782 
65 87 63 92 67 4 89 75 1172 
12 98 57 94 97 35 9 21 165 
18 64 42 61 67 88 46 61 752 
90 19 42 8 87 69 51 79 156 
9 99 3 92 59 80 81 96 906 
29 91 35 87 60 11 72 57 1216 
26 7 22 77 48 8 43 101 694 
58 6 13 90 45 20 22 101 269 
14 28 7 64 82 72 14 19 854 
30 5 60 32 38 32 69 27 889 
94 35 53 97 51 60 23 25 1109 
65 41 49 17 67 61 89 59 354 
96 64 27 52 64 32 38 14 1180 
100 28 69 83 22 20 47 30 817 
73 19 80 50 42 59 82 51 951 
25 15 39 102 45 81 3 75 770 
49 44 72 24 60 39 63 25 1191 
25 84 21 31 72 40 94 19 491 
53 48 24 70 72 15 54 16 1216 
61 101 84 90 82 49 57 100 1043 
98 51 61 43 88 19 62 59 828 
61 96 45 102 9 28 41 52 331 
43 81 75 59 72 47 39 4 303 
17 37 4 74 77 75 55 98 830 
83 12 62 6 11 15 47 95 247 
59 61 93 58 51 32 22 16 226 
15 41 81 16 6 86 95 47 264 
68 89 21 72 49 14 61 60 485 
69 39 72 61 14 79 27 82 529 
35 61 88 73 53 63 57 42 695 
91 69 8 79 14 66 94 81 68 
3 89 14 82 99 93 93 56 942 
50 55 29 4 91 25 43 61 1050 
38 97 38 60 17 9 57 72 1111 
35 92 27 8 69 35 73 26 1143 
33 56 64 96 82 100 86 9 1060 
32 88 80 85 38 55 80 58 1037 
71 45 74 7 27 29 3 60 778 
54 44 88 96 33 67 32 12 68 
26 43 16 40 76 10 23 27 1024 
15 52 56 74 30 13 50 4 994 
23 28 31 37 96 25 36 34 797 
2 37 58 15 55 28 49 56 188 
72 33 71 66 87 101 45 90 92 
12 82 16 77 48 31 86 11 1027 
78 92 49 94 6 44 45 22 1100 
30 2 100 30 27 76 98 80 867 
15 60 43 32 93 8 17 27 637 
53 27 91 29 31 46 45 73 792 
70 80 30 28 22 66 12 17 1073 
12 84 57 42 81 71 60 73 623 
45 48 101 43 79 81 92 94 1161 
3 3 73 55 87 56 11 30 1214 
45 88 40 79 22 78 20 7 524 
99 13 48 22 71 59 95 102 302 
68 29 4 51 38 30 72 11 179 
18 58 99 3 33 54 72 17 1041 
15 68 28 25 25 73 38 95 986 
51 83 34 16 62 87 31 45 14 
99 96 53 11 9 14 63 4 599 
48 98 82 96 52 56 74 82 420 
100 45 6 33 14 44 50 22 340 
85 4 99 14 73 90 53 74 249 
36 6 60 17 64 23 24 93 1189 
2 57 33 80 44 82 53 33 1223 
99 69 84 11 63 89 86 81 5 
54 36 27 94 45 80 36 40 933 
78 86 83 85 10 24 47 50 802 
99 7 62 19 63 42 90 56 73 
40 28 45 73 33 85 22 72 697 
74 10 14 55 45 6 6 77 582 
21 16 60 62 65 15 23 89 901 
42 38 75 87 6 92 74 98 150 
36 7 55 100 65 40 67 75 494 
56 46 64 58 15 88 95 71 493 
50 80 64 31 52 46 12 82 422 
86 89 5 24 83 50 94 72 862 
96 23 52 22 97 92 75 70 521 
14 87 24 88 94 37 52 26 220 
52 6 57 11 90 85 6 83 1046 
39 34 66 16 65 45 18 100 595 
92 30 85 74 58 84 3 100 1162 
14 100 97 70 74 58 32 44 806 
18 87 35 69 18 16 7 38 437 
81 100 24 81 73 96 88 62 1184 
37 80 50 74 10 92 90 94 1014 
92 71 62 10 86 23 79 2 162 
18 25 14 71 69 22 49 25 1220 
75 34 29 4 84 15 61 97 791 
19 45 79 45 80 26 34 17 828 
78 73 16 3 4 72 83 73 452 
87 68 13 31 28 87 93 17 731 
57 90 89 49 51 91 58 62 698 
38 75 46 90 39 54 54 73 639 
88 75 32 59 23 13 78 76 349 
56 91 19 94 54 65 66 78 331 
83 31 24 26 46 44 15 47 1195 
94 99 31 61 79 57 35 7 519 
31 100 69 78 73 76 63 5 868 
41 45 23 83 26 63 27 73 511 
32 64 31 90 46 78 15 86 950 
101 96 14 64 61 49 23 37 952 
62 7 60 50 65 43 74 76 19 
78 13 75 71 36 7 15 5 531 
16 44 57 92 64 90 99 64 108 
60 79 86 76 62 91 85 67 809 
86 84 100 90 18 72 77 39 886 
7 32 62 9 51 58 6 9 1141 
25 72 45 72 54 3 35 15 1185 
19 4 53 86 88 72 41 32 261 
47 28 27 87 17 27 17 94 390 
51 53 30 30 73 55 98 62 1162 
25 16 32 99 57 5 75 60 432 
23 23 47 92 70 21 37 61 997 
