6 4
300
53 42 92 46 2 26 136 
70 80 92 51 78 80 179 
62 77 59 62 30 42 297 
31 48 101 6 100 34 254 
9 77 84 59 54 45 47 
63 88 84 65 66 14 641 
41 29 89 24 101 23 554 
49 81 10 91 61 86 185 
95 93 42 4 94 88 500 
5 9 94 26 37 18 813 
90 77 99 66 30 60 730 
21 15 84 101 13 65 489 
98 76 70 96 61 85 550 
98 44 63 74 28 19 294 
22 97 100 66 7 70 483 
6 13 27 33 28 35 604 
80 60 5 82 24 3 65 
35 27 32 78 35 34 754 
35 38 94 4 42 56 816 
20 86 37 9 97 3 748 
66 45 65 34 52 95 145 
86 60 94 6 18 30 706 
72 70 89 74 38 69 576 
77 35 31 88 81 76 493 
76 70 76 29 3 18 568 
84 69 46 85 41 77 405 
80 102 100 27 28 15 390 
17 50 37 61 36 23 724 
12 36 48 73 21 59 80 
92 20 78 17 14 19 722 
3 45 90 99 94 23 791 
35 33 63 56 63 15 482 
22 40 71 69 97 83 589 
35 100 15 21 20 42 713 
84 24 11 16 99 61 122 
7 49 64 44 2 94 623 
6 87 19 61 47 53 578 
82 10 51 19 38 18 550 
47 78 80 76 83 12 423 
11 54 42 66 55 46 124 
94 9 26 97 91 98 245 
15 98 63 75 91 19 16 
16 63 99 62 45 49 486 
73 86 70 21 84 27 775 
35 78 97 93 8 58 720 
3 26 24 49 22 40 264 
82 19 3 94 95 52 769 
93 46 6 12 99 58 172 
25 58 78 9 73 37 655 
22 68 84 85 63 16 112 
39 77 15 25 12 29 742 
69 69 29 91 77 3 342 
35 93 83 12 2 69 635 
70 48 42 51 5 54 494 
54 21 11 34 38 83 446 
71 92 90 89 30 32 461 
91 51 19 99 36 40 709 
76 3 75 63 48 38 561 
31 75 76 9 77 32 126 
50 21 59 40 22 89 522 
3 95 25 74 39 23 644 
99 25 54 71 15 76 629 
20 37 73 92 47 88 324 
20 16 82 55 102 43 334 
32 62 61 16 53 25 602 
10 53 91 11 16 92 266 
52 24 41 64 59 40 252 
85 88 50 77 3 26 678 
81 45 21 40 82 40 544 
65 95 57 64 53 5 77 
87 84 83 32 98 9 555 
94 43 93 45 5 12 385 
76 13 41 52 101 93 239 
10 72 73 36 54 68 708 
30 86 102 8 37 23 805 
6 68 47 7 19 17 711 
4 31 97 79 30 22 727 
84 18 14 54 15 82 626 
15 12 98 46 43 83 521 
60 93 39 70 91 50 573 
47 96 46 83 78 44 53 
43 78 59 26 48 100 377 
69 90 56 24 43 24 742 
58 51 63 78 36 25 360 
40 60 11 41 73 21 310 
25 70 73 39 40 72 587 
36 41 23 97 86 20 736 
5 84 48 50 28 81 722 
47 86 8 44 21 64 27 
20 50 87 77 81 10 365 
22 85 87 5 54 21 179 
12 42 83 52 8 56 285 
78 65 94 47 42 51 637 
86 67 97 21 10 71 138 
93 38 22 7 11 47 680 
101 63 46 77 62 69 288 
45 27 93 15 10 70 341 
87 95 32 41 61 69 291 
20 92 86 46 52 7 151 
6 63 48 98 10 53 628 
4 49 72 81 85 45 337 
42 6 8 102 2 77 52 
45 92 68 52 81 50 659 
74 63 33 12 64 19 318 
66 48 19 102 19 67 681 
48 62 62 78 26 96 636 
87 79 46 52 32 14 501 
73 82 48 32 6 98 247 
89 41 71 23 28 4 627 
61 92 102 85 12 25 795 
32 8 76 57 56 5 705 
85 89 62 34 7 79 753 
68 72 72 15 71 55 481 
22 92 57 100 94 3 218 
90 46 68 21 91 66 342 
76 74 76 52 95 46 32 
54 11 91 24 27 87 759 
21 31 72 44 72 40 77 
18 21 60 64 4 62 779 
45 96 14 17 16 52 750 
100 98 66 77 11 57 556 
83 68 78 69 19 36 558 
17 98 80 22 27 35 473 
55 19 90 94 86 10 81 
17 79 8 13 36 3 173 
35 8 69 62 85 43 285 
55 84 97 87 28 29 228 
100 37 97 90 20 36 369 
82 77 86 28 49 60 540 
91 72 57 84 35 49 668 
92 13 62 44 93 25 5 
37 95 9 60 83 84 145 
44 13 25 18 69 78 437 
33 85 37 38 85 71 523 
14 41 5 96 82 48 63 
26 37 48 28 13 47 367 
84 79 70 68 78 50 379 
61 34 68 68 74 30 482 
30 27 8 10 56 38 187 
56 6 66 4 38 12 156 
78 79 92 58 33 11 402 
8 69 73 9 22 20 437 
9 38 30 10 19 51 779 
12 42 20 59 10 24 229 
75 6 66 42 40 29 677 
57 78 12 42 22 12 181 
61 37 4 36 21 71 383 
70 38 95 21 64 25 535 
39 74 101 25 88 23 272 
65 8 69 84 92 73 430 
62 21 70 100 41 76 422 
7 18 24 92 55 83 44 
70 73 24 79 6 19 143 
7 12 19 35 91 91 783 
31 37 54 30 101 96 66 
19 28 23 25 52 16 267 
58 79 35 36 42 30 771 
38 47 7 88 55 37 453 
10 52 66 52 87 58 621 
83 72 63 56 89 99 417 
47 3 56 56 6 87 401 
35 86 102 51 63 3 759 
92 49 44 48 61 54 76 
77 59 75 67 60 59 609 
9 74 82 55 33 46 741 
46 53 34 51 52 8 611 
68 67 3 26 56 85 742 
25 21 10 30 47 44 569 
46 83 91 47 30 76 220 
15 22 97 32 60 4 375 
98 11 98 11 48 36 78 
94 73 43 6 75 86 682 
54 74 28 88 4 23 6 
72 46 6 24 34 50 438 
47 8 96 99 83 47 223 
12 14 21 101 10 62 425 
12 49 43 57 93 45 492 
50 72 46 58 83 47 215 
68 94 88 16 88 58 387 
67 50 9 95 41 58 346 
62 9 89 96 63 51 490 
98 65 69 43 7 95 787 
39 51 42 102 102 3 363 
22 35 87 23 7 7 368 
102 36 64 54 89 20 723 
65 59 64 22 99 68 565 
32 21 75 84 64 53 233 
100 69 95 41 57 100 329 
76 4 75 58 46 17 791 
31 7 91 20 77 10 601 
94 80 82 5 37 77 734 
15 14 42 44 56 19 13 
69 72 15 33 22 50 727 
57 91 66 55 53 74 11 
16 86 66 89 45 57 53 
91 15 38 23 25 52 494 
92 35 16 92 100 98 501 
37 78 88 57 61 87 302 
91 18 52 86 5 91 811 
30 78 57 13 64 97 642 
59 79 13 99 100 31 529 
58 52 65 55 79 42 643 
10 80 34 85 72 71 812 
99 88 39 22 64 63 511 
59 61 81 39 2 85 641 
101 77 60 63 58 74 267 
68 89 33 28 51 23 163 
100 25 29 94 28 81 490 
93 76 79 38 70 4 811 
92 86 18 78 59 2 77 
4 75 24 16 99 69 251 
102 9 96 15 42 45 482 
38 54 47 77 6 21 70 
4 83 27 90 72 35 620 
5 16 52 94 22 13 784 
52 7 79 30 14 31 743 
69 85 26 29 61 42 444 
34 73 3 56 84 3 4 
94 99 28 29 36 57 787 
94 46 23 22 34 65 704 
49 70 48 93 91 19 286 
100 3 63 13 95 24 582 
45 50 40 41 12 98 470 
10 53 3 80 77 97 612 
41 5 9 29 80 70 696 
6 57 64 94 86 67 770 
98 67 19 43 35 27 401 
98 84 83 25 69 31 314 
18 47 15 17 25 62 482 
100 56 85 17 56 88 321 
95 78 49 28 33 65 104 
89 86 39 44 71 28 354 
22 28 7 12 41 49 716 
12 51 80 63 7 37 795 
12 35 28 82 41 12 22 
8 36 98 39 68 28 241 
63 78 75 55 36 18 636 
30 81 7 16 41 53 683 
29 71 67 27 30 17 623 
53 13 64 32 18 43 118 
94 10 76 76 23 60 397 
75 6 10 73 22 22 672 
56 23 67 2 60 21 645 
67 33 13 40 13 55 85 
67 13 25 20 77 66 299 
73 33 43 20 95 37 442 
67 59 56 10 98 96 789 
92 99 32 60 24 37 216 
79 64 38 13 7 40 70 
95 87 55 47 58 48 681 
93 26 85 67 86 27 7 
76 60 32 17 61 16 613 
16 95 62 55 30 12 769 
70 7 9 90 99 48 583 
75 3 65 42 50 15 809 
74 49 94 40 12 28 23 
7 8 97 48 27 35 645 
93 95 94 29 38 91 184 
21 77 80 89 81 31 14 
59 69 78 13 2 78 344 
48 70 16 20 87 94 519 
101 14 43 74 15 94 663 
10 73 14 15 26 79 433 
74 16 54 33 98 3 391 
41 22 37 26 59 39 371 
27 80 11 53 100 61 164 
66 39 17 69 39 22 405 
97 65 100 79 101 91 607 
56 65 89 90 92 18 494 
94 8 50 57 57 38 676 
96 5 64 28 20 35 68 
80 39 66 62 83 100 358 
58 39 50 60 50 73 578 
17 24 65 9 45 61 585 
33 69 13 83 86 69 15 
62 39 52 83 58 68 624 
28 25 31 11 19 19 292 
71 2 99 9 67 14 645 
83 101 21 77 76 39 381 
72 55 80 99 33 44 783 
2 99 79 94 7 96 728 
101 36 100 28 45 38 508 
69 16 76 21 57 25 649 
40 33 9 84 32 32 452 
72 53 15 88 77 42 557 
5 23 17 62 20 92 666 
67 23 51 33 3 86 30 
41 6 79 79 22 18 513 
68 72 12 77 66 36 245 
86 87 42 70 98 96 525 
95 61 61 39 35 100 594 
12 60 53 31 47 54 249 
48 38 11 57 25 7 298 
52 7 87 55 58 54 665 
38 11 65 6 92 41 374 
47 20 41 89 20 92 459 
14 61 48 21 84 102 303 
51 32 15 75 90 30 351 
56 77 86 79 48 93 602 
51 90 26 57 15 87 12 
