8 6
300
73 100 73 66 85 60 34 32 678 
78 69 15 23 2 69 15 41 555 
53 99 93 95 82 57 102 14 925 
22 70 58 2 69 89 29 25 183 
36 64 65 73 35 42 60 52 619 
89 89 4 79 75 80 67 67 1025 
92 80 20 18 66 73 84 14 766 
101 77 101 28 95 80 55 81 940 
84 82 67 53 37 32 6 15 302 
76 46 97 80 37 4 5 39 553 
98 20 100 94 91 23 79 61 915 
53 63 96 26 26 96 3 85 1041 
21 41 44 90 14 53 48 10 838 
70 24 42 99 25 58 35 58 749 
81 91 93 46 76 79 57 55 638 
33 52 22 3 78 54 19 86 1198 
5 10 8 49 48 82 54 12 456 
37 56 40 40 93 70 35 24 1147 
96 78 67 67 35 61 101 18 714 
51 69 47 90 82 41 60 32 592 
57 34 45 13 93 66 42 22 1212 
16 95 61 54 70 56 61 26 105 
35 40 77 49 50 32 24 6 526 
94 49 77 101 81 64 22 80 1103 
52 85 86 3 28 15 62 87 280 
102 99 101 93 31 58 32 28 1125 
76 10 87 15 90 90 23 50 897 
26 17 16 99 34 92 66 10 494 
26 34 14 64 90 64 9 25 81 
46 2 20 21 71 55 72 48 861 
7 39 97 99 81 80 42 37 865 
11 5 67 11 30 23 18 8 1148 
82 14 22 24 8 68 83 79 580 
57 8 48 63 29 88 22 60 874 
47 29 54 36 24 55 94 100 239 
43 38 75 99 5 65 62 92 419 
53 85 33 31 17 4 33 86 361 
27 50 79 81 91 71 52 72 964 
43 49 92 69 32 10 49 42 512 
77 60 5 85 3 39 54 71 921 
42 19 14 52 5 40 25 69 614 
45 65 49 5 50 34 86 20 531 
47 85 55 25 84 78 62 58 320 
28 44 49 42 29 21 96 11 660 
69 93 46 54 46 66 59 6 947 
97 74 13 73 101 85 95 9 1053 
25 19 36 38 92 49 14 99 302 
5 5 38 29 11 40 80 19 335 
101 95 41 91 68 81 100 68 1036 
17 57 45 67 48 22 35 74 1129 
22 32 3 99 42 49 41 57 9 
44 70 65 74 94 84 57 96 177 
49 36 53 57 40 26 64 99 508 
83 40 59 18 96 39 48 61 1066 
28 4 56 94 52 13 80 59 1198 
24 45 65 64 11 54 7 89 468 
43 66 94 79 37 45 8 60 206 
46 28 76 27 28 36 96 31 1123 
63 56 86 41 79 84 28 42 657 
80 22 31 6 13 9 101 7 1155 
97 51 69 13 89 94 97 36 380 
26 99 19 32 69 82 63 46 397 
56 4 89 12 52 97 91 29 471 
90 41 17 69 28 24 41 101 984 
27 52 70 94 47 45 53 4 533 
39 51 54 51 46 68 77 47 36 
9 87 101 74 23 61 56 9 1162 
18 60 72 97 92 70 101 38 1154 
66 64 59 46 62 50 54 54 965 
88 41 98 50 94 84 21 34 182 
84 55 31 11 41 40 50 36 548 
75 44 60 86 51 10 74 12 1011 
48 65 27 52 22 71 82 69 826 
101 70 68 91 78 60 55 20 1014 
67 58 26 21 99 27 6 81 131 
23 4 92 90 78 83 101 75 852 
92 33 35 62 31 73 73 51 815 
81 87 68 2 33 34 27 9 673 
61 29 68 101 49 43 60 62 806 
80 13 94 86 92 5 91 65 1060 
51 8 29 55 50 50 61 27 1149 
47 22 72 60 65 71 28 42 569 
6 92 86 94 3 71 7 95 467 
77 96 97 65 13 70 47 78 15 
30 8 81 20 43 24 49 15 482 
97 21 50 24 60 51 59 87 891 
4 59 6 60 49 57 12 86 370 
101 84 11 4 15 90 70 100 416 
70 87 52 64 47 90 31 12 905 
93 54 39 48 8 28 97 45 230 
99 72 61 26 11 59 94 51 382 
32 95 8 62 56 62 17 91 1220 
25 42 14 18 31 39 83 21 388 
96 55 78 85 9 73 71 74 353 
77 45 79 95 72 99 59 101 208 
70 33 100 79 32 19 29 74 29 
9 83 43 24 45 91 27 101 1175 
57 50 88 38 93 84 33 42 559 
25 32 73 17 61 32 23 15 1082 
35 19 24 62 58 37 70 64 1112 
90 56 2 89 70 73 3 4 632 
33 34 42 18 48 92 73 6 522 
34 94 23 13 3 32 3 94 1002 
76 97 94 54 69 31 94 45 1065 
47 38 64 101 17 59 80 92 993 
50 19 72 34 90 54 94 39 860 
71 78 55 72 88 78 91 29 91 
62 81 67 13 26 5 5 28 831 
83 34 79 66 35 13 51 55 915 
13 43 9 42 62 33 60 24 814 
36 77 52 88 12 90 52 20 135 
18 39 95 69 31 64 86 13 56 
95 7 45 43 23 36 4 80 1047 
3 22 21 36 55 4 39 71 626 
20 97 24 91 17 17 2 35 190 
84 46 14 46 57 50 28 67 211 
25 95 55 18 86 34 4 51 1202 
93 84 86 93 32 63 13 68 198 
84 6 92 30 43 91 20 22 414 
76 58 67 73 10 89 87 15 926 
100 4 13 92 89 68 19 11 618 
33 93 16 53 35 91 34 46 754 
29 97 54 67 100 66 100 31 1140 
35 22 76 99 7 19 87 16 786 
7 94 19 27 13 34 40 89 348 
22 25 25 78 41 66 28 60 226 
26 35 6 49 94 60 74 85 1084 
78 36 88 99 68 22 27 30 645 
47 4 86 21 28 13 38 81 76 
72 60 83 12 73 49 100 63 986 
62 60 101 61 54 30 46 64 651 
44 25 59 5 52 13 13 83 691 
37 7 9 95 13 16 54 4 311 
9 68 65 41 101 6 41 67 857 
55 88 52 58 77 66 60 96 686 
51 69 10 72 101 92 93 66 696 
76 70 49 88 9 52 5 39 1177 
92 5 26 55 66 88 43 60 1165 
9 81 31 45 37 19 60 5 424 
20 39 69 75 50 37 49 68 1187 
25 69 81 101 55 41 70 70 1104 
34 98 6 24 31 43 97 86 1040 
30 33 35 31 30 6 18 87 1222 
31 20 57 91 7 100 91 20 1108 
18 9 28 93 77 69 29 28 85 
33 98 10 28 80 66 52 22 429 
66 96 41 78 85 70 41 40 615 
37 45 93 8 35 13 53 81 936 
61 39 58 68 4 4 99 87 1088 
94 6 42 93 41 87 65 27 291 
53 42 26 60 54 39 19 94 1013 
18 27 65 99 77 101 90 93 1015 
81 100 94 39 81 100 81 49 427 
13 47 6 8 45 10 89 101 483 
54 3 87 21 51 12 22 83 740 
28 97 31 43 4 50 4 86 323 
33 16 63 28 81 7 4 8 583 
81 12 84 57 11 78 61 38 1106 
99 62 52 84 19 100 40 55 636 
8 72 44 57 5 61 84 58 1042 
81 29 23 83 19 44 64 42 866 
81 72 88 55 83 69 60 7 286 
79 51 99 64 90 28 55 98 450 
7 26 9 25 75 55 92 83 112 
71 19 45 9 22 79 29 61 1017 
68 55 90 77 99 100 38 7 88 
90 18 41 98 30 23 8 59 203 
66 58 99 34 65 3 60 91 1082 
82 71 31 23 37 31 45 89 526 
50 32 29 11 88 70 48 5 791 
72 75 90 24 3 65 62 66 42 
88 36 92 90 20 10 12 58 440 
80 69 83 12 55 44 80 59 328 
92 57 72 31 88 62 38 90 192 
102 60 70 67 62 73 27 59 649 
55 63 15 21 101 32 34 70 433 
85 62 23 49 46 46 39 73 115 
36 59 49 32 53 32 95 12 1202 
70 15 9 12 87 98 91 28 1179 
16 73 57 41 99 20 27 55 338 
97 55 16 26 31 92 64 94 2 
7 25 12 84 28 91 34 66 673 
30 75 77 27 60 20 50 25 1222 
56 96 62 31 7 101 5 100 698 
86 46 86 19 50 95 98 85 36 
89 34 47 68 9 35 65 99 972 
54 72 97 99 78 8 92 10 1189 
42 78 20 13 82 30 34 50 249 
72 13 27 84 31 77 17 63 1113 
57 90 89 29 68 10 21 52 336 
64 89 70 81 29 42 98 58 88 
87 78 54 18 36 61 14 95 1044 
56 72 44 21 83 17 17 37 249 
12 15 12 12 94 32 3 72 749 
54 94 86 87 88 75 70 32 1045 
41 41 56 31 17 75 25 67 978 
88 45 8 56 66 94 22 88 526 
99 77 86 24 17 66 100 62 12 
3 71 86 71 53 53 31 78 1176 
68 83 100 39 88 28 52 17 332 
57 100 30 94 67 102 32 73 673 
3 19 26 92 33 56 74 24 1176 
98 19 94 57 26 90 98 56 65 
47 62 91 60 74 102 39 44 761 
74 11 6 87 41 82 98 30 721 
74 78 52 46 67 67 32 56 1206 
37 3 76 43 98 13 97 87 142 
68 45 47 26 55 91 94 102 156 
94 13 80 14 61 98 31 26 956 
57 3 97 26 29 20 3 4 514 
90 34 16 95 92 56 70 32 1035 
16 50 24 63 53 67 54 40 528 
23 26 44 80 14 74 35 42 1029 
18 44 18 28 25 54 49 6 835 
101 101 23 26 45 30 14 17 922 
58 96 52 33 75 91 77 83 955 
102 13 22 44 61 52 72 54 1084 
70 90 28 72 17 49 98 55 478 
24 98 82 16 68 99 99 80 561 
36 87 71 29 53 44 76 49 1141 
50 59 42 73 57 93 42 45 332 
52 87 81 4 36 22 52 55 1034 
100 88 47 25 47 84 7 37 820 
21 43 38 85 98 70 56 50 1167 
101 53 43 91 76 24 72 49 1128 
69 34 53 51 79 100 60 78 745 
50 27 15 60 68 21 26 22 31 
93 68 91 14 50 88 26 53 29 
45 10 14 25 55 100 92 40 41 
18 72 66 40 28 22 9 8 283 
85 43 87 24 67 56 22 81 989 
5 57 86 67 27 29 98 17 830 
51 27 74 17 70 30 18 10 616 
41 54 42 71 7 44 65 44 119 
19 23 45 60 5 75 19 89 1016 
21 52 47 39 45 13 55 60 990 
53 70 75 59 8 59 5 83 335 
42 37 52 44 4 86 19 80 1148 
27 92 24 101 99 84 47 99 708 
7 3 12 31 18 48 63 14 898 
38 63 17 88 57 24 48 79 636 
35 79 50 63 22 66 19 30 833 
61 54 73 94 14 11 101 100 975 
20 13 21 6 83 92 12 83 218 
81 41 37 2 55 23 32 15 250 
12 46 83 47 14 90 80 4 745 
5 47 51 8 88 59 44 31 802 
35 31 98 60 53 42 49 40 1088 
35 61 101 52 64 101 91 92 666 
100 74 101 33 27 81 31 10 438 
71 75 55 80 60 26 57 99 1026 
27 53 95 44 101 75 101 48 537 
64 54 85 52 20 98 4 46 691 
68 5 5 19 31 46 6 80 805 
38 56 3 76 97 67 17 66 471 
64 59 75 28 33 82 37 69 676 
55 21 57 58 78 16 70 91 1149 
82 10 25 51 39 23 10 65 1119 
45 90 60 19 37 56 60 43 1066 
85 42 73 26 83 64 90 53 727 
12 82 80 89 8 8 74 37 684 
18 15 21 54 20 70 90 94 970 
100 38 86 4 100 37 29 87 596 
25 59 29 63 63 88 64 99 1019 
15 58 83 54 48 102 100 44 344 
70 33 24 5 37 91 85 93 193 
78 11 84 45 62 24 59 51 954 
31 57 54 35 93 23 87 77 437 
100 48 92 86 6 58 9 61 659 
28 21 24 39 80 72 73 88 1084 
4 72 99 62 97 99 24 71 1064 
78 37 42 4 20 62 56 87 553 
28 94 7 28 37 3 70 33 366 
58 94 79 84 64 6 34 85 61 
41 40 53 95 64 37 71 34 300 
15 27 3 64 86 95 27 47 1157 
85 78 37 98 94 66 69 68 939 
11 96 74 38 71 37 57 17 572 
96 35 32 72 58 6 78 56 79 
31 97 10 87 59 19 12 51 93 
72 45 49 90 28 98 61 62 464 
54 79 57 68 8 71 48 33 152 
67 16 22 33 21 39 59 40 869 
70 27 38 57 28 23 29 87 875 
2 8 8 36 13 99 68 26 943 
53 65 91 42 40 29 7 47 430 
90 41 26 11 32 90 27 92 428 
4 99 53 36 41 23 99 48 302 
8 33 4 25 67 97 62 8 925 
84 31 89 12 52 83 88 42 571 
50 93 78 20 11 23 64 66 339 
28 19 26 70 44 94 4 101 178 
35 67 76 31 51 26 15 45 751 
50 94 49 73 51 101 76 52 683 
50 89 24 83 63 3 69 37 1094 
54 17 89 97 10 53 68 55 918 
75 21 43 54 8 68 62 15 887 
83 57 70 27 95 94 38 56 147 
94 53 5 75 64 17 37 63 344 
77 55 86 98 6 97 26 3 383 
