2 6
300
91 9 99 
31 96 659 
6 4 309 
86 23 409 
7 65 26 
65 30 1171 
73 12 1105 
23 11 1075 
45 19 301 
11 61 781 
64 12 761 
92 5 853 
30 56 1077 
3 34 1039 
37 73 1063 
24 18 665 
75 3 358 
37 28 1082 
34 69 1200 
22 88 937 
31 97 528 
63 24 143 
73 18 730 
34 37 900 
10 72 962 
7 88 469 
3 23 16 
72 38 709 
37 29 1019 
76 59 438 
74 10 835 
13 74 451 
44 75 604 
77 53 8 
97 43 801 
58 30 691 
12 29 990 
62 21 799 
77 61 727 
87 29 1167 
30 99 717 
26 63 342 
7 98 1204 
44 66 161 
91 28 855 
3 77 1160 
94 81 1211 
29 66 371 
57 14 1083 
5 38 156 
79 59 572 
56 49 655 
44 73 982 
40 52 385 
60 70 777 
70 73 1145 
97 77 1024 
67 95 587 
98 3 410 
30 71 600 
41 4 737 
88 67 87 
68 37 963 
18 61 59 
17 57 350 
70 71 1175 
69 89 503 
97 10 751 
31 15 782 
101 60 559 
22 16 24 
33 100 590 
73 74 44 
58 3 440 
17 81 199 
81 52 465 
21 31 400 
39 64 1005 
10 46 1159 
101 59 634 
45 70 949 
35 98 552 
5 85 694 
82 98 1181 
95 12 1047 
7 82 351 
47 52 770 
28 81 353 
15 85 638 
22 25 659 
55 74 193 
54 15 415 
60 84 1012 
73 78 816 
83 41 399 
38 47 629 
99 5 790 
68 56 83 
91 19 1082 
51 22 169 
95 85 735 
5 29 294 
83 43 1187 
54 49 1201 
48 76 904 
98 47 495 
98 79 465 
3 25 254 
91 89 232 
11 65 1176 
47 12 758 
71 80 1140 
9 80 148 
11 57 50 
56 47 685 
68 22 974 
35 95 889 
50 55 529 
78 94 733 
41 16 488 
7 74 956 
3 8 458 
38 79 1174 
83 92 812 
30 90 266 
36 48 961 
67 25 822 
41 78 858 
26 99 698 
21 95 1054 
35 69 794 
74 6 1023 
28 55 472 
21 32 529 
86 54 41 
8 22 796 
24 44 560 
83 77 1109 
75 68 1171 
10 79 111 
82 19 1027 
12 49 275 
3 58 1029 
40 10 1139 
42 48 1137 
26 58 296 
69 19 953 
94 99 629 
42 54 1133 
76 102 463 
90 20 933 
31 40 157 
61 76 60 
83 7 778 
83 85 414 
55 43 351 
100 51 126 
74 43 735 
33 90 248 
35 71 1168 
32 29 694 
48 52 1107 
19 13 100 
82 67 1003 
21 88 155 
16 13 170 
20 90 132 
66 78 624 
30 18 937 
18 100 609 
94 29 56 
11 53 948 
9 37 410 
45 38 379 
23 20 1028 
30 54 677 
50 19 948 
8 17 999 
87 68 624 
8 21 416 
16 3 151 
60 90 468 
79 12 428 
37 9 937 
82 76 638 
82 45 722 
69 101 784 
23 71 998 
74 88 143 
25 27 1045 
29 3 193 
102 31 430 
21 64 366 
48 53 521 
22 14 116 
3 28 500 
31 7 275 
94 41 242 
72 95 394 
33 88 22 
29 57 1044 
52 11 79 
63 83 550 
19 63 994 
31 23 594 
24 3 689 
74 73 737 
73 95 242 
65 37 764 
98 32 453 
5 90 934 
30 21 1177 
59 73 50 
5 42 552 
98 14 537 
43 65 218 
73 50 1121 
78 60 180 
43 58 752 
68 89 905 
46 67 629 
10 16 896 
7 3 24 
54 66 371 
54 71 386 
17 77 991 
78 24 878 
47 27 995 
47 29 363 
64 89 779 
37 94 1031 
32 61 920 
96 90 1203 
73 38 760 
18 21 1028 
63 26 1094 
85 28 991 
82 92 793 
4 101 491 
72 65 1067 
46 45 174 
40 20 892 
48 24 124 
58 23 1063 
85 7 1047 
12 31 76 
99 86 43 
42 81 742 
85 56 23 
21 30 733 
37 26 313 
13 29 1141 
50 80 18 
13 17 19 
81 29 60 
96 100 1034 
81 95 864 
36 75 963 
86 5 790 
56 58 775 
73 29 1157 
52 23 1197 
63 73 958 
94 64 626 
7 88 840 
4 63 634 
58 91 693 
19 42 433 
91 3 623 
49 29 291 
31 96 271 
40 42 1086 
9 31 72 
9 35 324 
8 89 378 
21 31 1061 
12 84 521 
15 100 821 
9 56 1058 
61 63 246 
49 17 541 
57 66 826 
31 69 566 
82 97 391 
48 51 685 
32 13 653 
6 72 881 
66 39 560 
83 18 1183 
57 33 1055 
4 50 835 
88 62 222 
84 54 287 
65 92 767 
43 32 1060 
13 69 600 
13 79 525 
35 57 1115 
50 85 954 
100 75 584 
