2 2
300
69 23 383 
69 62 344 
64 6 197 
26 86 59 
8 12 49 
29 90 61 
22 62 22 
5 5 280 
21 8 239 
59 56 246 
12 26 128 
98 65 129 
67 96 190 
101 74 213 
38 12 49 
61 24 383 
41 71 331 
73 9 210 
35 66 73 
27 50 220 
28 7 208 
90 15 247 
85 13 194 
82 65 382 
70 23 359 
55 69 382 
59 62 346 
67 20 344 
81 42 71 
82 65 403 
16 41 187 
94 75 273 
3 51 393 
53 78 46 
49 61 29 
89 4 349 
65 82 396 
26 70 361 
71 63 355 
69 11 301 
45 5 198 
50 69 97 
50 78 200 
23 54 75 
99 8 345 
76 20 242 
79 94 153 
33 19 336 
4 92 290 
59 26 49 
82 37 164 
25 10 296 
65 100 376 
85 41 110 
39 44 118 
81 29 257 
6 97 177 
30 91 70 
38 14 352 
68 49 315 
55 93 214 
39 44 72 
80 76 398 
14 13 82 
69 96 216 
12 96 307 
56 25 257 
10 55 118 
70 54 186 
25 88 392 
88 99 212 
17 33 196 
76 102 408 
13 3 215 
67 94 341 
25 63 388 
66 28 73 
13 14 98 
16 47 157 
26 71 368 
74 57 360 
4 28 62 
70 54 259 
7 38 386 
77 44 91 
12 45 250 
47 47 370 
52 61 247 
80 77 344 
30 3 352 
12 53 127 
12 42 188 
66 66 271 
71 57 38 
34 61 367 
25 38 286 
4 6 9 
79 81 100 
102 24 391 
30 25 206 
33 42 211 
79 97 349 
66 67 13 
78 48 323 
97 78 365 
84 20 408 
72 58 163 
16 28 394 
86 35 294 
9 12 75 
52 38 166 
18 40 64 
59 56 262 
7 61 288 
69 28 236 
25 84 11 
37 20 15 
98 60 277 
13 18 58 
57 95 255 
15 59 226 
87 28 43 
41 81 158 
76 26 262 
38 68 394 
71 49 4 
41 64 208 
72 74 377 
17 56 322 
75 7 91 
4 4 252 
4 93 11 
17 84 407 
50 86 15 
66 62 382 
41 62 374 
73 44 283 
15 18 129 
14 46 346 
65 72 294 
33 68 302 
18 75 91 
4 36 305 
96 56 264 
3 93 318 
50 8 51 
101 77 383 
89 3 260 
55 90 353 
32 92 195 
19 54 52 
30 18 73 
31 50 358 
73 39 107 
19 79 358 
7 15 102 
55 66 157 
75 66 387 
80 46 266 
12 66 345 
38 74 180 
29 79 8 
54 75 308 
62 20 238 
26 29 158 
70 72 101 
78 50 310 
64 79 109 
11 47 362 
19 52 294 
55 21 342 
5 38 266 
84 92 2 
88 54 163 
51 95 188 
82 50 150 
58 12 303 
43 37 67 
11 76 388 
20 20 132 
15 37 96 
5 10 405 
76 23 374 
75 88 328 
26 92 390 
38 15 342 
83 31 394 
54 63 163 
100 14 345 
70 97 254 
72 66 293 
70 75 73 
18 48 349 
48 7 113 
47 85 100 
96 18 185 
23 74 250 
13 39 362 
37 63 302 
86 8 391 
17 9 109 
32 6 89 
11 58 68 
80 22 273 
100 36 99 
71 9 318 
17 6 390 
41 49 93 
3 61 113 
85 35 53 
46 35 165 
92 34 402 
3 17 324 
5 87 246 
31 45 215 
96 15 14 
67 68 219 
98 70 10 
2 78 245 
6 31 185 
96 27 98 
6 36 356 
29 10 12 
27 70 376 
101 15 78 
37 12 20 
72 9 186 
26 21 272 
61 50 264 
40 92 229 
41 99 353 
36 11 245 
38 27 36 
67 70 22 
3 41 399 
63 99 228 
85 67 266 
57 36 92 
102 72 30 
59 46 353 
25 91 77 
49 88 292 
8 66 18 
61 101 348 
98 7 161 
43 26 324 
71 100 206 
11 57 103 
93 86 256 
66 36 159 
55 81 331 
24 44 322 
88 56 217 
28 57 136 
54 26 269 
82 61 122 
85 61 190 
30 91 190 
38 16 140 
96 58 14 
11 43 124 
67 8 82 
6 76 255 
62 56 285 
28 44 175 
19 59 125 
61 13 101 
35 83 307 
94 27 370 
37 88 118 
47 95 401 
52 19 59 
5 88 77 
48 78 347 
69 25 22 
78 3 190 
6 21 232 
6 36 184 
80 78 245 
57 75 330 
31 71 361 
36 17 252 
73 78 103 
30 16 290 
14 15 144 
41 68 240 
72 18 99 
46 33 273 
74 43 238 
56 74 172 
56 50 56 
40 19 29 
99 35 32 
45 7 104 
23 77 21 
88 94 89 
12 41 41 
3 87 233 
59 87 157 
24 64 303 
