8 4
300
25 46 99 8 71 6 51 32 723 
21 24 56 23 8 100 47 25 436 
49 39 50 32 82 39 98 101 245 
62 100 100 7 39 21 23 79 718 
5 78 96 76 57 90 71 19 331 
83 64 27 20 70 40 28 38 786 
95 94 66 62 12 71 76 91 264 
93 16 87 38 102 32 12 44 386 
61 75 84 62 63 64 99 17 307 
7 44 32 62 81 3 25 31 687 
26 45 68 27 102 68 58 81 28 
57 48 64 97 11 28 93 69 517 
16 35 34 4 65 97 34 72 387 
5 33 37 87 15 73 48 88 808 
83 37 75 18 6 84 61 44 561 
77 12 35 5 70 14 39 11 782 
54 24 81 73 95 32 21 55 391 
70 72 35 93 51 25 29 12 263 
92 100 31 52 45 24 29 59 491 
16 101 65 25 49 6 77 95 519 
22 12 44 45 99 52 36 93 584 
38 86 62 12 78 60 82 49 88 
69 5 82 60 46 38 72 7 443 
87 47 25 31 18 58 61 10 815 
92 49 3 81 18 54 52 93 591 
102 6 25 6 45 2 96 11 742 
86 64 68 7 75 95 98 51 372 
51 9 70 6 53 70 60 92 813 
12 90 89 30 10 55 66 72 6 
33 83 5 24 37 9 67 77 378 
36 87 77 10 85 69 8 3 686 
6 97 55 57 48 55 3 86 172 
6 58 56 15 43 5 94 67 559 
45 29 74 63 42 78 24 27 42 
27 4 7 22 23 8 71 62 611 
50 78 36 52 23 53 88 63 155 
94 23 45 74 18 19 100 66 612 
14 45 58 79 35 24 50 78 669 
18 86 37 50 46 83 30 47 730 
36 95 7 22 77 81 59 32 32 
63 55 88 90 24 60 33 59 142 
21 72 45 15 3 48 72 72 624 
86 46 79 64 46 73 30 66 575 
72 94 70 79 22 5 20 89 186 
98 30 65 80 19 89 66 11 606 
49 23 94 61 53 7 5 75 703 
29 101 11 17 62 59 89 63 528 
51 44 52 41 97 17 25 76 348 
16 8 29 92 100 37 99 83 356 
80 12 43 65 76 49 19 93 713 
16 83 70 8 92 58 24 17 545 
26 9 28 79 38 79 64 91 550 
61 39 4 76 20 81 16 11 416 
25 88 70 6 24 6 29 12 755 
77 10 18 73 69 85 71 75 600 
20 3 76 66 3 87 81 60 444 
88 42 65 91 94 84 7 101 234 
101 22 87 24 52 29 87 90 659 
54 90 71 21 7 47 7 98 63 
79 61 87 84 26 67 51 43 570 
31 88 18 36 68 70 56 72 434 
90 97 53 49 82 16 7 30 567 
87 69 37 20 86 98 76 30 329 
45 19 98 23 75 11 59 57 19 
67 20 24 3 66 37 94 19 7 
59 32 81 74 80 99 97 66 607 
37 13 4 22 62 40 30 13 435 
59 70 25 44 92 26 13 42 83 
49 86 5 101 28 68 97 20 806 
63 74 41 101 27 10 36 24 362 
2 47 60 86 75 55 84 37 404 
80 16 41 57 62 40 89 50 658 
73 38 87 38 27 44 41 69 324 
16 60 44 17 10 70 82 13 778 
54 65 13 52 19 94 19 20 30 
61 8 13 3 14 80 30 65 701 
62 67 22 18 47 8 15 70 623 
9 65 8 73 77 51 44 37 695 
72 23 21 95 20 9 40 82 503 
30 15 48 67 89 47 85 22 384 
77 37 19 7 39 51 18 12 444 
99 91 33 65 61 79 94 60 340 
69 69 48 15 80 68 46 87 449 
33 44 78 63 90 57 4 69 814 
70 66 87 71 79 10 55 43 742 
33 68 56 70 74 31 6 17 438 
3 65 59 54 63 54 96 87 555 
80 38 2 78 63 94 80 27 764 
59 100 92 40 62 39 77 15 161 
3 64 72 49 60 75 3 3 37 
45 18 5 35 77 94 42 77 46 
93 57 7 63 93 50 37 49 147 
66 65 4 22 79 50 34 95 188 
100 33 80 30 77 62 90 37 71 
92 26 25 100 100 87 33 86 477 
17 42 74 24 14 13 57 39 313 
4 24 41 57 3 84 71 44 357 
29 65 82 47 75 57 41 47 191 
97 68 67 19 91 95 92 19 432 
53 79 21 69 75 40 23 88 108 
71 37 24 42 30 58 44 6 177 
80 71 69 18 84 69 90 62 581 
75 87 35 49 68 86 31 20 534 
26 62 92 44 26 89 44 72 84 
3 57 40 12 77 87 73 13 393 
88 37 96 54 81 15 68 50 15 
82 25 71 40 13 12 92 19 356 
33 38 47 83 76 14 59 89 41 
35 65 11 50 77 57 38 46 677 
73 74 83 79 78 78 87 65 387 
43 64 46 29 22 60 43 42 617 
5 7 64 84 98 94 10 35 696 
94 34 49 16 5 70 30 21 371 
64 56 62 72 98 13 67 18 203 
63 8 46 54 9 38 81 35 314 
23 92 78 91 71 45 92 95 254 
2 29 62 78 102 3 15 81 698 
18 35 12 52 19 82 69 49 221 
44 43 27 13 37 71 31 8 239 
71 75 88 19 81 5 82 67 726 
67 87 8 45 41 29 52 65 4 
31 73 75 98 24 24 18 51 428 
8 91 94 92 49 96 74 45 54 
102 101 55 9 72 54 93 4 508 
23 101 4 100 63 74 71 3 289 
58 75 53 66 2 33 52 76 622 
99 76 40 15 73 98 23 52 522 
49 24 2 24 7 21 61 97 406 
53 10 29 22 23 48 60 18 578 
57 38 101 24 59 98 77 96 230 
26 10 30 8 79 13 10 24 645 
37 36 69 33 6 7 83 102 539 
51 80 55 94 56 57 27 67 119 
67 26 67 6 48 14 93 37 712 
24 47 34 19 13 101 69 26 665 
5 26 33 96 43 59 32 29 131 
77 34 56 74 83 13 99 45 799 
16 32 90 58 42 71 20 61 448 
36 34 68 56 26 33 76 23 339 
85 73 85 10 76 22 98 19 29 
35 52 65 22 22 70 3 55 760 
95 50 86 64 78 84 4 98 770 
51 23 10 26 100 62 72 16 589 
17 9 58 70 62 25 68 87 81 
93 16 14 100 55 73 39 82 600 
59 22 97 3 7 80 27 48 782 
98 12 53 5 53 8 98 88 383 
39 27 90 63 99 94 74 13 669 
84 53 70 39 88 20 89 14 761 
79 15 3 80 45 15 30 72 613 
60 90 65 8 4 69 26 3 453 
87 99 26 5 31 96 98 45 775 
30 61 25 35 19 40 15 21 597 
47 61 84 77 35 29 19 16 189 
21 78 52 3 14 87 64 3 128 
72 76 86 9 84 102 20 102 94 
54 27 73 27 95 85 95 81 344 
76 12 66 99 89 18 73 80 549 
47 29 49 40 73 18 25 45 370 
91 40 79 84 59 35 17 67 723 
54 96 85 69 10 35 45 91 741 
54 75 89 70 38 6 35 75 594 
66 16 56 58 4 52 39 6 335 
67 94 56 32 84 24 29 21 682 
86 80 21 16 97 84 27 73 578 
60 23 4 75 51 86 63 53 420 
37 98 94 35 32 6 94 80 794 
39 23 93 67 43 19 23 51 773 
56 53 21 74 33 32 81 81 680 
41 95 44 72 72 33 73 95 191 
93 53 51 17 23 18 87 90 413 
82 95 82 87 54 3 91 9 815 
34 65 67 64 56 52 22 55 699 
57 69 53 62 97 51 96 32 798 
48 41 32 4 89 45 82 101 706 
5 56 43 44 83 65 33 40 247 
60 31 98 100 97 70 33 32 168 
101 23 100 33 94 24 5 45 557 
72 32 77 24 84 58 66 19 815 
47 15 88 90 30 59 21 38 4 
3 50 46 64 74 59 25 82 639 
90 74 64 20 41 40 97 63 68 
57 38 49 43 36 80 70 88 139 
36 13 94 44 15 58 24 3 773 
26 11 60 20 101 4 79 78 365 
40 28 76 50 95 69 50 66 811 
55 63 16 68 96 88 42 91 566 
88 49 62 8 98 39 45 72 427 
52 39 39 47 65 61 35 32 487 
45 88 20 27 95 51 59 71 334 
83 61 17 75 79 12 34 93 238 
87 34 32 39 7 25 17 100 222 
64 10 99 57 34 65 28 100 28 
53 63 55 13 51 30 99 64 98 
39 79 61 29 15 74 32 50 801 
32 8 83 97 11 97 24 96 499 
46 28 28 54 48 82 9 83 247 
78 76 85 5 42 45 13 80 174 
70 38 97 27 27 86 67 99 750 
25 58 54 61 91 57 68 55 297 
88 88 33 82 22 34 44 56 607 
17 29 68 40 86 33 76 56 480 
68 20 3 44 88 52 90 86 208 
80 19 87 30 38 89 9 27 756 
92 90 18 65 85 73 12 52 569 
28 87 73 22 87 37 98 2 286 
38 45 101 83 94 38 9 65 302 
91 89 93 81 33 61 41 86 541 
45 5 37 31 35 38 82 64 810 
56 60 34 52 34 38 54 73 667 
95 11 98 82 58 22 36 23 518 
81 49 56 14 84 3 70 55 790 
102 8 13 65 3 32 38 55 46 
7 41 57 57 29 62 80 48 611 
72 65 49 17 97 14 75 3 127 
47 44 78 33 84 81 41 54 531 
73 32 9 68 46 6 16 32 668 
11 26 21 96 37 38 29 100 737 
52 87 13 101 93 2 17 93 91 
31 76 59 77 18 77 97 9 131 
69 6 21 45 2 67 32 66 632 
98 54 9 42 6 86 91 91 547 
56 74 41 9 53 55 95 87 456 
27 35 10 46 101 30 22 61 768 
73 9 86 48 71 29 25 20 322 
6 91 72 75 89 28 11 43 286 
79 62 55 68 52 17 12 7 252 
71 54 55 81 22 47 92 20 672 
84 10 5 14 87 35 16 91 787 
88 54 49 84 37 59 95 45 811 
43 7 59 71 38 66 98 55 540 
88 27 71 27 85 71 46 28 270 
34 67 77 22 54 63 21 26 432 
86 89 19 98 88 79 48 50 102 
28 15 74 41 17 33 69 29 523 
29 63 71 80 40 11 27 63 637 
26 24 55 97 53 15 13 14 540 
51 93 41 94 81 37 59 20 108 
63 95 52 46 55 27 99 93 513 
86 8 52 10 73 27 101 23 218 
61 32 64 61 30 5 67 20 301 
27 37 83 36 23 21 98 66 559 
30 83 71 30 100 61 52 29 51 
19 43 22 16 96 60 10 99 721 
53 3 66 49 80 37 90 74 461 
83 52 87 32 14 9 59 73 333 
60 33 34 5 12 3 99 51 626 
19 14 43 25 28 25 33 48 508 
6 83 4 36 42 28 5 70 634 
23 88 31 14 59 25 20 53 540 
58 50 94 65 52 31 60 73 492 
17 60 26 64 101 68 47 55 728 
40 26 94 8 102 43 26 78 511 
49 7 57 20 8 77 59 77 798 
72 43 34 75 78 70 68 90 86 
56 61 89 65 69 6 36 81 224 
76 52 50 53 42 75 69 13 544 
7 100 55 51 6 26 70 77 97 
60 68 50 25 42 14 33 71 147 
77 86 40 53 86 28 50 85 203 
52 22 3 60 8 67 4 63 734 
60 7 56 65 97 94 95 79 113 
82 53 12 38 22 72 57 94 223 
31 57 16 28 3 23 101 20 452 
12 101 62 85 23 82 24 75 523 
66 14 91 47 60 9 15 70 263 
17 16 2 33 5 16 40 75 51 
78 34 7 35 66 79 39 84 631 
56 99 32 32 15 48 8 94 651 
40 85 98 9 15 34 91 87 32 
57 81 98 47 47 51 76 48 340 
61 33 50 14 11 78 32 61 586 
4 86 3 56 27 13 36 101 730 
12 71 21 74 46 81 75 84 31 
83 11 53 83 59 69 7 49 500 
33 29 77 22 79 56 63 89 8 
4 4 55 88 13 48 61 66 635 
25 89 89 72 41 29 74 51 411 
22 23 29 37 51 80 52 5 592 
17 92 93 66 14 59 80 73 654 
52 97 100 7 24 95 91 84 491 
76 64 90 50 50 30 6 42 536 
75 70 55 77 38 10 75 47 607 
88 61 77 32 94 70 49 24 439 
55 17 101 36 48 69 20 78 340 
86 69 44 65 62 74 93 7 25 
29 77 61 92 34 79 21 4 190 
87 46 72 22 3 27 77 53 209 
68 41 24 88 59 62 68 91 637 
35 26 101 5 41 89 67 21 388 
96 65 85 24 18 45 46 35 263 
74 66 67 18 90 11 48 27 537 
82 43 20 101 26 45 101 88 644 
27 84 6 85 57 84 80 82 726 
44 47 25 81 44 26 30 97 203 
15 18 37 92 59 17 23 87 638 
31 97 41 42 24 32 66 21 419 
30 90 11 86 40 10 22 6 654 
44 3 101 97 73 31 20 89 569 
45 37 27 91 64 72 6 51 695 
