4 4
300
58 65 2 49 537 
40 19 47 71 707 
51 6 11 89 658 
50 7 63 13 446 
18 20 13 73 556 
96 81 41 97 376 
92 22 17 79 707 
20 70 17 101 503 
15 58 40 73 774 
99 62 9 76 233 
20 45 95 50 479 
40 54 31 81 582 
61 80 52 25 785 
32 91 34 2 509 
81 92 64 51 337 
62 82 42 79 579 
36 74 67 68 233 
50 28 69 20 398 
69 41 39 30 26 
38 8 17 77 533 
10 30 9 14 401 
30 83 46 9 805 
60 13 54 10 303 
88 15 85 97 397 
5 24 16 54 780 
42 55 37 48 48 
55 67 67 13 511 
8 68 55 19 5 
69 84 62 22 737 
57 89 31 92 140 
24 25 22 29 506 
89 16 57 18 77 
77 48 100 3 370 
95 48 43 47 252 
22 62 68 97 666 
23 64 97 63 329 
55 26 46 32 679 
32 47 41 52 621 
95 12 39 10 208 
23 87 60 76 791 
11 48 86 62 788 
64 59 27 47 334 
26 21 96 78 462 
53 4 70 20 123 
50 10 93 71 310 
12 25 60 71 495 
38 6 22 66 255 
8 42 86 35 172 
75 22 96 11 422 
76 18 63 54 607 
21 19 42 61 399 
3 57 17 24 707 
41 101 58 86 40 
23 101 32 47 409 
13 19 37 99 341 
30 16 85 20 524 
95 65 8 97 337 
21 66 63 18 246 
54 28 64 48 668 
76 66 11 6 255 
77 89 18 4 519 
4 84 45 20 172 
89 74 99 60 761 
78 95 63 45 696 
59 40 16 17 804 
87 57 91 18 554 
66 7 81 88 727 
9 49 6 33 321 
40 23 45 97 352 
81 31 7 55 45 
82 5 68 21 605 
39 75 3 5 640 
49 95 29 52 468 
84 96 13 71 707 
32 91 31 6 390 
38 97 21 74 159 
58 52 38 12 713 
62 41 62 14 424 
36 48 3 55 751 
47 95 95 39 501 
88 20 38 68 616 
93 76 64 73 310 
45 55 31 86 180 
99 59 19 65 792 
44 36 100 19 430 
86 90 78 14 26 
45 3 84 13 276 
40 16 71 37 782 
88 79 91 77 76 
83 19 19 33 776 
89 78 33 42 155 
54 22 21 16 745 
5 100 52 70 774 
43 73 20 52 682 
85 90 84 69 92 
67 47 25 10 586 
70 73 47 19 129 
69 73 44 94 669 
20 97 57 45 754 
90 30 22 82 555 
12 100 69 50 101 
101 96 66 31 440 
9 99 13 44 196 
35 54 35 55 232 
72 32 29 70 531 
90 35 41 76 187 
39 27 46 42 508 
71 6 100 7 134 
75 9 14 40 616 
24 86 15 22 488 
38 97 70 53 797 
82 74 101 85 200 
69 57 91 9 136 
84 55 74 82 446 
31 57 30 38 454 
65 19 90 95 353 
6 21 21 17 707 
44 59 94 44 671 
100 7 17 82 403 
20 20 8 24 765 
71 14 36 67 252 
84 69 33 98 282 
65 85 8 41 167 
50 38 77 22 606 
27 63 31 100 466 
26 41 49 89 309 
48 14 69 101 604 
94 87 56 86 44 
77 28 98 10 162 
16 101 78 62 14 
84 45 88 49 565 
11 85 38 10 57 
44 22 46 60 724 
53 19 8 68 232 
64 83 93 17 808 
101 66 23 80 350 
27 66 89 88 455 
5 28 21 32 534 
11 52 48 79 514 
58 84 40 21 562 
100 95 12 34 320 
3 54 73 50 575 
46 63 60 67 672 
81 34 60 5 701 
27 99 78 2 158 
15 37 16 54 356 
19 28 4 11 369 
34 55 57 49 449 
53 58 73 62 174 
50 94 83 97 688 
25 25 37 35 362 
2 19 12 15 216 
67 41 21 7 437 
20 61 51 22 415 
27 79 14 50 288 
71 28 19 81 585 
23 56 21 70 168 
96 93 71 67 366 
17 46 45 22 731 
14 39 68 8 28 
91 45 63 46 484 
48 14 90 100 613 
76 2 33 43 43 
13 22 53 87 490 
29 92 86 77 294 
84 37 93 60 188 
34 62 12 78 678 
80 96 76 11 608 
84 5 73 92 578 
17 15 3 17 642 
94 88 83 48 621 
100 61 87 10 634 
13 23 32 77 352 
15 92 57 60 219 
19 48 44 12 639 
26 21 96 7 173 
71 35 78 82 251 
48 81 66 102 692 
21 11 68 33 517 
63 75 97 49 468 
27 60 45 91 503 
49 46 73 70 426 
81 67 82 89 75 
80 47 52 47 791 
36 28 57 75 63 
10 82 14 49 142 
53 26 49 49 784 
13 92 89 20 684 
5 10 97 50 49 
56 30 81 24 697 
18 25 53 52 189 
101 5 72 83 435 
69 34 26 53 13 
57 21 35 93 803 
90 60 34 63 770 
28 33 9 70 439 
82 3 92 63 9 
29 75 99 26 795 
9 22 8 67 138 
72 86 46 49 416 
37 97 89 26 797 
61 93 92 58 789 
70 98 4 29 596 
68 44 65 52 605 
84 24 11 96 744 
70 53 69 46 196 
45 88 62 19 152 
87 16 68 66 345 
38 86 43 30 242 
13 20 81 94 413 
30 23 96 74 566 
15 88 95 34 247 
9 26 47 34 442 
84 38 88 11 718 
54 78 101 10 310 
100 83 83 66 657 
52 75 77 96 782 
24 94 90 49 43 
101 22 36 36 285 
14 41 11 76 391 
77 34 72 6 801 
54 24 88 37 584 
35 8 31 54 656 
36 51 53 38 264 
92 50 40 6 730 
34 45 67 75 212 
61 73 9 19 50 
20 5 73 98 362 
2 8 55 78 591 
95 93 84 55 6 
65 89 75 44 475 
28 96 68 16 540 
11 58 15 11 103 
63 100 14 48 513 
33 79 58 94 262 
86 97 64 34 787 
43 63 14 75 510 
74 100 68 61 650 
26 40 59 32 292 
46 95 46 65 93 
97 81 38 93 568 
88 33 83 12 608 
33 34 36 20 207 
49 46 42 48 331 
65 35 56 68 322 
95 22 28 58 718 
93 53 101 22 16 
64 28 24 5 624 
43 19 58 86 395 
94 6 41 6 721 
2 55 100 25 395 
64 27 71 53 624 
68 7 27 24 685 
83 35 16 18 516 
24 24 39 72 815 
48 78 72 20 388 
91 83 24 70 718 
39 54 78 74 323 
39 58 72 29 89 
37 93 37 2 552 
61 92 25 43 545 
80 18 30 25 19 
88 57 53 6 711 
86 85 60 36 381 
30 59 43 79 212 
67 54 12 61 527 
57 44 72 53 721 
101 61 83 3 86 
23 26 55 72 438 
84 7 69 42 216 
54 36 3 56 320 
4 51 48 17 13 
28 8 71 61 388 
46 87 3 18 717 
28 4 59 25 210 
6 6 73 25 357 
62 87 72 35 102 
23 43 18 13 704 
53 15 67 102 692 
17 57 96 25 77 
99 6 53 54 7 
52 79 80 30 284 
100 79 25 74 337 
42 38 38 48 218 
6 71 91 31 306 
15 39 59 41 92 
51 13 51 16 382 
58 36 20 34 510 
46 65 90 79 724 
75 92 96 61 365 
80 21 49 98 46 
29 17 24 17 715 
15 22 41 19 695 
89 30 10 27 696 
8 20 6 86 675 
43 83 15 43 523 
25 45 100 96 267 
33 65 55 11 159 
43 15 6 47 406 
26 25 73 94 15 
