4 4
300
5 29 39 99 460 
46 4 61 95 507 
67 91 82 10 174 
55 22 61 39 205 
82 44 96 101 511 
19 25 65 86 578 
51 13 31 14 279 
77 68 53 26 660 
54 66 14 52 463 
24 46 67 32 463 
31 93 5 81 604 
63 35 40 36 325 
23 41 77 24 105 
55 62 70 76 377 
89 71 37 59 598 
18 31 46 44 330 
74 60 34 29 344 
61 11 53 40 593 
44 30 19 87 492 
15 91 92 39 29 
64 78 94 86 573 
61 58 48 8 477 
34 91 98 96 551 
65 9 50 82 442 
47 12 32 3 37 
60 55 52 98 495 
28 42 9 41 639 
99 68 50 59 674 
5 64 47 82 333 
54 34 25 19 795 
8 44 12 85 480 
54 47 93 82 97 
9 7 52 47 263 
94 85 60 17 579 
99 61 93 100 419 
84 67 53 62 425 
29 32 35 101 446 
87 32 26 82 213 
53 77 70 47 618 
100 14 102 50 395 
72 76 9 48 6 
49 53 14 34 623 
90 97 32 30 695 
79 74 53 92 388 
65 61 80 91 164 
24 93 48 24 439 
72 67 5 14 671 
54 24 89 100 62 
36 20 94 6 314 
58 47 42 62 804 
28 63 11 2 700 
13 99 20 28 645 
58 7 92 80 51 
25 94 20 48 269 
57 87 55 85 112 
47 69 76 53 521 
79 53 87 25 230 
11 57 5 28 582 
58 6 63 21 418 
31 30 15 99 129 
66 29 96 29 358 
43 10 28 89 335 
46 25 69 65 22 
7 22 69 52 789 
69 92 94 77 632 
53 26 36 34 691 
19 56 79 37 813 
52 59 60 82 714 
3 31 18 87 226 
35 39 100 19 375 
11 63 65 3 395 
76 37 21 52 758 
18 77 96 4 195 
92 48 34 65 429 
50 63 89 65 778 
40 76 9 49 364 
16 28 19 88 616 
58 92 78 89 207 
17 40 10 89 580 
29 37 15 64 307 
89 8 37 66 796 
50 76 2 7 85 
3 30 74 8 648 
92 60 10 29 551 
102 72 46 40 303 
12 55 2 94 561 
5 62 47 12 470 
10 93 54 91 226 
84 92 73 79 202 
89 67 5 9 659 
71 29 89 96 309 
19 63 99 29 711 
97 76 11 39 57 
42 85 65 50 582 
101 8 21 101 695 
12 102 70 15 406 
47 53 95 13 814 
79 76 53 74 332 
49 96 27 4 270 
11 83 36 72 689 
6 5 57 38 665 
65 9 90 11 229 
19 95 86 80 344 
46 83 99 39 247 
68 34 93 10 198 
8 83 20 68 623 
31 68 99 31 370 
44 98 59 32 299 
72 88 44 46 190 
56 11 49 62 725 
30 86 99 42 148 
74 14 49 14 618 
84 91 23 35 810 
54 98 58 35 813 
50 26 70 3 495 
82 93 49 87 576 
98 36 60 80 395 
47 71 59 13 599 
33 51 46 56 442 
82 67 11 47 584 
59 56 16 62 333 
6 18 98 82 309 
83 67 64 44 647 
51 33 46 87 446 
85 41 47 61 563 
101 82 16 48 656 
17 84 4 15 109 
45 21 101 39 364 
31 75 80 75 754 
68 89 5 77 46 
52 23 26 92 725 
20 11 57 93 340 
26 4 52 101 185 
101 65 51 31 300 
31 34 9 42 213 
12 63 74 69 28 
14 79 41 43 252 
96 60 14 26 773 
36 66 10 97 170 
28 25 80 53 762 
5 39 76 40 622 
19 16 86 66 645 
59 39 90 90 239 
49 66 11 71 234 
43 53 27 36 27 
67 27 13 21 813 
89 85 23 75 5 
77 5 3 67 111 
82 76 50 47 309 
98 78 22 68 604 
65 16 12 24 428 
54 14 42 37 91 
95 5 67 67 752 
76 18 17 89 441 
46 65 46 57 400 
69 5 82 98 58 
91 7 47 48 302 
74 75 101 23 395 
65 65 67 56 171 
78 11 85 55 521 
82 63 34 14 249 
102 73 57 75 695 
51 34 46 30 179 
90 60 21 30 162 
3 19 96 41 742 
83 99 92 36 592 
60 22 29 34 221 
30 74 35 17 304 
4 21 28 38 812 
33 21 39 34 268 
21 92 57 35 517 
65 69 95 24 405 
4 83 22 3 221 
30 8 14 3 762 
18 27 6 93 148 
84 94 60 42 493 
64 62 59 4 441 
70 67 95 71 525 
63 81 13 68 286 
23 100 27 11 582 
27 9 38 41 140 
95 88 66 17 663 
73 12 56 63 714 
44 25 21 49 479 
65 15 45 39 266 
39 16 40 58 793 
86 69 51 70 291 
57 27 21 87 495 
84 3 80 90 762 
53 27 52 80 759 
99 81 80 52 69 
14 66 101 8 653 
81 50 10 20 795 
6 63 88 28 265 
19 7 36 88 623 
64 37 57 46 661 
14 66 62 65 814 
6 90 100 62 191 
93 28 14 7 665 
37 95 61 93 726 
92 41 26 48 618 
94 47 94 76 379 
79 12 57 27 556 
17 90 48 21 759 
18 65 28 5 341 
93 95 31 7 341 
71 78 66 57 739 
74 42 16 89 62 
61 98 26 16 376 
83 73 89 39 544 
49 49 43 99 595 
30 16 23 6 691 
102 18 89 35 629 
4 47 102 37 780 
77 76 60 13 280 
22 41 14 59 495 
22 8 95 40 771 
24 37 69 84 513 
61 21 12 5 63 
45 11 94 39 363 
38 74 54 43 752 
75 90 32 65 435 
91 4 67 46 530 
96 25 51 40 447 
69 81 20 74 304 
58 66 58 6 746 
12 49 77 14 206 
50 56 54 48 173 
36 7 5 31 600 
59 56 68 40 114 
21 62 56 84 632 
59 56 82 6 299 
12 35 28 74 349 
44 29 54 21 138 
41 74 5 19 172 
64 77 91 101 658 
3 100 20 92 588 
52 95 95 37 558 
97 77 50 12 95 
3 81 33 88 257 
32 4 49 23 607 
50 60 39 63 131 
83 67 83 25 287 
14 16 38 2 755 
51 35 20 52 182 
67 26 95 8 161 
84 46 5 69 416 
102 52 99 18 198 
95 59 34 21 710 
32 96 27 77 812 
89 45 33 96 675 
98 86 99 101 80 
26 66 33 43 275 
39 64 15 75 288 
63 19 22 78 815 
94 3 101 65 753 
73 101 20 8 267 
41 15 11 87 446 
18 55 100 8 815 
30 28 93 87 406 
70 82 54 42 312 
72 25 57 96 741 
97 87 36 9 316 
27 48 27 11 773 
27 55 31 20 159 
10 21 16 78 586 
68 12 15 16 201 
93 49 81 70 510 
18 59 17 96 486 
32 21 94 69 610 
84 3 84 93 204 
17 54 36 22 245 
54 11 81 24 204 
87 74 22 84 394 
80 69 59 48 645 
70 40 37 61 725 
91 29 49 3 731 
67 30 24 91 79 
41 15 61 40 90 
9 80 95 71 609 
60 101 12 21 790 
17 46 37 14 466 
79 19 78 33 337 
27 64 80 35 487 
59 52 33 75 78 
67 11 21 38 586 
92 46 68 86 254 
91 19 30 7 610 
24 95 13 34 263 
24 40 29 99 702 
48 102 63 11 148 
10 70 39 12 261 
8 27 102 42 547 
35 53 94 2 424 
10 36 75 60 312 
66 42 101 42 713 
29 84 24 52 214 
92 86 58 68 191 
23 82 20 75 560 
99 95 72 67 809 
