2 8
300
62 56 474 
37 83 823 
66 11 143 
40 78 990 
87 95 155 
31 19 165 
77 95 1264 
79 82 354 
14 41 1354 
57 35 722 
21 86 666 
31 14 368 
62 56 1528 
6 16 1151 
85 13 69 
80 43 1124 
4 74 624 
67 19 964 
10 85 1214 
9 24 693 
69 11 1240 
66 20 1505 
22 58 1328 
89 71 1030 
18 73 1302 
9 97 1120 
20 37 1600 
16 54 1007 
8 57 1082 
84 23 483 
50 55 518 
53 39 74 
97 20 1511 
14 60 1390 
89 17 44 
77 50 766 
81 3 1434 
8 92 1423 
46 55 926 
16 60 1040 
28 40 567 
54 41 262 
33 67 556 
77 14 1250 
78 8 1261 
15 29 610 
61 33 106 
21 4 329 
44 44 1032 
46 9 1358 
50 82 974 
31 88 318 
52 38 1247 
89 46 1356 
15 6 1447 
13 32 1373 
12 34 438 
21 57 451 
59 8 586 
17 12 1573 
55 89 953 
53 30 525 
19 49 324 
60 64 1485 
63 74 1423 
25 9 1608 
33 32 208 
81 37 1229 
58 30 411 
34 74 1297 
86 38 416 
82 36 928 
27 64 1245 
59 96 1349 
66 54 1129 
38 60 1351 
42 36 1631 
39 85 1305 
86 76 856 
85 96 1621 
9 87 1233 
42 76 435 
68 83 630 
32 101 728 
24 77 587 
32 17 1346 
8 23 1142 
44 94 615 
82 48 860 
47 98 983 
6 44 1105 
79 52 158 
9 26 1271 
45 72 1264 
46 12 578 
57 17 138 
46 56 964 
72 79 1205 
31 67 1520 
40 63 457 
76 22 1384 
80 28 931 
79 47 414 
28 25 1479 
7 66 822 
95 100 1335 
4 26 514 
46 3 695 
3 37 1058 
96 50 1385 
18 71 1033 
52 71 820 
95 68 1370 
80 81 1136 
85 20 503 
70 67 218 
25 39 1088 
13 38 601 
99 32 305 
44 79 1494 
94 85 1596 
42 12 879 
29 57 1550 
2 102 527 
100 26 744 
64 63 1369 
14 35 1130 
54 72 178 
20 7 547 
29 55 639 
34 52 1448 
94 88 1561 
74 45 127 
79 43 176 
20 25 603 
36 16 194 
93 37 1116 
37 32 727 
24 43 206 
89 24 82 
22 3 22 
58 70 811 
45 7 617 
52 92 306 
78 37 1496 
61 35 770 
76 86 1493 
24 37 308 
73 99 326 
46 72 744 
85 87 336 
5 59 657 
11 64 896 
89 93 135 
76 43 728 
52 61 1560 
55 66 123 
67 15 626 
15 101 1070 
84 87 1168 
32 101 577 
94 69 90 
100 75 1279 
53 51 1157 
94 89 1516 
85 50 1534 
76 23 628 
26 94 105 
40 20 1169 
84 91 945 
77 29 1261 
85 60 1498 
75 84 1218 
41 54 1390 
19 3 241 
39 75 433 
47 32 835 
74 10 1047 
35 7 127 
31 56 801 
36 18 1372 
23 79 362 
96 11 477 
3 12 1073 
21 37 1135 
55 9 1473 
94 4 729 
47 39 968 
9 5 309 
15 52 851 
86 46 453 
28 7 581 
3 99 400 
95 45 1048 
99 46 322 
87 54 1192 
97 82 1605 
19 39 860 
6 91 1294 
27 16 1204 
5 82 961 
79 19 1087 
40 96 489 
36 54 172 
68 101 956 
82 50 1509 
42 23 831 
48 21 1147 
56 69 110 
77 23 271 
58 78 1352 
53 91 1022 
7 22 446 
55 49 954 
45 63 455 
90 54 626 
96 26 669 
89 87 1511 
25 59 1009 
91 25 824 
62 65 1185 
15 80 1237 
30 17 160 
98 77 450 
67 89 1207 
94 5 948 
44 68 245 
70 83 1588 
78 72 1488 
92 30 522 
3 19 1584 
79 95 1377 
88 32 1353 
54 62 598 
31 100 796 
15 24 1609 
21 32 895 
6 48 937 
37 94 1340 
77 40 135 
87 39 1425 
80 97 955 
32 90 1525 
92 9 1190 
77 92 94 
80 42 1349 
51 64 784 
95 74 1590 
79 99 1151 
42 43 27 
4 13 1502 
77 69 375 
51 53 53 
92 85 543 
7 31 388 
84 31 911 
54 59 847 
101 29 1235 
62 94 1074 
92 3 1601 
90 93 769 
94 89 1570 
83 2 377 
85 31 1453 
82 60 1292 
17 89 696 
76 97 1117 
17 90 1375 
52 5 1368 
18 16 1231 
59 61 818 
7 4 1506 
88 15 681 
30 3 461 
35 71 459 
65 22 1116 
99 47 77 
25 18 93 
32 75 48 
65 44 1381 
14 66 1404 
50 28 1139 
41 76 916 
89 31 1210 
3 48 1535 
42 84 310 
58 89 1352 
17 22 1126 
73 36 705 
46 77 476 
91 25 1162 
59 17 599 
44 87 709 
60 26 743 
14 12 278 
32 24 1144 
14 91 1488 
86 9 903 
4 99 729 
19 79 1496 
