6 4
300
93 37 44 60 21 90 48 
65 58 51 5 78 33 449 
31 52 34 49 101 64 37 
10 98 99 92 12 101 724 
4 71 45 101 24 55 593 
32 74 56 101 25 42 55 
70 79 28 63 47 62 363 
12 37 37 48 65 58 673 
40 48 71 11 90 19 494 
89 8 7 56 80 84 810 
80 80 50 78 24 100 328 
21 73 31 66 41 46 756 
37 10 54 60 99 92 747 
28 87 91 36 25 48 664 
74 24 8 69 79 47 261 
58 89 72 43 60 44 162 
77 42 47 51 75 70 425 
100 54 98 83 94 10 426 
95 61 44 101 54 61 386 
51 25 99 64 101 63 640 
23 84 19 40 50 74 414 
48 47 87 52 80 31 603 
71 12 88 87 39 82 519 
31 30 44 9 86 74 216 
19 50 89 75 9 76 627 
72 81 45 47 38 4 386 
16 59 51 76 31 75 650 
15 13 79 64 83 17 754 
56 77 34 66 102 26 238 
99 100 79 73 58 99 808 
33 45 43 3 80 18 121 
73 96 35 56 101 49 32 
39 12 13 28 61 86 131 
6 13 82 38 79 20 142 
61 74 4 76 78 83 671 
69 38 63 5 101 80 681 
83 101 12 2 80 27 487 
90 68 47 99 15 85 219 
35 62 67 3 100 99 103 
24 33 82 25 68 23 570 
76 52 25 62 9 34 189 
14 73 38 102 95 60 572 
8 59 79 65 99 57 284 
78 98 4 3 82 73 483 
70 32 80 13 6 92 123 
18 24 39 8 53 6 169 
92 31 3 7 42 44 137 
76 6 61 71 68 37 795 
57 23 62 28 63 66 360 
43 60 90 91 70 57 735 
37 42 59 48 54 16 707 
68 3 97 43 31 44 772 
28 20 45 40 57 19 495 
3 79 82 92 42 78 397 
73 15 18 74 89 29 316 
65 4 24 16 23 13 724 
22 66 87 34 23 51 125 
42 48 53 15 40 32 275 
65 79 59 14 40 40 777 
90 81 71 44 18 58 511 
18 22 26 36 9 74 664 
15 97 59 20 29 35 252 
69 67 61 51 99 7 5 
27 67 4 85 75 95 262 
87 18 93 7 95 55 198 
27 30 81 33 60 54 410 
85 102 96 13 7 67 171 
17 12 94 21 53 64 747 
57 23 53 36 80 51 231 
80 68 15 36 83 9 344 
39 81 20 41 55 52 341 
68 10 74 70 31 13 573 
8 100 89 44 92 34 574 
8 31 99 81 5 24 41 
36 83 79 26 60 81 634 
33 76 82 100 14 52 730 
15 80 68 51 40 60 586 
70 28 93 93 76 74 251 
52 23 62 52 30 39 262 
29 97 46 73 34 94 616 
26 9 46 81 85 83 762 
52 33 32 67 66 35 537 
57 88 35 86 9 49 657 
55 22 50 85 15 60 699 
85 23 80 8 68 98 356 
21 49 14 94 93 39 815 
92 32 87 67 6 68 593 
11 13 89 27 48 97 585 
89 98 97 72 25 10 549 
12 54 61 100 39 24 291 
41 23 94 18 12 83 511 
92 65 21 11 93 15 607 
12 93 82 22 4 74 263 
54 19 24 70 31 35 658 
80 29 68 69 46 39 574 
92 97 11 38 16 11 793 
35 79 63 34 97 95 812 
63 80 80 37 53 5 712 
7 72 51 82 50 84 102 
38 54 44 50 78 6 166 
97 73 86 89 65 37 156 
42 63 38 37 42 83 136 
50 90 34 95 36 85 697 
27 63 57 69 29 87 786 
26 21 86 21 91 81 540 
9 96 50 90 70 70 527 
11 15 48 10 3 98 719 
66 11 56 44 23 37 572 
12 31 23 37 52 25 132 
44 53 18 53 4 52 336 
96 87 7 67 17 23 135 
50 12 61 28 91 10 491 
12 32 79 70 47 98 790 
67 29 55 20 48 51 546 
64 32 59 101 48 49 569 
26 51 79 8 16 56 512 
21 64 11 63 16 58 262 
23 41 85 59 56 46 242 
60 55 49 71 74 51 704 
81 4 29 45 63 92 700 
83 102 63 33 44 36 373 
67 46 59 33 95 37 332 
93 76 44 93 5 42 546 
98 32 39 44 6 78 327 
63 84 20 55 68 48 325 
41 24 28 14 12 86 756 
11 92 40 82 17 48 720 
30 87 54 61 52 21 698 
72 26 91 40 60 8 37 
64 41 80 29 91 3 423 
54 18 82 95 58 76 708 
42 102 64 92 33 54 271 
99 68 96 17 29 56 571 
100 39 75 54 80 90 390 
53 61 54 28 47 38 616 
71 75 68 96 47 101 241 
26 29 51 29 56 73 527 
76 86 14 63 49 84 447 
81 8 42 80 88 41 732 
43 12 66 88 17 60 234 
95 31 23 85 57 43 597 
12 27 27 26 19 85 627 
77 43 67 100 57 23 732 
68 27 18 61 62 42 685 
19 87 43 41 16 38 660 
57 92 81 93 43 84 564 
84 17 56 70 58 15 535 
71 101 90 63 39 41 217 
5 7 26 98 3 91 755 
41 86 87 6 49 98 163 
52 88 9 15 41 23 693 
12 64 93 6 29 20 397 
88 55 80 79 99 56 425 
87 57 98 42 94 78 345 
33 70 67 11 19 48 155 
15 83 49 100 20 43 760 
45 35 94 76 73 46 437 
34 9 29 52 43 70 531 
33 13 75 49 46 45 650 
96 28 97 12 75 32 594 
73 33 81 81 15 61 346 
24 6 68 24 35 91 807 
63 40 60 78 80 56 676 
72 77 53 76 101 16 400 
9 98 66 100 16 83 493 
79 49 73 31 11 25 69 
9 9 27 14 56 83 272 
89 39 36 97 78 92 12 
58 30 7 16 47 95 124 
10 4 26 20 10 41 689 
93 90 49 71 33 77 514 
70 28 64 46 35 18 166 
61 32 5 40 93 61 168 
21 68 16 66 31 95 813 
7 3 95 48 44 51 785 
51 89 28 47 17 40 719 
5 45 72 14 80 97 395 
74 23 82 19 81 66 589 
24 35 7 4 83 65 519 
27 71 100 93 69 26 82 
45 79 96 77 23 34 136 
25 46 53 53 100 53 270 
83 15 31 65 87 26 226 
56 22 45 36 77 27 636 
76 74 24 13 73 40 235 
46 88 44 60 34 58 810 
90 56 53 85 14 33 361 
58 71 30 84 102 84 725 
59 53 43 48 10 41 397 
75 32 43 29 15 6 303 
29 89 6 55 70 30 538 
68 94 53 65 96 36 153 
4 96 30 73 58 42 708 
38 2 14 26 19 53 129 
27 12 57 101 28 9 237 
84 26 32 33 56 25 740 
61 92 85 16 7 32 576 
38 14 58 59 67 52 745 
89 94 31 53 80 52 338 
84 98 66 70 29 92 169 
72 101 42 4 19 98 626 
13 31 12 14 23 47 726 
99 101 44 64 59 40 776 
34 3 82 78 75 51 626 
96 21 48 80 42 52 538 
16 18 57 50 56 17 623 
65 20 41 59 7 54 692 
99 24 8 72 54 27 315 
100 62 28 46 49 102 137 
12 67 36 82 97 25 684 
85 90 16 5 25 21 563 
84 43 22 70 99 94 792 
100 42 10 90 27 29 129 
58 31 6 9 17 62 430 
56 7 79 12 31 3 117 
36 94 69 31 9 71 128 
21 8 79 52 10 21 105 
27 28 94 73 98 70 218 
60 12 97 10 61 18 235 
38 45 60 69 93 85 518 
50 43 61 20 60 2 306 
25 29 60 9 42 42 239 
81 86 41 36 35 90 617 
84 74 23 50 55 89 677 
65 21 84 19 39 51 628 
87 35 55 40 70 91 291 
86 39 3 21 79 102 465 
61 20 36 60 97 90 541 
71 40 72 7 15 56 490 
10 77 92 6 93 54 772 
53 89 98 67 100 42 799 
37 22 31 79 89 28 39 
3 51 61 43 63 13 130 
98 85 35 57 37 78 620 
64 13 17 88 49 64 61 
34 39 96 99 50 70 280 
19 43 30 28 30 57 58 
29 33 65 31 43 81 453 
6 66 12 66 66 24 594 
11 16 93 42 66 99 567 
14 67 46 16 45 84 639 
44 6 31 8 22 71 291 
82 54 59 8 85 54 228 
75 86 36 85 48 63 73 
28 40 88 67 60 39 125 
68 21 18 101 99 79 506 
62 83 59 46 55 39 233 
64 36 36 82 47 44 312 
83 12 32 98 22 72 129 
69 45 44 64 34 22 119 
35 43 9 88 77 68 115 
5 78 41 95 26 82 523 
5 54 87 15 98 79 691 
10 87 4 79 10 48 760 
40 17 84 23 19 16 239 
95 29 96 73 78 26 639 
36 93 5 98 91 54 515 
93 59 52 38 45 32 205 
57 7 11 69 21 23 536 
63 59 74 9 68 37 85 
27 93 44 22 55 8 607 
96 101 83 21 97 32 377 
60 34 88 75 86 6 311 
24 87 6 58 5 15 597 
36 33 91 25 19 55 544 
69 10 18 93 25 53 501 
8 30 50 27 93 21 23 
27 88 36 84 33 74 24 
8 40 66 51 96 3 491 
70 94 98 80 79 82 749 
26 72 84 63 56 79 138 
58 57 34 15 95 73 78 
47 56 42 88 83 66 495 
72 54 44 32 51 3 309 
38 54 48 16 42 13 4 
18 54 24 79 98 88 408 
85 34 39 2 33 53 186 
40 58 94 99 18 33 447 
20 43 33 6 77 81 164 
5 87 101 55 62 11 237 
5 21 11 87 80 13 712 
22 7 31 21 53 17 804 
98 56 19 26 82 48 804 
13 93 75 22 9 32 648 
49 39 49 73 44 96 287 
39 86 13 40 22 69 798 
38 4 87 27 66 23 57 
33 84 31 82 65 32 751 
30 38 67 73 83 10 600 
70 84 50 11 23 65 484 
72 8 88 61 80 3 611 
91 90 97 45 11 75 127 
57 20 93 80 65 45 76 
50 49 69 42 61 26 558 
22 39 18 44 60 49 498 
79 45 23 87 32 19 322 
50 72 29 74 37 60 103 
66 59 33 60 23 52 184 
61 21 21 21 78 8 566 
52 81 3 53 27 56 643 
