2 4
300
102 50 394 
2 8 619 
57 69 243 
70 56 418 
54 43 508 
95 55 575 
63 90 812 
53 24 124 
67 30 41 
27 32 91 
58 35 278 
9 7 581 
32 15 544 
18 4 543 
44 43 811 
56 43 304 
45 50 6 
91 59 742 
2 51 219 
35 37 636 
73 33 304 
21 14 174 
19 47 292 
93 65 328 
6 47 705 
35 11 663 
18 14 712 
70 84 668 
12 68 615 
45 8 456 
46 99 641 
91 47 579 
31 25 234 
80 39 782 
3 54 697 
62 88 100 
7 69 329 
47 19 190 
93 5 401 
57 10 376 
48 76 318 
82 49 536 
64 17 5 
17 6 704 
55 39 612 
93 68 249 
98 52 658 
65 40 323 
18 101 651 
57 100 339 
24 76 122 
85 34 509 
59 24 42 
22 101 577 
14 91 518 
56 95 653 
50 101 304 
21 61 475 
67 85 294 
101 66 389 
88 8 140 
61 95 243 
73 72 43 
15 36 366 
27 79 419 
12 53 403 
78 64 54 
102 9 807 
6 5 126 
59 19 408 
28 60 468 
59 36 757 
56 55 781 
36 85 187 
77 37 531 
94 95 670 
9 57 255 
89 25 24 
43 88 807 
20 57 736 
16 17 431 
57 88 625 
90 70 351 
60 58 805 
56 44 645 
86 27 587 
36 14 85 
35 52 507 
21 42 281 
56 18 391 
96 38 802 
8 21 553 
72 22 403 
90 7 205 
41 51 808 
34 35 663 
26 60 500 
29 86 349 
82 83 534 
93 38 379 
44 35 426 
97 67 171 
2 50 187 
13 16 44 
25 48 60 
87 96 11 
65 88 57 
55 33 478 
89 69 422 
58 28 312 
4 81 681 
5 48 586 
75 46 685 
80 34 695 
60 14 360 
58 6 315 
37 97 713 
66 30 410 
42 91 21 
96 11 798 
71 47 185 
87 11 281 
24 22 812 
37 14 409 
19 87 443 
24 97 152 
17 33 511 
15 22 252 
53 40 422 
35 65 465 
71 81 291 
88 11 712 
65 76 28 
12 36 690 
41 2 674 
39 49 352 
98 20 772 
86 81 636 
37 58 203 
94 36 580 
85 91 462 
45 68 270 
16 33 617 
69 61 171 
17 7 787 
80 76 166 
50 15 743 
11 39 371 
64 88 4 
60 53 435 
65 73 328 
34 29 373 
30 98 278 
52 25 132 
69 31 481 
76 71 605 
83 59 668 
7 46 168 
82 76 419 
13 82 657 
35 59 654 
24 7 721 
83 85 637 
53 52 636 
88 100 739 
77 43 70 
88 90 140 
28 78 766 
73 60 221 
22 54 433 
96 19 131 
55 19 540 
38 47 201 
73 95 699 
98 33 60 
6 20 371 
32 7 268 
45 27 751 
66 8 658 
88 53 381 
63 63 251 
27 58 272 
64 35 666 
26 41 787 
86 18 776 
33 32 373 
89 69 324 
84 92 390 
22 53 752 
26 92 87 
87 52 765 
80 11 264 
57 73 606 
76 44 699 
66 7 536 
38 61 74 
99 34 622 
37 101 684 
9 82 582 
85 7 42 
43 40 351 
73 41 730 
5 8 58 
65 78 486 
73 15 209 
56 20 689 
84 86 756 
85 29 472 
36 52 411 
12 73 240 
63 74 540 
71 35 33 
45 95 542 
78 35 431 
4 36 456 
19 66 708 
60 55 506 
89 3 170 
14 60 94 
87 39 724 
41 95 289 
80 4 38 
95 4 652 
24 13 208 
20 8 415 
42 83 759 
4 20 708 
66 53 148 
69 76 581 
47 59 613 
94 59 457 
80 39 333 
19 26 262 
53 25 502 
9 39 341 
39 71 776 
72 74 625 
20 85 157 
4 78 338 
19 12 230 
35 50 370 
7 31 440 
71 42 564 
12 25 464 
63 52 770 
27 59 121 
78 33 44 
78 77 691 
101 76 606 
39 78 500 
101 2 118 
6 20 615 
18 4 65 
90 69 234 
28 62 407 
22 59 269 
27 79 157 
29 43 649 
25 59 592 
63 8 449 
82 34 528 
10 13 185 
44 59 265 
21 11 446 
9 90 518 
79 52 129 
37 81 139 
43 14 808 
44 75 482 
37 83 497 
5 58 783 
55 10 286 
66 20 402 
29 79 3 
2 8 553 
67 22 431 
18 48 61 
59 28 226 
40 40 167 
68 68 312 
65 10 621 
74 18 437 
61 56 653 
31 15 261 
68 9 12 
19 43 55 
33 79 433 
8 21 286 
56 48 244 
70 17 572 
17 100 428 
13 66 570 
26 31 731 
16 8 536 
75 90 274 
77 92 152 
28 23 795 
16 36 721 
87 59 725 
43 20 574 
