4 6
300
58 18 98 68 64 
13 19 101 75 790 
5 36 12 15 837 
96 3 15 72 576 
28 102 10 22 460 
34 74 11 49 138 
44 77 95 92 670 
89 77 39 32 812 
36 10 58 76 815 
97 37 8 23 53 
86 95 8 32 977 
58 10 78 31 889 
41 9 54 64 274 
30 44 22 60 993 
21 66 85 6 164 
20 46 36 56 519 
99 68 91 45 334 
51 71 65 12 1207 
81 101 10 59 334 
28 58 96 53 473 
56 17 50 41 1046 
22 12 4 19 753 
14 76 24 88 922 
75 20 11 37 897 
61 81 12 62 28 
22 57 28 79 1063 
64 51 85 17 1085 
84 21 51 60 87 
41 69 48 51 1055 
7 79 24 84 662 
10 49 62 80 975 
77 7 90 39 806 
67 86 28 32 1215 
65 94 9 100 1138 
57 71 53 30 422 
94 34 63 76 1193 
45 35 46 25 967 
17 91 6 38 167 
79 33 14 94 515 
56 43 19 51 282 
15 72 26 91 1217 
41 98 34 46 1072 
45 46 16 42 285 
34 42 5 53 1033 
76 90 73 86 195 
26 59 61 88 979 
53 18 14 53 1038 
75 11 57 25 494 
21 59 62 50 866 
35 19 74 71 130 
16 40 68 67 599 
27 101 42 75 927 
83 39 49 66 450 
29 34 65 57 620 
24 87 82 12 807 
19 29 25 16 1009 
9 87 93 77 808 
15 52 49 4 730 
76 71 84 49 722 
84 12 99 13 532 
4 55 19 20 1078 
31 60 57 101 391 
100 78 28 93 840 
98 48 74 100 291 
80 87 64 98 941 
55 5 35 54 1032 
9 33 14 72 987 
56 70 75 89 457 
57 96 50 72 754 
100 45 93 81 770 
37 41 101 90 805 
19 94 23 43 428 
27 27 6 17 309 
69 66 58 12 181 
30 75 86 63 837 
86 39 94 36 964 
12 14 56 91 599 
70 34 26 6 776 
64 49 34 54 147 
32 92 35 47 1152 
37 88 83 66 433 
64 56 40 21 1005 
83 102 89 64 300 
16 73 17 68 701 
37 41 54 49 641 
82 44 34 51 465 
95 5 49 42 542 
26 33 92 55 1065 
16 96 7 24 1011 
64 62 71 30 1204 
62 77 69 90 720 
97 37 37 14 674 
22 24 91 83 1087 
79 55 49 20 7 
85 83 64 81 534 
43 36 31 66 1101 
22 75 6 53 958 
20 38 61 83 602 
91 98 80 100 820 
94 7 25 36 66 
11 15 53 29 189 
81 16 90 46 218 
63 7 72 24 425 
49 20 40 5 865 
43 96 68 71 138 
89 4 65 14 636 
38 13 98 61 989 
10 24 79 37 1215 
7 50 17 66 1083 
86 28 58 66 242 
76 69 22 65 785 
17 49 84 18 348 
79 52 78 94 1003 
52 12 13 43 333 
28 43 5 6 808 
95 81 4 83 333 
63 48 101 94 954 
71 93 35 97 804 
63 42 63 9 279 
56 74 25 84 476 
76 16 17 39 1151 
35 66 18 99 868 
38 46 3 91 819 
33 53 86 16 161 
61 79 19 77 814 
88 82 98 83 145 
23 58 23 44 645 
49 33 65 100 546 
7 76 38 26 363 
18 41 73 42 1127 
5 90 10 71 977 
100 100 42 72 104 
55 69 37 87 608 
82 26 61 39 242 
2 90 87 72 97 
86 43 95 48 617 
49 10 58 91 104 
35 50 54 64 673 
52 93 94 92 1115 
40 41 52 76 613 
94 81 37 22 1126 
17 5 40 63 1167 
59 7 96 22 752 
47 13 48 79 203 
33 73 99 84 857 
11 98 97 81 853 
47 93 20 98 709 
70 76 38 99 1144 
32 12 93 69 1203 
47 99 74 31 566 
29 96 75 60 228 
23 84 55 52 1011 
21 10 62 93 617 
68 89 100 64 1149 
73 77 50 86 1055 
24 82 32 85 312 
15 26 69 35 520 
53 19 62 79 451 
87 22 88 17 913 
25 52 2 18 397 
60 101 12 37 916 
55 47 92 74 1184 
43 54 72 27 855 
97 43 29 51 1213 
51 29 23 27 108 
53 91 36 11 776 
74 82 16 53 829 
16 15 34 60 1100 
8 30 91 83 1170 
35 53 62 47 971 
84 25 54 19 1026 
33 80 87 28 296 
65 14 83 10 308 
64 40 21 59 681 
84 11 71 61 1144 
23 40 42 32 924 
2 31 91 32 997 
51 30 99 69 451 
38 30 8 36 325 
96 49 82 58 419 
97 34 5 91 1192 
75 56 95 26 770 
95 40 57 53 295 
37 25 53 29 937 
35 43 53 23 237 
55 5 37 34 1220 
76 60 86 98 983 
70 28 101 34 105 
96 37 75 6 538 
100 75 57 12 1123 
72 98 55 81 10 
56 83 84 72 540 
72 21 62 26 1089 
37 56 61 72 685 
11 26 21 21 1005 
100 71 49 79 258 
82 50 27 43 359 
80 7 7 97 326 
89 45 31 90 474 
78 77 50 18 111 
46 16 87 56 1012 
48 80 37 99 33 
87 36 8 51 784 
24 95 21 97 137 
32 51 66 46 839 
68 97 32 82 81 
25 22 33 70 938 
68 65 73 60 1017 
2 72 10 95 511 
56 39 82 26 209 
84 58 55 6 965 
97 52 43 87 206 
53 49 57 93 977 
66 4 40 75 1200 
60 24 63 14 133 
62 43 74 4 183 
31 18 8 65 299 
69 69 29 91 993 
18 24 88 43 397 
55 17 19 15 945 
54 102 9 28 716 
62 96 43 96 230 
56 80 41 73 1079 
37 43 94 68 158 
99 77 51 94 1001 
38 38 22 82 707 
47 26 61 27 775 
31 11 82 7 786 
75 28 35 72 327 
40 85 17 55 1193 
14 25 53 102 977 
78 53 17 47 274 
26 76 64 38 904 
33 21 16 9 726 
28 64 89 4 494 
74 44 80 67 532 
55 23 69 84 566 
23 75 61 47 1064 
80 96 37 84 493 
100 66 99 99 1173 
21 72 10 96 879 
52 38 51 62 102 
36 75 52 3 852 
5 10 81 92 642 
60 62 71 22 995 
34 29 7 64 516 
9 47 84 71 294 
85 15 75 13 1182 
87 26 101 39 643 
7 46 36 15 455 
92 87 9 46 464 
62 3 89 15 491 
25 33 89 20 11 
92 93 83 79 1059 
92 37 71 95 821 
36 62 34 70 929 
90 95 94 27 633 
25 39 39 33 787 
84 28 62 73 905 
56 39 84 38 768 
17 65 58 28 576 
57 18 16 79 46 
101 71 21 39 638 
31 41 64 68 957 
54 55 52 15 55 
67 77 100 21 157 
99 81 98 7 750 
27 39 68 80 1177 
8 25 62 30 797 
15 8 25 21 547 
18 77 18 60 127 
63 15 45 24 1009 
83 20 97 67 79 
23 76 16 78 331 
94 74 86 72 878 
31 95 24 50 1118 
60 54 82 77 1186 
24 65 40 97 1224 
14 96 46 98 193 
91 31 98 24 547 
41 94 49 94 642 
45 93 48 88 993 
70 94 97 33 296 
31 40 22 70 1028 
60 38 21 78 187 
100 30 91 56 1017 
2 99 2 5 636 
68 6 90 24 656 
34 19 53 16 391 
22 101 16 73 1065 
52 11 30 40 1064 
5 75 74 78 661 
17 4 94 5 987 
73 93 94 81 707 
26 52 99 16 642 
43 87 7 46 1163 
102 16 19 69 400 
94 72 65 19 595 
96 34 14 71 470 
31 27 50 35 750 
