4 8
300
70 92 97 68 1590 
44 4 55 61 485 
53 79 66 24 1566 
66 39 56 18 519 
100 99 51 97 942 
6 18 11 78 845 
82 3 63 36 67 
81 95 23 7 1628 
35 55 41 101 1153 
10 73 55 65 165 
66 27 48 15 1525 
72 43 102 11 1523 
28 95 79 10 806 
51 17 32 20 277 
73 18 51 18 1614 
47 61 52 27 810 
35 65 48 68 1436 
57 57 50 43 553 
40 95 15 14 1209 
42 78 33 51 353 
95 43 37 49 636 
50 78 32 16 796 
13 93 77 61 986 
64 49 13 22 1542 
96 69 92 86 1288 
80 5 39 44 959 
70 30 3 5 926 
94 30 101 29 651 
80 28 37 94 366 
49 20 56 53 194 
95 67 13 57 458 
28 53 53 70 992 
47 41 89 57 1311 
86 92 74 4 1115 
36 49 86 82 263 
70 34 100 64 521 
63 51 88 32 1065 
5 18 48 77 499 
43 79 34 68 1543 
41 40 81 14 628 
59 47 53 85 1274 
48 83 33 41 983 
96 56 91 38 4 
98 55 59 92 1258 
70 46 99 74 449 
58 18 20 87 1253 
32 55 88 25 1221 
17 100 5 54 315 
24 87 9 17 599 
89 90 98 68 1608 
88 83 91 37 1156 
15 50 81 58 356 
32 65 48 64 502 
43 69 68 63 1387 
100 53 7 73 894 
85 39 84 37 655 
70 22 54 89 1483 
50 66 53 54 1011 
69 21 49 33 1451 
62 41 47 86 1562 
22 24 37 83 15 
37 79 20 82 1439 
77 68 46 18 875 
12 13 61 73 1345 
79 18 16 101 300 
81 5 76 84 1553 
46 95 100 42 331 
48 87 73 88 906 
74 47 74 66 1412 
2 77 34 79 1283 
51 82 75 4 304 
6 11 38 65 360 
34 5 38 87 728 
85 71 6 97 126 
27 41 75 18 178 
34 46 51 15 296 
6 74 99 5 754 
66 22 98 23 268 
39 51 10 66 383 
71 11 89 22 65 
33 73 38 72 871 
11 9 59 93 1417 
61 61 25 47 300 
62 8 35 41 1321 
65 75 85 81 1147 
78 33 11 95 685 
25 60 32 11 1413 
35 37 29 52 600 
59 64 7 36 930 
80 28 66 48 1028 
65 78 50 41 669 
60 90 59 101 1263 
80 100 67 51 1049 
4 32 16 60 1394 
27 81 85 4 398 
3 71 51 24 1504 
52 70 65 32 1290 
49 12 93 70 462 
47 80 30 75 953 
60 100 57 72 903 
50 14 7 62 619 
86 95 48 17 661 
92 41 37 9 452 
13 37 37 72 291 
94 41 49 32 658 
49 53 12 46 1077 
5 15 81 69 717 
40 64 5 94 1549 
55 65 78 29 628 
8 45 23 47 776 
25 65 87 54 1032 
11 67 78 22 1483 
35 85 5 51 616 
79 62 70 65 1463 
51 35 45 77 1052 
31 65 21 94 554 
6 32 67 98 702 
42 30 29 6 567 
75 89 84 3 1006 
72 63 30 92 1008 
48 77 59 58 1612 
92 21 12 90 563 
48 48 86 88 1417 
5 20 9 8 1593 
51 35 67 31 275 
64 52 44 16 1536 
70 37 32 32 1427 
31 75 12 99 861 
23 20 41 71 1442 
29 5 98 16 953 
54 56 24 94 215 
15 12 31 41 597 
42 79 98 96 1081 
13 18 56 101 938 
33 10 11 55 1257 
32 97 97 42 1466 
62 57 30 57 682 
16 16 39 19 1215 
21 46 73 63 213 
46 24 47 5 1264 
13 50 99 59 455 
46 47 71 17 1348 
20 17 91 51 1253 
87 51 43 54 851 
99 81 39 26 622 
89 39 50 42 546 
10 52 94 65 1294 
13 59 74 30 1593 
71 47 24 36 918 
7 57 24 86 454 
97 83 95 53 1307 
34 13 75 21 672 
9 98 31 84 1211 
70 24 28 72 1067 
30 79 15 56 1351 
55 59 5 70 543 
33 18 66 14 631 
29 59 44 85 779 
3 87 55 88 1486 
75 18 43 62 1434 
85 32 54 21 1631 
20 70 40 70 447 
77 10 6 87 160 
93 34 19 45 769 
13 83 45 24 1059 
45 26 29 65 161 
39 18 45 82 822 
4 65 48 14 345 
61 21 75 57 1189 
95 82 69 79 3 
43 101 99 15 1252 
4 89 32 56 929 
95 44 77 60 1475 
61 66 26 37 131 
30 88 6 24 1439 
94 9 89 51 1175 
65 59 52 65 1123 
40 21 32 6 785 
17 35 94 58 455 
19 46 17 67 232 
31 58 34 71 1183 
57 97 77 27 1376 
97 101 83 84 1539 
38 94 14 92 860 
42 36 22 89 1513 
96 97 51 96 1156 
50 94 24 37 710 
8 26 83 93 234 
45 46 8 21 866 
18 54 12 63 1490 
28 34 27 15 1212 
96 38 47 78 1275 
62 48 83 56 587 
5 79 48 41 1439 
14 13 23 77 165 
98 30 3 36 1252 
44 87 89 5 739 
18 69 12 63 800 
72 81 7 15 890 
98 65 54 86 822 
41 8 73 75 1293 
17 14 52 5 1272 
68 38 13 101 587 
77 61 80 11 327 
38 69 87 92 301 
35 8 10 23 226 
36 79 19 86 611 
38 16 16 26 496 
6 19 9 85 1354 
36 70 7 79 1302 
39 87 45 66 243 
74 23 84 57 755 
11 6 31 91 723 
91 20 29 64 1630 
63 47 56 80 259 
20 62 4 9 1371 
67 3 33 43 1248 
51 36 56 71 1061 
17 34 62 80 351 
2 90 21 41 1532 
18 42 45 79 310 
95 33 66 50 1577 
15 21 77 73 1324 
10 75 90 14 1555 
57 67 61 99 1387 
31 87 78 59 256 
32 43 66 15 1109 
27 60 56 24 1367 
20 72 8 74 851 
98 59 91 99 217 
29 3 8 45 635 
53 84 48 94 1475 
10 56 9 34 1092 
74 57 64 5 920 
53 21 67 31 1258 
87 61 88 47 1451 
73 98 82 46 1446 
31 37 22 76 270 
45 14 64 34 1240 
66 64 76 7 1309 
43 97 88 42 1021 
10 37 80 68 874 
95 98 3 5 314 
14 77 65 46 619 
39 37 90 88 220 
41 59 36 55 217 
25 87 83 67 786 
78 12 42 83 1318 
96 59 56 22 388 
49 13 61 15 1048 
91 101 32 70 701 
8 9 102 29 382 
52 4 27 55 500 
10 17 38 57 702 
4 37 84 65 720 
82 83 70 65 1078 
31 101 23 90 391 
26 57 15 24 692 
71 12 15 60 498 
94 34 3 92 264 
35 76 6 72 1017 
56 19 69 26 1022 
27 41 39 63 1545 
53 83 39 31 108 
54 3 16 15 1199 
94 24 26 34 847 
50 82 80 49 547 
56 97 53 28 1133 
9 90 92 61 291 
33 75 54 65 1290 
13 97 74 85 1041 
33 62 93 98 1152 
34 95 37 74 232 
46 63 92 29 662 
58 32 12 62 1620 
66 14 57 97 701 
21 72 63 55 662 
55 11 96 85 39 
96 6 57 58 607 
17 56 20 47 1199 
72 85 27 25 374 
84 87 14 86 1624 
21 8 98 55 851 
64 34 83 33 993 
38 69 10 27 763 
54 77 57 25 1383 
13 96 11 24 1198 
38 47 40 33 962 
70 99 12 85 1354 
90 11 3 6 1223 
84 74 89 86 620 
5 77 102 78 1161 
8 32 91 101 1451 
27 98 76 82 268 
19 96 53 74 1507 
41 58 26 44 956 
45 76 53 50 40 
40 9 27 86 1151 
63 48 64 61 859 
40 10 13 96 939 
