4 6
300
8 69 48 61 545 
8 63 62 42 1136 
35 92 90 22 323 
20 20 80 70 678 
70 69 87 56 1114 
29 61 101 38 485 
68 35 82 49 643 
18 73 61 75 200 
74 39 53 2 645 
39 81 6 67 675 
67 33 74 89 1023 
41 84 93 70 216 
49 64 26 2 332 
102 12 42 69 127 
48 61 7 54 1022 
33 17 87 4 661 
50 58 36 83 917 
37 63 95 66 163 
36 82 94 58 851 
12 15 53 75 647 
29 40 38 57 108 
8 28 22 5 639 
26 99 92 16 847 
93 30 44 28 1132 
41 19 79 56 932 
68 69 51 85 904 
21 67 14 51 335 
12 22 81 75 848 
10 42 92 14 1094 
39 92 80 88 961 
84 72 27 83 167 
11 63 84 81 518 
41 79 40 32 412 
61 87 43 88 723 
73 51 72 58 1032 
101 30 67 67 477 
78 91 65 6 1130 
50 41 34 37 222 
51 40 2 32 378 
33 5 62 80 371 
55 52 94 29 89 
34 3 71 98 179 
84 98 19 42 812 
52 16 36 39 1045 
22 55 7 70 127 
36 51 41 28 654 
98 69 89 37 1057 
28 99 37 99 735 
50 73 37 23 446 
54 23 62 66 994 
18 71 25 95 130 
101 46 25 19 900 
85 63 45 45 224 
16 11 84 56 490 
54 81 38 79 463 
51 20 86 34 708 
15 91 77 46 453 
29 46 97 26 1065 
84 76 20 26 937 
88 29 94 5 271 
45 41 9 26 354 
39 35 48 57 753 
83 62 93 61 746 
97 88 101 8 1114 
72 16 60 69 710 
81 63 15 3 631 
24 28 84 12 177 
76 84 53 18 1220 
97 101 42 65 70 
24 85 61 65 1001 
2 31 88 14 639 
31 83 42 68 616 
78 22 47 5 489 
58 80 83 47 1068 
15 37 85 8 1180 
73 77 97 63 443 
98 4 52 21 630 
95 41 72 60 1044 
95 44 87 67 290 
77 56 38 25 611 
45 3 16 77 844 
67 47 82 17 991 
57 88 81 32 664 
76 71 28 54 575 
19 11 25 62 1159 
73 53 20 85 266 
20 40 74 13 1135 
97 91 77 52 1061 
50 61 56 79 377 
8 65 56 13 613 
7 30 87 78 408 
37 80 56 83 1200 
16 30 99 96 776 
18 16 70 40 727 
87 96 78 67 1215 
59 56 48 31 1080 
10 98 9 35 200 
92 56 98 80 711 
19 37 96 54 888 
22 64 63 16 176 
94 97 19 54 800 
13 54 21 79 930 
82 34 27 95 1102 
20 23 67 80 898 
65 20 92 81 523 
52 2 26 95 969 
97 96 35 17 1173 
15 81 57 69 65 
40 36 21 4 951 
87 12 4 64 671 
101 99 85 42 631 
76 7 39 11 193 
13 30 28 100 985 
89 101 12 99 943 
40 68 99 74 430 
30 101 90 4 706 
41 101 64 40 979 
100 13 94 65 262 
10 44 47 54 1156 
13 10 24 24 1113 
88 3 7 87 201 
35 2 13 7 283 
78 19 38 54 936 
14 68 90 20 1007 
78 8 48 77 845 
99 23 47 80 300 
22 79 68 13 876 
41 96 79 24 574 
100 102 89 42 557 
93 8 96 77 1008 
47 22 6 41 184 
82 56 32 18 244 
14 57 35 83 34 
101 53 27 82 465 
21 91 69 73 1031 
78 21 8 32 955 
92 29 72 98 975 
3 75 29 98 1125 
86 66 63 4 423 
45 69 8 40 568 
42 84 16 40 780 
58 55 35 57 475 
62 50 102 40 364 
88 87 39 3 23 
28 26 31 90 655 
57 30 67 38 502 
11 15 70 86 465 
11 15 35 34 293 
50 42 74 59 388 
38 66 25 74 600 
61 32 7 38 248 
18 55 27 86 113 
30 90 99 16 366 
49 82 18 2 258 
74 54 7 79 660 
89 54 73 59 213 
92 7 94 89 1007 
81 10 34 65 265 
58 90 51 25 1176 
62 45 60 29 1031 
58 50 25 53 938 
8 27 30 84 412 
66 83 71 69 232 
24 98 11 34 627 
42 50 54 81 799 
86 6 84 83 1154 
46 96 46 74 747 
44 85 43 13 928 
55 82 52 32 699 
76 21 84 6 902 
65 36 28 78 546 
11 98 46 88 1128 
5 45 48 90 1102 
72 39 98 8 943 
42 57 100 58 1196 
62 100 25 24 1111 
67 24 80 10 379 
12 70 70 30 641 
48 41 57 21 894 
12 36 64 42 1062 
39 25 78 29 417 
10 37 72 81 1041 
13 75 24 97 329 
83 67 40 59 980 
4 72 70 55 381 
3 3 82 85 1067 
28 38 85 37 659 
45 48 53 76 281 
77 101 91 45 507 
75 18 61 94 1128 
48 97 7 62 1037 
69 56 24 98 405 
9 58 89 93 728 
77 93 90 44 1030 
37 16 67 36 68 
5 83 28 14 716 
87 44 90 93 510 
32 33 25 52 1059 
90 26 57 43 193 
21 14 100 85 809 
84 31 19 10 702 
34 33 73 56 996 
89 31 12 40 593 
67 70 98 52 359 
47 70 39 57 1174 
13 61 26 21 1058 
93 85 44 48 937 
58 26 82 36 119 
101 62 70 71 1222 
61 15 20 94 617 
53 18 50 56 261 
16 94 64 14 564 
75 9 54 70 1102 
6 89 66 63 1133 
43 90 64 42 366 
87 102 70 57 449 
100 43 33 70 436 
77 37 90 27 765 
66 64 70 90 445 
94 9 2 81 1178 
74 51 59 102 117 
65 57 9 27 444 
16 25 9 77 588 
34 78 86 35 187 
70 101 41 101 347 
81 22 76 6 458 
80 101 92 61 785 
51 86 33 61 891 
22 30 65 91 589 
43 58 94 42 49 
19 25 70 66 342 
75 12 60 74 379 
44 83 5 89 719 
17 35 50 13 1213 
50 46 27 62 1163 
43 38 53 53 1065 
25 30 36 2 252 
56 34 28 33 1111 
41 28 62 30 374 
42 26 78 32 406 
10 10 83 43 684 
75 100 10 71 1068 
39 61 9 87 98 
16 48 5 69 58 
85 10 18 23 737 
24 86 99 31 678 
18 62 22 19 971 
17 49 96 46 585 
58 26 59 46 654 
82 21 77 22 199 
96 23 11 28 611 
2 94 62 83 420 
90 3 80 15 870 
80 41 92 7 1138 
69 54 61 21 598 
61 52 74 69 985 
4 11 79 15 757 
97 53 97 70 969 
25 89 15 12 728 
57 47 46 75 929 
43 31 72 29 598 
43 64 92 79 1108 
52 22 95 2 390 
81 26 67 54 931 
29 46 24 28 857 
83 41 50 62 1153 
16 9 101 94 487 
75 42 52 66 256 
35 62 20 79 363 
5 96 15 81 984 
32 82 94 99 600 
99 9 46 59 834 
4 16 33 85 938 
45 23 4 62 716 
42 76 3 33 532 
69 28 47 99 819 
89 28 72 81 781 
36 17 4 45 525 
68 98 95 98 234 
21 31 38 3 1061 
84 94 55 22 501 
58 81 63 56 1007 
73 64 49 92 990 
78 46 54 21 527 
30 21 61 20 1128 
45 84 6 14 305 
39 92 46 12 1037 
97 75 52 40 97 
56 55 50 62 878 
6 51 4 18 532 
77 80 19 60 716 
65 35 37 30 1191 
76 77 51 31 552 
83 19 39 8 1047 
4 96 15 13 1086 
77 73 101 48 1076 
96 82 91 70 616 
61 75 89 54 267 
64 40 24 43 414 
81 6 21 17 1109 
