6 8
300
92 12 18 12 101 81 1425 
40 86 30 56 88 40 710 
84 25 79 37 4 35 116 
7 72 81 95 89 16 1548 
86 58 84 37 53 76 824 
13 19 67 69 8 35 194 
24 100 95 53 44 47 337 
91 4 61 53 68 48 1381 
42 39 19 13 67 94 867 
30 48 21 37 66 95 1156 
8 13 69 98 2 97 1361 
74 88 44 48 71 76 1556 
56 25 86 86 30 68 1160 
81 50 58 43 42 61 1538 
54 76 18 80 54 52 1352 
92 94 58 68 53 3 1103 
54 77 67 98 20 60 1196 
24 37 53 37 29 102 442 
65 13 56 62 39 91 333 
13 28 70 19 27 15 1047 
34 30 20 80 67 6 453 
75 93 47 24 3 23 486 
42 67 45 27 52 58 446 
83 3 8 16 14 49 658 
51 100 81 96 47 11 1483 
8 35 60 65 98 101 1472 
22 11 40 38 70 93 1169 
63 27 94 77 59 39 826 
29 14 66 55 58 89 384 
95 68 30 58 14 41 549 
35 87 64 56 59 39 1002 
94 70 80 46 59 71 1450 
74 90 21 91 74 42 1295 
23 96 12 42 14 69 430 
45 12 82 58 54 40 458 
43 31 23 2 102 91 562 
46 87 11 102 21 37 343 
80 11 69 42 101 56 196 
92 55 16 47 72 37 806 
60 101 90 7 33 63 523 
61 100 90 75 53 47 1258 
11 3 42 95 34 7 1062 
3 15 19 55 86 18 822 
79 9 57 31 56 87 1393 
88 23 97 90 76 91 320 
13 81 69 49 11 37 1320 
53 76 54 40 32 86 943 
88 73 54 49 47 84 1338 
93 35 45 99 62 94 375 
82 47 7 60 18 48 1465 
36 52 8 77 83 71 416 
36 6 93 26 3 30 13 
52 45 43 31 9 40 323 
48 26 52 51 45 60 1161 
30 49 82 15 41 70 845 
23 48 74 66 14 59 941 
31 54 75 61 66 24 485 
4 65 31 11 10 72 1444 
28 58 27 40 14 56 92 
59 13 13 64 62 51 485 
99 71 67 97 83 64 271 
74 79 92 81 38 43 420 
85 52 6 33 100 65 1550 
92 49 28 3 4 54 1176 
43 64 99 6 75 2 87 
96 66 16 29 10 74 880 
80 37 61 78 15 82 1207 
63 8 33 64 88 37 114 
24 42 97 81 12 46 514 
18 95 77 64 43 22 1449 
88 93 6 92 93 43 202 
14 69 27 92 74 100 1301 
58 68 45 90 67 100 1183 
26 21 50 100 30 24 1021 
44 86 16 73 61 87 1220 
18 30 74 96 96 97 161 
75 72 91 40 48 54 980 
29 34 77 78 24 18 1008 
73 57 94 66 21 52 1150 
84 13 20 15 15 7 650 
40 73 95 74 6 65 839 
51 61 62 83 73 5 239 
54 41 97 39 71 15 725 
74 82 33 77 47 41 1484 
61 73 27 35 49 22 1452 
63 84 6 20 56 12 364 
98 33 85 50 49 58 489 
74 25 77 46 94 97 1081 
93 64 99 61 25 62 1474 
90 37 50 26 84 28 1489 
59 93 21 17 5 24 1241 
51 50 29 100 85 63 1415 
50 52 91 57 27 25 1149 
21 9 61 32 52 34 129 
98 37 26 67 32 41 247 
34 58 31 91 75 92 690 
16 72 63 42 101 6 660 
88 60 71 59 5 23 622 
86 62 87 55 92 70 859 
15 5 35 55 24 74 262 
95 62 68 54 35 30 81 
39 100 92 53 30 69 167 
79 57 10 29 20 79 787 
98 46 39 85 24 92 21 
69 31 89 79 34 26 1513 
100 5 8 72 95 35 761 
64 97 4 64 3 44 599 
50 27 28 7 97 70 1580 
19 31 71 13 40 6 1149 
71 5 76 98 45 19 1284 
54 4 59 27 46 4 561 
51 36 23 23 49 67 307 
6 63 74 39 59 98 1325 
76 39 62 56 32 78 1521 
94 31 68 60 27 60 1576 
25 70 82 53 68 64 1112 
97 50 91 93 41 54 1065 
44 3 61 88 24 99 1266 
67 99 73 16 27 43 928 
8 58 65 24 9 24 1313 
95 95 88 92 35 15 1295 
91 73 65 92 26 30 816 
29 9 73 6 63 21 953 
73 11 39 43 23 13 1452 
94 28 71 35 32 87 803 
10 75 98 90 86 100 1236 
29 10 26 3 15 9 1281 
51 94 21 48 5 24 354 
86 52 52 14 4 92 1584 
47 96 60 97 45 3 313 
36 77 17 78 23 85 726 
3 15 42 10 6 12 706 
36 52 89 28 65 30 393 
25 48 78 84 10 81 1338 
16 68 8 72 8 61 247 
19 5 72 84 41 79 1363 
39 12 6 100 82 56 184 
46 73 71 82 75 97 181 
31 41 96 15 6 64 1418 
49 36 40 100 53 30 279 
49 19 46 25 52 43 1409 
38 74 87 30 27 73 1146 
97 39 92 35 66 6 1429 
66 78 71 37 17 99 1461 
78 67 101 31 28 96 1578 
56 27 59 25 57 27 1513 
69 11 87 81 94 19 857 
98 51 67 89 26 31 1355 
43 77 90 38 46 99 986 
9 88 101 101 79 76 660 
15 34 12 12 81 97 1583 
69 86 58 25 82 39 1301 
18 36 44 4 67 16 220 
52 71 89 13 30 34 976 
25 88 82 17 45 14 1362 
18 57 79 47 37 88 1206 
92 34 14 66 62 83 1484 
53 59 99 14 62 29 1030 
66 25 101 54 65 39 716 
100 78 10 39 27 98 1630 
81 67 59 32 30 42 970 
39 77 49 70 54 71 1174 
31 85 5 85 87 22 865 
35 80 95 74 51 32 1506 
58 6 29 37 86 93 1182 
94 43 84 34 89 6 435 
50 55 85 13 70 74 1127 
95 7 55 42 78 49 759 
89 66 60 81 12 69 1317 
73 21 35 69 80 101 610 
44 23 53 100 19 28 1387 
27 12 63 82 60 25 1033 
101 76 97 11 46 28 78 
79 26 55 80 39 48 1249 
35 52 46 93 74 34 831 
87 4 44 61 23 64 1010 
56 99 101 53 46 19 1183 
47 40 61 36 76 35 1066 
99 100 22 82 82 10 1501 
61 19 92 88 93 14 231 
74 55 51 26 66 45 374 
29 57 29 95 31 6 1436 
14 87 59 101 101 88 1434 
6 24 81 42 55 72 1544 
81 11 68 54 7 60 1204 
87 11 12 11 92 44 1131 
45 95 89 54 6 6 774 
34 35 89 94 29 28 1097 
33 72 85 13 75 30 788 
48 63 42 26 48 16 440 
78 49 92 11 45 21 1001 
31 94 90 51 68 49 766 
78 81 62 80 34 9 891 
41 29 100 19 16 23 1590 
34 49 30 61 92 23 923 
88 99 85 86 10 8 28 
81 97 65 9 83 3 1134 
84 82 47 15 10 74 606 
22 94 95 31 100 66 1578 
46 62 92 78 29 92 1478 
84 79 96 27 3 55 979 
34 37 12 35 22 30 824 
69 85 47 84 50 21 1072 
7 92 57 12 44 7 564 
37 75 33 56 13 81 2 
5 53 91 9 21 79 1444 
59 85 98 80 38 48 1264 
79 47 96 81 73 27 1257 
89 42 17 61 50 27 1575 
65 81 81 11 51 52 1042 
34 58 77 31 44 79 785 
10 61 34 8 61 59 949 
30 38 78 42 56 25 270 
14 76 51 73 54 94 1538 
6 19 71 89 98 16 740 
90 21 52 31 50 31 1289 
83 85 54 92 70 40 573 
45 5 71 97 29 49 331 
84 28 60 93 87 56 70 
44 65 21 65 45 15 641 
19 28 13 8 96 39 507 
94 98 84 85 56 61 995 
16 2 94 70 68 27 102 
95 94 40 65 77 77 628 
21 35 29 27 28 98 419 
79 59 91 35 12 91 1482 
32 78 9 34 97 45 468 
65 30 96 79 90 35 389 
36 75 46 21 65 95 1178 
65 57 60 30 65 37 595 
45 5 37 58 38 17 1037 
18 33 33 83 34 12 924 
7 35 50 40 65 4 709 
86 47 16 49 99 21 1085 
23 51 6 33 10 94 329 
27 61 23 54 20 62 287 
45 15 40 33 85 18 948 
24 12 92 3 36 95 958 
59 23 11 41 99 99 1560 
83 29 51 26 20 39 1311 
75 29 88 47 44 28 679 
35 78 18 16 5 10 1605 
41 15 32 76 101 63 1106 
40 14 15 23 65 24 1000 
87 91 10 67 81 80 800 
85 6 58 94 69 19 401 
47 95 27 96 91 99 695 
16 21 51 20 77 15 577 
17 75 26 80 6 82 776 
89 11 51 26 33 51 907 
11 77 84 34 46 45 1522 
21 89 29 77 27 21 1164 
72 60 49 6 67 16 1114 
33 34 16 65 39 79 946 
86 79 72 60 50 89 85 
46 69 88 33 71 44 1573 
88 99 6 81 64 78 280 
52 4 22 68 38 89 1265 
45 71 71 9 68 37 561 
13 60 19 79 34 68 421 
93 62 75 98 74 74 748 
37 12 86 77 3 43 558 
77 52 94 14 102 30 20 
100 20 25 5 9 64 1222 
41 89 5 32 12 93 967 
44 49 72 66 17 34 136 
61 87 34 68 97 2 591 
10 26 67 34 41 27 1520 
45 52 95 67 12 73 1564 
25 83 48 93 51 77 540 
5 25 50 86 98 95 636 
34 93 39 14 64 41 507 
65 40 100 74 69 68 1613 
99 79 101 8 63 14 600 
6 89 77 47 27 5 91 
4 19 50 45 34 56 171 
61 57 55 50 34 67 973 
45 50 21 85 11 36 90 
48 51 81 37 83 4 470 
6 64 69 39 38 28 1003 
23 52 31 37 14 91 631 
23 48 60 31 50 79 984 
41 58 64 18 71 2 910 
70 71 10 53 54 84 885 
95 88 13 99 41 100 366 
100 92 50 99 48 69 400 
5 23 8 35 27 70 1072 
9 7 22 69 28 8 872 
82 23 86 62 9 86 466 
62 48 34 10 81 40 663 
67 17 21 25 35 33 1064 
51 3 20 29 15 91 1408 
83 93 32 16 95 71 297 
71 66 39 41 84 98 690 
76 76 27 48 33 27 674 
92 3 46 94 76 90 515 
22 68 35 96 98 44 1295 
57 4 97 88 71 24 1571 
53 84 86 53 37 25 1213 
29 95 83 85 65 47 1484 
