4 2
300
46 54 84 21 283 
14 55 97 55 402 
40 48 42 34 249 
84 41 51 71 235 
78 46 69 48 386 
36 79 99 102 149 
16 18 40 52 82 
50 58 79 67 400 
89 33 49 94 179 
11 33 12 93 119 
44 71 15 33 195 
3 86 37 26 143 
37 58 98 19 346 
24 11 92 14 54 
28 63 86 73 289 
47 99 78 5 352 
5 69 8 73 384 
47 5 9 4 79 
66 23 55 32 258 
33 37 31 9 89 
2 43 99 80 15 
83 87 44 62 13 
6 10 34 40 130 
70 51 27 25 163 
22 3 90 95 200 
7 11 56 10 163 
12 70 71 83 351 
64 72 30 70 56 
62 62 49 101 64 
58 90 17 101 390 
84 12 8 69 10 
101 55 6 31 400 
74 33 36 23 379 
38 41 53 54 283 
99 23 59 12 324 
61 56 91 80 381 
19 96 57 15 237 
102 63 4 81 357 
12 68 101 71 169 
31 29 28 8 323 
18 39 64 32 400 
63 55 98 90 176 
46 66 28 38 332 
80 78 23 65 380 
77 40 74 67 244 
33 24 90 71 205 
35 30 84 101 315 
82 34 27 17 397 
49 67 16 39 178 
48 42 65 90 259 
55 8 66 15 21 
81 67 100 72 273 
41 67 30 40 44 
18 83 29 61 8 
48 53 8 67 188 
11 26 37 23 58 
93 61 102 8 395 
29 66 71 96 402 
16 36 57 50 240 
85 40 78 28 112 
66 15 6 89 71 
4 101 100 69 389 
57 32 78 58 309 
82 67 24 43 340 
54 14 35 62 355 
14 98 61 9 259 
74 50 11 96 202 
80 57 15 91 386 
30 68 4 101 179 
86 60 101 74 323 
20 18 37 45 306 
54 82 46 102 22 
8 43 94 6 97 
9 23 84 9 397 
27 54 35 48 228 
88 12 35 19 13 
56 99 88 30 185 
58 14 68 21 396 
100 13 15 86 362 
89 76 100 78 150 
65 78 94 77 223 
68 84 91 89 362 
44 49 29 99 208 
11 56 66 61 275 
97 57 64 12 407 
15 41 52 60 280 
14 14 60 82 162 
80 7 13 76 322 
76 25 81 33 225 
53 87 18 35 326 
35 12 41 10 171 
10 16 84 77 169 
30 34 33 21 312 
32 91 48 60 298 
5 45 92 82 381 
74 78 34 57 202 
31 25 19 80 147 
4 76 51 41 128 
66 26 38 34 210 
44 94 62 56 105 
63 40 60 62 312 
91 22 61 17 287 
34 84 29 28 52 
7 18 55 85 305 
58 42 10 29 38 
82 9 60 31 211 
81 18 79 32 359 
93 67 59 4 190 
83 17 36 71 403 
84 98 12 22 190 
28 41 79 82 284 
23 32 33 53 395 
84 65 32 66 370 
18 7 100 40 90 
42 61 54 39 380 
43 8 41 30 111 
85 99 39 85 106 
42 42 99 62 272 
62 35 8 7 262 
21 87 73 80 339 
79 101 74 100 26 
69 89 42 89 117 
18 93 5 26 57 
87 27 49 40 206 
78 10 39 74 252 
9 55 49 75 304 
58 37 63 47 205 
86 27 41 79 239 
55 101 12 34 207 
71 32 83 93 321 
95 39 35 30 29 
71 64 2 39 403 
16 42 69 14 294 
83 32 60 76 121 
62 88 73 81 396 
79 99 7 23 376 
79 74 58 96 331 
21 4 36 40 329 
25 27 4 80 184 
15 34 100 62 284 
42 73 9 64 77 
9 69 55 33 123 
74 58 81 47 90 
43 87 75 33 216 
81 98 22 96 29 
37 86 95 37 343 
47 101 47 54 216 
8 67 95 78 302 
54 50 5 10 37 
68 48 60 58 16 
30 61 69 9 368 
46 53 15 58 341 
25 76 21 49 348 
75 13 29 94 66 
78 93 100 59 3 
33 95 14 87 165 
91 28 38 33 227 
88 35 40 64 39 
57 54 40 94 207 
80 32 59 25 148 
58 21 68 43 112 
39 63 11 9 242 
53 41 30 17 386 
99 40 89 93 405 
42 75 67 85 251 
26 55 7 9 90 
3 38 91 51 345 
71 63 98 6 75 
26 25 33 5 238 
17 26 24 99 220 
43 44 67 26 392 
85 56 85 81 14 
86 58 4 87 238 
17 52 81 33 105 
38 44 85 75 306 
19 44 64 27 188 
2 33 10 55 331 
61 73 67 55 10 
17 80 18 3 140 
71 23 47 47 178 
67 47 93 74 75 
100 61 94 51 324 
42 94 60 35 12 
55 50 51 6 404 
46 88 28 31 44 
60 28 84 41 27 
98 99 20 83 330 
58 41 38 37 338 
102 80 18 76 252 
25 22 85 101 330 
23 73 43 48 404 
82 20 64 64 246 
74 79 55 45 341 
45 76 79 55 192 
16 14 16 24 405 
68 72 54 69 357 
40 45 85 60 349 
26 58 74 84 7 
39 79 76 77 45 
25 27 75 92 77 
51 45 32 54 274 
11 59 21 48 135 
12 68 97 76 93 
31 96 97 59 242 
89 4 96 53 41 
39 40 41 13 313 
43 99 64 51 160 
96 15 33 93 313 
69 39 28 52 373 
73 84 2 54 334 
30 32 18 33 130 
48 51 81 45 124 
73 20 10 72 375 
15 6 48 37 116 
17 66 5 83 375 
52 78 47 62 158 
57 40 89 31 198 
13 83 33 19 377 
47 37 90 63 24 
51 31 58 60 320 
69 38 67 26 271 
67 29 37 41 334 
72 6 21 6 307 
36 33 81 24 330 
34 75 31 45 339 
83 77 44 77 174 
23 22 89 84 290 
21 75 65 65 341 
86 48 94 37 93 
43 18 86 88 293 
20 52 36 79 190 
97 9 24 43 349 
91 86 62 99 250 
52 19 39 35 230 
63 70 18 40 394 
88 83 95 22 173 
67 93 58 6 99 
73 88 12 37 312 
14 53 23 80 384 
102 88 97 76 298 
25 81 52 32 46 
52 36 98 82 246 
15 16 3 101 86 
100 30 58 75 368 
65 9 4 59 181 
12 49 40 46 394 
102 89 21 50 78 
88 43 28 95 303 
39 92 32 77 258 
101 51 24 59 393 
74 32 23 86 40 
18 79 95 88 5 
5 98 54 86 247 
29 97 56 83 144 
59 4 65 101 219 
76 80 29 96 187 
63 27 84 50 104 
71 67 37 40 12 
11 50 42 94 292 
43 39 48 17 150 
6 97 43 24 162 
71 69 24 33 147 
41 53 101 42 164 
79 16 7 61 371 
63 62 18 80 109 
11 64 73 30 52 
39 34 14 60 171 
67 86 62 10 228 
4 45 6 5 262 
60 50 2 54 384 
29 34 89 26 307 
46 82 65 97 125 
10 98 97 20 404 
9 41 43 101 305 
95 56 99 5 362 
20 58 15 16 280 
63 64 21 35 349 
6 46 90 85 397 
88 22 67 80 197 
8 50 87 6 234 
21 9 3 80 5 
74 38 86 37 233 
91 69 51 29 284 
48 79 63 35 387 
64 53 61 3 364 
75 92 21 57 337 
72 72 11 59 203 
56 62 44 35 55 
71 62 55 28 37 
21 73 40 10 10 
31 88 55 11 386 
70 50 102 90 114 
84 19 32 55 353 
20 59 94 79 66 
88 37 31 22 109 
4 100 35 95 288 
4 54 12 55 217 
86 20 3 64 333 
8 62 55 7 126 
54 32 102 41 369 
