8 6
300
98 66 38 68 21 59 77 74 1044 
25 50 44 62 94 18 59 50 367 
16 91 14 33 42 44 64 70 490 
60 16 92 40 99 66 83 51 762 
46 68 83 23 57 20 90 60 1169 
30 74 92 3 4 31 47 82 995 
58 66 26 96 5 53 19 19 716 
97 87 53 80 82 45 56 15 1010 
51 95 36 96 45 84 48 36 1175 
52 59 13 63 95 19 85 26 1032 
41 51 64 32 6 40 61 95 904 
47 52 94 49 49 91 49 97 1064 
49 64 23 44 50 72 57 69 729 
49 37 93 35 98 57 61 17 782 
22 21 91 98 37 52 10 3 1031 
6 5 13 24 16 100 32 37 763 
65 99 3 95 77 39 80 14 717 
85 14 56 39 90 34 27 29 932 
100 53 29 73 36 49 87 53 789 
51 27 23 95 5 62 95 98 227 
64 30 46 54 20 25 94 27 1093 
32 69 16 81 99 89 24 34 1030 
37 94 65 56 9 26 74 31 1068 
40 91 11 96 46 95 15 65 1211 
34 47 36 6 81 10 60 57 1038 
52 72 30 36 73 72 78 60 41 
57 10 22 22 82 90 38 56 441 
82 38 25 24 68 36 90 92 1066 
52 34 15 57 99 54 41 24 729 
62 6 20 41 20 88 92 60 670 
81 13 67 48 70 27 74 79 233 
64 30 6 95 47 83 85 28 323 
92 2 13 70 83 60 31 78 613 
20 44 21 39 34 10 82 12 962 
24 7 65 91 85 22 35 79 1149 
57 68 61 39 57 94 62 102 709 
45 13 32 9 19 94 77 57 434 
2 28 98 98 16 38 5 64 257 
65 3 19 94 37 6 66 75 126 
93 83 89 29 79 34 52 38 1211 
51 16 90 74 16 30 86 35 630 
100 61 54 25 36 95 73 99 1208 
42 54 78 28 45 45 84 85 899 
51 76 51 66 48 80 39 56 581 
35 93 89 91 9 4 55 68 176 
60 71 49 95 58 82 36 12 1031 
25 25 73 47 92 32 57 38 727 
5 36 15 77 88 82 48 40 73 
13 53 47 76 75 79 31 26 183 
28 57 20 71 32 39 95 16 385 
78 90 3 59 36 74 45 53 398 
3 85 85 70 49 19 76 24 714 
41 51 52 96 17 68 17 30 984 
43 35 6 78 83 74 50 72 615 
7 56 19 75 33 24 47 30 500 
34 61 10 3 97 10 80 56 789 
83 85 75 37 44 8 93 3 212 
31 27 4 13 21 79 69 71 834 
43 68 20 30 51 90 27 86 854 
74 43 40 98 100 29 10 69 1065 
79 71 15 13 84 32 7 18 32 
41 23 41 33 35 28 42 39 1074 
48 55 35 87 12 60 38 21 739 
81 35 30 76 5 54 92 92 1222 
57 32 86 90 25 35 87 88 765 
32 43 9 14 58 63 42 63 181 
56 94 61 57 77 65 72 28 1021 
77 67 20 89 42 46 28 86 82 
6 61 31 2 102 26 98 8 951 
55 69 78 69 37 44 39 39 1195 
42 2 58 23 20 100 52 13 267 
47 45 3 66 88 74 56 38 34 
87 55 94 38 61 71 87 19 718 
9 10 32 78 52 5 48 88 1027 
53 84 43 33 52 91 4 53 770 
79 91 84 6 15 101 41 54 1024 
7 7 43 89 38 3 41 45 38 
94 71 95 100 20 102 90 5 658 
64 56 5 5 36 10 8 11 341 
79 5 96 33 38 100 22 43 996 
45 66 49 41 94 10 88 12 1002 
72 81 73 84 18 12 47 79 1198 
83 4 73 35 83 29 75 64 485 
11 62 35 97 80 79 20 48 481 
9 25 64 97 18 26 29 38 366 
58 97 89 86 88 61 2 41 468 
13 12 85 22 68 32 70 80 610 
51 77 3 96 65 72 73 40 669 
38 88 88 49 8 46 99 19 818 
54 26 76 76 97 41 41 10 439 
58 89 59 34 28 40 76 80 757 
31 64 34 19 16 50 6 66 651 
54 65 5 41 25 51 65 18 661 
78 77 81 65 57 57 37 17 630 
100 6 61 50 75 31 85 70 667 
37 38 12 28 72 33 88 89 544 
34 19 66 10 71 12 87 100 34 
84 68 9 79 84 101 99 8 735 
96 6 92 77 58 57 97 31 983 
46 52 7 51 79 70 13 4 1199 
90 92 38 51 65 77 28 2 31 
49 60 56 14 31 65 73 94 1013 
56 60 63 11 15 42 32 43 593 
99 36 91 42 68 82 3 11 198 
26 47 43 17 51 58 54 50 865 
29 34 23 44 80 87 87 59 547 
39 81 80 98 21 24 29 31 817 
15 9 94 76 13 22 49 49 582 
44 41 11 7 58 67 71 6 111 
30 58 58 6 56 11 37 66 366 
40 31 28 21 90 22 91 41 496 
80 55 23 3 97 33 39 46 216 
38 34 25 15 28 17 15 101 895 
13 11 55 85 41 49 92 11 223 
24 25 53 91 18 19 27 93 625 
90 29 63 27 69 13 93 102 385 
9 28 4 13 8 91 49 81 378 
89 97 16 76 13 88 15 18 257 
69 48 19 8 90 37 66 28 889 
14 87 43 44 94 41 18 85 1020 
18 13 19 64 44 39 88 39 1174 
39 15 18 78 14 54 92 27 651 
17 3 40 69 48 82 18 37 1142 
91 47 5 77 61 29 4 99 56 
6 6 6 82 22 53 42 29 157 
59 39 75 92 54 69 88 3 1011 
48 51 67 39 48 9 46 99 1125 
95 65 56 91 75 18 49 88 253 
51 37 83 89 29 21 69 62 1204 
22 102 95 38 91 60 47 58 584 
41 69 61 99 38 25 61 49 790 
60 70 65 59 45 68 48 39 806 
4 61 24 48 72 88 11 25 1191 
101 58 76 98 46 19 70 10 239 
64 54 101 60 29 82 57 11 1122 
37 65 59 29 92 53 94 45 1190 
27 96 99 75 90 15 28 62 1111 
92 64 26 48 91 37 49 87 1043 
68 46 34 44 93 63 96 76 738 
42 74 68 25 6 3 22 44 174 
25 91 66 89 34 69 91 66 574 
69 91 76 24 82 7 68 28 1209 
68 85 5 38 80 16 54 88 1085 
27 70 60 25 29 49 23 26 1171 
23 82 14 67 55 29 16 29 1041 
89 20 93 63 59 81 4 56 724 
13 89 13 52 37 48 81 67 1183 
91 46 64 29 4 58 12 47 562 
88 3 33 78 23 54 31 68 829 
99 66 13 81 23 75 90 11 455 
87 73 47 68 88 90 32 27 1012 
25 62 18 37 53 14 35 18 651 
30 37 68 61 23 71 81 83 12 
88 13 25 92 41 95 21 27 905 
3 22 17 45 48 98 71 8 69 
53 64 15 101 48 7 21 62 903 
73 28 52 78 90 7 89 46 181 
61 35 23 26 18 28 40 34 1168 
40 88 92 72 92 17 65 29 231 
90 88 67 20 72 81 21 50 1206 
26 27 35 12 58 3 83 12 890 
86 30 49 89 64 15 12 83 905 
86 3 38 37 15 63 88 102 714 
52 43 65 44 7 69 30 16 96 
65 30 32 90 91 83 44 81 1215 
74 3 26 54 10 91 7 37 576 
65 91 14 74 26 58 45 34 838 
11 44 25 81 61 50 8 49 657 
46 98 14 57 95 35 63 16 1211 
36 100 35 76 39 72 22 67 307 
98 93 5 76 47 59 14 35 460 
78 95 43 79 48 63 37 63 473 
37 9 98 81 13 12 59 11 412 
38 37 7 55 61 96 25 12 691 
52 72 53 57 45 62 98 87 267 
60 59 54 73 41 78 34 88 710 
31 19 82 95 19 37 26 79 1199 
35 26 36 49 56 38 7 87 1116 
89 81 66 39 85 28 91 101 640 
83 66 98 31 23 75 38 96 1131 
79 59 56 18 34 69 64 65 753 
90 13 6 18 69 56 87 46 83 
96 94 37 56 7 19 85 44 155 
4 5 5 63 12 61 46 30 346 
40 73 50 99 77 21 66 3 1084 
51 68 100 44 47 79 68 44 33 
60 25 54 38 35 92 56 61 732 
61 29 3 46 74 40 28 49 893 
61 99 19 17 92 6 31 37 938 
17 63 61 28 96 70 59 88 72 
78 3 41 60 45 18 62 7 896 
90 6 95 61 17 100 6 9 552 
88 45 35 50 10 100 15 41 1209 
3 35 35 34 89 88 34 52 563 
36 3 56 3 58 86 33 43 370 
85 58 47 63 24 89 25 73 535 
75 30 95 43 47 6 19 61 888 
42 57 19 10 29 67 54 72 80 
93 87 89 51 19 69 70 32 1023 
56 42 13 48 11 18 44 62 270 
55 95 58 53 86 99 14 93 1042 
15 78 31 82 12 54 83 35 1052 
59 26 13 28 75 17 22 65 237 
64 96 48 3 67 69 45 101 941 
52 42 3 92 39 28 84 57 667 
57 76 32 61 68 79 33 88 438 
13 29 22 43 33 23 80 52 1189 
41 14 12 63 38 13 77 32 1137 
87 68 89 88 46 20 63 67 1098 
91 5 30 71 72 81 34 35 882 
59 11 11 82 15 89 31 45 522 
46 95 39 21 85 37 86 48 240 
51 27 85 4 82 67 33 90 580 
71 72 44 33 32 5 41 21 259 
86 7 56 102 59 2 78 19 879 
54 72 21 95 87 27 62 85 101 
91 57 31 46 51 27 42 62 900 
2 15 66 36 82 67 16 2 501 
68 51 70 85 28 66 96 81 225 
30 78 86 20 73 49 97 52 779 
94 42 57 31 62 100 29 77 43 
10 20 92 57 80 87 86 96 412 
42 8 31 67 52 73 8 14 1023 
91 85 44 18 40 32 3 24 732 
87 39 91 72 58 53 63 88 737 
31 75 100 101 36 79 16 57 542 
37 29 92 87 25 50 16 40 1131 
63 94 82 61 55 58 28 100 701 
47 72 52 79 6 66 12 80 474 
88 92 51 68 5 85 88 68 1160 
71 3 16 43 58 20 61 102 1148 
82 72 22 43 75 37 22 71 1037 
96 59 25 28 76 47 12 30 579 
45 97 91 99 75 89 64 58 1195 
45 6 16 34 21 7 73 32 98 
21 47 19 15 48 36 101 94 110 
74 45 29 71 33 30 73 17 53 
7 86 99 35 82 19 40 79 795 
72 65 41 21 58 46 39 93 1024 
32 32 52 57 100 83 80 92 163 
73 76 75 88 63 5 2 67 572 
13 88 67 2 78 71 71 30 362 
72 55 89 85 34 42 46 43 1045 
57 52 88 18 56 92 6 69 32 
94 86 4 37 20 92 99 28 56 
21 32 56 82 88 71 53 10 453 
28 90 45 35 44 22 20 48 187 
63 97 34 77 98 11 69 79 541 
30 37 37 99 87 7 38 27 136 
33 76 67 19 67 48 55 80 960 
62 61 44 84 19 74 77 39 386 
74 46 36 48 15 10 27 26 900 
4 30 5 39 99 19 11 89 877 
52 46 32 88 24 20 32 9 227 
4 47 19 65 24 51 76 65 996 
79 87 63 58 93 43 75 53 608 
77 24 64 28 75 32 3 27 1131 
3 88 24 17 17 8 92 25 958 
58 41 8 56 66 36 37 33 25 
13 96 55 91 16 73 71 57 1036 
59 78 74 89 64 100 59 74 947 
61 64 72 57 68 70 65 18 147 
45 23 61 30 93 44 31 92 374 
42 14 75 54 49 62 24 35 580 
8 71 79 11 99 93 59 78 849 
34 58 30 87 28 99 61 27 413 
28 31 88 32 60 74 69 19 738 
7 9 17 12 35 35 22 59 576 
37 37 26 69 73 16 75 99 413 
5 56 88 77 95 23 29 98 52 
64 78 13 7 43 82 33 54 842 
56 24 26 96 67 72 52 26 1110 
12 60 60 73 59 64 41 66 767 
76 31 17 96 85 39 31 61 983 
38 32 95 45 38 21 48 21 907 
12 10 92 18 27 71 33 19 459 
48 92 21 51 68 79 20 59 279 
56 62 42 89 67 8 91 16 1155 
99 68 24 40 28 40 90 30 686 
75 60 6 48 65 68 101 85 837 
63 89 65 18 28 82 99 94 725 
36 25 45 86 29 13 76 35 623 
17 10 67 83 63 40 23 47 1212 
21 10 98 76 89 84 39 30 336 
33 83 43 44 44 36 81 55 63 
15 91 33 95 74 32 17 86 915 
6 82 27 28 97 83 83 80 1021 
65 62 38 63 49 101 86 45 636 
12 75 69 33 4 10 35 10 694 
70 28 38 68 61 5 10 36 591 
4 7 88 62 64 66 53 18 1137 
71 54 44 34 11 30 80 7 139 
10 75 80 19 95 88 26 14 631 
49 99 4 35 55 15 53 84 468 
68 52 13 5 82 88 17 66 696 
17 39 20 10 90 56 94 102 748 
72 87 15 102 38 52 14 6 235 
93 38 100 31 83 29 92 15 668 
2 7 95 94 4 31 32 11 924 
36 41 11 49 43 56 54 83 1191 
