6 6
300
90 82 5 70 69 96 742 
66 21 45 101 21 70 1194 
8 99 59 65 87 36 119 
84 53 61 9 22 49 443 
15 99 85 61 18 55 631 
20 71 55 63 66 90 818 
100 30 39 53 34 6 199 
49 41 15 93 101 88 74 
31 47 63 49 49 26 625 
24 62 42 5 17 48 1081 
30 6 4 23 47 45 1031 
25 24 58 90 45 22 803 
60 72 71 19 69 48 1092 
27 94 16 20 66 18 925 
70 99 50 19 60 30 244 
37 13 72 56 45 24 74 
25 6 61 5 7 87 789 
93 73 88 50 2 101 41 
13 90 5 83 29 11 676 
27 10 72 87 94 48 281 
61 101 64 26 26 85 20 
90 57 16 61 32 13 946 
28 64 71 60 31 19 297 
25 69 75 18 15 53 1205 
98 91 20 14 42 44 391 
74 26 26 78 18 4 284 
35 91 24 98 100 80 1205 
49 4 30 65 31 101 433 
33 91 10 13 35 5 1126 
68 98 49 93 71 47 659 
40 47 83 15 17 3 1108 
81 54 22 17 75 2 605 
89 92 51 12 45 99 502 
37 19 67 85 101 33 823 
94 77 8 30 34 47 112 
59 49 52 16 100 47 648 
39 90 98 62 5 45 960 
8 100 82 29 51 15 38 
30 18 32 18 72 25 1054 
79 16 89 42 57 42 372 
45 101 98 47 54 90 1191 
31 72 25 98 90 91 1059 
79 27 4 86 34 8 358 
33 22 100 30 23 69 743 
76 11 21 50 4 50 766 
101 86 83 99 27 8 1214 
48 8 23 83 37 102 1223 
91 87 59 26 36 3 152 
81 100 19 32 23 39 673 
63 6 50 88 43 26 960 
43 22 88 9 2 32 1043 
16 79 48 89 69 63 1039 
25 65 26 70 49 52 244 
88 66 69 5 71 46 1042 
4 75 97 96 78 24 589 
67 72 19 36 73 29 797 
23 73 45 56 78 72 460 
44 26 20 96 76 61 674 
58 22 6 34 88 2 141 
6 53 95 94 41 39 714 
94 9 36 78 25 57 792 
95 25 51 95 76 50 746 
51 79 2 4 65 95 110 
53 15 4 87 29 56 212 
22 53 65 39 35 81 604 
19 86 20 52 6 92 775 
98 56 41 13 54 53 676 
76 95 92 78 46 51 510 
96 34 92 98 3 49 895 
75 89 58 43 70 14 398 
95 85 54 61 5 48 666 
61 66 76 76 5 64 563 
60 75 63 91 32 10 276 
54 29 56 5 45 92 288 
70 85 72 86 41 25 989 
12 40 19 43 6 89 433 
70 18 24 100 87 29 184 
15 98 54 41 6 12 506 
57 99 59 62 57 33 1116 
83 6 92 66 41 67 589 
37 46 50 28 23 89 1024 
13 34 7 60 65 10 666 
89 21 48 37 15 42 670 
43 62 83 50 58 46 1067 
15 34 36 48 64 69 960 
54 5 15 85 25 60 542 
67 54 4 94 24 39 1153 
87 47 31 29 28 95 1156 
85 69 80 66 45 99 1206 
3 72 13 3 44 78 430 
18 35 54 92 84 12 924 
10 81 58 36 9 95 339 
89 7 22 39 75 86 845 
38 37 21 82 63 48 792 
84 93 93 83 63 61 850 
14 79 39 46 85 21 914 
90 23 33 38 6 73 171 
67 94 66 70 94 68 970 
100 35 12 23 67 13 330 
91 67 55 49 36 60 919 
30 85 95 93 67 96 597 
15 91 46 60 77 53 200 
101 29 15 71 95 92 169 
47 28 25 20 10 50 1211 
59 80 91 72 15 41 460 
11 73 80 29 74 33 1037 
46 68 65 92 62 13 1101 
40 42 80 43 70 63 1021 
59 72 74 59 49 52 694 
13 57 90 64 14 81 1098 
58 37 44 23 62 31 7 
62 61 30 50 39 11 237 
40 14 31 47 79 56 641 
3 7 72 27 83 30 408 
13 78 30 50 34 2 1003 
7 38 21 10 34 85 1183 
13 46 10 11 43 39 898 
45 61 19 37 27 39 667 
32 74 98 81 3 69 597 
86 2 3 7 11 39 400 
78 12 38 47 73 58 1109 
63 64 18 42 93 62 833 
19 13 15 9 65 29 921 
66 25 32 33 18 50 330 
46 10 6 34 2 43 828 
51 83 92 56 84 66 839 
12 82 41 12 9 83 821 
92 89 100 48 12 59 145 
89 9 16 57 10 66 215 
56 14 10 92 21 2 832 
32 26 56 83 66 9 663 
45 93 23 11 69 62 664 
23 8 88 92 85 58 765 
76 78 100 76 2 53 688 
70 33 22 90 82 101 735 
66 47 67 48 53 60 535 
18 95 48 43 6 65 408 
9 24 2 38 47 7 677 
50 57 9 66 58 100 917 
62 3 23 89 63 96 697 
63 23 46 35 100 21 718 
85 54 36 98 90 25 754 
11 22 54 38 96 7 197 
92 60 85 97 62 71 681 
94 28 56 45 71 78 561 
3 58 5 48 89 99 794 
5 75 69 70 77 15 631 
83 71 53 69 91 43 872 
65 64 40 41 52 5 1116 
28 82 55 21 48 18 100 
66 51 91 9 10 53 1057 
86 17 29 86 57 6 132 
59 5 78 82 37 77 457 
96 68 10 39 96 76 943 
96 17 51 31 100 45 212 
22 64 62 83 92 87 969 
49 12 56 97 101 82 853 
79 79 41 13 43 73 854 
85 84 72 17 79 11 1110 
3 80 58 60 63 95 446 
43 18 101 48 92 60 584 
57 56 44 96 95 9 203 
40 12 20 58 75 49 460 
82 92 68 14 78 90 565 
34 100 39 40 89 35 446 
63 42 67 53 15 24 338 
30 30 22 86 4 76 770 
70 40 3 90 48 101 744 
28 34 35 16 72 4 285 
57 7 58 8 76 82 939 
72 54 7 62 27 12 639 
64 48 30 76 16 85 787 
62 37 53 43 36 78 431 
10 34 39 45 22 6 893 
25 66 80 30 96 88 1203 
88 98 30 23 91 11 787 
88 7 43 58 20 61 1161 
72 7 67 42 6 44 752 
22 70 19 7 8 81 475 
84 52 48 22 99 68 911 
41 25 22 48 69 73 276 
29 99 89 4 48 80 652 
61 15 90 92 47 39 807 
31 13 18 85 31 28 50 
56 97 38 23 95 22 376 
85 47 96 40 73 41 1133 
73 32 5 62 3 87 283 
40 59 32 55 31 11 131 
14 7 64 40 47 21 895 
4 53 83 55 60 25 932 
70 96 54 76 100 75 705 
83 15 25 30 42 83 204 
39 8 71 66 14 22 870 
42 34 2 27 22 21 849 
80 24 9 46 65 49 856 
65 80 81 33 37 55 377 
94 41 11 7 40 59 788 
48 14 91 48 5 7 345 
64 54 50 80 56 90 36 
93 18 87 79 36 49 906 
30 92 35 79 69 42 583 
95 93 22 85 65 7 398 
12 21 100 62 44 44 21 
28 32 56 83 67 30 23 
25 27 30 6 12 92 226 
24 58 71 38 67 82 842 
63 30 97 93 85 72 987 
99 89 19 94 7 74 23 
62 81 97 4 14 48 860 
68 94 81 55 17 16 1076 
65 31 27 79 63 35 790 
4 61 92 84 60 23 319 
40 13 13 7 20 19 763 
79 76 35 54 37 101 1165 
38 18 40 71 58 95 421 
60 94 17 45 42 39 710 
22 7 23 57 27 46 349 
83 70 50 99 99 28 1054 
57 94 27 29 36 71 803 
45 54 15 3 30 94 978 
21 98 64 80 81 6 690 
71 14 99 12 56 69 678 
50 92 74 61 69 50 35 
3 92 19 7 70 94 945 
55 10 55 98 55 51 760 
73 88 20 20 23 32 1060 
81 30 19 82 5 12 1170 
64 43 45 63 46 79 227 
9 47 75 14 14 81 199 
7 46 15 4 20 95 935 
6 55 43 48 20 18 265 
64 102 27 67 84 84 1104 
69 13 37 11 73 46 794 
43 47 8 11 53 72 911 
86 6 81 86 19 21 718 
90 4 18 27 63 99 544 
47 50 48 32 100 28 467 
35 80 94 49 52 14 763 
10 36 39 70 48 49 958 
98 49 83 67 64 34 966 
11 22 86 12 49 22 1180 
100 62 82 55 46 38 624 
27 88 40 69 10 98 977 
70 81 60 17 52 68 598 
3 68 66 37 96 61 298 
61 11 38 5 93 68 129 
76 59 16 3 13 29 872 
63 45 100 57 37 101 503 
43 28 97 99 56 50 1181 
97 17 20 52 79 29 811 
80 3 66 18 32 71 1146 
24 45 16 41 41 80 497 
24 68 82 61 62 85 227 
84 43 8 39 20 16 975 
44 98 53 36 3 7 1017 
44 36 40 7 32 49 228 
85 83 60 17 72 58 885 
51 40 93 19 45 50 1165 
62 60 81 14 57 16 982 
49 64 7 40 75 59 982 
34 44 56 32 38 102 1217 
62 50 23 50 60 9 1140 
60 63 19 59 59 90 1006 
78 61 95 76 35 40 440 
21 54 79 100 100 94 204 
98 38 89 10 50 98 1223 
11 60 66 99 9 89 1085 
4 91 83 17 72 100 687 
85 63 58 4 64 66 505 
98 46 53 62 17 79 768 
26 32 51 11 94 84 817 
3 31 79 29 53 49 210 
65 98 84 31 96 62 157 
77 33 7 88 34 61 165 
16 15 40 94 13 28 950 
61 33 8 80 18 91 1007 
34 81 78 12 18 26 403 
50 70 33 23 18 52 603 
101 46 25 62 26 55 1064 
18 41 37 43 23 41 53 
67 78 53 80 73 32 523 
53 31 78 18 37 83 813 
47 9 72 96 78 30 734 
89 85 20 94 38 97 202 
42 43 72 97 87 31 1011 
94 82 45 47 21 9 585 
17 49 46 91 75 22 876 
34 67 48 47 13 46 953 
95 36 88 37 37 28 144 
91 8 23 52 54 86 642 
29 29 51 58 24 14 886 
38 76 5 65 77 47 94 
78 25 51 75 86 7 1208 
48 59 12 86 82 38 321 
43 25 41 23 39 21 63 
39 99 91 91 34 7 709 
62 85 74 62 83 6 159 
85 74 78 69 81 56 998 
72 41 74 43 78 48 1160 
53 66 44 40 28 5 472 
