2 6
300
69 28 571 
82 17 1088 
96 99 1161 
93 56 912 
24 12 970 
58 54 12 
4 43 1163 
13 89 472 
97 17 1057 
99 9 43 
37 81 1179 
40 21 767 
42 55 68 
20 81 852 
44 52 4 
90 42 306 
43 27 566 
68 16 872 
102 58 480 
10 88 6 
5 98 1105 
93 58 923 
80 86 1116 
19 18 1211 
97 86 762 
27 71 452 
40 8 916 
63 58 1001 
59 71 797 
27 40 771 
26 33 830 
7 17 1013 
81 53 1155 
27 12 683 
36 27 108 
49 73 360 
11 76 1072 
4 72 973 
28 43 499 
11 36 1070 
12 55 566 
30 95 1036 
33 92 847 
82 48 219 
44 16 1173 
21 30 380 
75 12 1196 
38 18 780 
77 23 756 
90 81 909 
44 73 205 
9 16 703 
12 8 390 
26 18 986 
62 31 344 
72 62 689 
86 9 165 
12 37 297 
92 77 452 
85 55 880 
25 45 136 
97 39 925 
3 38 1214 
40 11 273 
101 51 1152 
19 78 1061 
38 8 752 
8 7 893 
63 34 432 
94 19 489 
23 29 647 
62 3 896 
72 67 1126 
54 71 300 
59 47 1189 
93 13 1058 
32 75 1213 
52 49 580 
12 19 468 
40 36 64 
42 11 226 
61 20 1009 
71 41 588 
23 50 127 
97 85 452 
39 51 729 
78 72 268 
51 64 547 
43 72 981 
7 52 1026 
37 33 385 
89 14 736 
8 100 337 
17 24 874 
40 11 308 
91 57 779 
12 75 843 
81 64 788 
85 94 567 
76 21 581 
4 66 1098 
66 88 199 
81 10 873 
79 33 623 
34 63 587 
52 12 653 
22 54 185 
19 97 932 
17 58 847 
69 6 252 
16 34 968 
82 14 710 
84 76 285 
11 12 585 
94 36 520 
20 49 17 
18 35 995 
95 56 818 
34 88 843 
16 51 365 
49 14 52 
53 65 1208 
74 54 596 
92 71 441 
32 13 513 
69 26 752 
36 99 119 
70 53 867 
41 23 957 
14 50 329 
91 70 309 
95 64 1201 
46 44 866 
46 48 1158 
55 29 784 
47 65 534 
27 67 753 
9 82 641 
22 81 752 
35 14 517 
23 61 57 
24 3 12 
13 39 597 
46 26 1012 
93 92 621 
17 17 294 
9 96 710 
37 89 1009 
67 84 1078 
75 75 1016 
39 12 369 
31 25 1063 
92 33 317 
65 37 322 
97 83 509 
81 19 1101 
4 7 782 
39 29 218 
86 88 883 
24 59 235 
15 40 777 
68 9 165 
55 64 819 
66 27 1034 
100 46 727 
34 42 77 
43 89 795 
100 73 835 
21 101 1025 
14 46 456 
17 70 910 
9 52 1182 
65 31 909 
30 28 671 
25 40 983 
81 41 1015 
60 55 566 
68 83 857 
56 17 819 
97 49 97 
32 42 218 
32 51 697 
12 93 1141 
65 71 132 
34 15 739 
12 77 408 
90 42 734 
3 56 1124 
93 51 1064 
6 55 438 
32 70 1011 
68 100 1052 
39 95 1087 
25 71 588 
92 98 1024 
38 36 837 
12 46 487 
36 9 84 
50 31 1055 
28 41 6 
72 8 476 
60 35 19 
30 67 177 
76 75 998 
46 66 864 
14 13 717 
10 57 182 
21 97 107 
98 98 737 
78 21 853 
102 13 671 
91 55 778 
11 34 764 
84 9 841 
56 37 867 
60 91 526 
38 38 218 
30 20 1019 
88 53 138 
32 64 456 
43 54 574 
47 77 759 
29 58 137 
9 5 967 
98 28 589 
48 66 729 
40 40 86 
19 42 1013 
54 74 1146 
74 5 27 
54 81 865 
27 43 677 
24 11 742 
11 33 409 
34 31 407 
41 33 1122 
37 42 1064 
54 94 293 
32 26 155 
66 95 34 
70 57 650 
11 57 292 
10 73 1041 
95 26 675 
101 31 79 
76 87 130 
52 15 498 
4 38 777 
17 3 1060 
49 97 210 
45 60 207 
60 43 934 
82 25 913 
11 32 741 
9 44 188 
34 55 778 
19 59 474 
4 17 972 
64 68 233 
92 96 661 
39 64 932 
70 52 817 
40 43 1082 
32 95 766 
38 42 1016 
82 97 1149 
50 85 588 
25 31 468 
80 43 528 
39 98 909 
59 93 356 
23 74 843 
86 41 1132 
51 96 146 
77 89 777 
78 68 912 
98 84 869 
27 43 132 
8 16 396 
40 92 117 
26 3 552 
16 75 34 
36 17 832 
16 98 696 
3 102 1098 
38 50 514 
77 4 912 
71 43 174 
5 34 603 
20 17 712 
39 48 600 
85 27 1134 
69 63 181 
63 44 622 
9 84 1054 
16 26 514 
23 72 810 
92 65 1070 
37 57 734 
33 13 496 
