2 2
300
87 75 128 
9 45 374 
14 7 402 
8 88 399 
89 66 363 
20 20 311 
44 27 63 
45 100 171 
8 85 66 
34 95 307 
35 8 162 
97 50 350 
60 68 250 
14 30 46 
16 85 13 
3 61 356 
24 61 242 
50 61 204 
67 44 306 
91 3 246 
78 82 51 
26 74 326 
60 95 67 
5 62 213 
17 32 398 
6 31 61 
41 7 98 
31 11 141 
18 87 192 
92 31 24 
13 71 265 
3 38 194 
101 93 46 
25 45 273 
73 21 402 
9 35 121 
54 63 56 
62 52 392 
38 49 291 
80 10 355 
35 71 259 
13 94 372 
89 16 381 
52 7 156 
6 18 256 
59 59 368 
38 11 216 
19 39 278 
94 52 77 
71 67 364 
78 23 340 
26 92 303 
5 63 110 
9 22 78 
38 4 229 
77 59 141 
35 81 367 
83 44 403 
36 18 128 
97 20 173 
75 20 202 
6 76 343 
57 82 108 
90 55 395 
66 31 363 
36 84 146 
14 19 382 
86 37 348 
101 97 325 
86 92 304 
45 10 173 
87 37 9 
71 34 116 
74 23 316 
10 47 107 
95 19 56 
12 2 140 
98 85 8 
51 90 339 
66 7 321 
6 72 368 
54 47 185 
57 81 384 
89 67 204 
9 42 393 
18 78 368 
61 8 319 
68 76 364 
42 49 105 
43 38 190 
21 7 110 
51 70 206 
89 58 407 
83 40 158 
21 25 147 
86 90 177 
7 34 51 
95 7 404 
3 40 391 
3 13 400 
22 16 175 
50 71 243 
25 60 295 
48 31 83 
93 80 277 
42 49 212 
56 58 241 
84 37 18 
36 28 5 
30 51 123 
56 88 185 
4 63 101 
98 73 222 
78 63 126 
73 61 15 
94 4 108 
33 63 371 
46 49 225 
41 39 322 
41 16 176 
60 98 39 
45 94 175 
77 91 72 
45 46 309 
99 79 390 
30 14 310 
3 44 97 
77 98 358 
41 12 161 
92 64 99 
48 59 237 
13 20 267 
24 30 277 
62 19 56 
11 90 72 
17 49 287 
62 13 107 
5 40 292 
21 86 406 
23 6 333 
6 87 109 
95 100 354 
20 88 242 
32 9 340 
10 42 104 
12 68 36 
72 26 258 
71 32 211 
100 44 79 
88 94 141 
68 2 102 
88 59 132 
89 17 368 
32 99 249 
13 31 19 
45 97 399 
48 11 74 
93 53 327 
21 37 223 
77 98 227 
70 33 384 
27 67 29 
61 24 341 
95 25 208 
20 42 108 
4 60 7 
49 57 194 
23 42 337 
19 77 202 
46 70 91 
80 14 82 
37 65 270 
69 89 264 
100 86 299 
16 55 353 
69 75 46 
56 18 316 
55 30 165 
10 49 373 
14 10 368 
59 16 222 
64 17 47 
33 85 316 
62 37 290 
39 52 292 
76 9 353 
98 52 8 
40 92 210 
47 26 345 
82 29 66 
77 57 320 
77 42 285 
21 54 156 
77 38 365 
36 96 331 
8 18 318 
71 36 164 
7 18 240 
90 21 99 
5 19 372 
29 53 233 
64 87 327 
95 64 41 
4 57 223 
51 23 56 
14 7 393 
72 40 34 
9 13 379 
78 72 163 
22 88 88 
48 18 145 
49 51 347 
35 74 38 
3 16 222 
70 69 322 
87 58 388 
47 78 60 
30 35 323 
85 22 166 
66 88 64 
42 75 311 
90 58 161 
21 4 294 
30 81 135 
89 71 102 
56 40 180 
16 92 58 
47 76 41 
9 20 339 
58 65 119 
47 71 352 
96 63 168 
80 82 49 
42 68 223 
25 19 396 
84 42 261 
56 32 333 
99 52 389 
4 98 401 
68 83 154 
58 65 158 
45 86 45 
49 96 36 
86 77 240 
34 76 99 
61 24 236 
15 27 319 
21 4 138 
49 50 78 
93 94 265 
44 14 401 
76 85 17 
18 82 137 
88 37 191 
57 73 223 
25 66 309 
73 44 303 
43 56 229 
61 39 249 
7 97 147 
94 58 9 
46 43 260 
62 60 371 
22 45 170 
26 28 370 
33 66 129 
81 27 342 
45 21 204 
93 4 236 
44 17 190 
45 13 346 
100 97 323 
47 14 121 
93 64 27 
87 53 403 
35 18 115 
67 30 300 
32 28 289 
54 51 150 
54 55 163 
8 20 178 
47 80 133 
59 29 130 
14 88 212 
4 90 255 
80 60 279 
53 60 348 
32 79 354 
75 15 349 
16 48 187 
44 95 241 
91 87 183 
65 42 300 
69 78 365 
98 56 171 
24 29 154 
10 76 370 
70 3 388 
57 78 168 
59 74 264 
