2 2
300
64 58 386 
64 8 393 
21 81 240 
51 11 240 
37 38 374 
56 67 298 
90 14 204 
9 77 395 
27 75 364 
93 87 14 
67 56 330 
49 84 17 
57 44 394 
65 6 111 
43 4 268 
71 50 230 
8 41 294 
72 25 338 
5 57 333 
100 39 136 
9 30 384 
58 86 226 
80 91 217 
90 101 97 
78 27 35 
25 68 297 
33 58 105 
35 87 189 
33 97 128 
100 45 113 
24 59 21 
66 57 310 
35 87 77 
12 93 242 
5 20 165 
51 96 399 
77 83 362 
11 68 331 
10 76 178 
50 27 362 
26 82 187 
28 67 172 
21 15 285 
34 92 333 
56 23 267 
68 32 271 
8 84 5 
35 26 257 
41 16 370 
26 58 331 
35 87 245 
32 88 47 
16 80 217 
100 32 333 
30 44 369 
9 57 187 
18 43 184 
79 44 174 
90 93 230 
85 89 213 
53 97 232 
91 102 24 
24 26 143 
56 55 214 
15 10 216 
21 7 332 
74 34 240 
47 10 61 
38 57 175 
20 44 391 
57 33 370 
3 49 142 
27 41 175 
87 87 127 
13 64 363 
95 66 141 
92 71 348 
77 12 226 
95 8 356 
44 54 182 
65 6 335 
41 101 90 
63 14 248 
20 96 270 
41 89 190 
30 36 190 
28 46 374 
10 30 300 
12 82 85 
38 10 170 
49 85 355 
100 24 332 
51 74 256 
69 33 210 
76 74 303 
21 38 96 
11 67 291 
43 18 37 
55 56 312 
11 30 78 
3 28 21 
21 73 48 
81 42 266 
67 81 256 
86 60 53 
42 37 230 
101 93 182 
99 29 174 
72 8 273 
80 48 277 
7 42 179 
46 68 24 
49 57 5 
65 42 390 
60 46 351 
11 59 237 
98 14 82 
22 11 153 
77 6 403 
64 51 263 
47 3 386 
99 62 163 
21 42 376 
9 96 328 
57 39 210 
51 41 341 
59 64 203 
11 84 139 
50 87 126 
8 71 256 
9 86 25 
38 20 162 
3 63 340 
48 92 70 
68 91 77 
41 67 297 
88 28 263 
17 8 357 
17 38 76 
63 51 309 
11 15 290 
32 3 40 
77 21 78 
14 49 322 
2 12 294 
35 45 382 
17 11 82 
60 22 177 
100 93 321 
20 24 336 
23 42 48 
10 39 314 
48 38 360 
11 67 189 
56 76 321 
88 17 390 
17 84 378 
27 48 167 
58 53 377 
30 33 40 
33 58 396 
38 92 32 
69 94 298 
97 89 30 
7 8 180 
76 6 190 
67 15 310 
85 5 162 
92 99 386 
73 54 351 
87 20 22 
81 80 36 
51 20 342 
73 20 96 
25 22 389 
88 21 162 
99 84 195 
48 65 77 
35 50 220 
60 49 383 
15 98 165 
89 13 281 
4 28 115 
37 27 351 
65 95 386 
55 62 336 
46 6 316 
57 76 285 
40 40 225 
88 48 127 
57 93 290 
92 60 91 
85 38 42 
29 86 379 
14 63 236 
64 86 285 
26 83 356 
73 16 178 
18 60 92 
72 50 295 
16 17 330 
99 83 137 
17 75 144 
75 72 102 
75 19 81 
87 46 54 
14 79 225 
87 64 266 
46 85 318 
30 76 5 
102 14 357 
40 15 282 
14 17 330 
26 49 46 
37 53 45 
65 101 393 
26 34 59 
11 60 293 
19 30 217 
18 55 397 
58 89 404 
36 75 236 
39 37 19 
53 74 120 
34 90 124 
46 53 47 
56 83 345 
84 6 171 
89 92 222 
18 22 347 
18 98 252 
86 71 242 
14 2 320 
55 27 261 
94 75 244 
87 79 288 
43 75 316 
44 63 294 
15 76 342 
60 49 338 
6 23 61 
21 37 310 
69 51 80 
73 34 207 
35 4 228 
23 92 127 
84 4 55 
86 76 194 
10 76 145 
92 73 386 
77 56 217 
98 51 19 
51 74 158 
86 20 118 
53 72 168 
29 11 244 
18 94 345 
55 77 186 
72 22 192 
69 14 248 
43 80 318 
26 98 318 
99 39 214 
54 73 72 
94 100 344 
86 34 18 
8 83 265 
77 76 322 
12 24 322 
10 28 121 
59 84 248 
80 45 164 
53 29 306 
65 31 295 
9 67 85 
69 63 315 
63 87 357 
45 63 128 
98 67 19 
101 16 299 
101 92 48 
25 96 365 
59 16 228 
46 35 25 
31 45 210 
95 70 39 
60 45 253 
4 49 166 
44 16 88 
31 84 317 
38 54 54 
4 66 163 
63 87 288 
33 13 190 
23 19 213 
84 16 74 
82 5 397 
97 43 291 
13 99 178 
73 83 325 
