8 8
300
15 53 89 71 34 21 69 84 1539 
71 5 89 8 65 15 89 78 701 
11 81 3 33 30 99 96 26 963 
50 35 92 39 14 38 34 26 1422 
10 22 51 5 74 11 74 48 1618 
64 63 32 11 66 42 17 3 1601 
31 84 25 92 77 10 62 21 802 
6 34 93 53 76 41 28 82 910 
96 7 9 94 61 83 100 35 1026 
31 41 71 52 25 13 40 5 694 
66 20 47 43 45 55 62 70 237 
10 13 90 93 85 86 86 23 1563 
93 39 25 44 94 45 47 33 1294 
82 56 11 82 15 73 99 64 1011 
13 55 64 56 34 94 69 92 359 
77 40 58 87 68 4 17 49 1075 
22 24 28 4 98 14 76 82 232 
7 29 100 19 96 23 24 76 1101 
35 40 7 33 77 4 23 72 1516 
25 97 89 9 67 67 7 79 660 
38 10 59 53 82 54 79 64 1025 
26 60 46 37 65 95 37 84 158 
63 90 49 26 84 28 21 53 1383 
29 100 64 35 14 19 83 88 1065 
12 84 60 55 56 15 41 99 203 
51 90 35 97 75 86 58 46 1446 
96 14 29 33 34 31 69 53 1047 
3 93 47 29 57 78 29 26 1620 
54 10 37 36 87 87 16 72 1030 
54 34 27 80 79 70 31 89 1206 
41 81 52 31 88 5 51 40 97 
69 24 35 58 69 51 86 6 598 
56 62 29 44 20 64 68 17 310 
41 24 16 79 100 70 5 91 744 
51 25 24 33 87 49 81 49 784 
32 98 66 78 96 75 34 77 448 
49 99 63 90 65 72 86 12 262 
94 91 26 67 56 81 5 37 1330 
17 25 77 83 65 73 16 38 320 
56 65 30 43 48 25 42 58 1504 
87 63 61 53 49 77 33 89 935 
26 66 44 88 75 61 93 19 850 
55 68 36 92 75 29 53 32 770 
90 52 46 2 27 100 89 20 1210 
24 65 77 102 52 78 16 92 1165 
79 71 91 72 52 31 73 90 1472 
61 97 90 34 2 19 30 45 600 
16 26 41 47 101 57 87 71 877 
79 55 18 60 78 85 58 76 995 
60 20 3 17 31 39 9 30 387 
88 92 65 60 73 9 41 2 1080 
34 35 72 36 87 83 77 97 566 
76 3 21 6 78 29 59 72 408 
38 101 97 4 39 73 33 100 1290 
93 20 84 11 20 78 19 26 672 
93 26 35 22 42 36 5 35 441 
7 84 16 38 3 3 84 5 26 
73 32 97 100 5 89 4 86 1248 
55 67 85 46 89 54 88 67 761 
94 18 61 63 101 6 46 29 269 
67 57 19 82 29 17 76 48 1533 
48 95 23 48 20 57 59 52 1105 
46 63 97 64 52 38 57 92 1416 
44 12 33 93 56 78 72 39 484 
61 75 40 69 72 43 60 42 1181 
28 47 100 6 6 51 39 102 1073 
24 5 6 83 28 39 30 34 602 
65 57 41 47 78 83 28 100 1260 
31 79 94 56 6 13 66 31 735 
91 40 7 84 56 56 12 51 561 
27 81 49 4 41 40 6 97 1382 
35 83 71 19 81 8 74 9 378 
76 70 100 96 19 99 94 42 1531 
33 83 3 87 36 29 49 3 315 
32 29 40 56 52 11 28 32 779 
78 74 62 101 12 49 33 38 1324 
38 33 64 52 12 101 46 75 230 
86 51 49 44 72 80 89 44 1309 
87 22 20 91 70 88 51 18 1116 
36 34 73 56 56 100 48 13 1131 
59 82 19 41 12 79 97 44 1334 
3 36 4 84 14 70 69 48 264 
65 49 65 78 3 96 33 12 666 
45 32 97 51 97 61 11 32 1008 
65 48 12 42 96 28 7 50 1336 
69 55 22 5 90 10 84 85 1045 
8 84 81 25 10 2 39 55 208 
89 54 41 44 75 85 8 5 1630 
8 25 55 40 73 55 15 66 929 
23 41 44 89 69 14 97 5 781 
85 42 40 12 6 43 15 20 1580 
45 26 82 39 99 86 10 78 979 
13 70 13 29 12 46 46 17 216 
73 101 87 28 49 72 37 26 1029 
64 98 21 14 27 55 58 71 647 
79 86 44 60 82 93 54 86 570 
39 58 32 95 68 91 30 44 311 
14 19 79 12 4 75 23 48 1303 
43 101 45 60 73 43 7 69 508 
73 15 21 95 76 65 37 100 1103 
35 71 32 32 85 85 36 46 859 
65 69 84 71 39 36 13 14 1387 
94 81 87 92 91 102 60 59 484 
102 21 45 16 77 6 8 90 1257 
52 12 18 63 26 29 90 44 1622 
51 4 78 87 84 64 80 45 319 
84 45 82 33 75 28 55 36 406 
12 51 94 81 65 50 59 64 20 
71 33 56 60 4 48 2 11 909 
55 16 39 83 38 33 86 26 742 
99 21 40 92 10 92 4 81 1526 
9 72 41 30 30 23 63 11 202 
67 26 44 36 32 66 72 101 329 
90 31 15 63 96 42 5 62 691 
66 81 26 66 58 25 55 95 639 
19 28 88 18 22 29 21 21 1620 
6 65 91 76 22 10 72 16 816 
83 48 78 101 27 70 80 100 484 
91 3 71 21 83 39 27 55 1205 
36 74 11 88 44 77 42 101 1580 
55 92 62 17 96 43 75 74 775 
65 20 3 20 39 24 99 32 297 
32 87 85 54 51 68 36 38 683 
43 97 6 2 61 28 73 27 127 
72 75 9 29 48 10 92 63 577 
75 19 37 89 91 14 59 12 226 
16 4 43 96 83 60 102 34 1271 
46 65 61 77 48 15 16 30 928 
13 5 42 76 64 89 33 63 317 
9 56 8 94 45 51 14 59 381 
69 78 94 51 30 16 32 48 1605 
78 101 72 24 74 63 57 48 113 
76 42 42 56 65 22 41 95 1271 
74 54 22 13 64 91 91 50 838 
66 64 77 28 46 18 91 57 1023 
51 86 84 47 39 99 44 40 289 
86 15 16 75 12 37 38 60 1534 
81 67 38 83 35 26 12 93 1366 
33 50 98 26 67 10 59 92 138 
98 29 17 24 71 26 73 8 576 
40 94 54 42 92 88 24 12 1469 
28 70 53 59 37 48 16 12 1464 
24 62 50 8 17 22 29 42 508 
81 58 98 14 12 29 91 74 1614 
33 93 60 12 4 56 20 33 358 
59 41 95 72 11 61 37 52 753 
89 34 79 34 16 52 56 45 887 
96 16 60 26 70 65 49 84 314 
33 14 60 96 90 86 100 72 13 
40 11 49 40 79 62 83 4 660 
24 101 80 10 58 60 102 26 270 
66 35 73 32 25 28 41 5 619 
90 95 45 94 36 46 52 18 565 
9 58 39 100 45 68 24 27 1365 
44 25 58 102 96 67 70 37 603 
32 10 88 23 100 76 24 95 144 
99 32 67 36 61 42 26 95 1102 
82 68 92 7 10 100 45 100 1312 
84 91 102 81 26 102 9 22 131 
50 88 60 65 77 52 59 27 1537 
21 10 66 18 78 3 99 90 1122 
49 26 2 90 80 2 96 42 74 
11 20 8 67 29 41 34 77 120 
11 19 92 42 50 85 6 26 1466 
18 68 15 101 84 38 33 62 1561 
10 62 9 60 71 37 47 50 119 
90 56 83 28 87 2 96 90 1171 
80 9 78 19 86 57 12 80 1220 
94 13 38 73 36 68 45 26 250 
102 54 50 57 97 2 78 18 1144 
10 92 83 14 7 96 66 55 870 
21 92 78 55 49 93 62 56 611 
73 19 21 17 85 63 87 96 592 
26 25 14 78 44 70 87 4 1433 
96 81 7 44 9 84 15 25 547 
41 49 6 58 97 43 65 7 1620 
53 96 9 22 29 13 60 42 487 
43 45 51 10 70 47 5 69 1219 
34 31 12 39 4 62 29 48 761 
34 70 30 73 15 39 71 36 141 
83 75 54 96 86 69 54 74 1307 
87 33 81 61 55 31 68 33 1239 
91 15 94 49 95 83 67 28 1177 
4 72 32 14 42 36 39 25 1526 
25 40 47 45 87 32 82 44 252 
70 75 17 101 7 84 63 81 338 
19 35 82 73 31 60 97 52 40 
52 75 93 47 24 32 37 45 1516 
33 49 30 64 70 53 68 99 861 
59 5 67 50 53 62 16 22 1455 
16 54 11 88 49 37 29 32 1135 
26 25 53 86 66 64 91 32 533 
95 56 68 31 7 34 7 40 762 
40 4 24 33 33 4 43 23 1486 
86 47 101 94 37 40 83 44 1218 
4 75 41 5 61 23 30 23 1071 
25 86 50 79 83 12 91 92 458 
49 96 94 51 45 44 73 8 1393 
35 2 22 29 50 65 59 6 1056 
9 37 45 4 5 12 38 20 605 
45 8 66 92 6 47 12 36 783 
85 55 32 99 34 55 37 97 338 
48 98 39 87 22 79 47 84 896 
87 47 93 83 15 27 7 29 1619 
24 45 99 76 19 16 17 76 837 
36 12 5 92 68 10 92 92 356 
2 61 88 89 47 24 92 27 1448 
59 4 42 7 93 7 56 16 835 
26 74 81 25 71 48 28 12 1161 
54 98 81 84 94 24 6 7 1120 
15 37 101 77 86 94 27 60 1181 
13 32 21 100 38 55 59 68 304 
45 79 91 42 63 36 53 40 483 
12 77 12 20 3 88 38 43 1283 
55 51 90 88 100 13 76 17 1319 
54 56 62 28 27 28 6 62 453 
81 76 76 66 26 47 65 17 1359 
64 95 30 35 64 97 76 7 275 
32 59 82 80 68 48 56 101 1376 
72 85 52 86 16 43 61 59 1099 
6 90 27 45 26 84 30 14 355 
55 21 94 67 54 22 11 75 65 
50 3 10 31 13 27 63 95 526 
36 80 81 89 76 7 29 72 269 
93 89 35 99 52 56 26 3 1299 
94 6 33 31 78 43 39 13 906 
61 77 80 2 84 32 52 96 558 
45 67 47 89 40 84 6 20 1400 
73 53 54 56 6 11 47 71 1450 
3 7 4 39 52 66 52 70 1543 
41 93 8 4 49 57 22 83 586 
37 7 68 51 27 60 57 68 975 
6 8 73 70 57 15 44 51 1465 
34 8 17 83 39 72 90 68 433 
82 70 6 98 36 25 76 13 1039 
24 55 82 46 84 86 6 48 1017 
26 72 38 94 63 100 68 90 1233 
23 55 70 99 63 61 34 77 1594 
58 9 74 50 97 46 51 21 1575 
12 90 26 33 79 93 10 66 1557 
92 90 10 8 33 48 50 55 941 
98 28 94 22 15 9 88 50 632 
93 78 77 94 45 44 3 58 6 
54 92 78 79 91 99 66 43 1427 
92 52 78 28 102 44 89 56 1526 
7 92 77 19 46 31 55 19 1441 
22 100 47 68 7 77 48 98 1025 
84 21 39 97 58 73 21 98 1605 
64 67 78 36 8 91 50 99 1077 
27 37 48 49 26 74 10 46 704 
45 26 47 3 82 6 81 7 563 
59 12 35 6 100 50 33 92 855 
14 88 95 58 20 10 11 22 999 
19 37 97 67 89 14 30 79 1185 
55 63 87 75 57 3 57 93 1421 
35 24 39 100 18 35 21 98 945 
52 89 8 39 93 62 45 64 1135 
41 93 25 23 77 23 77 80 473 
69 42 34 94 3 29 23 79 1611 
26 21 22 64 48 93 56 80 1465 
69 18 72 27 32 94 33 18 1631 
66 14 49 18 25 40 7 54 926 
28 61 88 81 18 17 63 21 701 
52 79 48 34 69 99 33 10 1002 
61 44 12 41 63 87 29 59 1067 
54 10 99 84 59 96 36 30 319 
5 90 2 57 66 13 52 83 636 
56 34 47 51 87 16 79 48 160 
49 89 100 4 54 61 51 11 180 
48 70 22 54 100 41 80 30 338 
63 5 80 100 92 81 48 75 399 
23 5 24 85 7 14 86 89 677 
24 4 38 43 8 58 3 5 215 
21 4 36 8 74 59 95 18 693 
34 51 99 21 58 81 37 31 97 
90 66 65 10 70 13 99 58 427 
87 22 99 24 99 88 68 29 1153 
92 16 33 67 91 91 71 54 618 
46 5 48 58 8 80 52 14 650 
52 13 36 25 11 17 33 11 1567 
47 12 54 13 54 31 11 47 235 
77 25 77 76 41 18 75 55 873 
82 31 15 21 74 87 49 18 250 
39 69 7 18 36 83 95 26 688 
88 36 52 19 49 64 65 77 1447 
67 78 75 20 52 58 64 53 1302 
85 28 40 68 66 38 16 74 1269 
11 61 92 96 83 17 76 89 314 
5 65 83 54 58 99 99 83 668 
45 20 19 51 56 84 3 12 1600 
6 22 71 16 5 77 86 56 277 
101 73 97 60 46 64 39 61 1432 
100 33 72 43 71 85 97 73 882 
62 62 6 9 95 72 19 72 1098 
52 91 63 8 70 4 82 100 166 
48 87 76 57 14 97 97 5 1298 
30 65 53 89 21 33 23 26 1546 
15 94 80 26 43 77 97 89 1148 
29 94 65 70 64 74 75 51 1410 
82 7 50 11 15 93 93 90 113 
