6 4
300
13 38 26 54 41 70 499 
31 46 90 66 54 22 517 
59 28 101 88 67 9 423 
46 50 82 96 65 35 263 
96 54 17 88 28 13 92 
101 78 20 12 2 66 455 
19 11 71 44 44 25 385 
11 33 25 92 51 4 551 
90 46 61 78 37 31 287 
94 75 80 28 11 54 471 
52 83 78 67 45 98 216 
42 13 53 23 12 87 692 
23 94 98 79 11 46 93 
34 61 36 67 37 23 211 
37 93 18 35 73 91 483 
53 48 27 8 8 43 397 
35 9 57 27 46 52 579 
83 84 51 2 11 48 150 
23 44 102 10 77 3 38 
22 37 90 42 98 28 572 
48 73 73 4 4 65 804 
54 81 43 93 72 57 440 
11 69 35 64 45 43 240 
6 28 100 33 43 46 110 
74 69 87 50 27 3 293 
13 80 100 8 86 22 568 
66 61 19 7 48 53 93 
70 57 80 54 87 43 341 
47 76 73 64 21 87 652 
14 58 44 48 56 20 796 
92 37 58 61 23 62 331 
69 83 28 97 95 4 37 
13 9 98 42 62 96 539 
6 28 46 67 36 92 422 
5 77 61 94 35 16 638 
23 24 95 65 83 3 641 
95 47 69 27 85 78 7 
51 48 8 96 26 34 700 
10 13 96 89 72 91 523 
8 69 5 63 91 28 741 
86 5 79 81 95 89 91 
83 80 42 53 16 53 435 
30 56 100 10 84 94 101 
13 101 79 13 14 16 713 
81 65 66 97 52 12 531 
45 31 17 33 46 77 224 
36 56 37 58 40 13 631 
15 8 54 8 36 81 601 
6 102 70 82 75 26 22 
16 78 59 67 43 90 693 
27 84 79 40 20 87 629 
46 43 57 77 6 12 535 
60 14 90 18 33 93 323 
31 50 53 73 53 27 162 
81 81 93 99 25 94 722 
25 77 70 18 96 99 487 
61 14 8 71 16 39 460 
66 71 51 12 99 47 780 
37 28 69 68 62 59 536 
65 66 80 83 20 79 282 
39 22 102 39 97 82 576 
37 47 4 40 90 65 125 
12 45 89 28 49 95 725 
51 3 52 36 41 96 782 
50 30 90 98 62 24 221 
51 51 75 4 68 27 808 
83 67 31 74 96 53 431 
23 93 57 73 86 48 717 
20 52 6 57 88 77 711 
19 16 44 30 43 90 499 
96 16 26 83 70 92 553 
38 23 63 48 45 45 225 
39 35 27 78 78 41 251 
101 71 49 82 53 14 524 
54 89 46 54 64 94 221 
79 34 92 19 58 22 670 
31 44 12 44 33 62 655 
83 19 54 67 51 33 779 
47 79 4 19 80 6 692 
36 19 95 83 54 2 489 
3 37 61 23 21 51 569 
28 39 39 21 54 86 577 
72 94 89 15 63 33 260 
57 90 101 80 19 99 771 
27 19 63 82 61 22 652 
83 95 46 32 84 28 157 
42 66 100 28 22 16 528 
27 8 70 92 71 30 377 
49 62 45 4 53 77 9 
22 78 41 95 65 93 721 
101 45 85 81 8 15 125 
26 3 54 99 85 32 9 
13 95 91 92 94 36 279 
35 4 30 33 53 20 161 
91 61 34 58 25 78 209 
65 87 13 65 17 33 195 
60 92 7 70 47 2 78 
84 52 5 73 59 56 538 
43 57 50 57 96 98 289 
44 22 43 62 56 77 392 
10 80 29 79 5 12 613 
13 25 65 8 20 12 52 
11 31 87 68 24 62 179 
33 65 11 23 37 90 131 
73 67 10 94 27 63 605 
74 78 96 56 46 93 246 
33 87 51 78 88 31 273 
93 57 96 34 18 28 634 
17 20 58 69 24 61 333 
60 57 16 96 51 34 307 
55 93 14 80 71 94 809 
80 61 47 52 61 85 653 
11 16 62 11 37 99 463 
60 40 89 24 34 91 596 
32 37 85 39 99 98 308 
66 84 56 49 36 80 307 
61 13 20 65 79 63 402 
44 56 87 15 37 83 772 
55 27 58 39 5 28 388 
26 64 15 64 89 44 369 
33 9 63 3 20 21 815 
29 71 62 57 31 26 723 
84 100 25 64 17 45 94 
59 100 12 34 54 92 283 
52 7 2 92 20 6 86 
49 25 14 19 64 97 213 
58 98 84 76 4 61 347 
66 92 3 74 101 36 603 
11 53 71 68 31 67 632 
67 61 68 12 22 80 283 
77 13 46 55 50 87 18 
3 31 60 52 33 94 700 
17 102 20 21 72 38 313 
74 45 53 34 31 50 740 
39 18 65 85 82 10 727 
81 58 21 53 50 74 66 
25 13 18 100 75 94 408 
62 50 94 51 44 98 22 
70 95 23 21 39 13 524 
14 97 69 53 86 99 297 
45 101 70 24 67 32 406 
34 37 36 58 59 43 632 
70 74 35 41 14 89 92 
65 100 34 13 63 46 84 
19 51 49 91 97 16 135 
51 26 29 79 68 55 291 
60 88 65 82 72 89 363 
25 36 14 75 12 27 655 
3 37 13 6 89 42 127 
88 89 69 64 29 63 156 
50 8 63 48 36 78 44 
14 72 33 92 59 68 767 
18 37 18 87 91 38 398 
91 19 76 81 15 22 589 
101 97 20 45 28 27 612 
30 53 29 78 52 77 723 
68 81 16 32 76 23 575 
54 53 79 41 27 72 483 
91 90 68 23 58 35 106 
76 15 49 33 42 21 717 
86 91 11 41 63 62 189 
39 62 52 41 101 4 388 
47 44 7 3 57 18 316 
65 63 57 96 44 78 747 
69 69 100 36 4 85 552 
64 70 102 66 12 38 424 
30 18 84 59 33 67 243 
73 44 32 87 5 51 172 
30 56 47 21 86 33 576 
95 53 8 98 21 82 676 
76 7 39 47 82 89 292 
47 76 39 13 12 64 782 
26 70 50 101 35 49 276 
16 57 47 28 7 83 281 
67 78 63 14 88 49 792 
39 96 42 26 64 87 681 
82 10 10 76 72 77 566 
85 59 99 88 35 51 491 
52 94 21 77 8 3 650 
99 78 101 27 17 101 708 
76 10 78 73 63 52 275 
49 38 54 37 9 67 667 
21 66 28 55 100 39 710 
4 23 51 59 86 6 677 
33 12 51 56 78 85 76 
51 23 17 74 101 29 30 
58 69 42 101 38 100 642 
14 74 74 20 64 102 593 
89 29 16 80 48 53 128 
29 5 83 33 84 75 569 
45 13 83 100 12 86 377 
56 11 60 50 8 6 156 
39 79 39 16 85 38 508 
96 3 96 55 78 90 237 
67 61 70 56 27 11 569 
63 93 21 54 18 29 272 
20 58 32 42 48 99 729 
27 46 19 102 38 9 401 
12 89 48 36 98 19 727 
52 92 96 83 97 51 621 
88 20 64 69 12 31 617 
47 66 15 31 93 42 322 
17 54 56 91 4 23 419 
6 76 19 23 11 46 557 
69 38 62 53 49 15 324 
29 56 35 28 80 75 533 
25 35 7 6 80 52 289 
40 42 93 96 31 27 668 
46 47 48 3 87 9 639 
29 55 80 46 28 102 720 
99 23 65 25 49 88 661 
43 14 19 34 96 35 235 
99 70 60 21 90 60 675 
11 89 28 95 68 89 781 
82 29 62 54 52 49 333 
20 30 73 83 41 3 29 
35 32 71 93 76 52 252 
87 22 28 40 44 8 720 
36 39 32 83 101 87 494 
87 59 82 46 88 90 640 
42 89 39 52 59 81 621 
59 59 5 94 39 67 779 
9 36 16 10 43 55 688 
93 43 2 42 17 45 393 
75 91 48 90 64 54 368 
35 90 90 87 28 14 626 
83 29 92 64 22 67 642 
24 68 39 47 37 96 398 
48 39 12 43 38 30 690 
69 59 5 78 15 52 599 
48 28 25 17 42 10 86 
16 13 80 97 80 71 416 
25 12 46 28 60 98 710 
53 81 46 92 86 94 110 
72 89 88 10 17 7 620 
43 16 32 97 89 40 265 
28 33 48 61 61 36 365 
49 61 51 57 56 88 773 
49 81 27 58 17 99 358 
26 94 90 65 66 77 672 
98 16 33 74 60 57 207 
50 100 33 28 61 71 192 
29 39 55 62 21 83 765 
37 6 41 73 43 91 20 
41 61 98 97 61 64 418 
47 20 85 98 34 71 810 
83 96 33 59 30 22 789 
57 37 5 47 96 91 497 
12 94 2 19 68 25 73 
41 37 33 102 8 74 674 
21 72 66 89 14 96 439 
12 10 16 15 70 7 681 
26 95 51 67 76 92 285 
28 85 82 68 48 93 347 
61 102 59 24 50 16 299 
67 41 60 84 96 9 815 
86 88 6 100 20 27 123 
44 84 37 35 84 50 762 
89 86 24 67 6 13 419 
11 59 93 22 93 49 486 
56 93 85 81 85 37 340 
99 78 70 31 67 30 137 
20 24 91 68 68 45 631 
56 38 19 93 98 51 616 
31 15 80 28 80 58 719 
92 53 56 101 15 54 740 
11 56 38 41 86 37 741 
37 4 56 27 6 84 816 
57 69 91 89 88 68 556 
64 92 5 89 74 31 227 
73 37 69 55 93 89 373 
85 82 54 14 16 87 764 
14 25 3 77 75 90 288 
87 67 14 29 88 25 378 
66 36 54 14 8 65 523 
68 89 73 14 98 56 592 
89 39 77 74 84 76 417 
69 3 14 101 42 95 705 
72 57 29 8 66 101 157 
48 2 3 10 23 32 371 
38 32 64 80 36 65 799 
30 39 57 6 50 97 791 
35 41 15 68 73 80 782 
34 47 9 34 57 55 331 
38 76 66 62 47 8 248 
73 52 23 9 32 90 345 
21 74 4 18 6 24 112 
63 90 44 53 54 52 41 
87 57 48 81 11 60 751 
64 92 46 5 92 69 504 
91 94 61 43 91 56 107 
74 7 18 53 33 29 614 
89 24 11 95 58 27 698 
97 77 30 23 33 52 460 
84 60 14 16 58 54 588 
98 85 12 64 98 94 108 
52 32 29 80 33 19 619 
70 37 12 36 43 78 771 
19 33 22 60 6 59 738 
49 6 39 78 77 5 743 
