2 8
300
81 87 220 
69 20 1295 
7 16 692 
32 23 447 
5 4 824 
87 27 952 
5 53 417 
36 28 131 
60 35 31 
11 91 737 
51 61 1518 
21 44 153 
11 3 809 
60 72 767 
90 3 116 
32 50 725 
52 101 510 
32 93 1033 
23 47 965 
7 11 1402 
80 97 414 
99 83 1001 
36 86 985 
43 78 398 
11 47 1324 
81 47 401 
3 30 1374 
59 62 1459 
16 21 1118 
32 99 1572 
52 5 1494 
66 83 1229 
24 93 327 
48 98 1056 
86 11 381 
9 23 753 
84 45 1631 
37 7 1319 
4 22 577 
38 85 1024 
95 7 1408 
66 93 1190 
35 47 1048 
8 59 887 
7 57 534 
21 75 836 
68 9 1585 
24 50 894 
98 18 1611 
13 64 990 
42 88 127 
59 55 1486 
80 22 289 
52 76 1245 
84 78 1403 
48 32 808 
50 84 763 
86 72 1248 
68 72 932 
34 70 1230 
76 24 1358 
6 68 1160 
49 49 39 
44 43 870 
36 18 536 
23 42 1163 
71 53 1398 
51 65 1301 
16 58 265 
33 94 1346 
36 49 860 
44 78 853 
95 80 174 
17 101 1350 
49 9 673 
95 52 881 
46 47 492 
88 65 274 
92 27 971 
5 92 162 
57 17 909 
22 10 1536 
3 93 649 
83 30 1012 
63 56 847 
5 4 915 
41 22 91 
64 90 768 
54 50 1373 
38 54 836 
95 92 1449 
3 62 1364 
29 29 1614 
49 95 965 
16 65 277 
70 27 148 
67 89 376 
5 67 1130 
6 95 456 
11 69 971 
12 67 636 
90 90 626 
75 62 1532 
70 78 1218 
59 93 452 
48 50 400 
32 86 377 
77 73 1073 
30 91 403 
22 98 1099 
58 20 981 
41 39 461 
22 28 1230 
81 97 1065 
17 99 180 
50 48 1201 
44 60 731 
5 80 1355 
38 37 1528 
75 62 1607 
16 56 1039 
29 15 938 
17 20 887 
101 28 364 
51 54 1461 
60 62 1216 
57 82 704 
53 80 627 
25 54 654 
79 5 40 
37 49 1070 
79 67 674 
4 91 1372 
55 36 469 
21 44 521 
24 56 439 
95 81 1219 
21 20 1310 
57 65 1235 
27 6 983 
19 40 240 
54 67 1291 
59 74 1416 
50 58 1168 
92 3 755 
16 34 586 
8 2 1600 
15 86 400 
30 17 469 
87 23 38 
68 78 1382 
26 38 1571 
16 69 1261 
55 68 1339 
42 47 366 
5 31 281 
36 43 505 
42 21 64 
64 6 881 
92 26 811 
52 73 830 
87 85 1307 
89 69 1065 
52 2 1054 
61 56 561 
18 75 629 
4 27 1413 
14 53 1314 
73 28 938 
83 64 520 
44 26 703 
30 4 1540 
33 58 1019 
44 18 1017 
54 86 663 
68 83 1063 
72 48 511 
17 90 1627 
65 41 332 
72 15 931 
25 8 80 
35 10 1251 
24 33 841 
42 87 287 
78 62 138 
26 62 1096 
42 7 727 
94 13 257 
3 29 584 
45 67 1034 
76 63 693 
7 22 168 
59 20 1248 
66 47 822 
16 32 1000 
16 41 463 
93 41 1295 
55 32 134 
15 32 1546 
91 35 1319 
43 80 1084 
90 68 392 
77 73 656 
100 69 674 
93 78 985 
96 81 1334 
56 89 1428 
9 54 422 
86 23 500 
36 95 1461 
17 70 1396 
98 25 1086 
86 27 1042 
39 41 1123 
90 95 1176 
40 64 886 
50 20 840 
15 37 752 
95 36 429 
43 6 732 
95 43 1268 
53 85 1606 
58 97 868 
96 12 872 
20 19 789 
21 21 961 
56 48 956 
78 89 1218 
40 4 552 
42 4 1459 
42 45 348 
21 46 1596 
93 40 174 
76 84 1101 
3 56 134 
100 97 287 
100 77 237 
69 89 953 
88 19 887 
5 15 1309 
67 18 1513 
66 56 1094 
34 101 1196 
52 30 1332 
50 82 1035 
93 77 532 
68 42 121 
18 44 454 
77 75 920 
65 35 440 
45 90 410 
32 11 1083 
77 39 9 
43 68 1570 
46 49 769 
35 21 114 
97 97 684 
24 39 1185 
75 50 1215 
67 91 1317 
13 71 1081 
48 9 647 
59 20 1160 
99 18 618 
34 27 1208 
13 74 1541 
83 44 878 
51 70 615 
87 24 839 
54 59 990 
94 12 795 
22 32 1579 
32 100 660 
10 78 21 
38 100 1284 
6 92 186 
101 64 1248 
82 86 762 
29 63 25 
31 63 1392 
90 6 989 
12 7 113 
91 14 1550 
79 83 1209 
56 75 1077 
55 16 1140 
61 83 524 
42 56 1561 
86 14 414 
4 95 1128 
97 3 598 
57 21 1178 
43 27 1516 
74 17 1264 
18 23 1317 
4 28 186 
83 76 780 
34 72 1313 
55 50 821 
67 28 1520 
