8 8
300
53 55 35 54 82 16 100 88 816 
65 58 75 91 99 96 54 74 1217 
35 90 89 28 95 84 10 62 319 
23 97 64 26 58 62 64 66 1535 
66 100 48 98 43 88 14 99 1276 
90 100 24 74 57 30 82 75 262 
44 27 62 53 46 21 96 79 1489 
90 41 102 15 29 35 102 90 1203 
30 38 50 3 16 98 5 22 1018 
100 52 41 36 46 85 46 21 636 
36 15 56 29 4 66 96 26 952 
80 77 73 91 74 69 57 53 604 
70 43 13 66 50 25 59 98 456 
54 56 97 19 71 10 96 68 1239 
22 3 36 86 9 92 40 27 750 
93 11 80 74 81 94 48 78 1270 
30 71 67 33 72 8 38 44 1143 
65 63 8 65 96 8 93 37 816 
5 86 37 23 29 25 80 68 1420 
52 81 77 5 73 95 32 68 1571 
13 91 33 31 50 66 22 76 1038 
42 30 17 73 83 46 45 45 1491 
45 9 45 44 55 6 21 87 1031 
97 63 92 15 35 30 12 82 748 
20 76 38 73 3 54 61 39 613 
74 81 100 32 62 30 4 89 962 
56 71 38 29 12 65 3 27 228 
75 30 97 89 63 3 101 26 1124 
57 75 8 92 85 18 69 49 106 
67 67 2 64 13 48 72 58 184 
12 94 66 75 71 78 41 88 158 
45 87 20 98 34 38 61 49 238 
55 65 88 22 62 65 58 38 979 
15 13 19 51 19 7 92 91 532 
7 84 5 32 54 99 8 26 999 
91 71 35 66 5 66 34 19 1521 
27 91 34 3 19 36 18 27 1213 
95 96 70 15 8 45 6 57 1058 
13 24 14 90 16 38 4 70 1095 
29 51 11 55 19 2 14 67 1627 
3 6 67 72 16 29 25 16 499 
95 78 65 92 63 50 101 22 1542 
84 39 77 98 101 51 69 91 1240 
67 42 79 70 3 43 45 5 838 
102 44 10 87 67 3 7 11 1506 
6 39 90 63 55 99 8 32 453 
27 7 7 18 5 27 53 60 1204 
56 26 76 23 49 60 98 101 1283 
88 99 74 76 93 91 59 64 854 
90 6 88 82 65 73 16 20 1591 
49 86 41 86 36 10 29 54 1390 
20 85 92 32 67 56 20 22 547 
58 53 16 17 61 43 75 65 875 
89 75 64 5 9 30 63 52 252 
42 5 64 66 49 41 6 41 1285 
64 59 41 34 64 45 40 60 1109 
85 33 27 100 13 73 56 42 1280 
26 17 78 64 71 17 41 80 279 
73 94 5 77 13 22 64 12 95 
16 57 13 20 67 51 63 79 301 
92 44 94 93 12 10 63 83 388 
5 3 90 26 96 86 28 69 1085 
66 11 23 7 38 3 68 42 1381 
70 7 52 29 3 94 99 50 599 
27 82 83 98 16 32 98 62 161 
20 92 63 28 94 100 85 98 1123 
100 87 8 93 27 72 25 95 1232 
76 78 101 98 30 47 50 3 1414 
87 71 97 92 11 78 93 50 819 
25 43 15 54 46 7 25 101 1037 
33 36 57 13 75 23 57 25 1366 
12 24 64 18 81 93 14 100 448 
76 9 78 31 2 80 22 102 847 
65 24 34 96 74 31 84 19 1086 
34 76 98 76 38 88 95 82 421 
90 10 65 23 42 48 80 51 1492 
89 3 36 79 92 75 71 94 21 
54 18 52 35 36 64 27 82 381 
34 102 74 92 39 22 54 34 1503 
91 43 83 88 19 25 40 96 255 
35 57 86 25 7 46 87 43 1054 
78 57 76 3 99 63 25 48 811 
22 99 66 16 27 60 83 81 835 
22 68 101 28 97 42 48 94 402 
41 11 96 30 7 98 57 78 1255 
21 91 46 23 65 72 76 20 1583 
53 20 32 28 43 28 94 67 1226 
67 52 62 36 56 6 38 86 606 
57 94 94 71 61 51 83 65 1482 
9 101 5 31 55 79 45 97 1208 
96 16 70 70 38 42 23 92 428 
19 87 37 42 87 81 35 20 427 
7 85 62 83 46 81 37 88 1080 
74 38 99 85 93 61 32 44 1142 
71 89 58 54 50 71 25 67 1276 
58 68 16 26 97 37 53 40 212 
16 15 72 91 35 52 76 51 875 
31 36 95 78 12 45 11 66 509 
72 54 37 93 61 82 2 81 320 
54 50 43 64 33 56 48 18 476 
2 82 56 8 81 101 17 95 498 
87 82 58 74 17 33 6 83 1398 
80 26 56 92 91 56 32 24 13 
15 69 5 42 32 96 16 11 1371 
79 65 76 38 77 67 51 17 1610 
65 82 36 12 60 52 70 70 1502 
77 12 93 102 78 59 100 5 429 
29 47 52 64 60 8 49 29 295 
14 44 50 91 43 75 57 69 684 
69 5 11 55 74 64 4 41 1605 
95 79 89 19 40 75 41 24 1142 
51 4 24 30 64 34 34 58 418 
46 88 72 20 47 11 17 33 1628 
19 76 76 90 61 21 9 57 806 
33 97 6 78 52 21 5 9 1063 
22 41 43 79 24 18 39 61 864 
31 76 35 80 4 9 75 24 781 
98 63 44 5 22 9 85 3 990 
23 70 38 53 17 40 46 97 1500 
61 42 54 60 53 3 68 81 1312 
19 55 95 100 5 31 73 9 754 
25 18 21 35 96 23 57 18 1481 
19 80 62 97 36 9 17 16 1326 
98 40 12 44 39 44 29 68 789 
69 25 67 9 81 10 94 24 1286 
75 28 48 34 4 37 12 51 12 
23 24 21 88 85 91 49 78 1122 
38 83 82 79 8 31 74 90 1510 
28 12 101 54 6 14 30 44 1437 
37 66 38 77 34 90 43 8 722 
31 83 42 78 62 6 41 57 669 
101 98 22 19 61 17 45 86 643 
4 71 20 9 60 43 3 14 194 
35 63 51 94 38 102 86 45 113 
54 51 52 97 15 50 73 31 751 
70 20 7 23 34 50 50 41 613 
28 24 25 101 77 50 94 8 1534 
94 9 62 22 35 18 10 92 570 
91 9 58 72 38 32 98 34 1534 
9 13 31 3 46 99 64 60 352 
86 56 76 4 5 9 56 81 356 
88 51 87 91 16 44 15 61 531 
84 58 88 95 5 45 56 87 1549 
67 93 66 65 59 76 96 26 597 
63 90 5 51 18 59 10 11 1369 
11 20 100 89 90 87 67 83 38 
38 93 53 33 50 21 14 91 1430 
60 26 93 13 97 92 8 54 1165 
31 34 42 30 87 96 61 47 1087 
99 80 5 81 100 79 74 60 536 
88 32 42 87 39 29 72 52 1393 
95 100 26 10 83 38 15 37 793 
64 10 8 59 74 5 54 17 184 
87 81 28 17 40 38 59 22 369 
34 46 97 16 60 38 11 68 767 
45 91 99 69 67 64 30 12 826 
29 31 59 39 35 25 17 87 1149 
61 80 62 90 52 64 15 84 1489 
56 50 52 72 50 8 58 11 413 
16 19 16 65 89 30 88 32 1478 
67 97 13 74 100 75 67 51 1442 
89 57 41 37 56 86 73 76 1021 
3 59 83 53 83 26 100 3 1109 
59 98 93 34 4 22 73 50 1418 
82 83 51 79 7 101 20 71 875 
88 81 66 32 94 14 67 87 1187 
11 16 16 89 77 99 7 11 867 
99 57 55 21 66 7 99 93 1518 
15 26 55 84 36 14 72 13 357 
6 29 6 81 68 19 50 64 565 
75 94 9 54 74 98 48 23 220 
2 70 17 60 35 3 21 54 983 
22 29 82 3 19 65 78 3 1343 
51 20 91 38 73 5 73 26 1615 
88 63 55 59 38 15 101 72 711 
9 48 95 5 62 16 59 30 562 
57 74 77 46 78 73 15 99 54 
27 66 99 14 90 11 4 35 1489 
9 65 93 69 4 49 22 71 901 
91 48 59 77 81 45 70 18 850 
26 45 87 84 46 42 12 76 103 
49 96 60 86 3 29 25 52 1062 
45 90 71 30 26 9 17 26 832 
48 52 87 56 46 73 59 80 1477 
8 27 21 53 59 30 43 75 1216 
99 7 47 32 54 31 80 27 468 
85 98 21 79 69 21 91 66 399 
23 95 52 89 29 25 39 18 407 
48 94 33 43 89 52 35 20 320 
8 18 100 58 78 21 45 77 1348 
74 31 60 102 65 95 6 22 1317 
26 12 80 23 95 37 6 34 535 
100 44 10 70 46 50 102 84 785 
28 67 19 33 46 54 43 67 1424 
69 48 31 40 39 70 72 11 130 
43 87 25 65 54 46 89 47 537 
76 5 87 12 2 83 47 80 898 
66 95 69 28 83 30 50 40 1404 
5 62 6 43 101 38 43 61 1589 
27 65 15 75 46 101 21 68 1010 
4 59 48 51 95 62 15 8 253 
43 17 6 97 17 17 60 85 1380 
30 36 7 51 71 44 85 22 238 
44 93 51 70 9 17 68 48 1322 
42 57 70 47 30 95 22 101 717 
95 33 50 100 17 63 16 93 534 
59 55 89 6 68 75 47 72 245 
68 75 10 92 30 71 36 20 466 
19 86 8 14 31 72 100 92 1450 
68 46 78 90 56 18 84 11 1508 
96 38 91 97 102 60 80 56 430 
38 6 4 81 67 99 35 99 119 
29 47 26 19 8 78 86 81 429 
41 81 22 93 10 21 79 42 1335 
41 24 86 50 36 77 46 63 1407 
88 89 82 81 57 58 11 57 1038 
70 78 31 15 13 22 34 41 1230 
9 47 98 85 4 27 18 95 1231 
25 81 14 51 76 47 91 100 1504 
49 62 25 65 84 55 58 11 1039 
54 28 13 66 18 97 102 39 265 
92 5 87 57 65 64 83 88 1236 
54 21 4 86 26 15 30 87 1281 
54 45 65 45 30 96 63 65 1101 
66 62 65 19 52 39 31 101 1546 
10 94 100 63 85 98 79 6 1469 
63 70 4 101 37 33 18 50 1528 
55 49 78 93 96 102 96 19 435 
15 37 71 68 57 27 20 23 1525 
83 92 63 69 68 26 6 102 1555 
68 67 26 34 2 4 45 78 862 
21 19 100 100 69 68 71 66 1119 
23 98 15 79 83 17 40 37 936 
35 88 82 54 89 96 6 31 838 
4 83 37 69 24 81 74 101 66 
98 85 26 97 100 4 57 85 72 
85 90 87 12 96 67 47 12 1477 
75 70 32 5 96 40 17 69 1359 
36 56 75 35 7 84 13 44 856 
36 40 89 80 98 6 92 24 661 
68 95 89 72 25 14 91 101 512 
76 95 91 87 82 33 21 24 475 
33 51 85 5 101 54 14 13 1175 
5 97 73 27 15 74 100 50 1216 
98 66 33 63 46 8 52 38 805 
65 50 60 58 61 77 77 61 1181 
59 65 95 37 60 14 42 88 74 
62 51 81 20 90 34 59 25 950 
100 72 7 79 55 65 5 51 1019 
16 49 38 99 52 57 102 42 1389 
83 63 8 21 23 61 4 92 1425 
72 47 63 28 102 38 18 79 1441 
69 82 12 32 34 10 51 28 642 
71 65 101 26 20 49 49 77 1002 
54 81 52 48 77 65 78 35 69 
4 90 49 102 82 74 69 34 981 
77 53 31 100 72 96 21 35 441 
90 48 29 15 81 26 77 66 1614 
41 23 7 49 57 101 6 50 633 
95 71 85 29 60 88 89 74 405 
34 56 11 58 29 44 38 90 1415 
79 91 10 24 27 18 75 30 178 
57 29 98 32 96 24 58 29 1049 
46 63 90 43 28 9 102 45 165 
92 85 96 65 14 69 15 29 965 
32 72 46 69 55 32 77 34 726 
31 4 62 89 2 2 80 94 428 
100 37 65 3 25 84 8 85 735 
18 95 18 31 19 69 65 27 925 
22 79 10 61 68 96 65 73 671 
52 6 85 96 87 22 43 16 1500 
98 31 49 64 63 72 87 61 649 
31 2 86 96 25 77 45 60 253 
20 42 71 71 40 54 43 58 1302 
64 24 10 98 90 5 77 69 1564 
11 61 17 40 76 10 56 36 1157 
59 58 82 10 53 29 6 25 1215 
25 29 94 98 23 7 92 25 595 
34 35 15 83 21 59 81 36 1620 
2 82 68 64 17 5 83 86 9 
102 56 74 83 94 67 31 54 647 
6 15 40 12 50 53 73 24 30 
60 78 39 26 31 18 29 6 704 
10 63 14 90 17 38 7 93 1130 
67 52 43 50 54 69 19 77 341 
64 92 34 17 93 95 4 25 144 
66 78 26 57 56 89 23 22 1482 
30 18 101 3 8 59 84 8 1172 
63 12 25 72 8 57 98 68 241 
13 95 73 21 88 94 30 43 239 
47 12 99 56 29 34 78 91 954 
24 62 86 77 35 86 23 43 200 
87 96 72 72 62 90 75 12 442 
22 11 32 8 76 67 45 39 1578 
77 9 86 93 95 19 98 76 95 
33 38 62 88 99 47 82 44 763 
47 77 52 11 83 18 7 58 1315 
31 18 89 21 34 98 89 48 566 
30 96 3 55 75 88 84 44 1208 
69 36 13 87 28 33 20 100 1008 
