6 6
300
12 60 71 98 26 45 1102 
16 6 36 30 50 35 456 
10 8 58 37 65 96 919 
32 25 89 49 12 50 333 
70 54 39 98 27 100 498 
63 91 42 22 62 12 784 
20 71 16 46 7 54 332 
79 56 28 68 44 39 977 
37 84 52 16 97 65 565 
54 100 34 25 38 99 579 
19 18 17 5 86 13 151 
56 75 4 7 98 2 1109 
100 13 33 85 63 63 323 
10 92 8 66 50 20 809 
73 84 23 71 57 82 739 
40 13 64 60 28 70 985 
10 49 11 101 65 58 657 
89 3 42 77 38 23 116 
28 10 41 38 95 48 1021 
93 83 38 42 22 32 741 
102 70 27 37 95 48 1212 
45 100 67 87 64 14 1031 
83 83 96 22 61 53 140 
5 26 24 35 24 99 217 
68 74 61 44 27 95 1063 
35 17 42 45 77 12 1019 
13 76 53 33 36 101 121 
102 45 23 64 81 51 1189 
47 5 4 74 51 83 943 
27 8 44 39 21 99 593 
69 55 79 86 43 30 1127 
52 73 4 90 100 10 811 
32 40 83 48 46 92 1078 
14 40 73 28 31 8 1045 
69 11 96 17 4 63 407 
91 46 80 41 23 7 1158 
33 2 86 53 76 13 1171 
70 64 93 77 10 62 667 
17 8 59 14 24 9 1014 
64 10 75 98 48 35 496 
96 5 9 25 87 95 990 
40 89 78 57 97 92 1214 
49 5 41 96 3 81 907 
40 23 29 101 100 14 846 
94 13 57 29 80 57 901 
61 86 54 25 69 76 945 
21 84 59 28 19 86 189 
8 36 4 47 56 68 694 
84 83 26 88 84 14 565 
78 23 30 20 36 28 1078 
21 89 73 36 7 99 236 
41 72 75 83 30 56 1054 
79 55 84 26 91 19 944 
5 30 39 87 64 33 519 
63 30 11 85 60 29 1066 
48 33 13 51 72 39 522 
12 53 7 56 60 62 1216 
70 49 96 48 11 13 194 
61 36 51 45 68 79 964 
44 66 101 72 28 101 377 
24 72 76 21 82 37 1134 
79 34 33 6 73 45 1133 
84 17 39 51 18 73 1072 
99 64 8 6 63 66 840 
89 8 86 34 63 71 564 
78 22 28 31 78 25 997 
4 20 42 97 36 88 735 
51 63 23 12 30 45 313 
10 71 18 21 73 26 1105 
28 50 74 12 76 49 73 
97 13 22 42 50 8 1155 
46 68 11 29 80 11 470 
47 65 23 35 27 22 827 
53 13 12 8 101 93 936 
72 69 87 62 41 56 656 
53 2 72 81 39 33 786 
5 8 94 95 17 54 991 
87 53 79 51 28 40 547 
2 12 36 51 17 20 911 
100 26 69 40 56 87 1153 
65 53 56 90 91 5 587 
6 20 15 85 41 98 1039 
19 10 13 15 18 11 619 
92 38 32 24 15 92 56 
84 27 57 63 69 89 276 
102 25 62 39 37 99 1172 
95 23 68 78 24 92 1003 
19 58 27 41 78 46 888 
17 26 68 78 16 45 276 
94 60 24 74 11 64 205 
87 52 79 83 14 57 1192 
17 66 48 93 2 24 800 
71 32 25 93 45 52 1046 
101 96 63 23 55 75 4 
64 46 6 16 29 67 386 
8 50 60 66 91 77 1213 
62 22 87 15 23 59 288 
31 102 82 68 15 33 1059 
59 18 62 61 83 99 649 
22 44 79 75 59 36 774 
83 67 30 56 77 88 473 
76 77 10 34 18 79 412 
46 25 50 17 36 47 604 
34 100 7 9 80 48 487 
80 10 42 66 25 62 585 
37 55 13 40 47 50 1016 
43 54 29 67 22 21 938 
21 31 61 25 91 16 599 
69 25 49 99 42 101 1170 
69 70 70 95 19 88 111 
73 39 79 91 99 68 1118 
49 80 44 60 29 65 725 
82 84 43 36 48 101 832 
31 66 43 7 51 89 912 
86 60 74 6 36 70 588 
94 84 36 94 50 60 251 
47 7 41 16 38 38 1064 
88 30 61 72 89 43 511 
74 38 87 50 81 19 772 
22 72 56 95 97 13 1072 
102 9 44 101 43 50 1027 
62 4 93 15 53 90 1189 
33 16 36 49 29 8 242 
48 51 46 71 43 59 317 
37 88 22 42 27 101 1061 
22 18 73 48 95 60 155 
36 96 36 30 31 68 1089 
58 22 48 71 7 70 661 
60 100 32 3 92 60 307 
18 73 75 28 90 12 128 
100 64 3 35 51 9 144 
57 12 43 13 94 39 967 
68 76 74 22 33 35 762 
20 43 47 5 102 90 224 
25 63 4 43 57 81 712 
60 47 37 58 63 44 35 
90 92 91 101 23 48 618 
99 3 7 59 80 50 978 
23 58 32 51 22 95 401 
51 40 72 38 60 23 102 
31 38 66 73 92 62 363 
54 58 7 80 44 70 321 
62 99 86 80 32 80 446 
91 7 9 43 51 72 487 
53 21 64 65 27 44 835 
67 43 88 89 91 52 853 
2 27 73 80 28 9 1087 
43 88 61 30 45 74 480 
33 59 31 44 92 92 3 
39 44 17 18 28 60 1162 
58 100 92 44 30 69 1094 
82 39 65 25 65 53 130 
35 6 37 85 72 31 417 
87 59 48 101 62 72 769 
85 57 64 2 51 96 1043 
90 70 88 17 7 52 622 
22 68 20 28 41 92 60 
41 82 36 57 31 63 870 
44 47 45 69 99 29 1195 
84 4 25 17 59 27 548 
38 51 70 67 81 85 797 
92 29 75 23 82 60 540 
77 30 47 22 35 16 568 
26 45 49 10 25 55 468 
67 97 13 84 66 62 38 
33 68 92 52 80 8 628 
19 72 48 19 71 56 81 
76 80 97 26 13 100 151 
8 23 59 58 32 29 317 
34 63 42 18 100 43 540 
64 57 72 57 10 97 79 
76 3 93 57 101 34 1109 
19 19 60 55 64 93 313 
48 35 95 49 81 27 1040 
10 8 4 73 15 64 154 
25 26 71 5 5 8 392 
21 68 3 33 97 37 189 
47 84 64 38 52 21 198 
24 79 10 31 72 23 803 
97 91 86 89 71 80 1145 
94 91 52 60 87 96 322 
69 94 19 86 92 72 777 
26 41 36 64 46 98 22 
49 63 76 36 86 68 300 
79 19 46 28 59 24 642 
95 14 80 67 27 92 675 
87 93 48 81 54 4 864 
52 52 27 27 84 94 551 
29 78 27 2 29 4 1094 
77 75 59 35 50 13 379 
29 59 99 21 9 49 767 
72 30 56 35 66 56 342 
70 21 3 77 32 9 811 
38 55 67 100 90 68 127 
20 90 48 6 93 42 273 
95 30 8 77 47 84 698 
50 73 70 65 50 64 87 
56 58 60 20 6 67 1120 
6 34 23 20 83 54 640 
42 10 31 75 16 8 913 
94 97 102 87 27 11 1075 
84 99 37 42 6 5 791 
34 90 88 89 77 33 1094 
97 87 59 66 32 7 100 
65 41 92 36 58 34 758 
63 60 35 80 57 6 268 
37 88 80 79 51 90 99 
22 45 88 41 77 87 1179 
12 45 22 97 7 82 235 
61 47 8 50 73 5 868 
32 55 11 22 29 70 740 
101 81 90 83 19 2 531 
97 6 97 83 49 68 631 
17 15 85 53 26 5 936 
43 74 30 80 87 39 1099 
93 79 21 50 20 38 136 
66 35 16 89 82 78 774 
43 14 69 26 39 21 181 
42 28 71 5 67 86 705 
9 62 5 34 65 55 59 
29 77 35 32 32 42 624 
82 71 65 46 29 15 5 
62 63 56 50 20 77 627 
53 52 47 55 54 55 709 
75 13 57 19 24 60 172 
38 36 96 9 81 66 724 
58 8 61 40 73 59 565 
101 50 86 47 80 56 928 
27 90 79 80 89 95 93 
60 10 29 7 57 88 299 
29 63 42 41 13 94 1161 
47 88 17 83 98 14 911 
65 73 74 46 7 40 138 
48 19 32 94 73 54 1207 
100 34 35 18 73 24 883 
90 46 9 69 63 83 985 
4 65 99 93 83 35 1162 
39 58 63 52 50 15 984 
46 13 49 43 42 98 574 
56 83 67 27 92 4 919 
29 67 79 46 59 33 538 
56 35 3 91 21 6 745 
78 75 68 25 11 94 540 
35 62 28 23 87 36 590 
83 33 68 93 33 22 126 
93 86 8 93 85 38 1098 
80 48 53 24 95 88 957 
11 101 4 83 13 33 1144 
7 53 25 75 99 98 894 
4 37 100 90 86 53 1046 
91 62 34 28 57 56 684 
16 77 101 94 50 72 887 
34 66 12 22 91 19 1043 
35 86 21 87 43 19 932 
13 56 36 11 37 95 246 
41 73 57 57 79 40 1123 
78 25 82 51 28 3 845 
74 90 69 97 36 2 686 
78 15 43 17 40 82 36 
23 67 85 14 79 55 1143 
95 57 67 14 81 95 693 
62 40 38 17 18 9 482 
68 69 16 3 94 66 771 
59 17 42 41 60 91 677 
61 99 39 50 50 78 963 
35 4 85 57 9 101 196 
77 7 102 23 75 65 677 
100 71 13 87 91 32 436 
42 27 75 23 6 3 21 
43 101 69 70 33 63 405 
67 34 48 88 66 49 1007 
12 43 20 87 27 2 745 
30 28 66 61 47 45 1132 
80 11 36 4 100 16 421 
8 35 55 43 5 24 408 
40 66 101 26 85 55 375 
86 57 38 81 3 43 159 
74 5 11 88 20 43 1067 
24 15 85 68 35 50 51 
10 67 46 25 80 30 1107 
64 66 37 64 92 64 1146 
56 100 25 99 76 23 411 
32 46 57 87 84 48 191 
54 18 60 53 7 28 934 
93 94 58 26 15 24 129 
41 75 26 30 81 96 835 
17 62 72 61 29 73 948 
22 91 39 98 84 77 128 
50 80 13 86 37 19 774 
8 69 75 62 101 25 1119 
73 33 59 5 54 49 454 
59 90 93 81 58 101 866 
5 21 29 34 50 2 1111 
98 15 45 45 78 7 106 
95 98 101 30 49 88 601 
61 82 95 31 30 75 1119 
92 22 8 82 20 94 46 
50 48 31 53 25 3 924 
19 16 62 78 44 30 784 
94 95 53 10 15 24 539 
