6 2
300
72 44 79 61 83 71 27 
2 89 46 27 90 80 232 
71 33 22 50 38 94 127 
49 98 54 29 65 22 251 
3 2 45 25 11 65 29 
71 56 87 67 30 51 102 
7 48 97 73 91 23 129 
52 47 24 19 8 56 95 
48 27 34 20 52 47 403 
89 2 4 82 17 52 3 
79 36 85 9 45 8 172 
51 59 58 76 100 32 210 
58 23 8 4 11 86 93 
30 55 48 81 6 28 76 
48 95 93 76 73 33 299 
12 41 11 65 50 83 395 
71 78 46 54 17 49 128 
81 98 79 8 68 80 200 
83 39 31 41 82 26 15 
66 67 2 29 101 80 185 
84 98 41 63 5 27 244 
79 4 29 91 80 89 276 
99 16 70 7 55 26 121 
4 83 26 70 59 96 23 
13 46 27 18 71 88 394 
102 40 47 66 54 91 19 
37 3 52 4 39 38 274 
53 34 24 48 56 18 327 
18 18 95 47 34 56 268 
60 4 75 11 3 73 394 
78 25 44 3 37 27 276 
81 76 68 23 60 40 246 
13 5 73 17 72 18 344 
24 54 20 23 37 41 312 
101 79 95 37 67 72 309 
12 82 47 21 93 15 150 
44 30 26 76 18 7 192 
101 4 96 33 56 14 218 
73 25 82 2 89 93 328 
98 75 87 95 70 86 9 
25 28 99 81 6 50 327 
26 96 49 21 35 31 406 
77 101 7 12 60 24 159 
59 67 20 6 23 58 188 
57 41 82 50 23 47 313 
78 99 54 53 66 75 194 
31 35 84 55 64 83 89 
76 83 85 12 64 65 269 
63 80 77 85 94 36 281 
57 69 72 14 86 25 403 
4 55 62 96 51 93 115 
33 38 53 61 77 26 332 
60 99 40 61 84 13 62 
21 78 70 75 41 81 302 
68 14 43 80 60 25 293 
30 25 18 15 74 40 124 
44 26 25 18 12 89 397 
71 34 55 4 14 86 341 
78 94 23 12 15 56 266 
27 11 84 20 4 12 124 
76 24 48 13 75 87 313 
54 47 58 31 93 79 396 
82 90 78 47 41 90 211 
33 98 5 61 86 67 72 
17 44 101 10 80 69 388 
12 10 93 41 101 9 101 
49 66 83 24 80 70 184 
23 8 74 65 23 80 177 
29 45 54 91 22 61 153 
5 60 23 15 11 4 287 
82 86 8 42 83 29 342 
33 24 39 8 99 75 381 
38 28 47 58 91 54 340 
67 42 52 81 50 89 183 
9 62 10 70 68 77 169 
23 68 25 42 53 62 389 
23 16 85 25 89 46 274 
33 78 59 22 52 89 66 
47 58 62 35 42 41 101 
64 31 40 33 100 54 61 
62 24 18 40 94 90 179 
28 69 58 63 46 80 308 
87 53 50 18 90 27 313 
12 65 9 14 22 73 243 
87 47 94 91 93 54 289 
56 43 85 60 101 74 79 
90 6 74 98 63 51 315 
80 92 17 12 29 40 206 
61 11 28 74 19 86 167 
25 66 75 55 27 7 127 
12 67 60 90 55 60 91 
61 37 18 61 24 84 32 
57 79 80 66 16 23 387 
34 59 88 84 90 80 269 
41 101 45 38 46 48 275 
28 59 24 76 82 30 406 
75 12 15 97 4 35 278 
89 97 90 13 86 38 319 
10 74 8 67 82 58 83 
38 74 25 80 38 42 120 
23 58 92 36 94 98 241 
49 75 90 88 47 100 215 
6 57 27 62 13 91 74 
87 18 11 2 74 81 152 
40 92 19 68 95 41 271 
41 100 79 94 42 21 250 
101 20 81 37 60 69 132 
19 100 20 27 53 13 147 
42 83 36 22 18 24 36 
85 73 22 53 61 88 269 
59 50 70 72 72 59 352 
100 31 68 16 14 7 88 
94 101 43 45 30 33 403 
19 45 74 26 99 55 64 
50 61 86 102 83 68 247 
52 51 57 83 57 51 172 
54 70 8 6 19 89 374 
73 82 11 33 58 69 163 
8 98 48 74 6 73 206 
72 84 16 33 40 63 174 
52 87 64 75 83 59 266 
76 68 22 82 68 26 313 
82 77 71 28 102 23 180 
55 11 11 53 80 94 333 
88 94 75 81 28 51 87 
96 49 60 76 12 77 129 
32 28 94 40 49 76 370 
9 47 7 41 42 100 397 
78 55 24 5 67 85 360 
76 48 4 42 76 58 349 
30 13 53 91 48 15 94 
85 19 15 33 20 93 323 
48 70 42 88 53 26 74 
96 38 74 47 93 45 229 
82 92 100 75 20 7 324 
36 56 51 96 88 77 382 
38 11 73 49 95 11 115 
80 64 56 25 34 70 140 
77 81 46 57 72 69 14 
28 17 61 102 88 102 51 
16 92 94 67 51 26 236 
29 2 100 101 36 30 9 
31 46 51 88 39 47 241 
77 7 42 18 10 93 42 
96 15 49 9 11 18 262 
73 64 60 85 46 78 199 
81 48 58 38 41 3 399 
73 11 16 50 57 55 161 
87 54 52 43 35 50 136 
90 53 94 26 14 40 234 
84 93 5 95 71 12 393 
61 86 82 71 92 14 96 
5 35 60 57 64 27 352 
12 10 44 13 30 18 372 
97 66 14 28 65 43 361 
20 12 57 87 45 45 108 
70 72 74 46 38 12 344 
20 36 72 52 15 73 296 
85 64 84 43 97 7 263 
22 70 45 28 74 37 349 
25 5 71 21 84 62 172 
40 72 69 95 8 9 314 
32 44 78 53 71 18 145 
51 75 46 51 40 64 198 
4 31 19 66 77 101 388 
32 2 32 33 13 33 185 
94 17 50 91 100 90 366 
28 69 78 4 21 52 303 
32 27 73 46 100 95 146 
43 52 31 33 10 84 408 
44 48 22 60 88 92 234 
60 98 62 42 76 61 313 
64 44 64 58 51 23 3 
77 62 89 15 39 12 206 
67 21 60 92 8 92 344 
23 58 46 35 62 19 295 
31 13 7 26 37 61 324 
10 69 77 61 63 102 271 
88 35 48 50 83 9 380 
79 4 51 70 71 94 170 
88 20 25 91 6 30 192 
51 84 90 4 53 73 233 
54 85 33 47 92 20 141 
25 100 87 81 12 81 211 
10 57 58 68 68 40 93 
52 54 73 58 73 22 154 
53 60 48 32 38 38 105 
22 21 25 81 77 9 256 
22 40 11 96 51 97 166 
29 34 39 86 35 36 12 
33 62 91 20 100 99 297 
43 41 52 76 45 28 363 
38 36 88 94 33 62 124 
16 64 64 24 26 99 97 
28 11 48 5 4 25 363 
61 36 63 78 13 92 323 
101 62 22 9 71 53 370 
100 53 94 4 77 74 70 
100 29 98 76 102 51 62 
31 6 73 43 5 2 316 
2 27 18 22 72 53 62 
4 44 18 57 48 35 114 
61 55 3 29 52 74 251 
8 67 4 13 43 66 286 
58 51 68 68 53 15 401 
27 79 84 6 24 4 390 
87 83 21 56 19 89 289 
52 72 15 55 30 18 382 
63 15 11 32 89 47 192 
95 52 91 96 21 31 138 
79 20 25 31 72 68 88 
86 86 59 26 79 101 23 
81 55 15 25 99 7 265 
66 75 77 37 59 51 378 
33 31 62 99 60 39 301 
54 92 26 60 52 74 312 
31 54 8 11 47 43 58 
99 78 73 24 27 71 56 
47 50 96 15 19 31 218 
56 99 29 21 64 34 111 
64 91 67 49 34 90 141 
23 71 28 14 9 81 141 
55 91 77 35 70 62 29 
44 32 47 35 46 25 306 
56 81 92 85 12 89 142 
90 7 77 94 82 81 99 
81 70 3 12 52 21 8 
11 53 88 96 73 22 83 
60 22 16 91 67 61 274 
93 38 31 100 94 102 267 
85 2 43 90 83 85 260 
64 46 26 96 6 75 188 
29 6 91 41 69 16 121 
87 63 5 17 22 59 360 
34 74 14 60 21 38 105 
53 48 8 92 39 58 392 
78 92 97 63 88 23 259 
34 42 61 27 87 38 401 
41 39 75 64 28 77 124 
74 14 37 87 39 23 312 
60 85 51 31 60 35 39 
73 10 57 36 38 27 3 
34 55 35 36 2 29 49 
10 36 30 14 83 68 18 
80 62 78 51 3 89 302 
59 12 98 29 4 91 279 
31 20 30 92 53 32 163 
61 5 53 39 96 67 205 
51 23 19 79 69 7 380 
51 81 87 37 40 28 309 
45 39 8 100 40 45 323 
18 102 24 32 38 66 81 
59 26 14 9 24 26 32 
91 81 52 37 86 77 329 
41 45 57 14 5 66 64 
68 47 41 58 23 73 140 
23 98 49 33 43 76 373 
57 75 30 18 4 70 224 
60 58 65 56 70 101 312 
58 69 20 35 2 6 373 
81 76 53 3 55 76 275 
85 6 6 45 3 91 344 
73 28 98 3 98 62 33 
91 78 4 55 74 59 265 
30 31 100 43 71 2 309 
101 79 17 51 97 89 307 
55 61 12 69 12 94 350 
43 24 34 6 46 86 368 
100 51 50 83 18 4 223 
77 8 5 34 91 11 293 
51 83 54 4 75 34 150 
19 94 88 65 67 81 357 
9 68 39 28 18 87 6 
30 70 70 81 87 23 318 
55 10 37 23 85 16 376 
42 83 4 73 54 56 330 
59 63 20 53 25 69 276 
42 68 8 75 25 73 87 
16 85 25 90 14 61 264 
86 53 44 84 67 97 273 
87 37 57 67 34 22 288 
8 52 30 64 56 12 52 
44 31 50 62 45 73 111 
99 81 85 42 97 18 299 
12 78 71 60 74 3 225 
33 53 10 93 53 52 32 
35 97 28 60 51 54 174 
25 96 24 24 26 42 359 
57 74 27 39 6 99 392 
76 61 5 84 11 59 45 
79 42 71 95 23 22 265 
86 59 84 48 66 33 357 
84 49 39 50 63 69 310 
81 86 57 49 55 13 241 
38 25 78 41 97 34 186 
57 55 31 5 22 25 291 
18 44 92 42 69 11 376 
14 69 36 50 92 37 402 
58 16 48 70 10 8 198 
36 8 9 71 101 44 112 
