8 6
300
13 32 41 34 45 24 58 89 924 
81 36 58 4 2 98 32 97 940 
65 86 92 22 50 20 77 67 373 
59 16 24 95 46 74 57 67 464 
25 88 94 42 24 16 11 55 453 
88 36 65 57 26 39 25 20 689 
22 93 84 23 59 80 93 101 897 
55 87 93 86 49 38 60 9 107 
87 25 64 78 14 97 83 91 382 
70 4 92 87 73 27 18 37 905 
58 4 32 16 51 25 43 58 826 
48 5 89 29 99 19 31 40 1166 
96 46 81 88 42 70 49 26 1190 
85 70 17 67 70 14 64 4 66 
81 73 76 42 37 58 30 37 1051 
46 43 7 75 58 35 32 24 1116 
97 72 64 63 69 27 27 60 1072 
55 83 37 77 67 97 14 52 824 
23 56 11 25 60 7 84 5 1018 
94 13 14 84 37 48 23 69 398 
45 20 6 52 16 80 70 77 663 
53 71 77 12 63 8 67 11 829 
85 74 13 59 81 66 44 35 575 
78 73 48 91 56 100 65 71 394 
66 73 42 33 57 85 53 34 415 
10 85 52 8 19 28 80 40 1165 
23 88 41 41 10 83 33 95 60 
10 64 17 79 49 94 76 4 470 
30 53 19 30 8 49 33 36 621 
99 72 56 22 13 18 5 44 1019 
95 26 65 61 2 64 80 44 855 
21 33 38 59 33 17 89 53 1061 
80 95 81 94 11 76 32 35 278 
53 91 53 100 76 7 11 83 948 
77 71 53 57 52 66 79 13 40 
17 42 41 41 34 62 32 27 593 
6 3 18 91 31 69 41 29 660 
21 23 59 32 50 52 40 14 1005 
38 25 45 17 17 100 73 17 1141 
86 14 58 93 70 51 59 7 978 
64 89 42 86 18 24 12 60 1103 
48 87 94 90 3 22 80 96 29 
7 91 89 20 19 15 76 58 190 
100 30 55 10 75 45 72 78 313 
44 53 9 23 7 58 9 27 371 
3 97 13 38 15 76 49 54 199 
95 46 71 29 12 62 9 14 376 
39 40 14 51 20 28 97 38 523 
97 86 86 33 13 95 85 75 736 
7 64 17 80 63 23 29 79 390 
58 17 43 49 16 95 27 72 1060 
20 54 80 87 43 79 34 54 835 
34 65 35 79 46 40 2 4 624 
18 61 79 94 24 43 96 41 257 
3 50 72 93 7 43 8 67 250 
85 22 22 40 49 12 54 97 183 
100 81 73 6 49 14 44 12 135 
12 28 32 39 93 5 58 32 48 
100 43 59 95 73 81 19 20 1007 
33 80 14 69 41 29 28 98 725 
51 100 3 61 51 97 32 98 476 
92 48 31 20 84 18 8 57 656 
59 8 11 95 88 31 31 13 393 
100 45 89 5 13 97 46 9 398 
5 41 94 64 65 77 42 30 881 
55 15 98 98 63 87 76 70 1101 
52 59 14 74 31 40 65 33 654 
54 88 37 36 76 77 86 5 189 
64 97 45 36 55 61 59 78 1202 
38 5 84 5 32 45 7 95 614 
23 33 12 55 100 34 23 90 505 
39 21 41 22 14 60 71 14 893 
49 18 5 55 16 55 42 29 352 
74 51 59 94 31 83 27 65 880 
7 10 99 13 15 67 19 22 699 
61 18 93 26 35 20 72 60 943 
49 70 19 59 15 73 5 51 480 
86 48 93 60 97 51 88 66 45 
78 39 5 41 38 96 98 83 138 
40 50 18 41 24 73 6 81 1173 
57 51 97 28 9 66 28 35 910 
69 3 23 44 40 72 16 96 261 
76 10 34 25 63 35 62 67 22 
25 47 25 22 56 18 55 33 186 
11 52 31 42 15 5 22 32 975 
92 98 12 48 27 30 52 32 866 
66 34 90 64 67 44 64 4 1073 
53 49 49 7 91 9 57 8 533 
94 36 97 31 5 33 55 72 847 
93 79 23 97 72 26 48 91 1213 
29 48 87 89 80 13 17 71 1015 
35 87 9 6 94 21 87 60 1172 
78 37 31 59 11 97 75 72 307 
69 58 78 25 61 2 9 30 728 
60 6 59 87 16 36 50 22 1039 
64 90 88 4 12 15 30 72 664 
72 72 39 92 16 9 88 50 167 
8 12 28 9 98 66 61 28 653 
41 93 23 98 11 91 12 13 1012 
41 67 47 66 96 91 48 40 713 
25 70 92 51 101 68 22 44 129 
61 58 94 24 45 86 61 91 969 
36 76 62 50 82 5 27 48 1025 
70 45 18 39 62 61 8 39 710 
65 92 94 57 78 69 81 54 675 
93 19 24 63 7 7 12 15 780 
100 77 91 89 27 55 84 54 1212 
97 24 97 35 18 8 28 98 1215 
89 81 100 95 71 30 50 36 356 
64 9 40 12 29 50 97 10 760 
71 78 67 41 75 26 70 86 365 
62 60 3 18 37 10 8 25 413 
67 7 8 63 41 93 26 22 553 
63 87 97 50 40 10 46 59 246 
36 50 8 77 27 87 100 91 927 
30 48 74 32 7 6 16 31 42 
58 10 40 76 18 54 81 9 1216 
37 14 22 95 74 80 90 74 915 
29 93 82 23 64 52 17 98 914 
76 33 82 93 35 11 7 90 594 
84 62 34 56 98 19 88 66 935 
58 36 75 95 43 35 31 89 475 
25 37 48 90 61 22 80 7 933 
21 46 81 13 91 87 32 8 151 
44 75 97 65 37 101 76 61 756 
3 82 92 49 63 48 72 84 639 
4 97 3 15 78 93 43 68 241 
99 47 48 90 65 37 22 89 171 
46 62 2 49 16 102 60 78 305 
88 74 85 34 43 9 35 30 144 
14 31 99 6 24 71 81 78 175 
18 15 19 57 29 76 35 28 265 
54 57 82 3 57 2 68 57 1155 
39 67 6 41 58 38 26 11 709 
19 42 40 33 70 40 88 44 778 
10 33 47 11 102 17 87 83 891 
33 13 76 99 40 69 76 44 139 
12 79 59 84 33 20 18 17 1053 
86 22 89 44 17 15 39 60 290 
51 30 67 91 55 77 65 94 1204 
85 23 4 73 59 28 29 78 791 
8 28 102 29 94 87 31 4 740 
88 91 97 63 62 81 46 27 173 
48 23 26 84 21 41 22 35 1160 
86 15 65 63 18 42 50 32 397 
26 24 38 82 63 53 17 79 43 
5 24 63 25 29 34 14 83 677 
42 26 9 63 9 61 92 47 1088 
99 28 75 58 15 32 49 22 35 
80 68 62 75 70 44 38 19 137 
36 63 88 33 51 37 86 10 76 
27 65 17 79 93 18 64 20 626 
32 49 11 33 78 9 31 36 184 
97 69 58 67 27 93 50 58 1026 
5 68 79 40 73 7 26 24 696 
90 3 77 46 12 52 93 8 849 
4 5 88 81 4 17 22 91 500 
52 62 40 26 31 37 34 62 639 
76 93 78 6 9 55 52 43 410 
42 53 59 8 76 21 23 48 639 
100 25 65 64 21 84 66 76 764 
20 65 74 42 15 53 100 19 178 
95 100 99 34 31 63 83 82 469 
86 45 88 21 5 85 85 36 449 
91 14 75 96 42 35 93 34 955 
64 101 40 8 10 59 7 30 588 
58 68 96 5 83 40 46 82 379 
79 101 63 91 60 81 16 11 62 
43 102 60 66 43 100 85 22 992 
102 80 37 30 17 77 37 29 833 
45 88 33 37 52 62 4 16 404 
19 75 44 62 94 101 55 65 346 
92 94 26 98 22 64 59 46 36 
98 51 86 88 56 32 13 74 283 
76 9 52 100 64 29 67 67 577 
41 42 87 38 78 54 49 47 433 
45 48 68 71 80 7 59 8 802 
51 34 21 13 51 23 78 80 694 
80 94 32 99 34 57 17 20 51 
19 62 75 34 41 11 97 69 311 
59 7 31 47 43 58 64 18 411 
30 30 93 67 62 99 97 71 655 
7 48 16 14 57 62 3 42 560 
94 19 95 12 18 83 97 21 895 
30 35 52 76 38 18 23 88 1103 
15 54 3 78 39 72 57 92 261 
13 47 53 71 46 4 12 71 1209 
42 21 14 12 72 42 26 70 442 
5 33 12 100 92 70 72 91 1068 
47 18 82 25 56 28 62 86 911 
24 60 91 50 66 68 19 83 827 
80 5 85 63 54 72 36 54 724 
13 14 57 84 102 57 17 67 654 
21 19 66 88 52 87 68 4 114 
49 57 69 46 83 12 3 93 1053 
7 86 66 12 91 4 69 52 881 
22 42 60 36 36 101 15 100 780 
5 95 55 99 97 52 62 89 1190 
94 69 33 47 84 11 71 12 989 
91 11 30 64 20 2 15 48 756 
53 14 23 70 33 85 48 100 1201 
35 9 91 16 52 4 7 77 1016 
43 77 61 52 68 26 20 26 1096 
38 43 77 55 86 51 91 12 919 
78 26 37 50 101 86 13 38 33 
93 77 61 27 60 46 19 75 871 
5 3 48 100 52 10 95 12 701 
26 82 26 42 27 42 29 31 622 
50 94 78 77 41 32 23 29 595 
33 13 85 33 38 13 80 87 106 
31 80 76 30 57 91 29 89 683 
81 53 52 20 100 31 95 71 985 
97 30 64 19 79 25 61 64 1216 
76 95 46 15 64 42 34 101 620 
79 22 39 88 50 54 76 44 928 
101 14 14 56 40 69 33 85 699 
48 14 4 53 70 95 92 54 1156 
13 68 91 12 89 102 80 18 601 
45 11 82 12 45 36 49 62 613 
89 22 56 80 84 82 85 87 1061 
51 28 54 47 99 98 60 65 928 
89 91 28 14 78 24 20 89 900 
79 38 71 69 6 10 45 5 393 
42 36 86 11 29 3 15 31 1110 
99 101 14 86 54 82 61 62 872 
26 77 47 34 62 97 8 8 600 
19 84 24 46 4 96 66 20 355 
93 80 64 27 101 48 33 22 1084 
63 95 86 91 11 45 39 20 344 
89 10 75 92 4 23 54 98 586 
71 55 99 21 22 37 53 69 1004 
11 101 77 100 3 42 8 47 162 
67 30 75 81 9 85 68 79 121 
57 4 78 44 75 6 100 65 823 
94 44 75 51 40 43 63 30 236 
55 91 9 36 86 59 10 89 828 
77 92 48 15 55 45 27 98 806 
8 69 29 74 102 40 75 16 38 
42 18 92 34 20 81 66 15 1071 
5 24 20 21 36 87 38 26 892 
23 80 92 32 26 45 78 57 747 
94 83 91 71 63 71 56 69 871 
80 45 74 69 51 41 58 24 906 
50 89 35 43 38 78 67 54 441 
15 13 94 49 58 65 20 74 398 
100 36 62 50 67 69 16 60 986 
3 56 31 52 76 3 71 29 828 
30 53 47 15 5 12 36 43 696 
81 32 89 12 51 79 9 60 1079 
16 102 25 68 29 79 98 67 1200 
9 65 39 93 81 31 97 92 254 
89 87 33 53 17 26 12 37 347 
96 93 6 54 45 18 15 57 340 
47 64 26 70 20 40 14 29 953 
22 90 53 60 17 61 59 22 891 
59 65 87 101 58 94 51 4 906 
96 57 22 23 80 26 3 52 343 
98 21 69 95 41 90 48 92 583 
79 37 78 47 97 25 45 58 1131 
45 48 8 35 21 18 66 20 881 
60 101 12 29 59 66 34 62 19 
7 67 25 99 55 68 46 74 820 
100 51 62 98 80 24 33 60 56 
24 66 101 54 30 24 18 90 1115 
39 51 80 14 15 37 24 40 1118 
71 47 95 42 91 50 51 69 841 
14 64 23 90 98 101 62 12 1179 
4 55 39 3 83 67 77 9 277 
91 88 38 27 77 42 32 64 163 
14 84 77 54 5 63 55 6 321 
72 51 56 81 54 6 41 22 1035 
57 70 66 30 67 84 27 61 996 
35 89 89 84 60 36 88 50 337 
23 53 52 77 50 80 41 7 704 
71 12 35 34 88 57 57 78 1157 
51 86 19 95 29 46 82 22 202 
41 90 93 22 95 6 78 20 845 
36 82 21 88 91 62 27 58 599 
50 3 3 34 28 84 41 38 790 
12 29 26 8 97 30 63 2 208 
68 51 19 31 58 71 88 23 1178 
77 65 97 60 71 72 97 34 241 
17 9 64 11 83 59 42 68 1105 
47 30 86 93 27 91 45 60 88 
33 21 47 35 48 8 88 66 902 
71 55 61 56 13 65 11 48 1144 
57 59 70 63 92 92 80 43 1132 
14 86 40 8 17 13 65 66 162 
77 85 62 58 25 19 85 72 167 
34 93 19 23 84 81 97 90 15 
41 73 31 57 56 7 15 76 979 
38 65 40 50 92 49 52 36 777 
35 101 36 54 80 22 78 49 611 
77 93 4 61 13 29 12 27 1138 
86 22 30 57 45 51 39 49 86 
78 86 3 72 73 51 18 64 1094 
69 89 95 11 80 10 58 40 1017 
80 80 54 13 40 68 56 68 164 
37 80 57 87 17 33 15 3 770 
51 7 22 55 45 51 39 45 468 
