8 4
300
39 58 61 70 37 6 6 97 274 
56 96 28 15 27 21 71 98 802 
60 44 33 52 83 21 18 54 177 
51 8 69 32 63 97 47 63 713 
79 24 80 71 53 14 20 56 111 
26 50 51 81 97 35 21 68 186 
98 89 77 43 54 85 84 57 725 
69 26 36 33 70 66 34 94 606 
22 90 93 22 33 29 7 94 32 
74 72 13 36 14 96 75 51 599 
15 39 72 97 89 98 25 54 247 
82 95 82 87 49 5 61 101 636 
34 78 58 50 37 62 81 12 700 
80 35 14 41 60 21 93 21 451 
6 27 4 97 99 82 99 28 805 
26 89 24 10 77 15 18 43 594 
19 67 3 12 18 79 12 47 153 
20 42 37 63 96 30 50 57 605 
78 39 81 78 53 12 63 57 189 
65 71 60 101 25 19 49 76 444 
56 96 10 27 87 54 63 81 696 
65 65 95 96 62 22 41 42 36 
96 43 16 94 51 63 56 48 618 
63 21 19 20 16 22 76 96 499 
68 53 53 29 17 74 26 100 756 
32 71 12 40 62 85 15 55 267 
42 64 47 49 73 41 78 3 489 
70 47 51 75 23 68 61 75 724 
55 68 28 44 70 53 70 26 631 
68 25 61 36 7 63 90 36 268 
18 20 82 14 53 16 14 58 436 
46 59 50 46 81 88 96 62 709 
8 100 96 96 81 49 64 12 636 
3 36 41 89 87 89 35 45 450 
11 43 17 14 32 13 99 26 551 
31 24 46 75 42 47 76 83 293 
41 24 41 35 52 43 38 13 188 
16 59 73 63 13 38 33 88 157 
74 96 70 85 99 57 82 35 716 
36 30 95 96 15 6 53 96 170 
18 78 93 76 78 21 90 85 548 
98 70 13 10 43 56 28 5 711 
70 58 28 86 55 19 56 5 679 
31 22 46 69 12 19 17 17 83 
30 100 21 51 97 15 90 85 532 
79 27 89 41 70 12 19 85 315 
97 34 25 76 22 75 38 61 519 
25 31 60 96 95 28 46 100 37 
70 21 63 14 97 72 54 79 630 
98 92 54 36 52 28 81 22 677 
89 57 80 48 15 38 52 67 442 
9 85 34 63 97 72 8 50 524 
79 85 39 55 24 45 98 41 561 
13 91 81 34 17 75 45 59 355 
28 25 8 28 65 32 17 47 768 
47 37 97 85 30 4 64 3 306 
48 36 35 37 52 76 69 40 623 
77 77 69 61 20 39 28 82 210 
60 54 22 9 40 79 51 53 33 
75 31 63 80 72 16 38 99 193 
12 93 75 34 61 26 56 43 575 
29 88 20 60 58 50 78 6 407 
19 41 98 58 87 101 72 96 81 
17 99 7 55 25 23 16 18 721 
55 28 95 98 55 99 8 25 528 
88 17 74 15 3 68 66 21 470 
29 56 8 76 64 67 17 41 357 
68 75 65 98 46 43 62 26 641 
59 24 88 101 52 65 37 86 642 
39 4 98 41 91 6 66 89 505 
84 81 66 30 83 16 55 43 404 
3 92 73 34 56 80 89 9 793 
73 30 6 45 41 80 88 79 305 
50 29 86 61 35 59 81 79 368 
17 30 42 74 48 12 15 35 767 
9 8 50 20 53 84 9 95 474 
60 41 41 87 44 6 79 7 114 
67 44 59 16 55 78 35 75 645 
59 101 85 96 32 8 86 81 583 
91 32 77 4 54 42 101 23 314 
8 32 88 38 98 42 98 50 741 
39 96 55 74 87 81 5 52 767 
77 66 11 35 3 65 35 90 615 
40 65 93 19 16 34 40 29 351 
95 22 5 45 101 84 17 49 696 
21 20 47 99 101 4 48 26 469 
31 75 31 25 6 10 67 60 692 
2 22 81 23 36 59 38 12 246 
93 34 67 29 20 55 80 16 571 
32 44 66 91 72 92 77 11 447 
16 71 19 97 80 43 99 17 225 
8 100 86 90 63 91 74 57 752 
94 4 57 77 47 92 40 37 131 
23 13 52 91 48 27 5 24 335 
15 99 56 26 32 4 28 74 136 
88 44 83 77 19 17 100 84 61 
102 41 26 29 58 45 27 78 34 
80 19 53 61 87 41 50 60 479 
40 70 74 55 51 75 75 54 759 
37 48 96 36 93 66 19 5 681 
19 88 42 13 101 56 100 50 451 
67 29 59 45 28 61 59 62 114 
38 49 91 53 56 6 52 92 246 
12 45 28 89 44 84 57 33 589 
21 29 71 20 56 3 20 10 212 
38 94 22 37 80 33 52 84 458 
96 68 34 38 63 11 26 90 42 
32 80 86 76 89 97 89 40 269 
46 20 95 90 34 48 80 16 801 
12 77 68 96 39 62 28 63 530 
42 84 68 63 96 68 98 91 246 
43 64 7 27 50 41 101 8 519 
65 8 36 88 60 49 12 16 110 
41 37 43 26 50 28 32 49 455 
68 86 27 29 94 46 18 39 421 
95 87 29 28 98 33 99 65 454 
33 56 27 21 52 82 55 59 436 
91 19 16 80 96 3 86 34 182 
41 38 15 93 72 23 98 19 233 
88 15 42 12 29 87 73 102 758 
33 49 35 47 76 37 92 29 160 
39 17 93 28 45 65 11 60 218 
44 42 86 6 26 35 53 69 362 
16 81 92 31 10 97 10 55 697 
91 96 64 80 2 45 3 60 17 
39 62 72 78 3 71 61 31 486 
11 29 25 2 95 10 93 78 393 
31 10 10 98 20 92 80 22 520 
66 67 42 44 4 68 34 16 59 
76 40 80 23 73 81 37 101 211 
64 91 3 57 89 26 96 74 409 
96 43 43 82 100 83 8 96 523 
22 69 27 59 71 81 3 19 318 
72 10 40 31 63 21 66 18 260 
65 12 80 18 49 32 18 39 595 
68 96 42 100 18 78 17 18 267 
3 7 22 24 56 72 87 27 527 
15 67 83 24 18 84 51 45 691 
88 6 22 97 44 33 8 37 189 
101 74 94 63 16 47 88 65 89 
14 43 57 10 33 25 67 5 587 
94 45 80 59 51 75 94 31 101 
15 8 65 91 17 21 49 88 431 
74 53 54 38 38 55 74 39 16 
31 80 75 99 31 41 61 16 746 
47 44 25 21 71 87 35 75 467 
49 25 28 38 64 47 72 95 423 
22 59 9 27 88 14 73 65 420 
41 18 79 27 32 3 30 3 357 
31 55 84 69 5 65 98 26 121 
78 95 18 30 29 38 89 41 471 
86 23 58 14 50 9 36 95 467 
82 25 95 27 10 63 4 42 329 
72 56 55 47 31 63 99 97 567 
38 14 91 42 40 93 45 46 658 
89 20 7 77 35 12 8 18 16 
24 53 87 57 28 89 98 19 696 
6 41 94 97 17 55 39 100 667 
70 42 87 4 83 66 82 16 186 
37 96 22 46 41 15 62 77 361 
86 83 88 4 46 23 8 41 40 
90 94 5 54 40 37 30 39 616 
19 22 72 23 77 14 66 63 190 
67 62 2 81 37 42 11 55 140 
98 68 98 66 99 44 61 94 181 
22 85 58 87 18 4 39 45 455 
76 65 8 76 40 85 100 43 644 
6 11 59 66 45 87 20 34 586 
82 55 25 30 64 85 92 46 634 
69 82 47 101 44 95 86 37 736 
13 24 29 15 68 58 65 57 674 
67 58 42 73 69 86 32 60 728 
35 49 3 25 86 96 8 32 498 
36 8 69 66 82 10 97 9 80 
46 69 89 69 66 9 3 27 721 
39 98 15 63 71 86 5 53 718 
91 90 40 36 9 38 97 31 400 
17 2 78 34 78 61 76 87 744 
4 67 84 96 24 61 7 70 277 
50 76 39 85 63 30 22 8 156 
73 13 62 53 74 38 60 87 203 
14 7 23 56 88 85 95 3 702 
8 97 68 82 30 41 4 49 451 
14 34 41 50 13 72 42 5 610 
33 53 95 49 38 39 36 96 514 
15 96 90 56 93 62 44 17 88 
55 94 85 23 51 27 82 48 438 
87 66 96 53 15 85 11 63 407 
95 61 62 32 47 36 78 91 432 
69 60 43 81 8 99 61 90 98 
94 13 5 70 68 91 85 51 247 
71 64 83 7 47 31 12 51 456 
53 25 48 50 47 61 75 15 723 
14 8 60 99 94 27 73 19 414 
49 27 95 72 49 99 6 9 223 
74 65 15 14 71 59 43 10 531 
68 46 68 45 97 55 3 73 349 
75 73 72 58 36 31 81 65 196 
65 82 78 51 46 40 34 3 412 
78 2 39 3 59 85 62 7 598 
87 5 32 41 72 78 56 34 293 
59 18 31 86 35 8 35 80 229 
91 19 102 30 13 96 5 27 575 
8 74 17 89 97 31 57 96 489 
96 26 13 3 97 14 4 78 691 
24 94 69 33 69 81 57 74 724 
76 60 94 38 38 47 7 50 489 
23 71 23 2 31 41 48 41 443 
19 90 24 89 27 38 12 83 270 
5 77 7 38 34 26 42 84 296 
70 60 89 68 97 49 54 83 52 
66 24 65 30 87 30 27 40 681 
69 88 34 59 28 57 14 4 601 
57 87 40 99 62 49 5 80 665 
69 53 95 77 37 46 32 48 490 
72 77 92 78 13 95 42 75 781 
6 13 34 34 56 95 75 99 784 
70 69 63 19 27 8 49 60 712 
93 94 53 90 29 82 97 44 220 
86 81 76 46 59 89 53 101 552 
51 36 99 102 4 40 50 63 646 
101 55 53 86 32 56 8 52 659 
47 18 86 54 39 14 68 91 150 
24 26 12 76 67 27 41 99 192 
92 93 92 15 42 68 3 98 728 
78 2 51 22 40 9 9 8 683 
86 100 99 88 36 15 22 28 304 
71 26 90 28 47 35 32 18 481 
93 34 78 20 53 43 24 92 729 
71 4 88 4 69 61 43 57 813 
28 6 59 79 95 16 31 34 588 
4 52 57 18 92 24 51 18 610 
10 68 49 58 65 45 25 53 192 
53 69 59 31 86 92 35 6 100 
4 15 41 63 91 21 71 23 327 
36 55 15 66 56 54 86 35 731 
55 73 43 16 56 44 93 80 530 
17 75 68 68 85 88 12 49 22 
38 49 78 30 89 45 5 91 799 
13 89 15 7 46 53 102 82 273 
73 90 62 99 72 14 56 56 392 
76 70 72 29 56 9 51 51 704 
15 27 86 100 13 67 46 82 739 
54 11 31 17 68 5 54 40 486 
45 41 79 67 76 35 97 31 173 
30 86 35 8 58 98 67 89 450 
52 75 79 97 55 92 23 4 366 
21 61 5 69 76 18 49 8 83 
11 50 53 53 6 83 46 18 785 
60 47 55 35 52 81 50 5 534 
85 50 88 89 46 73 90 77 575 
20 63 12 19 61 52 88 58 317 
6 100 72 98 53 39 96 65 466 
94 88 11 26 21 73 53 67 477 
26 24 6 82 65 30 13 27 446 
88 43 88 5 49 96 42 47 39 
98 89 99 51 96 83 16 98 726 
63 96 45 40 68 96 94 63 275 
36 25 37 43 87 28 84 9 179 
73 91 41 17 86 76 69 57 638 
64 77 30 26 68 69 41 51 254 
14 50 77 94 13 88 63 8 175 
71 57 4 73 69 89 61 46 64 
52 49 13 71 74 13 18 32 706 
7 13 59 70 4 38 97 72 483 
48 80 79 55 56 80 55 99 3 
79 93 10 44 66 25 61 91 21 
22 45 78 66 78 83 101 58 776 
66 3 55 68 77 98 29 15 532 
32 99 95 35 18 76 13 41 317 
80 65 48 37 11 15 36 77 225 
85 84 4 98 56 100 85 91 783 
50 13 18 14 16 54 59 31 756 
11 89 29 4 55 39 45 23 755 
51 32 95 42 34 2 71 47 249 
65 36 45 98 52 29 80 66 233 
25 69 51 97 79 81 22 27 715 
2 83 31 67 56 35 7 36 483 
5 10 81 17 45 72 23 96 776 
52 15 39 2 26 91 10 22 445 
46 56 54 16 22 9 15 71 524 
3 100 83 12 93 18 70 77 458 
51 10 26 81 75 85 86 72 94 
52 2 59 42 59 36 80 64 651 
9 91 89 73 4 76 8 23 789 
16 41 25 23 34 51 35 61 100 
33 66 83 72 31 52 98 64 562 
9 63 43 49 34 31 38 63 700 
71 80 7 52 76 55 88 72 256 
91 31 70 10 9 100 24 50 793 
101 39 62 40 77 42 7 100 489 
58 70 9 96 87 73 65 67 662 
9 82 93 31 86 61 20 10 271 
3 101 56 45 27 86 34 40 201 
28 33 5 67 47 78 95 32 20 
26 97 47 99 47 44 19 17 550 
8 72 55 3 21 70 9 6 806 
8 14 45 25 64 49 48 39 278 
80 44 37 17 38 55 59 96 104 
90 5 56 14 29 12 19 27 552 
