2 2
300
94 57 127 
26 29 362 
84 48 392 
77 96 190 
63 40 64 
54 43 322 
40 20 343 
79 11 362 
61 11 33 
53 95 373 
39 9 83 
41 26 303 
91 61 354 
76 74 36 
11 84 150 
15 98 303 
44 3 152 
15 56 105 
3 17 188 
44 67 74 
83 33 217 
7 40 353 
28 24 57 
43 65 332 
94 66 190 
78 70 112 
54 48 53 
36 11 375 
57 26 217 
96 40 40 
30 49 386 
71 95 167 
57 6 180 
52 89 306 
62 3 158 
58 23 369 
81 28 190 
21 92 79 
7 50 89 
63 52 60 
36 34 342 
6 15 68 
89 25 291 
8 22 263 
85 5 241 
40 75 38 
55 101 11 
65 17 51 
65 11 233 
78 66 185 
21 96 221 
32 18 226 
93 58 358 
24 71 402 
21 75 25 
84 38 356 
62 69 304 
15 10 210 
14 73 69 
74 43 16 
62 13 242 
28 89 107 
12 56 352 
6 49 70 
23 33 123 
6 45 172 
8 83 300 
72 18 394 
73 8 352 
5 20 186 
41 21 64 
86 65 238 
41 95 354 
82 74 336 
3 58 86 
60 94 314 
23 10 115 
77 67 246 
32 92 389 
65 57 328 
42 10 148 
43 67 114 
4 39 280 
74 66 206 
57 29 40 
93 71 242 
78 15 61 
11 83 39 
19 66 220 
57 56 298 
65 79 155 
9 42 261 
48 62 373 
95 58 225 
11 52 181 
80 21 160 
53 41 88 
38 89 175 
68 32 110 
29 26 7 
76 48 337 
98 11 356 
14 51 352 
47 47 38 
70 85 232 
62 3 129 
67 42 182 
17 6 64 
54 29 368 
97 43 43 
39 22 149 
92 21 42 
74 15 168 
59 67 290 
55 7 383 
14 70 19 
88 8 122 
97 64 342 
59 61 173 
69 46 336 
99 19 33 
78 10 105 
74 80 258 
49 89 358 
92 10 305 
76 64 403 
23 41 239 
88 11 143 
82 44 236 
55 35 248 
70 7 283 
61 62 197 
65 78 396 
71 42 369 
43 41 79 
44 7 221 
11 85 395 
45 48 20 
26 13 33 
75 98 272 
70 22 183 
4 81 334 
20 33 198 
29 12 350 
4 55 406 
70 47 288 
18 40 151 
6 46 205 
66 26 243 
67 37 199 
42 92 329 
33 3 83 
48 41 244 
39 26 301 
8 84 298 
13 44 380 
7 58 272 
39 59 235 
32 66 312 
97 40 225 
25 55 393 
102 88 84 
7 73 212 
82 24 26 
13 81 62 
65 100 250 
79 55 338 
68 62 324 
84 5 136 
25 3 153 
46 53 3 
7 17 288 
79 8 393 
55 8 288 
43 27 139 
63 29 321 
45 69 268 
17 20 349 
74 58 380 
19 20 340 
89 84 288 
17 38 291 
8 8 262 
46 88 376 
67 26 194 
14 27 144 
48 23 313 
56 82 139 
74 30 137 
17 35 239 
79 62 361 
15 68 99 
2 29 364 
65 57 85 
17 100 332 
75 52 382 
40 62 128 
60 74 393 
9 35 8 
38 45 33 
40 93 300 
7 69 106 
6 54 239 
25 14 402 
48 85 271 
58 42 335 
55 100 318 
42 79 298 
29 21 361 
94 8 136 
24 66 342 
83 27 263 
49 11 130 
57 72 402 
37 17 195 
35 14 362 
32 53 380 
21 86 183 
32 100 59 
3 80 197 
39 13 187 
27 3 200 
17 66 239 
4 11 125 
52 99 118 
81 7 253 
27 97 29 
102 64 228 
42 5 326 
41 54 111 
52 49 129 
86 20 239 
55 12 58 
101 20 197 
32 30 171 
65 71 353 
18 53 381 
54 77 340 
43 40 202 
92 87 401 
71 77 53 
34 54 255 
101 69 323 
72 28 388 
50 29 314 
60 72 139 
16 79 140 
95 25 7 
36 100 292 
50 44 329 
11 65 100 
18 32 175 
38 101 314 
81 66 11 
9 48 100 
100 6 199 
8 85 278 
18 78 36 
66 78 213 
13 100 220 
93 53 102 
100 63 259 
73 35 395 
36 25 290 
59 37 57 
34 88 317 
79 37 382 
25 43 243 
15 96 356 
18 53 222 
93 26 4 
25 90 52 
79 11 346 
63 29 293 
54 74 245 
99 61 169 
97 34 367 
76 37 257 
62 70 43 
67 88 276 
78 57 332 
45 45 404 
72 36 191 
3 56 314 
95 18 34 
24 73 282 
102 18 144 
48 23 78 
66 19 365 
40 65 85 
4 14 96 
19 87 296 
92 11 119 
63 29 103 
96 95 320 
15 83 78 
57 40 394 
43 68 287 
35 32 139 
64 80 111 
