4 2
300
88 52 74 97 377 
9 29 64 85 199 
98 41 22 69 54 
67 84 68 48 206 
47 53 92 28 171 
54 4 17 94 217 
18 98 52 73 340 
92 58 100 28 59 
40 51 9 58 256 
60 26 15 87 327 
99 42 14 93 278 
37 62 47 55 166 
7 14 72 32 134 
3 91 51 86 93 
11 86 42 34 50 
98 45 36 66 340 
30 90 32 14 228 
78 86 61 5 196 
32 13 47 88 37 
28 81 80 25 254 
72 77 32 65 292 
15 102 82 81 295 
94 27 84 72 54 
19 84 61 76 230 
19 31 48 38 375 
100 41 56 25 350 
19 68 13 4 58 
54 61 70 42 174 
78 5 82 33 227 
7 31 77 75 374 
46 22 6 69 184 
42 32 96 73 301 
76 48 59 96 226 
29 16 82 58 249 
60 16 20 34 326 
16 52 17 83 355 
71 66 83 34 169 
98 64 46 59 300 
25 67 99 68 278 
33 48 88 78 119 
93 51 21 14 137 
32 4 74 89 127 
93 16 15 86 21 
13 67 27 54 241 
67 72 25 85 158 
95 20 54 66 202 
70 65 42 54 392 
22 47 71 100 47 
96 92 59 28 338 
10 54 15 64 235 
68 22 36 19 263 
23 28 38 76 164 
15 52 10 40 256 
29 77 63 90 345 
67 98 29 43 263 
76 15 99 2 125 
44 7 92 8 341 
50 31 25 89 307 
97 12 97 61 401 
46 84 21 65 227 
35 92 27 79 377 
72 95 94 54 367 
10 30 38 46 400 
10 62 4 57 63 
100 54 76 15 366 
57 3 70 45 83 
94 96 36 47 395 
54 82 15 16 58 
56 39 72 100 274 
68 76 53 63 369 
86 82 66 50 235 
83 18 14 90 152 
71 27 51 35 398 
16 96 93 49 191 
30 49 90 43 248 
63 84 78 48 97 
84 52 10 55 146 
15 31 88 89 65 
37 70 27 79 185 
31 90 40 102 217 
74 85 7 16 254 
39 93 26 90 393 
102 42 68 66 227 
21 19 99 99 347 
87 10 6 33 47 
63 25 14 98 130 
75 46 78 95 209 
101 47 96 93 403 
23 8 100 93 66 
98 3 63 23 108 
14 93 43 17 279 
66 81 75 5 7 
16 82 30 58 95 
58 65 75 15 232 
76 26 8 100 261 
81 12 15 17 65 
62 64 92 71 83 
85 5 63 27 355 
22 74 92 92 344 
43 80 44 70 246 
34 30 49 67 215 
90 87 44 53 365 
56 68 60 89 170 
54 92 61 38 166 
55 4 51 29 153 
4 35 18 16 93 
3 70 47 57 340 
34 17 27 19 133 
100 63 12 37 136 
55 16 5 50 132 
54 21 8 30 32 
32 81 23 30 207 
56 70 30 31 359 
88 24 4 6 41 
39 66 44 6 175 
94 94 15 95 343 
90 32 70 84 289 
85 64 19 50 217 
55 96 100 69 319 
31 34 83 49 193 
33 14 101 40 386 
89 79 5 87 64 
41 68 29 46 256 
26 102 48 60 24 
26 7 56 53 233 
45 68 77 28 56 
62 12 68 48 216 
78 34 32 89 341 
8 61 33 35 59 
89 69 56 6 223 
31 88 25 44 95 
28 60 50 84 211 
23 4 79 74 227 
30 101 83 93 354 
94 72 61 77 408 
67 76 23 39 285 
78 14 73 73 344 
76 89 26 26 109 
20 86 50 38 256 
6 84 61 80 350 
90 89 65 19 254 
61 29 51 44 236 
54 38 13 14 310 
11 32 8 90 332 
43 77 59 66 280 
10 24 25 14 392 
85 16 46 53 335 
91 51 56 11 103 
49 40 85 68 303 
84 75 38 62 221 
76 78 74 98 182 
15 31 101 51 220 
39 6 39 48 305 
40 94 61 32 354 
62 78 99 65 140 
5 94 93 92 352 
37 87 65 60 94 
9 45 49 9 284 
62 52 7 57 357 
45 4 39 93 148 
92 16 8 75 384 
99 82 11 64 170 
22 40 11 64 77 
54 43 81 25 278 
98 47 54 63 112 
12 73 43 77 369 
3 58 102 56 395 
23 81 92 66 104 
29 36 87 68 202 
23 43 45 39 146 
5 25 16 25 166 
47 64 48 48 342 
29 41 36 74 165 
67 41 56 68 399 
75 53 17 100 169 
64 62 88 13 25 
71 30 6 42 358 
80 44 79 16 214 
61 35 45 82 402 
90 2 15 28 346 
85 88 79 41 256 
54 11 18 84 321 
87 78 36 43 60 
101 36 96 86 255 
24 64 42 15 161 
42 10 36 101 217 
64 49 62 29 95 
85 53 67 79 149 
71 28 97 38 277 
84 101 5 68 408 
56 8 31 65 255 
23 48 66 2 95 
46 76 18 31 69 
40 18 10 20 129 
50 72 18 50 380 
98 69 7 48 234 
42 7 70 101 405 
58 20 99 67 10 
39 89 67 56 378 
97 12 68 21 125 
68 94 87 37 213 
86 92 83 72 270 
55 43 20 45 337 
40 8 19 32 250 
21 21 45 18 385 
63 7 64 57 401 
88 4 88 17 372 
51 23 35 49 64 
67 40 29 100 200 
98 71 24 74 223 
90 95 38 60 47 
49 51 71 43 372 
81 30 27 74 327 
53 57 5 54 139 
19 75 71 16 390 
84 95 47 69 403 
94 85 92 3 42 
95 68 30 6 182 
2 54 94 58 148 
39 14 57 20 397 
42 68 72 40 152 
17 26 24 64 121 
56 6 4 44 405 
98 40 26 64 357 
88 29 100 10 137 
68 83 15 80 238 
71 40 28 72 240 
27 15 54 66 387 
71 46 68 77 368 
98 52 52 59 162 
102 90 95 33 49 
15 70 64 7 292 
36 13 45 6 245 
18 80 34 85 301 
85 88 63 69 78 
43 64 25 20 152 
18 33 58 41 240 
84 47 98 60 188 
59 53 49 95 248 
60 3 63 17 301 
21 20 69 85 230 
16 29 28 14 288 
53 48 47 70 228 
6 57 6 48 319 
73 84 76 39 70 
34 41 70 9 248 
42 2 9 46 75 
100 66 74 85 184 
56 21 85 90 388 
14 8 81 39 232 
5 99 18 39 12 
39 46 31 69 99 
77 61 21 53 126 
52 40 3 52 237 
42 85 24 3 99 
54 101 88 44 22 
28 62 33 52 236 
45 87 72 43 332 
56 36 8 61 286 
97 2 34 59 184 
75 8 31 81 69 
22 77 17 15 206 
40 60 89 64 399 
17 30 71 96 356 
68 70 61 71 20 
8 79 65 33 120 
54 69 31 100 130 
22 33 54 35 153 
70 71 59 93 176 
98 49 46 63 225 
69 33 40 72 322 
8 48 62 77 44 
46 14 86 86 401 
74 31 91 32 316 
86 78 38 59 79 
98 13 70 28 38 
61 35 4 78 254 
23 30 61 21 108 
76 73 80 25 382 
58 87 74 95 291 
68 59 16 86 288 
93 97 83 53 337 
96 80 36 68 209 
13 13 11 24 316 
45 72 73 6 15 
16 100 15 65 259 
13 41 77 57 175 
4 21 20 7 292 
28 49 10 38 131 
98 38 14 74 339 
47 79 52 17 116 
98 89 11 83 233 
95 84 20 90 291 
58 5 82 25 202 
93 95 5 53 211 
98 65 36 75 31 
80 88 43 82 76 
37 91 62 28 191 
17 12 39 51 322 
46 31 22 67 311 
