4 8
300
18 35 15 11 523 
10 87 33 95 691 
59 22 26 13 604 
75 27 44 55 1091 
92 14 80 82 468 
63 98 20 3 785 
40 44 22 56 511 
13 57 83 8 322 
99 79 28 71 951 
67 82 101 90 679 
63 52 7 54 1025 
6 57 36 82 1159 
15 69 32 47 64 
16 3 72 82 423 
20 46 38 35 1140 
16 87 11 23 1032 
83 98 32 62 1416 
91 40 70 93 441 
58 23 2 37 117 
32 49 84 68 715 
67 12 21 64 386 
19 16 74 84 801 
21 48 14 19 1468 
18 39 72 60 248 
79 35 81 55 1136 
99 46 3 28 647 
69 6 45 80 1604 
73 79 69 38 1139 
77 68 88 44 134 
12 11 85 47 1481 
95 79 26 52 1092 
34 33 68 95 439 
75 15 47 44 1340 
17 5 37 21 309 
41 72 36 90 655 
13 49 38 47 967 
90 63 57 37 759 
92 82 95 13 1077 
42 13 76 11 1575 
64 22 45 62 1519 
10 76 66 29 841 
25 45 38 12 913 
88 97 23 36 638 
15 60 12 98 1503 
37 12 26 55 1292 
30 97 26 94 1274 
92 5 78 54 840 
15 98 31 86 377 
49 47 85 57 1311 
46 92 43 72 1368 
6 13 49 70 948 
100 52 13 49 379 
30 21 46 34 1068 
84 22 71 84 420 
18 31 28 75 740 
92 29 71 75 569 
41 57 56 10 1205 
82 58 10 96 870 
65 87 83 63 1550 
30 3 52 91 1600 
27 23 61 47 1101 
77 86 76 25 1103 
73 83 40 15 1381 
76 67 38 61 1394 
28 14 77 31 1023 
33 50 67 80 286 
92 79 82 77 164 
20 98 11 42 1611 
97 84 87 28 1343 
84 49 70 78 350 
65 67 94 6 1172 
15 48 32 84 594 
29 21 98 8 1269 
96 4 66 5 1091 
80 58 97 62 1468 
46 29 51 49 1322 
86 81 91 59 893 
27 87 78 5 1586 
74 68 29 6 1167 
78 88 81 51 1440 
82 85 68 11 715 
9 71 34 16 447 
87 99 85 3 852 
50 32 41 53 860 
11 28 63 8 1543 
13 31 93 90 227 
61 51 2 60 21 
3 16 81 15 785 
58 56 63 78 195 
77 85 28 54 387 
48 48 30 98 1299 
56 25 62 17 533 
79 80 45 2 1116 
39 99 26 2 841 
36 53 29 5 1580 
57 67 87 96 313 
30 6 41 67 1112 
15 22 6 81 777 
80 56 66 82 1153 
80 12 63 9 1226 
81 61 28 3 1461 
97 22 27 101 400 
91 40 68 98 81 
76 41 81 34 907 
18 94 48 54 1202 
83 89 48 34 312 
47 6 80 21 659 
71 80 41 77 1199 
95 97 7 56 959 
42 89 71 78 1579 
41 33 31 54 959 
88 16 75 29 148 
10 75 95 82 1297 
87 63 50 58 592 
98 2 5 61 1016 
23 89 93 96 555 
95 20 73 37 1306 
16 77 28 62 881 
57 7 14 68 1067 
22 4 27 77 1202 
81 41 15 41 13 
41 30 72 92 612 
101 25 81 95 256 
92 5 60 2 1076 
12 37 90 4 1324 
93 91 39 95 690 
21 65 18 22 895 
56 7 33 37 674 
88 7 38 25 898 
35 27 21 53 1228 
19 46 27 11 1034 
46 54 13 60 152 
52 93 79 49 300 
38 9 61 40 1007 
87 74 25 61 1312 
8 101 67 49 794 
68 72 89 20 409 
77 40 9 59 174 
4 95 75 28 1483 
97 30 91 6 307 
28 68 82 91 1467 
48 24 68 31 942 
47 88 67 12 700 
82 6 60 24 711 
100 102 5 30 971 
94 101 99 70 1397 
80 12 63 30 372 
3 91 100 30 1294 
55 74 80 101 1062 
18 31 65 85 171 
92 72 68 63 334 
28 65 55 32 1597 
49 26 100 45 1306 
37 27 39 89 692 
93 9 32 45 1475 
28 24 5 65 712 
65 37 16 60 1553 
10 46 2 10 1576 
39 39 70 33 526 
31 76 37 21 485 
93 94 78 42 317 
86 41 25 72 1538 
6 62 92 88 563 
14 12 42 50 1174 
94 27 31 92 86 
56 41 102 13 1005 
54 89 86 35 866 
74 61 76 40 188 
71 23 32 15 1505 
79 48 84 98 332 
21 36 89 49 620 
67 64 88 37 1059 
47 42 14 11 696 
19 78 59 35 1023 
55 38 4 39 55 
73 97 18 100 456 
10 59 5 93 696 
19 2 39 97 1429 
12 75 41 76 1085 
31 10 23 73 1223 
4 91 51 35 1099 
85 35 52 46 1090 
72 48 90 9 929 
90 38 23 68 415 
19 41 64 47 867 
82 99 30 72 1217 
65 76 47 25 430 
21 10 72 25 971 
86 52 95 30 282 
65 87 33 19 1278 
94 89 57 47 946 
65 29 6 82 1427 
88 7 82 71 64 
98 3 66 83 625 
82 68 100 9 668 
69 48 36 30 1463 
96 68 14 94 1344 
78 21 102 67 1034 
93 6 92 38 1198 
82 72 26 27 340 
65 23 52 80 1598 
28 91 50 7 1489 
19 96 77 93 1517 
22 95 90 89 454 
79 3 101 20 766 
78 79 64 35 997 
98 24 11 10 444 
75 18 35 96 923 
89 73 97 76 751 
100 31 101 45 869 
89 85 39 99 712 
64 24 34 34 357 
51 29 17 46 1550 
97 86 70 66 320 
7 62 96 33 662 
8 8 27 74 801 
49 80 21 82 1213 
16 87 14 66 1069 
53 85 3 74 125 
62 59 54 81 825 
15 63 37 26 795 
29 91 8 58 613 
58 99 62 85 1217 
73 10 36 71 1327 
12 74 6 100 1114 
23 61 24 25 1311 
51 56 47 23 581 
88 45 97 34 779 
27 81 58 29 156 
56 25 21 100 598 
54 24 85 100 659 
44 59 39 57 450 
70 69 85 78 1436 
4 54 41 49 1443 
30 15 5 24 920 
33 18 79 91 236 
100 42 26 88 465 
29 73 49 83 1535 
31 8 42 6 1298 
60 98 82 41 121 
4 86 74 11 139 
41 22 63 44 156 
28 82 50 43 479 
31 45 98 50 992 
33 7 60 55 972 
24 76 101 44 1604 
36 38 41 83 207 
16 70 17 80 1466 
10 12 8 74 1116 
51 60 100 77 833 
17 2 35 80 1246 
99 28 21 52 1406 
67 23 21 45 1225 
92 43 69 31 245 
63 30 20 60 867 
23 101 88 87 173 
67 77 26 93 1358 
36 5 63 7 251 
90 51 67 94 410 
89 93 64 99 1279 
10 93 72 62 1472 
89 84 77 27 908 
100 42 36 41 352 
92 99 30 62 666 
89 82 64 15 434 
14 65 28 35 1084 
31 38 92 8 44 
76 7 66 3 1574 
55 30 38 52 276 
51 17 28 72 580 
91 65 4 58 1492 
30 31 59 35 1278 
25 57 44 60 428 
64 52 30 39 779 
86 36 29 66 1438 
61 46 14 98 1269 
99 40 58 99 1257 
68 36 36 17 1220 
47 51 32 25 1193 
99 88 80 25 894 
101 89 91 25 836 
58 38 40 70 537 
86 19 62 58 1323 
88 101 47 83 981 
30 18 15 64 52 
38 5 6 93 1481 
75 68 91 44 1287 
12 51 35 48 347 
32 98 68 84 1479 
30 90 77 44 1429 
100 43 99 65 440 
85 76 29 22 254 
55 34 50 79 984 
20 30 21 79 1153 
38 68 101 62 498 
34 52 33 74 1232 
50 31 65 5 1513 
33 71 27 17 1568 
39 24 16 33 1120 
100 50 91 24 1180 
