6 2
300
55 26 28 34 12 91 96 
20 49 50 97 61 40 166 
61 11 32 87 52 76 249 
59 62 58 100 93 102 281 
102 13 8 68 53 82 136 
74 60 40 28 99 91 393 
2 81 34 94 59 58 350 
22 69 19 26 79 14 388 
65 72 36 21 91 56 78 
37 44 31 10 60 9 357 
54 94 61 55 87 66 234 
83 26 8 36 46 85 325 
47 91 43 75 70 40 36 
90 6 10 10 37 80 266 
39 6 85 100 50 100 279 
76 60 74 95 49 40 335 
48 30 86 47 74 41 370 
56 89 37 93 71 81 263 
90 53 46 52 89 94 183 
22 25 38 98 86 13 287 
32 72 83 22 102 28 170 
78 25 66 65 40 76 339 
18 50 10 81 21 6 352 
9 29 45 63 48 40 109 
7 51 51 89 30 22 96 
20 56 72 71 55 25 51 
30 82 88 50 20 64 16 
76 30 19 67 9 86 97 
44 40 62 56 91 17 292 
77 17 78 12 56 62 404 
96 40 12 68 83 76 324 
49 59 14 30 78 25 125 
23 34 24 23 38 102 307 
18 12 18 66 10 43 219 
67 12 40 66 4 6 327 
92 9 101 28 12 46 389 
83 50 28 15 94 43 221 
85 56 92 20 62 26 318 
29 96 4 76 35 28 334 
48 76 66 76 21 52 126 
27 25 97 28 58 82 145 
65 92 54 18 101 101 336 
58 50 48 44 83 4 257 
15 99 54 79 20 16 143 
75 63 41 75 93 25 236 
34 97 93 6 46 45 265 
6 52 60 36 28 102 371 
28 20 34 40 50 70 53 
28 44 52 40 68 2 364 
30 15 44 11 78 27 99 
55 57 40 38 62 100 37 
49 97 45 94 16 46 195 
46 8 37 45 57 47 26 
55 44 68 80 44 77 310 
39 18 27 52 77 69 299 
65 96 4 90 72 6 322 
50 9 48 54 58 44 346 
9 9 68 23 82 20 2 
15 74 61 19 25 35 41 
81 19 44 41 79 76 330 
14 36 56 88 43 29 23 
37 23 28 88 36 93 126 
11 62 32 97 51 75 204 
24 45 73 49 73 71 281 
92 6 15 81 69 6 384 
75 13 37 41 93 97 319 
53 35 33 91 44 81 287 
59 14 46 30 3 33 367 
93 85 40 72 60 38 187 
18 15 9 68 89 38 147 
51 97 58 60 80 74 291 
12 42 60 31 92 101 132 
94 71 53 68 75 6 336 
30 99 71 35 61 35 144 
22 26 25 57 44 36 38 
20 90 73 25 61 21 329 
45 82 42 69 40 15 99 
46 58 2 16 34 56 85 
100 88 26 22 41 38 367 
18 38 77 50 66 25 305 
83 82 45 16 87 4 348 
19 31 68 23 21 13 313 
71 25 43 12 83 90 82 
4 49 6 22 84 93 112 
46 68 21 75 92 51 257 
77 59 101 49 54 37 330 
59 60 101 22 27 15 193 
15 35 40 86 37 57 323 
36 41 97 5 13 60 298 
66 49 49 31 64 16 381 
67 44 65 31 55 41 183 
91 7 102 59 79 82 126 
35 83 92 57 96 86 171 
20 7 46 43 79 10 381 
12 53 93 66 102 56 198 
93 77 57 84 18 36 185 
36 97 48 36 80 44 129 
68 60 76 70 32 54 192 
40 21 90 78 33 53 320 
56 11 95 79 28 84 171 
8 37 76 80 51 99 344 
12 100 9 101 68 64 181 
96 19 98 72 4 3 218 
57 69 7 87 85 69 328 
88 55 59 54 62 91 246 
24 2 92 82 57 65 116 
24 83 79 67 91 36 246 
94 99 9 26 83 91 209 
71 70 95 68 32 6 97 
47 52 49 8 75 86 291 
19 8 92 49 41 27 139 
87 30 22 96 34 22 386 
57 51 30 81 3 11 220 
34 99 16 27 61 7 312 
33 32 61 18 53 91 305 
93 20 79 44 65 19 340 
42 74 74 100 86 31 368 
3 22 29 74 76 20 348 
11 78 24 82 23 59 222 
101 63 80 84 34 22 262 
33 53 38 40 94 72 376 
27 44 29 77 78 88 124 
12 34 46 78 73 91 333 
44 57 64 45 62 31 169 
13 96 18 54 11 28 285 
71 93 36 84 49 95 345 
35 97 7 47 73 26 363 
32 36 8 62 33 84 364 
98 76 97 34 43 53 59 
51 14 25 69 62 63 167 
42 12 96 26 98 99 37 
62 59 100 90 7 54 331 
62 12 94 80 46 82 300 
19 41 52 8 44 73 347 
85 84 81 13 65 50 364 
26 14 38 37 87 83 149 
19 99 46 38 101 35 362 
3 33 90 18 82 69 96 
73 46 21 56 28 26 312 
77 21 79 44 6 94 147 
100 58 46 60 102 39 5 
44 8 72 46 40 98 335 
53 92 97 85 83 68 219 
70 20 83 61 59 62 172 
80 69 96 97 43 55 15 
77 46 60 82 32 24 117 
40 51 12 91 30 96 97 
31 84 61 25 28 84 125 
40 65 101 45 79 61 262 
41 77 51 99 45 81 312 
48 39 5 53 46 27 123 
71 73 72 31 67 21 204 
87 38 74 17 73 75 152 
84 60 39 55 66 66 406 
76 63 94 86 17 49 337 
46 58 75 84 59 2 285 
94 31 16 14 42 16 218 
42 79 84 75 8 41 263 
81 68 100 82 63 32 388 
12 80 47 52 74 69 169 
82 101 35 15 74 69 366 
31 25 43 26 52 49 140 
86 12 14 11 10 20 266 
92 77 4 98 72 77 337 
53 71 64 71 49 14 244 
80 50 61 35 74 77 205 
44 59 58 13 86 63 106 
70 35 43 66 51 78 368 
26 33 19 4 95 9 320 
56 81 57 5 37 76 24 
64 55 78 38 46 17 196 
20 48 87 89 16 59 339 
38 23 7 100 38 72 222 
19 44 33 81 69 74 359 
80 3 10 51 89 22 26 
82 67 30 7 63 44 28 
88 34 18 81 52 97 76 
60 52 7 101 7 53 185 
13 47 58 78 45 62 165 
46 79 40 29 39 79 229 
59 79 95 76 29 50 129 
12 18 2 19 79 72 82 
53 5 52 84 71 63 283 
22 74 31 20 84 68 170 
57 80 54 16 20 64 8 
75 14 27 79 6 16 6 
31 58 61 69 92 22 379 
76 90 47 70 18 89 150 
7 66 58 47 83 92 227 
40 50 5 60 9 20 319 
93 27 7 67 49 70 372 
18 71 54 94 48 51 328 
92 9 48 4 77 67 280 
50 70 35 24 26 48 372 
9 58 10 85 4 17 339 
64 42 5 72 21 47 362 
97 7 55 38 43 77 195 
43 60 58 34 55 11 178 
59 74 45 25 24 2 37 
15 45 11 46 36 99 116 
69 45 34 59 22 82 217 
66 82 89 85 73 46 271 
100 54 53 51 7 42 23 
70 62 49 99 47 82 332 
63 46 94 10 80 21 304 
17 26 77 36 32 92 381 
94 58 42 54 59 44 65 
93 59 97 30 60 25 402 
85 88 62 76 102 74 11 
38 97 77 95 26 94 338 
30 78 17 78 51 14 310 
6 8 47 91 40 68 287 
89 98 82 22 98 78 134 
40 17 62 32 21 93 233 
63 67 60 34 53 35 259 
83 83 54 11 13 25 323 
81 17 88 64 8 34 201 
101 97 75 30 18 52 366 
63 57 48 32 23 21 175 
43 89 58 89 35 9 24 
17 29 13 87 55 56 241 
2 76 70 15 61 10 255 
72 87 7 36 85 76 85 
28 9 80 93 6 38 159 
30 31 77 75 27 46 341 
70 64 44 65 98 33 247 
83 79 19 64 13 82 288 
3 54 55 53 35 87 366 
22 35 97 51 19 22 295 
47 95 42 36 66 81 11 
25 64 73 88 45 62 184 
31 63 31 94 58 70 112 
79 24 24 94 61 96 196 
31 50 16 81 13 90 149 
86 79 30 49 4 70 319 
92 84 67 92 27 47 370 
74 68 59 63 54 47 276 
73 21 43 8 87 57 383 
16 59 9 34 74 11 185 
86 3 48 57 2 51 359 
42 59 4 36 51 59 235 
84 59 20 61 45 71 57 
60 89 43 19 16 86 307 
27 60 60 55 38 48 359 
67 13 9 54 98 81 126 
63 41 73 37 100 39 135 
102 91 75 31 42 34 106 
16 6 39 88 67 15 64 
102 46 83 15 13 71 70 
48 13 9 49 91 85 397 
50 72 84 18 50 44 104 
71 87 26 98 16 64 208 
9 71 67 34 68 17 252 
97 92 24 88 69 18 222 
79 68 84 53 51 30 273 
36 58 72 19 73 92 128 
61 59 19 99 9 68 159 
44 44 17 25 70 38 216 
82 61 32 82 28 73 372 
21 44 48 67 36 86 298 
15 97 17 98 27 32 145 
35 8 91 62 52 18 145 
26 69 30 83 95 16 223 
98 42 38 46 21 42 167 
18 73 34 75 84 68 119 
49 2 29 45 7 20 194 
56 43 22 79 57 58 386 
77 20 86 43 72 20 72 
57 80 54 8 93 97 71 
37 59 89 70 52 8 317 
69 3 40 89 98 9 175 
101 18 69 66 86 48 166 
55 50 34 14 49 14 374 
24 77 39 17 25 32 79 
87 35 11 7 52 19 36 
19 48 56 76 13 77 229 
64 86 43 9 50 79 335 
11 57 58 5 97 88 184 
27 3 74 75 79 25 60 
85 61 61 36 31 34 146 
4 80 40 38 39 38 243 
93 98 10 77 56 39 310 
80 54 5 57 33 66 375 
47 84 3 37 53 44 326 
27 85 75 21 47 49 29 
80 21 69 60 52 87 142 
7 66 101 25 88 40 19 
8 58 81 100 70 45 236 
98 39 3 88 96 82 268 
15 37 58 11 93 71 5 
36 38 100 83 80 60 161 
19 4 13 67 5 78 80 
29 96 23 78 5 51 333 
84 67 74 58 8 71 377 
31 45 16 98 71 5 296 
22 83 20 92 88 20 321 
37 92 23 93 6 48 351 
43 37 35 89 22 21 213 
73 28 26 75 91 49 360 
61 99 71 36 74 49 32 
