8 6
300
91 6 59 3 101 83 23 58 747 
71 17 21 49 41 18 83 90 351 
85 56 98 46 81 5 11 46 117 
12 67 22 39 7 62 52 96 460 
98 25 41 77 49 28 50 64 977 
28 6 83 26 31 28 38 93 565 
41 47 27 55 94 56 73 13 1107 
43 34 12 61 99 47 80 87 797 
91 10 9 72 98 19 26 85 494 
30 88 38 96 3 16 16 13 591 
15 44 33 87 6 37 37 9 373 
71 69 9 38 48 46 63 49 1008 
41 71 52 10 32 11 16 45 313 
56 49 33 98 47 88 99 67 526 
36 6 6 74 37 91 88 56 199 
35 95 42 94 35 56 34 77 517 
100 7 15 24 73 63 12 83 729 
101 75 24 23 41 82 3 29 518 
80 69 36 63 24 78 95 83 614 
87 64 17 79 67 72 46 101 740 
32 14 35 45 64 56 31 89 993 
96 14 56 62 93 8 14 56 103 
10 39 85 39 30 92 13 27 232 
47 23 10 54 79 42 22 73 181 
11 37 7 82 34 36 96 101 840 
98 27 72 11 68 13 63 38 751 
79 95 86 45 34 40 37 86 807 
75 44 37 16 42 23 93 5 236 
6 31 7 51 45 31 24 17 1217 
50 37 58 100 93 43 81 45 951 
32 68 5 69 46 50 70 24 701 
35 85 87 52 20 65 94 60 87 
58 30 52 57 23 19 40 89 602 
12 77 53 96 37 99 45 63 453 
19 39 87 59 82 23 74 90 396 
16 101 19 95 8 35 36 25 177 
29 77 47 88 30 59 101 60 576 
8 42 50 90 9 60 28 77 255 
24 101 50 31 85 35 87 26 1081 
34 20 71 20 61 14 85 18 1045 
94 33 10 30 61 24 76 68 596 
86 28 94 61 69 33 14 14 295 
68 100 94 14 3 6 71 69 499 
80 90 82 38 7 93 74 36 540 
14 97 42 28 58 19 86 3 1200 
98 74 53 39 8 49 90 18 219 
95 83 32 6 61 94 83 97 955 
70 50 23 3 89 35 89 2 213 
86 43 44 77 29 2 8 75 1154 
92 43 84 35 50 91 75 81 650 
16 10 38 50 46 62 41 18 643 
79 97 87 20 52 8 32 6 930 
77 21 55 32 100 88 100 94 665 
98 37 102 34 30 10 82 76 1128 
83 38 98 84 37 13 50 31 949 
11 74 93 79 5 46 15 100 740 
102 86 12 52 52 55 8 45 994 
54 47 69 79 40 78 15 51 828 
82 95 85 44 84 71 11 91 243 
65 21 34 58 21 32 50 82 1102 
84 34 89 45 78 94 32 97 1032 
12 34 36 17 65 57 79 35 55 
79 59 3 44 43 63 35 45 298 
51 99 28 39 32 60 88 34 207 
83 38 19 93 14 89 86 100 703 
88 50 58 79 81 88 28 73 282 
91 42 93 28 12 35 70 82 1207 
61 76 4 78 30 34 40 98 1183 
89 88 47 16 59 44 5 49 1158 
70 75 20 41 13 61 37 100 1116 
28 57 28 86 26 34 91 28 301 
57 12 22 26 41 86 92 41 1042 
80 77 85 51 24 65 41 102 99 
83 22 65 45 43 33 42 14 494 
73 5 64 15 27 33 20 50 463 
77 46 35 36 51 74 76 59 280 
10 79 35 65 47 26 26 10 77 
63 14 70 91 86 29 45 21 434 
25 67 51 54 33 76 27 66 685 
76 49 72 94 71 86 10 35 430 
9 10 60 39 91 20 27 59 440 
72 87 62 9 93 32 38 52 1132 
75 58 48 60 40 83 70 51 740 
38 71 45 86 83 53 94 38 142 
79 88 77 33 29 76 41 58 963 
98 70 59 42 57 21 94 37 939 
91 51 72 80 71 42 60 91 1069 
95 88 6 10 17 57 21 61 788 
19 44 31 74 22 84 4 74 1000 
6 98 16 26 94 48 77 5 1064 
43 101 19 37 76 39 89 48 856 
76 90 55 4 23 98 57 77 1136 
49 19 31 90 77 99 60 56 1136 
75 71 96 60 36 14 70 80 738 
49 84 70 94 87 76 14 30 1034 
31 4 77 20 71 19 56 29 1057 
60 55 26 23 79 22 47 16 933 
78 18 56 43 36 45 38 10 1131 
27 57 33 57 79 49 14 32 640 
19 57 2 79 6 8 27 12 303 
38 28 7 50 49 74 100 38 143 
32 89 69 34 85 63 27 31 882 
57 4 78 78 11 49 70 29 720 
78 101 14 50 18 26 21 101 994 
89 79 10 62 59 42 38 84 522 
87 87 74 41 54 77 36 73 96 
50 62 20 60 82 22 15 24 462 
101 84 73 45 15 85 82 39 633 
66 97 47 38 43 29 7 85 516 
88 39 48 39 16 47 19 72 483 
65 31 99 90 49 37 5 38 1219 
73 44 74 91 61 17 26 72 923 
64 14 21 93 55 99 80 28 1043 
94 65 70 28 28 45 46 19 104 
56 77 50 12 35 6 29 35 498 
72 100 80 33 15 45 72 56 714 
22 74 78 2 13 22 52 13 902 
33 47 18 31 47 44 9 71 1163 
29 54 81 17 66 22 58 10 355 
9 62 52 27 58 74 87 26 550 
34 56 67 30 62 24 33 98 1077 
26 43 55 38 26 45 50 45 25 
81 7 10 58 46 5 93 45 621 
26 8 92 46 46 23 99 76 188 
32 101 94 59 87 70 34 34 814 
78 73 38 9 79 15 72 7 236 
39 79 12 64 39 19 74 9 1101 
100 82 99 34 41 52 30 20 542 
12 25 22 42 26 14 39 17 883 
17 19 31 79 77 41 4 62 1195 
7 70 64 77 87 80 80 36 641 
72 46 33 88 81 61 70 62 1010 
101 99 54 101 27 23 47 59 1101 
63 23 7 60 32 81 55 25 611 
84 37 40 45 64 92 61 69 872 
43 31 40 73 11 16 59 5 779 
47 8 45 43 32 30 90 19 156 
49 14 16 54 35 57 11 88 314 
47 58 36 64 42 60 52 7 343 
54 92 14 93 3 30 17 9 214 
9 43 7 12 57 47 80 14 678 
60 90 98 85 64 24 91 14 573 
31 85 68 87 93 27 2 38 342 
2 58 12 88 39 27 40 4 555 
22 37 3 92 86 29 5 95 202 
34 70 29 92 4 92 83 88 300 
53 24 53 82 11 21 19 79 691 
47 73 53 73 47 62 79 70 937 
48 41 101 41 84 100 11 70 828 
2 12 55 23 7 53 3 89 978 
97 42 28 84 75 9 73 60 262 
67 63 25 69 15 36 15 37 575 
28 14 42 55 73 43 53 19 823 
5 26 68 3 71 60 82 85 343 
53 66 69 94 70 25 79 46 91 
46 35 99 21 10 72 6 78 923 
41 44 71 87 33 58 42 70 419 
57 66 94 67 89 32 8 64 879 
82 36 45 19 78 30 36 9 1023 
72 86 18 98 99 96 85 43 500 
61 68 35 13 54 2 91 24 973 
18 81 48 69 15 48 100 26 515 
34 24 68 43 53 26 75 72 1033 
20 61 69 100 85 48 92 49 1180 
41 72 83 45 30 57 50 20 348 
39 5 72 73 100 76 54 53 228 
77 20 17 11 40 84 18 73 773 
14 20 98 2 80 68 51 61 661 
63 91 97 13 95 35 97 37 825 
16 49 62 96 48 34 29 16 363 
84 32 34 101 29 58 94 38 8 
34 39 27 7 24 41 22 93 757 
26 66 27 84 15 5 17 4 299 
5 21 74 66 75 65 38 69 356 
24 64 64 41 21 59 35 65 1204 
44 11 28 23 76 57 72 6 616 
7 2 19 31 86 27 34 91 214 
31 70 66 64 70 56 12 99 361 
102 87 47 70 51 52 6 75 1136 
101 84 47 19 96 71 15 34 825 
14 95 80 39 9 33 42 6 1161 
36 82 43 73 13 79 27 73 230 
7 39 53 68 27 13 34 35 89 
75 14 77 97 51 39 89 100 52 
53 65 80 16 30 47 57 72 1128 
54 29 73 70 94 25 53 9 1158 
18 48 71 69 7 76 25 69 1126 
22 41 33 7 86 15 75 76 100 
42 93 11 8 13 57 21 82 72 
38 7 22 54 46 44 44 73 639 
38 87 59 7 93 63 55 37 374 
63 49 45 60 97 20 17 12 202 
88 13 37 16 50 27 70 89 761 
74 70 97 92 65 16 63 39 1092 
53 38 2 50 54 78 26 60 410 
65 81 12 5 39 36 27 58 734 
19 24 39 35 39 6 101 84 821 
37 73 87 31 99 60 30 66 915 
18 40 60 61 92 91 93 7 102 
55 71 33 63 67 8 56 45 190 
54 20 101 98 51 73 11 91 1075 
51 35 84 53 76 75 61 11 226 
4 61 34 50 43 34 98 49 157 
38 76 8 80 77 55 45 78 568 
78 22 91 89 52 2 3 45 881 
28 3 97 61 4 58 90 54 1037 
85 6 79 69 3 4 60 75 186 
84 72 60 31 11 100 28 85 1094 
31 16 11 34 49 101 62 72 557 
20 79 74 52 93 25 71 62 887 
72 11 21 90 31 79 87 21 883 
16 99 95 98 34 21 68 61 468 
78 53 59 80 9 33 59 42 1174 
45 34 82 37 62 51 28 59 912 
72 43 87 34 48 29 29 48 887 
55 24 47 55 86 34 87 95 102 
17 94 3 90 33 91 83 44 1073 
94 81 39 46 73 78 46 98 217 
55 46 7 32 53 64 60 6 224 
53 92 50 50 52 70 43 12 796 
75 84 12 97 53 6 42 37 816 
37 11 53 71 11 90 16 34 594 
5 88 42 42 32 29 73 32 645 
42 46 31 72 5 62 13 73 172 
9 60 95 3 92 19 97 25 1157 
69 84 82 62 37 20 21 40 302 
26 35 54 85 26 23 54 2 1113 
39 68 8 93 60 40 76 9 906 
57 4 98 26 47 9 35 6 588 
74 82 11 13 52 67 38 88 465 
63 26 35 75 51 92 28 60 703 
90 78 26 44 88 30 46 66 432 
31 3 91 48 52 22 75 81 251 
84 28 17 43 57 74 2 14 1012 
43 84 55 8 100 89 51 47 339 
26 32 96 83 69 88 32 9 1046 
51 18 76 15 102 72 71 46 388 
44 49 23 53 44 76 47 5 1000 
84 24 5 3 99 8 95 50 608 
29 2 61 31 13 50 89 53 1185 
11 30 85 85 39 56 57 9 1196 
8 75 90 22 38 66 7 50 1039 
85 50 21 70 22 53 22 45 534 
75 15 38 76 66 93 79 38 929 
101 101 87 51 48 91 10 89 922 
64 9 66 97 26 65 65 6 38 
80 43 9 34 65 96 12 85 1156 
64 34 11 98 45 2 90 8 603 
102 36 4 31 62 36 78 60 436 
81 80 90 75 13 62 90 101 1160 
71 69 38 93 40 65 97 48 663 
69 67 66 66 9 21 16 65 858 
3 51 84 75 58 6 61 33 64 
8 91 24 50 10 46 7 21 474 
15 11 98 41 36 15 82 11 1139 
73 17 73 72 61 50 92 89 617 
15 97 14 33 34 9 60 91 701 
34 20 59 22 61 90 82 2 668 
76 64 16 70 96 48 13 90 195 
37 38 32 76 60 23 96 94 295 
29 84 79 91 83 47 58 49 1116 
38 53 59 85 92 60 95 18 307 
38 47 4 67 22 46 93 26 646 
29 60 62 38 28 68 66 55 229 
80 88 84 71 14 48 57 78 444 
61 54 48 74 83 44 98 59 582 
24 63 64 35 99 59 95 31 1091 
33 101 27 93 21 39 42 18 374 
45 69 35 57 13 46 10 34 877 
8 57 79 20 43 71 21 44 1122 
59 47 90 27 78 85 59 26 935 
13 70 35 12 34 68 13 55 1104 
17 69 53 20 26 67 87 88 902 
14 14 61 58 74 79 47 85 865 
44 20 93 52 100 88 70 99 784 
40 99 26 14 9 90 81 6 912 
43 41 22 25 41 92 11 47 145 
20 57 98 58 67 50 97 71 420 
101 66 71 67 52 29 3 49 1098 
52 2 7 73 79 70 5 6 545 
52 21 81 3 43 55 77 52 513 
70 84 34 77 19 40 56 82 488 
7 78 91 95 24 94 2 61 552 
8 49 80 31 56 62 6 47 615 
57 100 26 19 92 102 88 35 800 
60 77 86 69 19 99 30 99 347 
57 59 99 89 3 84 10 70 40 
66 41 30 74 73 74 90 101 1006 
18 91 88 91 9 91 29 45 1037 
63 41 32 83 3 59 34 50 1071 
55 70 98 44 11 24 99 24 1155 
39 88 5 14 81 20 17 14 107 
44 68 52 10 62 61 99 48 358 
75 85 40 74 42 25 86 37 374 
88 76 82 67 95 88 96 92 699 
83 51 62 14 67 91 50 92 1008 
40 47 10 40 47 65 94 26 472 
58 68 47 82 29 47 90 31 463 
31 79 75 66 16 72 4 17 1186 
71 63 20 52 26 52 43 49 1093 
