8 4
300
69 8 11 28 6 59 76 75 496 
54 86 99 74 22 76 96 82 343 
21 8 30 99 32 91 55 22 617 
9 35 44 50 102 90 37 35 718 
66 90 85 46 99 43 25 16 709 
12 28 38 8 17 95 80 82 623 
28 72 78 22 76 86 83 69 330 
21 6 86 12 39 88 88 32 755 
61 77 11 90 75 18 4 45 767 
42 3 20 51 72 21 13 10 515 
13 46 16 100 65 32 3 7 86 
5 3 91 52 22 87 2 21 42 
69 41 99 63 20 33 92 44 542 
24 72 36 67 100 31 25 77 707 
80 63 14 81 89 71 7 101 344 
7 92 83 35 51 53 16 46 568 
68 53 27 85 10 23 66 80 287 
78 40 4 62 28 47 100 24 473 
95 91 54 30 58 22 91 87 422 
88 91 22 85 52 57 61 59 200 
63 97 55 93 17 11 36 31 498 
42 47 66 38 37 29 95 24 452 
20 39 97 8 96 25 72 80 728 
16 95 90 50 3 71 23 38 219 
7 4 75 45 97 29 61 51 322 
90 52 56 95 92 31 101 44 164 
31 58 3 32 23 39 22 21 290 
75 94 47 96 17 101 3 90 166 
84 76 45 70 49 47 86 84 232 
38 23 6 61 50 61 51 93 659 
27 77 83 38 26 78 93 87 468 
97 96 36 57 95 4 10 19 549 
79 63 11 59 47 41 11 86 800 
34 16 46 87 47 26 20 77 107 
42 48 53 69 79 64 89 92 720 
96 83 30 4 53 33 94 74 250 
74 71 32 43 29 42 80 61 582 
15 11 51 12 38 20 91 71 581 
19 12 86 49 71 58 53 17 24 
71 32 65 15 95 75 96 48 53 
85 100 22 13 92 20 92 76 656 
42 86 47 13 15 84 62 77 507 
49 27 101 76 92 14 39 10 243 
10 2 18 78 18 92 14 8 579 
54 8 22 68 59 97 78 13 256 
60 61 19 84 55 20 13 49 179 
9 11 10 10 75 84 90 84 602 
66 66 69 57 101 9 13 10 567 
44 83 70 6 101 81 82 81 404 
15 28 49 100 67 72 70 7 793 
65 45 35 41 79 77 24 13 390 
66 5 61 11 73 47 50 71 534 
56 5 12 31 30 96 34 77 461 
28 68 101 100 89 96 12 50 530 
39 5 6 95 84 89 33 19 627 
92 6 57 4 52 98 6 16 20 
89 37 18 41 9 4 20 97 368 
51 68 18 67 101 25 82 14 543 
63 63 22 25 99 13 19 44 585 
3 26 19 5 95 75 94 25 105 
51 100 98 4 77 89 44 85 415 
63 27 7 34 25 40 31 45 431 
84 66 40 7 23 66 32 19 581 
30 47 75 44 75 78 13 33 110 
72 62 88 35 82 16 62 58 143 
69 71 4 81 76 52 22 12 481 
77 46 79 34 73 60 18 16 306 
80 21 54 31 23 94 27 61 681 
68 51 86 25 47 68 49 66 392 
72 52 73 24 24 64 19 38 706 
39 41 90 31 19 68 79 84 304 
67 40 50 12 56 17 69 56 500 
77 54 102 13 87 10 12 49 529 
68 58 99 92 14 88 7 90 165 
97 40 34 20 48 64 31 84 208 
2 62 98 58 57 70 3 44 687 
89 27 56 82 21 72 3 13 218 
42 77 29 64 7 68 97 74 135 
31 59 7 39 85 4 84 12 708 
71 12 2 31 91 71 3 20 513 
68 17 21 64 18 37 38 90 61 
101 40 57 32 63 86 53 74 696 
81 52 45 54 100 11 86 34 10 
28 13 88 60 63 88 5 32 468 
100 69 43 72 3 96 97 86 587 
34 41 51 18 80 18 86 24 560 
22 16 19 11 81 86 37 11 631 
23 43 79 71 29 33 28 56 49 
47 12 50 51 59 16 39 54 759 
54 12 36 72 75 41 20 85 131 
43 90 90 58 37 94 19 76 351 
97 65 14 20 92 26 13 41 106 
22 73 59 5 74 29 93 85 812 
46 53 70 40 53 46 17 88 534 
20 90 76 59 34 85 73 44 724 
83 35 22 12 61 36 28 100 96 
61 40 19 63 67 54 94 75 184 
77 59 14 70 5 6 60 95 420 
40 66 42 76 33 31 40 12 406 
82 36 94 36 15 55 34 58 391 
51 58 25 24 66 61 63 98 700 
78 15 32 18 54 68 85 89 279 
74 87 9 89 25 57 5 15 322 
32 44 46 61 38 49 58 11 299 
31 18 102 83 15 37 46 64 798 
22 66 84 28 53 27 21 62 582 
43 64 35 70 22 53 21 33 444 
44 19 79 85 61 44 32 56 582 
37 93 74 74 46 63 59 85 402 
59 6 93 21 42 77 78 18 392 
5 63 98 50 64 85 83 4 369 
23 39 6 42 98 99 56 86 567 
102 71 20 74 12 39 4 64 220 
66 25 78 4 9 46 96 29 760 
77 88 31 91 93 44 18 38 379 
47 19 9 96 67 58 8 78 379 
32 33 52 61 48 102 58 19 648 
71 21 31 63 48 72 6 81 801 
42 13 81 78 58 76 93 59 371 
21 72 60 22 98 33 99 66 779 
45 17 42 32 35 75 64 49 140 
19 86 73 39 92 88 60 68 530 
70 56 77 78 71 91 56 38 390 
24 51 26 100 65 84 76 63 519 
60 12 80 7 16 11 59 76 600 
77 84 82 74 64 32 69 32 88 
22 68 49 53 78 98 27 43 806 
95 21 23 91 65 31 24 102 453 
89 64 42 68 21 97 17 81 444 
70 52 88 96 33 35 73 56 773 
19 9 37 84 82 75 12 66 443 
55 88 21 53 51 64 77 82 554 
73 56 50 53 38 98 44 59 739 
14 102 90 90 19 11 36 8 761 
23 7 84 68 58 57 43 65 762 
37 19 3 26 21 53 68 2 814 
49 68 73 41 42 24 85 100 525 
68 67 71 13 19 46 71 56 613 
88 7 100 95 12 75 5 9 330 
92 90 83 39 24 19 11 89 327 
24 84 67 62 85 61 93 77 797 
27 26 3 59 57 67 78 82 782 
4 57 57 100 38 35 84 95 77 
85 31 45 54 3 32 6 49 588 
12 28 23 41 4 37 78 80 674 
42 34 35 18 62 44 23 9 265 
87 27 48 34 79 92 52 9 374 
57 75 25 73 56 11 95 68 441 
77 65 55 22 24 60 52 45 496 
78 69 71 3 33 96 99 21 178 
28 80 51 33 92 96 91 23 45 
62 71 81 26 25 96 90 48 366 
82 66 5 90 84 37 32 75 329 
79 56 44 31 76 36 89 69 719 
7 46 75 61 33 3 55 93 604 
84 54 46 77 15 87 51 20 449 
21 39 99 16 3 18 56 15 551 
65 33 97 47 39 58 8 85 22 
74 23 35 4 38 93 63 50 179 
98 4 43 59 81 58 81 70 245 
93 94 45 59 6 20 35 91 493 
81 39 16 90 71 32 84 80 789 
24 19 4 8 55 55 97 60 89 
29 8 53 41 67 71 28 17 744 
62 17 19 17 71 49 32 84 91 
10 10 35 13 77 4 61 60 424 
30 88 41 91 64 48 10 9 679 
11 42 74 47 64 56 41 24 513 
82 9 50 57 77 73 44 89 413 
80 18 33 51 82 10 19 100 238 
54 72 55 72 9 64 66 23 342 
41 64 47 81 74 55 41 81 413 
6 75 12 70 49 77 98 32 743 
54 62 62 66 30 67 27 88 423 
12 12 2 88 93 56 31 5 202 
7 101 46 80 13 3 59 15 200 
21 87 25 80 77 79 73 13 504 
84 77 37 83 55 88 3 31 567 
52 20 84 58 40 46 52 93 255 
49 76 51 61 9 17 42 9 13 
30 34 37 25 17 82 94 50 236 
92 26 47 60 79 83 33 9 777 
44 64 49 82 29 86 48 25 301 
15 24 69 22 42 49 86 75 795 
36 29 5 4 66 92 17 62 542 
88 92 100 70 30 3 22 100 361 
57 51 6 53 80 94 45 82 210 
63 72 86 100 75 6 86 99 650 
94 42 100 58 66 69 20 62 277 
41 47 96 69 2 44 5 32 198 
95 85 51 13 61 86 67 56 737 
84 89 18 96 86 33 23 29 473 
48 100 86 39 35 20 60 7 286 
34 97 72 44 98 46 82 93 111 
32 83 84 16 93 13 79 37 595 
20 46 63 64 47 75 86 59 259 
42 58 52 34 55 56 51 35 481 
23 43 94 75 17 95 20 93 379 
78 34 9 76 63 100 47 42 492 
76 71 51 99 59 40 14 42 290 
65 100 30 30 67 60 54 58 771 
83 47 31 70 46 57 29 10 211 
27 68 97 54 89 15 96 77 522 
12 26 86 55 63 77 60 57 754 
21 51 69 50 24 7 5 66 776 
33 8 27 97 72 51 15 89 600 
43 13 14 17 36 91 97 44 263 
13 30 87 56 12 92 64 10 487 
61 78 47 92 51 25 20 65 566 
41 17 56 37 42 75 4 19 359 
83 6 17 80 56 81 75 95 292 
12 78 98 37 34 64 91 56 90 
31 53 64 90 99 73 22 58 226 
80 78 90 13 55 95 48 83 36 
47 83 24 67 19 58 90 10 707 
75 6 84 94 48 88 64 75 543 
84 95 9 46 60 100 54 97 142 
50 101 26 5 92 53 60 46 599 
90 65 35 8 2 91 86 49 425 
47 88 32 3 51 82 29 66 724 
99 3 25 26 16 25 41 42 70 
65 72 16 33 37 3 15 76 78 
35 78 94 20 62 13 48 9 76 
89 49 52 46 78 28 64 63 357 
52 66 52 13 69 63 83 23 622 
40 16 53 30 90 77 73 95 721 
98 80 43 14 80 9 15 53 761 
60 21 96 90 71 76 60 65 82 
62 25 10 34 40 41 37 10 757 
60 61 60 77 75 85 39 68 673 
5 41 88 44 99 18 69 25 18 
84 52 47 79 73 28 67 13 579 
82 67 43 4 78 71 17 57 754 
37 85 48 13 53 5 94 57 195 
25 19 27 95 66 17 39 55 479 
50 84 91 34 12 64 14 59 10 
44 2 64 19 30 44 25 34 326 
57 73 101 44 87 17 4 44 764 
48 89 3 28 68 25 13 69 597 
6 5 74 87 101 96 4 52 448 
63 9 92 85 71 34 77 83 670 
62 8 99 75 32 71 70 68 571 
2 18 36 41 8 63 71 21 244 
69 73 74 7 42 37 63 43 287 
6 65 20 71 52 87 43 53 492 
78 33 75 6 18 35 26 4 275 
22 24 2 30 16 52 4 10 86 
12 57 69 64 14 91 36 66 33 
54 33 68 52 100 57 3 95 723 
59 66 56 41 84 40 4 42 155 
37 78 51 70 69 45 76 33 785 
96 17 20 86 72 54 31 74 575 
70 73 27 47 29 23 63 47 359 
58 73 75 31 62 74 72 101 724 
57 85 67 25 77 68 61 9 640 
72 75 96 4 12 12 70 36 570 
96 91 50 30 9 24 101 21 493 
25 67 57 48 15 72 65 76 721 
8 47 97 60 88 22 44 93 585 
52 56 63 66 63 28 4 78 84 
43 28 78 45 26 59 8 38 349 
26 26 62 26 41 38 23 64 728 
77 38 5 30 88 18 52 51 530 
102 61 5 30 46 39 62 25 393 
14 65 22 40 54 52 79 20 552 
13 28 17 26 44 102 39 30 332 
9 15 42 63 94 77 94 8 625 
41 97 82 25 65 18 90 11 804 
71 38 85 55 53 70 50 41 189 
52 77 19 6 94 18 98 55 86 
10 53 73 47 48 48 76 40 189 
90 90 65 101 38 35 3 70 747 
59 57 64 74 14 56 54 44 253 
61 37 6 65 29 12 8 82 476 
30 26 92 39 81 15 47 62 417 
62 53 41 87 5 26 27 41 802 
50 38 41 19 94 6 17 16 25 
21 26 63 54 95 58 77 75 356 
4 22 78 51 29 54 5 94 740 
93 77 35 82 41 90 14 59 360 
21 13 34 87 24 66 12 28 295 
92 10 60 85 12 32 82 25 161 
24 101 11 89 17 2 16 26 325 
72 41 88 75 42 38 14 57 510 
14 18 100 14 42 3 18 15 687 
35 10 67 5 102 18 70 92 476 
37 34 98 34 74 100 27 41 708 
52 19 70 24 74 57 69 71 59 
24 13 61 10 73 4 18 83 132 
77 69 41 72 7 52 80 79 190 
68 82 46 101 89 2 16 68 784 
18 13 38 12 38 33 10 48 646 
101 29 63 96 18 93 84 52 589 
49 82 14 19 46 97 34 3 727 
65 25 26 61 95 7 8 102 574 
82 67 34 10 64 61 73 81 408 
64 74 66 56 19 39 30 69 701 
86 101 69 44 80 37 44 48 193 
57 42 36 58 90 18 22 5 690 
42 41 20 55 48 67 47 72 237 
