8 2
300
43 61 70 29 62 72 45 26 116 
55 6 28 33 13 79 67 79 226 
22 63 52 38 73 59 17 60 116 
29 42 9 21 14 24 20 28 252 
36 14 6 83 31 43 15 52 52 
92 26 74 53 23 89 57 66 385 
11 7 90 13 14 4 44 18 342 
23 37 94 6 15 87 17 33 264 
53 42 34 11 25 23 46 27 140 
58 78 21 22 65 49 29 11 89 
75 25 2 4 41 15 59 93 64 
22 87 13 90 38 93 25 6 103 
64 101 84 70 69 89 70 88 167 
67 3 73 47 79 6 65 44 33 
66 51 3 21 54 34 7 26 164 
25 70 41 30 99 61 24 67 41 
42 7 58 15 36 55 74 95 368 
46 77 10 9 26 97 85 61 228 
26 45 50 52 65 45 49 47 74 
3 38 7 14 25 14 97 26 150 
54 53 17 50 49 61 44 63 201 
33 18 46 47 47 40 6 100 90 
64 92 45 15 68 91 37 73 231 
87 34 54 98 14 3 60 33 33 
43 78 98 91 10 3 96 18 121 
76 59 93 68 11 26 92 35 139 
96 41 87 28 14 79 5 58 121 
99 37 6 45 88 16 33 65 91 
28 75 84 44 21 52 62 63 59 
67 21 25 30 8 82 69 66 377 
25 17 66 21 88 53 74 99 329 
28 33 72 79 38 48 4 66 242 
53 54 22 37 68 53 65 39 153 
8 71 31 26 78 24 24 10 196 
60 9 89 33 72 23 72 36 126 
46 90 86 80 27 44 23 17 52 
75 90 51 15 59 51 16 68 118 
53 4 57 50 58 30 100 46 237 
74 22 85 100 67 35 23 21 202 
56 30 45 90 5 63 12 51 83 
101 48 52 41 19 5 95 20 132 
78 97 35 58 81 83 86 51 388 
32 76 25 18 94 40 101 62 156 
87 65 101 96 40 9 10 101 402 
10 35 5 81 8 48 3 47 97 
19 100 51 64 6 57 68 82 306 
99 85 56 14 42 59 68 10 225 
35 84 59 28 50 83 85 77 66 
93 52 71 79 17 49 16 85 257 
91 25 61 46 30 60 34 13 66 
47 98 96 49 16 100 93 69 258 
68 93 51 70 82 31 41 76 124 
8 22 70 9 99 59 96 79 346 
98 91 56 101 96 40 67 40 323 
24 47 39 73 87 50 86 50 375 
16 23 45 32 7 56 30 28 369 
50 40 101 39 55 39 15 98 319 
11 69 99 13 6 44 52 19 123 
95 37 37 22 25 51 67 82 229 
43 67 86 102 73 71 49 19 406 
82 88 93 102 60 91 72 77 330 
97 4 19 3 83 91 26 37 368 
57 30 18 52 73 75 83 74 126 
96 12 98 30 66 89 45 72 128 
40 95 80 48 52 50 71 72 317 
41 42 87 97 77 38 80 94 361 
86 33 16 20 21 88 61 78 265 
87 69 40 32 61 13 59 88 171 
15 11 80 69 83 3 98 44 131 
48 101 36 62 51 74 100 61 161 
19 23 76 94 89 76 85 86 13 
41 11 83 76 40 92 97 68 342 
12 19 52 15 24 79 56 15 313 
33 27 20 69 34 2 74 42 266 
69 23 23 6 86 99 101 59 138 
53 74 63 47 67 85 90 90 173 
92 6 101 100 39 77 100 55 243 
87 75 79 83 4 99 27 30 185 
64 9 35 55 16 67 45 6 167 
17 88 61 36 80 45 60 84 149 
68 71 86 49 8 33 40 16 343 
58 72 72 66 22 40 40 28 333 
12 39 92 36 57 35 36 85 272 
2 53 96 36 25 22 63 60 239 
63 17 3 3 17 2 83 89 140 
72 53 68 23 98 55 64 51 185 
48 35 17 52 15 25 67 40 258 
92 25 49 53 5 63 81 79 45 
83 10 24 92 54 70 101 66 128 
2 81 57 44 74 76 76 17 107 
46 13 4 80 38 79 39 94 263 
89 21 51 7 44 21 44 83 165 
25 58 82 49 53 51 94 67 242 
10 50 53 75 78 89 37 38 270 
10 5 74 47 55 63 5 15 184 
84 97 39 38 102 93 36 53 243 
48 98 62 55 88 73 20 31 180 
16 16 45 63 71 8 55 36 320 
70 80 5 22 46 40 6 12 283 
24 74 50 62 41 27 30 92 162 
8 57 19 3 29 26 19 92 403 
4 23 28 32 85 68 14 68 300 
58 28 54 24 51 78 4 98 232 
97 55 77 20 35 82 69 49 323 
63 69 53 81 5 56 42 4 362 
45 94 91 85 50 75 54 74 260 
89 86 7 43 101 33 69 23 149 
26 86 90 48 66 38 89 53 404 
24 79 25 100 84 49 90 61 17 
69 15 8 3 68 64 18 81 261 
76 22 70 22 14 83 20 17 74 
3 99 30 56 98 98 76 32 384 
42 91 3 60 55 42 29 102 37 
33 25 21 28 32 86 74 15 127 
33 3 67 44 82 69 32 89 251 
77 16 19 11 29 38 70 78 369 
65 18 69 30 95 14 75 90 378 
101 77 70 46 84 85 68 45 118 
31 100 11 36 30 68 81 54 351 
94 23 98 85 60 55 96 11 396 
66 5 10 55 71 94 76 33 50 
96 33 34 36 46 85 9 41 320 
83 31 90 3 52 43 28 83 271 
99 19 19 17 52 75 88 4 168 
22 77 31 19 62 100 56 87 87 
56 60 80 15 77 21 77 15 328 
11 65 55 69 29 90 28 80 59 
97 81 83 61 50 44 44 89 261 
51 66 71 92 49 67 22 74 96 
91 86 43 99 42 40 95 79 161 
90 55 50 43 93 84 86 61 25 
42 97 12 38 72 90 57 28 198 
13 22 18 90 49 57 67 39 383 
75 100 42 45 69 73 5 56 139 
18 10 76 89 8 89 61 82 315 
15 55 16 55 44 16 91 83 233 
25 2 8 95 78 55 90 13 251 
68 99 30 41 35 18 56 42 72 
77 27 15 31 31 69 80 54 344 
82 21 58 28 56 88 16 82 220 
29 25 35 23 100 98 28 95 337 
51 76 22 100 101 4 99 17 231 
46 96 74 41 17 26 71 10 373 
7 43 45 45 27 55 64 29 69 
87 56 28 20 5 38 87 31 319 
66 84 23 55 31 41 31 73 351 
84 90 10 11 54 92 6 23 215 
41 8 51 69 38 74 88 14 248 
32 28 93 38 57 87 48 7 110 
73 54 14 6 15 56 69 82 160 
10 78 4 38 15 84 85 48 96 
31 99 48 51 70 19 81 101 183 
97 48 36 25 65 48 65 36 281 
43 37 95 97 3 57 35 80 150 
60 96 15 11 55 11 64 19 37 
83 24 86 97 28 16 11 74 143 
7 87 14 58 75 82 15 45 45 
32 35 98 93 18 92 82 22 23 
34 87 95 27 63 48 40 85 49 
86 48 11 80 88 30 23 30 377 
26 4 23 35 98 12 100 34 342 
15 92 8 96 16 7 11 80 354 
44 83 26 68 20 92 70 31 393 
3 54 49 70 72 90 100 58 75 
86 101 92 84 28 31 64 27 378 
7 92 34 6 71 10 44 81 193 
70 60 86 33 67 69 16 99 326 
39 47 22 20 99 60 89 27 321 
99 61 56 98 6 95 99 65 160 
66 99 85 41 28 93 43 32 402 
36 55 36 25 70 31 51 28 328 
74 89 96 76 18 46 32 47 81 
95 74 56 94 36 4 30 52 407 
99 100 21 32 79 69 61 56 294 
46 76 93 27 49 80 14 27 310 
47 92 83 40 11 83 73 50 235 
46 44 21 35 97 21 32 54 116 
63 45 12 29 17 65 74 88 288 
30 70 28 78 81 10 28 85 244 
21 61 91 40 60 31 12 17 49 
55 14 82 74 98 97 52 53 338 
68 21 77 20 68 25 13 45 330 
34 70 65 13 9 14 61 13 379 
41 25 86 83 19 102 53 22 302 
93 58 74 33 28 30 28 62 261 
87 2 95 67 30 17 50 80 192 
50 44 7 69 15 87 4 13 119 
100 87 4 77 69 48 51 22 356 
11 3 44 37 87 49 50 76 45 
102 76 97 71 35 41 55 5 318 
71 26 44 89 31 17 101 29 306 
64 11 35 49 18 10 30 41 314 
7 15 59 60 21 41 76 4 152 
36 31 54 65 25 66 70 82 392 
47 23 74 29 39 60 74 88 267 
79 55 60 89 43 96 64 50 366 
23 13 7 5 15 29 81 67 400 
25 101 88 71 80 38 14 85 75 
7 80 78 101 88 35 76 99 201 
81 49 90 60 2 77 76 49 281 
93 43 10 47 50 73 62 51 355 
81 10 77 24 77 60 78 59 286 
15 24 28 74 32 18 80 101 78 
12 67 101 14 97 33 69 23 173 
12 62 32 7 41 39 48 97 365 
76 60 74 32 84 45 7 63 103 
45 21 13 94 69 51 55 52 344 
90 69 15 45 56 56 17 68 398 
42 10 85 91 28 37 29 6 171 
49 81 85 58 9 36 8 26 7 
33 21 94 83 55 91 54 60 114 
78 33 5 19 17 19 48 67 218 
44 56 95 78 67 66 9 7 288 
4 34 62 81 39 32 55 86 193 
7 61 57 96 39 70 10 53 297 
40 32 66 68 12 45 82 66 284 
10 57 56 31 76 49 21 53 107 
70 99 96 75 66 33 72 43 24 
100 50 20 27 70 16 93 71 310 
8 38 24 19 101 75 63 47 122 
95 78 88 10 77 88 44 42 219 
81 68 67 36 98 72 39 85 68 
54 84 88 42 40 6 73 15 62 
6 53 100 23 14 21 3 79 263 
22 92 75 34 85 31 63 14 17 
13 74 42 54 82 18 59 11 257 
45 55 40 83 38 64 73 40 363 
57 60 56 48 35 21 7 19 377 
45 22 101 60 81 28 3 63 167 
77 54 73 84 66 5 58 60 99 
28 41 56 13 63 47 42 7 222 
52 66 41 23 49 64 26 15 365 
65 87 76 14 82 77 23 98 354 
20 75 95 53 92 77 97 82 322 
41 34 61 57 20 76 74 53 395 
3 56 7 10 60 53 15 95 296 
52 15 60 80 92 67 60 24 131 
63 101 76 66 27 69 86 87 333 
33 11 69 101 43 31 81 22 171 
84 12 17 44 39 99 5 47 271 
22 63 44 96 99 98 44 13 212 
25 39 31 40 27 75 72 85 343 
7 53 75 31 101 71 26 78 51 
19 20 64 79 64 82 3 65 101 
41 39 14 73 59 32 80 58 340 
14 46 87 44 75 57 15 99 384 
95 93 63 75 72 22 86 28 379 
92 48 77 51 39 63 51 33 189 
74 36 96 45 54 45 88 13 134 
29 76 48 9 65 66 88 10 296 
65 68 69 94 89 33 39 89 44 
10 66 9 26 96 44 10 43 258 
2 52 41 20 89 61 90 59 211 
49 85 84 13 65 31 91 87 264 
81 82 50 65 8 66 35 80 195 
27 6 83 6 101 24 3 88 234 
35 47 81 10 6 31 82 91 21 
30 99 3 80 37 10 79 31 249 
18 39 46 77 87 10 13 65 220 
73 46 86 62 11 78 74 58 166 
87 73 79 20 85 19 62 7 332 
49 49 71 74 28 71 63 88 200 
15 60 62 73 99 43 78 11 188 
22 70 90 27 8 80 70 94 238 
86 99 56 29 18 83 29 67 65 
87 100 19 17 101 26 30 61 402 
83 16 77 38 45 76 73 41 152 
95 24 43 93 7 36 13 79 362 
97 88 44 81 46 34 28 93 44 
30 8 71 66 99 50 82 89 321 
85 51 56 82 58 79 46 36 176 
77 96 96 86 5 24 37 35 295 
59 3 72 45 12 54 66 45 137 
70 31 27 95 13 19 57 30 118 
36 17 33 67 38 13 91 53 395 
18 47 5 49 31 66 77 25 350 
11 43 41 4 17 15 45 77 19 
20 83 85 79 31 77 95 3 74 
43 93 68 61 56 61 57 50 401 
33 23 3 63 20 90 34 48 357 
92 34 102 20 24 62 8 73 286 
15 42 18 29 56 30 48 36 131 
22 52 89 82 49 70 17 14 222 
6 59 65 98 47 84 90 5 280 
20 26 71 8 55 85 91 44 35 
84 6 69 74 16 86 58 14 393 
3 13 87 34 5 12 8 5 58 
9 20 97 36 41 53 62 30 44 
65 16 99 6 93 7 61 35 37 
89 33 45 81 42 36 88 89 377 
85 88 22 61 101 52 71 84 100 
16 50 66 18 15 88 76 95 397 
101 99 22 82 75 72 3 21 292 
73 30 80 63 50 54 61 78 175 
92 5 17 50 37 11 83 48 345 
46 73 21 59 7 49 38 89 368 
74 5 15 52 60 82 80 100 220 
48 55 2 14 59 38 45 86 367 
85 53 64 13 101 29 88 59 197 
55 17 26 33 27 63 64 89 300 
