6 8
300
50 15 99 58 76 9 1150 
6 48 21 30 11 98 1621 
17 29 39 86 60 64 1456 
29 40 15 79 70 44 1348 
42 42 7 9 3 6 188 
35 18 67 10 100 64 663 
81 48 17 64 96 45 340 
9 28 78 27 55 32 347 
77 86 81 8 67 90 1036 
8 16 23 10 94 90 1328 
13 74 78 62 2 51 789 
95 100 17 76 102 64 551 
16 31 85 50 76 92 961 
34 89 3 36 76 79 1186 
34 96 55 4 57 41 1567 
56 102 67 55 84 75 1339 
88 65 34 67 28 32 1497 
86 40 62 20 100 25 1293 
87 77 28 28 74 78 988 
6 64 75 47 24 40 975 
32 20 97 94 19 79 742 
26 71 71 50 49 83 777 
57 95 86 59 19 19 1137 
27 40 29 12 99 24 1339 
3 61 22 6 94 34 895 
22 67 28 82 48 36 999 
8 60 80 26 97 15 796 
71 91 90 8 23 92 86 
82 70 84 22 57 65 370 
12 51 47 57 51 95 575 
30 60 79 73 85 10 309 
83 51 88 5 11 35 525 
72 35 100 73 44 52 664 
99 45 62 93 73 41 1563 
11 35 71 48 22 16 671 
34 13 37 40 84 88 1613 
21 98 20 49 32 92 656 
18 49 86 9 45 97 509 
16 19 83 14 72 25 1174 
18 19 59 90 22 93 627 
24 65 35 62 65 44 1275 
49 45 46 43 50 58 1518 
88 87 41 79 21 12 282 
96 56 27 14 65 29 41 
82 63 60 12 101 4 1534 
85 52 49 82 55 55 1098 
76 39 74 24 69 81 493 
34 20 14 3 83 23 462 
11 10 50 102 17 78 1104 
84 88 32 51 56 101 47 
37 94 99 68 59 52 321 
19 55 92 98 50 74 782 
45 49 11 20 83 68 1214 
44 101 82 40 79 102 1507 
53 44 75 16 82 29 1582 
28 17 37 26 73 11 1496 
57 60 6 69 5 22 640 
41 23 32 75 35 30 1509 
95 19 30 82 52 29 1086 
14 19 84 70 47 53 272 
34 77 96 11 59 85 1430 
42 78 73 76 82 55 195 
22 45 42 49 101 6 535 
99 8 46 23 83 27 699 
43 24 101 61 71 25 116 
48 38 66 78 48 7 866 
43 59 8 72 76 57 1493 
77 44 23 48 49 86 568 
70 52 91 78 60 47 1626 
56 74 17 13 33 7 1207 
9 78 73 55 102 82 916 
51 41 52 9 72 53 1080 
82 79 15 24 41 74 1276 
88 77 2 90 62 55 1425 
87 93 61 45 52 20 1112 
68 53 95 49 6 81 315 
13 40 71 89 96 35 1213 
97 5 91 94 34 98 336 
3 72 67 42 28 71 1049 
50 93 66 22 36 100 230 
29 22 77 37 96 61 1220 
39 34 3 69 22 15 1466 
90 73 54 19 24 50 1057 
82 30 9 80 12 57 1036 
49 7 69 62 37 62 1118 
85 15 59 41 39 48 1041 
41 66 75 8 58 76 979 
22 14 5 14 52 51 758 
94 70 59 86 6 13 1472 
29 36 9 86 55 23 87 
59 96 81 87 4 3 677 
66 36 73 56 83 6 435 
95 66 50 87 13 24 1482 
47 2 57 35 36 76 199 
32 68 24 5 55 57 1033 
20 26 29 51 50 7 460 
35 88 32 25 10 66 557 
73 61 101 44 101 16 193 
96 25 54 69 29 31 563 
70 51 53 29 51 65 1223 
41 23 39 65 19 65 198 
17 28 11 29 12 80 960 
9 25 64 56 42 53 392 
3 77 83 23 78 96 1064 
38 80 98 61 2 61 516 
40 65 81 84 54 102 1290 
100 45 43 19 53 78 1000 
28 92 76 11 14 53 626 
48 57 44 43 71 49 1281 
49 15 70 12 21 29 1121 
62 85 74 90 54 47 52 
34 42 5 27 20 6 164 
91 24 52 90 10 95 1514 
9 39 43 85 55 3 827 
31 75 10 34 50 95 1088 
9 4 22 62 8 37 221 
17 40 19 53 45 71 956 
93 19 23 13 36 78 858 
48 33 8 101 46 54 48 
69 98 94 72 13 45 1336 
23 32 30 4 60 81 1501 
100 26 34 12 34 94 630 
58 89 23 16 19 16 995 
73 16 63 64 85 13 793 
45 27 83 34 27 79 1148 
89 95 11 78 99 63 777 
9 76 91 14 62 66 175 
11 73 57 97 31 23 809 
18 69 42 77 71 45 910 
101 52 80 9 17 70 1133 
96 15 41 22 55 15 1046 
42 74 51 24 48 40 548 
56 28 39 98 58 23 1155 
28 70 3 30 19 94 125 
26 13 8 47 98 43 256 
60 19 76 78 10 87 1237 
97 93 55 24 8 24 750 
26 43 13 62 49 101 1110 
46 40 94 38 23 59 271 
63 46 80 52 99 20 1555 
12 65 22 50 37 97 500 
79 50 7 14 72 64 1627 
72 97 87 51 45 50 227 
80 84 41 88 31 61 554 
50 77 74 11 6 53 236 
81 93 14 14 6 39 1102 
93 89 27 54 97 19 1495 
51 94 4 56 72 83 511 
82 83 64 9 38 99 480 
74 35 5 67 13 87 1487 
6 75 39 41 12 48 1436 
97 17 36 36 44 44 1614 
85 72 57 36 71 85 1601 
12 52 7 70 43 40 301 
56 24 88 86 33 2 727 
21 67 17 62 37 45 1392 
68 29 75 95 56 32 1456 
65 50 33 44 4 95 1543 
25 33 73 71 10 72 681 
95 50 52 13 44 56 1043 
7 41 76 36 42 15 712 
25 35 77 88 10 31 1478 
76 57 44 31 9 52 1560 
36 46 93 29 76 46 1201 
81 24 84 14 78 27 941 
11 59 10 65 82 53 18 
100 98 85 2 42 53 308 
95 10 84 36 7 70 1168 
97 86 9 68 71 72 707 
13 94 76 34 6 35 1063 
100 36 69 29 101 97 581 
50 10 29 35 94 57 1409 
16 3 80 73 59 88 226 
76 3 98 13 83 60 1431 
6 11 71 39 20 56 1550 
76 17 9 8 76 38 771 
78 82 35 79 17 59 1578 
93 98 62 49 49 53 400 
35 72 18 20 39 50 710 
101 60 99 76 3 93 646 
87 73 68 85 52 69 1595 
23 66 36 68 3 93 213 
15 10 92 73 4 73 678 
47 93 90 39 90 6 1258 
24 38 4 16 68 59 101 
27 96 65 99 87 29 199 
9 84 54 38 59 33 1402 
52 9 5 101 23 100 661 
82 80 49 64 65 23 1611 
29 34 54 37 36 9 1433 
16 28 77 20 46 31 626 
11 38 3 33 75 93 1179 
31 102 17 47 61 68 737 
18 19 37 24 8 15 1297 
52 2 3 25 26 100 590 
82 30 83 79 71 4 1161 
44 48 33 92 31 29 1596 
34 39 93 77 43 45 1590 
12 42 98 40 18 61 959 
38 102 10 52 95 38 801 
73 36 70 93 65 76 1209 
73 6 34 79 89 84 295 
65 12 51 84 57 41 1155 
90 87 41 55 45 14 111 
48 25 42 38 92 51 996 
5 25 86 80 71 25 638 
38 66 63 31 79 43 1179 
91 61 69 40 99 80 1351 
51 31 40 22 64 69 399 
83 94 42 98 35 59 993 
90 66 6 89 17 34 858 
24 80 25 68 74 36 930 
65 75 101 95 72 80 883 
96 48 60 9 58 17 896 
74 23 35 46 86 13 31 
97 65 53 84 49 32 439 
53 17 56 92 35 69 291 
21 43 5 64 81 9 1524 
20 49 82 61 19 100 820 
59 93 24 90 25 57 1117 
12 50 13 26 50 29 714 
34 6 19 25 49 39 859 
82 31 84 7 7 10 1251 
18 74 25 31 35 79 1529 
26 34 4 12 14 51 146 
96 95 40 33 82 52 1417 
45 64 38 72 62 100 1262 
63 42 85 20 49 94 1536 
78 90 97 17 53 52 128 
74 17 15 37 90 46 1399 
39 45 76 27 61 92 1199 
11 89 61 74 81 18 1020 
93 21 94 68 60 17 292 
7 46 17 31 102 81 1148 
49 25 37 75 56 94 407 
99 11 95 90 4 23 1095 
3 37 45 73 36 47 1321 
98 24 71 32 31 70 520 
101 61 98 61 13 5 1005 
66 27 101 27 27 40 1539 
12 101 80 58 96 53 60 
11 74 60 68 36 91 843 
3 68 44 27 26 95 1596 
52 99 31 93 19 8 614 
13 46 48 11 10 89 1400 
25 94 77 37 19 30 1477 
88 41 95 79 16 12 1016 
61 59 2 3 47 98 978 
4 51 66 79 47 68 1604 
30 13 59 28 5 68 1282 
76 70 92 9 67 9 1043 
60 38 16 6 98 77 844 
89 48 10 65 92 28 350 
45 12 60 74 64 94 948 
29 38 53 13 46 86 1387 
92 12 96 82 91 98 705 
15 52 75 52 93 49 685 
68 51 65 15 42 59 506 
59 34 37 4 17 8 513 
102 65 95 53 94 69 1580 
38 16 85 3 32 80 495 
62 87 24 74 48 18 1005 
89 90 100 6 29 56 533 
81 62 79 76 92 14 212 
89 82 100 101 82 47 492 
37 82 14 12 81 3 1581 
48 14 33 71 92 72 213 
78 96 49 67 15 66 931 
56 8 29 42 68 19 1200 
7 26 75 68 73 33 843 
10 89 96 50 55 38 526 
49 49 7 2 44 102 180 
88 53 36 69 83 75 1329 
76 87 72 15 85 25 672 
90 60 6 21 40 63 1114 
10 55 20 61 31 27 111 
61 24 41 26 19 65 320 
75 41 101 92 60 72 544 
4 26 37 72 14 93 961 
90 3 84 6 41 45 1277 
100 18 10 54 50 77 249 
65 33 90 68 63 24 256 
21 7 30 82 93 37 91 
31 85 91 18 36 50 1158 
23 59 23 81 22 43 1216 
25 93 40 12 97 20 647 
95 49 6 54 71 45 1124 
98 56 26 49 10 75 1139 
36 20 38 17 29 46 678 
76 69 89 43 82 43 1582 
16 92 72 98 19 68 579 
38 87 67 66 7 4 407 
6 99 33 14 70 7 1452 
75 4 98 70 76 100 324 
81 19 13 91 4 74 1343 
66 56 54 93 9 36 1596 
35 73 52 24 44 19 1139 
72 58 31 14 38 10 677 
90 76 29 45 70 18 921 
70 56 77 4 32 45 658 
