8 6
300
101 75 31 46 87 69 85 85 207 
3 77 28 49 86 12 19 73 934 
91 51 6 23 64 21 14 18 902 
55 56 21 79 94 24 91 15 75 
40 17 57 5 35 101 75 100 255 
60 82 62 29 78 85 93 79 474 
54 80 14 12 34 70 95 32 354 
100 26 85 6 60 73 6 81 692 
23 87 18 7 50 66 100 56 441 
16 27 80 38 88 16 86 40 424 
96 30 85 88 12 5 72 77 901 
40 56 25 91 25 99 28 71 1126 
25 49 32 50 14 80 35 81 59 
53 64 40 71 22 22 38 12 619 
76 37 77 14 37 75 93 63 6 
15 27 4 82 12 19 24 63 1112 
6 49 18 7 56 33 100 21 166 
38 71 36 4 54 15 49 55 424 
19 13 14 59 59 53 79 21 658 
4 73 54 23 49 62 31 34 774 
36 71 83 46 16 18 62 57 1123 
69 13 75 91 35 59 84 7 612 
81 49 92 67 30 37 80 98 594 
64 17 24 76 75 22 52 15 1029 
56 75 99 98 100 4 62 13 105 
83 15 39 96 41 43 12 52 1045 
76 71 43 48 68 20 70 100 492 
72 94 40 55 41 22 75 31 397 
55 85 51 89 8 19 28 99 1014 
13 70 78 83 66 25 37 78 542 
45 9 9 81 30 102 64 92 225 
73 30 76 19 23 12 11 58 821 
38 88 65 25 22 72 37 58 370 
66 91 30 17 20 65 78 32 260 
28 77 57 52 27 18 101 57 845 
11 97 49 67 73 10 58 101 1105 
83 22 89 39 45 74 72 100 12 
92 58 12 14 42 93 91 86 999 
14 88 63 49 27 67 3 28 754 
85 101 20 22 61 21 74 97 126 
36 91 33 85 82 29 17 11 1216 
61 99 56 58 78 90 29 46 154 
31 36 97 25 38 19 12 89 1213 
85 73 99 92 41 47 83 57 1161 
52 31 8 36 34 18 67 43 360 
9 29 25 32 95 17 9 45 756 
17 13 54 17 75 95 30 34 467 
4 71 60 11 78 23 95 78 188 
8 98 3 81 60 97 90 5 733 
79 55 79 85 85 98 85 68 546 
45 38 58 15 7 3 80 65 882 
73 100 53 4 39 19 102 3 580 
63 37 55 59 29 71 36 54 963 
63 21 88 64 28 12 78 52 503 
61 95 92 3 3 96 25 18 72 
11 77 18 63 85 84 51 25 373 
93 88 11 89 81 56 24 19 541 
88 12 73 43 27 89 78 42 97 
59 62 36 61 36 13 66 27 940 
64 102 38 6 15 5 82 87 791 
34 74 16 38 81 86 52 39 85 
36 70 51 32 87 45 76 94 768 
99 34 54 100 25 57 79 62 213 
10 84 99 70 63 42 24 45 836 
96 23 83 52 11 98 6 31 694 
29 34 17 95 32 23 43 85 655 
14 37 51 61 61 21 69 44 682 
12 68 9 11 10 44 76 82 872 
83 49 25 58 96 96 100 52 337 
4 17 54 78 29 80 89 12 108 
21 37 63 65 85 69 43 96 775 
52 20 26 75 21 51 52 61 446 
33 59 43 57 63 12 93 67 336 
6 36 41 31 24 100 35 57 560 
12 21 66 57 17 2 32 50 388 
5 31 98 5 28 70 44 58 647 
70 66 75 54 73 20 42 39 726 
26 23 98 28 42 65 6 42 499 
74 77 44 42 27 15 80 91 437 
34 3 11 73 89 69 48 67 1124 
74 60 50 48 18 80 43 8 340 
38 79 91 34 101 88 29 71 985 
13 30 41 62 76 84 85 10 446 
53 55 35 31 83 77 74 33 1005 
95 28 62 65 101 21 87 44 145 
49 101 4 25 46 20 88 36 454 
55 14 86 67 65 9 44 93 649 
96 9 98 16 63 70 6 36 527 
23 50 31 22 77 34 73 38 110 
37 30 11 17 45 48 40 20 242 
100 30 65 54 24 10 68 93 429 
17 35 41 36 21 12 77 68 1059 
10 36 38 54 97 29 101 9 771 
46 81 66 52 77 44 50 8 85 
82 70 28 22 56 86 99 57 37 
72 3 10 102 42 79 62 32 1035 
85 48 35 38 56 17 48 24 141 
73 67 60 99 88 16 5 97 1190 
62 90 82 54 57 41 27 31 78 
57 46 41 89 92 47 60 67 732 
76 46 17 13 77 33 75 28 1099 
47 75 17 97 99 47 82 101 519 
6 33 93 95 13 27 11 93 957 
74 86 77 14 41 23 56 31 623 
85 51 15 51 81 31 52 81 676 
93 62 50 97 9 93 5 55 415 
71 82 35 91 5 86 55 3 518 
17 35 37 96 43 69 96 99 614 
31 57 54 64 46 34 72 19 377 
32 79 79 86 11 88 89 87 596 
19 95 49 31 98 80 89 37 568 
23 99 22 82 3 11 43 76 1201 
84 9 39 4 21 87 55 25 291 
67 32 26 51 9 58 21 79 51 
6 3 61 76 77 11 87 51 249 
13 52 79 70 45 38 89 8 953 
14 18 76 63 78 76 56 24 60 
25 73 92 66 63 26 7 39 893 
41 9 34 30 19 72 67 44 884 
49 99 89 90 64 3 80 9 748 
32 44 27 88 22 55 6 65 956 
32 49 91 55 65 8 65 50 1205 
48 86 101 6 98 35 3 9 306 
20 36 12 91 88 57 65 77 1161 
50 55 89 81 26 56 94 37 1164 
85 96 36 83 27 15 5 34 278 
64 28 48 94 86 15 30 88 349 
70 43 63 36 92 89 13 17 1161 
14 69 62 47 14 63 40 20 171 
93 39 11 98 88 56 34 3 605 
50 58 71 76 52 40 27 25 1146 
36 51 5 49 71 12 21 93 797 
64 19 16 88 56 68 101 40 597 
22 74 58 8 5 91 40 65 724 
28 40 18 25 22 91 69 6 851 
12 46 70 100 80 96 91 72 1025 
38 65 4 5 77 15 91 8 631 
40 30 48 16 11 8 53 95 657 
51 41 99 27 20 52 98 91 1149 
83 23 96 64 19 35 8 4 6 
59 24 65 6 36 16 39 31 926 
25 98 37 64 49 87 43 43 373 
88 13 46 54 9 88 21 10 1039 
59 78 13 15 10 8 8 96 868 
93 47 8 86 89 91 76 75 1130 
61 21 76 11 23 78 4 21 1122 
58 7 17 78 87 27 31 82 652 
66 12 90 31 58 55 16 52 1175 
27 5 25 57 80 36 96 62 1099 
13 50 57 37 13 91 16 52 1101 
58 16 62 82 57 9 38 12 775 
6 31 65 23 98 73 82 80 204 
70 3 28 84 85 27 38 20 396 
100 32 101 101 17 8 65 60 436 
38 46 50 18 21 70 72 92 379 
29 92 54 86 57 35 74 48 600 
66 76 34 37 47 39 77 40 982 
66 7 16 58 61 39 37 46 408 
70 54 84 60 13 95 96 10 349 
82 15 77 68 29 71 59 101 1031 
6 4 102 13 43 83 90 8 1041 
18 73 33 17 51 13 2 6 1151 
69 7 65 41 43 38 10 97 306 
7 100 80 48 101 61 55 34 519 
35 59 13 3 72 7 10 80 463 
99 67 66 66 68 25 77 92 1147 
23 67 63 66 5 48 58 85 96 
9 72 74 73 64 19 70 69 576 
85 69 37 60 33 65 101 13 372 
62 43 35 57 73 11 68 34 823 
83 72 56 68 46 89 99 2 91 
68 28 5 49 98 101 78 94 287 
60 65 35 100 67 94 17 98 518 
77 55 101 65 8 32 52 89 1186 
95 19 24 51 63 33 58 35 1039 
29 15 47 35 80 82 88 9 838 
36 85 7 63 52 50 47 24 585 
10 5 22 75 99 11 4 85 915 
3 12 5 4 45 35 10 90 1012 
100 44 76 21 79 100 64 18 52 
94 34 69 76 6 40 85 49 358 
67 57 18 38 33 97 7 87 1197 
68 33 42 74 56 64 68 49 987 
75 91 28 24 13 83 7 12 625 
10 29 8 66 21 97 5 45 412 
69 64 12 81 17 94 2 98 1037 
66 22 80 7 10 59 60 12 718 
5 45 46 37 33 23 47 99 707 
94 3 14 47 71 13 31 101 1042 
72 96 76 36 24 17 99 43 1100 
75 5 21 51 8 11 39 3 7 
92 34 33 91 36 20 37 10 1159 
74 21 54 69 78 11 74 90 191 
86 70 23 31 40 91 33 74 1149 
41 45 97 5 10 70 12 41 822 
56 83 62 59 102 15 22 26 279 
40 8 29 12 79 21 96 54 397 
81 63 96 44 60 65 26 98 798 
102 72 12 86 59 40 44 20 86 
57 30 71 10 10 16 69 95 809 
69 31 68 78 11 58 37 33 945 
75 14 25 99 35 6 50 22 667 
15 56 51 91 70 61 14 41 302 
66 73 55 82 77 67 99 59 819 
101 26 63 56 50 28 62 71 75 
86 60 97 67 62 90 62 56 474 
19 80 63 9 66 72 34 74 731 
26 96 39 60 3 78 39 51 1186 
96 61 8 25 31 101 55 30 986 
32 101 14 67 22 23 28 82 970 
8 94 61 92 24 79 68 38 919 
71 28 59 20 30 13 93 68 1172 
35 96 51 64 56 39 92 4 893 
50 61 76 18 34 23 99 33 697 
40 6 38 31 59 95 26 86 25 
25 14 73 3 76 56 27 96 1047 
33 46 40 25 2 23 6 20 940 
3 55 96 38 23 98 56 55 764 
62 5 39 58 39 72 37 69 1102 
4 49 88 22 93 40 38 68 1064 
21 17 5 17 28 41 18 25 383 
10 89 92 77 49 22 94 67 1109 
51 77 9 70 90 36 33 4 864 
93 84 64 58 3 57 11 37 471 
61 46 79 100 42 16 41 29 983 
102 29 3 67 30 28 49 89 1118 
82 52 29 72 87 26 71 27 508 
71 53 88 37 67 13 84 34 261 
15 53 37 95 32 63 55 33 922 
72 28 55 38 11 16 66 32 1039 
13 92 62 56 31 17 75 71 931 
97 66 63 91 86 98 6 36 440 
58 89 23 68 18 56 50 101 1217 
90 35 44 74 74 38 28 73 525 
63 62 24 23 22 62 87 61 816 
16 82 44 60 34 77 80 10 525 
66 47 75 8 7 32 17 87 446 
36 25 95 27 65 15 55 45 913 
16 37 69 63 83 60 89 36 231 
59 32 3 69 95 66 95 64 312 
72 57 56 94 8 37 26 53 439 
76 91 19 31 7 91 3 66 892 
78 5 66 18 21 73 13 60 669 
37 69 32 31 34 3 90 85 1071 
22 24 31 34 39 32 24 15 562 
3 30 28 14 68 31 93 19 724 
64 56 38 86 83 50 83 91 1026 
8 47 58 19 44 23 3 82 519 
46 46 69 35 96 8 27 12 364 
31 25 3 2 39 17 43 28 362 
53 38 43 83 53 50 49 18 830 
92 87 89 6 13 88 89 49 890 
94 30 62 32 61 73 20 54 806 
85 8 10 43 77 17 94 52 538 
3 65 95 21 89 80 40 37 309 
45 27 14 17 16 92 45 51 1200 
71 23 80 73 65 101 84 65 124 
62 51 12 73 14 63 44 88 1038 
81 76 43 84 94 26 48 78 332 
56 71 94 20 100 28 19 25 365 
68 32 2 96 39 25 70 80 1052 
18 74 14 54 74 30 7 65 924 
59 89 30 56 27 89 74 30 1162 
20 44 53 86 56 92 33 78 680 
87 88 39 20 16 16 40 32 49 
17 4 98 66 15 36 53 63 440 
3 14 7 15 24 10 30 52 448 
37 34 20 24 23 98 74 23 953 
40 41 75 17 18 97 85 59 321 
101 56 31 19 35 95 56 31 783 
52 74 66 31 91 66 79 5 1201 
88 95 84 102 94 94 59 14 263 
65 89 98 12 32 66 84 32 1182 
9 20 101 27 70 93 34 24 600 
16 11 52 10 39 15 99 99 795 
47 101 64 39 62 23 74 93 524 
70 42 44 102 49 62 70 72 1048 
101 63 26 92 69 72 45 45 38 
73 57 52 85 16 35 101 39 378 
37 72 59 80 55 80 51 67 1007 
9 16 64 92 43 69 29 100 440 
43 56 34 94 96 20 20 2 441 
95 87 28 11 3 12 31 35 1219 
30 23 11 49 44 5 89 38 353 
43 83 16 85 58 18 99 60 1018 
101 45 79 41 63 54 44 58 973 
58 100 15 55 63 10 69 101 943 
29 96 15 31 7 59 91 79 238 
24 12 32 13 14 44 29 32 1099 
25 91 62 59 7 88 25 34 469 
17 90 22 8 17 59 41 72 788 
73 73 40 21 52 85 35 22 553 
52 47 87 73 28 34 21 47 123 
19 72 91 28 7 75 21 75 1090 
102 18 97 75 74 45 80 58 724 
53 5 41 79 26 87 43 75 1055 
55 47 64 90 89 73 49 24 1222 
77 46 67 67 2 79 96 35 42 
52 79 75 45 95 72 75 69 508 
73 42 48 6 87 34 89 68 356 
