6 6
300
6 84 35 33 29 90 89 
23 2 3 76 93 94 326 
22 87 69 69 66 102 47 
34 50 87 100 32 77 65 
96 60 87 84 68 73 1092 
38 62 20 36 29 17 448 
66 91 95 59 40 75 179 
87 69 89 82 101 92 875 
36 50 34 100 15 4 322 
44 18 94 27 23 39 1025 
27 51 36 40 87 69 830 
61 94 43 93 4 93 120 
94 100 4 69 83 20 32 
14 88 38 15 14 12 277 
75 2 34 19 38 33 734 
20 55 44 16 25 6 913 
57 93 9 13 13 19 617 
20 92 59 42 22 83 155 
65 100 26 75 59 47 1062 
94 11 76 69 62 52 899 
46 62 56 60 16 30 696 
97 31 5 3 96 74 667 
12 77 79 18 51 49 678 
58 20 43 68 60 90 780 
84 34 46 54 69 79 905 
32 5 84 7 55 58 833 
70 24 73 65 75 34 996 
37 99 53 12 4 20 1086 
44 15 94 58 42 95 163 
99 61 52 29 97 83 983 
73 97 13 98 94 89 1069 
98 71 5 87 57 84 578 
37 95 43 66 61 87 1079 
93 91 52 15 65 57 876 
65 24 38 80 54 3 775 
4 42 16 13 33 3 564 
45 92 72 87 13 68 754 
67 10 65 38 97 94 988 
8 63 85 31 35 18 404 
50 69 9 6 83 86 410 
56 29 56 30 86 44 579 
102 81 31 54 91 12 1200 
16 75 44 58 11 85 1176 
81 33 84 100 88 15 1174 
25 65 83 32 84 30 143 
83 11 10 14 52 35 78 
84 56 79 46 8 37 415 
95 68 49 74 3 39 916 
98 74 32 100 31 53 939 
18 50 24 9 84 88 398 
66 35 47 61 51 92 1188 
79 6 56 82 80 64 365 
99 36 59 83 93 39 1049 
39 80 15 23 84 32 802 
9 57 39 26 50 3 354 
35 5 15 54 50 80 229 
70 78 20 53 91 49 236 
16 67 28 93 52 49 337 
57 33 40 69 62 34 860 
51 19 58 32 63 3 790 
33 46 31 45 61 69 850 
5 97 72 95 85 48 1137 
93 14 35 101 57 3 952 
73 78 87 89 48 50 231 
60 65 23 31 48 57 1016 
23 99 50 93 82 60 638 
38 70 76 80 87 79 715 
7 25 33 8 102 89 730 
70 46 58 15 21 53 544 
34 51 66 39 94 12 854 
17 87 10 77 45 28 432 
10 13 12 63 73 62 651 
42 92 25 48 70 25 644 
55 94 80 63 9 10 49 
21 12 43 96 69 91 1104 
39 25 33 58 63 26 745 
35 48 54 50 92 93 1131 
61 44 92 26 89 19 766 
96 32 16 38 20 33 1081 
3 71 69 6 74 65 37 
69 93 92 9 101 94 240 
47 28 15 19 18 14 744 
70 53 72 83 73 30 531 
95 19 22 45 95 74 395 
80 87 46 21 30 91 1117 
52 2 19 90 27 45 594 
7 2 21 4 22 30 404 
20 99 25 2 37 62 915 
76 72 66 8 21 89 828 
43 72 101 90 24 71 220 
53 55 95 48 87 97 1073 
19 4 43 75 47 101 738 
90 23 20 95 32 19 932 
32 54 84 8 58 83 787 
33 22 16 100 60 17 816 
46 32 56 53 67 89 702 
70 25 35 77 90 9 648 
50 82 97 94 55 44 253 
3 13 42 31 16 25 1054 
83 29 78 89 86 96 539 
93 66 44 67 31 21 763 
31 51 34 70 76 13 1009 
42 21 8 7 75 48 525 
20 16 24 53 66 73 1061 
98 59 90 6 16 11 698 
18 55 29 25 25 60 879 
64 10 63 42 14 6 509 
11 72 83 13 50 3 898 
52 22 16 68 50 78 413 
94 46 66 62 5 27 291 
68 81 84 52 90 73 685 
8 63 12 54 69 47 1061 
89 9 95 68 10 86 814 
35 15 60 77 85 40 856 
67 99 82 11 80 20 532 
94 101 62 62 32 19 539 
62 6 16 82 33 49 70 
39 73 96 97 44 59 406 
68 26 77 7 35 88 502 
65 32 44 91 29 45 1166 
9 35 8 80 68 24 894 
11 46 97 54 93 66 345 
29 89 16 39 63 12 317 
77 87 57 99 33 5 1177 
76 74 93 5 6 12 362 
40 89 19 78 37 62 698 
83 82 55 44 24 15 453 
45 30 54 69 35 71 395 
49 54 82 37 21 79 431 
74 6 51 90 56 101 1082 
101 99 63 28 52 71 1158 
7 4 57 12 92 61 374 
46 41 39 73 43 99 1112 
38 39 43 17 85 24 107 
78 6 56 70 16 51 541 
33 93 43 85 3 40 517 
52 27 27 31 20 7 349 
67 14 19 15 3 100 778 
62 22 13 69 49 88 356 
99 3 44 78 13 88 157 
49 98 90 42 62 51 1049 
14 18 88 68 19 82 136 
94 39 56 15 53 83 869 
73 32 18 56 54 15 647 
26 85 56 9 20 18 222 
18 31 75 44 51 80 590 
7 27 3 32 8 20 68 
66 90 65 62 8 44 930 
68 74 89 10 38 35 1076 
35 34 61 101 66 95 924 
10 83 74 4 5 25 817 
7 17 26 48 97 49 741 
98 93 49 14 76 44 621 
60 88 35 15 47 62 883 
94 45 33 43 27 32 681 
8 93 60 5 21 11 743 
59 65 64 42 88 29 453 
44 13 89 93 53 27 617 
97 40 91 60 65 97 158 
74 95 6 72 19 7 1095 
102 92 12 57 35 92 13 
26 73 75 61 35 37 623 
33 46 53 76 7 7 139 
55 71 47 58 17 50 1036 
72 60 72 70 24 49 514 
24 79 37 20 37 51 872 
69 18 100 32 61 64 505 
51 56 98 14 102 80 572 
23 66 101 20 44 18 663 
15 5 93 12 90 11 115 
69 17 58 72 58 42 1054 
55 49 28 57 88 45 255 
6 76 58 25 71 97 12 
15 38 102 94 35 19 657 
15 9 21 74 55 34 1001 
40 42 44 46 40 63 835 
20 74 65 58 75 35 115 
30 37 89 21 16 10 668 
81 58 80 25 25 34 486 
42 9 86 35 13 41 806 
37 16 81 33 37 35 1161 
66 39 38 62 86 46 1042 
74 34 55 41 25 29 727 
85 66 23 17 30 31 958 
67 81 26 63 96 45 1142 
23 10 90 81 78 62 185 
21 44 65 41 90 56 831 
77 32 96 90 14 9 632 
53 60 17 8 6 19 1206 
59 15 101 91 3 94 619 
26 67 62 50 69 46 782 
24 60 78 42 76 12 1107 
51 32 75 85 39 44 866 
52 74 75 74 45 18 760 
31 66 52 89 65 19 632 
67 36 42 46 64 90 354 
102 41 68 32 8 10 106 
85 27 9 66 52 82 896 
95 89 78 26 30 4 1129 
97 28 55 13 95 41 1027 
98 35 40 77 56 44 623 
35 8 44 39 10 55 575 
41 45 25 15 40 80 884 
48 67 22 36 88 39 62 
15 16 20 15 71 27 1055 
94 71 91 98 40 24 731 
83 36 89 21 50 47 687 
85 32 101 57 63 14 616 
70 20 42 70 7 48 252 
95 25 26 41 31 63 566 
76 36 19 102 58 15 796 
33 35 17 40 93 51 362 
86 22 60 11 15 38 296 
52 51 30 34 78 41 1086 
13 65 82 22 87 12 112 
98 84 58 7 101 87 463 
88 27 33 16 99 93 104 
6 68 33 18 27 24 294 
87 91 69 82 75 78 244 
71 37 20 8 41 22 1086 
40 4 6 16 53 88 794 
25 99 20 81 50 82 89 
99 51 6 62 90 87 128 
95 90 27 28 11 20 205 
92 15 10 60 73 22 810 
67 29 4 76 38 61 756 
94 51 2 27 98 15 881 
88 16 48 53 37 80 544 
16 81 90 44 70 50 405 
87 13 23 80 63 43 400 
25 4 88 54 28 51 19 
41 27 2 15 7 47 61 
100 63 9 37 43 24 625 
50 16 34 69 13 31 89 
40 81 50 37 74 41 772 
15 62 101 11 32 45 910 
56 90 30 65 5 30 1059 
51 17 45 21 21 84 920 
90 56 87 17 22 96 13 
48 55 80 36 7 44 1049 
3 9 28 14 81 79 1141 
28 6 6 9 3 23 1089 
66 7 18 54 60 90 299 
9 17 96 12 51 75 102 
37 52 32 100 88 3 597 
9 19 10 43 7 84 766 
51 82 10 21 76 14 1007 
50 64 83 49 56 63 1148 
95 33 4 32 5 87 1110 
56 77 11 16 22 42 693 
90 10 14 55 8 64 705 
36 89 92 77 64 28 1070 
90 50 53 34 42 57 181 
87 8 13 4 99 74 1172 
8 100 7 56 74 28 728 
56 72 96 50 102 38 715 
47 14 57 44 61 5 803 
28 60 84 82 87 44 36 
4 3 54 11 92 64 349 
90 87 23 92 2 30 418 
81 59 86 42 21 58 501 
96 58 62 40 71 32 976 
42 26 76 88 86 59 638 
71 45 41 12 76 32 689 
28 36 54 61 77 34 583 
4 99 42 69 88 64 97 
47 94 73 23 34 51 595 
64 49 6 18 73 84 125 
16 48 32 46 28 87 832 
24 10 81 95 101 34 466 
28 36 22 100 97 46 288 
53 69 90 45 83 10 795 
89 50 45 6 52 39 1079 
54 12 24 61 79 42 288 
86 95 30 35 19 13 433 
16 86 20 79 40 89 770 
80 44 4 47 79 5 431 
62 38 92 51 97 52 915 
26 99 41 19 6 102 822 
77 63 12 67 99 32 895 
66 26 29 14 53 27 896 
70 23 16 2 39 90 296 
58 40 86 24 63 63 1102 
89 82 61 35 89 98 48 
83 94 82 82 75 64 1175 
14 65 39 46 27 4 681 
78 26 19 69 14 45 226 
24 28 45 39 71 85 941 
47 70 81 66 32 71 1062 
31 36 23 66 28 30 544 
78 49 80 38 61 36 132 
57 44 68 77 55 87 723 
68 39 45 6 81 21 825 
97 61 82 97 34 71 581 
92 99 6 87 17 76 573 
81 67 2 12 51 68 1097 
28 15 91 79 86 30 775 
99 79 61 49 11 79 990 
90 100 43 29 68 65 795 
48 64 92 40 13 14 1058 
