8 4
300
92 18 38 3 93 80 26 36 641 
99 44 34 80 34 41 94 50 38 
9 76 72 31 30 18 59 31 787 
49 92 31 89 34 48 32 53 815 
50 87 11 15 29 36 33 46 590 
85 3 95 28 65 64 63 65 810 
69 64 90 22 46 65 84 79 363 
52 12 12 88 50 83 41 46 516 
97 96 49 38 100 85 46 76 230 
6 23 29 69 28 71 49 65 726 
14 30 43 48 33 52 92 83 282 
64 99 54 14 89 21 101 68 566 
54 33 66 6 78 73 37 80 459 
19 85 86 43 41 87 94 29 131 
24 51 64 100 49 19 51 84 625 
78 94 36 11 70 62 102 97 268 
27 10 54 72 13 55 96 75 798 
52 23 60 69 22 62 5 78 138 
9 56 86 50 57 96 96 61 703 
24 10 17 27 43 45 54 69 158 
66 54 40 11 6 76 21 101 504 
20 10 74 76 8 94 45 95 337 
51 79 54 61 78 54 69 73 526 
85 27 81 17 17 55 43 41 198 
81 100 52 12 31 59 34 78 414 
16 51 4 26 84 50 4 6 737 
69 7 78 88 44 35 12 38 601 
84 5 95 21 34 69 70 66 778 
93 41 50 98 29 2 4 55 187 
64 61 46 33 15 13 65 76 280 
50 95 58 19 102 95 85 52 596 
59 97 18 37 58 19 55 13 526 
44 73 80 78 86 91 12 49 630 
32 53 92 84 58 60 35 22 585 
42 76 41 57 15 79 29 46 471 
9 29 5 28 80 4 49 22 25 
58 74 11 69 9 54 18 55 804 
85 77 41 60 4 38 48 15 305 
27 89 61 3 51 42 33 5 167 
76 6 75 91 37 38 57 79 391 
65 75 68 89 42 61 80 46 565 
21 51 27 69 83 67 66 24 273 
46 57 25 71 37 6 34 43 406 
28 96 42 5 5 28 91 85 332 
73 40 49 101 25 6 73 15 447 
97 9 25 10 26 15 5 13 182 
27 96 39 64 57 100 12 55 413 
31 18 48 101 80 100 27 96 686 
88 47 34 21 100 25 51 39 278 
29 20 72 29 2 93 5 66 721 
5 10 85 51 92 72 56 44 794 
11 98 31 27 85 33 31 19 544 
92 8 98 17 15 20 66 85 284 
83 4 17 57 98 17 11 24 695 
3 39 57 64 67 58 27 43 334 
7 3 37 41 100 86 27 15 469 
94 90 97 67 87 8 38 75 328 
84 56 2 17 18 64 48 30 651 
13 31 44 42 92 74 79 62 669 
102 44 5 33 32 85 59 20 274 
92 37 54 51 28 94 18 45 707 
43 92 88 75 95 72 6 15 689 
18 53 100 25 90 27 26 38 256 
39 53 26 19 60 100 30 58 756 
29 64 4 52 26 49 88 39 571 
98 29 50 35 29 19 100 44 540 
37 69 49 29 27 92 62 81 755 
65 25 34 89 47 40 80 79 416 
84 67 29 54 39 53 57 30 75 
85 6 25 9 21 18 34 95 727 
47 2 40 14 92 47 56 25 111 
40 11 84 13 57 53 68 19 621 
41 85 31 98 75 99 83 79 616 
71 57 6 18 57 54 51 34 625 
15 72 78 84 100 16 40 19 155 
29 74 50 74 43 4 42 95 84 
62 51 30 43 33 14 72 87 552 
11 23 56 32 64 25 76 55 381 
2 59 87 17 60 57 80 56 45 
29 99 16 4 78 64 44 91 677 
51 74 41 65 14 15 49 31 783 
67 99 12 27 100 91 58 42 296 
27 47 93 74 65 78 9 45 716 
56 9 47 93 91 75 42 27 657 
9 39 47 74 70 31 61 15 467 
97 4 101 27 49 39 28 19 365 
93 79 12 65 58 72 28 95 184 
53 76 11 39 87 74 10 51 20 
94 55 78 65 15 51 21 14 334 
91 30 62 10 67 74 30 51 399 
73 46 83 77 48 77 8 11 322 
51 60 19 29 19 100 37 37 521 
70 31 66 62 46 46 31 39 530 
64 44 11 39 11 38 26 39 39 
23 19 9 3 58 6 12 73 446 
26 64 13 64 76 33 10 62 165 
87 12 102 39 48 11 12 46 540 
33 14 50 83 5 82 95 16 146 
59 69 75 61 52 75 91 7 613 
56 102 71 80 31 51 18 41 223 
7 86 73 99 93 14 40 82 479 
8 45 61 33 71 62 15 53 754 
49 27 62 28 50 43 36 58 363 
99 54 85 101 67 66 55 91 247 
49 62 79 63 23 73 17 85 509 
18 25 33 11 67 80 59 71 110 
69 80 38 33 65 36 70 43 223 
77 9 80 97 81 82 32 68 740 
18 89 6 92 14 67 80 20 276 
15 91 89 8 44 98 53 88 88 
96 18 99 45 95 82 45 42 624 
86 23 46 53 81 101 89 43 670 
11 79 68 73 54 47 2 56 426 
42 72 67 84 46 95 72 38 412 
95 75 96 26 48 74 90 96 793 
92 64 12 90 20 3 16 44 70 
46 25 66 55 44 41 30 5 572 
14 4 79 53 83 45 51 96 560 
90 87 33 96 85 60 49 13 751 
44 54 53 66 70 4 87 27 101 
89 43 33 57 98 45 4 79 752 
22 40 83 69 42 27 34 28 464 
79 52 43 7 7 33 49 88 421 
21 50 36 77 69 58 33 64 434 
40 35 91 90 94 8 68 29 593 
13 77 14 28 33 45 48 9 618 
74 83 38 101 10 11 93 85 235 
60 48 74 27 38 80 74 96 753 
70 91 59 36 41 80 61 38 97 
41 94 19 93 31 61 82 61 658 
19 41 27 82 99 11 80 10 667 
3 88 40 37 57 39 52 80 152 
20 39 44 60 42 75 100 54 741 
14 69 19 14 46 79 99 56 455 
69 90 94 50 58 33 98 60 403 
75 7 40 82 43 53 43 64 181 
40 62 100 54 84 47 21 68 330 
67 91 44 64 39 3 83 85 734 
28 73 83 13 64 85 25 27 387 
55 34 29 67 73 85 57 61 770 
59 17 8 49 31 93 93 33 563 
9 14 69 39 100 60 63 17 746 
43 30 100 17 31 59 99 67 273 
16 102 20 61 9 81 8 26 559 
86 81 43 92 22 33 16 18 108 
82 18 36 71 6 59 93 16 254 
98 44 88 51 52 66 59 80 256 
53 50 7 91 32 76 91 79 291 
52 53 10 70 4 15 46 20 400 
101 46 98 63 70 95 50 12 670 
85 37 31 79 35 44 101 64 553 
10 93 88 62 82 29 23 43 516 
25 31 42 74 6 34 17 60 272 
38 92 82 14 43 22 94 8 345 
8 75 20 68 70 41 47 38 216 
65 42 66 71 42 29 32 27 667 
44 12 33 99 64 77 11 66 588 
90 99 52 68 69 76 87 17 554 
47 58 63 3 29 70 8 54 151 
71 69 53 55 84 18 40 53 783 
13 11 13 45 59 6 69 60 322 
78 99 75 92 86 27 61 87 560 
23 43 85 64 93 11 59 42 791 
23 36 17 36 30 18 80 75 51 
59 5 101 58 36 71 31 32 457 
48 81 85 28 96 99 49 19 83 
15 51 20 4 88 20 9 48 194 
26 43 71 58 14 13 21 5 667 
72 67 9 16 35 63 55 13 501 
16 98 42 20 89 13 9 67 199 
90 57 19 83 51 90 48 7 723 
89 92 68 74 9 93 18 80 428 
5 101 18 58 50 77 58 96 410 
85 9 56 60 52 49 88 32 392 
67 90 18 21 71 30 75 68 177 
97 43 91 51 4 11 60 5 546 
10 34 8 44 27 57 40 64 800 
36 31 42 21 88 78 46 53 732 
38 86 32 90 86 84 55 63 426 
63 37 7 47 102 48 82 80 802 
44 25 65 63 83 8 32 40 305 
84 78 57 15 7 53 22 24 158 
39 23 50 26 91 66 5 79 226 
95 91 31 96 41 10 80 4 230 
29 77 5 25 59 47 47 74 697 
99 50 31 55 27 80 29 45 471 
52 20 36 101 60 6 81 39 403 
10 90 39 49 37 5 25 95 385 
18 15 65 5 81 19 81 8 234 
100 42 66 54 69 97 52 30 688 
96 30 19 102 46 22 98 39 686 
50 51 16 28 32 35 33 13 246 
96 49 40 19 22 54 77 83 788 
87 58 23 44 99 8 21 31 528 
32 18 71 45 9 44 35 32 465 
17 74 13 33 23 58 68 58 666 
48 79 10 68 26 66 26 13 657 
65 9 54 9 9 2 70 3 776 
63 53 41 98 86 92 97 63 73 
88 56 37 67 78 43 27 75 427 
59 66 94 7 21 99 64 72 195 
7 10 67 12 65 22 63 7 39 
44 52 95 20 73 66 57 40 459 
47 100 33 13 84 36 50 13 302 
5 58 34 45 36 16 68 92 434 
45 77 93 17 6 73 38 85 185 
61 40 95 30 52 83 43 19 588 
95 95 27 33 64 54 85 60 401 
74 102 19 81 54 83 13 13 511 
67 32 95 61 77 102 13 91 598 
46 77 7 53 4 19 44 75 791 
30 14 15 42 34 49 24 66 675 
8 82 88 14 20 41 21 78 710 
80 36 21 27 22 75 80 42 674 
46 23 100 2 39 81 86 85 811 
51 27 100 49 39 13 19 8 75 
89 34 59 68 34 28 32 66 321 
80 5 94 42 63 94 66 80 350 
87 8 45 8 30 37 42 71 411 
91 34 99 10 10 16 66 93 65 
27 80 91 74 72 75 42 8 653 
9 12 66 8 84 60 70 34 2 
68 83 6 25 29 65 78 43 260 
44 73 97 80 77 72 87 41 7 
56 15 37 72 68 24 57 34 488 
88 85 52 41 42 78 16 100 84 
6 4 53 28 98 31 44 100 288 
87 31 36 96 23 45 60 16 158 
67 98 17 83 70 96 5 92 475 
84 6 33 21 66 79 62 83 302 
51 30 19 8 30 70 89 72 25 
28 94 64 9 83 28 58 52 20 
97 25 37 59 25 8 73 62 770 
7 68 68 59 36 43 8 10 705 
4 61 70 48 96 100 93 80 804 
99 77 25 7 64 16 77 67 473 
4 94 7 14 37 70 76 85 29 
39 71 59 23 3 74 41 57 742 
36 51 30 38 68 47 9 77 693 
74 102 6 54 84 72 85 6 135 
83 92 26 2 74 14 97 56 77 
43 78 76 52 67 10 25 43 128 
31 68 28 62 6 62 85 4 674 
102 87 88 89 40 99 58 60 527 
69 36 79 19 44 13 38 68 807 
13 24 37 98 31 43 57 55 313 
92 23 88 66 19 72 31 97 567 
25 56 40 79 96 9 45 58 60 
41 15 26 17 27 41 63 74 659 
50 6 58 47 35 86 61 68 305 
81 5 19 9 90 48 44 15 95 
63 36 30 30 55 75 36 18 333 
16 77 98 49 5 47 91 83 748 
15 80 24 56 20 30 72 67 434 
92 34 27 80 75 14 29 2 316 
55 22 53 86 13 19 46 47 743 
43 34 2 74 20 9 57 31 287 
92 9 18 102 60 90 22 46 686 
18 38 4 87 22 5 8 38 499 
43 31 69 7 12 76 39 31 272 
55 20 16 21 25 46 79 40 761 
25 56 64 65 66 69 35 30 73 
91 58 14 99 68 84 47 16 812 
70 86 99 44 65 31 57 69 213 
72 99 15 60 10 84 11 85 674 
101 79 67 102 74 84 67 50 593 
24 57 53 35 75 11 47 10 436 
99 83 93 35 11 99 43 65 252 
98 34 50 31 90 85 101 49 301 
36 71 14 16 79 17 59 35 93 
77 39 26 5 15 101 31 15 18 
94 68 70 70 60 12 54 71 133 
26 94 69 70 35 28 75 13 326 
43 85 6 78 78 78 88 69 210 
9 95 21 51 2 77 83 9 659 
70 68 12 4 64 10 101 34 334 
46 8 6 100 32 4 62 90 248 
100 18 91 95 84 93 86 47 620 
99 77 94 94 89 28 48 6 360 
31 41 22 98 79 46 37 44 493 
24 11 65 18 91 15 47 85 747 
93 78 87 21 20 19 34 3 464 
51 54 22 80 54 28 60 32 395 
12 4 41 47 60 41 33 64 296 
15 83 88 81 49 5 36 56 236 
61 12 23 5 65 77 90 88 740 
42 46 59 38 60 61 67 37 663 
54 48 20 48 90 58 83 21 169 
72 72 7 19 45 100 99 101 166 
29 9 41 66 60 74 50 93 155 
81 79 25 30 16 14 24 84 68 
13 15 24 67 24 47 57 19 133 
88 26 2 61 41 61 41 39 232 
45 91 91 48 99 99 39 4 344 
100 45 58 95 97 63 92 88 702 
100 64 87 96 11 42 58 65 549 
21 22 40 66 91 79 86 81 759 
21 67 18 27 30 22 5 59 608 
63 95 31 41 72 55 75 43 616 
45 50 82 50 93 37 32 20 668 
