4 4
300
33 29 45 63 779 
26 2 33 41 345 
61 11 41 32 346 
28 14 16 91 131 
88 65 74 22 362 
18 37 40 90 805 
56 63 21 89 802 
76 57 77 79 578 
20 93 58 51 782 
56 100 64 54 635 
10 49 58 91 298 
70 58 25 19 650 
91 65 44 42 721 
100 92 54 34 555 
73 39 39 20 798 
97 10 24 26 736 
20 75 88 13 736 
9 7 31 52 252 
21 34 61 100 668 
57 51 17 63 803 
66 48 32 86 58 
74 12 40 94 340 
62 35 102 29 506 
18 79 34 52 664 
95 63 4 3 403 
41 80 41 39 348 
48 94 63 27 216 
74 44 4 6 152 
99 69 40 11 577 
87 34 34 38 534 
80 19 67 82 47 
5 46 31 37 555 
96 73 3 51 777 
70 74 76 2 735 
76 77 30 34 690 
28 25 95 33 521 
9 48 5 73 525 
31 29 84 22 194 
30 15 69 38 203 
28 67 91 15 26 
16 60 34 48 745 
5 91 36 97 648 
81 52 100 73 501 
50 70 32 87 538 
43 92 56 79 508 
63 11 94 9 482 
63 37 82 30 410 
51 16 60 82 501 
42 95 89 43 362 
80 17 98 77 629 
60 37 6 50 508 
26 6 57 85 250 
96 99 29 38 152 
46 72 72 23 106 
35 12 52 26 213 
49 5 16 35 690 
48 15 19 32 12 
28 33 34 68 217 
47 62 76 52 549 
45 69 53 24 814 
9 47 77 64 358 
50 87 82 24 122 
22 92 24 101 692 
83 82 99 37 759 
15 40 7 97 554 
76 38 3 58 680 
83 55 94 35 631 
3 41 57 88 437 
42 53 13 53 51 
57 39 77 67 704 
64 72 18 31 706 
71 42 82 96 573 
14 87 26 40 281 
70 100 92 24 682 
44 27 12 83 431 
64 29 56 91 106 
38 62 38 72 172 
12 39 64 48 69 
63 61 63 18 338 
57 29 74 19 313 
59 50 56 83 360 
40 62 36 79 200 
44 88 93 83 277 
54 51 56 20 197 
33 38 45 15 182 
85 65 96 42 793 
37 57 39 52 458 
91 8 56 28 679 
52 4 88 24 543 
78 69 82 84 728 
8 76 57 95 60 
23 6 42 61 495 
76 68 96 81 729 
89 50 43 27 369 
48 97 29 36 601 
31 52 23 49 380 
18 85 14 53 741 
63 2 47 45 287 
86 68 97 68 74 
86 10 9 35 652 
29 28 57 39 355 
14 48 22 21 641 
73 85 95 15 365 
93 56 46 91 230 
88 6 100 92 497 
82 101 64 28 728 
23 45 91 69 158 
92 30 77 9 645 
17 82 28 67 523 
3 75 84 23 147 
33 66 20 7 764 
26 31 67 78 518 
14 87 97 32 473 
30 96 28 96 449 
65 81 38 11 108 
8 80 35 28 486 
9 19 43 10 479 
58 27 86 76 780 
63 66 100 46 545 
32 87 98 9 297 
9 48 91 68 452 
53 30 11 94 714 
47 98 40 19 458 
97 46 89 73 16 
5 12 55 100 767 
101 83 94 45 675 
23 84 28 92 429 
63 30 77 54 61 
30 19 95 88 410 
67 27 84 90 583 
89 100 26 7 275 
99 96 93 74 463 
73 38 68 11 543 
65 71 50 66 775 
69 71 37 66 604 
88 20 69 50 235 
75 101 6 73 785 
25 60 23 58 454 
69 40 4 98 301 
93 53 86 22 710 
98 79 19 95 37 
19 65 62 33 388 
81 29 45 46 681 
73 34 96 15 357 
7 51 94 11 226 
31 69 41 29 674 
37 36 49 63 268 
98 84 13 69 644 
61 100 92 11 622 
42 97 61 14 535 
61 58 73 78 669 
49 87 10 68 611 
52 27 35 51 99 
48 82 84 13 712 
91 23 29 36 688 
9 61 85 35 712 
36 10 28 64 192 
81 65 73 81 697 
13 76 47 94 234 
37 67 43 99 250 
62 15 50 27 625 
40 31 39 94 608 
90 4 77 80 331 
45 101 73 27 268 
85 11 5 28 622 
17 78 37 7 406 
45 20 88 4 221 
23 62 3 87 695 
52 27 82 7 791 
11 101 69 54 702 
38 96 18 66 389 
53 13 25 51 503 
64 96 34 44 260 
72 18 75 53 158 
85 99 88 42 673 
59 31 100 31 548 
18 11 85 21 112 
51 4 24 57 617 
12 39 54 26 187 
59 96 40 75 219 
95 27 18 35 29 
41 10 77 84 736 
24 15 96 84 369 
56 13 15 31 673 
70 96 21 78 73 
47 47 64 19 213 
66 94 27 4 604 
93 95 53 18 611 
43 29 42 66 436 
100 45 72 81 563 
48 83 11 93 480 
101 9 42 26 474 
95 48 60 58 216 
32 90 94 10 442 
63 62 99 56 335 
43 57 56 24 90 
4 77 85 51 653 
85 85 37 45 614 
86 55 29 60 666 
97 71 86 40 189 
12 53 64 27 67 
88 86 57 52 148 
46 55 19 15 457 
20 65 11 78 353 
50 55 51 35 570 
10 35 41 74 372 
73 73 18 102 7 
53 15 61 43 767 
101 29 87 27 254 
34 37 16 4 521 
35 62 10 97 614 
59 5 31 57 815 
55 47 85 6 380 
75 39 20 15 44 
6 6 71 84 360 
22 70 25 4 313 
75 22 39 10 106 
13 65 23 26 355 
50 86 6 43 338 
56 46 83 81 471 
97 20 3 99 485 
30 93 28 53 448 
91 81 29 19 224 
35 11 77 93 287 
12 18 96 71 467 
22 3 30 43 735 
79 89 46 46 357 
57 21 42 51 689 
22 39 72 72 441 
71 59 89 15 71 
47 71 92 46 387 
81 26 34 42 322 
30 65 87 63 639 
4 37 85 75 591 
16 71 28 9 121 
75 48 26 17 721 
65 15 17 34 366 
10 99 2 99 532 
33 89 102 12 462 
59 55 11 93 421 
36 77 16 43 772 
78 44 85 31 609 
34 2 19 53 625 
16 50 55 18 576 
7 36 88 10 339 
29 71 19 52 470 
22 40 35 66 445 
90 101 76 40 558 
67 16 73 25 271 
33 72 50 35 345 
11 2 94 23 378 
101 91 8 102 552 
9 28 35 74 445 
96 69 55 99 723 
17 77 17 50 44 
93 65 65 77 88 
58 23 86 10 399 
22 47 14 20 449 
101 95 76 72 497 
42 84 101 70 317 
65 20 53 46 222 
36 87 47 18 451 
38 28 33 91 93 
89 44 26 25 280 
51 58 37 44 732 
24 3 47 89 537 
11 66 97 38 385 
41 71 41 83 123 
37 3 98 64 155 
75 64 87 61 604 
100 59 78 36 733 
10 84 11 57 42 
35 42 59 52 375 
74 33 97 44 592 
20 5 45 10 810 
50 62 75 25 141 
62 18 88 15 557 
54 90 63 48 322 
58 62 87 78 669 
97 45 48 19 383 
43 69 45 88 459 
97 16 70 37 342 
50 12 88 40 364 
18 57 46 84 763 
86 73 51 5 135 
60 20 69 28 40 
7 15 58 78 619 
96 76 101 59 599 
41 22 28 7 743 
49 76 49 34 536 
42 101 66 25 510 
73 20 42 72 803 
79 49 44 32 304 
37 55 12 64 414 
44 57 89 10 449 
67 46 46 14 569 
86 73 37 63 529 
7 51 35 16 43 
78 36 31 61 789 
94 80 98 69 459 
