6 6
300
33 21 19 19 90 7 581 
84 58 78 71 59 94 474 
74 56 53 42 6 58 25 
34 33 83 66 28 55 352 
89 54 90 32 98 12 623 
44 91 94 61 49 22 1167 
99 95 53 55 27 52 1188 
8 14 73 70 6 89 1205 
90 38 54 64 54 21 1164 
5 90 42 63 84 90 365 
67 61 83 60 39 9 434 
39 33 13 3 5 34 990 
42 19 64 94 25 54 659 
55 41 99 97 3 2 1149 
8 13 94 45 64 69 503 
55 92 12 69 82 65 621 
7 43 63 51 89 16 774 
73 80 71 62 37 78 154 
22 86 65 38 8 43 390 
22 21 60 44 66 42 1067 
28 54 26 45 91 5 583 
100 38 48 16 88 33 426 
35 25 85 28 94 31 402 
8 49 33 76 24 21 1047 
24 5 9 25 76 78 546 
29 47 19 48 75 67 275 
50 19 24 22 13 99 1068 
99 77 17 75 13 56 250 
6 95 71 70 86 64 930 
35 41 93 14 57 92 74 
79 68 82 21 66 12 712 
32 11 56 13 24 100 309 
29 94 52 65 24 26 273 
54 50 81 90 5 48 181 
80 34 11 58 9 83 239 
11 37 56 50 46 64 914 
86 17 59 64 66 53 77 
49 42 50 35 68 86 312 
20 4 32 63 66 45 630 
79 47 57 17 19 8 224 
59 98 17 80 64 49 829 
36 24 28 41 98 10 390 
93 62 25 43 100 96 1118 
35 25 89 82 21 25 91 
72 4 49 49 47 90 1097 
46 35 58 6 38 60 1032 
82 6 24 70 37 22 1049 
87 34 76 21 14 29 292 
75 31 99 45 26 62 778 
22 81 94 52 22 44 580 
29 70 39 63 38 9 658 
21 67 14 86 6 24 1046 
73 75 29 35 63 68 868 
7 60 63 14 99 23 736 
28 31 20 17 79 40 702 
66 39 60 77 22 72 663 
65 88 62 23 41 80 601 
8 67 19 61 78 78 280 
11 78 51 41 88 96 1142 
38 96 71 28 85 30 83 
38 71 60 43 98 19 506 
74 3 94 61 45 13 245 
66 3 57 3 64 37 669 
63 11 38 35 79 63 335 
94 92 96 58 52 44 859 
98 61 20 83 62 84 454 
77 60 82 46 85 75 884 
95 16 27 23 96 54 914 
62 24 10 21 58 16 984 
13 99 5 95 71 52 828 
44 39 23 4 55 20 1048 
53 58 92 96 89 57 1216 
78 71 36 58 92 98 445 
39 12 63 6 70 59 794 
62 79 53 16 26 7 621 
79 7 21 43 37 91 110 
67 20 27 70 61 83 420 
30 71 38 80 56 33 60 
29 61 101 87 63 23 1111 
81 41 82 66 53 51 1220 
67 17 18 58 9 29 880 
94 38 37 11 78 33 398 
10 17 37 71 75 48 605 
47 22 57 76 70 20 1060 
81 47 7 10 34 36 776 
55 22 25 50 6 35 436 
25 65 79 87 92 60 862 
26 47 97 79 5 52 237 
97 63 84 40 11 87 156 
93 33 2 45 98 71 675 
96 15 24 71 15 16 276 
59 80 91 80 62 18 676 
3 12 33 32 86 46 715 
62 43 11 97 50 25 395 
35 78 44 96 91 17 368 
34 75 10 92 38 99 468 
84 96 62 52 71 59 1102 
23 72 16 14 27 99 422 
74 14 77 67 93 92 299 
4 49 86 72 3 27 846 
39 25 42 50 49 22 949 
49 51 47 81 67 44 148 
9 30 84 66 21 98 730 
63 36 26 47 9 16 983 
49 78 81 70 34 23 1026 
49 76 66 80 78 59 307 
65 32 89 28 50 14 1167 
21 4 8 84 32 11 930 
91 17 4 43 8 99 6 
75 68 12 35 23 30 734 
56 19 89 44 41 37 1199 
6 40 22 60 4 87 348 
76 75 88 5 14 10 707 
61 64 39 72 62 27 1103 
66 78 94 29 86 37 789 
87 22 42 93 77 80 1041 
80 84 84 7 14 74 1211 
95 26 32 12 22 4 1171 
57 52 74 81 12 10 497 
63 29 33 19 52 66 1093 
55 48 14 39 32 75 990 
82 56 67 49 55 93 863 
54 64 19 66 35 71 362 
72 70 14 67 72 46 204 
57 53 90 65 10 12 489 
80 21 75 92 31 17 922 
97 9 33 59 19 72 112 
67 16 55 18 97 62 1021 
80 102 74 62 30 66 309 
5 80 87 46 84 33 907 
46 46 76 6 56 56 912 
63 82 9 56 76 10 1097 
39 36 48 15 52 58 1222 
21 3 33 3 53 52 1127 
31 49 15 37 41 37 266 
72 82 15 43 8 11 216 
21 67 8 56 59 37 814 
45 41 34 34 76 76 307 
45 45 4 5 6 84 386 
36 96 20 37 75 70 823 
56 36 74 46 50 84 1214 
38 27 49 96 17 28 1052 
10 83 5 67 63 99 324 
39 12 40 4 29 88 1049 
72 90 21 86 69 101 1092 
7 62 90 29 94 28 86 
20 57 12 91 59 48 316 
15 17 72 14 73 43 214 
25 36 45 23 98 16 813 
39 30 12 49 28 99 41 
23 18 41 71 73 21 232 
57 30 14 72 43 62 699 
74 51 74 98 60 74 999 
28 47 8 98 14 42 994 
29 2 44 32 51 25 1122 
101 33 45 2 23 101 834 
8 32 53 58 56 11 790 
81 39 53 70 27 24 1166 
73 35 75 61 81 40 352 
30 72 41 94 39 67 895 
21 31 98 39 75 15 255 
17 56 42 61 33 19 583 
65 93 65 26 3 98 352 
99 73 44 44 63 41 949 
62 14 66 18 46 93 739 
11 57 33 54 10 77 687 
81 35 102 50 23 83 799 
81 79 70 39 71 46 262 
60 56 97 14 76 45 668 
44 78 45 89 27 89 666 
38 34 74 95 24 75 228 
40 44 96 42 60 14 994 
37 98 82 77 49 41 617 
3 38 41 36 33 4 451 
59 59 63 98 96 13 530 
47 97 46 49 74 5 251 
14 2 74 18 33 75 86 
82 65 14 80 50 6 421 
97 35 61 93 73 84 995 
87 36 46 66 3 40 1105 
3 38 30 77 38 32 1098 
38 69 20 2 30 32 940 
96 51 19 48 9 11 608 
64 87 58 3 23 41 330 
69 30 53 32 37 19 967 
29 86 5 14 76 47 731 
69 43 92 45 54 6 1114 
87 29 21 96 31 43 477 
53 73 76 17 93 65 847 
41 69 73 95 15 100 817 
66 16 36 35 66 92 1168 
46 68 60 71 37 38 1001 
3 34 37 8 78 42 930 
15 31 99 85 84 93 346 
76 22 52 41 9 26 253 
15 87 64 67 53 45 90 
7 18 48 58 29 89 458 
37 38 88 39 60 93 633 
88 39 52 85 101 69 862 
49 10 33 30 14 63 1083 
49 76 44 27 99 71 94 
14 53 29 57 5 93 478 
86 65 3 51 35 71 334 
51 14 84 53 78 39 720 
10 17 30 17 28 51 1073 
64 47 14 63 24 46 897 
88 25 30 98 78 33 766 
47 32 81 80 94 63 1206 
64 62 76 23 34 51 51 
37 101 42 79 44 53 272 
21 91 90 13 27 56 764 
91 57 57 102 7 98 780 
88 51 39 36 90 91 3 
87 40 42 92 97 71 625 
26 90 22 37 82 42 319 
43 93 69 69 9 38 897 
7 21 23 29 55 42 604 
51 5 45 56 64 24 411 
53 50 23 32 87 13 787 
69 37 67 27 58 40 556 
61 72 69 82 55 29 983 
21 22 66 45 31 4 923 
87 79 82 20 20 95 1097 
45 47 40 25 27 11 471 
86 58 3 99 5 6 1106 
34 78 76 11 97 55 397 
30 60 89 58 12 91 994 
61 87 10 39 47 58 195 
27 31 60 30 20 44 425 
66 64 48 28 100 87 652 
2 8 11 25 41 59 182 
89 53 69 17 22 59 313 
73 96 61 59 50 77 88 
50 19 83 79 13 100 788 
97 43 31 14 6 30 715 
81 101 16 8 100 3 464 
80 93 15 100 87 11 1140 
71 88 71 52 12 48 647 
91 29 48 30 62 52 1125 
12 39 6 18 31 69 1125 
97 47 54 52 75 71 852 
28 71 82 29 91 73 327 
57 63 64 95 84 8 1095 
74 70 80 41 53 48 836 
55 11 83 57 44 3 910 
43 19 2 39 79 85 777 
61 68 3 73 81 67 673 
79 44 25 49 64 4 280 
79 76 13 25 25 3 893 
62 101 73 49 72 54 171 
45 64 59 7 24 28 161 
5 78 70 74 83 15 933 
69 61 10 82 101 54 784 
46 91 16 56 84 92 1214 
69 32 27 11 15 43 414 
83 68 45 41 78 12 912 
99 45 53 45 90 99 1134 
42 65 68 73 3 52 1217 
74 44 53 42 38 16 433 
48 45 65 70 74 44 1058 
94 67 43 24 44 92 570 
48 65 13 96 96 9 334 
69 60 40 14 93 36 105 
26 93 101 43 98 41 626 
102 91 77 18 56 8 586 
100 27 51 61 62 55 315 
81 43 48 44 9 10 968 
87 27 57 83 10 80 838 
76 44 84 48 52 97 572 
77 37 80 41 2 81 848 
35 91 55 33 83 85 548 
53 55 101 91 33 74 185 
66 22 37 48 30 81 295 
85 69 15 12 59 81 58 
7 70 4 9 31 12 629 
38 4 52 29 97 26 283 
91 84 59 21 25 34 133 
17 46 95 74 2 47 618 
24 42 23 26 6 42 562 
87 99 83 4 64 66 345 
20 86 21 35 58 3 1150 
87 58 93 36 49 96 1098 
26 11 37 31 67 3 175 
64 31 5 93 86 79 51 
88 78 19 63 70 85 1192 
61 76 41 46 46 59 450 
87 32 92 59 48 58 748 
90 48 76 100 65 16 692 
57 19 44 74 26 92 1214 
82 76 75 81 13 94 793 
37 98 86 22 46 79 941 
101 15 37 39 23 45 1201 
32 45 66 7 71 43 52 
59 99 74 23 69 39 66 
58 19 79 37 66 98 644 
52 91 80 20 39 82 687 
6 9 37 5 49 3 610 
33 11 76 45 53 63 952 
101 14 101 80 42 74 530 
98 60 4 59 49 48 979 
