6 8
300
33 50 53 73 54 65 1462 
20 21 36 39 99 36 567 
27 15 99 69 19 3 1559 
58 47 66 62 82 28 873 
89 42 25 78 8 95 443 
90 19 3 59 42 34 1164 
14 88 68 101 21 95 301 
23 39 53 13 35 29 1229 
5 89 13 73 39 38 502 
81 13 63 92 42 10 612 
98 99 13 79 71 26 714 
61 100 63 64 35 37 1083 
5 74 67 76 68 54 1383 
32 91 87 5 98 43 545 
77 7 11 80 88 83 406 
43 42 35 66 5 34 727 
90 53 12 6 3 66 1234 
41 98 19 76 58 55 1083 
9 27 77 75 86 12 1367 
96 54 85 49 56 44 1020 
34 34 12 65 22 42 680 
41 78 101 97 78 60 582 
10 94 6 32 30 60 548 
16 61 93 21 23 63 1546 
101 29 59 49 25 15 123 
67 9 13 38 14 27 1116 
52 78 80 9 55 50 1393 
62 81 19 28 85 31 286 
75 20 46 101 81 49 656 
51 44 50 56 47 30 715 
87 96 96 18 36 67 1056 
85 16 14 70 15 11 630 
50 41 23 42 86 92 1497 
91 69 39 35 80 30 16 
36 31 56 10 22 44 1234 
87 25 12 51 66 55 1467 
7 34 33 69 40 4 16 
5 29 16 62 40 54 1560 
29 60 85 58 39 66 810 
86 60 62 95 70 65 1029 
18 13 92 22 39 4 1377 
36 8 68 42 29 102 504 
4 42 50 84 92 82 948 
67 29 95 29 91 42 331 
76 72 76 72 41 40 1407 
19 26 42 3 52 13 1510 
54 19 18 12 66 21 1350 
20 15 13 80 85 7 836 
85 99 96 50 64 66 990 
38 94 73 90 64 47 1386 
18 10 83 41 71 68 224 
13 80 19 27 24 39 906 
60 66 94 58 35 37 551 
29 48 55 91 49 34 261 
27 47 24 4 76 100 35 
7 32 41 16 41 40 1182 
21 79 25 42 29 7 1276 
30 81 35 31 12 53 1462 
63 30 53 24 36 100 1404 
35 97 25 49 42 55 863 
36 55 43 95 99 63 129 
72 32 51 22 29 40 1574 
68 92 75 67 49 14 711 
4 90 94 8 42 88 1406 
84 102 95 89 54 27 1544 
28 93 38 14 92 84 1497 
101 4 3 9 62 92 1092 
7 53 85 95 43 11 527 
66 51 90 60 77 24 1427 
32 58 35 77 14 4 647 
100 39 54 59 33 54 47 
88 93 101 82 99 21 1259 
51 12 96 13 18 64 1015 
44 50 57 17 62 6 1125 
48 70 34 50 90 29 114 
16 32 39 12 60 31 1272 
60 91 80 80 4 12 1324 
48 41 66 98 41 79 913 
91 100 44 73 50 36 665 
25 69 34 11 94 72 567 
81 59 3 60 35 86 1380 
61 79 39 60 96 90 1621 
31 69 53 50 52 53 414 
34 97 42 12 97 39 576 
23 48 71 12 42 48 1095 
84 66 40 8 95 73 481 
23 7 15 56 48 43 1525 
102 83 63 44 21 11 767 
65 63 51 40 49 51 622 
33 70 49 56 43 34 777 
6 15 44 59 82 98 185 
92 28 58 51 98 44 355 
67 11 70 23 39 22 314 
5 91 71 48 24 93 1471 
39 68 102 7 11 48 1568 
69 20 87 42 15 38 1179 
36 94 90 53 10 18 1083 
61 81 35 6 14 30 16 
26 75 13 60 7 23 871 
63 59 47 89 98 28 1589 
92 85 83 26 86 49 1116 
99 83 97 16 77 26 1274 
89 68 3 99 20 97 708 
47 77 84 11 17 21 1206 
37 46 67 14 93 71 1123 
98 54 83 30 83 35 439 
95 18 45 32 99 77 1200 
92 46 92 80 32 56 737 
10 101 17 72 30 96 1015 
39 32 5 86 57 11 1490 
16 22 71 38 65 19 855 
61 41 81 19 46 2 730 
102 77 35 62 17 26 1430 
55 68 60 55 40 67 915 
87 43 47 45 68 84 1244 
26 22 44 70 40 95 803 
62 37 55 87 96 19 606 
57 71 26 42 88 6 997 
56 14 85 27 54 98 1201 
100 36 77 80 20 70 1237 
57 93 95 79 33 40 1523 
33 7 71 46 49 21 493 
73 24 5 82 80 17 1143 
11 61 45 88 98 78 1005 
3 80 9 78 51 63 14 
80 33 64 57 67 70 385 
8 16 83 7 79 45 444 
14 74 99 42 55 8 748 
34 52 94 36 65 34 477 
29 64 70 100 60 31 1523 
93 42 28 15 49 49 40 
47 65 83 21 34 36 1455 
9 12 38 98 58 57 754 
83 73 22 4 38 96 1299 
54 15 8 22 16 36 356 
33 74 29 8 61 45 1413 
89 13 17 33 99 42 334 
54 34 5 4 76 49 150 
72 7 13 13 54 25 1521 
52 77 101 20 3 69 1229 
40 12 92 98 14 62 1541 
62 7 74 41 56 61 1628 
83 6 20 42 89 15 1004 
68 18 96 9 23 95 607 
38 18 15 99 75 47 240 
24 15 8 65 90 17 163 
3 41 75 100 66 95 1132 
73 83 80 16 57 16 1165 
96 97 91 93 68 59 388 
90 61 44 84 16 87 952 
93 14 79 101 100 54 1076 
78 24 11 59 102 70 1070 
37 36 84 20 33 45 466 
19 18 74 24 59 88 199 
82 33 18 51 10 13 1298 
71 4 17 59 64 7 286 
76 82 36 68 92 60 876 
27 62 66 85 44 32 1205 
98 7 79 43 67 56 1568 
93 95 10 94 59 88 1068 
34 69 63 71 40 13 712 
38 40 57 70 30 60 911 
73 54 69 68 83 8 1206 
99 40 18 99 54 23 1350 
89 28 77 35 74 90 1504 
95 5 16 6 21 32 967 
68 24 75 39 97 42 331 
43 43 27 78 82 94 580 
31 47 74 88 92 63 808 
14 83 37 58 72 66 1277 
52 55 64 64 77 17 500 
18 45 61 58 83 65 752 
87 51 59 94 99 59 1040 
60 43 20 31 71 12 885 
43 40 84 27 79 44 1492 
90 65 15 7 79 7 212 
4 15 32 10 100 5 451 
34 80 66 75 9 17 1498 
13 46 35 8 7 78 1224 
8 80 33 6 23 57 1572 
88 46 89 22 54 53 914 
31 90 23 73 8 29 156 
62 20 54 72 29 102 1258 
21 82 101 74 30 40 1570 
37 101 6 80 51 33 749 
36 79 56 57 66 38 1351 
58 14 37 101 52 68 749 
62 82 37 95 57 21 1088 
65 90 50 25 15 62 1527 
92 19 95 59 97 66 415 
43 100 17 66 66 96 1038 
70 66 76 81 74 52 1227 
21 72 86 96 14 81 1163 
90 8 34 53 78 91 1075 
97 44 43 56 4 22 306 
83 22 32 93 27 5 1548 
27 76 47 42 11 20 1156 
49 11 65 85 86 56 866 
94 85 15 90 7 100 1190 
24 34 26 73 32 58 614 
52 57 5 89 78 78 1038 
33 89 13 69 73 97 787 
35 80 73 20 68 68 1454 
38 19 6 22 7 24 45 
44 22 72 81 64 35 1590 
56 63 99 10 80 91 996 
98 4 23 36 5 27 1455 
57 55 55 66 93 50 221 
40 101 69 73 56 63 1461 
69 43 90 11 64 53 1288 
19 76 11 90 78 30 655 
17 85 88 5 99 16 1420 
69 19 18 73 87 86 265 
63 32 39 25 31 73 489 
63 35 27 43 76 12 621 
81 46 77 17 22 75 374 
18 83 70 59 49 4 1625 
26 74 40 79 69 65 906 
47 74 67 50 59 12 879 
52 62 64 25 5 51 1434 
75 42 59 67 13 95 737 
50 71 68 83 71 32 607 
63 89 66 9 50 85 562 
74 12 69 66 65 71 1088 
23 9 36 46 55 14 834 
34 83 14 58 71 12 1573 
5 101 68 90 82 19 1444 
75 100 18 58 69 55 25 
32 92 3 49 26 80 450 
64 34 39 18 21 88 486 
8 54 53 80 74 40 1120 
13 2 78 85 54 80 783 
11 20 90 89 60 52 22 
94 14 11 47 34 71 667 
69 31 74 63 33 61 1090 
48 67 80 96 18 35 312 
91 27 66 74 2 82 870 
17 51 31 62 38 31 239 
42 44 35 42 71 30 731 
73 6 24 24 21 83 1031 
55 13 95 45 19 84 40 
89 47 75 34 91 90 849 
83 46 3 96 32 54 97 
25 47 56 48 7 76 300 
23 44 52 83 100 92 1012 
40 38 20 22 48 14 873 
99 62 11 82 42 95 1477 
62 23 29 91 31 59 484 
68 41 98 14 10 86 1073 
5 25 53 93 99 92 690 
10 85 77 86 42 54 419 
87 47 69 67 84 30 991 
23 25 94 72 35 34 1181 
99 23 10 41 30 90 1544 
40 60 91 45 5 50 860 
40 55 7 91 7 6 1329 
95 32 49 28 58 7 1339 
102 61 23 67 60 72 172 
64 69 47 14 67 33 768 
89 80 24 81 81 10 1355 
72 88 83 30 30 93 63 
94 63 14 74 85 15 621 
101 69 80 47 80 44 1236 
88 62 79 42 75 36 105 
53 27 50 79 99 101 485 
74 43 39 31 81 9 1148 
8 35 42 84 20 11 1437 
13 46 36 3 68 9 1366 
29 6 90 58 58 99 659 
38 67 97 88 16 10 436 
29 44 18 101 37 7 1311 
29 39 60 57 27 20 668 
83 16 78 33 94 48 750 
39 51 76 24 11 32 1148 
70 47 98 7 3 63 1370 
4 19 4 32 4 5 1630 
68 31 3 33 81 101 886 
53 21 57 24 64 83 1461 
95 45 79 28 77 12 951 
94 64 52 27 59 59 1294 
98 76 3 92 45 48 1155 
22 75 93 32 33 18 291 
27 43 85 40 83 96 157 
77 27 6 29 95 44 1208 
69 53 8 24 45 77 888 
47 56 34 22 37 21 1190 
72 88 98 47 96 43 1095 
23 68 88 78 64 72 351 
52 98 65 51 6 99 864 
23 87 10 90 43 65 1306 
89 53 21 48 78 39 86 
41 10 84 101 3 9 749 
87 22 48 82 7 35 1564 
60 71 72 32 24 22 793 
3 90 59 55 79 89 555 
17 70 32 89 35 18 174 
90 83 52 5 92 9 597 
67 64 10 38 32 86 480 
85 50 18 56 19 59 629 
22 27 49 26 22 14 1137 
