2 4
50
10 46 770 
51 26 53 
19 15 272 
13 8 362 
59 7 330 
51 32 613 
54 31 229 
27 86 556 
86 47 590 
98 97 412 
75 58 800 
16 25 712 
41 56 369 
39 86 280 
13 66 654 
12 8 738 
33 25 748 
79 10 610 
27 86 493 
28 67 641 
36 23 155 
85 40 407 
48 46 671 
55 12 626 
32 17 370 
96 16 163 
90 76 319 
84 67 584 
61 98 395 
25 90 321 
29 15 720 
68 5 513 
17 30 214 
32 65 512 
10 80 112 
17 48 757 
31 34 570 
43 40 743 
42 54 457 
49 26 341 
3 25 451 
45 28 791 
90 66 98 
84 80 702 
96 60 90 
78 75 716 
60 46 407 
58 96 465 
71 88 608 
99 29 416 
