2 2
50
10 46 385 
51 26 27 
19 15 136 
13 8 182 
59 7 166 
51 32 307 
54 31 115 
27 86 278 
86 47 295 
98 97 207 
75 58 400 
16 25 356 
41 56 185 
39 86 141 
13 66 327 
12 8 369 
33 25 374 
79 10 305 
27 86 247 
28 67 321 
36 23 78 
85 40 204 
48 46 335 
55 12 313 
32 17 186 
96 16 82 
90 76 160 
84 67 292 
61 98 198 
25 90 161 
29 15 360 
68 5 257 
17 30 108 
32 65 257 
10 80 57 
17 48 379 
31 34 285 
43 40 372 
42 54 229 
49 26 171 
3 25 226 
45 28 395 
90 66 50 
84 80 351 
96 60 46 
78 75 358 
60 46 204 
58 96 233 
71 88 304 
99 29 209 
