2 8
50
71 95 130 
82 22 1029 
49 83 1340 
12 48 1500 
41 2 1211 
65 93 180 
72 72 1326 
7 31 1399 
29 57 1270 
53 19 1187 
78 90 705 
31 11 1100 
75 90 549 
38 97 1591 
17 41 921 
18 69 1277 
43 64 1346 
28 88 701 
62 66 1048 
24 55 1049 
87 98 1051 
11 37 950 
51 12 1481 
9 92 57 
79 36 1227 
86 93 1471 
31 13 1449 
102 12 893 
92 52 42 
2 71 744 
5 53 558 
71 53 1614 
35 7 75 
100 69 927 
90 36 1181 
81 50 842 
70 79 1198 
76 95 694 
77 88 1394 
12 21 1378 
58 51 670 
47 6 630 
71 10 1362 
78 53 1394 
88 33 715 
34 14 1246 
84 13 34 
53 34 1506 
74 31 957 
94 96 1064 
