2 2
50
97 50 340 
28 96 403 
25 60 184 
79 64 50 
34 46 139 
20 92 190 
12 73 365 
4 56 281 
93 31 321 
81 69 346 
23 3 331 
33 7 312 
8 20 399 
16 24 243 
99 26 216 
54 63 238 
18 67 370 
26 72 25 
14 95 384 
16 37 268 
22 47 372 
62 58 249 
33 3 162 
60 14 293 
50 98 204 
32 7 122 
18 41 276 
22 64 10 
96 99 127 
77 21 49 
84 94 340 
34 96 314 
70 39 279 
94 23 246 
21 61 217 
21 78 304 
58 84 362 
66 101 390 
100 102 337 
91 68 240 
32 57 335 
30 77 84 
90 18 13 
75 64 278 
63 26 75 
9 4 16 
51 77 90 
58 22 152 
25 20 380 
90 36 382 
