2 8
50
79 98 1290 
102 9 1627 
38 39 798 
80 46 550 
64 89 318 
6 55 1591 
12 53 1603 
98 26 1601 
66 45 590 
45 45 541 
58 22 547 
97 43 604 
100 28 1122 
56 73 589 
83 76 1214 
18 47 919 
74 57 331 
19 71 596 
86 83 1172 
83 38 1039 
66 95 1534 
18 24 384 
2 68 744 
84 7 436 
31 58 1296 
64 18 820 
26 50 1606 
82 74 1434 
15 41 838 
99 14 993 
67 19 1477 
7 92 1284 
44 67 859 
53 18 1288 
13 91 809 
96 90 217 
59 24 1061 
24 59 1431 
67 86 344 
8 5 1341 
74 5 892 
87 19 1438 
38 26 1066 
3 22 826 
100 75 521 
21 71 1347 
40 21 843 
40 42 1468 
98 46 982 
5 42 110 
