2 4
50
91 61 658 
11 72 702 
26 98 431 
48 95 416 
50 63 569 
16 19 734 
98 98 368 
60 39 604 
16 62 251 
3 7 302 
4 102 268 
52 20 241 
65 94 656 
88 41 296 
84 18 743 
89 20 408 
26 26 571 
12 89 743 
37 33 181 
9 97 83 
57 25 740 
18 46 759 
20 100 353 
42 53 212 
12 12 470 
11 78 170 
85 28 339 
83 80 661 
69 94 103 
44 17 713 
9 58 786 
72 33 134 
47 68 587 
100 71 166 
9 85 593 
46 2 633 
36 29 447 
3 26 562 
71 77 366 
12 51 424 
83 78 682 
58 35 777 
31 41 647 
43 65 83 
51 87 466 
23 76 771 
10 25 751 
37 10 720 
35 8 265 
30 4 458 
