2 8
50
10 46 1540 
51 26 103 
19 15 542 
13 8 723 
59 7 660 
51 32 1226 
54 31 457 
27 86 1111 
86 47 1179 
98 97 823 
75 58 1600 
16 25 1424 
41 56 736 
39 86 559 
13 66 1308 
12 8 1476 
33 25 1496 
79 10 1219 
27 86 985 
28 67 1282 
36 23 308 
85 40 813 
48 46 1341 
55 12 1251 
32 17 739 
96 16 323 
90 76 637 
84 67 1167 
61 98 790 
25 90 641 
29 15 1439 
68 5 1026 
17 30 426 
32 65 1024 
10 80 222 
17 48 1515 
31 34 1139 
43 40 1486 
42 54 912 
49 26 680 
3 25 900 
45 28 1581 
90 66 193 
84 80 1404 
96 60 179 
78 75 1431 
60 46 813 
58 96 929 
71 88 1215 
99 29 831 
