2 4
50
11 99 772 
78 90 470 
43 49 545 
5 43 615 
6 95 760 
19 53 811 
42 30 803 
47 22 698 
13 28 418 
100 75 595 
73 61 100 
14 18 630 
8 10 488 
2 38 652 
100 99 761 
97 76 536 
102 15 436 
100 80 162 
63 66 629 
11 67 510 
8 45 608 
96 34 670 
65 95 625 
18 13 352 
42 42 755 
20 49 191 
94 18 425 
88 101 494 
22 75 655 
94 53 431 
2 99 355 
99 96 760 
7 6 531 
13 33 659 
91 86 16 
12 60 313 
29 44 138 
56 19 394 
12 23 360 
16 76 483 
4 73 345 
26 18 117 
102 45 378 
101 15 350 
60 83 694 
73 98 125 
61 11 120 
44 67 70 
38 48 653 
97 89 596 
