2 8
50
11 99 1545 
78 90 939 
43 49 1090 
5 43 1230 
6 95 1520 
19 53 1622 
42 30 1606 
47 22 1396 
13 28 835 
100 75 1189 
73 61 198 
14 18 1259 
8 10 974 
2 38 1304 
100 99 1521 
97 76 1071 
102 15 871 
100 80 322 
63 66 1257 
11 67 1020 
8 45 1215 
96 34 1341 
65 95 1249 
18 13 703 
42 42 1511 
20 49 381 
94 18 850 
88 101 987 
22 75 1310 
94 53 860 
2 99 709 
99 96 1521 
7 6 1062 
13 33 1317 
91 86 30 
12 60 625 
29 44 274 
56 19 787 
12 23 719 
16 76 966 
4 73 689 
26 18 232 
102 45 755 
101 15 699 
60 83 1387 
73 98 248 
61 11 239 
44 67 139 
38 48 1306 
97 89 1192 
