2 4
50
27 13 382 
79 68 354 
37 96 84 
66 5 204 
34 101 557 
67 30 503 
72 72 775 
11 18 313 
82 19 648 
33 84 724 
58 74 571 
3 101 658 
88 8 421 
55 29 811 
71 41 356 
70 70 387 
26 37 430 
19 37 565 
42 18 775 
11 99 399 
66 7 100 
23 11 256 
57 33 814 
90 82 181 
12 20 351 
98 42 632 
97 14 403 
34 8 384 
38 41 303 
3 64 683 
88 79 74 
5 91 186 
89 50 247 
14 15 304 
49 39 456 
33 9 138 
28 46 615 
20 16 695 
102 34 803 
67 87 571 
96 56 562 
18 4 20 
15 9 240 
22 10 756 
49 85 813 
14 87 567 
93 7 261 
22 76 148 
10 70 520 
26 5 464 
