2 2
50
91 61 329 
11 72 351 
26 98 216 
48 95 209 
50 63 285 
16 19 367 
98 98 184 
60 39 302 
16 62 126 
3 7 152 
4 102 135 
52 20 121 
65 94 328 
88 41 148 
84 18 372 
89 20 205 
26 26 286 
12 89 372 
37 33 91 
9 97 43 
57 25 370 
18 46 379 
20 100 177 
42 53 107 
12 12 235 
11 78 86 
85 28 170 
83 80 331 
69 94 53 
44 17 357 
9 58 393 
72 33 68 
47 68 294 
100 71 84 
9 85 297 
46 2 317 
36 29 224 
3 26 281 
71 77 183 
12 51 212 
83 78 341 
58 35 389 
31 41 324 
43 65 42 
51 87 234 
23 76 385 
10 25 375 
37 10 360 
35 8 133 
30 4 230 
