2 8
50
91 61 1316 
11 72 1404 
26 98 861 
48 95 831 
50 63 1137 
16 19 1468 
98 98 734 
60 39 1207 
16 62 501 
3 7 603 
4 102 535 
52 20 480 
65 94 1311 
88 41 590 
84 18 1485 
89 20 816 
26 26 1141 
12 89 1486 
37 33 360 
9 97 165 
57 25 1481 
18 46 1517 
20 100 704 
42 53 423 
12 12 939 
11 78 339 
85 28 678 
83 80 1322 
69 94 205 
44 17 1427 
9 58 1573 
72 33 267 
47 68 1174 
100 71 330 
9 85 1186 
46 2 1265 
36 29 893 
3 26 1124 
71 77 730 
12 51 846 
83 78 1364 
58 35 1554 
31 41 1293 
43 65 163 
51 87 932 
23 76 1541 
10 25 1501 
37 10 1439 
35 8 528 
30 4 915 
