2 8
50
39 14 1397 
58 69 1170 
18 37 534 
5 87 1595 
71 4 1163 
85 74 1317 
15 70 1233 
101 26 412 
27 8 501 
16 86 683 
16 41 1419 
78 12 666 
56 22 883 
76 73 1089 
47 40 1234 
20 27 1129 
68 92 345 
34 58 527 
30 40 1436 
62 33 992 
43 5 839 
93 91 753 
13 95 1501 
33 31 857 
29 41 1597 
11 56 1408 
52 9 1318 
64 50 1530 
23 83 1347 
57 50 1180 
55 95 1448 
95 35 1111 
17 56 799 
32 9 536 
79 37 990 
71 8 283 
36 21 1370 
4 13 398 
82 81 895 
60 72 129 
66 58 732 
22 80 593 
66 35 103 
32 95 8 
39 22 1627 
50 86 204 
35 54 1239 
67 22 463 
90 53 1342 
66 15 872 
