2 6
50
27 13 573 
79 68 531 
37 96 126 
66 5 305 
34 101 836 
67 30 754 
72 72 1163 
11 18 469 
82 19 972 
33 84 1085 
58 74 857 
3 101 987 
88 8 631 
55 29 1216 
71 41 533 
70 70 580 
26 37 645 
19 37 847 
42 18 1163 
11 99 598 
66 7 150 
23 11 383 
57 33 1221 
90 82 271 
12 20 526 
98 42 948 
97 14 603 
34 8 576 
38 41 454 
3 64 1024 
88 79 111 
5 91 278 
89 50 369 
14 15 455 
49 39 683 
33 9 207 
28 46 922 
20 16 1042 
102 34 1205 
67 87 857 
96 56 843 
18 4 29 
15 9 360 
22 10 1134 
49 85 1219 
14 87 850 
93 7 391 
22 76 221 
10 70 780 
26 5 696 
