2 6
50
91 61 987 
11 72 1053 
26 98 646 
48 95 624 
50 63 853 
16 19 1101 
98 98 551 
60 39 905 
16 62 376 
3 7 452 
4 102 402 
52 20 361 
65 94 984 
88 41 443 
84 18 1114 
89 20 612 
26 26 856 
12 89 1114 
37 33 270 
9 97 124 
57 25 1111 
18 46 1138 
20 100 529 
42 53 317 
12 12 704 
11 78 254 
85 28 509 
83 80 992 
69 94 154 
44 17 1070 
9 58 1180 
72 33 201 
47 68 881 
100 71 248 
9 85 890 
46 2 949 
36 29 670 
3 26 843 
71 77 548 
12 51 635 
83 78 1023 
58 35 1165 
31 41 970 
43 65 123 
51 87 699 
23 76 1156 
10 25 1126 
37 10 1079 
35 8 396 
30 4 687 
