2 2
50
27 13 192 
79 68 178 
37 96 43 
66 5 103 
34 101 279 
67 30 252 
72 72 388 
11 18 157 
82 19 324 
33 84 362 
58 74 286 
3 101 329 
88 8 211 
55 29 405 
71 41 178 
70 70 194 
26 37 216 
19 37 283 
42 18 388 
11 99 200 
66 7 51 
23 11 129 
57 33 407 
90 82 91 
12 20 176 
98 42 316 
97 14 202 
34 8 193 
38 41 152 
3 64 342 
88 79 38 
5 91 94 
89 50 124 
14 15 153 
49 39 228 
33 9 70 
28 46 308 
20 16 348 
102 34 402 
67 87 286 
96 56 281 
18 4 11 
15 9 121 
22 10 378 
49 85 406 
14 87 284 
93 7 131 
22 76 75 
10 70 260 
26 5 233 
