2 6
50
11 99 1159 
78 90 705 
43 49 818 
5 43 923 
6 95 1140 
19 53 1217 
42 30 1204 
47 22 1047 
13 28 626 
100 75 892 
73 61 149 
14 18 945 
8 10 731 
2 38 978 
100 99 1141 
97 76 803 
102 15 653 
100 80 242 
63 66 943 
11 67 765 
8 45 911 
96 34 1006 
65 95 937 
18 13 527 
42 42 1133 
20 49 286 
94 18 638 
88 101 740 
22 75 982 
94 53 645 
2 99 532 
99 96 1141 
7 6 796 
13 33 988 
91 86 23 
12 60 469 
29 44 206 
56 19 591 
12 23 539 
16 76 724 
4 73 517 
26 18 174 
102 45 566 
101 15 524 
60 83 1041 
73 98 187 
61 11 180 
44 67 105 
38 48 980 
97 89 894 
