2 6
50
10 46 1155 
51 26 78 
19 15 407 
13 8 543 
59 7 495 
51 32 920 
54 31 343 
27 86 833 
86 47 884 
98 97 618 
75 58 1200 
16 25 1068 
41 56 552 
39 86 420 
13 66 981 
12 8 1107 
33 25 1122 
79 10 914 
27 86 739 
28 67 962 
36 23 232 
85 40 610 
48 46 1006 
55 12 938 
32 17 555 
96 16 243 
90 76 478 
84 67 875 
61 98 592 
25 90 481 
29 15 1080 
68 5 769 
17 30 320 
32 65 768 
10 80 167 
17 48 1136 
31 34 854 
43 40 1115 
42 54 685 
49 26 510 
3 25 675 
45 28 1186 
90 66 145 
84 80 1053 
96 60 135 
78 75 1073 
60 46 610 
58 96 697 
71 88 911 
99 29 624 
