2 6
50
71 95 98 
82 22 772 
49 83 1005 
12 48 1125 
41 2 909 
65 93 135 
72 72 994 
7 31 1050 
29 57 952 
53 19 890 
78 90 529 
31 11 825 
75 90 412 
38 97 1194 
17 41 691 
18 69 958 
43 64 1010 
28 88 526 
62 66 786 
24 55 787 
87 98 789 
11 37 712 
51 12 1111 
9 92 43 
79 36 920 
86 93 1103 
31 13 1087 
102 12 670 
92 52 32 
2 71 559 
5 53 419 
71 53 1211 
35 7 57 
100 69 696 
90 36 886 
81 50 631 
70 79 899 
76 95 521 
77 88 1045 
12 21 1034 
58 51 503 
47 6 472 
71 10 1022 
78 53 1046 
88 33 536 
34 14 935 
84 13 26 
53 34 1129 
74 31 718 
94 96 798 
