2 8
50
97 50 1357 
28 96 1612 
25 60 732 
79 64 195 
34 46 553 
20 92 757 
12 73 1461 
4 56 1122 
93 31 1281 
81 69 1383 
23 3 1323 
33 7 1246 
8 20 1597 
16 24 968 
99 26 862 
54 63 950 
18 67 1479 
26 72 94 
14 95 1534 
16 37 1071 
22 47 1487 
62 58 995 
33 3 646 
60 14 1170 
50 98 812 
32 7 486 
18 41 1103 
22 64 35 
96 99 503 
77 21 190 
84 94 1361 
34 96 1255 
70 39 1116 
94 23 982 
21 61 867 
21 78 1213 
58 84 1447 
66 101 1561 
100 102 1347 
91 68 959 
32 57 1337 
30 77 329 
90 18 45 
75 64 1108 
63 26 296 
9 4 58 
51 77 354 
58 22 605 
25 20 1521 
90 36 1527 
