2 2
50
11 99 386 
78 90 235 
43 49 273 
5 43 308 
6 95 380 
19 53 406 
42 30 401 
47 22 349 
13 28 209 
100 75 298 
73 61 51 
14 18 315 
8 10 244 
2 38 326 
100 99 380 
97 76 268 
102 15 218 
100 80 82 
63 66 315 
11 67 256 
8 45 304 
96 34 335 
65 95 312 
18 13 177 
42 42 378 
20 49 96 
94 18 213 
88 101 247 
22 75 328 
94 53 216 
2 99 178 
99 96 380 
7 6 266 
13 33 330 
91 86 9 
12 60 157 
29 44 70 
56 19 198 
12 23 181 
16 76 242 
4 73 173 
26 18 59 
102 45 190 
101 15 175 
60 83 347 
73 98 63 
61 11 61 
44 67 36 
38 48 327 
97 89 298 
