2 6
50
33 35 579 
15 68 1116 
54 50 737 
17 95 848 
80 92 1110 
40 38 294 
23 30 40 
10 3 976 
23 96 895 
80 28 797 
59 13 257 
88 21 1161 
65 60 1009 
43 66 933 
37 39 684 
90 47 976 
69 22 1193 
37 30 216 
53 25 392 
70 94 889 
20 76 281 
97 59 1003 
50 94 874 
98 77 956 
43 82 780 
29 75 778 
26 34 598 
95 13 71 
70 25 1022 
5 37 1170 
65 97 800 
12 25 1105 
55 42 983 
76 42 649 
10 74 553 
21 95 586 
56 26 622 
70 46 735 
26 27 776 
19 30 421 
100 47 700 
78 35 973 
15 34 700 
75 76 400 
85 52 1129 
98 87 480 
63 50 366 
38 52 132 
47 97 636 
7 88 1202 
