2 4
50
33 35 386 
15 68 744 
54 50 492 
17 95 566 
80 92 740 
40 38 196 
23 30 27 
10 3 651 
23 96 597 
80 28 532 
59 13 172 
88 21 774 
65 60 673 
43 66 622 
37 39 456 
90 47 651 
69 22 796 
37 30 144 
53 25 262 
70 94 593 
20 76 188 
97 59 669 
50 94 583 
98 77 638 
43 82 520 
29 75 519 
26 34 399 
95 13 48 
70 25 681 
5 37 780 
65 97 533 
12 25 737 
55 42 655 
76 42 433 
10 74 369 
21 95 391 
56 26 415 
70 46 491 
26 27 518 
19 30 281 
100 47 467 
78 35 649 
15 34 467 
75 76 267 
85 52 753 
98 87 321 
63 50 244 
38 52 88 
47 97 424 
7 88 801 
