2 2
50
39 14 349 
58 69 293 
18 37 135 
5 87 399 
71 4 291 
85 74 330 
15 70 309 
101 26 104 
27 8 126 
16 86 172 
16 41 355 
78 12 167 
56 22 221 
76 73 273 
47 40 309 
20 27 283 
68 92 87 
34 58 133 
30 40 359 
62 33 249 
43 5 210 
93 91 189 
13 95 375 
33 31 215 
29 41 399 
11 56 352 
52 9 330 
64 50 383 
23 83 337 
57 50 295 
55 95 362 
95 35 278 
17 56 200 
32 9 135 
79 37 248 
71 8 72 
36 21 343 
4 13 101 
82 81 224 
60 72 34 
66 58 184 
22 80 149 
66 35 27 
32 95 3 
39 22 407 
50 86 52 
35 54 310 
67 22 117 
90 53 336 
66 15 219 
