2 2
50
94 17 115 
21 13 232 
67 52 290 
64 38 290 
82 29 388 
21 47 90 
47 15 322 
80 52 101 
93 49 206 
17 3 119 
38 58 97 
12 67 216 
24 80 135 
94 19 326 
32 33 144 
9 16 180 
16 10 401 
18 38 67 
14 16 269 
5 30 262 
8 53 201 
44 28 330 
50 72 253 
44 99 276 
91 56 394 
101 50 79 
91 86 136 
8 3 378 
33 23 83 
9 100 210 
89 20 202 
71 87 269 
33 90 23 
56 62 180 
84 74 47 
33 29 335 
22 15 268 
49 16 182 
33 102 205 
58 13 22 
63 42 295 
13 57 323 
20 22 280 
33 70 247 
16 37 101 
91 27 121 
84 102 383 
40 90 349 
88 42 20 
7 40 350 
