2 2
50
44 41 45 
27 43 246 
64 31 258 
86 11 406 
16 56 390 
80 56 78 
76 16 359 
16 100 347 
19 11 362 
59 64 403 
41 57 335 
7 63 312 
65 64 132 
75 101 270 
35 46 78 
60 76 353 
33 54 360 
14 24 313 
19 30 168 
28 10 131 
74 7 274 
66 47 220 
19 11 379 
21 16 376 
89 2 63 
24 83 221 
68 61 145 
4 28 44 
12 29 137 
8 90 134 
38 40 221 
2 4 383 
101 70 405 
67 42 265 
96 14 155 
98 27 89 
63 97 193 
89 62 200 
99 71 324 
59 56 71 
22 14 86 
62 86 313 
40 88 401 
23 25 54 
57 3 78 
72 11 57 
75 16 13 
14 46 381 
87 51 319 
7 6 134 
