2 6
50
97 50 1018 
28 96 1209 
25 60 550 
79 64 147 
34 46 415 
20 92 568 
12 73 1096 
4 56 841 
93 31 961 
81 69 1038 
23 3 992 
33 7 935 
8 20 1198 
16 24 726 
99 26 647 
54 63 712 
18 67 1109 
26 72 71 
14 95 1151 
16 37 803 
22 47 1115 
62 58 747 
33 3 485 
60 14 878 
50 98 609 
32 7 364 
18 41 827 
22 64 26 
96 99 378 
77 21 143 
84 94 1021 
34 96 941 
70 39 837 
94 23 737 
21 61 650 
21 78 910 
58 84 1085 
66 101 1171 
100 102 1010 
91 68 719 
32 57 1003 
30 77 247 
90 18 34 
75 64 831 
63 26 222 
9 4 44 
51 77 266 
58 22 454 
25 20 1141 
90 36 1146 
