2 4
50
94 17 228 
21 13 463 
67 52 579 
64 38 579 
82 29 775 
21 47 178 
47 15 643 
80 52 200 
93 49 412 
17 3 237 
38 58 192 
12 67 431 
24 80 269 
94 19 652 
32 33 286 
9 16 359 
16 10 802 
18 38 132 
14 16 537 
5 30 524 
8 53 400 
44 28 659 
50 72 506 
44 99 551 
91 56 787 
101 50 156 
91 86 272 
8 3 757 
33 23 164 
9 100 420 
89 20 403 
71 87 537 
33 90 43 
56 62 358 
84 74 92 
33 29 670 
22 15 536 
49 16 363 
33 102 410 
58 13 43 
63 42 589 
13 57 645 
20 22 560 
33 70 493 
16 37 201 
91 27 240 
84 102 765 
40 90 698 
88 42 38 
7 40 699 
