2 4
50
97 50 679 
28 96 806 
25 60 367 
79 64 98 
34 46 277 
20 92 379 
12 73 730 
4 56 561 
93 31 641 
81 69 692 
23 3 662 
33 7 623 
8 20 798 
16 24 484 
99 26 432 
54 63 475 
18 67 740 
26 72 48 
14 95 767 
16 37 536 
22 47 744 
62 58 498 
33 3 323 
60 14 585 
50 98 407 
32 7 243 
18 41 552 
22 64 18 
96 99 252 
77 21 96 
84 94 681 
34 96 628 
70 39 558 
94 23 492 
21 61 434 
21 78 607 
58 84 724 
66 101 780 
100 102 674 
91 68 480 
32 57 669 
30 77 166 
90 18 23 
75 64 555 
63 26 149 
9 4 30 
51 77 178 
58 22 303 
25 20 761 
90 36 764 
