2 2
50
71 95 34 
82 22 258 
49 83 335 
12 48 375 
41 2 303 
65 93 46 
72 72 332 
7 31 350 
29 57 318 
53 19 297 
78 90 177 
31 11 276 
75 90 138 
38 97 398 
17 41 231 
18 69 320 
43 64 337 
28 88 176 
62 66 262 
24 55 263 
87 98 263 
11 37 238 
51 12 370 
9 92 16 
79 36 307 
86 93 368 
31 13 362 
102 12 224 
92 52 12 
2 71 187 
5 53 140 
71 53 404 
35 7 20 
100 69 233 
90 36 296 
81 50 211 
70 79 300 
76 95 174 
77 88 349 
12 21 345 
58 51 168 
47 6 158 
71 10 341 
78 53 349 
88 33 180 
34 14 312 
84 13 10 
53 34 377 
74 31 240 
94 96 266 
