2 6
50
39 14 1048 
58 69 877 
18 37 401 
5 87 1196 
71 4 872 
85 74 988 
15 70 925 
101 26 309 
27 8 376 
16 86 513 
16 41 1064 
78 12 499 
56 22 662 
76 73 817 
47 40 926 
20 27 847 
68 92 259 
34 58 395 
30 40 1077 
62 33 745 
43 5 630 
93 91 565 
13 95 1126 
33 31 643 
29 41 1198 
11 56 1056 
52 9 988 
64 50 1147 
23 83 1010 
57 50 885 
55 95 1086 
95 35 834 
17 56 599 
32 9 402 
79 37 743 
71 8 213 
36 21 1027 
4 13 299 
82 81 671 
60 72 97 
66 58 549 
22 80 445 
66 35 78 
32 95 6 
39 22 1220 
50 86 154 
35 54 929 
67 22 347 
90 53 1007 
66 15 654 
