2 4
50
71 95 66 
82 22 515 
49 83 670 
12 48 750 
41 2 606 
65 93 91 
72 72 663 
7 31 700 
29 57 635 
53 19 594 
78 90 353 
31 11 551 
75 90 275 
38 97 796 
17 41 461 
18 69 639 
43 64 673 
28 88 351 
62 66 524 
24 55 525 
87 98 526 
11 37 475 
51 12 741 
9 92 29 
79 36 614 
86 93 736 
31 13 725 
102 12 447 
92 52 22 
2 71 373 
5 53 280 
71 53 807 
35 7 39 
100 69 464 
90 36 591 
81 50 421 
70 79 599 
76 95 347 
77 88 697 
12 21 689 
58 51 335 
47 6 315 
71 10 681 
78 53 697 
88 33 358 
34 14 623 
84 13 18 
53 34 753 
74 31 479 
94 96 532 
