2 6
50
79 98 968 
102 9 1220 
38 39 599 
80 46 413 
64 89 239 
6 55 1193 
12 53 1202 
98 26 1201 
66 45 443 
45 45 406 
58 22 411 
97 43 453 
100 28 842 
56 73 442 
83 76 911 
18 47 690 
74 57 249 
19 71 447 
86 83 879 
83 38 780 
66 95 1150 
18 24 289 
2 68 558 
84 7 328 
31 58 972 
64 18 615 
26 50 1204 
82 74 1076 
15 41 629 
99 14 745 
67 19 1108 
7 92 963 
44 67 645 
53 18 966 
13 91 607 
96 90 163 
59 24 796 
24 59 1074 
67 86 258 
8 5 1006 
74 5 669 
87 19 1078 
38 26 800 
3 22 620 
100 75 391 
21 71 1010 
40 21 632 
40 42 1101 
98 46 737 
5 42 83 
