2 4
50
39 14 699 
58 69 585 
18 37 268 
5 87 797 
71 4 582 
85 74 659 
15 70 617 
101 26 207 
27 8 251 
16 86 342 
16 41 709 
78 12 333 
56 22 442 
76 73 545 
47 40 617 
20 27 565 
68 92 173 
34 58 264 
30 40 718 
62 33 497 
43 5 420 
93 91 377 
13 95 751 
33 31 429 
29 41 798 
11 56 704 
52 9 659 
64 50 765 
23 83 674 
57 50 590 
55 95 724 
95 35 556 
17 56 400 
32 9 269 
79 37 495 
71 8 142 
36 21 685 
4 13 200 
82 81 448 
60 72 65 
66 58 367 
22 80 297 
66 35 53 
32 95 5 
39 22 813 
50 86 103 
35 54 620 
67 22 232 
90 53 671 
66 15 437 
