2 8
50
69 59 3 
11 2 1508 
42 38 1247 
33 67 1247 
50 29 1510 
72 20 1362 
42 24 49 
22 18 862 
46 51 1337 
47 5 577 
10 6 853 
53 90 208 
24 80 1266 
60 89 1005 
96 84 1401 
38 29 804 
19 29 1593 
26 84 1259 
62 50 676 
49 67 837 
12 98 539 
43 26 1002 
26 99 642 
82 51 646 
8 84 562 
43 28 557 
69 10 359 
35 30 1229 
40 85 369 
77 93 663 
73 76 217 
28 50 1499 
31 55 944 
26 14 496 
12 39 1284 
60 20 1631 
45 20 359 
9 82 929 
31 80 1097 
60 5 665 
41 51 91 
101 11 1218 
28 82 550 
45 15 1190 
78 44 1576 
94 25 1498 
99 82 1062 
25 34 1189 
21 66 1532 
58 99 1145 
