2 8
50
33 35 771 
15 68 1488 
54 50 983 
17 95 1130 
80 92 1480 
40 38 391 
23 30 53 
10 3 1301 
23 96 1193 
80 28 1063 
59 13 343 
88 21 1548 
65 60 1346 
43 66 1244 
37 39 911 
90 47 1302 
69 22 1591 
37 30 287 
53 25 522 
70 94 1185 
20 76 374 
97 59 1337 
50 94 1165 
98 77 1275 
43 82 1040 
29 75 1038 
26 34 797 
95 13 94 
70 25 1363 
5 37 1560 
65 97 1066 
12 25 1474 
55 42 1310 
76 42 865 
10 74 737 
21 95 782 
56 26 829 
70 46 980 
26 27 1035 
19 30 561 
100 47 932 
78 35 1297 
15 34 933 
75 76 533 
85 52 1505 
98 87 640 
63 50 487 
38 52 175 
47 97 847 
7 88 1603 
