2 4
50
90 33 579 
31 11 619 
95 3 811 
8 66 406 
12 44 572 
59 64 476 
89 71 740 
16 87 712 
80 45 53 
23 24 386 
75 66 39 
8 52 505 
15 15 63 
19 100 30 
3 16 310 
83 92 375 
71 28 419 
46 11 577 
33 76 373 
86 53 544 
72 73 645 
54 35 815 
47 6 750 
10 46 407 
53 73 576 
89 15 585 
51 99 430 
62 54 783 
98 31 449 
36 77 626 
18 31 504 
43 49 221 
26 51 663 
40 38 704 
56 63 666 
3 95 314 
2 46 497 
76 36 438 
16 11 162 
85 58 29 
47 13 232 
17 94 123 
90 12 192 
46 65 520 
92 13 506 
68 8 739 
16 96 298 
19 36 261 
18 44 774 
10 29 313 
