2 8
50
27 13 763 
79 68 707 
37 96 167 
66 5 406 
34 101 1114 
67 30 1005 
72 72 1550 
11 18 625 
82 19 1296 
33 84 1447 
58 74 1142 
3 101 1316 
88 8 840 
55 29 1622 
71 41 710 
70 70 773 
26 37 860 
19 37 1129 
42 18 1550 
11 99 798 
66 7 199 
23 11 510 
57 33 1629 
90 82 361 
12 20 701 
98 42 1264 
97 14 804 
34 8 767 
38 41 605 
3 64 1366 
88 79 147 
5 91 370 
89 50 492 
14 15 607 
49 39 910 
33 9 275 
28 46 1229 
20 16 1389 
102 34 1606 
67 87 1142 
96 56 1123 
18 4 39 
15 9 479 
22 10 1511 
49 85 1625 
14 87 1133 
93 7 521 
22 76 294 
10 70 1039 
26 5 928 
