4 2
50
89 76 71 14 157 
28 50 73 28 374 
5 51 44 4 200 
20 31 26 47 386 
44 28 50 12 254 
60 72 43 85 292 
85 30 5 32 372 
52 85 49 82 202 
39 4 88 32 145 
15 10 31 39 264 
98 31 82 32 389 
64 28 61 52 328 
59 9 91 56 36 
77 48 14 13 405 
37 84 46 98 234 
42 42 20 77 200 
52 42 6 20 308 
56 50 75 36 122 
26 26 99 102 378 
32 15 34 24 246 
69 98 21 40 120 
16 87 87 75 227 
24 10 86 3 125 
19 5 72 81 222 
30 75 80 83 309 
14 87 47 5 111 
29 10 98 17 333 
56 23 68 91 250 
71 65 102 81 33 
17 42 98 71 310 
29 45 55 70 134 
96 20 40 64 72 
32 42 83 48 119 
16 14 71 22 312 
97 40 83 20 346 
66 75 101 75 247 
74 90 77 29 407 
86 56 30 85 356 
38 85 5 74 129 
31 84 56 52 381 
5 73 79 95 329 
91 64 37 85 278 
23 21 67 4 187 
43 67 56 48 185 
62 86 88 34 166 
14 36 11 89 228 
85 21 51 82 235 
3 14 84 49 44 
24 21 47 16 271 
19 20 3 28 367 
