4 2
50
52 76 72 43 124 
86 25 102 17 319 
49 23 54 68 350 
27 96 83 30 253 
44 25 22 76 256 
41 8 2 102 95 
92 4 88 54 285 
28 97 34 9 305 
3 69 41 14 254 
28 12 36 72 295 
25 86 41 75 381 
29 56 98 80 371 
80 25 102 94 358 
47 36 102 98 244 
32 64 77 56 250 
77 86 10 14 150 
31 74 33 30 4 
8 65 15 61 176 
74 100 56 18 395 
80 69 49 26 71 
94 13 40 12 172 
62 11 87 14 77 
45 48 87 44 254 
8 94 74 94 333 
84 23 43 56 357 
34 10 61 59 339 
10 39 86 97 183 
20 37 23 88 164 
99 80 3 42 407 
28 16 14 56 373 
88 97 57 45 144 
73 72 86 25 43 
54 52 30 31 45 
8 64 92 99 180 
73 73 88 54 344 
6 22 2 56 252 
20 98 7 68 395 
15 85 43 62 303 
50 53 100 78 359 
49 52 75 32 383 
65 26 17 12 85 
17 11 5 61 126 
53 72 32 63 377 
58 47 64 34 399 
25 23 32 25 392 
22 75 12 66 153 
57 49 72 62 400 
96 83 98 47 335 
6 82 84 31 97 
80 23 39 86 134 
