4 4
50
5 71 18 55 600 
15 71 39 2 439 
90 53 51 82 169 
92 41 81 35 556 
33 63 89 19 797 
40 5 11 37 670 
82 96 18 71 792 
52 45 44 96 399 
21 5 79 68 228 
29 12 87 54 45 
5 93 62 86 661 
45 84 101 58 290 
12 61 4 20 600 
97 37 82 85 577 
49 99 87 86 398 
30 85 23 91 573 
30 20 60 32 643 
91 36 34 90 443 
70 46 88 61 315 
62 3 61 95 272 
94 32 5 83 478 
8 7 78 37 431 
62 63 12 87 65 
95 3 74 41 686 
63 5 94 30 21 
5 13 29 47 721 
29 26 30 58 636 
100 17 79 73 593 
86 60 99 37 773 
10 36 3 53 374 
61 31 22 11 592 
92 40 76 80 455 
98 80 32 49 208 
37 35 56 10 85 
79 26 3 69 816 
5 8 59 36 774 
71 12 78 102 239 
101 6 21 85 721 
62 43 101 17 629 
8 30 52 12 485 
77 82 96 43 558 
37 29 55 11 569 
86 83 43 86 711 
88 4 33 20 218 
33 16 73 21 414 
39 27 88 92 769 
77 57 49 76 166 
90 18 37 33 766 
74 53 12 16 38 
80 2 17 30 743 
