4 6
50
52 76 72 43 368 
86 25 102 17 955 
49 23 54 68 1048 
27 96 83 30 758 
44 25 22 76 767 
41 8 2 102 282 
92 4 88 54 855 
28 97 34 9 914 
3 69 41 14 761 
28 12 36 72 882 
25 86 41 75 1142 
29 56 98 80 1113 
80 25 102 94 1074 
47 36 102 98 729 
32 64 77 56 750 
77 86 10 14 447 
31 74 33 30 7 
8 65 15 61 525 
74 100 56 18 1185 
80 69 49 26 211 
94 13 40 12 514 
62 11 87 14 228 
45 48 87 44 760 
8 94 74 94 997 
84 23 43 56 1071 
34 10 61 59 1018 
10 39 86 97 547 
20 37 23 88 491 
99 80 3 42 1221 
28 16 14 56 1117 
88 97 57 45 428 
73 72 86 25 126 
54 52 30 31 132 
8 64 92 99 539 
73 73 88 54 1031 
6 22 2 56 754 
20 98 7 68 1186 
15 85 43 62 907 
50 53 100 78 1078 
49 52 75 32 1150 
65 26 17 12 252 
17 11 5 61 375 
53 72 32 63 1129 
58 47 64 34 1196 
25 23 32 25 1174 
22 75 12 66 457 
57 49 72 62 1200 
96 83 98 47 1003 
6 82 84 31 288 
80 23 39 86 398 
