4 2
50
14 81 89 20 402 
71 87 88 11 137 
42 67 97 20 264 
21 13 59 22 366 
61 87 37 30 350 
102 49 73 5 292 
35 47 50 42 323 
20 17 44 45 264 
16 4 31 39 29 
5 14 6 2 355 
27 25 83 101 45 
30 47 61 34 404 
24 16 85 40 5 
97 20 57 41 191 
6 70 17 57 310 
58 58 99 23 337 
89 45 73 18 189 
11 66 51 31 211 
75 58 12 46 176 
101 21 94 38 50 
87 59 67 55 341 
59 10 28 25 222 
74 49 40 52 49 
81 46 69 93 373 
33 71 28 89 300 
49 60 73 14 312 
39 66 63 11 396 
32 80 19 34 364 
3 41 28 77 325 
28 20 62 34 263 
58 54 2 47 332 
19 34 79 82 149 
101 39 16 49 71 
10 89 31 55 334 
2 28 37 4 368 
94 45 52 10 194 
31 100 41 50 85 
87 66 18 30 328 
100 3 39 98 369 
66 27 81 60 293 
41 92 10 52 263 
32 20 100 57 364 
76 83 72 35 31 
3 100 68 28 133 
46 73 3 74 341 
101 91 40 14 108 
69 66 94 38 34 
41 92 91 86 371 
69 68 63 41 29 
19 33 6 91 365 
