4 4
50
82 14 30 22 410 
34 23 64 42 212 
59 45 83 9 677 
19 71 13 80 679 
64 91 35 52 729 
85 63 68 53 160 
32 24 82 42 125 
42 23 97 12 694 
4 47 46 25 726 
80 47 3 41 728 
30 85 66 18 588 
93 81 81 33 548 
73 57 13 23 782 
37 64 43 94 351 
99 76 3 95 662 
19 46 12 63 95 
40 61 30 64 743 
49 60 66 70 198 
63 44 66 45 115 
49 36 26 29 439 
18 6 11 98 756 
56 84 73 37 452 
49 71 20 22 237 
14 29 51 32 397 
79 100 75 70 671 
56 12 59 81 276 
84 23 85 9 782 
37 52 34 71 300 
67 89 31 15 633 
94 26 47 16 17 
22 87 96 80 628 
20 32 43 15 313 
47 27 94 3 594 
28 88 13 26 770 
64 97 82 95 680 
92 71 63 93 739 
32 67 45 79 109 
100 29 7 32 639 
6 11 21 33 751 
42 97 30 42 422 
8 15 23 22 326 
28 7 3 97 714 
51 72 52 25 68 
81 84 18 90 614 
101 83 83 47 734 
55 78 51 3 352 
97 43 23 41 690 
19 46 25 39 714 
94 28 12 45 244 
37 61 98 25 104 
