4 8
50
83 41 86 17 701 
100 21 71 26 1002 
24 14 69 4 503 
51 80 33 95 1271 
39 60 87 61 1409 
93 27 4 3 521 
81 60 65 100 456 
4 34 46 12 1012 
84 82 67 91 780 
3 101 14 4 1279 
64 76 16 24 684 
25 56 28 31 852 
75 19 69 94 1342 
66 51 71 76 476 
20 35 22 33 1557 
59 96 98 13 1387 
94 14 2 25 1142 
7 45 44 58 81 
49 8 17 60 1448 
67 15 75 8 1364 
54 31 40 75 993 
31 56 85 28 1377 
32 60 17 46 984 
63 19 46 24 1257 
23 9 16 72 1332 
13 20 64 45 491 
47 23 92 29 535 
64 76 30 64 673 
54 62 18 73 1230 
91 94 73 100 450 
51 70 53 31 1022 
47 18 71 93 811 
13 94 43 98 646 
11 71 89 13 1596 
89 91 84 83 416 
63 93 44 96 1509 
21 49 66 17 1326 
79 72 62 67 1429 
49 7 39 15 497 
62 22 22 34 1087 
23 7 62 2 660 
62 88 72 6 30 
56 75 76 100 497 
66 30 28 17 1029 
41 10 24 26 836 
84 54 72 53 1072 
43 74 12 30 1171 
16 89 65 77 352 
92 3 58 65 555 
75 33 40 84 1082 
