4 8
50
101 82 32 3 1556 
89 17 76 100 1090 
11 96 72 60 1514 
92 19 97 21 1342 
27 69 18 102 1294 
88 31 62 68 1546 
87 70 86 65 1104 
50 95 20 30 517 
48 84 101 7 275 
101 58 56 51 150 
7 86 81 7 502 
35 65 32 24 156 
59 57 10 5 1336 
42 11 8 93 724 
100 101 68 90 592 
45 69 13 85 1318 
32 77 13 59 1466 
3 91 81 35 571 
87 65 98 21 1212 
93 76 98 25 1245 
91 52 65 7 187 
8 20 93 71 1435 
68 54 49 43 1302 
84 46 53 15 1318 
53 32 76 58 965 
37 5 49 15 739 
71 73 90 9 1496 
82 14 7 48 1364 
86 100 13 47 1133 
35 18 57 41 1504 
49 25 85 45 406 
61 78 10 48 1251 
6 72 80 26 317 
96 66 42 51 1629 
72 41 7 32 1585 
56 21 31 88 425 
20 50 10 23 1609 
47 90 47 84 534 
6 6 61 71 1304 
16 21 89 27 1223 
71 79 8 41 362 
10 20 55 47 1158 
42 49 23 22 952 
58 64 59 27 1211 
8 21 60 19 1566 
68 81 38 52 1365 
36 34 6 13 928 
44 44 71 101 1482 
29 38 102 13 1518 
59 85 41 13 390 
