4 8
50
14 81 89 20 1608 
71 87 88 11 546 
42 67 97 20 1055 
21 13 59 22 1463 
61 87 37 30 1397 
102 49 73 5 1167 
35 47 50 42 1292 
20 17 44 45 1055 
16 4 31 39 112 
5 14 6 2 1421 
27 25 83 101 176 
30 47 61 34 1615 
24 16 85 40 15 
97 20 57 41 762 
6 70 17 57 1237 
58 58 99 23 1347 
89 45 73 18 755 
11 66 51 31 843 
75 58 12 46 700 
101 21 94 38 195 
87 59 67 55 1363 
59 10 28 25 886 
74 49 40 52 193 
81 46 69 93 1492 
33 71 28 89 1197 
49 60 73 14 1246 
39 66 63 11 1584 
32 80 19 34 1455 
3 41 28 77 1299 
28 20 62 34 1050 
58 54 2 47 1327 
19 34 79 82 591 
101 39 16 49 281 
10 89 31 55 1334 
2 28 37 4 1473 
94 45 52 10 773 
31 100 41 50 336 
87 66 18 30 1312 
100 3 39 98 1475 
66 27 81 60 1168 
41 92 10 52 1048 
32 20 100 57 1457 
76 83 72 35 119 
3 100 68 28 529 
46 73 3 74 1361 
101 91 40 14 429 
69 66 94 38 130 
41 92 91 86 1484 
69 68 63 41 110 
19 33 6 91 1460 
