4 6
50
14 81 89 20 1206 
71 87 88 11 410 
42 67 97 20 792 
21 13 59 22 1097 
61 87 37 30 1048 
102 49 73 5 876 
35 47 50 42 969 
20 17 44 45 792 
16 4 31 39 84 
5 14 6 2 1065 
27 25 83 101 132 
30 47 61 34 1211 
24 16 85 40 12 
97 20 57 41 572 
6 70 17 57 928 
58 58 99 23 1010 
89 45 73 18 566 
11 66 51 31 632 
75 58 12 46 525 
101 21 94 38 147 
87 59 67 55 1022 
59 10 28 25 665 
74 49 40 52 145 
81 46 69 93 1119 
33 71 28 89 898 
49 60 73 14 935 
39 66 63 11 1188 
32 80 19 34 1092 
3 41 28 77 974 
28 20 62 34 788 
58 54 2 47 995 
19 34 79 82 444 
101 39 16 49 211 
10 89 31 55 1000 
2 28 37 4 1105 
94 45 52 10 580 
31 100 41 50 252 
87 66 18 30 984 
100 3 39 98 1106 
66 27 81 60 876 
41 92 10 52 786 
32 20 100 57 1093 
76 83 72 35 90 
3 100 68 28 397 
46 73 3 74 1021 
101 91 40 14 322 
69 66 94 38 98 
41 92 91 86 1113 
69 68 63 41 83 
19 33 6 91 1095 
