4 6
50
4 14 30 72 79 
84 79 12 24 823 
37 76 3 4 1020 
60 12 17 19 520 
8 53 16 60 999 
34 61 13 75 1040 
87 56 59 20 166 
62 19 25 21 1125 
72 6 65 12 318 
89 87 55 34 1081 
56 102 45 85 871 
52 100 73 90 912 
25 68 39 39 1011 
83 19 85 91 284 
43 89 99 27 884 
4 90 6 34 1154 
48 9 81 86 376 
87 13 76 48 773 
64 48 37 46 849 
6 68 28 29 555 
72 4 66 11 582 
70 5 20 13 845 
64 96 41 96 346 
18 89 55 8 1199 
72 45 39 27 749 
97 54 55 58 831 
38 63 79 89 295 
46 45 72 39 772 
83 95 65 79 11 
70 9 43 18 657 
19 16 22 31 923 
29 67 41 50 647 
17 53 64 45 408 
3 19 55 72 1028 
75 18 18 45 205 
79 83 61 27 1140 
90 13 38 4 618 
24 43 50 13 1186 
81 6 24 86 583 
33 33 21 46 1222 
53 56 73 34 991 
3 100 79 14 1205 
48 8 16 57 798 
6 16 61 95 137 
62 71 43 75 66 
70 96 33 98 1052 
48 64 17 27 514 
35 43 6 24 605 
26 66 38 15 618 
75 92 70 21 534 
