4 8
50
99 4 39 85 773 
4 38 64 41 618 
24 94 31 15 1367 
51 47 71 96 1229 
71 99 14 33 617 
64 77 88 32 1164 
48 90 67 21 1196 
90 33 99 37 368 
65 89 38 66 788 
53 23 98 36 1219 
63 18 99 76 908 
102 92 8 48 1389 
30 52 34 70 1500 
36 29 12 41 1571 
20 50 36 74 200 
85 63 50 85 1421 
43 81 54 57 162 
32 93 93 66 1200 
99 27 53 52 1548 
15 57 70 74 241 
26 13 58 40 929 
15 85 28 64 1190 
41 45 25 60 718 
51 100 79 60 1016 
45 38 48 68 1616 
95 99 85 79 1615 
30 95 77 70 1031 
32 25 16 100 1573 
49 67 31 93 569 
57 3 95 8 755 
17 80 12 12 1174 
90 67 92 41 1038 
19 101 50 65 736 
48 69 57 97 227 
28 86 81 64 247 
79 9 58 33 726 
94 6 79 33 1369 
52 85 67 98 1221 
67 35 77 37 1303 
50 19 68 48 1451 
89 48 99 95 337 
33 101 50 97 1541 
83 11 61 97 1169 
15 24 20 81 1547 
65 4 60 23 790 
95 11 46 84 1096 
63 43 12 44 931 
48 9 86 12 868 
53 37 72 4 1524 
58 76 82 65 1099 
