4 4
50
89 76 71 14 313 
28 50 73 28 748 
5 51 44 4 399 
20 31 26 47 771 
44 28 50 12 506 
60 72 43 85 584 
85 30 5 32 744 
52 85 49 82 402 
39 4 88 32 288 
15 10 31 39 526 
98 31 82 32 778 
64 28 61 52 655 
59 9 91 56 70 
77 48 14 13 809 
37 84 46 98 468 
42 42 20 77 398 
52 42 6 20 615 
56 50 75 36 243 
26 26 99 102 755 
32 15 34 24 491 
69 98 21 40 238 
16 87 87 75 454 
24 10 86 3 248 
19 5 72 81 443 
30 75 80 83 618 
14 87 47 5 220 
29 10 98 17 665 
56 23 68 91 498 
71 65 102 81 65 
17 42 98 71 620 
29 45 55 70 267 
96 20 40 64 143 
32 42 83 48 236 
16 14 71 22 623 
97 40 83 20 692 
66 75 101 75 493 
74 90 77 29 814 
86 56 30 85 712 
38 85 5 74 256 
31 84 56 52 762 
5 73 79 95 657 
91 64 37 85 556 
23 21 67 4 373 
43 67 56 48 368 
62 86 88 34 332 
14 36 11 89 456 
85 21 51 82 469 
3 14 84 49 87 
24 21 47 16 540 
19 20 3 28 735 
