4 8
50
5 71 18 55 1199 
15 71 39 2 877 
90 53 51 82 336 
92 41 81 35 1111 
33 63 89 19 1594 
40 5 11 37 1340 
82 96 18 71 1585 
52 45 44 96 797 
21 5 79 68 455 
29 12 87 54 87 
5 93 62 86 1322 
45 84 101 58 579 
12 61 4 20 1199 
97 37 82 85 1154 
49 99 87 86 796 
30 85 23 91 1146 
30 20 60 32 1286 
91 36 34 90 885 
70 46 88 61 628 
62 3 61 95 543 
94 32 5 83 955 
8 7 78 37 861 
62 63 12 87 128 
95 3 74 41 1372 
63 5 94 30 41 
5 13 29 47 1442 
29 26 30 58 1272 
100 17 79 73 1185 
86 60 99 37 1545 
10 36 3 53 748 
61 31 22 11 1183 
92 40 76 80 909 
98 80 32 49 415 
37 35 56 10 168 
79 26 3 69 1631 
5 8 59 36 1548 
71 12 78 102 477 
101 6 21 85 1442 
62 43 101 17 1257 
8 30 52 12 970 
77 82 96 43 1115 
37 29 55 11 1138 
86 83 43 86 1422 
88 4 33 20 435 
33 16 73 21 828 
39 27 88 92 1538 
77 57 49 76 331 
90 18 37 33 1533 
74 53 12 16 74 
80 2 17 30 1485 
