4 2
50
32 87 23 43 352 
62 83 21 71 320 
56 39 27 81 403 
22 87 28 37 92 
25 24 38 28 114 
51 96 51 93 337 
25 71 45 15 4 
5 9 94 16 177 
72 27 20 63 161 
36 48 14 7 267 
10 59 84 29 196 
10 52 97 16 153 
68 33 30 89 226 
87 97 14 81 392 
15 95 14 93 213 
101 6 77 89 380 
5 84 46 28 303 
68 89 18 67 376 
55 14 80 79 316 
41 99 33 8 223 
42 36 35 11 214 
17 46 92 76 202 
6 77 10 23 139 
86 89 4 15 363 
99 80 48 89 177 
3 17 37 16 56 
4 75 71 35 218 
71 51 37 76 242 
24 99 44 18 358 
80 6 59 45 383 
53 97 20 19 234 
64 90 48 68 211 
102 11 78 63 195 
33 7 77 70 264 
37 55 30 55 274 
3 38 32 101 264 
98 61 94 22 254 
9 57 54 78 374 
83 5 71 24 244 
15 22 83 71 231 
75 31 91 80 243 
101 69 67 52 231 
27 60 49 4 226 
43 19 58 101 167 
79 55 102 78 340 
34 86 8 96 221 
82 58 64 45 373 
69 71 16 63 260 
42 91 5 21 271 
26 57 69 69 77 
