4 8
50
4 14 30 72 105 
84 79 12 24 1097 
37 76 3 4 1360 
60 12 17 19 693 
8 53 16 60 1332 
34 61 13 75 1387 
87 56 59 20 221 
62 19 25 21 1500 
72 6 65 12 423 
89 87 55 34 1441 
56 102 45 85 1161 
52 100 73 90 1216 
25 68 39 39 1348 
83 19 85 91 378 
43 89 99 27 1178 
4 90 6 34 1539 
48 9 81 86 501 
87 13 76 48 1031 
64 48 37 46 1131 
6 68 28 29 739 
72 4 66 11 775 
70 5 20 13 1127 
64 96 41 96 460 
18 89 55 8 1599 
72 45 39 27 998 
97 54 55 58 1108 
38 63 79 89 393 
46 45 72 39 1028 
83 95 65 79 14 
70 9 43 18 876 
19 16 22 31 1230 
29 67 41 50 862 
17 53 64 45 544 
3 19 55 72 1371 
75 18 18 45 273 
79 83 61 27 1520 
90 13 38 4 823 
24 43 50 13 1581 
81 6 24 86 776 
33 33 21 46 1630 
53 56 73 34 1321 
3 100 79 14 1606 
48 8 16 57 1064 
6 16 61 95 182 
62 71 43 75 87 
70 96 33 98 1403 
48 64 17 27 684 
35 43 6 24 807 
26 66 38 15 823 
75 92 70 21 711 
