4 6
50
99 4 39 85 580 
4 38 64 41 464 
24 94 31 15 1025 
51 47 71 96 922 
71 99 14 33 463 
64 77 88 32 873 
48 90 67 21 897 
90 33 99 37 277 
65 89 38 66 591 
53 23 98 36 914 
63 18 99 76 681 
102 92 8 48 1042 
30 52 34 70 1125 
36 29 12 41 1178 
20 50 36 74 150 
85 63 50 85 1066 
43 81 54 57 122 
32 93 93 66 900 
99 27 53 52 1161 
15 57 70 74 181 
26 13 58 40 697 
15 85 28 64 893 
41 45 25 60 539 
51 100 79 60 762 
45 38 48 68 1212 
95 99 85 79 1211 
30 95 77 70 773 
32 25 16 100 1180 
49 67 31 93 427 
57 3 95 8 567 
17 80 12 12 881 
90 67 92 41 779 
19 101 50 65 552 
48 69 57 97 170 
28 86 81 64 186 
79 9 58 33 545 
94 6 79 33 1027 
52 85 67 98 916 
67 35 77 37 977 
50 19 68 48 1088 
89 48 99 95 253 
33 101 50 97 1156 
83 11 61 97 877 
15 24 20 81 1161 
65 4 60 23 593 
95 11 46 84 822 
63 43 12 44 698 
48 9 86 12 651 
53 37 72 4 1143 
58 76 82 65 824 
