4 4
50
83 41 86 17 351 
100 21 71 26 502 
24 14 69 4 252 
51 80 33 95 636 
39 60 87 61 705 
93 27 4 3 261 
81 60 65 100 229 
4 34 46 12 506 
84 82 67 91 391 
3 101 14 4 640 
64 76 16 24 343 
25 56 28 31 426 
75 19 69 94 671 
66 51 71 76 238 
20 35 22 33 779 
59 96 98 13 694 
94 14 2 25 571 
7 45 44 58 41 
49 8 17 60 724 
67 15 75 8 682 
54 31 40 75 497 
31 56 85 28 689 
32 60 17 46 492 
63 19 46 24 629 
23 9 16 72 666 
13 20 64 45 246 
47 23 92 29 268 
64 76 30 64 337 
54 62 18 73 615 
91 94 73 100 226 
51 70 53 31 511 
47 18 71 93 406 
13 94 43 98 324 
11 71 89 13 798 
89 91 84 83 209 
63 93 44 96 754 
21 49 66 17 663 
79 72 62 67 715 
49 7 39 15 249 
62 22 22 34 544 
23 7 62 2 330 
62 88 72 6 16 
56 75 76 100 249 
66 30 28 17 515 
41 10 24 26 418 
84 54 72 53 537 
43 74 12 30 586 
16 89 65 77 177 
92 3 58 65 278 
75 33 40 84 541 
