4 4
50
32 87 23 43 703 
62 83 21 71 640 
56 39 27 81 806 
22 87 28 37 183 
25 24 38 28 226 
51 96 51 93 673 
25 71 45 15 5 
5 9 94 16 354 
72 27 20 63 321 
36 48 14 7 533 
10 59 84 29 391 
10 52 97 16 304 
68 33 30 89 452 
87 97 14 81 784 
15 95 14 93 426 
101 6 77 89 760 
5 84 46 28 606 
68 89 18 67 752 
55 14 80 79 632 
41 99 33 8 446 
42 36 35 11 428 
17 46 92 76 403 
6 77 10 23 277 
86 89 4 15 726 
99 80 48 89 352 
3 17 37 16 111 
4 75 71 35 435 
71 51 37 76 484 
24 99 44 18 716 
80 6 59 45 765 
53 97 20 19 466 
64 90 48 68 421 
102 11 78 63 389 
33 7 77 70 528 
37 55 30 55 547 
3 38 32 101 527 
98 61 94 22 508 
9 57 54 78 747 
83 5 71 24 487 
15 22 83 71 462 
75 31 91 80 484 
101 69 67 52 461 
27 60 49 4 450 
43 19 58 101 333 
79 55 102 78 679 
34 86 8 96 441 
82 58 64 45 746 
69 71 16 63 518 
42 91 5 21 542 
26 57 69 69 153 
