4 8
50
52 76 72 43 490 
86 25 102 17 1273 
49 23 54 68 1397 
27 96 83 30 1010 
44 25 22 76 1023 
41 8 2 102 376 
92 4 88 54 1140 
28 97 34 9 1219 
3 69 41 14 1014 
28 12 36 72 1176 
25 86 41 75 1522 
29 56 98 80 1483 
80 25 102 94 1432 
47 36 102 98 972 
32 64 77 56 999 
77 86 10 14 595 
31 74 33 30 8 
8 65 15 61 700 
74 100 56 18 1580 
80 69 49 26 281 
94 13 40 12 685 
62 11 87 14 304 
45 48 87 44 1013 
8 94 74 94 1329 
84 23 43 56 1427 
34 10 61 59 1357 
10 39 86 97 729 
20 37 23 88 654 
99 80 3 42 1628 
28 16 14 56 1490 
88 97 57 45 571 
73 72 86 25 168 
54 52 30 31 175 
8 64 92 99 718 
73 73 88 54 1375 
6 22 2 56 1005 
20 98 7 68 1581 
15 85 43 62 1210 
50 53 100 78 1437 
49 52 75 32 1533 
65 26 17 12 336 
17 11 5 61 499 
53 72 32 63 1506 
58 47 64 34 1595 
25 23 32 25 1566 
22 75 12 66 609 
57 49 72 62 1600 
96 83 98 47 1338 
6 82 84 31 383 
80 23 39 86 531 
