4 6
50
83 41 86 17 526 
100 21 71 26 752 
24 14 69 4 378 
51 80 33 95 953 
39 60 87 61 1057 
93 27 4 3 391 
81 60 65 100 342 
4 34 46 12 759 
84 82 67 91 586 
3 101 14 4 960 
64 76 16 24 513 
25 56 28 31 639 
75 19 69 94 1007 
66 51 71 76 357 
20 35 22 33 1168 
59 96 98 13 1040 
94 14 2 25 856 
7 45 44 58 61 
49 8 17 60 1086 
67 15 75 8 1023 
54 31 40 75 745 
31 56 85 28 1033 
32 60 17 46 738 
63 19 46 24 943 
23 9 16 72 999 
13 20 64 45 368 
47 23 92 29 401 
64 76 30 64 505 
54 62 18 73 922 
91 94 73 100 338 
51 70 53 31 767 
47 18 71 93 609 
13 94 43 98 485 
11 71 89 13 1197 
89 91 84 83 312 
63 93 44 96 1131 
21 49 66 17 995 
79 72 62 67 1072 
49 7 39 15 373 
62 22 22 34 816 
23 7 62 2 495 
62 88 72 6 23 
56 75 76 100 373 
66 30 28 17 772 
41 10 24 26 627 
84 54 72 53 804 
43 74 12 30 879 
16 89 65 77 264 
92 3 58 65 416 
75 33 40 84 811 
