4 6
50
101 82 32 3 1167 
89 17 76 100 818 
11 96 72 60 1135 
92 19 97 21 1006 
27 69 18 102 971 
88 31 62 68 1160 
87 70 86 65 828 
50 95 20 30 388 
48 84 101 7 207 
101 58 56 51 113 
7 86 81 7 377 
35 65 32 24 117 
59 57 10 5 1002 
42 11 8 93 543 
100 101 68 90 444 
45 69 13 85 989 
32 77 13 59 1099 
3 91 81 35 428 
87 65 98 21 909 
93 76 98 25 934 
91 52 65 7 141 
8 20 93 71 1076 
68 54 49 43 976 
84 46 53 15 988 
53 32 76 58 724 
37 5 49 15 554 
71 73 90 9 1122 
82 14 7 48 1023 
86 100 13 47 850 
35 18 57 41 1128 
49 25 85 45 305 
61 78 10 48 938 
6 72 80 26 238 
96 66 42 51 1222 
72 41 7 32 1189 
56 21 31 88 319 
20 50 10 23 1206 
47 90 47 84 401 
6 6 61 71 978 
16 21 89 27 918 
71 79 8 41 272 
10 20 55 47 869 
42 49 23 22 714 
58 64 59 27 908 
8 21 60 19 1174 
68 81 38 52 1024 
36 34 6 13 696 
44 44 71 101 1112 
29 38 102 13 1139 
59 85 41 13 293 
