4 4
50
14 81 89 20 804 
71 87 88 11 273 
42 67 97 20 528 
21 13 59 22 731 
61 87 37 30 699 
102 49 73 5 584 
35 47 50 42 646 
20 17 44 45 528 
16 4 31 39 57 
5 14 6 2 710 
27 25 83 101 89 
30 47 61 34 808 
24 16 85 40 9 
97 20 57 41 382 
6 70 17 57 619 
58 58 99 23 674 
89 45 73 18 378 
11 66 51 31 422 
75 58 12 46 351 
101 21 94 38 98 
87 59 67 55 681 
59 10 28 25 443 
74 49 40 52 97 
81 46 69 93 746 
33 71 28 89 599 
49 60 73 14 623 
39 66 63 11 792 
32 80 19 34 728 
3 41 28 77 650 
28 20 62 34 526 
58 54 2 47 664 
19 34 79 82 296 
101 39 16 49 141 
10 89 31 55 667 
2 28 37 4 737 
94 45 52 10 387 
31 100 41 50 169 
87 66 18 30 656 
100 3 39 98 738 
66 27 81 60 584 
41 92 10 52 524 
32 20 100 57 729 
76 83 72 35 60 
3 100 68 28 265 
46 73 3 74 681 
101 91 40 14 215 
69 66 94 38 66 
41 92 91 86 742 
69 68 63 41 56 
19 33 6 91 730 
