4 6
50
5 71 18 55 899 
15 71 39 2 658 
90 53 51 82 252 
92 41 81 35 834 
33 63 89 19 1195 
40 5 11 37 1005 
82 96 18 71 1188 
52 45 44 96 598 
21 5 79 68 342 
29 12 87 54 66 
5 93 62 86 992 
45 84 101 58 435 
12 61 4 20 900 
97 37 82 85 865 
49 99 87 86 597 
30 85 23 91 860 
30 20 60 32 965 
91 36 34 90 664 
70 46 88 61 471 
62 3 61 95 408 
94 32 5 83 716 
8 7 78 37 646 
62 63 12 87 96 
95 3 74 41 1029 
63 5 94 30 31 
5 13 29 47 1082 
29 26 30 58 954 
100 17 79 73 889 
86 60 99 37 1159 
10 36 3 53 561 
61 31 22 11 887 
92 40 76 80 682 
98 80 32 49 312 
37 35 56 10 126 
79 26 3 69 1223 
5 8 59 36 1161 
71 12 78 102 358 
101 6 21 85 1082 
62 43 101 17 943 
8 30 52 12 728 
77 82 96 43 836 
37 29 55 11 854 
86 83 43 86 1066 
88 4 33 20 327 
33 16 73 21 621 
39 27 88 92 1153 
77 57 49 76 248 
90 18 37 33 1150 
74 53 12 16 56 
80 2 17 30 1114 
