4 8
50
89 76 71 14 624 
28 50 73 28 1496 
5 51 44 4 796 
20 31 26 47 1543 
44 28 50 12 1012 
60 72 43 85 1168 
85 30 5 32 1488 
52 85 49 82 804 
39 4 88 32 576 
15 10 31 39 1052 
98 31 82 32 1557 
64 28 61 52 1309 
59 9 91 56 138 
77 48 14 13 1618 
37 84 46 98 934 
42 42 20 77 796 
52 42 6 20 1230 
56 50 75 36 485 
26 26 99 102 1510 
32 15 34 24 981 
69 98 21 40 474 
16 87 87 75 906 
24 10 86 3 495 
19 5 72 81 884 
30 75 80 83 1235 
14 87 47 5 439 
29 10 98 17 1330 
56 23 68 91 996 
71 65 102 81 128 
17 42 98 71 1239 
29 45 55 70 532 
96 20 40 64 284 
32 42 83 48 471 
16 14 71 22 1246 
97 40 83 20 1384 
66 75 101 75 985 
74 90 77 29 1628 
86 56 30 85 1425 
38 85 5 74 511 
31 84 56 52 1523 
5 73 79 95 1314 
91 64 37 85 1112 
23 21 67 4 745 
43 67 56 48 735 
62 86 88 34 662 
14 36 11 89 911 
85 21 51 82 937 
3 14 84 49 172 
24 21 47 16 1080 
19 20 3 28 1469 
