4 8
50
4 33 89 27 1547 
17 52 101 36 1368 
4 36 60 46 952 
23 31 10 82 1552 
5 7 67 74 922 
96 80 69 22 708 
7 99 53 36 1127 
65 19 71 36 1250 
48 55 43 48 964 
76 99 74 27 800 
2 78 15 55 162 
99 67 17 71 14 
39 85 81 93 1280 
7 85 26 77 1551 
6 62 76 6 800 
52 66 21 15 1341 
99 8 45 73 704 
31 86 101 26 1177 
100 5 2 36 651 
65 76 52 70 887 
93 75 99 32 741 
42 5 11 6 974 
35 48 3 89 56 
32 42 10 50 807 
23 86 101 5 1582 
3 62 42 66 1395 
78 16 54 61 1483 
27 12 15 28 44 
28 77 97 67 645 
54 3 15 32 157 
25 68 4 20 551 
9 75 96 35 730 
83 65 47 20 1359 
20 96 45 98 1285 
23 29 84 47 381 
47 92 37 65 731 
101 48 12 56 1017 
13 15 35 27 1371 
53 17 82 83 360 
66 32 78 83 350 
60 61 19 54 1448 
98 85 58 97 1440 
19 41 33 90 743 
36 55 93 58 1182 
7 63 20 14 450 
7 50 3 26 975 
17 15 55 44 1418 
43 31 60 68 1086 
30 58 40 39 1091 
15 86 94 38 1433 
