4 2
50
5 71 18 55 300 
15 71 39 2 220 
90 53 51 82 85 
92 41 81 35 278 
33 63 89 19 399 
40 5 11 37 335 
82 96 18 71 396 
52 45 44 96 200 
21 5 79 68 115 
29 12 87 54 23 
5 93 62 86 331 
45 84 101 58 146 
12 61 4 20 300 
97 37 82 85 289 
49 99 87 86 200 
30 85 23 91 287 
30 20 60 32 322 
91 36 34 90 222 
70 46 88 61 158 
62 3 61 95 137 
94 32 5 83 239 
8 7 78 37 216 
62 63 12 87 33 
95 3 74 41 343 
63 5 94 30 12 
5 13 29 47 361 
29 26 30 58 318 
100 17 79 73 297 
86 60 99 37 386 
10 36 3 53 188 
61 31 22 11 296 
92 40 76 80 228 
98 80 32 49 105 
37 35 56 10 43 
79 26 3 69 408 
5 8 59 36 387 
71 12 78 102 120 
101 6 21 85 361 
62 43 101 17 315 
8 30 52 12 243 
77 82 96 43 279 
37 29 55 11 285 
86 83 43 86 356 
88 4 33 20 110 
33 16 73 21 208 
39 27 88 92 385 
77 57 49 76 84 
90 18 37 33 383 
74 53 12 16 20 
80 2 17 30 371 
