4 4
50
4 14 30 72 53 
84 79 12 24 549 
37 76 3 4 680 
60 12 17 19 347 
8 53 16 60 666 
34 61 13 75 693 
87 56 59 20 111 
62 19 25 21 750 
72 6 65 12 212 
89 87 55 34 720 
56 102 45 85 581 
52 100 73 90 608 
25 68 39 39 674 
83 19 85 91 190 
43 89 99 27 589 
4 90 6 34 769 
48 9 81 86 251 
87 13 76 48 516 
64 48 37 46 566 
6 68 28 29 370 
72 4 66 11 388 
70 5 20 13 564 
64 96 41 96 231 
18 89 55 8 800 
72 45 39 27 500 
97 54 55 58 554 
38 63 79 89 197 
46 45 72 39 515 
83 95 65 79 8 
70 9 43 18 439 
19 16 22 31 615 
29 67 41 50 432 
17 53 64 45 273 
3 19 55 72 686 
75 18 18 45 137 
79 83 61 27 760 
90 13 38 4 412 
24 43 50 13 791 
81 6 24 86 389 
33 33 21 46 815 
53 56 73 34 661 
3 100 79 14 803 
48 8 16 57 532 
6 16 61 95 92 
62 71 43 75 44 
70 96 33 98 702 
48 64 17 27 343 
35 43 6 24 404 
26 66 38 15 412 
75 92 70 21 356 
