4 2
50
83 41 86 17 176 
100 21 71 26 251 
24 14 69 4 127 
51 80 33 95 318 
39 60 87 61 352 
93 27 4 3 131 
81 60 65 100 115 
4 34 46 12 253 
84 82 67 91 196 
3 101 14 4 320 
64 76 16 24 172 
25 56 28 31 214 
75 19 69 94 336 
66 51 71 76 120 
20 35 22 33 389 
59 96 98 13 347 
94 14 2 25 286 
7 45 44 58 22 
49 8 17 60 362 
67 15 75 8 341 
54 31 40 75 249 
31 56 85 28 344 
32 60 17 46 247 
63 19 46 24 315 
23 9 16 72 333 
13 20 64 45 124 
47 23 92 29 135 
64 76 30 64 169 
54 62 18 73 308 
91 94 73 100 114 
51 70 53 31 256 
47 18 71 93 204 
13 94 43 98 162 
11 71 89 13 399 
89 91 84 83 105 
63 93 44 96 377 
21 49 66 17 332 
79 72 62 67 358 
49 7 39 15 125 
62 22 22 34 272 
23 7 62 2 166 
62 88 72 6 9 
56 75 76 100 125 
66 30 28 17 258 
41 10 24 26 210 
84 54 72 53 269 
43 74 12 30 293 
16 89 65 77 89 
92 3 58 65 140 
75 33 40 84 271 
