4 6
50
4 33 89 27 1160 
17 52 101 36 1026 
4 36 60 46 714 
23 31 10 82 1164 
5 7 67 74 692 
96 80 69 22 532 
7 99 53 36 846 
65 19 71 36 938 
48 55 43 48 723 
76 99 74 27 600 
2 78 15 55 122 
99 67 17 71 11 
39 85 81 93 960 
7 85 26 77 1163 
6 62 76 6 600 
52 66 21 15 1006 
99 8 45 73 528 
31 86 101 26 883 
100 5 2 36 488 
65 76 52 70 665 
93 75 99 32 556 
42 5 11 6 731 
35 48 3 89 42 
32 42 10 50 606 
23 86 101 5 1187 
3 62 42 66 1047 
78 16 54 61 1112 
27 12 15 28 34 
28 77 97 67 484 
54 3 15 32 118 
25 68 4 20 414 
9 75 96 35 548 
83 65 47 20 1019 
20 96 45 98 964 
23 29 84 47 286 
47 92 37 65 549 
101 48 12 56 763 
13 15 35 27 1028 
53 17 82 83 270 
66 32 78 83 263 
60 61 19 54 1086 
98 85 58 97 1080 
19 41 33 90 557 
36 55 93 58 887 
7 63 20 14 338 
7 50 3 26 731 
17 15 55 44 1063 
43 31 60 68 814 
30 58 40 39 818 
15 86 94 38 1075 
