4 4
50
52 76 72 43 246 
86 25 102 17 637 
49 23 54 68 699 
27 96 83 30 506 
44 25 22 76 512 
41 8 2 102 189 
92 4 88 54 570 
28 97 34 9 610 
3 69 41 14 507 
28 12 36 72 589 
25 86 41 75 761 
29 56 98 80 742 
80 25 102 94 716 
47 36 102 98 486 
32 64 77 56 500 
77 86 10 14 298 
31 74 33 30 5 
8 65 15 61 351 
74 100 56 18 790 
80 69 49 26 141 
94 13 40 12 343 
62 11 87 14 153 
45 48 87 44 507 
8 94 74 94 665 
84 23 43 56 714 
34 10 61 59 678 
10 39 86 97 365 
20 37 23 88 327 
99 80 3 42 814 
28 16 14 56 745 
88 97 57 45 286 
73 72 86 25 85 
54 52 30 31 89 
8 64 92 99 360 
73 73 88 54 688 
6 22 2 56 503 
20 98 7 68 791 
15 85 43 62 605 
50 53 100 78 719 
49 52 75 32 766 
65 26 17 12 169 
17 11 5 61 250 
53 72 32 63 753 
58 47 64 34 798 
25 23 32 25 783 
22 75 12 66 305 
57 49 72 62 800 
96 83 98 47 669 
6 82 84 31 192 
80 23 39 86 266 
