4 8
50
32 87 23 43 1406 
62 83 21 71 1279 
56 39 27 81 1612 
22 87 28 37 364 
25 24 38 28 451 
51 96 51 93 1346 
25 71 45 15 9 
5 9 94 16 707 
72 27 20 63 641 
36 48 14 7 1066 
10 59 84 29 782 
10 52 97 16 606 
68 33 30 89 903 
87 97 14 81 1569 
15 95 14 93 850 
101 6 77 89 1520 
5 84 46 28 1212 
68 89 18 67 1503 
55 14 80 79 1263 
41 99 33 8 890 
42 36 35 11 854 
17 46 92 76 805 
6 77 10 23 553 
86 89 4 15 1451 
99 80 48 89 703 
3 17 37 16 220 
4 75 71 35 870 
71 51 37 76 967 
24 99 44 18 1433 
80 6 59 45 1530 
53 97 20 19 932 
64 90 48 68 842 
102 11 78 63 777 
33 7 77 70 1055 
37 55 30 55 1094 
3 38 32 101 1054 
98 61 94 22 1015 
9 57 54 78 1495 
83 5 71 24 973 
15 22 83 71 923 
75 31 91 80 968 
101 69 67 52 921 
27 60 49 4 900 
43 19 58 101 665 
79 55 102 78 1357 
34 86 8 96 882 
82 58 64 45 1491 
69 71 16 63 1036 
42 91 5 21 1083 
26 57 69 69 305 
