4 4
50
101 82 32 3 778 
89 17 76 100 545 
11 96 72 60 757 
92 19 97 21 671 
27 69 18 102 647 
88 31 62 68 773 
87 70 86 65 552 
50 95 20 30 259 
48 84 101 7 138 
101 58 56 51 76 
7 86 81 7 251 
35 65 32 24 79 
59 57 10 5 668 
42 11 8 93 362 
100 101 68 90 297 
45 69 13 85 659 
32 77 13 59 733 
3 91 81 35 286 
87 65 98 21 606 
93 76 98 25 623 
91 52 65 7 94 
8 20 93 71 718 
68 54 49 43 651 
84 46 53 15 659 
53 32 76 58 483 
37 5 49 15 370 
71 73 90 9 748 
82 14 7 48 682 
86 100 13 47 567 
35 18 57 41 752 
49 25 85 45 204 
61 78 10 48 626 
6 72 80 26 159 
96 66 42 51 815 
72 41 7 32 793 
56 21 31 88 213 
20 50 10 23 804 
47 90 47 84 267 
6 6 61 71 652 
16 21 89 27 612 
71 79 8 41 182 
10 20 55 47 579 
42 49 23 22 477 
58 64 59 27 606 
8 21 60 19 783 
68 81 38 52 683 
36 34 6 13 464 
44 44 71 101 741 
29 38 102 13 759 
59 85 41 13 196 
