4 6
50
89 76 71 14 468 
28 50 73 28 1122 
5 51 44 4 597 
20 31 26 47 1157 
44 28 50 12 759 
60 72 43 85 876 
85 30 5 32 1116 
52 85 49 82 603 
39 4 88 32 432 
15 10 31 39 789 
98 31 82 32 1167 
64 28 61 52 982 
59 9 91 56 104 
77 48 14 13 1214 
37 84 46 98 701 
42 42 20 77 597 
52 42 6 20 922 
56 50 75 36 364 
26 26 99 102 1132 
32 15 34 24 736 
69 98 21 40 356 
16 87 87 75 680 
24 10 86 3 372 
19 5 72 81 664 
30 75 80 83 926 
14 87 47 5 330 
29 10 98 17 998 
56 23 68 91 747 
71 65 102 81 96 
17 42 98 71 930 
29 45 55 70 400 
96 20 40 64 214 
32 42 83 48 354 
16 14 71 22 935 
97 40 83 20 1038 
66 75 101 75 739 
74 90 77 29 1221 
86 56 30 85 1069 
38 85 5 74 384 
31 84 56 52 1142 
5 73 79 95 986 
91 64 37 85 834 
23 21 67 4 559 
43 67 56 48 552 
62 86 88 34 497 
14 36 11 89 684 
85 21 51 82 703 
3 14 84 49 130 
24 21 47 16 810 
19 20 3 28 1102 
