4 4
50
4 33 89 27 773 
17 52 101 36 684 
4 36 60 46 477 
23 31 10 82 776 
5 7 67 74 462 
96 80 69 22 355 
7 99 53 36 564 
65 19 71 36 625 
48 55 43 48 482 
76 99 74 27 400 
2 78 15 55 82 
99 67 17 71 8 
39 85 81 93 640 
7 85 26 77 776 
6 62 76 6 400 
52 66 21 15 671 
99 8 45 73 352 
31 86 101 26 589 
100 5 2 36 326 
65 76 52 70 444 
93 75 99 32 371 
42 5 11 6 487 
35 48 3 89 29 
32 42 10 50 404 
23 86 101 5 791 
3 62 42 66 698 
78 16 54 61 742 
27 12 15 28 23 
28 77 97 67 323 
54 3 15 32 79 
25 68 4 20 276 
9 75 96 35 366 
83 65 47 20 680 
20 96 45 98 643 
23 29 84 47 191 
47 92 37 65 366 
101 48 12 56 509 
13 15 35 27 686 
53 17 82 83 181 
66 32 78 83 176 
60 61 19 54 724 
98 85 58 97 720 
19 41 33 90 372 
36 55 93 58 591 
7 63 20 14 226 
7 50 3 26 488 
17 15 55 44 709 
43 31 60 68 543 
30 58 40 39 546 
15 86 94 38 717 
