4 2
50
82 14 30 22 206 
34 23 64 42 107 
59 45 83 9 339 
19 71 13 80 340 
64 91 35 52 364 
85 63 68 53 81 
32 24 82 42 63 
42 23 97 12 347 
4 47 46 25 363 
80 47 3 41 364 
30 85 66 18 294 
93 81 81 33 274 
73 57 13 23 391 
37 64 43 94 176 
99 76 3 95 331 
19 46 12 63 48 
40 61 30 64 372 
49 60 66 70 100 
63 44 66 45 58 
49 36 26 29 220 
18 6 11 98 378 
56 84 73 37 226 
49 71 20 22 119 
14 29 51 32 199 
79 100 75 70 336 
56 12 59 81 139 
84 23 85 9 391 
37 52 34 71 151 
67 89 31 15 317 
94 26 47 16 9 
22 87 96 80 314 
20 32 43 15 157 
47 27 94 3 297 
28 88 13 26 385 
64 97 82 95 340 
92 71 63 93 370 
32 67 45 79 56 
100 29 7 32 320 
6 11 21 33 376 
42 97 30 42 212 
8 15 23 22 164 
28 7 3 97 357 
51 72 52 25 35 
81 84 18 90 307 
101 83 83 47 367 
55 78 51 3 177 
97 43 23 41 345 
19 46 25 39 357 
94 28 12 45 123 
37 61 98 25 53 
