4 2
50
4 14 30 72 28 
84 79 12 24 275 
37 76 3 4 340 
60 12 17 19 174 
8 53 16 60 333 
34 61 13 75 347 
87 56 59 20 56 
62 19 25 21 375 
72 6 65 12 107 
89 87 55 34 360 
56 102 45 85 291 
52 100 73 90 304 
25 68 39 39 337 
83 19 85 91 96 
43 89 99 27 295 
4 90 6 34 385 
48 9 81 86 126 
87 13 76 48 258 
64 48 37 46 283 
6 68 28 29 186 
72 4 66 11 195 
70 5 20 13 282 
64 96 41 96 116 
18 89 55 8 400 
72 45 39 27 250 
97 54 55 58 278 
38 63 79 89 99 
46 45 72 39 258 
83 95 65 79 5 
70 9 43 18 220 
19 16 22 31 308 
29 67 41 50 216 
17 53 64 45 137 
3 19 55 72 343 
75 18 18 45 69 
79 83 61 27 380 
90 13 38 4 207 
24 43 50 13 395 
81 6 24 86 195 
33 33 21 46 407 
53 56 73 34 331 
3 100 79 14 402 
48 8 16 57 267 
6 16 61 95 47 
62 71 43 75 23 
70 96 33 98 351 
48 64 17 27 172 
35 43 6 24 202 
26 66 38 15 207 
75 92 70 21 179 
