4 2
50
101 82 32 3 389 
89 17 76 100 273 
11 96 72 60 379 
92 19 97 21 336 
27 69 18 102 324 
88 31 62 68 387 
87 70 86 65 276 
50 95 20 30 130 
48 84 101 7 70 
101 58 56 51 39 
7 86 81 7 126 
35 65 32 24 40 
59 57 10 5 334 
42 11 8 93 182 
100 101 68 90 149 
45 69 13 85 330 
32 77 13 59 367 
3 91 81 35 144 
87 65 98 21 303 
93 76 98 25 312 
91 52 65 7 48 
8 20 93 71 359 
68 54 49 43 326 
84 46 53 15 330 
53 32 76 58 242 
37 5 49 15 186 
71 73 90 9 374 
82 14 7 48 341 
86 100 13 47 284 
35 18 57 41 376 
49 25 85 45 103 
61 78 10 48 313 
6 72 80 26 80 
96 66 42 51 407 
72 41 7 32 396 
56 21 31 88 107 
20 50 10 23 402 
47 90 47 84 134 
6 6 61 71 326 
16 21 89 27 306 
71 79 8 41 92 
10 20 55 47 290 
42 49 23 22 239 
58 64 59 27 303 
8 21 60 19 391 
68 81 38 52 341 
36 34 6 13 233 
44 44 71 101 371 
29 38 102 13 380 
59 85 41 13 99 
