4 6
50
32 87 23 43 1054 
62 83 21 71 960 
56 39 27 81 1209 
22 87 28 37 273 
25 24 38 28 339 
51 96 51 93 1009 
25 71 45 15 7 
5 9 94 16 530 
72 27 20 63 481 
36 48 14 7 800 
10 59 84 29 587 
10 52 97 16 455 
68 33 30 89 677 
87 97 14 81 1177 
15 95 14 93 638 
101 6 77 89 1140 
5 84 46 28 909 
68 89 18 67 1127 
55 14 80 79 947 
41 99 33 8 668 
42 36 35 11 641 
17 46 92 76 604 
6 77 10 23 415 
86 89 4 15 1089 
99 80 48 89 528 
3 17 37 16 166 
4 75 71 35 653 
71 51 37 76 725 
24 99 44 18 1075 
80 6 59 45 1148 
53 97 20 19 699 
64 90 48 68 632 
102 11 78 63 583 
33 7 77 70 792 
37 55 30 55 820 
3 38 32 101 791 
98 61 94 22 761 
9 57 54 78 1121 
83 5 71 24 730 
15 22 83 71 692 
75 31 91 80 726 
101 69 67 52 691 
27 60 49 4 675 
43 19 58 101 499 
79 55 102 78 1018 
34 86 8 96 661 
82 58 64 45 1118 
69 71 16 63 777 
42 91 5 21 813 
26 57 69 69 229 
