6 6
50
46 98 38 88 71 24 1012 
37 57 38 56 46 61 1016 
2 48 5 8 14 36 1141 
67 19 27 64 39 49 949 
86 69 47 47 101 63 918 
52 26 101 19 34 76 37 
74 20 18 44 28 32 903 
27 61 12 30 58 79 969 
80 13 27 34 77 7 623 
90 92 11 47 100 10 614 
24 7 91 82 63 92 1139 
101 11 22 14 19 6 718 
10 37 19 45 86 98 880 
15 76 87 59 70 54 1028 
29 9 99 30 24 26 39 
57 23 50 97 89 88 966 
4 6 22 60 3 94 980 
57 94 4 16 14 80 120 
32 7 25 94 40 11 885 
4 26 86 97 82 58 648 
17 71 50 99 12 95 140 
72 66 101 69 62 6 885 
18 97 16 12 47 95 299 
18 28 4 50 79 9 1217 
83 39 65 23 39 29 494 
25 56 19 4 87 100 743 
42 25 27 81 7 102 1059 
31 72 87 37 64 31 1207 
45 48 51 35 88 14 1093 
30 38 48 25 79 34 1138 
43 99 10 62 97 66 928 
4 79 72 74 9 15 631 
69 81 89 76 101 44 971 
10 70 72 101 89 73 158 
89 82 58 30 70 95 1085 
75 79 77 69 67 25 503 
70 82 63 82 101 40 744 
59 61 51 80 92 16 394 
32 40 63 10 94 65 187 
99 16 46 41 21 65 1155 
4 14 9 36 21 40 490 
90 11 21 90 36 54 366 
23 9 52 80 82 59 527 
41 15 61 74 62 28 870 
68 19 43 81 77 68 683 
49 44 46 74 77 94 508 
31 44 23 61 13 87 941 
9 96 63 42 8 53 765 
101 50 63 61 15 71 278 
94 80 10 61 88 76 902 
