6 2
50
89 12 18 85 60 36 247 
87 23 45 16 29 34 239 
25 21 14 58 63 89 402 
96 99 17 25 101 87 407 
17 59 59 101 42 24 318 
62 38 97 60 66 42 399 
51 65 80 51 47 57 44 
55 68 57 70 91 82 382 
15 3 61 62 52 63 285 
66 88 17 89 12 83 258 
85 18 100 100 49 3 182 
36 38 77 56 32 91 256 
93 4 33 53 43 86 189 
37 38 100 16 82 30 349 
79 65 64 36 77 49 287 
52 58 72 43 82 51 325 
67 87 8 22 73 9 298 
86 86 37 71 98 19 194 
83 2 85 70 74 61 232 
75 15 22 57 44 94 170 
48 63 12 63 37 69 289 
53 95 96 10 23 14 382 
82 29 68 80 32 25 282 
58 89 76 9 93 25 374 
74 88 67 31 17 34 154 
24 27 9 64 52 79 122 
9 91 61 53 48 65 381 
88 56 79 14 71 75 367 
77 38 56 46 46 81 324 
9 32 82 8 83 58 234 
3 60 18 82 48 41 200 
100 17 58 46 62 100 350 
34 90 19 48 61 49 196 
91 55 20 9 100 52 5 
61 81 47 68 9 38 346 
98 63 34 25 35 43 314 
23 100 2 86 83 96 307 
44 65 62 24 11 11 51 
7 101 75 51 91 50 159 
37 13 80 55 64 3 147 
29 87 25 28 8 73 279 
58 19 24 19 59 28 71 
19 87 46 100 29 75 372 
64 61 76 46 95 40 350 
89 24 33 21 95 41 65 
80 39 98 5 41 46 202 
83 53 34 35 24 24 77 
28 37 57 37 30 47 266 
28 51 84 15 35 85 280 
98 93 99 66 88 3 161 
