6 6
50
89 12 18 85 60 36 740 
87 23 45 16 29 34 715 
25 21 14 58 63 89 1205 
96 99 17 25 101 87 1221 
17 59 59 101 42 24 953 
62 38 97 60 66 42 1198 
51 65 80 51 47 57 128 
55 68 57 70 91 82 1147 
15 3 61 62 52 63 853 
66 88 17 89 12 83 773 
85 18 100 100 49 3 543 
36 38 77 56 32 91 765 
93 4 33 53 43 86 565 
37 38 100 16 82 30 1045 
79 65 64 36 77 49 861 
52 58 72 43 82 51 974 
67 87 8 22 73 9 894 
86 86 37 71 98 19 580 
83 2 85 70 74 61 696 
75 15 22 57 44 94 509 
48 63 12 63 37 69 865 
53 95 96 10 23 14 1146 
82 29 68 80 32 25 845 
58 89 76 9 93 25 1121 
74 88 67 31 17 34 459 
24 27 9 64 52 79 363 
9 91 61 53 48 65 1144 
88 56 79 14 71 75 1102 
77 38 56 46 46 81 971 
9 32 82 8 83 58 700 
3 60 18 82 48 41 597 
100 17 58 46 62 100 1048 
34 90 19 48 61 49 585 
91 55 20 9 100 52 10 
61 81 47 68 9 38 1038 
98 63 34 25 35 43 941 
23 100 2 86 83 96 919 
44 65 62 24 11 11 151 
7 101 75 51 91 50 475 
37 13 80 55 64 3 439 
29 87 25 28 8 73 835 
58 19 24 19 59 28 208 
19 87 46 100 29 75 1116 
64 61 76 46 95 40 1048 
89 24 33 21 95 41 190 
80 39 98 5 41 46 604 
83 53 34 35 24 24 229 
28 37 57 37 30 47 796 
28 51 84 15 35 85 838 
98 93 99 66 88 3 481 
