6 6
50
28 60 68 42 11 47 970 
63 16 78 77 24 7 1200 
90 91 79 70 84 43 707 
58 35 25 19 11 76 1106 
44 85 11 40 30 20 645 
4 74 88 15 14 48 962 
31 63 34 25 7 68 1009 
11 27 95 78 85 95 859 
27 44 25 102 73 91 234 
33 69 39 95 89 47 1050 
19 92 57 72 96 81 336 
74 93 96 7 11 10 409 
61 18 64 48 28 85 938 
32 66 15 43 59 62 1198 
96 97 32 19 22 99 1126 
36 40 8 90 16 45 652 
53 31 97 64 83 88 880 
53 77 50 63 65 11 1061 
29 44 30 39 22 32 952 
98 66 89 91 13 43 303 
80 58 59 14 42 25 967 
37 20 81 79 76 28 536 
22 84 58 59 89 7 92 
98 80 53 96 15 77 673 
66 10 76 72 46 49 886 
21 93 51 25 88 10 1123 
26 51 62 48 6 36 934 
85 33 33 26 38 19 1003 
81 8 20 29 50 26 866 
12 8 9 32 81 73 13 
93 9 36 4 100 18 884 
31 93 50 12 43 81 1001 
79 44 48 10 32 92 496 
87 33 99 40 86 23 175 
45 56 18 27 65 77 1121 
26 99 24 40 4 12 612 
17 72 19 9 47 91 411 
66 63 23 51 83 62 78 
78 40 66 16 97 60 1047 
39 34 87 81 5 92 640 
47 26 72 30 83 93 853 
63 82 33 40 34 83 974 
94 97 78 84 17 87 594 
61 60 26 9 54 66 954 
39 34 30 44 101 83 228 
40 53 23 2 72 39 180 
60 35 78 65 79 8 549 
40 11 99 90 7 6 1049 
67 48 23 31 28 94 294 
50 5 98 35 101 63 673 
