6 8
50
82 2 79 14 56 18 1504 
56 32 58 49 45 16 1496 
72 11 20 55 21 93 1467 
30 90 18 40 48 51 1300 
4 21 63 31 62 47 1190 
101 75 20 35 14 80 79 
33 15 63 28 13 33 1054 
25 25 78 29 97 15 856 
14 64 76 10 69 15 864 
13 96 20 85 71 21 1158 
38 2 22 9 15 87 1574 
77 57 14 37 21 17 1285 
97 87 4 67 34 22 1418 
13 46 27 48 67 54 337 
21 45 45 44 14 96 1422 
25 58 23 84 30 58 615 
9 64 75 50 99 76 256 
11 19 20 39 100 86 397 
58 97 63 50 35 78 905 
14 71 96 9 23 94 1175 
32 83 86 6 67 51 75 
83 54 100 70 80 7 177 
28 27 6 16 12 65 1095 
62 61 36 96 82 84 1555 
95 81 43 78 85 46 1287 
38 36 35 36 37 22 1221 
45 66 82 58 73 47 1393 
46 91 95 14 31 7 1135 
24 52 12 86 69 11 1440 
75 58 94 97 63 34 1482 
93 74 82 77 45 94 277 
98 55 41 11 40 12 806 
92 50 66 56 41 11 231 
86 25 51 70 12 89 1152 
9 91 62 12 15 97 862 
19 15 39 88 15 55 424 
99 73 77 32 101 41 1349 
10 29 43 25 25 79 118 
51 33 9 35 8 48 1442 
66 81 101 27 17 99 1188 
37 29 70 28 59 90 1424 
54 76 40 13 50 90 1614 
63 21 89 92 20 48 1125 
85 32 55 9 8 40 531 
94 78 7 86 44 12 1206 
2 75 99 68 91 22 1576 
59 71 24 60 60 91 49 
62 14 37 100 53 6 843 
99 17 21 52 53 57 973 
100 35 29 7 80 27 999 
