6 6
50
76 92 84 8 100 46 175 
46 89 41 48 6 78 1169 
76 10 12 39 50 26 486 
10 46 72 17 78 60 1131 
18 14 89 10 14 58 1071 
4 66 88 37 90 14 1082 
87 50 88 85 100 76 294 
25 36 68 53 87 100 812 
48 14 93 24 88 24 349 
77 54 40 94 22 10 886 
46 25 3 61 14 53 283 
98 86 34 80 87 70 1133 
80 23 59 29 61 23 684 
54 97 16 4 92 62 116 
98 50 94 81 67 54 967 
12 67 93 75 49 45 612 
30 62 46 3 55 38 1190 
32 83 66 63 89 19 1128 
31 89 59 24 93 16 1221 
38 42 101 21 19 16 832 
58 68 56 14 80 8 300 
37 72 3 39 26 14 810 
69 29 20 81 37 89 999 
79 36 54 57 32 52 1118 
22 46 84 38 24 31 905 
17 13 51 11 13 70 1144 
19 58 87 69 4 36 850 
14 84 43 84 29 88 968 
33 4 59 50 58 35 188 
28 21 3 4 85 94 636 
19 71 71 26 21 90 739 
80 69 90 30 19 24 93 
65 44 57 98 45 97 1023 
10 94 63 57 37 80 1116 
39 86 67 21 43 19 1170 
15 73 60 10 100 21 649 
37 70 22 41 13 10 775 
79 48 8 42 99 70 109 
78 10 71 87 12 71 506 
85 25 11 77 6 14 609 
72 99 90 47 78 33 891 
26 43 18 25 73 30 736 
40 61 81 46 51 89 452 
65 90 25 90 52 14 643 
47 13 66 9 98 16 85 
51 20 97 23 40 38 641 
69 56 63 41 43 83 550 
66 32 33 57 27 15 94 
11 67 59 28 21 22 963 
33 54 19 77 16 55 1092 
