6 4
50
16 81 12 34 43 78 725 
51 92 58 99 81 72 202 
16 83 9 6 39 95 269 
30 24 70 8 10 21 153 
82 58 94 82 51 4 385 
70 81 64 60 25 4 629 
25 56 82 47 27 68 595 
101 54 56 86 34 17 707 
59 45 28 35 59 72 562 
36 67 18 32 70 79 380 
4 47 48 16 92 58 44 
69 90 63 85 55 48 667 
6 39 98 19 89 62 92 
38 39 27 67 34 10 725 
92 65 17 59 90 28 793 
10 10 72 44 61 83 728 
56 67 52 6 27 89 249 
29 22 15 82 19 37 532 
10 23 51 60 49 18 636 
27 48 29 67 21 87 783 
31 28 77 30 81 24 669 
74 77 63 9 23 60 508 
45 3 79 73 93 34 812 
89 23 85 14 67 13 244 
20 25 41 7 4 36 800 
96 40 54 40 16 85 295 
48 90 53 28 60 18 667 
47 52 96 30 55 99 348 
7 94 18 16 13 54 439 
54 24 4 21 26 66 397 
65 27 35 79 51 65 334 
35 35 88 9 98 50 601 
75 48 79 52 40 58 730 
48 38 26 5 33 84 770 
68 51 9 36 53 35 663 
27 62 53 6 35 4 588 
61 33 9 17 6 82 641 
78 27 71 88 11 61 144 
91 11 76 20 83 48 549 
86 80 75 46 17 94 393 
87 28 48 7 56 19 708 
7 19 90 28 4 18 731 
26 41 50 45 76 66 296 
53 78 88 54 57 7 617 
55 35 73 92 90 32 743 
101 25 83 57 44 33 691 
94 88 94 81 33 80 490 
41 28 3 43 31 14 280 
52 63 55 100 15 13 422 
86 19 39 17 87 100 208 
