6 6
50
82 2 79 14 56 18 1128 
56 32 58 49 45 16 1122 
72 11 20 55 21 93 1100 
30 90 18 40 48 51 975 
4 21 63 31 62 47 893 
101 75 20 35 14 80 60 
33 15 63 28 13 33 791 
25 25 78 29 97 15 642 
14 64 76 10 69 15 648 
13 96 20 85 71 21 869 
38 2 22 9 15 87 1180 
77 57 14 37 21 17 964 
97 87 4 67 34 22 1064 
13 46 27 48 67 54 253 
21 45 45 44 14 96 1067 
25 58 23 84 30 58 461 
9 64 75 50 99 76 193 
11 19 20 39 100 86 298 
58 97 63 50 35 78 679 
14 71 96 9 23 94 882 
32 83 86 6 67 51 57 
83 54 100 70 80 7 133 
28 27 6 16 12 65 821 
62 61 36 96 82 84 1166 
95 81 43 78 85 46 965 
38 36 35 36 37 22 916 
45 66 82 58 73 47 1045 
46 91 95 14 31 7 852 
24 52 12 86 69 11 1080 
75 58 94 97 63 34 1111 
93 74 82 77 45 94 208 
98 55 41 11 40 12 605 
92 50 66 56 41 11 173 
86 25 51 70 12 89 864 
9 91 62 12 15 97 647 
19 15 39 88 15 55 318 
99 73 77 32 101 41 1012 
10 29 43 25 25 79 89 
51 33 9 35 8 48 1082 
66 81 101 27 17 99 891 
37 29 70 28 59 90 1068 
54 76 40 13 50 90 1211 
63 21 89 92 20 48 844 
85 32 55 9 8 40 398 
94 78 7 86 44 12 905 
2 75 99 68 91 22 1182 
59 71 24 60 60 91 37 
62 14 37 100 53 6 632 
99 17 21 52 53 57 730 
100 35 29 7 80 27 750 
