6 8
50
46 98 38 88 71 24 1349 
37 57 38 56 46 61 1354 
2 48 5 8 14 36 1522 
67 19 27 64 39 49 1265 
86 69 47 47 101 63 1224 
52 26 101 19 34 76 48 
74 20 18 44 28 32 1203 
27 61 12 30 58 79 1292 
80 13 27 34 77 7 831 
90 92 11 47 100 10 818 
24 7 91 82 63 92 1518 
101 11 22 14 19 6 958 
10 37 19 45 86 98 1173 
15 76 87 59 70 54 1371 
29 9 99 30 24 26 51 
57 23 50 97 89 88 1288 
4 6 22 60 3 94 1306 
57 94 4 16 14 80 159 
32 7 25 94 40 11 1179 
4 26 86 97 82 58 863 
17 71 50 99 12 95 185 
72 66 101 69 62 6 1180 
18 97 16 12 47 95 399 
18 28 4 50 79 9 1623 
83 39 65 23 39 29 658 
25 56 19 4 87 100 990 
42 25 27 81 7 102 1412 
31 72 87 37 64 31 1609 
45 48 51 35 88 14 1457 
30 38 48 25 79 34 1518 
43 99 10 62 97 66 1237 
4 79 72 74 9 15 841 
69 81 89 76 101 44 1294 
10 70 72 101 89 73 210 
89 82 58 30 70 95 1446 
75 79 77 69 67 25 670 
70 82 63 82 101 40 991 
59 61 51 80 92 16 525 
32 40 63 10 94 65 249 
99 16 46 41 21 65 1541 
4 14 9 36 21 40 654 
90 11 21 90 36 54 488 
23 9 52 80 82 59 702 
41 15 61 74 62 28 1160 
68 19 43 81 77 68 911 
49 44 46 74 77 94 677 
31 44 23 61 13 87 1254 
9 96 63 42 8 53 1019 
101 50 63 61 15 71 370 
94 80 10 61 88 76 1202 
