6 6
50
39 42 20 64 19 3 929 
89 3 87 75 10 76 969 
44 81 93 24 59 46 846 
90 29 60 85 84 35 758 
18 37 72 91 88 54 1094 
64 46 52 46 81 83 897 
67 94 98 33 9 61 188 
77 102 57 77 24 91 596 
15 62 82 38 69 16 871 
68 17 85 23 24 92 976 
37 43 80 79 65 98 290 
36 64 54 76 76 49 492 
37 17 16 66 65 43 597 
86 72 11 14 69 4 1208 
79 15 11 87 72 38 498 
61 79 100 62 95 27 971 
101 30 63 96 69 33 383 
102 71 59 61 51 33 623 
73 71 67 97 96 27 696 
51 44 91 6 13 102 934 
40 19 6 73 18 71 1047 
45 49 20 102 73 69 950 
46 54 28 22 7 92 1077 
10 34 66 101 2 25 614 
87 74 91 58 33 57 752 
54 55 90 36 64 67 347 
23 49 97 24 59 81 54 
92 65 86 9 12 90 374 
86 42 74 17 49 37 702 
77 31 46 42 15 18 1126 
101 40 89 45 26 62 1059 
87 71 79 45 45 48 1163 
11 7 52 24 69 33 834 
15 19 20 17 32 73 568 
20 54 85 47 65 14 1114 
27 99 66 87 31 46 1212 
73 97 75 6 92 64 807 
26 96 20 48 87 26 1060 
23 71 30 96 91 42 823 
19 96 100 82 36 6 1034 
10 88 38 40 89 71 508 
24 47 13 42 11 82 1152 
60 67 101 80 90 6 45 
30 38 93 42 6 34 665 
3 77 25 58 60 83 192 
10 84 10 100 57 47 1218 
25 19 56 82 62 75 729 
31 101 4 47 102 83 982 
52 47 100 85 39 89 260 
73 90 86 53 101 81 606 
