6 8
50
101 51 74 60 86 96 1207 
42 76 47 88 83 71 597 
34 78 88 81 62 34 1435 
33 96 33 101 85 9 527 
4 80 49 18 43 33 1501 
42 18 87 28 43 21 1131 
55 30 71 59 99 28 695 
33 66 46 61 66 38 1110 
57 43 61 3 89 44 632 
98 99 73 42 39 47 1509 
62 3 55 22 14 21 1273 
68 64 44 88 83 92 1152 
16 6 59 79 98 26 1390 
77 28 27 56 79 33 930 
33 100 19 62 84 52 1162 
65 93 41 53 19 92 1451 
81 20 18 8 54 70 1329 
96 16 65 44 23 9 1392 
77 30 68 37 90 23 567 
66 26 28 101 42 101 836 
15 20 28 81 36 98 1560 
10 11 50 27 64 77 612 
86 57 20 63 45 88 1439 
64 75 18 31 71 56 247 
96 92 9 14 71 32 1320 
98 39 65 88 13 92 1092 
21 20 12 28 48 99 1304 
71 10 40 99 16 65 823 
47 12 52 67 44 83 237 
21 43 15 96 47 59 1436 
20 57 77 34 98 23 707 
57 8 5 25 59 37 400 
84 71 17 57 69 32 843 
29 15 23 71 11 54 1629 
79 99 34 2 43 94 830 
54 65 67 19 44 9 1469 
5 48 44 87 47 92 611 
74 99 41 80 28 38 1494 
44 55 65 89 71 45 1261 
11 74 25 18 45 76 486 
8 52 40 28 25 64 387 
69 81 86 66 65 64 97 
102 95 25 17 58 61 171 
12 5 32 75 66 15 1532 
77 21 71 4 18 10 1068 
49 3 54 5 77 70 1225 
76 81 25 8 83 73 160 
81 2 4 90 16 21 1578 
50 9 55 62 51 32 1505 
62 17 64 48 57 42 857 
