6 4
50
76 92 84 8 100 46 117 
46 89 41 48 6 78 780 
76 10 12 39 50 26 325 
10 46 72 17 78 60 754 
18 14 89 10 14 58 714 
4 66 88 37 90 14 722 
87 50 88 85 100 76 197 
25 36 68 53 87 100 542 
48 14 93 24 88 24 233 
77 54 40 94 22 10 591 
46 25 3 61 14 53 189 
98 86 34 80 87 70 755 
80 23 59 29 61 23 456 
54 97 16 4 92 62 78 
98 50 94 81 67 54 645 
12 67 93 75 49 45 408 
30 62 46 3 55 38 794 
32 83 66 63 89 19 752 
31 89 59 24 93 16 814 
38 42 101 21 19 16 555 
58 68 56 14 80 8 201 
37 72 3 39 26 14 540 
69 29 20 81 37 89 666 
79 36 54 57 32 52 745 
22 46 84 38 24 31 603 
17 13 51 11 13 70 763 
19 58 87 69 4 36 567 
14 84 43 84 29 88 645 
33 4 59 50 58 35 126 
28 21 3 4 85 94 424 
19 71 71 26 21 90 493 
80 69 90 30 19 24 63 
65 44 57 98 45 97 682 
10 94 63 57 37 80 744 
39 86 67 21 43 19 780 
15 73 60 10 100 21 433 
37 70 22 41 13 10 517 
79 48 8 42 99 70 73 
78 10 71 87 12 71 338 
85 25 11 77 6 14 407 
72 99 90 47 78 33 594 
26 43 18 25 73 30 491 
40 61 81 46 51 89 301 
65 90 25 90 52 14 429 
47 13 66 9 98 16 57 
51 20 97 23 40 38 427 
69 56 63 41 43 83 367 
66 32 33 57 27 15 63 
11 67 59 28 21 22 642 
33 54 19 77 16 55 728 
