6 2
50
101 51 74 60 86 96 302 
42 76 47 88 83 71 150 
34 78 88 81 62 34 359 
33 96 33 101 85 9 133 
4 80 49 18 43 33 375 
42 18 87 28 43 21 283 
55 30 71 59 99 28 175 
33 66 46 61 66 38 278 
57 43 61 3 89 44 159 
98 99 73 42 39 47 377 
62 3 55 22 14 21 319 
68 64 44 88 83 92 289 
16 6 59 79 98 26 348 
77 28 27 56 79 33 233 
33 100 19 62 84 52 291 
65 93 41 53 19 92 363 
81 20 18 8 54 70 333 
96 16 65 44 23 9 348 
77 30 68 37 90 23 143 
66 26 28 101 42 101 210 
15 20 28 81 36 98 390 
10 11 50 27 64 77 154 
86 57 20 63 45 88 360 
64 75 18 31 71 56 63 
96 92 9 14 71 32 330 
98 39 65 88 13 92 274 
21 20 12 28 48 99 326 
71 10 40 99 16 65 207 
47 12 52 67 44 83 60 
21 43 15 96 47 59 359 
20 57 77 34 98 23 178 
57 8 5 25 59 37 101 
84 71 17 57 69 32 211 
29 15 23 71 11 54 407 
79 99 34 2 43 94 208 
54 65 67 19 44 9 367 
5 48 44 87 47 92 154 
74 99 41 80 28 38 374 
44 55 65 89 71 45 316 
11 74 25 18 45 76 122 
8 52 40 28 25 64 98 
69 81 86 66 65 64 26 
102 95 25 17 58 61 44 
12 5 32 75 66 15 383 
77 21 71 4 18 10 267 
49 3 54 5 77 70 307 
76 81 25 8 83 73 41 
81 2 4 90 16 21 395 
50 9 55 62 51 32 376 
62 17 64 48 57 42 215 
