6 2
50
76 92 84 8 100 46 60 
46 89 41 48 6 78 390 
76 10 12 39 50 26 163 
10 46 72 17 78 60 377 
18 14 89 10 14 58 357 
4 66 88 37 90 14 361 
87 50 88 85 100 76 99 
25 36 68 53 87 100 271 
48 14 93 24 88 24 117 
77 54 40 94 22 10 296 
46 25 3 61 14 53 95 
98 86 34 80 87 70 378 
80 23 59 29 61 23 229 
54 97 16 4 92 62 40 
98 50 94 81 67 54 323 
12 67 93 75 49 45 205 
30 62 46 3 55 38 397 
32 83 66 63 89 19 376 
31 89 59 24 93 16 407 
38 42 101 21 19 16 278 
58 68 56 14 80 8 101 
37 72 3 39 26 14 270 
69 29 20 81 37 89 333 
79 36 54 57 32 52 373 
22 46 84 38 24 31 302 
17 13 51 11 13 70 382 
19 58 87 69 4 36 284 
14 84 43 84 29 88 323 
33 4 59 50 58 35 64 
28 21 3 4 85 94 213 
19 71 71 26 21 90 247 
80 69 90 30 19 24 32 
65 44 57 98 45 97 341 
10 94 63 57 37 80 372 
39 86 67 21 43 19 390 
15 73 60 10 100 21 217 
37 70 22 41 13 10 259 
79 48 8 42 99 70 37 
78 10 71 87 12 71 170 
85 25 11 77 6 14 204 
72 99 90 47 78 33 297 
26 43 18 25 73 30 246 
40 61 81 46 51 89 151 
65 90 25 90 52 14 215 
47 13 66 9 98 16 30 
51 20 97 23 40 38 214 
69 56 63 41 43 83 184 
66 32 33 57 27 15 33 
11 67 59 28 21 22 321 
33 54 19 77 16 55 364 
