6 4
50
82 2 79 14 56 18 752 
56 32 58 49 45 16 748 
72 11 20 55 21 93 733 
30 90 18 40 48 51 650 
4 21 63 31 62 47 595 
101 75 20 35 14 80 41 
33 15 63 28 13 33 527 
25 25 78 29 97 15 428 
14 64 76 10 69 15 432 
13 96 20 85 71 21 579 
38 2 22 9 15 87 787 
77 57 14 37 21 17 643 
97 87 4 67 34 22 709 
13 46 27 48 67 54 169 
21 45 45 44 14 96 711 
25 58 23 84 30 58 308 
9 64 75 50 99 76 129 
11 19 20 39 100 86 199 
58 97 63 50 35 78 453 
14 71 96 9 23 94 588 
32 83 86 6 67 51 39 
83 54 100 70 80 7 89 
28 27 6 16 12 65 548 
62 61 36 96 82 84 777 
95 81 43 78 85 46 644 
38 36 35 36 37 22 611 
45 66 82 58 73 47 697 
46 91 95 14 31 7 568 
24 52 12 86 69 11 720 
75 58 94 97 63 34 741 
93 74 82 77 45 94 139 
98 55 41 11 40 12 404 
92 50 66 56 41 11 116 
86 25 51 70 12 89 576 
9 91 62 12 15 97 432 
19 15 39 88 15 55 213 
99 73 77 32 101 41 675 
10 29 43 25 25 79 60 
51 33 9 35 8 48 721 
66 81 101 27 17 99 594 
37 29 70 28 59 90 712 
54 76 40 13 50 90 807 
63 21 89 92 20 48 563 
85 32 55 9 8 40 266 
94 78 7 86 44 12 604 
2 75 99 68 91 22 788 
59 71 24 60 60 91 25 
62 14 37 100 53 6 422 
99 17 21 52 53 57 487 
100 35 29 7 80 27 500 
