6 2
50
46 98 38 88 71 24 337 
37 57 38 56 46 61 339 
2 48 5 8 14 36 381 
67 19 27 64 39 49 316 
86 69 47 47 101 63 306 
52 26 101 19 34 76 14 
74 20 18 44 28 32 301 
27 61 12 30 58 79 323 
80 13 27 34 77 7 208 
90 92 11 47 100 10 205 
24 7 91 82 63 92 380 
101 11 22 14 19 6 240 
10 37 19 45 86 98 294 
15 76 87 59 70 54 343 
29 9 99 30 24 26 14 
57 23 50 97 89 88 322 
4 6 22 60 3 94 327 
57 94 4 16 14 80 41 
32 7 25 94 40 11 295 
4 26 86 97 82 58 217 
17 71 50 99 12 95 48 
72 66 101 69 62 6 295 
18 97 16 12 47 95 101 
18 28 4 50 79 9 406 
83 39 65 23 39 29 165 
25 56 19 4 87 100 248 
42 25 27 81 7 102 353 
31 72 87 37 64 31 402 
45 48 51 35 88 14 364 
30 38 48 25 79 34 380 
43 99 10 62 97 66 310 
4 79 72 74 9 15 211 
69 81 89 76 101 44 324 
10 70 72 101 89 73 54 
89 82 58 30 70 95 362 
75 79 77 69 67 25 168 
70 82 63 82 101 40 248 
59 61 51 80 92 16 132 
32 40 63 10 94 65 64 
99 16 46 41 21 65 385 
4 14 9 36 21 40 164 
90 11 21 90 36 54 123 
23 9 52 80 82 59 176 
41 15 61 74 62 28 290 
68 19 43 81 77 68 228 
49 44 46 74 77 94 170 
31 44 23 61 13 87 314 
9 96 63 42 8 53 255 
101 50 63 61 15 71 94 
94 80 10 61 88 76 301 
