6 2
50
8 34 49 28 45 48 260 
70 25 39 86 43 73 324 
49 98 50 6 94 63 299 
32 30 83 58 63 21 251 
61 9 14 22 74 89 203 
60 71 14 69 56 51 261 
98 89 77 6 54 17 220 
12 24 16 57 39 48 308 
6 69 72 84 29 4 38 
18 27 66 71 86 32 365 
30 38 40 39 14 11 142 
43 7 53 11 6 10 201 
88 100 67 37 43 76 222 
4 43 87 30 49 57 328 
64 13 37 70 87 66 337 
87 78 19 27 38 43 256 
64 21 75 24 96 62 124 
29 101 36 45 58 37 107 
97 55 12 66 56 56 325 
96 18 43 21 46 69 4 
24 50 12 7 35 94 165 
24 13 7 55 97 52 142 
15 4 26 31 31 59 368 
25 9 63 84 89 85 278 
5 34 5 53 95 32 25 
52 26 40 24 46 88 297 
44 7 13 61 6 47 330 
16 19 92 16 12 12 402 
43 51 25 49 10 74 81 
82 4 4 4 23 31 256 
79 89 9 88 73 20 333 
5 52 25 85 40 89 362 
17 15 38 85 21 9 39 
78 17 78 37 16 55 253 
4 11 59 86 18 20 151 
32 85 31 41 95 19 159 
101 3 66 72 87 33 267 
91 68 21 3 24 56 10 
74 33 53 59 66 22 3 
43 68 101 24 71 54 344 
32 10 46 29 92 72 314 
16 14 67 31 24 99 56 
46 40 84 96 67 37 239 
54 80 84 30 99 40 238 
37 67 50 18 81 83 240 
60 76 76 34 85 27 238 
21 88 31 44 25 89 396 
30 19 30 6 19 28 322 
31 65 101 94 34 21 322 
49 18 14 46 18 57 349 
