6 8
50
76 92 84 8 100 46 233 
46 89 41 48 6 78 1559 
76 10 12 39 50 26 648 
10 46 72 17 78 60 1507 
18 14 89 10 14 58 1427 
4 66 88 37 90 14 1443 
87 50 88 85 100 76 392 
25 36 68 53 87 100 1083 
48 14 93 24 88 24 464 
77 54 40 94 22 10 1182 
46 25 3 61 14 53 376 
98 86 34 80 87 70 1510 
80 23 59 29 61 23 912 
54 97 16 4 92 62 154 
98 50 94 81 67 54 1289 
12 67 93 75 49 45 816 
30 62 46 3 55 38 1587 
32 83 66 63 89 19 1504 
31 89 59 24 93 16 1628 
38 42 101 21 19 16 1109 
58 68 56 14 80 8 400 
37 72 3 39 26 14 1079 
69 29 20 81 37 89 1332 
79 36 54 57 32 52 1490 
22 46 84 38 24 31 1206 
17 13 51 11 13 70 1526 
19 58 87 69 4 36 1133 
14 84 43 84 29 88 1290 
33 4 59 50 58 35 250 
28 21 3 4 85 94 848 
19 71 71 26 21 90 985 
80 69 90 30 19 24 123 
65 44 57 98 45 97 1364 
10 94 63 57 37 80 1488 
39 86 67 21 43 19 1560 
15 73 60 10 100 21 865 
37 70 22 41 13 10 1033 
79 48 8 42 99 70 144 
78 10 71 87 12 71 675 
85 25 11 77 6 14 812 
72 99 90 47 78 33 1187 
26 43 18 25 73 30 981 
40 61 81 46 51 89 602 
65 90 25 90 52 14 857 
47 13 66 9 98 16 113 
51 20 97 23 40 38 854 
69 56 63 41 43 83 733 
66 32 33 57 27 15 125 
11 67 59 28 21 22 1284 
33 54 19 77 16 55 1456 
