6 6
50
16 81 12 34 43 78 1087 
51 92 58 99 81 72 302 
16 83 9 6 39 95 403 
30 24 70 8 10 21 228 
82 58 94 82 51 4 577 
70 81 64 60 25 4 943 
25 56 82 47 27 68 892 
101 54 56 86 34 17 1060 
59 45 28 35 59 72 842 
36 67 18 32 70 79 569 
4 47 48 16 92 58 65 
69 90 63 85 55 48 1000 
6 39 98 19 89 62 137 
38 39 27 67 34 10 1087 
92 65 17 59 90 28 1189 
10 10 72 44 61 83 1092 
56 67 52 6 27 89 373 
29 22 15 82 19 37 798 
10 23 51 60 49 18 954 
27 48 29 67 21 87 1175 
31 28 77 30 81 24 1004 
74 77 63 9 23 60 762 
45 3 79 73 93 34 1218 
89 23 85 14 67 13 365 
20 25 41 7 4 36 1199 
96 40 54 40 16 85 442 
48 90 53 28 60 18 1001 
47 52 96 30 55 99 521 
7 94 18 16 13 54 658 
54 24 4 21 26 66 595 
65 27 35 79 51 65 500 
35 35 88 9 98 50 902 
75 48 79 52 40 58 1095 
48 38 26 5 33 84 1155 
68 51 9 36 53 35 995 
27 62 53 6 35 4 882 
61 33 9 17 6 82 962 
78 27 71 88 11 61 215 
91 11 76 20 83 48 822 
86 80 75 46 17 94 589 
87 28 48 7 56 19 1061 
7 19 90 28 4 18 1096 
26 41 50 45 76 66 443 
53 78 88 54 57 7 926 
55 35 73 92 90 32 1115 
101 25 83 57 44 33 1036 
94 88 94 81 33 80 735 
41 28 3 43 31 14 419 
52 63 55 100 15 13 633 
86 19 39 17 87 100 311 
