6 2
50
28 60 68 42 11 47 324 
63 16 78 77 24 7 400 
90 91 79 70 84 43 236 
58 35 25 19 11 76 369 
44 85 11 40 30 20 216 
4 74 88 15 14 48 321 
31 63 34 25 7 68 337 
11 27 95 78 85 95 287 
27 44 25 102 73 91 79 
33 69 39 95 89 47 350 
19 92 57 72 96 81 113 
74 93 96 7 11 10 137 
61 18 64 48 28 85 313 
32 66 15 43 59 62 399 
96 97 32 19 22 99 375 
36 40 8 90 16 45 218 
53 31 97 64 83 88 294 
53 77 50 63 65 11 354 
29 44 30 39 22 32 318 
98 66 89 91 13 43 102 
80 58 59 14 42 25 323 
37 20 81 79 76 28 179 
22 84 58 59 89 7 32 
98 80 53 96 15 77 225 
66 10 76 72 46 49 296 
21 93 51 25 88 10 375 
26 51 62 48 6 36 312 
85 33 33 26 38 19 335 
81 8 20 29 50 26 289 
12 8 9 32 81 73 6 
93 9 36 4 100 18 295 
31 93 50 12 43 81 334 
79 44 48 10 32 92 166 
87 33 99 40 86 23 59 
45 56 18 27 65 77 374 
26 99 24 40 4 12 205 
17 72 19 9 47 91 138 
66 63 23 51 83 62 27 
78 40 66 16 97 60 349 
39 34 87 81 5 92 214 
47 26 72 30 83 93 285 
63 82 33 40 34 83 325 
94 97 78 84 17 87 199 
61 60 26 9 54 66 318 
39 34 30 44 101 83 77 
40 53 23 2 72 39 61 
60 35 78 65 79 8 184 
40 11 99 90 7 6 350 
67 48 23 31 28 94 99 
50 5 98 35 101 63 225 
