6 2
50
15 38 4 14 26 4 382 
49 81 42 39 34 86 141 
83 56 53 59 49 41 324 
27 45 87 66 73 61 291 
45 55 78 100 93 27 197 
94 39 72 15 89 55 262 
40 31 48 17 43 99 49 
70 32 54 19 88 58 360 
95 19 50 55 45 24 16 
28 66 41 43 61 88 363 
19 83 46 62 88 17 358 
16 41 51 32 65 62 310 
25 26 82 7 71 62 407 
22 24 63 46 33 63 49 
67 9 76 84 13 25 207 
51 10 59 102 42 2 322 
80 101 24 82 65 30 15 
42 61 37 92 28 91 396 
61 85 18 57 56 78 198 
34 77 51 54 39 27 302 
18 25 8 30 61 23 171 
25 40 66 70 35 11 107 
50 41 94 86 36 56 368 
27 43 46 88 26 32 192 
26 76 30 28 4 31 96 
38 32 64 69 70 57 146 
47 54 89 23 70 25 341 
39 59 70 5 74 86 375 
84 63 44 37 93 97 406 
66 38 44 33 81 5 53 
11 32 20 67 100 57 326 
92 59 67 59 10 65 356 
19 62 25 32 48 33 221 
71 21 34 80 63 38 329 
17 47 93 90 22 73 114 
29 52 40 76 31 14 376 
6 80 80 85 33 14 194 
78 21 2 36 73 61 165 
13 88 90 39 21 101 303 
14 76 71 90 94 62 367 
13 87 59 19 22 64 265 
43 55 97 31 25 35 162 
28 92 57 51 14 90 69 
66 52 38 12 15 20 377 
6 12 97 41 55 60 267 
36 46 19 54 99 77 284 
35 95 10 97 68 37 349 
86 16 41 82 74 75 192 
37 22 9 9 46 74 154 
46 2 92 73 77 76 375 
