6 8
50
89 12 18 85 60 36 987 
87 23 45 16 29 34 953 
25 21 14 58 63 89 1607 
96 99 17 25 101 87 1628 
17 59 59 101 42 24 1270 
62 38 97 60 66 42 1597 
51 65 80 51 47 57 170 
55 68 57 70 91 82 1529 
15 3 61 62 52 63 1137 
66 88 17 89 12 83 1030 
85 18 100 100 49 3 723 
36 38 77 56 32 91 1020 
93 4 33 53 43 86 753 
37 38 100 16 82 30 1394 
79 65 64 36 77 49 1148 
52 58 72 43 82 51 1298 
67 87 8 22 73 9 1192 
86 86 37 71 98 19 773 
83 2 85 70 74 61 927 
75 15 22 57 44 94 678 
48 63 12 63 37 69 1153 
53 95 96 10 23 14 1528 
82 29 68 80 32 25 1126 
58 89 76 9 93 25 1494 
74 88 67 31 17 34 611 
24 27 9 64 52 79 483 
9 91 61 53 48 65 1525 
88 56 79 14 71 75 1469 
77 38 56 46 46 81 1294 
9 32 82 8 83 58 933 
3 60 18 82 48 41 795 
100 17 58 46 62 100 1397 
34 90 19 48 61 49 780 
91 55 20 9 100 52 13 
61 81 47 68 9 38 1384 
98 63 34 25 35 43 1255 
23 100 2 86 83 96 1226 
44 65 62 24 11 11 200 
7 101 75 51 91 50 633 
37 13 80 55 64 3 585 
29 87 25 28 8 73 1114 
58 19 24 19 59 28 277 
19 87 46 100 29 75 1488 
64 61 76 46 95 40 1397 
89 24 33 21 95 41 253 
80 39 98 5 41 46 805 
83 53 34 35 24 24 305 
28 37 57 37 30 47 1061 
28 51 84 15 35 85 1118 
98 93 99 66 88 3 642 
