6 6
50
15 38 4 14 26 4 1144 
49 81 42 39 34 86 419 
83 56 53 59 49 41 970 
27 45 87 66 73 61 873 
45 55 78 100 93 27 589 
94 39 72 15 89 55 786 
40 31 48 17 43 99 144 
70 32 54 19 88 58 1079 
95 19 50 55 45 24 45 
28 66 41 43 61 88 1088 
19 83 46 62 88 17 1074 
16 41 51 32 65 62 930 
25 26 82 7 71 62 1220 
22 24 63 46 33 63 144 
67 9 76 84 13 25 620 
51 10 59 102 42 2 964 
80 101 24 82 65 30 40 
42 61 37 92 28 91 1187 
61 85 18 57 56 78 593 
34 77 51 54 39 27 904 
18 25 8 30 61 23 509 
25 40 66 70 35 11 317 
50 41 94 86 36 56 1105 
27 43 46 88 26 32 573 
26 76 30 28 4 31 286 
38 32 64 69 70 57 436 
47 54 89 23 70 25 1022 
39 59 70 5 74 86 1123 
84 63 44 37 93 97 1219 
66 38 44 33 81 5 155 
11 32 20 67 100 57 978 
92 59 67 59 10 65 1067 
19 62 25 32 48 33 661 
71 21 34 80 63 38 985 
17 47 93 90 22 73 340 
29 52 40 76 31 14 1129 
6 80 80 85 33 14 581 
78 21 2 36 73 61 492 
13 88 90 39 21 101 909 
14 76 71 90 94 62 1100 
13 87 59 19 22 64 793 
43 55 97 31 25 35 484 
28 92 57 51 14 90 202 
66 52 38 12 15 20 1132 
6 12 97 41 55 60 800 
36 46 19 54 99 77 850 
35 95 10 97 68 37 1047 
86 16 41 82 74 75 575 
37 22 9 9 46 74 460 
46 2 92 73 77 76 1126 
