6 8
50
39 42 20 64 19 3 1238 
89 3 87 75 10 76 1292 
44 81 93 24 59 46 1128 
90 29 60 85 84 35 1011 
18 37 72 91 88 54 1458 
64 46 52 46 81 83 1196 
67 94 98 33 9 61 250 
77 102 57 77 24 91 795 
15 62 82 38 69 16 1161 
68 17 85 23 24 92 1301 
37 43 80 79 65 98 386 
36 64 54 76 76 49 656 
37 17 16 66 65 43 796 
86 72 11 14 69 4 1610 
79 15 11 87 72 38 663 
61 79 100 62 95 27 1295 
101 30 63 96 69 33 511 
102 71 59 61 51 33 830 
73 71 67 97 96 27 928 
51 44 91 6 13 102 1246 
40 19 6 73 18 71 1395 
45 49 20 102 73 69 1266 
46 54 28 22 7 92 1436 
10 34 66 101 2 25 818 
87 74 91 58 33 57 1003 
54 55 90 36 64 67 462 
23 49 97 24 59 81 71 
92 65 86 9 12 90 499 
86 42 74 17 49 37 936 
77 31 46 42 15 18 1502 
101 40 89 45 26 62 1411 
87 71 79 45 45 48 1551 
11 7 52 24 69 33 1112 
15 19 20 17 32 73 757 
20 54 85 47 65 14 1485 
27 99 66 87 31 46 1616 
73 97 75 6 92 64 1076 
26 96 20 48 87 26 1413 
23 71 30 96 91 42 1097 
19 96 100 82 36 6 1378 
10 88 38 40 89 71 677 
24 47 13 42 11 82 1536 
60 67 101 80 90 6 59 
30 38 93 42 6 34 887 
3 77 25 58 60 83 256 
10 84 10 100 57 47 1625 
25 19 56 82 62 75 971 
31 101 4 47 102 83 1309 
52 47 100 85 39 89 346 
73 90 86 53 101 81 808 
