6 8
50
15 38 4 14 26 4 1526 
49 81 42 39 34 86 558 
83 56 53 59 49 41 1293 
27 45 87 66 73 61 1163 
45 55 78 100 93 27 785 
94 39 72 15 89 55 1047 
40 31 48 17 43 99 192 
70 32 54 19 88 58 1439 
95 19 50 55 45 24 59 
28 66 41 43 61 88 1450 
19 83 46 62 88 17 1432 
16 41 51 32 65 62 1239 
25 26 82 7 71 62 1627 
22 24 63 46 33 63 192 
67 9 76 84 13 25 826 
51 10 59 102 42 2 1286 
80 101 24 82 65 30 52 
42 61 37 92 28 91 1583 
61 85 18 57 56 78 791 
34 77 51 54 39 27 1205 
18 25 8 30 61 23 679 
25 40 66 70 35 11 423 
50 41 94 86 36 56 1473 
27 43 46 88 26 32 764 
26 76 30 28 4 31 381 
38 32 64 69 70 57 580 
47 54 89 23 70 25 1362 
39 59 70 5 74 86 1498 
84 63 44 37 93 97 1625 
66 38 44 33 81 5 206 
11 32 20 67 100 57 1303 
92 59 67 59 10 65 1423 
19 62 25 32 48 33 880 
71 21 34 80 63 38 1313 
17 47 93 90 22 73 453 
29 52 40 76 31 14 1505 
6 80 80 85 33 14 775 
78 21 2 36 73 61 656 
13 88 90 39 21 101 1212 
14 76 71 90 94 62 1467 
13 87 59 19 22 64 1057 
43 55 97 31 25 35 645 
28 92 57 51 14 90 269 
66 52 38 12 15 20 1509 
6 12 97 41 55 60 1066 
36 46 19 54 99 77 1133 
35 95 10 97 68 37 1395 
86 16 41 82 74 75 766 
37 22 9 9 46 74 613 
46 2 92 73 77 76 1501 
