6 4
50
46 98 38 88 71 24 675 
37 57 38 56 46 61 677 
2 48 5 8 14 36 761 
67 19 27 64 39 49 633 
86 69 47 47 101 63 612 
52 26 101 19 34 76 25 
74 20 18 44 28 32 602 
27 61 12 30 58 79 646 
80 13 27 34 77 7 416 
90 92 11 47 100 10 410 
24 7 91 82 63 92 759 
101 11 22 14 19 6 479 
10 37 19 45 86 98 587 
15 76 87 59 70 54 686 
29 9 99 30 24 26 26 
57 23 50 97 89 88 644 
4 6 22 60 3 94 653 
57 94 4 16 14 80 81 
32 7 25 94 40 11 590 
4 26 86 97 82 58 432 
17 71 50 99 12 95 94 
72 66 101 69 62 6 590 
18 97 16 12 47 95 200 
18 28 4 50 79 9 812 
83 39 65 23 39 29 330 
25 56 19 4 87 100 495 
42 25 27 81 7 102 706 
31 72 87 37 64 31 805 
45 48 51 35 88 14 729 
30 38 48 25 79 34 759 
43 99 10 62 97 66 619 
4 79 72 74 9 15 421 
69 81 89 76 101 44 647 
10 70 72 101 89 73 106 
89 82 58 30 70 95 723 
75 79 77 69 67 25 335 
70 82 63 82 101 40 496 
59 61 51 80 92 16 263 
32 40 63 10 94 65 125 
99 16 46 41 21 65 770 
4 14 9 36 21 40 327 
90 11 21 90 36 54 245 
23 9 52 80 82 59 352 
41 15 61 74 62 28 580 
68 19 43 81 77 68 456 
49 44 46 74 77 94 339 
31 44 23 61 13 87 627 
9 96 63 42 8 53 510 
101 50 63 61 15 71 186 
94 80 10 61 88 76 601 
