6 8
50
28 60 68 42 11 47 1293 
63 16 78 77 24 7 1600 
90 91 79 70 84 43 942 
58 35 25 19 11 76 1474 
44 85 11 40 30 20 860 
4 74 88 15 14 48 1282 
31 63 34 25 7 68 1345 
11 27 95 78 85 95 1145 
27 44 25 102 73 91 311 
33 69 39 95 89 47 1401 
19 92 57 72 96 81 448 
74 93 96 7 11 10 545 
61 18 64 48 28 85 1251 
32 66 15 43 59 62 1597 
96 97 32 19 22 99 1501 
36 40 8 90 16 45 869 
53 31 97 64 83 88 1173 
53 77 50 63 65 11 1414 
29 44 30 39 22 32 1270 
98 66 89 91 13 43 404 
80 58 59 14 42 25 1290 
37 20 81 79 76 28 714 
22 84 58 59 89 7 122 
98 80 53 96 15 77 897 
66 10 76 72 46 49 1181 
21 93 51 25 88 10 1498 
26 51 62 48 6 36 1245 
85 33 33 26 38 19 1337 
81 8 20 29 50 26 1155 
12 8 9 32 81 73 16 
93 9 36 4 100 18 1178 
31 93 50 12 43 81 1334 
79 44 48 10 32 92 661 
87 33 99 40 86 23 233 
45 56 18 27 65 77 1495 
26 99 24 40 4 12 815 
17 72 19 9 47 91 548 
66 63 23 51 83 62 103 
78 40 66 16 97 60 1396 
39 34 87 81 5 92 853 
47 26 72 30 83 93 1137 
63 82 33 40 34 83 1299 
94 97 78 84 17 87 791 
61 60 26 9 54 66 1271 
39 34 30 44 101 83 303 
40 53 23 2 72 39 240 
60 35 78 65 79 8 732 
40 11 99 90 7 6 1399 
67 48 23 31 28 94 392 
50 5 98 35 101 63 897 
