6 6
50
8 34 49 28 45 48 779 
70 25 39 86 43 73 972 
49 98 50 6 94 63 897 
32 30 83 58 63 21 752 
61 9 14 22 74 89 608 
60 71 14 69 56 51 782 
98 89 77 6 54 17 657 
12 24 16 57 39 48 923 
6 69 72 84 29 4 110 
18 27 66 71 86 32 1094 
30 38 40 39 14 11 423 
43 7 53 11 6 10 602 
88 100 67 37 43 76 664 
4 43 87 30 49 57 982 
64 13 37 70 87 66 1011 
87 78 19 27 38 43 767 
64 21 75 24 96 62 369 
29 101 36 45 58 37 318 
97 55 12 66 56 56 974 
96 18 43 21 46 69 8 
24 50 12 7 35 94 492 
24 13 7 55 97 52 424 
15 4 26 31 31 59 1105 
25 9 63 84 89 85 833 
5 34 5 53 95 32 70 
52 26 40 24 46 88 889 
44 7 13 61 6 47 990 
16 19 92 16 12 12 1207 
43 51 25 49 10 74 239 
82 4 4 4 23 31 768 
79 89 9 88 73 20 998 
5 52 25 85 40 89 1086 
17 15 38 85 21 9 112 
78 17 78 37 16 55 757 
4 11 59 86 18 20 451 
32 85 31 41 95 19 475 
101 3 66 72 87 33 798 
91 68 21 3 24 56 25 
74 33 53 59 66 22 4 
43 68 101 24 71 54 1033 
32 10 46 29 92 72 941 
16 14 67 31 24 99 164 
46 40 84 96 67 37 714 
54 80 84 30 99 40 713 
37 67 50 18 81 83 719 
60 76 76 34 85 27 713 
21 88 31 44 25 89 1188 
30 19 30 6 19 28 964 
31 65 101 94 34 21 966 
49 18 14 46 18 57 1045 
