6 2
50
82 2 79 14 56 18 376 
56 32 58 49 45 16 374 
72 11 20 55 21 93 367 
30 90 18 40 48 51 325 
4 21 63 31 62 47 298 
101 75 20 35 14 80 21 
33 15 63 28 13 33 264 
25 25 78 29 97 15 215 
14 64 76 10 69 15 217 
13 96 20 85 71 21 290 
38 2 22 9 15 87 394 
77 57 14 37 21 17 322 
97 87 4 67 34 22 355 
13 46 27 48 67 54 85 
21 45 45 44 14 96 356 
25 58 23 84 30 58 155 
9 64 75 50 99 76 65 
11 19 20 39 100 86 100 
58 97 63 50 35 78 227 
14 71 96 9 23 94 294 
32 83 86 6 67 51 20 
83 54 100 70 80 7 46 
28 27 6 16 12 65 274 
62 61 36 96 82 84 389 
95 81 43 78 85 46 322 
38 36 35 36 37 22 306 
45 66 82 58 73 47 348 
46 91 95 14 31 7 284 
24 52 12 86 69 11 360 
75 58 94 97 63 34 371 
93 74 82 77 45 94 70 
98 55 41 11 40 12 202 
92 50 66 56 41 11 59 
86 25 51 70 12 89 288 
9 91 62 12 15 97 216 
19 15 39 88 15 55 107 
99 73 77 32 101 41 338 
10 29 43 25 25 79 31 
51 33 9 35 8 48 361 
66 81 101 27 17 99 297 
37 29 70 28 59 90 356 
54 76 40 13 50 90 404 
63 21 89 92 20 48 282 
85 32 55 9 8 40 134 
94 78 7 86 44 12 302 
2 75 99 68 91 22 394 
59 71 24 60 60 91 14 
62 14 37 100 53 6 211 
99 17 21 52 53 57 244 
100 35 29 7 80 27 250 
