6 4
50
28 60 68 42 11 47 647 
63 16 78 77 24 7 800 
90 91 79 70 84 43 471 
58 35 25 19 11 76 737 
44 85 11 40 30 20 430 
4 74 88 15 14 48 641 
31 63 34 25 7 68 673 
11 27 95 78 85 95 573 
27 44 25 102 73 91 156 
33 69 39 95 89 47 700 
19 92 57 72 96 81 225 
74 93 96 7 11 10 273 
61 18 64 48 28 85 626 
32 66 15 43 59 62 798 
96 97 32 19 22 99 751 
36 40 8 90 16 45 435 
53 31 97 64 83 88 587 
53 77 50 63 65 11 707 
29 44 30 39 22 32 635 
98 66 89 91 13 43 203 
80 58 59 14 42 25 645 
37 20 81 79 76 28 357 
22 84 58 59 89 7 62 
98 80 53 96 15 77 449 
66 10 76 72 46 49 591 
21 93 51 25 88 10 749 
26 51 62 48 6 36 623 
85 33 33 26 38 19 669 
81 8 20 29 50 26 578 
12 8 9 32 81 73 9 
93 9 36 4 100 18 589 
31 93 50 12 43 81 667 
79 44 48 10 32 92 331 
87 33 99 40 86 23 117 
45 56 18 27 65 77 748 
26 99 24 40 4 12 408 
17 72 19 9 47 91 275 
66 63 23 51 83 62 53 
78 40 66 16 97 60 698 
39 34 87 81 5 92 427 
47 26 72 30 83 93 569 
63 82 33 40 34 83 650 
94 97 78 84 17 87 396 
61 60 26 9 54 66 636 
39 34 30 44 101 83 152 
40 53 23 2 72 39 121 
60 35 78 65 79 8 367 
40 11 99 90 7 6 699 
67 48 23 31 28 94 197 
50 5 98 35 101 63 449 
