6 4
50
39 42 20 64 19 3 619 
89 3 87 75 10 76 646 
44 81 93 24 59 46 564 
90 29 60 85 84 35 506 
18 37 72 91 88 54 729 
64 46 52 46 81 83 598 
67 94 98 33 9 61 126 
77 102 57 77 24 91 398 
15 62 82 38 69 16 581 
68 17 85 23 24 92 651 
37 43 80 79 65 98 194 
36 64 54 76 76 49 328 
37 17 16 66 65 43 398 
86 72 11 14 69 4 805 
79 15 11 87 72 38 332 
61 79 100 62 95 27 648 
101 30 63 96 69 33 256 
102 71 59 61 51 33 416 
73 71 67 97 96 27 464 
51 44 91 6 13 102 623 
40 19 6 73 18 71 698 
45 49 20 102 73 69 633 
46 54 28 22 7 92 718 
10 34 66 101 2 25 410 
87 74 91 58 33 57 502 
54 55 90 36 64 67 232 
23 49 97 24 59 81 37 
92 65 86 9 12 90 250 
86 42 74 17 49 37 468 
77 31 46 42 15 18 751 
101 40 89 45 26 62 706 
87 71 79 45 45 48 776 
11 7 52 24 69 33 556 
15 19 20 17 32 73 379 
20 54 85 47 65 14 742 
27 99 66 87 31 46 808 
73 97 75 6 92 64 538 
26 96 20 48 87 26 707 
23 71 30 96 91 42 549 
19 96 100 82 36 6 689 
10 88 38 40 89 71 339 
24 47 13 42 11 82 768 
60 67 101 80 90 6 30 
30 38 93 42 6 34 444 
3 77 25 58 60 83 129 
10 84 10 100 57 47 812 
25 19 56 82 62 75 486 
31 101 4 47 102 83 655 
52 47 100 85 39 89 174 
73 90 86 53 101 81 404 
