6 4
50
8 34 49 28 45 48 519 
70 25 39 86 43 73 648 
49 98 50 6 94 63 598 
32 30 83 58 63 21 502 
61 9 14 22 74 89 405 
60 71 14 69 56 51 522 
98 89 77 6 54 17 438 
12 24 16 57 39 48 616 
6 69 72 84 29 4 74 
18 27 66 71 86 32 729 
30 38 40 39 14 11 282 
43 7 53 11 6 10 402 
88 100 67 37 43 76 443 
4 43 87 30 49 57 655 
64 13 37 70 87 66 674 
87 78 19 27 38 43 512 
64 21 75 24 96 62 247 
29 101 36 45 58 37 212 
97 55 12 66 56 56 649 
96 18 43 21 46 69 6 
24 50 12 7 35 94 329 
24 13 7 55 97 52 283 
15 4 26 31 31 59 736 
25 9 63 84 89 85 555 
5 34 5 53 95 32 47 
52 26 40 24 46 88 593 
44 7 13 61 6 47 660 
16 19 92 16 12 12 805 
43 51 25 49 10 74 160 
82 4 4 4 23 31 512 
79 89 9 88 73 20 665 
5 52 25 85 40 89 724 
17 15 38 85 21 9 75 
78 17 78 37 16 55 505 
4 11 59 86 18 20 301 
32 85 31 41 95 19 317 
101 3 66 72 87 33 532 
91 68 21 3 24 56 17 
74 33 53 59 66 22 4 
43 68 101 24 71 54 689 
32 10 46 29 92 72 628 
16 14 67 31 24 99 110 
46 40 84 96 67 37 476 
54 80 84 30 99 40 476 
37 67 50 18 81 83 480 
60 76 76 34 85 27 476 
21 88 31 44 25 89 792 
30 19 30 6 19 28 643 
31 65 101 94 34 21 644 
49 18 14 46 18 57 697 
