6 2
50
62 67 59 57 46 91 350 
73 22 86 49 56 7 226 
53 21 66 44 71 92 397 
8 17 37 64 43 34 370 
2 68 82 32 83 89 133 
14 27 50 50 101 81 331 
31 91 31 18 23 101 165 
7 98 54 62 13 10 222 
53 24 95 5 59 97 291 
56 6 18 75 19 25 161 
96 18 96 72 12 18 313 
28 9 48 22 35 52 387 
71 30 72 72 81 80 250 
5 57 47 44 86 12 308 
86 14 44 5 78 3 47 
83 60 93 3 94 79 102 
17 49 85 27 47 78 344 
79 48 6 41 47 80 373 
63 51 30 28 9 3 171 
96 6 18 58 52 86 363 
71 82 70 89 3 38 359 
10 64 19 42 35 93 34 
68 41 67 33 25 22 80 
11 65 77 87 78 85 86 
45 69 70 97 95 97 31 
69 37 54 46 44 6 220 
89 13 88 76 12 36 116 
67 54 27 29 66 72 246 
19 95 3 27 56 69 264 
97 51 46 43 98 3 407 
6 15 89 83 18 68 91 
54 91 14 68 51 95 318 
17 45 70 31 28 49 204 
44 53 22 90 38 91 377 
64 44 35 16 35 30 251 
41 40 48 50 6 40 265 
6 92 60 7 77 89 326 
7 78 14 72 55 52 252 
64 70 95 82 79 32 367 
49 81 54 18 66 19 311 
8 25 82 24 11 87 158 
63 63 85 64 4 15 232 
68 23 47 82 80 102 315 
72 55 70 29 11 77 231 
13 9 91 12 72 6 406 
55 34 50 47 67 25 5 
9 11 20 76 19 35 332 
59 9 38 88 19 101 147 
71 14 97 2 12 84 204 
57 96 53 34 11 59 53 
