6 6
50
101 51 74 60 86 96 906 
42 76 47 88 83 71 448 
34 78 88 81 62 34 1076 
33 96 33 101 85 9 395 
4 80 49 18 43 33 1126 
42 18 87 28 43 21 848 
55 30 71 59 99 28 521 
33 66 46 61 66 38 832 
57 43 61 3 89 44 474 
98 99 73 42 39 47 1132 
62 3 55 22 14 21 955 
68 64 44 88 83 92 864 
16 6 59 79 98 26 1043 
77 28 27 56 79 33 698 
33 100 19 62 84 52 871 
65 93 41 53 19 92 1089 
81 20 18 8 54 70 997 
96 16 65 44 23 9 1044 
77 30 68 37 90 23 426 
66 26 28 101 42 101 627 
15 20 28 81 36 98 1170 
10 11 50 27 64 77 460 
86 57 20 63 45 88 1079 
64 75 18 31 71 56 186 
96 92 9 14 71 32 990 
98 39 65 88 13 92 819 
21 20 12 28 48 99 978 
71 10 40 99 16 65 618 
47 12 52 67 44 83 178 
21 43 15 96 47 59 1077 
20 57 77 34 98 23 531 
57 8 5 25 59 37 301 
84 71 17 57 69 32 632 
29 15 23 71 11 54 1222 
79 99 34 2 43 94 623 
54 65 67 19 44 9 1102 
5 48 44 87 47 92 458 
74 99 41 80 28 38 1121 
44 55 65 89 71 45 946 
11 74 25 18 45 76 365 
8 52 40 28 25 64 290 
69 81 86 66 65 64 73 
102 95 25 17 58 61 128 
12 5 32 75 66 15 1149 
77 21 71 4 18 10 801 
49 3 54 5 77 70 919 
76 81 25 8 83 73 121 
81 2 4 90 16 21 1184 
50 9 55 62 51 32 1129 
62 17 64 48 57 42 643 
