6 2
50
16 81 12 34 43 78 363 
51 92 58 99 81 72 102 
16 83 9 6 39 95 135 
30 24 70 8 10 21 77 
82 58 94 82 51 4 193 
70 81 64 60 25 4 315 
25 56 82 47 27 68 298 
101 54 56 86 34 17 354 
59 45 28 35 59 72 281 
36 67 18 32 70 79 191 
4 47 48 16 92 58 23 
69 90 63 85 55 48 334 
6 39 98 19 89 62 47 
38 39 27 67 34 10 363 
92 65 17 59 90 28 396 
10 10 72 44 61 83 364 
56 67 52 6 27 89 125 
29 22 15 82 19 37 266 
10 23 51 60 49 18 318 
27 48 29 67 21 87 392 
31 28 77 30 81 24 335 
74 77 63 9 23 60 255 
45 3 79 73 93 34 406 
89 23 85 14 67 13 123 
20 25 41 7 4 36 400 
96 40 54 40 16 85 148 
48 90 53 28 60 18 334 
47 52 96 30 55 99 174 
7 94 18 16 13 54 220 
54 24 4 21 26 66 199 
65 27 35 79 51 65 167 
35 35 88 9 98 50 301 
75 48 79 52 40 58 365 
48 38 26 5 33 84 385 
68 51 9 36 53 35 332 
27 62 53 6 35 4 294 
61 33 9 17 6 82 321 
78 27 71 88 11 61 73 
91 11 76 20 83 48 275 
86 80 75 46 17 94 197 
87 28 48 7 56 19 354 
7 19 90 28 4 18 365 
26 41 50 45 76 66 148 
53 78 88 54 57 7 309 
55 35 73 92 90 32 372 
101 25 83 57 44 33 346 
94 88 94 81 33 80 245 
41 28 3 43 31 14 140 
52 63 55 100 15 13 212 
86 19 39 17 87 100 105 
