6 8
50
16 81 12 34 43 78 1450 
51 92 58 99 81 72 402 
16 83 9 6 39 95 537 
30 24 70 8 10 21 304 
82 58 94 82 51 4 768 
70 81 64 60 25 4 1258 
25 56 82 47 27 68 1190 
101 54 56 86 34 17 1413 
59 45 28 35 59 72 1123 
36 67 18 32 70 79 759 
4 47 48 16 92 58 86 
69 90 63 85 55 48 1334 
6 39 98 19 89 62 182 
38 39 27 67 34 10 1450 
92 65 17 59 90 28 1585 
10 10 72 44 61 83 1456 
56 67 52 6 27 89 497 
29 22 15 82 19 37 1063 
10 23 51 60 49 18 1272 
27 48 29 67 21 87 1567 
31 28 77 30 81 24 1338 
74 77 63 9 23 60 1016 
45 3 79 73 93 34 1624 
89 23 85 14 67 13 486 
20 25 41 7 4 36 1599 
96 40 54 40 16 85 589 
48 90 53 28 60 18 1335 
47 52 96 30 55 99 694 
7 94 18 16 13 54 877 
54 24 4 21 26 66 793 
65 27 35 79 51 65 666 
35 35 88 9 98 50 1202 
75 48 79 52 40 58 1460 
48 38 26 5 33 84 1540 
68 51 9 36 53 35 1326 
27 62 53 6 35 4 1175 
61 33 9 17 6 82 1282 
78 27 71 88 11 61 286 
91 11 76 20 83 48 1096 
86 80 75 46 17 94 785 
87 28 48 7 56 19 1415 
7 19 90 28 4 18 1461 
26 41 50 45 76 66 590 
53 78 88 54 57 7 1234 
55 35 73 92 90 32 1486 
101 25 83 57 44 33 1381 
94 88 94 81 33 80 979 
41 28 3 43 31 14 558 
52 63 55 100 15 13 844 
86 19 39 17 87 100 414 
