6 4
50
89 12 18 85 60 36 494 
87 23 45 16 29 34 477 
25 21 14 58 63 89 804 
96 99 17 25 101 87 814 
17 59 59 101 42 24 635 
62 38 97 60 66 42 799 
51 65 80 51 47 57 86 
55 68 57 70 91 82 764 
15 3 61 62 52 63 569 
66 88 17 89 12 83 515 
85 18 100 100 49 3 362 
36 38 77 56 32 91 510 
93 4 33 53 43 86 377 
37 38 100 16 82 30 697 
79 65 64 36 77 49 574 
52 58 72 43 82 51 649 
67 87 8 22 73 9 596 
86 86 37 71 98 19 387 
83 2 85 70 74 61 464 
75 15 22 57 44 94 339 
48 63 12 63 37 69 577 
53 95 96 10 23 14 764 
82 29 68 80 32 25 563 
58 89 76 9 93 25 747 
74 88 67 31 17 34 306 
24 27 9 64 52 79 242 
9 91 61 53 48 65 763 
88 56 79 14 71 75 735 
77 38 56 46 46 81 647 
9 32 82 8 83 58 467 
3 60 18 82 48 41 398 
100 17 58 46 62 100 699 
34 90 19 48 61 49 390 
91 55 20 9 100 52 7 
61 81 47 68 9 38 692 
98 63 34 25 35 43 628 
23 100 2 86 83 96 613 
44 65 62 24 11 11 101 
7 101 75 51 91 50 317 
37 13 80 55 64 3 293 
29 87 25 28 8 73 557 
58 19 24 19 59 28 139 
19 87 46 100 29 75 744 
64 61 76 46 95 40 699 
89 24 33 21 95 41 127 
80 39 98 5 41 46 403 
83 53 34 35 24 24 153 
28 37 57 37 30 47 531 
28 51 84 15 35 85 559 
98 93 99 66 88 3 321 
