8 4
50
77 6 53 52 86 46 24 63 776 
89 57 22 8 60 45 77 24 746 
18 38 30 82 58 30 63 81 533 
3 82 62 77 75 61 58 94 379 
57 45 91 31 98 37 24 75 272 
30 82 61 73 15 77 51 71 451 
54 97 50 25 92 8 81 23 662 
37 14 84 63 52 68 99 22 644 
5 89 42 95 60 85 97 35 807 
8 32 68 86 28 6 6 6 793 
101 34 55 85 52 78 56 89 495 
53 69 31 95 77 96 98 48 672 
17 61 39 66 30 59 9 75 739 
17 53 88 80 59 49 71 100 714 
28 21 39 66 41 73 25 46 538 
72 15 57 75 90 82 23 91 365 
63 36 6 98 79 79 87 41 290 
76 75 12 85 26 79 8 73 220 
47 53 22 67 44 86 93 39 494 
37 44 66 8 59 70 4 11 520 
85 32 45 63 81 2 38 50 577 
58 89 91 81 68 19 56 78 308 
27 97 95 22 7 42 18 52 790 
74 71 18 44 82 17 15 25 335 
86 86 74 22 31 95 16 37 410 
74 59 78 49 54 83 32 79 109 
73 66 27 5 47 31 5 66 650 
56 16 9 75 68 46 78 71 749 
68 7 68 101 8 72 91 46 761 
23 27 19 38 14 5 4 44 483 
18 83 42 44 18 67 16 61 179 
46 100 93 34 72 85 91 67 593 
49 74 60 57 16 2 38 84 320 
65 21 4 6 73 26 87 62 722 
54 25 90 4 87 49 50 48 375 
4 91 57 36 49 49 32 58 575 
3 64 69 42 8 36 28 53 331 
22 42 30 69 50 12 96 39 338 
86 47 88 13 9 70 56 36 760 
86 31 74 57 75 17 55 85 803 
23 14 19 56 78 36 8 30 49 
20 37 44 47 42 12 8 48 86 
86 92 57 101 87 74 43 43 179 
70 67 69 14 16 66 14 75 203 
26 32 71 54 7 80 64 38 806 
54 42 91 65 51 29 7 71 761 
45 24 29 47 15 37 15 40 521 
41 8 23 79 35 69 87 84 130 
43 34 87 79 39 51 76 92 17 
34 8 17 41 9 47 73 71 422 
