8 6
50
40 59 37 60 42 21 17 99 871 
43 28 67 6 7 20 61 14 787 
98 31 7 77 37 98 79 22 684 
78 30 70 43 6 99 37 10 1174 
71 49 89 48 25 41 5 32 660 
88 2 11 31 68 73 65 77 276 
26 65 23 40 83 22 65 42 846 
5 101 24 70 71 99 24 91 790 
80 52 8 68 74 7 44 93 248 
49 49 63 100 81 30 77 13 553 
77 33 69 69 85 85 72 3 378 
34 20 33 14 9 79 8 87 310 
19 60 93 18 98 92 102 18 1135 
10 7 23 96 95 60 54 49 718 
100 13 69 24 98 73 76 13 882 
91 37 42 86 94 96 5 60 654 
56 60 37 78 69 69 93 64 1171 
12 40 27 75 61 62 20 10 907 
61 96 64 22 44 87 20 12 994 
55 25 15 29 93 37 7 101 1089 
26 23 46 101 34 35 77 66 892 
49 18 78 82 68 85 22 47 783 
93 35 18 51 60 59 88 40 478 
85 85 49 92 71 63 73 97 1065 
33 61 64 31 47 80 15 73 1159 
8 75 59 32 10 48 73 16 803 
74 76 65 89 15 96 96 95 997 
28 59 49 17 11 73 98 91 1047 
4 64 90 41 39 89 64 83 797 
84 55 77 3 21 57 97 100 250 
26 46 48 70 37 54 98 89 181 
49 93 65 88 35 20 62 72 634 
80 36 39 78 27 35 31 15 490 
8 26 40 94 22 13 53 75 555 
42 35 29 38 45 52 74 17 1101 
4 98 22 59 43 51 5 20 793 
85 50 21 15 42 25 15 92 771 
79 57 73 54 37 63 75 23 450 
27 44 93 90 6 12 45 29 208 
22 51 85 91 91 4 48 70 307 
28 28 96 6 25 55 89 98 725 
21 51 63 61 86 22 14 80 926 
76 97 46 11 73 14 8 94 504 
82 90 69 71 8 68 38 49 1155 
45 23 21 40 3 10 53 26 952 
58 64 67 65 79 12 29 74 897 
83 19 58 83 100 33 14 9 99 
94 52 46 97 25 38 28 71 701 
59 38 96 37 61 49 37 52 376 
78 19 13 58 44 35 95 56 376 
