8 8
50
16 5 15 85 20 80 61 58 798 
89 53 32 3 18 99 100 95 438 
70 77 61 89 76 3 24 14 107 
67 91 86 97 99 50 102 97 1357 
46 18 79 10 63 39 84 94 960 
58 57 18 54 34 42 99 44 817 
49 29 31 14 63 8 74 96 1102 
66 95 56 84 3 23 16 57 1256 
51 62 16 24 7 85 44 68 930 
92 15 59 46 99 57 100 55 1119 
56 34 57 74 39 69 71 19 1617 
7 75 57 97 40 80 65 50 1340 
38 27 24 48 72 96 51 83 1320 
13 22 97 101 87 50 54 61 377 
24 80 25 50 55 90 85 40 1515 
4 97 77 81 83 52 75 64 466 
49 10 63 63 25 57 88 61 1586 
6 7 91 9 45 80 57 44 1145 
61 90 73 36 65 35 4 49 1410 
7 33 41 48 29 24 21 7 836 
64 63 57 70 64 96 93 81 531 
6 97 54 99 27 41 81 16 1207 
59 15 48 31 61 78 71 82 450 
60 60 80 68 90 40 29 95 1326 
17 93 28 79 45 85 2 100 842 
37 10 8 102 68 15 51 64 1498 
8 35 3 81 101 83 69 35 344 
56 40 9 15 72 34 60 66 370 
49 82 73 64 31 64 27 36 1175 
23 60 94 67 20 28 48 24 978 
82 38 94 47 12 12 64 48 976 
46 24 41 76 44 4 93 3 1343 
23 45 6 41 56 66 11 48 1219 
31 91 22 84 69 50 74 80 464 
32 4 72 63 2 85 4 82 208 
35 49 18 93 76 19 45 27 1280 
57 43 84 30 38 66 37 36 924 
42 65 57 92 4 66 75 62 1610 
14 63 45 24 39 76 54 78 1615 
60 40 17 5 40 43 72 19 605 
49 4 69 7 27 68 28 64 291 
60 45 46 54 19 16 20 33 1056 
37 36 6 10 78 62 67 79 1564 
44 38 26 15 23 88 29 29 950 
34 9 37 79 98 77 58 96 540 
56 8 23 3 87 9 79 37 1352 
35 41 28 9 42 50 72 87 424 
95 46 24 61 28 93 58 88 389 
31 60 40 31 53 84 29 13 1159 
77 43 53 19 39 88 5 96 1426 
