8 2
50
16 5 15 85 20 80 61 58 200 
89 53 32 3 18 99 100 95 111 
70 77 61 89 76 3 24 14 28 
67 91 86 97 99 50 102 97 340 
46 18 79 10 63 39 84 94 241 
58 57 18 54 34 42 99 44 205 
49 29 31 14 63 8 74 96 276 
66 95 56 84 3 23 16 57 314 
51 62 16 24 7 85 44 68 233 
92 15 59 46 99 57 100 55 280 
56 34 57 74 39 69 71 19 404 
7 75 57 97 40 80 65 50 335 
38 27 24 48 72 96 51 83 330 
13 22 97 101 87 50 54 61 95 
24 80 25 50 55 90 85 40 379 
4 97 77 81 83 52 75 64 118 
49 10 63 63 25 57 88 61 397 
6 7 91 9 45 80 57 44 287 
61 90 73 36 65 35 4 49 353 
7 33 41 48 29 24 21 7 210 
64 63 57 70 64 96 93 81 134 
6 97 54 99 27 41 81 16 302 
59 15 48 31 61 78 71 82 114 
60 60 80 68 90 40 29 95 332 
17 93 28 79 45 85 2 100 211 
37 10 8 102 68 15 51 64 375 
8 35 3 81 101 83 69 35 87 
56 40 9 15 72 34 60 66 94 
49 82 73 64 31 64 27 36 294 
23 60 94 67 20 28 48 24 245 
82 38 94 47 12 12 64 48 245 
46 24 41 76 44 4 93 3 336 
23 45 6 41 56 66 11 48 305 
31 91 22 84 69 50 74 80 117 
32 4 72 63 2 85 4 82 53 
35 49 18 93 76 19 45 27 320 
57 43 84 30 38 66 37 36 232 
42 65 57 92 4 66 75 62 403 
14 63 45 24 39 76 54 78 404 
60 40 17 5 40 43 72 19 152 
49 4 69 7 27 68 28 64 74 
60 45 46 54 19 16 20 33 265 
37 36 6 10 78 62 67 79 391 
44 38 26 15 23 88 29 29 238 
34 9 37 79 98 77 58 96 136 
56 8 23 3 87 9 79 37 338 
35 41 28 9 42 50 72 87 107 
95 46 24 61 28 93 58 88 98 
31 60 40 31 53 84 29 13 290 
77 43 53 19 39 88 5 96 357 
