8 2
50
35 68 59 25 4 42 82 39 269 
83 14 53 63 99 23 31 20 278 
92 77 90 34 52 19 45 78 322 
56 44 14 29 82 93 32 83 185 
3 37 60 40 86 23 28 101 87 
89 93 34 88 64 7 7 13 218 
56 3 18 41 83 29 64 28 386 
55 55 34 62 33 19 77 30 339 
12 54 93 69 8 54 98 58 345 
48 70 82 9 24 71 40 79 325 
31 64 56 33 78 59 28 75 186 
90 28 62 18 13 37 24 97 241 
64 88 97 66 45 27 44 17 240 
17 48 33 66 25 57 39 48 270 
31 80 78 36 43 35 8 10 122 
27 33 59 47 87 29 12 78 369 
86 67 21 32 91 63 101 13 111 
16 27 6 7 81 67 71 96 70 
85 30 47 65 60 37 97 19 345 
4 72 64 6 56 49 66 55 332 
49 101 91 17 37 32 8 94 339 
28 21 54 94 78 93 12 29 196 
47 24 9 86 37 74 78 99 170 
67 12 73 59 43 28 85 24 388 
30 70 95 17 59 68 54 71 399 
35 12 96 73 96 28 101 21 129 
76 65 66 19 41 40 91 43 336 
14 71 80 28 11 57 98 84 243 
57 32 67 44 34 68 76 46 355 
50 97 18 47 60 24 96 11 241 
33 13 31 57 28 18 86 42 408 
21 8 3 41 77 14 69 46 362 
68 35 33 100 44 97 53 43 190 
68 69 13 58 34 101 98 67 291 
33 2 6 51 60 94 68 57 154 
88 11 22 6 80 16 35 30 314 
30 35 71 36 5 88 71 19 301 
91 65 76 4 45 12 42 38 180 
87 19 77 41 34 90 60 68 131 
28 64 91 99 25 6 24 70 132 
5 99 99 20 82 43 20 79 374 
65 85 68 12 66 44 72 51 48 
4 91 3 83 78 40 56 45 228 
87 94 43 72 82 77 80 40 163 
49 68 39 36 22 57 98 96 336 
68 18 100 49 29 76 95 22 320 
33 24 23 61 66 39 87 36 347 
53 95 6 92 35 28 4 25 337 
76 70 71 48 87 84 57 90 113 
60 40 67 69 80 62 99 49 67 
