8 4
50
64 17 64 18 75 31 18 50 784 
56 4 84 97 4 78 11 99 272 
27 50 79 16 86 32 15 30 493 
83 67 79 15 82 74 6 87 657 
2 45 23 88 40 54 73 85 139 
84 42 56 6 64 14 38 68 394 
79 50 33 34 5 47 71 37 678 
21 42 24 11 93 19 98 11 441 
14 41 12 27 46 4 15 33 716 
8 79 4 68 79 16 26 29 307 
51 70 42 78 19 5 71 54 346 
97 75 52 39 11 56 60 26 225 
40 54 6 31 21 74 60 65 473 
83 55 65 10 87 66 81 48 332 
16 38 24 9 58 94 62 20 477 
40 71 71 50 10 55 88 88 610 
35 22 51 69 20 56 47 90 809 
81 89 89 88 60 64 15 45 719 
8 33 98 14 72 4 16 22 765 
91 35 47 13 24 102 91 48 215 
94 49 20 70 64 70 95 83 255 
73 54 13 8 37 67 66 83 446 
80 23 52 49 55 100 62 58 449 
57 70 67 90 99 14 38 23 785 
72 40 71 30 22 91 72 45 550 
84 85 100 81 48 43 47 13 206 
78 47 96 22 9 8 15 40 105 
68 86 58 102 72 16 71 97 350 
87 53 3 63 79 13 33 80 594 
59 77 24 26 44 88 88 62 623 
5 51 33 65 17 84 78 6 481 
14 84 15 86 12 54 100 62 491 
26 17 70 85 91 31 35 58 512 
93 44 43 71 15 12 40 68 372 
14 24 38 22 87 74 54 21 783 
62 76 67 72 28 85 28 65 370 
10 22 62 4 32 61 21 87 507 
20 44 71 5 48 46 8 88 311 
26 6 32 98 33 72 35 75 670 
100 23 19 61 45 53 67 32 381 
87 12 94 79 2 101 12 36 627 
29 59 30 23 66 41 47 4 479 
17 14 91 92 71 59 79 23 526 
47 61 101 20 40 18 100 23 627 
48 49 6 33 88 98 95 8 133 
56 79 59 79 16 43 94 52 146 
59 97 42 37 2 81 37 67 615 
80 11 22 14 25 45 64 100 450 
57 86 28 95 99 66 42 24 359 
9 70 47 60 28 90 101 42 213 
