8 4
50
35 68 59 25 4 42 82 39 537 
83 14 53 63 99 23 31 20 555 
92 77 90 34 52 19 45 78 644 
56 44 14 29 82 93 32 83 369 
3 37 60 40 86 23 28 101 172 
89 93 34 88 64 7 7 13 436 
56 3 18 41 83 29 64 28 772 
55 55 34 62 33 19 77 30 677 
12 54 93 69 8 54 98 58 690 
48 70 82 9 24 71 40 79 649 
31 64 56 33 78 59 28 75 371 
90 28 62 18 13 37 24 97 481 
64 88 97 66 45 27 44 17 479 
17 48 33 66 25 57 39 48 538 
31 80 78 36 43 35 8 10 244 
27 33 59 47 87 29 12 78 737 
86 67 21 32 91 63 101 13 220 
16 27 6 7 81 67 71 96 139 
85 30 47 65 60 37 97 19 690 
4 72 64 6 56 49 66 55 663 
49 101 91 17 37 32 8 94 678 
28 21 54 94 78 93 12 29 391 
47 24 9 86 37 74 78 99 339 
67 12 73 59 43 28 85 24 775 
30 70 95 17 59 68 54 71 798 
35 12 96 73 96 28 101 21 257 
76 65 66 19 41 40 91 43 671 
14 71 80 28 11 57 98 84 486 
57 32 67 44 34 68 76 46 709 
50 97 18 47 60 24 96 11 481 
33 13 31 57 28 18 86 42 815 
21 8 3 41 77 14 69 46 724 
68 35 33 100 44 97 53 43 379 
68 69 13 58 34 101 98 67 582 
33 2 6 51 60 94 68 57 308 
88 11 22 6 80 16 35 30 628 
30 35 71 36 5 88 71 19 601 
91 65 76 4 45 12 42 38 360 
87 19 77 41 34 90 60 68 261 
28 64 91 99 25 6 24 70 262 
5 99 99 20 82 43 20 79 748 
65 85 68 12 66 44 72 51 94 
4 91 3 83 78 40 56 45 454 
87 94 43 72 82 77 80 40 325 
49 68 39 36 22 57 98 96 672 
68 18 100 49 29 76 95 22 639 
33 24 23 61 66 39 87 36 693 
53 95 6 92 35 28 4 25 673 
76 70 71 48 87 84 57 90 225 
60 40 67 69 80 62 99 49 132 
