8 6
50
100 63 49 78 51 72 85 35 976 
55 5 58 78 25 79 68 21 895 
89 21 101 29 34 88 32 76 780 
32 62 42 48 99 5 64 6 1095 
34 50 84 15 39 3 88 71 754 
52 73 41 87 37 75 43 22 1181 
18 73 31 63 48 77 8 55 890 
42 9 8 55 17 21 90 37 872 
93 76 84 100 43 65 27 82 42 
27 47 27 69 7 79 8 48 405 
63 73 4 10 9 85 30 48 760 
57 99 58 22 99 3 4 53 562 
17 19 32 67 38 68 74 83 106 
50 75 4 31 49 71 88 29 783 
71 85 69 100 72 96 3 71 1020 
50 7 50 26 67 56 33 94 352 
5 98 36 38 38 27 77 82 894 
62 28 52 89 36 72 39 35 829 
81 18 49 38 66 69 85 26 935 
63 25 10 50 100 57 42 85 386 
32 35 49 44 26 92 23 43 531 
35 63 73 80 90 34 88 55 925 
84 69 33 69 55 14 51 16 699 
67 13 31 97 49 53 41 9 1223 
22 39 95 59 17 25 26 52 779 
7 85 37 78 64 47 81 60 206 
2 64 81 37 95 11 35 58 370 
17 40 16 22 41 83 34 68 200 
85 27 54 10 46 6 50 46 392 
24 91 51 86 18 90 36 40 553 
22 87 46 85 26 60 95 11 144 
52 87 45 57 46 98 31 99 414 
67 94 20 78 89 52 79 14 829 
83 33 24 27 88 3 37 14 990 
75 101 3 96 17 37 94 100 718 
91 69 47 55 57 21 57 71 565 
29 47 100 96 8 14 93 14 955 
91 27 100 44 21 34 18 58 1189 
35 73 79 85 85 91 93 90 551 
24 30 78 5 72 19 57 11 821 
85 81 95 91 5 5 59 5 899 
62 49 49 15 39 101 24 24 1205 
71 46 63 11 5 20 69 70 1022 
4 88 56 83 89 13 67 34 945 
6 46 69 76 28 83 18 33 511 
100 11 93 78 83 50 21 88 797 
8 77 78 77 23 37 22 57 203 
21 81 62 39 51 7 24 20 954 
33 98 19 83 95 74 78 72 723 
94 28 7 8 64 3 48 61 707 
