8 8
50
75 87 18 96 50 99 41 12 1363 
46 44 80 23 78 12 27 17 1403 
101 59 30 22 43 71 19 39 231 
79 70 90 96 84 23 51 52 778 
49 41 16 37 36 93 99 19 936 
69 54 47 64 33 13 24 99 315 
8 55 46 49 79 13 85 64 687 
97 52 61 60 74 28 65 80 1239 
73 65 25 38 25 26 14 52 1381 
71 16 40 79 74 87 4 45 1592 
6 2 64 5 54 74 51 4 1084 
100 11 82 21 102 54 38 53 558 
98 71 31 22 37 30 29 16 784 
6 20 80 77 58 31 30 61 1273 
16 70 13 53 89 24 60 16 660 
7 53 17 87 43 24 53 8 1200 
70 86 67 36 79 40 26 47 1356 
90 25 55 53 92 43 76 23 1344 
25 47 84 9 64 23 89 24 1034 
35 21 79 59 26 52 58 62 1222 
14 82 93 75 29 44 41 72 1483 
89 56 62 76 13 22 41 30 990 
93 63 24 47 49 57 77 93 422 
8 33 102 5 97 32 68 64 675 
93 52 19 42 71 94 32 2 1115 
5 61 10 59 19 98 92 66 1623 
55 70 36 39 100 39 18 35 624 
93 86 60 32 10 51 81 50 1279 
45 53 94 32 17 48 88 74 516 
19 51 16 6 15 33 33 15 1539 
10 56 53 83 26 38 56 40 267 
12 75 53 61 81 71 19 49 227 
9 25 54 90 52 28 7 101 1377 
26 89 73 30 102 97 57 73 1539 
29 65 28 59 77 79 32 79 1620 
83 60 72 47 89 68 19 25 1466 
44 22 6 27 77 27 53 32 836 
47 84 75 57 7 10 77 92 1371 
89 53 50 78 60 76 29 27 671 
16 81 3 7 13 78 8 15 829 
92 4 89 3 7 47 28 87 1539 
28 27 55 64 72 98 84 32 1191 
44 68 64 32 100 53 86 39 833 
52 43 74 99 52 94 59 86 1445 
99 88 47 5 52 75 81 3 1617 
90 54 11 6 24 83 5 66 757 
90 62 6 39 19 71 96 77 719 
25 32 78 63 7 88 10 88 710 
30 42 18 91 53 99 54 98 1378 
44 48 21 93 95 88 48 71 394 
