8 2
50
40 59 37 60 42 21 17 99 291 
43 28 67 6 7 20 61 14 263 
98 31 7 77 37 98 79 22 229 
78 30 70 43 6 99 37 10 391 
71 49 89 48 25 41 5 32 221 
88 2 11 31 68 73 65 77 93 
26 65 23 40 83 22 65 42 282 
5 101 24 70 71 99 24 91 264 
80 52 8 68 74 7 44 93 84 
49 49 63 100 81 30 77 13 185 
77 33 69 69 85 85 72 3 127 
34 20 33 14 9 79 8 87 104 
19 60 93 18 98 92 102 18 378 
10 7 23 96 95 60 54 49 240 
100 13 69 24 98 73 76 13 294 
91 37 42 86 94 96 5 60 219 
56 60 37 78 69 69 93 64 390 
12 40 27 75 61 62 20 10 303 
61 96 64 22 44 87 20 12 332 
55 25 15 29 93 37 7 101 363 
26 23 46 101 34 35 77 66 298 
49 18 78 82 68 85 22 47 261 
93 35 18 51 60 59 88 40 160 
85 85 49 92 71 63 73 97 355 
33 61 64 31 47 80 15 73 386 
8 75 59 32 10 48 73 16 268 
74 76 65 89 15 96 96 95 333 
28 59 49 17 11 73 98 91 349 
4 64 90 41 39 89 64 83 266 
84 55 77 3 21 57 97 100 84 
26 46 48 70 37 54 98 89 61 
49 93 65 88 35 20 62 72 212 
80 36 39 78 27 35 31 15 164 
8 26 40 94 22 13 53 75 186 
42 35 29 38 45 52 74 17 367 
4 98 22 59 43 51 5 20 265 
85 50 21 15 42 25 15 92 258 
79 57 73 54 37 63 75 23 151 
27 44 93 90 6 12 45 29 71 
22 51 85 91 91 4 48 70 103 
28 28 96 6 25 55 89 98 242 
21 51 63 61 86 22 14 80 309 
76 97 46 11 73 14 8 94 169 
82 90 69 71 8 68 38 49 385 
45 23 21 40 3 10 53 26 318 
58 64 67 65 79 12 29 74 299 
83 19 58 83 100 33 14 9 34 
94 52 46 97 25 38 28 71 234 
59 38 96 37 61 49 37 52 126 
78 19 13 58 44 35 95 56 126 
