8 2
50
75 87 18 96 50 99 41 12 341 
46 44 80 23 78 12 27 17 351 
101 59 30 22 43 71 19 39 59 
79 70 90 96 84 23 51 52 195 
49 41 16 37 36 93 99 19 235 
69 54 47 64 33 13 24 99 80 
8 55 46 49 79 13 85 64 173 
97 52 61 60 74 28 65 80 310 
73 65 25 38 25 26 14 52 345 
71 16 40 79 74 87 4 45 398 
6 2 64 5 54 74 51 4 271 
100 11 82 21 102 54 38 53 140 
98 71 31 22 37 30 29 16 197 
6 20 80 77 58 31 30 61 319 
16 70 13 53 89 24 60 16 166 
7 53 17 87 43 24 53 8 300 
70 86 67 36 79 40 26 47 339 
90 25 55 53 92 43 76 23 336 
25 47 84 9 64 23 89 24 259 
35 21 79 59 26 52 58 62 306 
14 82 93 75 29 44 41 72 371 
89 56 62 76 13 22 41 30 248 
93 63 24 47 49 57 77 93 107 
8 33 102 5 97 32 68 64 170 
93 52 19 42 71 94 32 2 279 
5 61 10 59 19 98 92 66 406 
55 70 36 39 100 39 18 35 157 
93 86 60 32 10 51 81 50 320 
45 53 94 32 17 48 88 74 130 
19 51 16 6 15 33 33 15 385 
10 56 53 83 26 38 56 40 68 
12 75 53 61 81 71 19 49 58 
9 25 54 90 52 28 7 101 344 
26 89 73 30 102 97 57 73 385 
29 65 28 59 77 79 32 79 405 
83 60 72 47 89 68 19 25 367 
44 22 6 27 77 27 53 32 210 
47 84 75 57 7 10 77 92 343 
89 53 50 78 60 76 29 27 169 
16 81 3 7 13 78 8 15 208 
92 4 89 3 7 47 28 87 385 
28 27 55 64 72 98 84 32 298 
44 68 64 32 100 53 86 39 209 
52 43 74 99 52 94 59 86 361 
99 88 47 5 52 75 81 3 404 
90 54 11 6 24 83 5 66 190 
90 62 6 39 19 71 96 77 181 
25 32 78 63 7 88 10 88 178 
30 42 18 91 53 99 54 98 345 
44 48 21 93 95 88 48 71 100 
