8 4
50
75 87 18 96 50 99 41 12 682 
46 44 80 23 78 12 27 17 702 
101 59 30 22 43 71 19 39 116 
79 70 90 96 84 23 51 52 390 
49 41 16 37 36 93 99 19 468 
69 54 47 64 33 13 24 99 158 
8 55 46 49 79 13 85 64 344 
97 52 61 60 74 28 65 80 620 
73 65 25 38 25 26 14 52 691 
71 16 40 79 74 87 4 45 796 
6 2 64 5 54 74 51 4 542 
100 11 82 21 102 54 38 53 280 
98 71 31 22 37 30 29 16 392 
6 20 80 77 58 31 30 61 637 
16 70 13 53 89 24 60 16 331 
7 53 17 87 43 24 53 8 600 
70 86 67 36 79 40 26 47 678 
90 25 55 53 92 43 76 23 672 
25 47 84 9 64 23 89 24 517 
35 21 79 59 26 52 58 62 611 
14 82 93 75 29 44 41 72 741 
89 56 62 76 13 22 41 30 495 
93 63 24 47 49 57 77 93 212 
8 33 102 5 97 32 68 64 338 
93 52 19 42 71 94 32 2 558 
5 61 10 59 19 98 92 66 811 
55 70 36 39 100 39 18 35 312 
93 86 60 32 10 51 81 50 640 
45 53 94 32 17 48 88 74 259 
19 51 16 6 15 33 33 15 770 
10 56 53 83 26 38 56 40 134 
12 75 53 61 81 71 19 49 114 
9 25 54 90 52 28 7 101 688 
26 89 73 30 102 97 57 73 769 
29 65 28 59 77 79 32 79 810 
83 60 72 47 89 68 19 25 733 
44 22 6 27 77 27 53 32 418 
47 84 75 57 7 10 77 92 686 
89 53 50 78 60 76 29 27 336 
16 81 3 7 13 78 8 15 415 
92 4 89 3 7 47 28 87 770 
28 27 55 64 72 98 84 32 596 
44 68 64 32 100 53 86 39 417 
52 43 74 99 52 94 59 86 722 
99 88 47 5 52 75 81 3 809 
90 54 11 6 24 83 5 66 379 
90 62 6 39 19 71 96 77 360 
25 32 78 63 7 88 10 88 356 
30 42 18 91 53 99 54 98 689 
44 48 21 93 95 88 48 71 198 
