8 8
50
100 63 49 78 51 72 85 35 1302 
55 5 58 78 25 79 68 21 1193 
89 21 101 29 34 88 32 76 1040 
32 62 42 48 99 5 64 6 1461 
34 50 84 15 39 3 88 71 1006 
52 73 41 87 37 75 43 22 1575 
18 73 31 63 48 77 8 55 1187 
42 9 8 55 17 21 90 37 1162 
93 76 84 100 43 65 27 82 55 
27 47 27 69 7 79 8 48 539 
63 73 4 10 9 85 30 48 1012 
57 99 58 22 99 3 4 53 749 
17 19 32 67 38 68 74 83 140 
50 75 4 31 49 71 88 29 1044 
71 85 69 100 72 96 3 71 1359 
50 7 50 26 67 56 33 94 469 
5 98 36 38 38 27 77 82 1192 
62 28 52 89 36 72 39 35 1105 
81 18 49 38 66 69 85 26 1247 
63 25 10 50 100 57 42 85 514 
32 35 49 44 26 92 23 43 708 
35 63 73 80 90 34 88 55 1233 
84 69 33 69 55 14 51 16 931 
67 13 31 97 49 53 41 9 1631 
22 39 95 59 17 25 26 52 1038 
7 85 37 78 64 47 81 60 274 
2 64 81 37 95 11 35 58 493 
17 40 16 22 41 83 34 68 267 
85 27 54 10 46 6 50 46 522 
24 91 51 86 18 90 36 40 737 
22 87 46 85 26 60 95 11 192 
52 87 45 57 46 98 31 99 552 
67 94 20 78 89 52 79 14 1105 
83 33 24 27 88 3 37 14 1320 
75 101 3 96 17 37 94 100 957 
91 69 47 55 57 21 57 71 753 
29 47 100 96 8 14 93 14 1273 
91 27 100 44 21 34 18 58 1585 
35 73 79 85 85 91 93 90 734 
24 30 78 5 72 19 57 11 1095 
85 81 95 91 5 5 59 5 1199 
62 49 49 15 39 101 24 24 1606 
71 46 63 11 5 20 69 70 1362 
4 88 56 83 89 13 67 34 1260 
6 46 69 76 28 83 18 33 680 
100 11 93 78 83 50 21 88 1062 
8 77 78 77 23 37 22 57 270 
21 81 62 39 51 7 24 20 1272 
33 98 19 83 95 74 78 72 964 
94 28 7 8 64 3 48 61 942 
