8 6
50
16 72 29 72 90 33 31 16 974 
32 64 86 41 34 73 25 51 754 
43 65 58 40 90 85 4 80 1172 
65 79 41 76 4 79 42 60 1043 
75 15 63 54 97 59 89 21 933 
25 28 25 29 64 35 28 46 279 
91 77 84 46 70 12 37 69 451 
43 58 61 9 101 76 88 52 432 
2 90 70 100 54 72 9 81 630 
75 37 17 8 51 60 56 54 1013 
6 31 48 53 19 30 22 48 768 
19 18 29 51 43 14 100 27 685 
57 92 25 14 39 91 61 64 389 
24 37 9 3 55 49 93 84 262 
92 51 73 42 80 8 9 92 776 
26 26 96 5 10 25 5 102 753 
61 94 95 59 94 57 98 100 137 
57 18 65 82 59 61 92 10 935 
87 16 14 20 7 48 28 37 477 
40 21 29 86 100 55 88 34 1108 
31 35 59 18 46 82 97 54 908 
2 46 68 37 14 3 49 19 1046 
51 44 89 48 33 60 18 61 966 
87 73 20 12 96 27 70 64 917 
22 72 73 35 25 55 74 27 1113 
75 5 9 28 40 83 69 39 1108 
5 84 4 101 102 87 3 12 994 
58 92 52 43 69 53 28 29 584 
17 18 21 37 76 8 69 45 685 
74 61 35 39 45 60 37 67 970 
75 22 72 88 34 15 73 18 432 
43 34 38 58 2 13 36 55 251 
74 70 10 98 35 58 31 31 632 
50 22 49 94 8 3 73 55 86 
80 31 87 7 65 60 73 27 145 
22 18 60 25 5 92 39 65 1185 
73 79 90 16 59 5 63 25 1177 
90 52 28 37 87 50 6 58 294 
38 69 7 52 27 9 46 11 167 
95 27 19 59 57 45 7 3 925 
21 66 74 84 46 42 64 85 927 
88 87 33 13 21 49 68 3 1179 
94 23 54 82 71 49 91 70 1201 
82 33 97 84 32 86 74 86 1130 
54 56 24 68 90 44 34 60 298 
85 85 8 71 92 55 49 15 978 
26 41 96 26 94 78 44 85 628 
83 6 57 48 41 37 57 16 582 
76 28 35 12 50 13 25 8 1045 
94 12 43 44 37 19 6 51 557 
