8 4
50
33 32 67 25 12 26 7 43 153 
99 59 69 89 21 42 89 16 671 
38 51 89 5 22 66 47 77 515 
12 87 53 48 85 74 59 23 595 
32 5 65 54 72 40 76 32 179 
89 41 50 80 57 76 52 45 156 
61 30 12 3 79 37 63 97 458 
69 52 76 97 32 101 69 58 95 
21 86 81 50 31 92 44 61 293 
17 34 31 80 98 42 55 100 756 
65 31 28 30 93 78 84 9 649 
50 94 12 51 13 101 64 33 479 
42 12 101 22 61 20 102 48 515 
29 91 56 36 44 33 8 7 220 
88 93 95 5 68 24 12 97 546 
28 68 23 32 18 68 84 15 719 
95 44 73 9 30 48 15 57 146 
27 15 52 80 45 8 74 79 322 
68 39 46 79 12 66 54 75 650 
44 99 76 90 55 32 45 15 512 
58 80 65 49 92 13 6 87 664 
19 50 25 17 60 41 28 18 616 
46 18 34 9 58 57 68 72 480 
46 39 63 22 37 32 46 18 802 
78 21 49 36 75 27 85 37 208 
59 30 41 37 64 39 56 101 790 
33 51 25 10 83 22 54 62 392 
22 99 15 94 73 43 43 52 792 
31 12 45 9 26 23 32 11 352 
22 11 77 26 68 38 36 15 548 
78 70 40 29 84 15 79 64 309 
14 67 58 100 96 14 42 27 728 
56 26 27 3 80 74 79 34 421 
75 98 33 79 61 60 76 67 668 
61 4 30 32 32 64 85 19 367 
89 24 17 65 86 43 49 81 730 
44 76 92 68 52 52 63 7 539 
9 37 8 100 25 31 32 83 194 
63 27 96 65 20 63 29 92 88 
39 11 14 92 33 81 71 34 739 
94 95 54 81 70 27 98 78 672 
41 90 100 88 35 6 19 88 446 
98 81 59 31 41 61 41 27 777 
56 19 6 29 31 93 41 40 713 
73 84 59 71 69 43 81 90 19 
14 53 78 10 75 47 27 75 441 
36 65 56 95 42 45 32 44 486 
80 14 61 9 49 97 18 48 31 
100 29 13 17 52 53 59 29 602 
21 48 46 61 4 58 39 7 613 
