8 8
50
40 59 37 60 42 21 17 99 1161 
43 28 67 6 7 20 61 14 1050 
98 31 7 77 37 98 79 22 911 
78 30 70 43 6 99 37 10 1566 
71 49 89 48 25 41 5 32 880 
88 2 11 31 68 73 65 77 367 
26 65 23 40 83 22 65 42 1127 
5 101 24 70 71 99 24 91 1053 
80 52 8 68 74 7 44 93 330 
49 49 63 100 81 30 77 13 737 
77 33 69 69 85 85 72 3 503 
34 20 33 14 9 79 8 87 413 
19 60 93 18 98 92 102 18 1513 
10 7 23 96 95 60 54 49 957 
100 13 69 24 98 73 76 13 1176 
91 37 42 86 94 96 5 60 871 
56 60 37 78 69 69 93 64 1562 
12 40 27 75 61 62 20 10 1210 
61 96 64 22 44 87 20 12 1325 
55 25 15 29 93 37 7 101 1452 
26 23 46 101 34 35 77 66 1189 
49 18 78 82 68 85 22 47 1044 
93 35 18 51 60 59 88 40 637 
85 85 49 92 71 63 73 97 1420 
33 61 64 31 47 80 15 73 1545 
8 75 59 32 10 48 73 16 1070 
74 76 65 89 15 96 96 95 1329 
28 59 49 17 11 73 98 91 1396 
4 64 90 41 39 89 64 83 1063 
84 55 77 3 21 57 97 100 332 
26 46 48 70 37 54 98 89 240 
49 93 65 88 35 20 62 72 845 
80 36 39 78 27 35 31 15 653 
8 26 40 94 22 13 53 75 739 
42 35 29 38 45 52 74 17 1468 
4 98 22 59 43 51 5 20 1057 
85 50 21 15 42 25 15 92 1028 
79 57 73 54 37 63 75 23 600 
27 44 93 90 6 12 45 29 277 
22 51 85 91 91 4 48 70 409 
28 28 96 6 25 55 89 98 967 
21 51 63 61 86 22 14 80 1235 
76 97 46 11 73 14 8 94 671 
82 90 69 71 8 68 38 49 1540 
45 23 21 40 3 10 53 26 1269 
58 64 67 65 79 12 29 74 1195 
83 19 58 83 100 33 14 9 131 
94 52 46 97 25 38 28 71 935 
59 38 96 37 61 49 37 52 501 
78 19 13 58 44 35 95 56 501 
