8 8
50
35 68 59 25 4 42 82 39 1073 
83 14 53 63 99 23 31 20 1108 
92 77 90 34 52 19 45 78 1287 
56 44 14 29 82 93 32 83 737 
3 37 60 40 86 23 28 101 343 
89 93 34 88 64 7 7 13 870 
56 3 18 41 83 29 64 28 1544 
55 55 34 62 33 19 77 30 1354 
12 54 93 69 8 54 98 58 1380 
48 70 82 9 24 71 40 79 1298 
31 64 56 33 78 59 28 75 740 
90 28 62 18 13 37 24 97 962 
64 88 97 66 45 27 44 17 958 
17 48 33 66 25 57 39 48 1076 
31 80 78 36 43 35 8 10 486 
27 33 59 47 87 29 12 78 1474 
86 67 21 32 91 63 101 13 438 
16 27 6 7 81 67 71 96 276 
85 30 47 65 60 37 97 19 1381 
4 72 64 6 56 49 66 55 1326 
49 101 91 17 37 32 8 94 1355 
28 21 54 94 78 93 12 29 782 
47 24 9 86 37 74 78 99 677 
67 12 73 59 43 28 85 24 1550 
30 70 95 17 59 68 54 71 1597 
35 12 96 73 96 28 101 21 513 
76 65 66 19 41 40 91 43 1341 
14 71 80 28 11 57 98 84 971 
57 32 67 44 34 68 76 46 1418 
50 97 18 47 60 24 96 11 961 
33 13 31 57 28 18 86 42 1631 
21 8 3 41 77 14 69 46 1447 
68 35 33 100 44 97 53 43 756 
68 69 13 58 34 101 98 67 1164 
33 2 6 51 60 94 68 57 614 
88 11 22 6 80 16 35 30 1255 
30 35 71 36 5 88 71 19 1201 
91 65 76 4 45 12 42 38 718 
87 19 77 41 34 90 60 68 520 
28 64 91 99 25 6 24 70 522 
5 99 99 20 82 43 20 79 1495 
65 85 68 12 66 44 72 51 186 
4 91 3 83 78 40 56 45 908 
87 94 43 72 82 77 80 40 649 
49 68 39 36 22 57 98 96 1344 
68 18 100 49 29 76 95 22 1278 
33 24 23 61 66 39 87 36 1385 
53 95 6 92 35 28 4 25 1346 
76 70 71 48 87 84 57 90 449 
60 40 67 69 80 62 99 49 261 
