8 4
50
16 72 29 72 90 33 31 16 649 
32 64 86 41 34 73 25 51 503 
43 65 58 40 90 85 4 80 781 
65 79 41 76 4 79 42 60 696 
75 15 63 54 97 59 89 21 622 
25 28 25 29 64 35 28 46 187 
91 77 84 46 70 12 37 69 301 
43 58 61 9 101 76 88 52 289 
2 90 70 100 54 72 9 81 420 
75 37 17 8 51 60 56 54 676 
6 31 48 53 19 30 22 48 512 
19 18 29 51 43 14 100 27 457 
57 92 25 14 39 91 61 64 260 
24 37 9 3 55 49 93 84 175 
92 51 73 42 80 8 9 92 517 
26 26 96 5 10 25 5 102 502 
61 94 95 59 94 57 98 100 92 
57 18 65 82 59 61 92 10 624 
87 16 14 20 7 48 28 37 318 
40 21 29 86 100 55 88 34 738 
31 35 59 18 46 82 97 54 605 
2 46 68 37 14 3 49 19 698 
51 44 89 48 33 60 18 61 644 
87 73 20 12 96 27 70 64 611 
22 72 73 35 25 55 74 27 742 
75 5 9 28 40 83 69 39 739 
5 84 4 101 102 87 3 12 663 
58 92 52 43 69 53 28 29 389 
17 18 21 37 76 8 69 45 457 
74 61 35 39 45 60 37 67 647 
75 22 72 88 34 15 73 18 288 
43 34 38 58 2 13 36 55 168 
74 70 10 98 35 58 31 31 422 
50 22 49 94 8 3 73 55 58 
80 31 87 7 65 60 73 27 97 
22 18 60 25 5 92 39 65 790 
73 79 90 16 59 5 63 25 785 
90 52 28 37 87 50 6 58 197 
38 69 7 52 27 9 46 11 112 
95 27 19 59 57 45 7 3 617 
21 66 74 84 46 42 64 85 618 
88 87 33 13 21 49 68 3 786 
94 23 54 82 71 49 91 70 800 
82 33 97 84 32 86 74 86 754 
54 56 24 68 90 44 34 60 199 
85 85 8 71 92 55 49 15 652 
26 41 96 26 94 78 44 85 419 
83 6 57 48 41 37 57 16 388 
76 28 35 12 50 13 25 8 697 
94 12 43 44 37 19 6 51 372 
