8 6
50
94 73 59 56 68 83 58 83 389 
4 11 90 69 62 56 26 3 995 
64 64 57 41 68 24 9 79 1027 
93 50 60 67 100 54 8 39 900 
100 3 20 36 63 71 42 63 384 
59 67 92 87 91 7 25 27 389 
53 54 7 36 49 91 99 68 401 
76 39 13 38 63 25 82 28 1218 
65 31 3 88 101 7 93 52 154 
95 8 61 55 44 75 22 57 1035 
70 66 56 31 38 98 38 68 285 
23 23 6 70 7 66 8 62 1181 
33 67 55 2 45 99 78 6 727 
76 23 98 39 18 8 40 14 753 
48 36 94 7 52 35 84 73 357 
10 28 4 97 49 84 79 91 1096 
34 70 23 59 55 35 38 65 551 
29 85 7 100 32 95 4 62 316 
6 28 18 21 20 75 70 70 957 
60 80 76 16 63 29 18 9 538 
42 91 84 62 71 89 91 57 1070 
26 12 98 11 95 89 58 75 774 
76 14 52 51 90 87 56 81 1031 
73 15 24 81 84 25 51 64 870 
46 47 60 31 33 66 87 46 709 
84 51 87 89 60 90 65 44 1155 
96 94 3 99 7 92 5 20 508 
67 47 31 74 62 33 18 14 344 
8 47 83 88 65 46 29 74 369 
101 86 57 36 17 41 31 57 857 
72 49 41 70 28 15 24 22 1211 
31 12 90 56 73 48 62 60 1187 
15 10 30 59 72 35 62 6 418 
88 33 32 91 46 8 63 48 794 
91 40 22 70 66 45 47 99 761 
44 47 15 11 76 59 44 18 572 
43 16 79 8 10 24 81 38 1096 
71 42 68 85 95 27 83 73 245 
79 47 46 87 14 75 73 20 720 
23 80 58 75 49 30 61 22 393 
90 84 32 100 91 30 56 78 701 
98 61 54 89 29 5 39 67 868 
5 58 4 6 37 92 65 60 712 
35 98 95 41 26 75 95 95 1090 
92 82 58 18 34 37 18 77 725 
8 36 52 56 38 84 59 58 781 
32 86 49 42 36 33 72 22 988 
66 59 37 82 96 36 16 49 1045 
17 89 26 69 90 62 33 59 287 
10 81 62 13 84 69 11 65 111 
