8 8
50
88 54 69 39 83 50 59 94 1163 
93 8 86 73 15 101 56 45 578 
12 25 93 7 73 78 4 29 72 
44 5 34 19 33 12 47 75 1177 
81 88 28 40 6 89 4 97 1227 
59 99 100 48 15 37 44 46 1016 
71 83 83 92 37 56 46 17 1452 
41 76 77 76 29 42 28 77 936 
11 74 21 6 5 78 3 47 495 
8 98 92 100 77 89 50 78 1509 
93 90 53 74 96 91 100 65 335 
102 85 72 60 22 40 80 35 1166 
45 67 80 7 91 92 26 40 322 
101 43 102 91 27 53 50 37 1412 
8 40 81 32 8 42 58 3 1010 
63 50 78 53 22 44 17 7 180 
17 88 101 63 50 58 71 101 361 
23 13 60 21 13 87 54 73 1555 
95 15 61 40 52 90 30 65 1468 
46 50 23 60 75 22 42 35 808 
89 47 92 25 63 9 20 37 1472 
6 44 39 93 101 51 48 25 1509 
54 79 38 13 35 86 68 27 831 
3 65 40 39 80 80 37 66 423 
7 72 53 54 22 17 100 26 349 
55 55 51 75 14 53 30 90 908 
15 78 15 7 59 38 58 19 1171 
54 69 66 62 58 37 25 43 854 
43 102 59 23 16 11 65 16 1185 
4 30 53 89 12 92 24 24 1440 
15 102 16 17 98 5 45 48 937 
60 95 98 15 52 73 100 89 1446 
100 94 65 6 44 45 66 56 1452 
23 67 59 76 39 36 49 12 668 
41 28 5 56 80 70 53 8 336 
78 91 81 82 91 25 3 26 496 
28 11 60 73 54 45 16 25 1321 
2 86 58 64 69 42 32 62 990 
87 46 16 97 55 39 25 89 1059 
12 42 78 36 74 15 6 23 22 
85 70 76 63 42 57 89 53 353 
67 16 24 41 52 31 64 18 1303 
19 33 58 23 50 66 80 6 1347 
7 68 14 44 61 47 40 49 1502 
88 26 6 60 9 4 17 60 1204 
45 73 92 48 74 58 36 89 1469 
48 64 22 12 85 39 75 84 1384 
12 24 57 79 2 5 39 78 1503 
78 60 26 55 8 92 92 37 526 
94 61 96 58 11 73 57 95 1383 
