2 1
100
97 50 170 
28 96 202 
25 60 93 
79 64 26 
34 46 70 
20 92 96 
12 73 183 
4 56 141 
93 31 161 
81 69 173 
23 3 166 
33 7 156 
8 20 200 
16 24 122 
99 26 109 
54 63 119 
18 67 185 
26 72 13 
14 95 192 
16 37 134 
22 47 186 
62 58 125 
33 3 82 
60 14 147 
50 98 102 
32 7 62 
18 41 138 
22 64 6 
96 99 64 
77 21 25 
84 94 170 
34 96 157 
70 39 140 
94 23 124 
21 61 109 
21 78 152 
58 84 181 
66 101 195 
100 102 169 
91 68 121 
32 57 167 
30 77 43 
90 18 7 
75 64 139 
63 26 38 
9 4 9 
51 77 46 
58 22 77 
25 20 190 
90 36 191 
96 81 145 
12 64 135 
80 93 171 
35 33 122 
74 85 42 
23 5 153 
80 93 201 
81 42 185 
39 76 74 
47 7 118 
29 3 168 
11 80 170 
99 54 128 
54 31 24 
22 18 92 
64 87 76 
19 4 32 
21 12 90 
97 17 80 
82 75 180 
32 35 175 
28 8 63 
79 65 11 
39 26 106 
14 27 126 
89 61 51 
48 77 182 
101 30 8 
44 10 185 
40 16 130 
46 19 162 
76 24 196 
27 95 22 
16 87 47 
34 82 160 
66 8 173 
84 10 115 
17 36 199 
101 33 13 
85 86 200 
42 41 101 
43 95 17 
74 40 8 
68 64 135 
16 34 184 
69 70 98 
27 80 6 
8 58 13 
9 32 169 
84 77 187 
