6 1
100
17 15 43 24 54 39 54 
92 30 40 26 49 9 118 
95 49 72 86 22 5 101 
30 37 5 42 89 60 80 
58 81 26 9 77 52 162 
30 18 33 34 15 94 89 
78 45 102 37 91 32 5 
24 88 84 101 82 31 178 
80 40 84 66 81 89 71 
51 15 19 75 59 80 134 
33 41 54 9 13 8 106 
94 5 8 100 29 39 70 
95 44 9 97 23 94 102 
79 51 70 36 7 11 57 
32 85 64 34 54 38 186 
49 32 95 71 25 38 177 
37 79 68 54 52 3 116 
73 11 80 38 88 18 110 
92 86 75 8 99 26 128 
22 46 68 77 3 44 95 
14 17 28 101 58 65 87 
75 4 84 57 10 73 120 
76 85 99 68 23 40 119 
48 22 65 27 14 26 33 
35 2 79 51 60 13 121 
97 55 39 32 55 13 36 
84 93 53 91 56 6 96 
62 71 11 82 6 90 135 
97 64 76 46 41 29 83 
4 7 9 52 62 101 161 
33 62 39 70 29 43 132 
30 15 38 60 22 71 148 
33 70 70 56 24 95 203 
92 65 87 16 87 79 164 
88 46 41 96 7 70 62 
11 74 15 80 49 3 137 
52 40 88 20 60 69 144 
40 41 98 40 8 81 84 
98 53 56 44 66 86 87 
71 99 66 18 3 45 47 
97 57 78 77 94 34 84 
28 101 98 29 12 12 100 
7 45 58 101 90 91 28 
23 61 38 86 19 27 165 
43 24 5 59 27 50 87 
85 22 64 15 49 2 145 
55 60 18 56 76 96 131 
56 10 19 15 56 11 152 
98 43 94 77 10 62 174 
79 95 72 87 64 8 46 
25 96 87 43 91 44 140 
3 22 31 45 33 19 177 
16 88 46 73 41 70 177 
81 73 40 41 43 87 156 
67 48 71 14 89 44 64 
16 33 73 68 69 8 194 
23 64 35 78 45 101 128 
8 27 16 25 40 37 92 
25 49 4 50 59 94 75 
76 62 33 46 77 58 203 
57 75 7 74 64 94 120 
11 7 65 100 89 15 121 
22 57 91 51 9 88 187 
86 71 20 12 15 61 96 
4 4 34 69 44 65 105 
55 11 54 78 45 88 30 
44 41 52 72 81 79 110 
8 44 97 70 72 10 146 
5 89 63 51 34 14 16 
5 33 33 47 52 10 139 
47 39 75 65 2 79 86 
33 70 43 37 84 95 196 
63 39 101 74 57 82 102 
24 93 30 13 77 9 81 
9 21 27 31 72 88 124 
6 24 7 72 32 32 148 
21 22 16 52 20 13 88 
96 34 74 97 30 20 49 
49 47 54 27 72 4 49 
51 18 8 14 10 38 116 
17 96 4 27 52 79 7 
72 15 63 58 98 99 29 
89 55 35 44 70 39 118 
79 55 47 62 30 51 144 
7 10 40 13 77 88 162 
40 72 72 80 43 22 157 
34 94 71 76 7 12 127 
65 75 73 42 101 101 79 
43 59 67 24 30 34 134 
7 25 48 24 13 36 101 
84 65 65 28 19 83 93 
63 78 88 24 41 11 87 
37 69 73 78 89 43 198 
15 8 58 16 90 13 55 
71 25 54 97 78 15 164 
12 9 16 84 20 95 163 
84 81 102 91 25 25 144 
58 77 47 25 95 54 142 
59 9 15 30 71 21 189 
54 36 29 65 98 64 54 
