8 1
100
32 77 81 65 22 51 3 78 94 
86 102 27 37 70 29 84 51 101 
46 43 53 43 29 6 70 84 42 
23 71 55 61 19 65 59 71 98 
80 80 47 30 59 79 83 81 156 
88 49 65 39 32 67 71 40 37 
69 92 50 77 96 40 31 83 16 
94 27 85 64 80 101 81 6 144 
6 18 86 75 62 50 29 84 72 
59 86 41 90 92 81 47 92 162 
102 5 86 9 101 79 72 90 111 
95 26 71 65 59 28 97 67 47 
36 96 32 2 50 14 5 74 197 
69 6 37 6 18 90 22 82 4 
89 99 19 9 5 74 96 36 119 
67 96 29 16 95 27 59 14 197 
51 101 57 74 6 29 82 5 172 
21 91 10 83 46 80 27 10 139 
7 28 93 60 8 16 56 40 161 
72 56 13 12 49 7 94 73 165 
48 17 95 93 29 102 89 77 92 
52 86 52 51 91 87 59 54 174 
8 93 95 43 19 68 50 13 101 
75 11 44 5 92 75 99 81 190 
77 16 101 93 73 33 71 6 111 
31 22 67 27 56 97 21 88 163 
89 7 100 30 45 19 53 16 136 
4 49 96 79 54 12 94 84 79 
88 17 22 64 74 16 14 21 184 
86 50 57 49 86 6 95 12 152 
97 49 73 85 42 59 67 69 117 
62 53 70 58 35 74 59 35 146 
62 28 35 86 18 25 28 69 135 
13 58 65 93 87 45 37 99 73 
69 5 76 65 99 7 59 54 140 
24 30 17 85 91 53 34 35 171 
43 13 33 50 59 75 93 56 24 
96 71 69 28 22 38 39 92 64 
99 99 31 31 29 66 57 6 81 
53 30 69 14 61 54 61 97 177 
6 21 48 3 74 45 96 65 170 
4 98 10 81 49 101 22 37 75 
57 14 85 69 95 54 36 42 54 
46 84 12 17 69 28 51 35 146 
86 98 26 88 37 67 83 55 19 
34 74 84 70 94 25 17 6 168 
5 38 29 96 69 35 20 51 166 
75 89 31 84 32 16 30 38 82 
14 71 79 21 89 41 46 4 138 
46 78 91 89 102 65 45 49 197 
46 92 30 94 70 88 86 10 137 
81 52 45 70 42 58 86 5 73 
7 86 52 90 52 67 67 76 149 
94 88 89 68 40 85 19 85 95 
13 22 3 93 37 81 74 67 108 
27 78 38 35 5 98 30 40 128 
49 59 42 65 29 97 15 94 46 
82 15 14 62 53 59 12 75 170 
36 16 51 72 17 88 15 42 199 
39 60 85 92 40 2 23 72 55 
8 50 95 8 80 45 59 94 106 
43 67 27 81 25 32 15 96 51 
15 79 44 56 53 88 99 78 69 
41 92 77 13 41 83 33 6 53 
92 31 37 8 15 25 36 74 154 
74 60 38 54 79 46 78 9 191 
87 54 99 9 10 4 12 20 7 
78 31 28 47 50 20 7 25 133 
91 10 65 21 22 81 13 27 40 
100 89 14 34 38 34 89 48 108 
30 85 22 35 98 97 22 60 87 
51 29 12 19 49 56 81 89 203 
32 68 33 20 98 85 85 14 66 
92 47 96 97 60 4 68 79 84 
47 57 14 71 100 65 39 65 200 
11 82 41 61 55 51 34 59 163 
23 12 89 39 52 85 65 32 28 
50 56 72 10 54 72 15 36 66 
89 63 70 71 83 35 87 76 66 
94 34 94 47 65 2 24 47 137 
56 10 7 31 7 70 52 91 19 
30 3 31 71 47 21 19 46 195 
14 54 32 55 54 78 53 73 200 
23 5 93 71 87 9 5 61 56 
28 61 58 102 21 94 27 59 149 
5 25 88 75 30 20 7 12 188 
39 3 57 32 79 36 72 31 175 
19 61 18 24 68 88 94 93 175 
42 14 35 40 31 97 5 50 99 
14 50 78 75 67 77 17 69 120 
73 98 83 24 31 92 8 9 200 
59 83 59 2 83 38 35 67 201 
61 101 74 62 29 31 88 61 167 
12 47 96 43 9 101 30 23 193 
7 20 85 46 34 23 99 48 138 
93 14 68 41 42 102 78 58 139 
89 13 72 54 37 73 11 98 129 
6 17 76 60 74 62 44 30 96 
18 17 68 53 65 83 64 97 97 
17 73 7 96 67 54 33 43 23 
