6 1
100
46 98 38 88 71 24 169 
37 57 38 56 46 61 170 
2 48 5 8 14 36 190 
67 19 27 64 39 49 158 
86 69 47 47 101 63 153 
52 26 101 19 34 76 8 
74 20 18 44 28 32 151 
27 61 12 30 58 79 162 
80 13 27 34 77 7 105 
90 92 11 47 100 10 103 
24 7 91 82 63 92 190 
101 11 22 14 19 6 120 
10 37 19 45 86 98 147 
15 76 87 59 70 54 172 
29 9 99 30 24 26 8 
57 23 50 97 89 88 161 
4 6 22 60 3 94 164 
57 94 4 16 14 80 21 
32 7 25 94 40 11 148 
4 26 86 97 82 58 109 
17 71 50 99 12 95 25 
72 66 101 69 62 6 148 
18 97 16 12 47 95 51 
18 28 4 50 79 9 203 
83 39 65 23 39 29 83 
25 56 19 4 87 100 124 
42 25 27 81 7 102 177 
31 72 87 37 64 31 201 
45 48 51 35 88 14 182 
30 38 48 25 79 34 190 
43 99 10 62 97 66 155 
4 79 72 74 9 15 106 
69 81 89 76 101 44 162 
10 70 72 101 89 73 28 
89 82 58 30 70 95 181 
75 79 77 69 67 25 85 
70 82 63 82 101 40 125 
59 61 51 80 92 16 67 
32 40 63 10 94 65 33 
99 16 46 41 21 65 193 
4 14 9 36 21 40 83 
90 11 21 90 36 54 62 
23 9 52 80 82 59 89 
41 15 61 74 62 28 146 
68 19 43 81 77 68 115 
49 44 46 74 77 94 86 
31 44 23 61 13 87 157 
9 96 63 42 8 53 128 
101 50 63 61 15 71 48 
94 80 10 61 88 76 151 
67 8 8 6 66 4 23 
73 40 16 51 42 96 120 
25 82 42 71 17 95 99 
96 85 14 65 25 21 75 
66 14 2 27 13 5 88 
90 57 37 44 52 54 58 
12 50 12 74 77 66 142 
101 71 92 73 83 28 145 
25 96 43 43 85 76 17 
28 15 26 31 93 18 72 
27 6 29 67 44 23 172 
37 4 93 50 57 69 133 
45 12 56 33 80 74 134 
63 96 3 69 79 22 170 
36 89 45 86 51 37 151 
67 66 8 41 7 89 179 
93 53 95 30 10 45 170 
5 71 100 15 46 72 130 
12 28 100 66 3 3 3 
18 50 67 8 34 93 161 
49 50 94 75 87 80 144 
45 10 41 72 79 2 65 
19 46 72 6 67 13 112 
40 10 77 6 88 89 155 
5 30 24 77 53 6 117 
23 9 43 61 94 95 138 
20 61 96 25 3 72 200 
5 97 4 69 83 26 20 
42 19 70 102 92 96 84 
82 19 96 28 98 76 197 
40 32 47 75 20 89 43 
52 82 83 87 20 80 203 
35 23 10 73 82 50 165 
92 74 62 3 101 29 77 
44 2 99 7 97 3 135 
67 58 96 65 39 91 185 
38 89 17 75 18 43 97 
98 88 57 18 28 18 97 
59 88 74 21 62 85 18 
82 86 82 24 79 36 140 
66 16 10 45 62 92 111 
87 47 31 85 88 92 93 
16 44 91 71 87 21 18 
73 24 46 79 8 85 115 
6 37 53 42 9 80 67 
75 50 75 69 28 95 148 
43 45 38 77 94 65 137 
43 93 55 93 17 63 191 
93 65 68 56 9 100 167 
12 80 45 80 14 15 85 
