4 1
100
98 35 7 56 118 
75 90 42 80 64 
52 82 11 86 116 
89 36 39 100 201 
79 100 78 101 112 
60 65 84 2 156 
63 85 63 29 39 
71 72 30 61 91 
9 43 6 4 195 
70 75 7 59 199 
47 82 29 24 198 
101 59 8 102 204 
11 8 42 3 143 
69 21 84 68 179 
19 8 81 56 187 
38 95 76 6 177 
86 60 27 5 65 
83 57 41 32 41 
14 67 30 61 72 
3 3 5 34 59 
51 94 42 71 165 
41 3 75 32 125 
7 85 4 15 33 
54 83 39 72 182 
14 82 54 48 156 
55 80 22 22 184 
37 92 44 78 79 
95 20 57 24 187 
82 84 11 71 30 
30 65 18 45 170 
22 65 35 45 35 
71 42 95 95 59 
64 83 55 42 54 
17 43 28 77 47 
35 28 17 80 21 
32 73 84 34 98 
92 64 79 39 144 
74 60 102 61 142 
55 27 64 96 63 
101 31 70 45 202 
90 39 43 23 103 
96 50 56 35 178 
99 60 63 47 80 
102 6 18 72 111 
59 43 69 8 142 
10 66 23 50 23 
2 5 41 35 124 
55 23 58 89 157 
26 5 69 74 147 
98 67 19 58 63 
97 15 100 92 87 
48 72 37 54 87 
32 29 8 25 177 
96 21 30 87 176 
80 50 31 95 63 
56 77 97 36 151 
45 49 68 20 33 
89 7 51 93 30 
84 88 7 47 96 
99 99 46 88 158 
79 39 34 72 107 
50 86 7 62 179 
74 78 3 80 201 
85 63 90 10 202 
92 71 38 73 9 
94 45 86 49 69 
59 33 11 58 198 
8 17 98 68 138 
6 101 92 6 87 
9 87 29 48 130 
38 11 38 88 179 
10 3 62 68 122 
7 102 61 28 63 
43 68 47 83 189 
70 67 24 42 195 
92 81 35 31 198 
10 18 40 86 199 
50 97 25 70 182 
8 57 32 9 128 
6 43 65 75 5 
42 41 48 56 194 
72 89 98 93 199 
30 70 33 71 107 
91 64 77 31 168 
48 46 79 94 177 
16 37 17 80 187 
52 18 61 30 116 
70 72 86 91 57 
63 101 34 73 125 
40 26 63 57 151 
45 68 37 93 115 
99 65 56 69 166 
37 75 20 101 99 
14 11 6 15 171 
21 80 88 4 45 
49 14 8 33 101 
92 77 62 6 101 
86 83 70 74 123 
8 18 19 9 188 
90 83 35 25 100 
