2 1
100
19 97 118 
81 19 67 
49 43 21 
18 18 203 
66 9 105 
96 28 169 
39 25 48 
3 22 121 
34 44 127 
25 11 84 
41 6 179 
47 59 57 
20 47 44 
85 57 176 
31 62 180 
25 66 14 
92 56 73 
48 69 190 
75 18 153 
101 49 155 
72 26 68 
71 79 28 
14 21 104 
26 78 166 
64 56 139 
39 74 123 
73 11 158 
58 34 112 
8 95 76 
97 74 84 
54 22 199 
47 14 64 
55 62 170 
77 13 93 
57 69 161 
56 86 29 
27 38 90 
17 30 80 
100 16 188 
80 65 172 
78 19 97 
12 74 115 
86 19 86 
39 85 26 
79 97 199 
34 3 135 
77 54 20 
25 71 74 
99 39 187 
61 49 200 
40 77 199 
101 101 192 
100 47 194 
25 72 137 
73 90 109 
33 40 69 
43 68 29 
28 5 24 
77 55 99 
13 15 72 
66 27 144 
46 101 18 
17 79 196 
6 36 114 
73 54 168 
44 54 167 
85 68 201 
61 20 165 
87 14 148 
89 26 96 
48 89 68 
62 61 93 
98 30 182 
47 19 125 
39 40 66 
60 57 104 
31 35 4 
68 31 96 
38 8 17 
92 61 177 
38 30 110 
51 60 98 
25 13 192 
39 48 51 
95 40 101 
40 23 163 
51 29 117 
24 60 185 
48 82 120 
88 27 109 
40 9 141 
4 11 181 
10 90 164 
86 37 92 
59 94 179 
79 75 186 
100 100 172 
30 43 67 
32 16 144 
65 6 159 
