2 1
100
69 24 127 
20 18 109 
95 61 94 
23 96 146 
94 4 56 
13 37 56 
5 28 175 
49 55 190 
12 74 62 
68 76 20 
31 75 117 
69 3 26 
68 5 144 
81 26 200 
95 93 159 
70 32 197 
28 36 197 
60 74 56 
49 22 140 
71 10 90 
25 29 173 
38 94 45 
16 27 3 
17 47 67 
59 26 7 
90 56 128 
17 43 88 
36 42 84 
15 72 4 
32 22 167 
46 99 194 
29 58 197 
15 58 202 
59 56 12 
98 14 182 
66 4 97 
26 61 134 
8 56 137 
3 91 179 
46 26 46 
22 86 11 
21 73 98 
39 32 141 
8 76 200 
65 60 179 
40 40 58 
53 51 141 
56 8 125 
18 40 90 
30 28 136 
11 71 68 
79 39 143 
2 79 84 
43 29 147 
81 21 174 
70 45 195 
81 65 106 
62 95 154 
55 68 160 
46 4 69 
6 11 11 
4 99 13 
67 88 45 
19 40 125 
89 12 46 
99 77 179 
78 51 193 
50 51 127 
17 51 155 
59 26 145 
94 58 153 
9 39 37 
69 79 46 
81 4 117 
76 64 54 
92 75 170 
55 58 186 
93 70 110 
41 59 124 
44 89 99 
32 10 127 
53 27 166 
89 82 149 
6 32 201 
68 99 96 
40 76 178 
38 27 156 
94 6 140 
82 3 181 
23 71 164 
59 27 183 
76 51 193 
97 25 75 
47 6 190 
12 51 55 
94 27 146 
9 3 170 
75 8 128 
74 40 9 
95 73 50 
