2 1
100
94 17 58 
21 13 116 
67 52 145 
64 38 145 
82 29 194 
21 47 46 
47 15 161 
80 52 51 
93 49 104 
17 3 60 
38 58 49 
12 67 109 
24 80 68 
94 19 163 
32 33 73 
9 16 91 
16 10 200 
18 38 34 
14 16 135 
5 30 132 
8 53 101 
44 28 165 
50 72 127 
44 99 138 
91 56 197 
101 50 40 
91 86 69 
8 3 189 
33 23 42 
9 100 106 
89 20 102 
71 87 135 
33 90 12 
56 62 90 
84 74 24 
33 29 168 
22 15 134 
49 16 91 
33 102 103 
58 13 12 
63 42 148 
13 57 161 
20 22 140 
33 70 124 
16 37 51 
91 27 61 
84 102 191 
40 90 175 
88 42 11 
7 40 175 
18 77 156 
2 95 41 
74 73 35 
34 15 15 
15 91 92 
7 35 161 
22 44 154 
23 77 26 
13 25 108 
89 27 33 
77 15 169 
85 17 191 
86 16 86 
7 20 109 
15 52 178 
89 26 202 
43 83 16 
28 87 196 
12 97 2 
67 91 144 
69 87 96 
3 60 203 
26 33 151 
53 23 41 
39 17 51 
24 10 53 
27 26 201 
55 48 91 
10 51 59 
89 75 43 
95 21 52 
73 40 68 
9 14 188 
89 65 192 
27 92 122 
90 90 144 
74 90 178 
77 42 133 
74 15 82 
4 95 19 
74 39 119 
55 60 6 
96 68 156 
94 17 196 
35 39 125 
7 30 115 
87 22 125 
60 17 172 
35 21 162 
62 101 53 
