6 1
100
84 41 74 43 101 86 91 
36 98 90 15 31 16 66 
46 64 38 78 27 75 77 
88 84 75 83 12 52 148 
95 60 43 47 98 76 146 
67 34 32 14 48 35 180 
7 81 84 78 100 39 170 
19 84 96 25 78 19 196 
59 101 62 91 35 74 85 
40 50 70 34 42 63 162 
32 8 65 81 42 51 167 
5 93 7 14 16 91 157 
78 49 24 22 59 77 17 
35 72 25 15 63 49 137 
34 17 45 60 78 6 177 
78 33 47 38 70 16 112 
10 57 79 22 85 66 127 
3 48 14 85 87 74 197 
37 42 68 81 4 17 145 
78 64 56 40 87 92 203 
18 79 86 91 63 55 52 
17 49 95 81 85 7 65 
71 33 77 93 34 92 85 
93 80 59 68 102 86 68 
95 24 84 100 77 65 174 
71 30 96 27 21 74 43 
96 75 2 22 12 42 16 
33 81 49 55 102 60 53 
101 29 25 63 71 94 47 
26 13 83 10 44 48 204 
4 83 68 16 20 23 198 
7 59 48 92 46 28 126 
45 37 47 77 6 62 144 
3 73 66 52 82 100 142 
64 21 14 70 96 9 61 
100 83 41 83 40 30 190 
72 78 73 27 69 63 165 
78 38 35 40 88 32 4 
12 5 66 41 25 30 90 
40 37 24 53 21 34 94 
56 8 96 68 34 79 66 
97 94 27 15 39 91 175 
85 81 31 9 79 30 180 
80 77 45 17 2 52 67 
43 51 76 50 31 37 46 
32 41 74 56 55 71 32 
12 41 27 88 41 60 113 
58 95 45 43 6 59 156 
33 53 54 34 29 102 110 
45 53 67 10 55 66 108 
42 60 55 27 61 75 139 
38 19 31 64 94 79 175 
59 33 9 27 80 47 203 
90 22 25 27 72 64 137 
91 62 79 88 96 5 34 
37 92 18 47 87 10 194 
36 25 72 37 25 70 177 
22 61 86 77 21 55 107 
39 33 101 92 13 3 97 
60 54 78 100 76 72 46 
43 92 82 95 39 6 112 
100 55 92 49 96 82 141 
3 96 12 77 52 66 199 
61 19 57 75 10 50 156 
73 96 39 51 100 67 161 
70 5 84 84 51 99 83 
80 11 45 20 23 81 115 
60 68 25 26 8 26 167 
75 27 22 31 59 80 56 
61 55 100 98 17 92 69 
92 30 96 3 69 60 166 
10 14 58 89 71 22 28 
30 17 26 95 43 99 194 
80 64 54 94 21 15 42 
59 47 24 7 91 25 138 
39 31 25 41 68 3 135 
15 66 44 89 61 15 63 
40 76 5 76 94 40 27 
69 43 11 50 46 63 105 
69 36 84 82 99 48 186 
88 3 56 77 99 31 133 
99 12 6 62 102 91 40 
73 21 33 98 87 57 145 
90 16 93 24 41 17 95 
33 63 9 64 70 41 108 
75 51 102 98 11 49 142 
33 7 89 46 74 34 196 
17 53 86 13 92 22 200 
89 64 54 59 17 21 137 
51 99 100 34 52 68 200 
72 34 2 79 10 3 116 
11 6 80 70 84 52 34 
12 25 53 80 21 56 177 
89 49 41 96 31 5 168 
9 91 14 24 68 100 93 
21 86 37 84 21 44 158 
60 76 91 34 71 53 81 
76 50 56 33 14 13 169 
86 64 85 81 101 76 6 
17 68 48 18 54 73 186 
