4 1
100
101 82 32 3 195 
89 17 76 100 137 
11 96 72 60 189 
92 19 97 21 168 
27 69 18 102 162 
88 31 62 68 193 
87 70 86 65 139 
50 95 20 30 66 
48 84 101 7 36 
101 58 56 51 20 
7 86 81 7 64 
35 65 32 24 21 
59 57 10 5 167 
42 11 8 93 91 
100 101 68 90 75 
45 69 13 85 165 
32 77 13 59 183 
3 91 81 35 72 
87 65 98 21 152 
93 76 98 25 156 
91 52 65 7 25 
8 20 93 71 180 
68 54 49 43 163 
84 46 53 15 165 
53 32 76 58 121 
37 5 49 15 93 
71 73 90 9 187 
82 14 7 48 171 
86 100 13 47 142 
35 18 57 41 188 
49 25 85 45 52 
61 78 10 48 157 
6 72 80 26 41 
96 66 42 51 204 
72 41 7 32 198 
56 21 31 88 54 
20 50 10 23 201 
47 90 47 84 68 
6 6 61 71 163 
16 21 89 27 153 
71 79 8 41 47 
10 20 55 47 145 
42 49 23 22 120 
58 64 59 27 152 
8 21 60 19 196 
68 81 38 52 171 
36 34 6 13 117 
44 44 71 101 185 
29 38 102 13 190 
59 85 41 13 50 
54 65 64 53 141 
53 21 91 45 116 
30 84 5 64 76 
9 45 12 65 36 
16 95 60 36 97 
72 21 48 26 81 
85 42 27 28 66 
74 72 54 45 14 
24 55 28 45 128 
47 35 40 77 175 
16 75 78 96 22 
61 7 30 6 201 
34 75 67 6 151 
90 59 78 32 133 
39 93 69 59 192 
63 69 17 74 7 
39 82 74 40 53 
12 66 33 18 150 
69 44 51 46 152 
52 91 23 71 151 
90 59 10 12 101 
25 8 21 102 101 
93 92 58 4 126 
54 3 29 81 132 
27 27 62 59 199 
96 44 25 85 92 
74 48 48 100 31 
83 74 64 91 6 
6 47 34 69 167 
79 88 49 85 47 
51 64 44 7 102 
65 98 53 14 112 
83 84 38 57 158 
47 46 60 89 165 
81 41 40 79 124 
82 95 95 77 43 
10 97 43 63 195 
12 6 43 50 106 
86 23 52 36 45 
23 11 79 92 75 
35 30 62 4 89 
12 26 67 46 142 
72 6 78 94 96 
88 44 77 62 137 
43 5 12 38 196 
61 91 5 58 81 
73 19 5 41 178 
82 38 40 20 174 
88 42 99 81 167 
83 47 60 90 74 
