8 1
100
43 76 78 42 16 86 60 53 130 
31 101 2 100 94 42 62 59 118 
19 78 15 90 16 56 73 29 92 
63 62 84 89 44 50 19 49 65 
29 24 6 9 67 20 19 20 82 
28 35 34 49 85 51 74 90 43 
32 55 62 24 71 89 41 100 185 
83 44 59 54 83 47 11 35 72 
55 12 13 97 73 98 17 47 193 
14 16 80 35 17 57 30 90 193 
73 8 55 19 69 69 30 38 155 
85 75 54 89 40 52 17 21 158 
11 37 83 66 9 25 94 29 171 
15 50 29 4 27 95 52 40 57 
83 38 45 46 69 38 22 34 148 
45 27 78 30 21 98 79 21 108 
16 8 101 32 27 43 85 17 178 
50 82 50 61 40 101 25 36 169 
37 66 70 47 46 77 53 52 5 
10 87 32 34 27 8 43 38 67 
30 53 14 4 63 54 51 74 106 
26 86 89 79 7 87 15 45 112 
86 70 64 26 81 77 41 78 62 
60 19 57 44 19 3 69 96 169 
73 35 5 18 99 74 25 29 134 
16 33 81 47 21 85 54 59 139 
72 7 74 39 65 87 25 93 114 
99 84 69 88 12 13 4 43 23 
53 70 74 92 2 53 11 27 92 
52 15 99 75 93 62 36 99 183 
12 37 71 20 95 8 19 29 94 
101 30 23 70 44 80 74 3 182 
98 82 6 23 29 40 43 74 160 
60 26 93 8 54 14 24 94 16 
43 35 77 68 74 76 8 13 197 
25 84 73 22 2 92 73 40 36 
87 91 9 33 79 23 30 62 8 
57 94 78 11 48 52 73 34 140 
17 32 10 33 17 19 43 19 184 
9 40 26 3 37 17 98 39 8 
102 11 57 55 40 15 73 53 39 
23 16 38 23 51 71 24 59 17 
11 56 76 92 92 62 33 22 46 
81 55 59 63 15 12 49 73 47 
15 63 94 97 62 67 100 23 8 
56 89 91 57 82 81 9 89 168 
31 11 22 97 24 20 93 93 199 
63 62 3 28 76 80 48 11 194 
18 15 96 11 94 71 59 79 70 
35 26 75 80 56 29 29 20 126 
5 19 41 75 6 71 69 39 124 
4 30 15 12 11 73 86 93 150 
90 22 19 52 40 47 87 60 138 
26 85 8 76 101 58 19 46 187 
58 45 11 27 44 57 11 57 101 
22 25 18 5 97 65 55 41 199 
46 55 81 96 90 48 4 45 110 
56 30 31 59 96 67 81 30 99 
66 65 80 64 43 85 98 66 74 
54 23 91 45 23 61 60 74 186 
14 64 56 65 26 102 4 56 58 
22 65 31 53 25 69 16 91 157 
22 84 13 98 100 26 13 52 45 
67 13 8 72 101 23 76 69 135 
96 3 41 80 62 89 57 78 4 
9 3 100 24 31 34 85 40 185 
82 18 65 32 55 75 80 39 89 
23 52 67 9 79 59 3 23 179 
39 44 24 26 43 24 25 6 102 
25 45 84 76 89 63 33 96 105 
5 66 51 68 102 26 46 36 55 
38 101 26 43 23 10 47 48 196 
71 58 77 43 9 51 26 57 192 
63 50 65 6 78 84 8 101 117 
41 73 44 100 82 10 98 89 11 
27 84 24 76 31 44 66 64 79 
78 64 59 102 44 47 32 85 176 
66 34 25 44 37 24 53 8 152 
56 73 78 69 47 22 46 101 149 
74 89 21 23 42 16 46 32 77 
2 41 31 99 71 99 24 35 114 
84 85 48 3 25 25 69 12 187 
64 11 19 39 58 45 74 60 196 
69 44 94 11 100 8 87 53 138 
47 60 4 81 47 14 67 65 35 
28 73 67 98 56 32 25 84 43 
22 66 85 88 27 13 3 56 184 
65 75 87 43 18 74 58 24 108 
92 85 66 7 74 95 28 48 178 
33 74 91 64 88 18 88 67 178 
86 61 35 93 80 93 24 3 184 
33 88 57 95 42 34 80 35 200 
58 17 93 93 62 81 26 72 169 
4 3 89 71 57 53 86 74 129 
21 100 7 76 86 73 5 97 123 
34 40 34 59 86 55 20 32 103 
98 95 101 56 70 11 10 22 203 
5 65 33 6 11 70 71 60 72 
95 84 33 22 90 67 21 94 65 
53 47 19 36 53 27 3 90 161 
