6 1
100
33 55 11 13 92 30 143 
55 52 97 15 75 82 175 
94 21 52 3 3 27 187 
37 19 42 81 46 72 136 
101 60 66 98 92 67 147 
24 69 78 6 25 2 177 
35 90 47 38 54 87 142 
43 72 29 100 34 90 196 
38 71 34 48 60 5 111 
94 33 20 85 17 16 142 
54 76 99 80 27 7 7 
31 97 45 94 87 99 120 
90 39 99 60 78 78 176 
99 46 60 67 99 35 84 
59 29 55 40 74 2 181 
97 32 22 9 86 96 16 
76 92 56 75 9 98 10 
95 22 27 40 40 85 113 
33 41 15 30 74 64 149 
70 91 56 15 99 72 190 
9 79 53 95 84 81 49 
56 6 94 92 39 39 130 
9 31 101 35 19 36 133 
93 9 81 14 34 36 15 
2 2 62 12 28 13 176 
45 75 47 58 6 33 156 
37 23 40 37 27 11 125 
63 57 82 82 38 30 36 
72 75 83 52 47 19 111 
5 34 82 13 28 79 131 
57 56 79 15 4 91 114 
88 43 79 9 27 47 81 
48 82 32 92 85 71 149 
3 66 8 61 16 24 66 
91 60 25 101 34 99 13 
3 5 69 36 41 63 172 
34 6 45 22 74 17 119 
54 51 24 45 10 93 112 
91 73 55 90 68 26 199 
84 55 10 95 51 36 92 
80 65 58 45 10 91 141 
62 65 41 45 9 76 75 
11 4 58 26 7 53 25 
33 16 48 75 39 89 102 
53 37 29 25 83 15 153 
88 68 102 102 5 88 61 
10 16 47 61 52 63 151 
54 54 71 45 84 35 95 
51 12 72 73 4 21 22 
30 14 22 28 63 63 47 
38 58 27 5 68 84 49 
102 3 16 90 27 78 202 
85 60 82 101 82 31 76 
58 31 30 3 68 21 164 
4 27 35 91 102 53 33 
98 46 42 19 53 25 102 
11 58 85 79 46 13 94 
56 42 30 83 35 88 164 
29 98 4 101 65 45 200 
78 84 101 27 26 86 176 
16 42 84 31 7 89 98 
75 47 26 25 11 37 97 
87 7 10 69 68 37 143 
50 41 19 90 83 53 68 
77 86 53 21 29 61 84 
2 48 54 30 100 35 110 
53 79 79 56 10 53 185 
79 93 60 61 50 18 134 
3 66 43 27 38 17 201 
63 75 5 84 78 8 174 
61 58 41 69 4 18 198 
63 43 36 75 2 44 200 
95 95 63 81 45 77 203 
84 13 5 65 20 57 185 
7 76 74 34 47 7 38 
38 21 93 48 102 70 82 
26 9 54 37 74 3 138 
82 44 5 35 33 88 159 
47 39 6 86 64 9 117 
69 64 43 58 39 82 117 
76 72 35 45 9 62 119 
6 53 30 48 56 25 52 
33 72 101 15 21 42 186 
84 89 64 40 64 85 117 
48 13 82 37 23 12 13 
75 72 92 27 28 22 85 
88 79 40 10 86 34 73 
94 44 44 20 42 68 188 
85 74 7 47 79 3 119 
42 50 13 35 15 21 121 
102 12 91 95 22 52 196 
12 26 32 80 53 24 110 
71 39 19 83 47 15 184 
100 87 82 51 21 85 95 
31 29 77 73 15 79 188 
34 56 27 21 18 98 149 
50 77 69 28 81 6 144 
13 96 54 70 8 71 5 
27 11 46 4 69 52 166 
99 57 9 40 47 63 77 
