6 1
100
64 30 88 20 23 18 109 
54 29 4 45 37 19 37 
89 36 17 84 47 51 172 
47 90 6 90 66 35 10 
64 6 22 13 94 2 69 
34 20 66 86 48 5 199 
61 65 66 11 45 22 108 
11 28 82 82 51 101 38 
41 84 31 59 84 51 182 
26 84 34 45 19 86 115 
18 53 100 101 48 88 175 
27 42 81 23 15 54 110 
79 42 33 45 3 17 188 
38 36 29 66 56 10 73 
84 34 69 28 38 99 190 
77 84 83 5 15 34 31 
44 52 38 71 99 38 96 
43 3 102 18 71 66 164 
19 73 37 94 80 53 90 
10 14 96 79 57 62 7 
61 52 42 90 86 80 192 
86 93 97 59 74 91 83 
33 69 12 70 35 15 119 
12 47 13 37 83 73 70 
40 44 94 44 78 46 169 
52 62 31 87 88 88 69 
83 43 37 8 64 6 157 
47 86 11 24 49 46 100 
7 31 55 4 9 62 94 
51 5 17 99 47 59 165 
9 84 85 49 29 27 62 
7 78 31 22 69 59 191 
60 84 22 30 102 36 94 
33 78 85 81 28 90 67 
40 22 11 19 48 98 78 
5 29 78 23 21 21 3 
55 25 85 42 5 54 186 
22 97 70 47 25 37 157 
8 102 70 3 39 99 137 
57 22 4 23 63 58 113 
58 46 10 82 17 47 158 
54 2 40 25 38 43 37 
27 43 74 25 62 63 198 
29 9 22 84 24 35 200 
5 82 21 44 98 38 133 
53 63 66 10 92 101 110 
102 32 79 3 58 51 64 
82 32 100 3 97 60 60 
39 90 100 96 14 81 102 
22 21 83 42 7 55 150 
82 10 17 72 63 46 57 
80 45 83 67 86 70 49 
52 23 43 2 80 38 32 
75 68 16 80 22 6 163 
13 98 63 53 99 59 203 
24 85 33 36 16 3 121 
47 19 30 30 13 28 144 
100 43 42 29 18 61 17 
44 3 94 43 42 50 137 
49 23 16 89 13 25 57 
40 12 68 66 37 58 58 
52 88 52 11 79 11 27 
57 23 26 83 100 94 166 
84 41 95 76 55 94 201 
98 16 43 3 5 45 124 
33 75 66 83 5 81 188 
17 43 34 65 41 57 186 
102 92 8 14 33 48 113 
73 75 91 84 65 32 110 
73 12 10 76 68 54 52 
50 62 102 97 15 91 138 
99 64 14 17 39 9 196 
26 36 91 74 99 7 122 
2 76 101 42 52 40 91 
34 26 91 74 5 69 107 
32 9 19 20 59 90 151 
13 80 69 28 24 59 98 
77 21 4 72 48 67 97 
88 3 58 65 53 25 135 
40 25 45 37 42 46 192 
30 74 56 41 19 87 182 
99 34 16 29 83 99 116 
6 88 4 58 3 7 91 
8 63 57 8 67 10 151 
57 26 93 84 15 55 98 
50 50 33 31 82 60 183 
70 44 38 72 29 11 70 
38 42 80 41 41 52 46 
13 101 35 55 79 17 87 
10 24 47 70 45 11 117 
40 74 29 23 49 57 78 
21 21 39 40 101 42 39 
86 15 45 76 5 28 77 
51 100 78 5 45 49 125 
22 93 4 85 2 79 200 
70 53 20 95 98 86 186 
82 98 16 80 77 26 49 
11 4 96 42 85 22 182 
76 53 20 5 9 79 203 
30 36 57 101 65 22 34 
