8 1
100
64 17 64 18 75 31 18 50 196 
56 4 84 97 4 78 11 99 69 
27 50 79 16 86 32 15 30 124 
83 67 79 15 82 74 6 87 165 
2 45 23 88 40 54 73 85 36 
84 42 56 6 64 14 38 68 99 
79 50 33 34 5 47 71 37 170 
21 42 24 11 93 19 98 11 111 
14 41 12 27 46 4 15 33 179 
8 79 4 68 79 16 26 29 78 
51 70 42 78 19 5 71 54 87 
97 75 52 39 11 56 60 26 57 
40 54 6 31 21 74 60 65 119 
83 55 65 10 87 66 81 48 84 
16 38 24 9 58 94 62 20 120 
40 71 71 50 10 55 88 88 153 
35 22 51 69 20 56 47 90 202 
81 89 89 88 60 64 15 45 180 
8 33 98 14 72 4 16 22 191 
91 35 47 13 24 102 91 48 55 
94 49 20 70 64 70 95 83 65 
73 54 13 8 37 67 66 83 112 
80 23 52 49 55 100 62 58 113 
57 70 67 90 99 14 38 23 196 
72 40 71 30 22 91 72 45 138 
84 85 100 81 48 43 47 13 53 
78 47 96 22 9 8 15 40 28 
68 86 58 102 72 16 71 97 88 
87 53 3 63 79 13 33 80 149 
59 77 24 26 44 88 88 62 156 
5 51 33 65 17 84 78 6 121 
14 84 15 86 12 54 100 62 123 
26 17 70 85 91 31 35 58 129 
93 44 43 71 15 12 40 68 94 
14 24 38 22 87 74 54 21 196 
62 76 67 72 28 85 28 65 93 
10 22 62 4 32 61 21 87 127 
20 44 71 5 48 46 8 88 79 
26 6 32 98 33 72 35 75 168 
100 23 19 61 45 53 67 32 96 
87 12 94 79 2 101 12 36 157 
29 59 30 23 66 41 47 4 120 
17 14 91 92 71 59 79 23 132 
47 61 101 20 40 18 100 23 157 
48 49 6 33 88 98 95 8 35 
56 79 59 79 16 43 94 52 38 
59 97 42 37 2 81 37 67 154 
80 11 22 14 25 45 64 100 113 
57 86 28 95 99 66 42 24 91 
9 70 47 60 28 90 101 42 54 
38 13 49 27 98 23 23 18 197 
99 45 56 16 17 18 88 39 135 
94 67 100 79 97 80 37 30 197 
32 21 85 34 15 85 19 28 179 
10 32 90 7 74 83 69 46 163 
92 95 55 31 74 91 24 9 155 
30 61 18 70 91 71 26 93 197 
16 67 32 73 99 91 30 80 16 
80 88 95 19 12 53 100 48 72 
46 3 49 96 12 8 9 91 136 
74 42 43 21 83 83 87 55 162 
52 20 98 66 4 96 84 45 43 
85 13 51 67 72 45 36 83 184 
51 21 56 26 66 10 24 58 78 
68 61 8 14 34 59 74 50 57 
41 82 101 55 15 69 87 27 161 
19 9 72 100 87 2 93 38 71 
27 29 56 90 44 48 59 18 171 
17 73 80 95 95 24 18 97 4 
93 98 9 89 40 41 31 7 101 
70 70 77 8 23 99 25 49 45 
75 53 40 56 99 99 85 73 111 
3 27 16 49 84 92 101 2 83 
29 40 90 17 61 38 99 91 98 
11 11 52 83 72 48 3 45 90 
65 39 101 12 6 70 87 30 165 
37 23 88 87 9 23 59 97 20 
35 60 95 4 59 10 51 76 126 
6 21 57 70 48 41 48 38 129 
43 20 36 23 32 32 57 64 139 
63 26 4 31 27 76 39 70 174 
53 63 82 93 62 31 8 83 21 
28 68 76 50 41 73 60 18 159 
77 14 30 65 48 97 42 90 103 
61 77 97 82 34 80 56 97 152 
85 51 59 7 17 51 23 32 196 
96 16 88 34 73 11 99 64 115 
59 90 17 88 53 74 81 49 13 
17 47 36 98 96 45 99 77 136 
22 72 99 80 44 19 101 48 153 
66 29 6 88 86 72 24 98 16 
61 99 100 87 28 70 46 8 172 
64 100 22 44 37 99 44 78 187 
61 81 49 100 89 7 100 17 42 
4 31 64 67 75 99 39 39 159 
70 37 46 32 36 37 35 39 100 
57 24 94 9 46 10 80 66 36 
62 63 12 96 89 13 50 44 158 
25 99 27 25 8 100 21 76 84 
50 31 47 14 68 52 58 45 191 
