2 1
100
27 13 96 
79 68 89 
37 96 22 
66 5 52 
34 101 140 
67 30 126 
72 72 194 
11 18 79 
82 19 162 
33 84 181 
58 74 143 
3 101 165 
88 8 106 
55 29 203 
71 41 90 
70 70 98 
26 37 108 
19 37 142 
42 18 194 
11 99 101 
66 7 26 
23 11 65 
57 33 204 
90 82 46 
12 20 89 
98 42 158 
97 14 101 
34 8 97 
38 41 77 
3 64 171 
88 79 20 
5 91 48 
89 50 63 
14 15 77 
49 39 115 
33 9 36 
28 46 154 
20 16 174 
102 34 201 
67 87 143 
96 56 141 
18 4 7 
15 9 61 
22 10 189 
49 85 203 
14 87 142 
93 7 66 
22 76 38 
10 70 131 
26 5 117 
26 24 128 
62 20 120 
70 33 73 
55 19 203 
89 8 74 
85 72 65 
88 89 97 
31 76 164 
40 76 163 
53 10 70 
41 91 11 
74 98 176 
32 89 132 
43 46 110 
36 40 180 
34 35 140 
84 28 200 
34 40 33 
12 97 99 
84 24 91 
81 19 50 
3 17 59 
97 17 22 
51 54 169 
69 46 90 
96 97 75 
94 8 85 
13 71 168 
38 8 105 
91 65 4 
40 50 134 
22 64 55 
32 35 48 
62 39 38 
61 35 150 
17 68 191 
74 18 3 
14 92 35 
5 70 101 
43 67 20 
79 8 107 
11 14 10 
20 48 168 
19 66 126 
15 34 140 
25 54 74 
11 23 84 
59 19 97 
2 28 120 
51 19 192 
