4 1
100
40 14 89 51 104 
85 91 46 55 83 
6 40 83 83 100 
52 72 20 35 139 
57 98 98 35 48 
87 42 85 89 125 
69 31 42 69 6 
66 63 15 47 55 
43 9 20 45 144 
32 34 83 33 171 
63 6 71 78 131 
44 18 56 28 135 
45 7 59 94 150 
76 100 16 81 173 
90 59 75 9 56 
50 80 55 65 189 
55 60 54 5 2 
65 63 66 5 124 
50 10 89 81 170 
37 52 28 72 195 
35 20 5 48 195 
6 32 64 52 34 
66 65 93 36 28 
87 56 56 94 23 
16 36 13 20 76 
83 72 96 26 187 
100 54 85 69 123 
37 58 8 10 195 
34 101 16 89 197 
88 19 55 68 200 
84 98 36 61 167 
101 9 86 12 32 
36 38 40 60 39 
14 81 25 76 161 
31 50 48 98 160 
17 21 27 24 105 
66 19 30 28 21 
4 20 26 88 126 
30 73 98 95 126 
98 62 58 70 173 
8 96 81 90 141 
36 52 39 83 136 
82 84 64 61 105 
19 10 15 50 35 
96 58 40 15 104 
60 54 55 37 168 
57 65 58 39 93 
72 40 42 59 155 
54 83 45 21 167 
48 11 39 44 91 
90 49 10 54 185 
53 58 69 39 25 
84 99 4 101 24 
19 28 27 16 165 
81 70 58 75 132 
15 15 20 33 12 
51 17 13 93 192 
10 57 6 49 193 
16 73 5 47 191 
57 80 46 10 134 
22 86 25 64 133 
22 93 37 90 159 
40 40 38 34 128 
69 88 14 7 8 
64 24 80 22 136 
10 67 13 81 21 
37 71 12 68 174 
67 94 51 28 152 
19 22 18 71 116 
79 38 73 85 56 
71 69 41 7 9 
100 8 5 97 117 
57 82 58 80 88 
71 29 72 49 199 
77 39 87 32 176 
44 7 11 65 183 
74 95 30 55 84 
70 32 7 64 178 
61 91 56 71 41 
39 66 40 28 179 
51 68 26 87 107 
34 83 10 21 127 
95 99 42 8 173 
64 54 5 39 152 
40 24 10 62 80 
88 86 18 13 102 
79 69 85 77 83 
8 71 45 2 21 
89 24 88 2 193 
64 51 50 87 117 
86 63 3 54 102 
29 60 66 48 136 
50 67 99 71 173 
27 16 67 68 160 
95 12 5 30 178 
19 38 10 68 157 
39 38 33 56 134 
18 68 32 28 29 
50 6 98 36 126 
24 27 19 18 142 
