2 1
100
6 50 35 
2 8 181 
16 78 179 
4 84 189 
33 87 123 
101 13 35 
61 4 63 
5 7 21 
68 63 171 
5 94 146 
2 91 147 
82 59 119 
95 95 108 
2 90 197 
68 51 167 
7 54 141 
73 7 163 
99 91 126 
69 3 89 
9 36 92 
7 13 171 
18 3 189 
23 53 58 
4 8 39 
66 61 31 
36 39 114 
29 63 21 
17 34 178 
94 6 4 
12 15 116 
17 88 121 
10 97 156 
15 52 99 
91 86 4 
43 71 201 
63 35 61 
49 36 132 
90 82 149 
37 92 162 
98 27 199 
93 13 78 
73 88 43 
61 58 131 
40 23 178 
9 40 157 
11 75 129 
91 33 146 
74 65 163 
94 30 14 
88 75 13 
99 19 52 
53 100 150 
65 72 169 
81 4 156 
68 12 28 
79 82 87 
98 28 36 
18 10 192 
28 22 99 
60 81 121 
16 75 170 
61 43 10 
64 59 82 
5 48 9 
82 12 60 
97 8 109 
69 17 98 
66 92 96 
90 83 20 
33 26 160 
27 7 185 
26 66 60 
95 9 142 
11 17 49 
4 94 165 
16 38 199 
67 33 30 
97 94 132 
13 53 169 
39 72 122 
97 33 68 
64 80 84 
15 58 95 
2 4 202 
86 60 2 
26 63 200 
68 77 93 
13 68 190 
66 32 29 
28 15 30 
48 58 77 
12 15 171 
93 43 31 
42 3 164 
54 67 62 
17 14 70 
66 89 182 
87 73 195 
17 86 135 
41 99 100 
