4 1
100
76 67 48 51 108 
72 62 88 55 140 
3 46 34 102 164 
21 74 61 82 161 
53 44 35 24 147 
86 18 19 5 173 
6 42 63 6 167 
94 90 18 92 132 
72 3 86 96 22 
72 35 59 100 129 
92 31 5 100 71 
34 34 26 80 140 
56 45 84 70 132 
63 85 30 20 180 
34 58 71 18 20 
51 60 40 14 5 
53 61 21 42 192 
77 38 64 72 103 
62 65 40 24 23 
29 21 18 32 101 
89 8 41 12 65 
36 62 90 92 173 
76 95 14 78 37 
97 26 44 76 183 
27 23 60 70 59 
71 20 50 7 168 
33 44 10 65 31 
47 22 11 11 123 
17 50 74 87 156 
68 53 64 6 34 
5 79 44 43 50 
68 50 73 84 128 
19 14 85 10 111 
34 87 51 64 148 
77 17 35 16 152 
79 51 75 94 127 
20 57 45 92 161 
56 3 69 41 99 
99 51 30 49 89 
5 68 67 33 92 
83 4 2 34 84 
91 46 29 69 97 
20 77 81 21 93 
63 71 95 31 2 
33 20 12 16 154 
28 89 88 73 146 
13 86 44 50 166 
18 57 14 51 185 
12 75 3 94 63 
24 72 10 4 167 
37 75 38 32 29 
65 93 88 58 31 
4 61 58 97 74 
36 35 33 40 60 
8 59 46 40 185 
60 19 20 86 110 
58 81 85 92 76 
40 49 14 37 38 
27 72 57 36 181 
53 20 7 58 196 
91 41 72 75 155 
80 30 100 42 114 
48 75 4 5 119 
25 77 68 61 199 
89 23 98 23 10 
38 4 12 51 82 
42 14 63 90 132 
20 11 12 16 121 
12 51 74 81 146 
53 70 54 78 135 
78 53 49 61 21 
70 44 51 72 82 
78 21 51 2 32 
37 14 16 41 84 
16 67 54 2 178 
39 51 19 51 108 
71 52 35 86 131 
91 67 4 80 196 
77 62 42 76 169 
94 3 73 66 76 
41 55 15 38 107 
12 101 49 74 148 
21 27 102 19 145 
28 87 67 38 55 
72 12 38 45 134 
56 27 80 19 196 
38 80 55 14 28 
17 38 99 34 111 
92 20 33 8 158 
52 62 25 6 116 
9 38 37 40 137 
32 19 73 73 199 
87 23 31 78 75 
43 75 90 6 114 
92 90 35 84 76 
54 81 32 67 33 
96 4 76 63 182 
3 45 17 47 170 
100 67 29 36 141 
70 91 57 72 75 
