6 1
100
20 73 70 74 15 60 166 
58 78 53 50 38 96 165 
78 4 28 6 19 11 126 
32 100 67 73 52 56 135 
10 86 32 49 35 21 56 
28 85 74 86 63 18 179 
23 35 10 76 53 17 122 
58 22 28 100 6 24 181 
75 4 3 65 6 18 98 
95 23 3 4 77 56 103 
21 56 23 58 96 76 19 
67 59 99 101 41 8 106 
66 6 51 32 99 40 110 
82 73 22 59 102 42 59 
14 10 74 78 63 12 77 
67 7 44 12 50 82 18 
47 6 67 67 11 98 60 
19 54 75 80 18 98 81 
85 2 101 96 35 82 110 
51 27 24 80 99 17 202 
101 9 21 50 60 48 73 
69 58 94 93 46 102 193 
58 101 100 47 15 100 167 
7 46 19 17 102 56 196 
80 45 89 15 83 32 39 
47 55 32 60 52 6 34 
47 9 5 91 83 61 191 
28 26 36 86 18 19 193 
65 5 35 60 94 41 182 
15 7 80 65 72 78 23 
48 70 89 65 96 68 123 
39 16 28 21 97 4 107 
20 55 31 67 15 26 168 
53 99 2 61 67 29 66 
3 27 28 13 85 85 165 
59 49 22 24 53 36 55 
91 9 41 98 39 39 194 
54 51 100 59 54 30 194 
72 89 6 32 41 31 74 
90 102 11 15 21 73 126 
8 11 45 63 92 58 126 
92 63 65 30 92 39 102 
78 30 55 32 57 88 177 
63 18 94 15 8 93 3 
9 32 86 20 68 36 95 
43 57 98 65 74 36 164 
27 44 4 51 94 88 27 
73 57 84 66 87 77 93 
94 53 51 86 67 63 169 
33 81 12 25 5 5 74 
75 59 70 85 54 8 73 
77 92 65 16 7 90 75 
77 3 56 83 61 3 99 
6 49 81 8 75 99 192 
65 94 28 91 85 79 201 
100 17 82 35 70 12 38 
63 87 72 63 74 49 116 
80 58 45 46 4 89 141 
12 91 79 81 11 43 26 
100 40 26 23 13 40 157 
89 76 49 93 93 33 90 
64 11 48 3 53 39 174 
38 85 47 83 92 31 179 
28 5 57 62 71 8 127 
49 48 41 63 11 82 185 
84 97 55 13 59 27 99 
82 34 80 60 6 29 129 
57 81 42 24 10 91 125 
73 95 33 24 27 84 31 
65 8 42 44 59 96 110 
90 94 72 35 6 42 95 
74 78 3 67 81 101 189 
68 101 41 3 93 32 25 
5 24 91 34 45 36 36 
27 41 18 48 35 11 138 
90 72 91 6 51 17 203 
18 32 60 48 84 24 197 
9 2 43 69 67 44 174 
71 83 3 63 8 32 95 
40 87 20 48 92 28 161 
31 52 99 44 17 14 176 
95 33 88 63 14 22 39 
40 77 82 70 69 84 39 
91 90 45 45 87 55 161 
47 42 3 94 98 20 161 
52 46 27 52 32 101 156 
53 17 102 96 12 30 203 
12 40 80 25 45 63 82 
64 56 100 31 61 10 100 
93 87 71 17 4 41 180 
34 57 20 39 86 44 79 
74 45 51 78 27 81 73 
3 25 71 55 59 41 179 
92 29 23 73 93 30 122 
33 33 81 9 91 13 160 
85 62 88 62 21 3 184 
13 51 56 36 31 15 183 
64 101 64 47 2 3 86 
30 99 68 95 16 81 87 
14 72 70 39 70 59 39 
