4 1
100
56 82 63 4 36 
101 64 42 10 107 
87 10 41 47 14 
45 67 55 82 123 
63 52 27 10 47 
23 93 50 94 164 
45 72 79 93 45 
78 71 80 79 190 
24 53 70 36 22 
27 32 99 8 80 
89 34 6 57 178 
5 57 55 82 195 
10 16 50 30 22 
17 33 50 26 62 
76 89 78 89 78 
11 84 93 100 199 
93 96 44 55 190 
13 68 24 6 38 
23 18 100 83 173 
10 5 42 27 194 
95 84 75 79 132 
2 58 19 19 159 
23 66 58 84 10 
16 74 97 37 202 
51 11 47 9 18 
60 91 97 4 61 
9 44 68 5 11 
12 23 67 91 190 
57 51 7 28 197 
59 62 18 79 144 
38 10 7 28 95 
86 39 68 71 15 
13 63 16 90 145 
81 100 55 80 192 
95 10 9 44 92 
101 6 20 12 105 
100 75 20 34 191 
101 39 43 59 42 
75 57 98 84 167 
96 37 19 57 38 
62 9 40 85 157 
30 3 66 83 96 
82 21 58 20 19 
40 44 84 96 148 
44 59 98 60 45 
41 14 26 62 103 
66 89 65 94 186 
93 37 38 57 133 
100 75 62 12 82 
56 100 80 76 91 
54 55 25 85 156 
5 13 82 63 79 
19 79 6 33 169 
96 57 66 29 37 
5 8 28 31 152 
70 99 88 20 137 
42 36 52 18 200 
13 66 82 18 180 
81 58 77 19 99 
23 71 31 30 95 
101 36 53 59 85 
48 29 96 11 18 
7 27 63 96 200 
85 28 90 35 147 
32 77 51 41 79 
49 34 11 83 109 
101 71 60 74 139 
8 85 96 77 107 
86 72 74 10 170 
56 97 82 21 134 
97 83 98 58 34 
26 87 14 20 193 
16 20 14 58 20 
39 69 91 29 187 
101 34 15 83 180 
62 5 43 58 172 
54 54 92 18 120 
20 75 5 58 90 
23 73 77 82 78 
68 60 18 101 95 
89 8 55 30 135 
64 70 17 70 115 
23 46 58 36 87 
65 30 98 99 186 
66 66 34 85 144 
30 59 35 45 46 
4 89 44 12 197 
48 100 64 52 196 
52 60 37 3 47 
79 17 43 40 153 
40 63 21 10 169 
25 75 72 59 78 
7 37 74 48 110 
36 5 49 40 195 
67 67 49 3 85 
8 31 34 63 190 
15 18 97 70 171 
43 70 35 29 151 
75 30 7 14 185 
17 88 91 49 181 
