6 1
100
16 81 12 34 43 78 181 
51 92 58 99 81 72 52 
16 83 9 6 39 95 68 
30 24 70 8 10 21 39 
82 58 94 82 51 4 97 
70 81 64 60 25 4 158 
25 56 82 47 27 68 149 
101 54 56 86 34 17 177 
59 45 28 35 59 72 141 
36 67 18 32 70 79 96 
4 47 48 16 92 58 12 
69 90 63 85 55 48 167 
6 39 98 19 89 62 24 
38 39 27 67 34 10 181 
92 65 17 59 90 28 198 
10 10 72 44 61 83 182 
56 67 52 6 27 89 63 
29 22 15 82 19 37 134 
10 23 51 60 49 18 159 
27 48 29 67 21 87 196 
31 28 77 30 81 24 168 
74 77 63 9 23 60 128 
45 3 79 73 93 34 203 
89 23 85 14 67 13 62 
20 25 41 7 4 36 200 
96 40 54 40 16 85 75 
48 90 53 28 60 18 167 
47 52 96 30 55 99 88 
7 94 18 16 13 54 110 
54 24 4 21 26 66 100 
65 27 35 79 51 65 84 
35 35 88 9 98 50 151 
75 48 79 52 40 58 183 
48 38 26 5 33 84 193 
68 51 9 36 53 35 166 
27 62 53 6 35 4 147 
61 33 9 17 6 82 161 
78 27 71 88 11 61 37 
91 11 76 20 83 48 138 
86 80 75 46 17 94 99 
87 28 48 7 56 19 177 
7 19 90 28 4 18 183 
26 41 50 45 76 66 75 
53 78 88 54 57 7 155 
55 35 73 92 90 32 186 
101 25 83 57 44 33 173 
94 88 94 81 33 80 123 
41 28 3 43 31 14 71 
52 63 55 100 15 13 106 
86 19 39 17 87 100 53 
18 68 90 34 35 53 122 
92 96 75 27 29 18 29 
10 72 51 61 21 59 100 
64 31 58 31 22 35 18 
71 57 66 47 81 37 49 
61 15 10 98 63 77 123 
69 82 76 87 97 40 156 
50 90 58 69 43 79 112 
40 33 5 15 20 54 44 
41 11 81 50 83 92 100 
58 43 66 60 84 91 194 
51 85 46 26 97 34 46 
69 10 81 40 60 71 45 
84 7 84 44 25 41 57 
72 96 39 16 50 30 187 
49 94 11 61 90 61 181 
51 62 91 26 22 101 149 
3 3 12 25 23 29 152 
38 83 18 61 51 70 161 
90 8 12 49 6 32 41 
18 72 81 72 12 35 70 
47 95 20 5 42 57 143 
95 29 94 29 2 19 25 
13 95 102 41 94 12 124 
56 81 79 18 71 55 173 
33 34 55 13 96 43 186 
90 100 59 11 15 11 194 
81 20 22 6 15 10 13 
79 81 33 20 24 75 187 
16 44 89 74 4 87 128 
98 40 17 8 79 22 47 
97 45 32 81 3 67 153 
63 58 14 57 47 81 112 
55 24 95 74 69 102 153 
58 72 39 13 26 35 170 
82 7 100 38 90 85 167 
38 3 41 23 10 19 107 
87 77 18 59 8 10 89 
18 24 36 11 23 49 82 
75 95 70 79 34 93 167 
53 17 21 59 98 75 35 
23 56 53 61 85 25 145 
97 22 56 20 27 42 130 
85 66 29 70 38 44 128 
10 74 46 78 28 73 70 
62 99 2 13 37 29 194 
70 85 52 40 27 71 160 
75 16 62 9 53 20 141 
53 94 91 62 33 56 30 
84 9 85 59 54 39 73 
