8 1
100
44 56 20 93 53 99 29 97 50 
18 79 76 99 21 11 44 72 146 
15 68 87 26 19 19 73 56 3 
100 31 8 65 26 51 32 95 19 
72 69 18 8 31 78 83 54 112 
11 71 55 66 8 76 56 6 144 
52 20 39 3 23 99 99 31 136 
20 55 55 26 69 28 2 75 7 
57 9 39 11 45 67 64 64 174 
49 36 25 34 11 22 81 82 154 
73 70 48 21 12 2 12 65 203 
3 87 4 29 65 36 73 101 199 
35 42 77 74 41 61 14 51 193 
46 87 46 35 47 89 53 31 11 
58 38 99 39 101 82 67 63 157 
86 22 73 91 63 12 25 48 82 
3 101 31 89 9 62 8 69 160 
58 70 41 16 78 36 31 17 129 
3 98 43 97 9 80 84 30 61 
26 56 26 36 13 101 49 53 63 
78 71 31 39 33 35 4 11 191 
40 71 47 38 62 49 50 24 102 
101 8 93 53 7 81 33 84 26 
56 24 59 42 69 27 6 55 93 
36 66 67 11 95 100 87 47 121 
86 90 96 79 88 91 52 51 92 
41 27 67 52 7 51 22 50 178 
38 100 4 22 34 9 4 16 120 
86 92 15 95 68 62 22 49 192 
20 79 38 70 92 20 82 68 58 
82 86 60 18 90 47 13 50 97 
59 66 58 89 78 74 32 68 121 
33 47 62 7 32 61 58 5 144 
53 70 9 86 41 68 82 23 62 
102 70 4 70 84 19 14 65 168 
40 33 4 66 40 26 61 51 43 
70 77 56 102 62 87 77 62 165 
42 75 27 92 9 56 45 33 198 
59 66 65 44 95 69 78 20 147 
71 90 32 85 27 93 48 14 96 
77 102 10 19 95 25 39 75 185 
59 50 26 49 23 9 29 5 174 
59 28 84 90 26 45 16 8 147 
53 59 50 36 45 97 10 70 64 
91 42 73 42 8 22 78 21 142 
50 23 69 25 58 24 7 91 176 
66 89 78 67 5 89 53 88 34 
45 25 7 31 41 55 79 40 128 
16 19 22 64 14 7 75 68 173 
7 30 3 28 31 56 11 46 165 
56 26 40 86 91 22 6 36 196 
67 21 84 16 48 19 62 93 148 
68 4 78 74 94 38 4 48 119 
17 19 96 52 22 98 74 24 32 
27 32 30 2 60 80 10 10 97 
5 92 84 86 68 40 84 45 86 
7 84 33 3 84 45 64 91 36 
4 16 101 89 44 26 5 37 124 
47 68 46 100 65 86 91 102 115 
78 33 52 58 71 79 56 70 82 
85 26 51 87 40 71 63 8 192 
50 18 50 61 83 33 80 39 156 
100 9 21 50 14 84 89 88 119 
68 48 48 24 35 76 86 22 24 
14 62 30 77 38 59 92 44 171 
10 19 53 21 80 33 2 58 124 
23 38 14 68 100 54 13 97 123 
51 27 85 76 77 63 23 68 158 
51 25 73 64 60 72 101 81 141 
9 49 70 16 24 79 16 65 171 
101 48 63 77 66 44 99 43 35 
3 36 44 91 100 14 56 54 69 
91 61 80 44 70 22 86 6 98 
94 36 5 8 62 14 79 24 43 
18 75 61 31 67 19 56 100 92 
29 20 51 58 62 72 46 27 11 
8 58 80 44 94 62 96 7 16 
15 96 76 33 14 78 94 40 160 
76 62 95 63 90 72 77 59 177 
100 38 76 35 64 37 9 73 135 
44 76 84 101 37 62 12 43 9 
72 98 8 75 65 24 94 72 133 
13 47 70 10 68 37 75 98 141 
35 82 34 42 26 43 13 52 130 
99 77 27 35 53 50 68 7 125 
83 27 75 54 43 95 72 98 55 
99 36 10 49 28 41 94 79 125 
73 33 74 67 64 15 61 97 193 
41 80 95 23 44 64 76 94 145 
98 83 41 41 72 30 16 15 35 
58 52 51 89 44 76 89 97 152 
91 18 65 62 95 48 100 33 38 
35 79 93 49 75 36 70 98 196 
24 34 63 47 52 51 99 5 93 
48 55 38 21 36 50 89 87 156 
10 38 90 94 43 41 12 83 76 
27 11 78 17 21 48 80 67 128 
15 46 68 16 65 92 3 54 159 
84 16 45 46 61 91 60 62 123 
11 32 93 24 37 71 15 74 192 
