4 1
100
83 41 86 17 89 
100 21 71 26 126 
24 14 69 4 64 
51 80 33 95 159 
39 60 87 61 176 
93 27 4 3 66 
81 60 65 100 58 
4 34 46 12 127 
84 82 67 91 98 
3 101 14 4 160 
64 76 16 24 87 
25 56 28 31 107 
75 19 69 94 168 
66 51 71 76 61 
20 35 22 33 195 
59 96 98 13 174 
94 14 2 25 143 
7 45 44 58 12 
49 8 17 60 181 
67 15 75 8 171 
54 31 40 75 125 
31 56 85 28 172 
32 60 17 46 124 
63 19 46 24 157 
23 9 16 72 167 
13 20 64 45 63 
47 23 92 29 68 
64 76 30 64 85 
54 62 18 73 154 
91 94 73 100 58 
51 70 53 31 128 
47 18 71 93 102 
13 94 43 98 82 
11 71 89 13 200 
89 91 84 83 53 
63 93 44 96 189 
21 49 66 17 166 
79 72 62 67 179 
49 7 39 15 63 
62 22 22 34 136 
23 7 62 2 83 
62 88 72 6 5 
56 75 76 100 63 
66 30 28 17 129 
41 10 24 26 105 
84 54 72 53 135 
43 74 12 30 147 
16 89 65 77 45 
92 3 58 65 70 
75 33 40 84 136 
34 96 7 71 59 
14 85 38 51 120 
10 18 21 40 124 
84 65 49 29 34 
79 67 53 95 148 
40 54 61 92 160 
53 16 90 86 71 
49 69 44 102 122 
34 53 16 18 30 
76 84 20 5 107 
12 87 14 68 182 
69 45 13 98 184 
63 26 48 73 18 
96 31 37 6 28 
17 24 49 69 172 
28 52 37 82 201 
58 36 58 40 139 
68 4 23 97 137 
6 58 47 11 201 
10 7 45 10 42 
47 49 16 92 77 
91 39 46 84 130 
19 10 34 100 71 
29 69 10 5 87 
94 9 41 39 20 
61 78 40 71 155 
23 9 29 62 109 
11 22 69 3 162 
30 60 41 34 104 
98 26 49 77 147 
43 99 42 68 59 
40 10 79 83 160 
14 102 77 8 88 
12 83 74 47 52 
9 3 9 26 30 
36 70 9 89 28 
37 31 64 99 73 
26 69 63 34 33 
3 46 88 25 137 
31 85 35 92 84 
17 54 4 53 133 
42 92 18 54 193 
72 3 92 70 89 
85 40 80 73 40 
45 22 42 32 49 
65 17 87 59 174 
53 37 19 48 199 
85 29 14 34 193 
36 53 11 39 94 
3 56 19 81 171 
