4 1
100
88 88 8 48 177 
10 76 90 31 147 
54 50 77 37 56 
76 3 23 6 93 
86 85 18 20 154 
86 2 62 29 130 
83 94 47 59 161 
102 33 91 37 45 
62 85 75 54 101 
12 52 25 15 101 
102 96 48 94 104 
5 72 90 72 7 
10 17 63 68 186 
62 6 21 58 56 
45 14 88 85 174 
3 12 66 71 135 
36 79 48 80 130 
89 48 54 8 155 
32 45 20 35 28 
47 24 9 63 182 
8 34 69 89 13 
90 10 65 9 102 
95 8 21 7 141 
33 70 86 5 10 
16 54 15 82 197 
3 96 55 72 83 
81 5 5 82 123 
4 12 61 74 155 
81 85 47 58 169 
26 26 15 66 168 
79 40 6 59 153 
56 21 89 92 12 
96 57 95 69 144 
92 4 41 47 138 
22 11 14 29 53 
34 9 58 100 148 
79 83 91 90 131 
43 101 48 8 13 
85 26 71 69 168 
25 91 80 88 188 
24 87 71 99 126 
69 28 79 34 88 
50 65 91 20 60 
15 69 7 5 61 
93 58 35 41 173 
99 42 47 47 6 
45 30 72 7 104 
93 14 94 28 196 
17 25 17 65 119 
21 36 54 40 142 
59 86 77 59 4 
68 54 31 14 133 
30 84 33 32 204 
21 95 86 69 77 
3 76 81 9 30 
71 44 72 83 134 
64 90 8 78 93 
61 55 15 7 174 
41 85 82 63 141 
35 93 87 65 80 
28 53 87 3 140 
84 7 70 45 67 
26 84 50 49 7 
41 77 57 87 85 
68 82 81 84 201 
20 96 20 40 165 
79 59 9 45 81 
14 6 7 10 129 
56 88 72 75 125 
59 36 35 61 61 
60 39 2 24 149 
48 73 5 5 103 
90 89 32 64 112 
69 77 7 10 185 
38 72 49 24 178 
82 13 8 23 85 
86 63 61 11 47 
43 59 87 72 190 
42 3 5 60 153 
69 58 9 20 191 
84 31 27 71 191 
90 92 80 36 188 
37 67 83 63 135 
29 30 23 42 29 
13 91 37 17 103 
37 69 90 49 43 
26 5 90 29 121 
57 38 92 18 71 
53 81 53 80 118 
78 22 43 94 99 
41 37 69 7 170 
95 96 12 21 121 
23 3 33 16 139 
34 79 56 4 25 
93 40 7 8 128 
34 40 59 60 152 
17 28 98 101 166 
91 38 86 46 136 
63 28 73 59 28 
52 50 39 12 53 
