6 1
100
96 22 101 18 31 37 27 
24 85 16 26 20 30 94 
72 72 48 93 67 75 53 
96 81 64 81 46 80 48 
72 81 68 98 97 47 192 
29 76 12 31 98 91 154 
37 44 94 51 6 45 25 
15 52 12 4 38 99 204 
43 40 40 86 59 92 108 
6 50 30 26 85 53 89 
97 38 64 71 86 52 122 
39 71 32 42 38 14 117 
31 58 96 61 49 96 175 
38 74 47 41 102 25 64 
95 66 27 23 94 70 38 
16 50 35 54 49 43 10 
71 10 46 23 80 97 153 
94 36 67 38 59 60 121 
65 19 32 86 29 31 91 
7 7 21 46 46 41 32 
10 63 8 2 56 83 139 
67 3 20 24 30 58 4 
33 62 87 37 12 61 105 
33 5 71 23 14 62 130 
5 27 79 36 58 62 172 
74 61 38 5 78 93 201 
19 14 64 101 75 45 152 
47 35 11 36 83 66 158 
60 40 82 44 23 7 127 
77 43 90 74 98 19 120 
3 52 34 36 70 54 30 
94 9 24 41 19 91 117 
94 70 2 77 98 9 31 
23 58 63 57 88 39 86 
73 76 29 79 29 18 92 
86 79 102 15 14 65 136 
33 60 4 7 18 7 170 
74 90 99 102 12 46 164 
96 73 81 83 18 75 44 
35 97 64 92 75 15 18 
94 2 64 87 45 50 184 
100 61 52 73 34 60 202 
88 32 79 19 73 67 184 
8 23 34 98 93 47 199 
65 42 17 44 94 77 165 
89 37 17 68 98 92 195 
14 31 12 86 16 24 97 
67 87 75 4 50 20 175 
81 32 91 55 5 95 72 
21 37 31 41 85 20 202 
97 64 53 77 77 97 192 
94 24 14 79 25 53 200 
57 45 43 47 59 97 17 
8 28 16 96 99 63 191 
96 84 47 33 6 50 144 
25 24 29 75 25 94 178 
10 79 78 81 44 39 131 
94 90 97 28 25 93 182 
38 39 84 80 36 3 200 
42 69 47 22 4 30 66 
23 16 73 36 5 22 200 
51 40 16 57 26 31 7 
96 52 7 82 59 83 177 
87 47 98 91 93 92 138 
12 33 61 42 11 34 146 
76 25 94 22 73 93 178 
102 69 24 12 73 98 96 
19 42 42 48 49 47 75 
71 78 47 14 33 32 82 
9 57 18 17 99 33 42 
29 16 62 87 92 101 174 
79 75 82 22 96 23 190 
93 22 96 64 89 37 11 
49 49 10 42 63 50 189 
15 9 97 76 66 29 183 
28 82 62 58 48 53 188 
4 67 94 39 12 49 34 
37 24 55 12 98 17 163 
68 53 47 31 54 94 133 
69 87 48 31 96 5 133 
42 35 8 43 86 15 93 
84 19 6 53 3 79 159 
87 44 66 70 13 12 123 
31 17 29 96 61 29 74 
82 48 9 18 45 53 194 
91 49 72 14 5 36 171 
37 43 80 53 17 89 168 
45 84 63 85 95 7 25 
20 81 49 27 87 12 7 
73 98 38 60 28 84 196 
97 96 58 11 78 78 191 
76 51 46 45 42 55 76 
65 48 35 53 48 86 145 
70 25 89 19 27 83 131 
47 45 95 91 7 88 100 
90 7 76 19 30 20 91 
31 5 84 47 58 68 18 
52 4 9 82 101 27 55 
73 71 93 53 97 32 60 
9 53 56 38 69 90 153 
