2 1
100
90 33 145 
31 11 155 
95 3 203 
8 66 102 
12 44 144 
59 64 120 
89 71 185 
16 87 178 
80 45 15 
23 24 97 
75 66 11 
8 52 127 
15 15 17 
19 100 9 
3 16 79 
83 92 95 
71 28 105 
46 11 145 
33 76 94 
86 53 137 
72 73 162 
54 35 204 
47 6 188 
10 46 102 
53 73 145 
89 15 147 
51 99 108 
62 54 196 
98 31 113 
36 77 157 
18 31 127 
43 49 56 
26 51 166 
40 38 176 
56 63 167 
3 95 79 
2 46 125 
76 36 110 
16 11 42 
85 58 9 
47 13 59 
17 94 32 
90 12 49 
46 65 131 
92 13 127 
68 8 185 
16 96 75 
19 36 66 
18 44 194 
10 29 79 
9 43 190 
80 95 51 
60 41 142 
69 15 170 
17 58 165 
99 85 48 
94 50 7 
31 71 127 
69 30 158 
98 101 102 
22 82 170 
87 38 46 
73 15 39 
40 10 139 
23 50 166 
55 4 159 
53 21 121 
74 18 162 
38 80 149 
33 13 133 
49 64 81 
22 49 69 
2 32 42 
61 29 145 
7 56 81 
37 10 45 
83 16 56 
102 47 165 
92 50 131 
6 52 120 
51 42 5 
55 93 97 
30 4 4 
50 55 147 
60 94 188 
90 69 128 
42 3 144 
53 52 198 
40 49 35 
60 31 201 
72 98 164 
64 12 177 
71 53 130 
95 9 14 
22 35 124 
57 44 109 
91 4 166 
3 66 101 
90 100 182 
6 17 90 
