6 1
100
62 67 59 57 46 91 175 
73 22 86 49 56 7 114 
53 21 66 44 71 92 199 
8 17 37 64 43 34 185 
2 68 82 32 83 89 67 
14 27 50 50 101 81 165 
31 91 31 18 23 101 83 
7 98 54 62 13 10 111 
53 24 95 5 59 97 146 
56 6 18 75 19 25 81 
96 18 96 72 12 18 157 
28 9 48 22 35 52 194 
71 30 72 72 81 80 125 
5 57 47 44 86 12 154 
86 14 44 5 78 3 24 
83 60 93 3 94 79 52 
17 49 85 27 47 78 172 
79 48 6 41 47 80 187 
63 51 30 28 9 3 86 
96 6 18 58 52 86 181 
71 82 70 89 3 38 180 
10 64 19 42 35 93 18 
68 41 67 33 25 22 41 
11 65 77 87 78 85 44 
45 69 70 97 95 97 17 
69 37 54 46 44 6 110 
89 13 88 76 12 36 59 
67 54 27 29 66 72 123 
19 95 3 27 56 69 133 
97 51 46 43 98 3 203 
6 15 89 83 18 68 46 
54 91 14 68 51 95 159 
17 45 70 31 28 49 103 
44 53 22 90 38 91 189 
64 44 35 16 35 30 126 
41 40 48 50 6 40 133 
6 92 60 7 77 89 163 
7 78 14 72 55 52 126 
64 70 95 82 79 32 184 
49 81 54 18 66 19 156 
8 25 82 24 11 87 79 
63 63 85 64 4 15 117 
68 23 47 82 80 102 158 
72 55 70 29 11 77 116 
13 9 91 12 72 6 203 
55 34 50 47 67 25 4 
9 11 20 76 19 35 166 
59 9 38 88 19 101 74 
71 14 97 2 12 84 103 
57 96 53 34 11 59 27 
92 99 37 15 78 78 130 
46 52 55 94 43 77 110 
101 55 27 55 7 66 171 
21 55 46 57 43 53 107 
17 69 44 10 78 71 139 
12 3 74 42 25 74 54 
64 44 10 71 9 98 114 
43 29 81 6 95 31 143 
46 93 61 37 27 14 60 
85 12 85 67 8 88 182 
55 54 15 84 93 60 118 
12 38 88 37 57 98 151 
42 65 7 85 42 100 135 
12 16 7 99 63 99 161 
34 27 6 2 12 68 181 
76 68 23 4 73 14 71 
57 75 3 73 17 57 89 
49 81 84 68 90 25 88 
41 10 87 33 63 81 159 
13 84 36 46 32 87 135 
99 85 83 71 87 34 113 
43 7 29 48 44 38 174 
48 23 36 24 45 48 74 
60 38 73 11 36 58 90 
93 68 28 87 72 79 102 
98 3 99 4 93 90 200 
5 61 87 21 45 95 133 
63 2 24 89 41 32 81 
49 12 62 54 77 14 102 
40 2 63 73 61 38 104 
22 39 22 54 60 40 114 
80 89 92 92 66 81 62 
68 6 100 34 49 12 101 
94 39 52 18 78 50 133 
60 26 50 86 59 17 85 
65 4 37 83 95 86 142 
25 72 64 14 35 22 147 
98 65 42 14 27 3 59 
2 72 38 84 91 93 41 
65 44 8 9 66 90 9 
4 65 53 56 29 82 141 
69 91 6 45 30 95 127 
63 11 74 33 15 15 129 
34 101 100 6 95 52 123 
30 57 7 71 34 71 192 
102 91 61 101 24 61 70 
83 34 41 63 100 60 7 
35 36 78 53 77 43 143 
66 55 52 35 32 11 80 
35 102 76 99 26 70 125 
