2 1
100
10 46 193 
51 26 15 
19 15 69 
13 8 91 
59 7 84 
51 32 154 
54 31 58 
27 86 139 
86 47 148 
98 97 104 
75 58 200 
16 25 178 
41 56 93 
39 86 71 
13 66 164 
12 8 185 
33 25 187 
79 10 153 
27 86 124 
28 67 161 
36 23 40 
85 40 102 
48 46 168 
55 12 157 
32 17 93 
96 16 42 
90 76 81 
84 67 146 
61 98 100 
25 90 81 
29 15 180 
68 5 129 
17 30 55 
32 65 129 
10 80 29 
17 48 189 
31 34 143 
43 40 186 
42 54 115 
49 26 86 
3 25 113 
45 28 198 
90 66 26 
84 80 176 
96 60 24 
78 75 179 
60 46 103 
58 96 117 
71 88 152 
99 29 105 
9 70 10 
86 31 84 
10 67 106 
19 29 169 
83 49 109 
86 49 165 
82 65 161 
70 91 164 
94 48 60 
100 76 82 
25 93 76 
63 77 23 
84 11 60 
72 71 18 
38 43 36 
69 76 97 
6 88 82 
96 19 131 
74 41 161 
25 95 170 
14 11 187 
14 96 73 
48 22 146 
45 4 78 
54 12 193 
73 34 99 
65 27 146 
84 97 179 
2 31 152 
75 91 76 
34 61 36 
48 61 122 
18 27 97 
84 23 112 
77 63 172 
4 43 16 
71 3 16 
32 62 139 
14 32 32 
6 13 134 
63 75 66 
37 13 89 
23 9 106 
37 56 17 
3 84 10 
19 9 70 
6 100 179 
69 6 178 
32 3 201 
51 36 61 
