4 1
100
5 71 18 55 150 
15 71 39 2 110 
90 53 51 82 43 
92 41 81 35 139 
33 63 89 19 199 
40 5 11 37 168 
82 96 18 71 198 
52 45 44 96 101 
21 5 79 68 58 
29 12 87 54 13 
5 93 62 86 166 
45 84 101 58 74 
12 61 4 20 150 
97 37 82 85 145 
49 99 87 86 100 
30 85 23 91 144 
30 20 60 32 161 
91 36 34 90 111 
70 46 88 61 80 
62 3 61 95 69 
94 32 5 83 120 
8 7 78 37 108 
62 63 12 87 18 
95 3 74 41 172 
63 5 94 30 7 
5 13 29 47 181 
29 26 30 58 159 
100 17 79 73 149 
86 60 99 37 193 
10 36 3 53 94 
61 31 22 11 148 
92 40 76 80 114 
98 80 32 49 53 
37 35 56 10 23 
79 26 3 69 204 
5 8 59 36 194 
71 12 78 102 61 
101 6 21 85 180 
62 43 101 17 158 
8 30 52 12 122 
77 82 96 43 140 
37 29 55 11 143 
86 83 43 86 178 
88 4 33 20 56 
33 16 73 21 104 
39 27 88 92 192 
77 57 49 76 43 
90 18 37 33 192 
74 53 12 16 11 
80 2 17 30 186 
5 99 35 85 59 
63 12 76 92 66 
12 43 66 17 193 
31 36 68 65 202 
72 69 101 26 113 
82 6 59 17 148 
38 13 60 101 185 
80 25 65 48 122 
81 44 47 102 172 
32 89 97 21 155 
46 36 53 32 44 
38 100 11 31 100 
59 55 62 20 195 
101 86 67 26 36 
8 73 22 6 43 
30 24 101 42 51 
95 10 40 41 60 
4 61 30 80 112 
82 16 37 100 6 
28 84 30 6 174 
49 24 74 4 143 
75 16 49 11 189 
17 101 71 6 114 
51 17 23 91 191 
42 58 89 71 77 
94 38 25 4 193 
48 96 97 57 159 
73 39 38 71 115 
90 14 21 87 82 
83 47 33 44 110 
13 64 41 13 93 
93 37 4 67 159 
38 93 47 16 95 
23 6 16 28 174 
14 81 53 35 12 
30 39 4 32 115 
49 8 83 51 172 
87 57 86 12 177 
38 37 73 94 41 
100 69 6 41 39 
79 32 6 59 85 
33 12 7 8 36 
57 34 74 11 63 
33 12 98 32 126 
68 22 7 42 101 
79 10 61 16 16 
63 34 66 13 160 
19 3 26 10 109 
76 52 80 95 66 
5 65 64 64 181 
