4 1
100
26 101 71 51 104 
16 83 82 92 163 
3 37 25 86 83 
66 43 92 51 179 
92 95 98 13 116 
49 87 83 96 170 
38 28 52 93 59 
78 57 83 38 159 
7 31 82 30 121 
12 5 91 63 62 
46 39 28 60 138 
33 4 60 95 8 
31 2 88 8 91 
76 87 34 58 132 
11 62 55 74 169 
63 15 70 54 95 
47 98 22 67 81 
101 3 95 25 199 
75 99 90 35 101 
7 45 76 86 174 
27 73 35 99 44 
86 85 56 77 15 
19 36 8 48 120 
34 82 23 69 93 
75 95 11 61 186 
14 74 22 24 159 
20 42 87 69 45 
76 65 25 46 112 
17 48 20 19 164 
41 92 44 77 36 
27 24 9 41 25 
34 64 76 7 19 
15 65 34 99 180 
80 51 41 27 173 
71 59 79 14 62 
29 77 94 81 107 
24 32 47 8 108 
98 35 48 57 182 
14 91 20 38 86 
54 16 22 31 6 
92 53 19 92 98 
70 47 96 11 172 
59 72 97 56 177 
85 20 29 47 188 
47 5 86 38 148 
82 41 44 73 159 
15 57 65 79 127 
73 15 57 60 173 
53 41 39 73 66 
44 96 66 51 120 
36 90 77 39 118 
89 69 82 20 140 
31 5 25 33 147 
4 9 21 94 34 
72 65 71 62 85 
8 68 15 7 64 
87 77 95 14 89 
27 82 28 21 154 
6 35 40 92 115 
50 17 8 101 63 
36 78 75 35 181 
74 21 17 97 105 
22 56 78 89 169 
56 13 13 90 96 
24 83 101 19 26 
39 27 81 7 190 
93 62 16 76 196 
11 4 61 26 147 
8 67 33 70 113 
52 59 53 9 5 
39 6 20 55 19 
55 78 58 23 105 
49 42 12 4 124 
62 42 3 93 150 
54 53 89 18 84 
59 52 33 64 126 
82 76 74 5 114 
89 45 63 68 88 
35 48 40 75 52 
68 56 31 10 193 
12 58 62 35 102 
88 19 3 14 106 
5 47 96 62 146 
74 70 10 49 150 
19 82 37 50 83 
8 15 17 93 153 
4 23 25 69 106 
26 17 41 55 142 
72 43 50 17 81 
90 54 80 3 109 
100 49 84 37 158 
32 23 14 95 91 
75 4 12 39 101 
84 24 29 10 98 
60 31 56 79 8 
78 33 22 11 108 
55 37 15 41 158 
57 42 91 92 45 
4 5 48 11 197 
70 33 13 68 118 
