4 1
100
89 76 71 14 79 
28 50 73 28 187 
5 51 44 4 100 
20 31 26 47 193 
44 28 50 12 127 
60 72 43 85 146 
85 30 5 32 186 
52 85 49 82 101 
39 4 88 32 73 
15 10 31 39 132 
98 31 82 32 195 
64 28 61 52 164 
59 9 91 56 19 
77 48 14 13 202 
37 84 46 98 118 
42 42 20 77 100 
52 42 6 20 154 
56 50 75 36 62 
26 26 99 102 189 
32 15 34 24 123 
69 98 21 40 61 
16 87 87 75 114 
24 10 86 3 63 
19 5 72 81 111 
30 75 80 83 155 
14 87 47 5 56 
29 10 98 17 167 
56 23 68 91 125 
71 65 102 81 18 
17 42 98 71 155 
29 45 55 70 68 
96 20 40 64 37 
32 42 83 48 60 
16 14 71 22 156 
97 40 83 20 173 
66 75 101 75 124 
74 90 77 29 204 
86 56 30 85 178 
38 85 5 74 65 
31 84 56 52 191 
5 73 79 95 165 
91 64 37 85 140 
23 21 67 4 94 
43 67 56 48 93 
62 86 88 34 84 
14 36 11 89 115 
85 21 51 82 118 
3 14 84 49 23 
24 21 47 16 136 
19 20 3 28 184 
66 30 9 7 69 
21 87 46 54 140 
57 54 50 29 175 
4 72 87 47 93 
31 85 9 38 48 
43 41 74 68 50 
96 35 85 99 187 
57 14 46 48 80 
18 70 32 81 114 
72 73 20 31 132 
49 35 58 83 124 
83 23 73 84 189 
81 15 80 31 151 
24 71 54 37 64 
92 27 41 8 61 
64 55 30 82 109 
72 24 45 4 156 
63 79 4 38 23 
36 42 64 56 122 
5 92 3 7 71 
2 21 84 100 152 
24 96 52 54 202 
30 94 93 31 49 
60 72 78 54 28 
47 70 17 27 197 
52 65 87 49 56 
74 54 26 48 108 
52 41 46 30 112 
69 29 52 39 168 
44 51 35 33 5 
34 15 51 94 183 
35 6 59 4 52 
61 11 6 27 56 
78 71 47 78 150 
21 28 51 100 94 
20 20 80 45 113 
2 32 57 47 193 
61 5 34 59 42 
48 84 45 5 196 
60 25 27 12 13 
75 7 59 59 170 
8 67 53 48 146 
17 28 17 49 52 
31 57 61 33 140 
75 39 90 58 56 
39 85 48 4 180 
97 95 70 39 168 
97 75 99 64 180 
96 54 87 87 12 
22 69 98 80 137 
