6 1
100
39 26 98 53 69 39 197 
65 3 73 101 3 63 146 
51 51 17 15 43 59 6 
47 63 36 16 33 29 97 
79 68 75 71 74 99 173 
5 30 47 62 90 61 93 
18 24 79 17 74 38 169 
79 17 47 9 63 24 187 
65 63 39 37 12 51 176 
37 100 32 31 67 88 95 
22 72 55 55 101 59 61 
41 60 101 62 93 66 203 
53 31 64 14 77 95 84 
69 10 27 80 11 61 166 
26 49 88 9 52 39 117 
47 93 56 64 67 64 50 
6 40 78 21 87 89 171 
71 71 19 91 95 8 109 
64 31 77 92 100 50 32 
13 15 55 43 29 45 13 
39 9 52 12 33 19 130 
72 51 60 26 74 100 113 
80 71 20 58 33 6 171 
64 81 74 69 17 11 190 
27 25 80 60 46 80 66 
63 69 81 64 91 92 187 
82 18 68 28 52 62 69 
46 37 87 98 41 24 153 
30 80 46 18 10 72 93 
28 82 68 30 21 25 35 
4 41 96 45 16 94 169 
65 8 43 66 51 62 165 
90 96 64 8 59 59 69 
92 38 48 83 21 49 111 
38 102 100 33 38 19 88 
99 93 55 26 32 94 134 
73 5 54 61 13 66 80 
89 7 24 65 69 85 26 
5 50 64 97 47 31 56 
9 45 35 15 45 40 186 
5 10 83 28 66 70 40 
35 96 23 11 84 17 102 
97 78 71 72 36 33 191 
44 93 32 87 66 41 132 
62 21 49 70 28 50 171 
98 43 38 4 17 95 144 
56 43 88 65 16 79 26 
69 66 45 11 10 99 125 
19 54 44 3 31 56 149 
77 77 42 59 69 68 201 
37 35 70 21 40 26 180 
53 45 24 52 64 55 190 
56 6 62 20 53 25 163 
91 97 3 88 41 99 162 
68 48 8 48 13 15 66 
34 77 92 72 76 75 135 
10 21 53 69 4 82 44 
73 83 41 19 46 21 94 
40 68 35 101 28 11 174 
99 18 6 54 41 63 47 
30 72 50 79 52 16 166 
77 53 21 39 20 61 193 
67 70 31 69 97 88 191 
11 58 73 49 66 83 24 
5 49 18 65 20 100 88 
12 93 42 96 6 66 129 
17 17 63 11 52 92 67 
50 77 87 46 77 31 41 
16 79 32 88 35 72 148 
6 5 77 101 62 54 113 
79 91 75 92 24 33 191 
44 12 41 16 92 81 113 
74 33 20 45 71 25 197 
16 12 10 73 96 93 25 
14 89 11 92 40 79 146 
87 13 56 56 100 28 148 
69 93 74 45 94 19 66 
74 58 58 93 31 60 130 
81 67 21 30 42 84 63 
25 32 26 54 4 85 178 
22 67 92 74 100 27 98 
22 38 30 4 75 82 82 
33 55 101 11 21 10 14 
48 36 28 59 45 44 90 
63 50 93 92 36 47 108 
93 69 21 33 36 18 122 
31 94 27 69 4 92 189 
78 28 44 85 77 83 150 
32 66 16 56 84 6 120 
90 39 14 42 37 89 81 
88 81 80 87 94 49 36 
45 3 93 43 54 53 173 
24 51 9 61 66 81 125 
5 7 79 53 14 3 85 
57 15 29 70 5 55 184 
49 66 100 85 36 59 179 
65 26 15 32 55 76 136 
90 7 83 73 10 80 170 
76 3 35 83 47 78 179 
90 65 75 51 100 97 154 
