8 1
100
100 63 49 78 51 72 85 35 163 
55 5 58 78 25 79 68 21 150 
89 21 101 29 34 88 32 76 131 
32 62 42 48 99 5 64 6 183 
34 50 84 15 39 3 88 71 126 
52 73 41 87 37 75 43 22 197 
18 73 31 63 48 77 8 55 149 
42 9 8 55 17 21 90 37 146 
93 76 84 100 43 65 27 82 9 
27 47 27 69 7 79 8 48 69 
63 73 4 10 9 85 30 48 127 
57 99 58 22 99 3 4 53 95 
17 19 32 67 38 68 74 83 19 
50 75 4 31 49 71 88 29 131 
71 85 69 100 72 96 3 71 170 
50 7 50 26 67 56 33 94 60 
5 98 36 38 38 27 77 82 150 
62 28 52 89 36 72 39 35 139 
81 18 49 38 66 69 85 26 156 
63 25 10 50 100 57 42 85 65 
32 35 49 44 26 92 23 43 89 
35 63 73 80 90 34 88 55 155 
84 69 33 69 55 14 51 16 117 
67 13 31 97 49 53 41 9 204 
22 39 95 59 17 25 26 52 130 
7 85 37 78 64 47 81 60 36 
2 64 81 37 95 11 35 58 63 
17 40 16 22 41 83 34 68 35 
85 27 54 10 46 6 50 46 66 
24 91 51 86 18 90 36 40 93 
22 87 46 85 26 60 95 11 26 
52 87 45 57 46 98 31 99 70 
67 94 20 78 89 52 79 14 139 
83 33 24 27 88 3 37 14 165 
75 101 3 96 17 37 94 100 120 
91 69 47 55 57 21 57 71 95 
29 47 100 96 8 14 93 14 159 
91 27 100 44 21 34 18 58 198 
35 73 79 85 85 91 93 90 93 
24 30 78 5 72 19 57 11 137 
85 81 95 91 5 5 59 5 150 
62 49 49 15 39 101 24 24 201 
71 46 63 11 5 20 69 70 171 
4 88 56 83 89 13 67 34 158 
6 46 69 76 28 83 18 33 86 
100 11 93 78 83 50 21 88 133 
8 77 78 77 23 37 22 57 35 
21 81 62 39 51 7 24 20 159 
33 98 19 83 95 74 78 72 121 
94 28 7 8 64 3 48 61 118 
4 31 25 34 56 74 66 99 107 
84 63 62 88 56 65 73 90 185 
50 27 84 5 101 54 78 30 60 
13 15 18 61 93 92 49 23 183 
57 101 44 48 18 98 22 96 19 
101 8 74 44 37 77 13 100 70 
78 100 32 73 58 28 45 55 171 
37 25 72 73 41 35 76 17 182 
50 4 11 88 85 7 45 80 47 
58 71 80 44 50 95 58 73 47 
62 87 45 18 5 65 15 87 147 
40 30 68 41 71 22 88 64 197 
27 92 17 27 29 80 6 89 172 
8 96 77 80 17 70 13 16 64 
48 34 101 47 75 100 35 7 102 
58 19 2 60 58 88 98 33 166 
9 37 59 67 14 18 81 9 186 
99 62 15 100 30 57 91 41 62 
99 82 20 19 94 24 31 50 142 
86 50 40 91 83 86 89 6 162 
76 84 22 85 68 68 9 38 93 
39 60 91 48 70 19 58 101 105 
65 92 45 37 38 66 49 98 122 
56 10 81 31 13 27 77 18 118 
12 17 16 54 13 58 79 94 185 
82 40 82 23 34 84 35 26 30 
39 41 48 58 38 73 8 55 58 
68 10 48 66 72 54 61 49 172 
39 13 81 88 60 46 76 69 118 
81 35 78 99 98 89 13 41 158 
14 56 81 45 48 59 30 14 172 
46 18 70 29 63 88 101 98 27 
36 52 83 3 85 71 15 29 43 
54 71 14 61 55 34 77 49 190 
7 97 68 24 60 48 62 31 104 
92 54 74 92 100 2 77 79 181 
98 13 73 12 32 21 39 78 88 
74 87 65 38 55 16 94 96 4 
49 15 94 37 43 55 21 25 154 
51 63 73 14 86 79 45 80 76 
24 96 67 49 87 84 6 90 92 
89 56 101 59 100 6 101 30 131 
98 64 71 20 94 9 45 90 32 
73 62 2 88 95 76 80 72 203 
39 101 30 12 33 55 11 33 141 
78 93 66 69 15 58 15 49 36 
69 6 5 59 6 99 69 34 59 
46 3 64 27 82 30 7 64 60 
38 88 32 18 11 62 40 70 198 
54 7 49 46 76 48 59 12 135 
