2 1
100
63 71 192 
35 23 137 
4 95 111 
47 35 44 
73 53 57 
87 12 163 
92 6 29 
92 94 84 
30 52 61 
27 96 160 
84 23 34 
47 47 74 
23 18 160 
34 73 134 
9 18 66 
63 25 64 
26 66 95 
15 26 154 
9 72 156 
55 7 145 
39 79 203 
78 64 25 
7 28 15 
94 67 193 
4 60 70 
50 85 157 
11 69 57 
101 4 63 
34 71 197 
42 40 153 
61 69 23 
9 96 191 
68 33 110 
22 58 197 
26 34 202 
53 13 136 
44 60 177 
102 46 79 
46 41 155 
72 45 189 
17 67 180 
33 34 198 
86 96 131 
42 84 107 
25 91 25 
33 76 143 
33 83 119 
32 101 163 
90 62 49 
74 66 114 
20 98 180 
63 7 185 
11 95 203 
4 69 37 
5 4 156 
37 79 112 
29 15 133 
8 41 128 
37 87 136 
10 45 148 
76 14 63 
11 24 176 
66 64 172 
23 24 167 
72 31 30 
43 30 197 
6 55 170 
71 47 105 
93 14 118 
28 28 44 
26 2 102 
29 30 115 
89 96 163 
92 73 32 
72 8 185 
85 38 22 
51 96 116 
72 6 184 
91 7 136 
81 20 23 
31 40 74 
66 98 46 
34 45 4 
60 56 70 
19 16 168 
71 100 81 
62 10 155 
50 79 68 
66 57 196 
61 40 49 
91 9 156 
71 63 68 
81 9 21 
71 53 190 
11 93 82 
25 55 185 
10 23 15 
29 21 23 
36 83 125 
5 102 86 
