8 1
150
10 102 35 20 21 41 40 55 115 
34 26 89 45 45 31 61 7 79 
15 18 82 68 76 44 31 3 146 
23 44 19 65 16 34 82 97 138 
62 7 66 82 46 79 49 20 122 
82 12 88 33 80 45 29 86 184 
36 44 28 93 91 20 70 18 24 
41 71 12 57 65 50 64 102 203 
76 35 73 6 21 58 85 52 186 
87 93 67 76 38 32 44 48 110 
43 70 19 48 14 30 68 10 102 
52 27 49 40 71 80 46 55 106 
20 33 25 72 10 41 29 85 53 
48 68 35 82 15 19 97 22 66 
85 30 22 45 40 13 9 35 51 
46 49 24 89 32 84 80 25 34 
32 74 62 79 21 32 5 21 87 
18 72 14 33 46 50 48 63 53 
33 77 95 14 65 77 17 86 74 
5 62 38 53 4 91 3 66 101 
73 7 11 93 43 21 71 92 130 
14 15 5 76 43 71 59 49 100 
25 20 10 87 65 37 96 101 122 
8 68 70 25 32 81 102 77 115 
18 42 36 76 45 75 14 5 146 
34 32 21 69 95 57 43 80 96 
43 89 45 76 99 44 61 64 51 
97 91 84 26 76 68 15 43 15 
16 51 77 37 74 62 66 63 142 
42 41 74 15 84 55 35 61 180 
15 44 46 95 17 83 51 19 30 
91 10 58 55 56 54 50 29 60 
74 8 17 85 12 37 74 21 49 
54 84 8 32 94 17 80 102 203 
65 23 36 96 88 57 48 77 109 
16 89 87 22 67 58 26 63 110 
75 32 34 10 23 99 60 99 74 
10 61 19 43 78 56 55 87 13 
97 80 22 62 39 37 84 60 65 
40 34 18 53 8 33 64 6 142 
70 57 3 39 38 91 21 40 36 
39 75 13 33 69 82 53 31 170 
36 16 95 99 28 64 67 22 134 
21 59 54 88 81 73 87 87 63 
6 60 44 33 42 101 20 48 174 
22 9 67 38 102 80 50 30 185 
78 73 31 40 74 18 25 2 166 
66 52 97 42 49 84 52 48 144 
43 4 76 97 81 82 79 47 29 
3 85 59 77 41 52 83 11 32 
3 68 88 28 10 42 20 56 195 
92 82 62 85 89 56 9 9 54 
19 83 94 51 63 28 5 24 37 
26 91 14 46 61 40 69 51 164 
86 17 97 35 79 27 87 89 135 
55 20 98 6 70 34 26 66 57 
25 54 7 62 25 88 25 96 132 
85 48 22 24 18 40 75 25 187 
33 86 7 69 67 76 63 52 11 
23 22 24 82 22 97 13 46 198 
77 26 94 11 13 85 63 3 85 
47 33 4 60 32 47 42 95 164 
25 58 89 33 101 75 83 4 151 
45 5 28 27 13 74 43 100 203 
102 24 75 24 8 66 35 17 39 
5 65 92 79 42 29 17 90 180 
12 46 27 20 30 11 11 20 199 
17 22 23 32 19 34 47 43 146 
9 3 52 25 100 86 57 81 81 
86 68 66 101 12 24 86 33 111 
77 83 96 66 15 91 68 19 194 
100 75 47 60 34 101 58 10 180 
40 88 48 43 65 51 71 27 107 
36 18 13 100 48 88 80 73 122 
79 45 89 63 59 83 91 59 14 
96 27 36 67 46 4 36 48 92 
10 36 20 47 97 90 39 34 5 
87 102 29 61 82 63 42 81 133 
3 79 31 67 54 8 46 78 203 
20 72 74 10 66 2 43 72 76 
43 34 50 101 26 27 82 6 119 
81 37 47 75 27 67 39 36 140 
18 45 84 14 3 21 91 21 128 
31 78 38 28 20 12 27 101 95 
19 4 55 5 87 50 50 67 85 
56 47 47 9 73 32 34 28 56 
56 31 33 31 12 8 65 53 58 
24 55 19 37 50 28 21 23 67 
18 14 60 36 66 38 80 36 151 
20 24 7 8 96 94 85 73 143 
17 90 93 49 42 37 22 28 26 
26 22 99 21 90 52 100 18 29 
71 22 67 97 53 78 34 48 60 
25 18 60 27 53 79 58 6 69 
43 71 74 25 16 41 26 56 32 
78 100 36 57 10 80 81 17 105 
7 21 39 17 17 97 8 99 21 
56 101 70 22 65 86 19 58 99 
44 47 8 28 73 99 63 58 97 
97 70 10 83 48 39 28 53 174 
98 28 55 79 20 19 31 72 113 
49 58 37 52 39 54 32 39 142 
47 81 50 42 56 62 50 13 62 
4 75 55 34 96 14 101 23 64 
97 67 30 91 99 3 44 17 203 
14 47 33 58 53 11 69 83 146 
39 58 74 96 31 8 89 29 198 
4 17 64 25 53 18 23 37 148 
43 58 84 49 100 41 62 38 137 
101 48 25 46 66 15 43 64 135 
61 3 38 24 3 72 6 42 204 
39 91 95 17 37 17 39 28 52 
91 92 60 35 36 95 42 90 167 
76 60 53 52 84 92 52 65 72 
39 22 57 14 45 60 41 25 98 
76 86 13 9 9 40 90 54 148 
10 28 69 45 84 15 90 31 167 
51 89 8 6 67 74 83 2 14 
72 79 48 102 95 12 47 68 11 
73 69 54 15 64 32 19 44 76 
70 96 40 44 26 16 78 93 75 
43 72 21 40 29 8 34 20 153 
28 10 35 59 99 18 11 19 128 
32 38 27 78 88 24 38 15 14 
70 30 55 34 26 5 76 6 196 
87 35 42 47 82 46 58 93 72 
6 13 99 24 35 9 54 48 112 
13 67 86 99 5 16 3 66 184 
24 96 86 32 85 95 22 26 172 
24 87 58 83 23 97 90 34 6 
11 48 96 48 83 80 50 65 81 
15 90 32 28 47 18 56 35 198 
53 75 30 6 5 12 25 31 126 
100 32 47 90 12 72 14 94 39 
98 79 16 8 84 22 56 9 75 
56 98 42 41 29 89 101 39 121 
76 7 45 87 25 53 19 52 68 
96 27 80 62 17 55 100 60 117 
85 47 93 10 52 98 76 71 70 
24 61 5 59 91 75 14 40 177 
77 13 56 65 91 34 90 62 168 
60 96 83 88 43 71 32 17 187 
69 68 57 49 13 56 19 97 186 
32 39 37 7 50 79 68 25 97 
5 23 58 61 22 92 16 18 152 
54 37 20 36 29 76 83 46 147 
33 29 2 102 47 97 43 60 48 
49 55 48 6 22 20 24 30 193 
38 10 48 67 36 97 82 67 122 
75 98 12 63 26 6 7 37 195 
