8 1
150
33 27 91 84 18 94 43 68 80 
36 13 51 30 69 79 72 90 92 
45 27 71 4 53 12 100 56 36 
86 50 80 81 68 75 72 29 77 
51 41 65 88 17 49 22 63 153 
49 25 28 60 18 13 5 41 57 
61 31 75 80 86 64 77 59 39 
62 57 48 78 60 42 42 23 101 
83 60 12 25 84 92 38 52 65 
93 29 33 69 78 29 48 13 200 
66 72 57 4 13 60 30 62 14 
31 74 67 88 20 98 64 23 166 
19 38 49 85 45 36 33 86 62 
89 96 81 20 32 49 44 78 104 
96 82 49 53 97 25 86 8 161 
68 7 11 38 7 57 48 30 153 
53 82 30 24 73 29 30 43 135 
29 13 44 20 46 44 47 70 87 
37 68 43 26 101 38 57 66 162 
23 53 91 26 74 4 74 93 195 
25 74 10 21 25 56 58 59 195 
39 51 63 68 92 39 15 14 128 
35 29 83 94 69 9 50 9 183 
79 5 40 42 47 55 48 25 195 
36 17 45 90 70 44 42 20 33 
21 57 63 54 13 63 41 41 131 
17 33 8 3 74 18 66 81 112 
59 99 6 10 22 70 43 81 197 
21 47 61 41 53 51 94 31 107 
31 27 94 79 3 8 91 34 186 
92 34 45 29 26 90 90 85 43 
13 12 37 95 13 34 66 22 192 
7 78 82 59 11 44 66 37 112 
65 82 98 100 21 90 79 53 96 
55 94 23 73 53 70 31 83 40 
19 38 15 62 15 83 14 86 114 
13 36 25 3 65 90 36 27 8 
26 16 93 49 18 63 87 14 57 
74 35 27 14 30 31 26 49 204 
43 5 69 17 88 37 35 67 37 
25 54 31 35 39 28 67 7 137 
30 72 21 55 76 4 56 41 104 
33 101 8 97 79 18 91 95 47 
38 11 30 58 16 53 45 64 123 
100 41 98 101 49 25 64 98 156 
83 91 30 67 64 49 86 4 136 
14 31 76 15 46 47 5 31 196 
41 74 59 70 11 15 44 58 204 
57 33 54 84 35 83 42 10 10 
96 73 49 83 74 13 87 34 69 
87 87 97 53 98 20 29 24 51 
22 15 81 18 25 8 49 32 146 
16 31 97 95 75 38 43 11 119 
51 60 2 47 85 79 81 58 146 
7 5 37 36 57 13 59 22 194 
27 80 49 43 36 44 42 72 7 
40 95 13 61 13 89 63 81 131 
26 76 31 4 38 69 37 44 56 
38 83 76 86 38 55 43 18 65 
12 9 26 60 7 15 77 43 131 
62 48 95 51 75 78 49 35 95 
68 25 44 82 9 95 17 6 182 
30 56 59 60 20 96 57 52 146 
42 68 71 18 29 97 5 77 195 
36 89 10 100 39 5 10 77 191 
91 32 3 33 45 3 26 48 179 
9 4 31 100 95 25 7 10 138 
79 52 97 49 79 34 99 83 37 
84 33 19 56 52 44 3 68 43 
72 10 24 70 94 83 9 98 148 
69 37 96 87 95 31 37 33 53 
100 45 55 70 36 64 85 44 33 
73 55 54 88 99 29 5 37 203 
47 11 60 16 41 84 62 32 95 
26 99 40 90 21 21 19 5 49 
70 4 77 63 87 52 68 39 88 
22 83 40 68 84 60 32 93 46 
69 86 5 73 10 5 18 61 94 
80 85 36 35 71 96 6 37 68 
27 86 26 10 51 4 41 42 103 
10 60 17 82 61 30 100 52 41 
22 99 96 73 47 27 6 90 112 
10 90 13 46 65 49 27 7 15 
100 61 37 3 34 71 56 10 6 
33 100 26 9 37 22 77 86 80 
41 56 41 101 6 63 50 32 107 
41 66 97 70 56 56 23 101 184 
86 21 66 27 19 39 25 75 184 
32 4 55 94 71 81 10 88 105 
70 101 57 77 55 4 19 17 90 
9 65 45 72 87 38 31 93 132 
77 16 38 4 77 33 73 20 60 
101 49 97 18 62 70 5 56 2 
37 11 69 64 10 4 96 18 22 
49 62 18 19 65 80 17 35 147 
16 68 26 26 6 37 75 19 140 
50 93 5 77 69 34 37 96 167 
100 14 8 36 10 61 23 26 118 
15 84 86 20 3 29 99 91 179 
78 13 7 34 91 93 36 47 53 
9 73 95 86 84 70 98 19 44 
67 82 60 67 5 82 79 63 73 
86 32 92 78 81 81 46 62 171 
78 68 25 18 2 65 36 16 109 
66 30 3 18 24 86 8 33 19 
32 13 9 28 57 31 58 51 32 
37 34 95 17 42 24 86 21 106 
100 52 82 97 34 91 29 15 67 
36 70 11 8 71 49 72 16 101 
79 53 13 96 62 53 50 101 168 
62 52 90 81 34 5 34 10 167 
30 36 81 20 101 44 98 24 166 
8 31 64 47 46 28 75 10 141 
42 6 92 31 50 35 9 69 130 
46 57 39 8 76 63 68 44 164 
72 61 54 72 100 40 72 43 144 
22 17 7 64 8 26 36 94 10 
94 101 89 48 13 34 80 54 136 
46 2 56 3 82 4 48 5 100 
19 73 9 53 62 8 64 89 107 
60 84 52 15 74 84 59 75 89 
95 26 50 22 93 48 74 27 85 
18 21 37 5 18 5 77 19 44 
99 43 41 82 86 25 82 22 143 
19 34 30 74 45 8 61 55 162 
2 99 81 63 81 36 68 48 139 
19 58 68 49 39 58 63 62 68 
6 15 42 27 42 74 78 58 191 
15 46 78 30 46 66 26 77 42 
43 38 64 7 17 39 58 64 131 
6 72 97 75 12 85 76 57 82 
41 77 59 10 87 25 43 55 7 
94 91 14 4 25 64 38 22 50 
73 101 100 5 71 80 10 74 175 
101 42 36 95 57 91 26 87 204 
65 36 53 40 66 64 37 66 150 
54 4 49 35 39 92 61 5 116 
44 38 8 81 102 15 40 44 27 
71 101 36 25 80 40 64 75 176 
75 34 36 38 70 8 7 58 144 
40 69 5 45 35 54 34 84 100 
96 87 36 40 2 25 52 68 133 
41 31 26 11 72 66 6 89 144 
24 8 70 2 76 46 45 101 154 
11 27 67 85 93 98 91 70 180 
54 37 34 13 88 4 43 68 57 
48 31 98 41 41 49 83 12 155 
82 96 12 92 97 3 50 42 84 
101 59 40 30 22 4 78 54 107 
40 12 22 69 61 10 19 99 144 
