4 1
150
97 94 32 43 185 
83 15 13 6 111 
23 45 4 17 162 
93 100 82 79 40 
89 69 12 82 141 
35 77 51 41 198 
27 27 13 76 112 
64 65 10 79 76 
64 28 58 49 159 
24 21 8 18 59 
59 38 77 39 136 
30 83 51 74 118 
8 66 74 9 61 
98 35 31 63 37 
31 92 5 42 116 
63 13 66 5 95 
16 71 35 13 82 
90 52 76 9 55 
83 16 37 21 64 
100 56 51 20 166 
92 92 47 101 203 
69 35 37 82 13 
20 20 48 28 89 
39 33 63 69 85 
48 60 23 36 76 
17 57 86 11 119 
9 64 48 23 116 
26 26 36 13 149 
57 17 96 4 20 
65 69 11 78 191 
69 95 83 79 72 
33 71 13 64 173 
14 51 28 24 202 
58 74 27 72 40 
15 100 53 97 175 
34 66 22 27 151 
50 47 10 17 186 
16 82 70 89 52 
57 15 74 28 124 
8 90 74 5 109 
93 44 42 59 164 
72 44 89 93 8 
69 51 87 91 76 
69 43 13 33 174 
77 6 41 47 131 
3 28 26 37 162 
45 94 19 74 170 
8 8 53 37 45 
74 96 79 86 119 
8 30 85 92 191 
68 80 43 19 159 
89 5 97 95 163 
46 20 54 14 122 
77 34 15 8 63 
63 92 77 12 30 
84 29 57 89 120 
75 45 36 43 30 
68 53 102 97 196 
5 13 60 58 159 
55 44 67 26 169 
75 16 79 62 67 
78 4 34 6 196 
62 50 10 37 15 
3 86 13 100 191 
26 35 20 11 58 
52 34 21 34 124 
42 63 33 7 174 
61 68 77 11 79 
65 21 98 101 75 
56 5 25 52 158 
72 33 69 32 120 
42 98 70 34 168 
45 85 2 46 114 
101 20 5 52 98 
37 11 4 62 63 
7 39 21 75 150 
49 12 72 56 185 
12 96 2 48 92 
65 100 45 29 193 
82 21 54 45 78 
39 102 75 4 88 
63 31 9 2 110 
5 79 97 60 73 
36 15 48 55 95 
6 19 59 7 174 
39 68 77 67 103 
88 87 78 38 77 
49 39 70 14 62 
83 89 2 95 86 
88 5 86 94 125 
69 75 101 100 69 
21 45 70 19 13 
97 56 44 52 139 
20 2 61 24 180 
99 47 36 26 133 
19 19 66 66 202 
36 84 85 7 170 
14 88 81 5 38 
6 71 53 8 73 
29 48 52 27 48 
88 46 65 6 131 
23 42 77 35 34 
4 81 6 20 146 
15 73 39 69 114 
35 24 58 6 171 
30 96 30 91 77 
73 69 41 43 29 
92 21 81 43 126 
75 12 48 89 34 
28 67 36 37 47 
58 11 85 72 184 
66 90 61 22 75 
29 14 89 98 92 
37 41 65 6 166 
96 94 98 7 169 
24 78 71 90 119 
65 62 95 68 165 
64 86 71 53 103 
4 62 60 6 71 
63 26 52 44 165 
88 3 32 55 59 
66 14 80 89 139 
90 21 73 64 149 
69 21 22 17 168 
53 72 15 56 162 
36 36 94 73 46 
101 28 29 9 147 
64 33 41 40 36 
52 8 84 85 128 
86 91 98 34 138 
44 5 37 62 62 
19 90 78 76 193 
32 22 8 68 142 
63 94 66 93 24 
39 82 84 100 67 
47 90 32 94 194 
47 40 63 6 163 
98 93 69 79 113 
76 57 67 46 177 
32 2 18 15 4 
94 27 7 23 64 
64 23 39 30 174 
31 60 86 81 102 
94 62 4 88 151 
72 27 88 37 77 
84 17 41 14 6 
47 73 19 93 8 
22 35 42 75 37 
77 56 41 94 55 
18 73 88 96 194 
