6 1
150
26 56 86 69 88 23 45 
52 49 56 3 9 46 58 
71 76 80 27 13 101 156 
71 37 5 100 37 11 72 
2 24 24 86 53 100 2 
37 73 44 49 85 16 63 
93 72 41 78 48 24 41 
84 55 32 99 38 62 113 
21 83 71 53 14 89 103 
27 34 20 58 48 30 72 
5 37 80 30 87 48 161 
67 66 23 91 89 18 39 
70 94 89 17 40 47 33 
93 75 98 73 29 82 135 
39 23 22 101 96 86 162 
20 54 71 54 15 78 111 
19 50 64 28 73 34 117 
42 33 43 10 85 21 27 
64 84 59 59 68 15 58 
45 3 92 94 33 41 103 
42 20 65 27 71 63 151 
27 35 47 58 50 11 199 
93 81 93 14 67 69 115 
72 14 96 49 65 29 151 
49 74 35 42 95 9 204 
15 80 86 16 60 40 76 
51 14 3 21 6 32 107 
23 101 83 68 74 96 144 
8 71 80 7 37 2 159 
63 14 19 57 4 100 158 
3 9 99 9 31 21 44 
102 96 30 61 99 24 55 
75 55 76 23 14 31 16 
11 7 11 25 40 61 179 
102 86 66 4 34 77 43 
94 85 61 45 77 52 15 
77 52 48 40 80 54 180 
61 45 35 92 70 73 188 
4 91 86 93 62 35 2 
12 66 60 66 49 8 166 
72 17 80 39 82 2 71 
57 65 87 62 9 102 83 
43 33 13 66 6 30 184 
96 78 55 17 18 8 134 
88 91 76 33 48 9 184 
30 57 55 91 72 60 96 
28 100 33 55 35 62 140 
36 48 2 45 80 93 154 
41 27 24 65 96 71 142 
76 13 31 63 95 52 28 
77 60 77 36 73 46 140 
79 24 64 85 48 99 108 
44 76 90 70 18 17 183 
32 33 27 78 91 79 107 
89 3 94 42 12 57 120 
90 27 12 9 49 9 127 
5 62 82 50 73 19 66 
40 43 95 78 37 26 93 
29 52 59 84 69 18 185 
23 72 45 39 44 96 111 
51 80 63 72 10 30 56 
74 47 31 19 62 22 101 
62 101 66 76 34 15 127 
76 54 27 82 93 73 169 
92 39 13 31 25 80 182 
65 33 9 29 98 21 113 
7 31 66 9 98 44 124 
73 81 64 12 83 94 152 
28 38 92 19 59 46 168 
9 20 90 39 45 62 198 
70 59 49 38 96 9 142 
25 63 75 97 32 24 40 
61 51 21 44 87 16 76 
97 19 12 41 77 75 200 
13 78 71 55 83 65 8 
24 17 77 89 88 7 8 
77 18 24 29 23 65 100 
71 71 98 59 48 62 149 
42 38 99 21 36 73 26 
87 6 44 50 61 18 77 
35 46 57 102 11 36 43 
3 91 14 56 12 51 87 
9 76 98 38 5 32 167 
81 80 69 54 36 93 184 
15 81 81 64 49 13 74 
26 43 59 39 29 54 80 
49 86 68 26 24 72 158 
32 49 14 58 88 58 111 
69 90 50 77 44 32 180 
12 35 94 65 40 8 169 
35 40 101 78 80 45 66 
96 4 30 14 24 15 170 
34 69 8 63 58 84 119 
55 11 63 86 24 53 78 
53 76 63 86 65 97 197 
10 15 82 9 15 25 149 
88 22 65 23 20 7 158 
69 88 3 84 27 27 164 
31 40 94 58 94 96 88 
30 69 29 61 20 89 51 
55 27 56 45 61 87 138 
91 100 66 6 48 62 172 
90 62 4 40 72 18 162 
77 91 53 22 31 32 120 
56 38 64 102 21 55 29 
63 50 41 68 42 15 83 
42 30 54 48 36 60 81 
9 27 22 50 72 47 160 
38 5 25 32 57 11 74 
64 4 7 29 9 73 58 
14 66 74 32 5 41 74 
63 101 76 97 74 21 96 
13 44 53 50 11 37 51 
47 18 37 87 6 7 158 
28 50 21 29 89 14 194 
63 50 21 69 8 44 155 
6 51 37 84 92 91 106 
62 55 81 100 38 6 138 
50 39 46 101 36 61 72 
53 57 70 87 9 53 102 
96 34 84 5 95 51 84 
69 102 5 16 18 27 135 
96 42 31 54 10 30 29 
13 76 69 74 86 43 109 
96 70 99 85 40 4 137 
23 99 97 45 57 28 166 
39 43 87 20 35 71 116 
16 41 35 101 25 38 169 
60 16 33 11 10 90 149 
34 8 33 80 25 101 150 
45 35 11 55 4 34 151 
35 84 55 53 74 98 163 
30 66 85 16 68 86 129 
85 66 36 49 41 10 11 
37 56 42 12 71 85 146 
8 26 48 24 6 10 52 
34 80 60 38 93 95 10 
44 50 66 59 17 12 123 
71 77 8 65 26 71 199 
30 15 43 5 15 10 48 
42 39 95 64 78 40 106 
88 78 14 49 18 3 192 
8 78 55 56 75 14 75 
52 43 61 82 41 29 10 
67 20 35 80 86 83 5 
13 73 97 42 74 10 170 
101 96 18 10 70 6 46 
39 90 51 42 99 89 184 
98 36 84 38 13 50 45 
60 80 71 33 22 94 194 
