6 1
150
12 35 68 33 74 81 147 
15 83 86 76 9 49 39 
74 16 49 19 7 99 16 
95 86 35 24 39 52 151 
100 58 82 85 53 67 115 
14 35 23 16 55 69 93 
7 22 30 84 32 75 55 
31 58 73 16 85 33 35 
51 35 11 37 31 100 32 
27 6 93 57 85 64 123 
83 29 5 54 32 64 180 
66 7 42 9 80 49 143 
2 11 71 71 36 42 130 
101 14 81 26 71 32 164 
18 39 29 50 12 69 98 
31 70 64 55 71 30 174 
30 71 31 53 53 47 52 
97 24 89 51 25 99 166 
17 26 30 63 34 10 99 
70 15 61 69 83 24 146 
43 9 18 67 13 80 147 
44 52 75 21 87 57 45 
17 42 101 90 72 68 30 
46 36 94 39 22 39 123 
58 72 86 72 25 55 112 
17 73 86 14 20 12 149 
76 57 44 49 55 29 110 
75 62 82 13 58 60 196 
75 25 30 93 43 14 176 
82 91 51 64 4 69 203 
71 17 78 53 58 43 144 
80 52 92 69 12 8 170 
11 6 61 69 98 60 87 
50 58 23 79 100 89 191 
69 95 87 52 62 56 11 
47 6 61 102 19 28 193 
75 40 26 33 7 5 146 
87 92 97 9 11 60 45 
62 57 76 60 56 79 26 
59 8 19 52 55 81 131 
2 102 69 81 35 49 153 
20 99 48 95 86 24 167 
6 92 46 53 98 85 174 
50 87 43 64 51 85 34 
34 9 83 54 26 9 173 
92 29 30 78 12 49 87 
60 30 67 73 57 32 110 
18 75 101 59 98 81 106 
16 28 19 86 66 61 176 
92 68 42 62 17 99 29 
65 18 78 88 38 46 184 
59 78 93 96 55 64 35 
35 84 98 30 31 35 155 
3 13 94 48 90 58 139 
64 27 13 42 35 42 109 
59 25 73 62 37 64 117 
52 28 93 13 99 72 117 
86 47 34 88 66 40 126 
8 86 42 51 90 24 194 
53 82 56 22 24 65 156 
61 26 70 95 73 21 105 
87 3 37 93 88 13 161 
82 81 56 71 4 94 106 
41 34 13 50 42 64 203 
47 39 93 76 9 83 52 
22 65 95 94 21 12 44 
85 7 60 4 13 19 144 
3 2 52 22 73 27 42 
95 60 48 34 59 53 82 
66 45 19 81 32 56 123 
18 62 79 85 83 33 116 
29 55 48 31 47 31 92 
39 43 56 38 57 7 58 
8 49 63 64 61 83 39 
64 43 24 83 65 12 173 
42 75 40 92 96 65 136 
6 102 5 14 24 97 57 
4 64 46 77 51 34 24 
15 18 22 25 52 40 133 
14 26 50 84 21 62 198 
70 18 48 63 44 64 4 
50 60 52 39 88 93 122 
81 80 8 16 80 76 56 
59 19 69 46 27 3 189 
78 56 32 6 37 32 72 
48 100 16 9 73 12 134 
60 72 88 66 49 8 69 
47 45 71 42 88 72 23 
101 81 19 19 62 11 147 
6 22 35 52 63 26 68 
83 94 9 10 66 63 202 
49 83 82 80 98 61 64 
14 63 65 51 62 27 97 
21 99 92 12 3 96 112 
52 55 16 88 83 3 133 
53 64 35 24 11 13 107 
99 39 40 67 52 43 188 
61 72 3 3 102 88 125 
97 18 99 66 69 47 199 
30 68 94 16 60 68 125 
101 32 30 53 16 97 47 
62 54 48 53 55 64 185 
85 15 87 83 17 6 115 
47 38 60 44 68 56 141 
73 48 52 93 78 33 123 
42 75 52 88 92 41 72 
66 54 15 16 85 9 94 
55 9 35 45 64 7 111 
96 72 10 50 43 56 183 
8 97 62 79 33 33 90 
42 37 97 27 67 23 165 
86 47 30 85 49 25 38 
41 19 50 16 29 8 93 
5 44 41 51 87 47 120 
58 55 39 54 78 4 27 
74 40 21 99 86 75 23 
27 82 66 96 32 74 138 
80 14 66 6 27 100 78 
95 58 78 82 78 24 58 
95 93 33 73 23 8 136 
81 31 19 45 34 37 160 
64 76 57 57 76 93 161 
43 75 50 53 6 77 163 
84 45 19 10 53 84 66 
91 36 25 11 68 3 201 
85 49 63 95 65 61 65 
84 22 26 4 33 51 107 
20 84 22 20 33 89 199 
88 102 37 84 55 49 149 
42 35 48 10 92 82 119 
29 89 60 42 18 51 2 
25 95 8 21 35 82 147 
54 5 93 37 16 3 197 
49 28 13 12 14 60 86 
90 80 96 44 71 97 185 
97 63 79 17 40 99 131 
9 31 64 22 69 3 181 
32 58 75 78 81 63 163 
63 49 32 5 92 61 73 
17 14 80 66 87 83 117 
44 15 22 78 6 35 84 
99 51 93 47 59 55 119 
24 23 68 92 35 13 71 
16 50 14 50 41 30 186 
20 87 58 84 22 34 180 
44 55 101 77 30 41 131 
101 41 60 35 8 79 190 
92 14 76 54 72 25 58 
68 10 31 67 6 51 162 
66 37 65 39 23 72 164 
