6 1
150
100 76 102 101 74 27 36 
11 44 57 25 53 38 186 
13 20 34 72 95 58 59 
52 52 67 62 80 19 184 
97 6 96 88 35 95 62 
95 57 16 24 100 69 14 
27 73 8 31 53 39 51 
18 52 2 87 43 95 100 
26 37 41 96 10 29 30 
39 62 40 20 45 63 38 
65 20 50 97 91 24 52 
82 61 33 29 81 68 162 
57 96 2 94 101 83 141 
22 77 30 92 42 94 180 
12 70 13 10 78 8 109 
34 54 92 54 73 26 92 
77 9 69 31 63 36 169 
68 39 28 46 82 51 89 
45 23 8 50 32 38 142 
93 23 21 6 62 28 49 
45 13 42 30 59 26 92 
70 63 63 82 59 7 91 
32 87 66 98 59 12 181 
33 86 5 43 89 77 172 
89 50 27 3 10 62 49 
29 87 18 25 27 101 153 
62 47 71 75 33 27 125 
37 58 10 4 19 36 26 
29 39 90 72 51 62 166 
15 38 80 51 48 23 9 
102 50 75 35 13 16 145 
41 37 69 58 52 25 106 
94 19 101 93 27 14 2 
50 30 55 77 40 96 98 
11 92 26 87 7 59 73 
10 37 72 8 22 43 178 
4 22 15 101 39 32 43 
20 81 60 23 11 6 106 
22 21 59 74 22 26 63 
46 46 73 47 68 18 174 
84 31 87 7 73 15 95 
10 42 78 3 66 29 186 
13 68 67 97 56 86 179 
18 14 36 2 19 59 119 
78 44 56 73 16 37 75 
52 75 18 40 93 7 26 
82 83 73 59 98 41 69 
80 9 52 14 34 99 135 
19 54 7 56 58 90 66 
100 24 32 52 94 57 125 
95 51 59 65 80 78 76 
33 64 45 23 20 27 201 
37 6 61 84 40 72 69 
23 13 86 37 19 82 167 
61 43 9 6 86 74 174 
60 95 51 56 23 32 175 
91 63 35 39 65 35 128 
20 73 70 56 86 30 147 
40 75 30 63 98 57 148 
24 38 18 36 55 15 159 
14 12 30 19 43 49 66 
51 53 100 56 49 21 86 
72 41 52 2 46 15 41 
22 23 95 27 77 16 139 
27 19 5 13 22 87 15 
64 42 39 45 83 42 182 
24 32 9 51 37 33 107 
99 68 36 10 102 61 188 
90 37 94 68 35 66 51 
36 96 46 28 37 37 18 
101 15 59 66 75 32 199 
93 89 78 41 85 18 59 
53 72 5 23 28 16 150 
8 48 80 49 79 67 180 
38 65 25 3 98 46 200 
55 79 46 29 30 96 198 
50 18 29 52 50 98 171 
26 43 8 11 23 37 191 
69 81 18 98 67 12 115 
26 55 41 90 74 32 199 
95 60 96 100 22 78 118 
32 53 99 31 71 6 25 
24 20 94 77 12 7 176 
100 30 33 65 87 43 51 
65 90 65 78 68 88 65 
85 14 13 3 60 38 77 
30 21 70 98 7 47 6 
37 49 15 64 28 13 195 
32 65 37 37 37 35 137 
65 37 54 6 20 82 80 
8 83 76 53 71 51 142 
11 65 69 82 99 24 60 
43 52 16 42 77 38 109 
50 78 68 25 5 72 133 
87 17 95 89 67 66 60 
67 41 13 59 64 28 44 
2 70 58 41 13 40 46 
87 40 65 45 46 87 119 
7 10 31 68 81 6 51 
50 77 94 34 60 102 156 
12 5 85 15 12 34 99 
11 12 86 93 34 45 204 
79 31 46 23 80 73 123 
34 84 93 85 24 98 108 
95 65 9 55 40 48 152 
37 82 32 36 55 12 197 
99 46 77 48 63 27 145 
47 50 13 82 31 18 161 
23 95 32 90 38 97 33 
49 79 40 96 99 27 87 
51 16 88 27 63 66 72 
40 18 39 63 74 84 98 
17 98 75 11 32 97 30 
89 102 49 19 16 83 103 
69 39 54 66 101 31 197 
36 27 57 70 54 46 171 
79 95 29 66 16 70 68 
83 67 87 69 32 30 126 
17 41 10 49 85 87 144 
81 87 99 75 55 53 165 
73 21 43 80 53 32 23 
8 22 55 3 15 19 176 
74 69 99 71 2 37 41 
87 48 23 72 62 15 201 
10 32 93 63 19 54 22 
48 46 92 81 100 53 19 
21 57 48 71 69 86 16 
20 102 5 55 18 64 176 
74 22 10 93 19 14 200 
92 64 42 98 68 79 54 
26 9 92 4 86 13 135 
94 77 2 95 31 94 184 
32 90 10 2 92 26 152 
25 84 90 83 41 12 61 
95 8 75 4 10 83 193 
95 15 52 35 53 22 164 
47 10 101 90 22 10 123 
76 34 98 78 55 53 3 
27 4 23 47 3 39 201 
72 29 93 23 12 98 77 
76 60 70 41 5 96 160 
76 91 95 21 4 71 40 
75 79 28 57 32 96 138 
13 31 90 52 86 84 154 
82 10 69 12 14 25 203 
77 30 39 52 59 24 106 
15 30 28 101 69 82 197 
52 67 69 82 4 72 130 
30 82 91 22 14 5 192 
84 28 10 92 49 21 202 
