6 1
150
82 94 6 70 39 3 192 
48 92 89 64 97 84 120 
11 58 66 69 60 24 62 
75 73 79 39 77 70 61 
75 74 45 53 32 59 127 
21 35 102 34 44 52 191 
76 90 94 59 102 42 93 
100 35 71 13 100 76 17 
23 29 33 64 35 67 151 
20 46 14 66 27 98 183 
25 67 37 17 74 38 201 
85 87 82 78 30 86 153 
41 76 42 34 85 56 200 
8 71 72 11 88 22 115 
46 83 95 77 45 57 152 
70 36 98 28 41 11 78 
44 53 88 7 83 101 162 
72 74 34 44 44 94 37 
98 66 8 88 18 45 81 
6 89 3 87 31 2 144 
42 46 8 46 47 62 132 
20 86 6 7 23 79 152 
11 63 35 3 66 59 148 
72 92 42 25 68 101 77 
66 87 22 54 101 11 62 
29 28 100 99 34 55 160 
82 4 83 97 68 67 195 
28 70 85 67 45 100 144 
56 68 23 81 64 29 110 
101 86 55 24 70 46 167 
37 37 7 34 6 96 183 
90 61 30 102 36 44 80 
19 39 89 57 13 61 149 
62 79 19 72 28 27 166 
20 30 74 101 23 16 184 
35 81 35 42 6 83 136 
8 95 81 30 88 17 166 
49 68 69 59 87 11 154 
60 89 64 80 71 10 145 
33 58 3 15 30 51 172 
60 56 18 9 80 9 111 
85 40 44 42 13 102 144 
64 8 44 37 7 17 154 
94 73 64 37 75 97 155 
39 80 17 60 68 99 182 
14 53 52 9 4 23 153 
51 22 39 60 10 2 140 
52 62 80 24 36 11 136 
84 56 74 7 13 80 95 
62 29 85 46 5 83 103 
57 94 30 6 95 3 87 
54 26 78 67 97 9 178 
20 40 37 34 91 25 62 
99 79 3 92 45 30 183 
95 57 16 8 21 20 195 
70 51 21 42 10 26 64 
32 98 43 18 73 61 85 
91 49 14 16 61 22 119 
17 29 15 52 74 54 121 
72 64 61 79 91 94 105 
90 19 94 83 100 101 138 
84 63 76 75 72 50 9 
9 4 94 62 100 40 109 
24 8 92 37 74 74 123 
36 84 41 84 69 93 4 
33 22 35 62 23 93 69 
68 41 80 5 6 57 128 
62 69 18 93 56 100 136 
13 4 48 29 29 9 99 
81 37 93 5 60 5 157 
84 61 102 78 49 22 114 
69 14 35 70 19 99 150 
17 25 92 15 95 36 42 
19 89 35 96 85 87 180 
6 89 2 48 55 88 159 
10 18 17 9 80 13 91 
92 15 61 12 12 77 131 
14 3 91 67 70 59 134 
73 69 84 66 37 70 129 
28 35 23 66 14 97 14 
9 77 9 17 26 78 57 
77 76 86 75 12 26 188 
88 13 83 86 31 15 77 
52 35 45 45 45 83 132 
82 40 48 100 81 60 13 
28 85 52 46 83 40 198 
94 101 93 26 46 72 83 
24 42 82 84 85 71 116 
44 66 74 83 96 65 193 
39 39 77 33 68 89 123 
30 33 42 50 76 42 119 
36 54 21 101 13 26 119 
99 69 18 99 91 51 171 
21 81 66 89 77 4 114 
63 18 95 79 85 82 192 
12 41 36 10 31 101 19 
14 55 83 85 41 39 82 
73 61 36 80 40 78 20 
54 78 64 101 40 4 149 
38 27 24 30 46 66 178 
29 84 90 62 52 77 16 
28 85 5 39 68 17 185 
59 61 102 47 6 87 119 
65 75 11 93 98 37 154 
29 61 58 97 75 54 89 
79 48 20 91 3 4 54 
96 60 65 74 89 84 162 
68 24 85 42 81 31 131 
11 81 71 55 42 34 201 
25 49 44 95 65 50 163 
15 84 58 5 85 34 142 
16 49 20 11 55 98 126 
39 75 57 96 25 81 140 
69 51 38 63 72 29 144 
13 23 81 26 37 102 108 
43 29 38 98 99 97 193 
35 53 46 89 38 39 177 
77 88 101 42 70 14 97 
35 22 44 15 7 101 9 
28 41 87 21 98 11 197 
48 21 100 28 87 75 70 
100 94 76 37 92 86 76 
37 82 86 68 90 8 17 
8 96 85 94 97 93 17 
14 60 70 41 31 92 59 
69 3 16 86 40 15 73 
31 70 80 17 18 69 185 
61 3 55 10 5 91 82 
28 17 36 91 84 29 176 
35 8 97 63 95 10 140 
81 72 84 52 94 74 159 
27 7 79 82 27 19 110 
59 17 33 28 3 91 85 
88 82 97 58 89 51 194 
64 85 56 24 61 25 163 
33 72 61 13 18 64 3 
12 59 11 59 12 35 156 
93 66 38 94 21 29 189 
93 89 95 8 25 84 130 
24 25 60 68 96 76 55 
47 74 17 87 29 43 157 
24 87 101 79 18 21 146 
21 20 32 41 98 89 83 
85 68 7 95 82 39 180 
37 54 94 18 61 52 94 
94 23 9 95 88 18 140 
4 96 31 9 65 94 8 
6 29 29 101 89 88 127 
9 12 94 49 6 91 180 
36 10 63 59 71 27 57 
