6 1
150
29 53 95 76 34 52 81 
21 57 4 76 85 35 154 
69 75 98 19 49 99 172 
78 44 96 97 66 81 132 
47 44 42 38 96 31 93 
22 11 67 56 91 59 203 
63 89 7 44 90 90 197 
57 21 54 84 31 72 106 
11 101 81 70 73 77 151 
15 64 39 90 6 32 96 
67 34 65 59 42 86 32 
57 91 54 78 93 70 185 
25 91 56 67 61 95 25 
12 88 88 20 85 28 99 
27 70 56 86 60 52 184 
89 91 27 91 88 39 112 
12 29 95 82 9 85 184 
75 85 25 47 39 37 113 
48 79 41 59 60 68 61 
23 100 93 35 20 2 73 
102 31 78 75 58 59 203 
61 95 40 78 45 60 107 
87 33 41 23 17 37 85 
14 88 35 29 72 27 183 
30 3 50 90 85 57 151 
56 49 74 83 80 57 178 
86 4 82 18 10 79 75 
69 55 14 5 67 96 178 
45 45 48 88 34 12 64 
94 92 90 62 6 80 63 
86 69 42 39 82 56 60 
86 54 14 64 50 55 126 
51 38 87 20 62 88 24 
6 28 97 48 47 59 188 
14 94 58 6 101 8 169 
88 74 69 87 42 61 122 
93 36 26 86 59 71 88 
56 5 43 45 94 21 165 
42 47 92 37 99 38 148 
62 58 60 51 50 81 129 
66 20 36 22 30 54 27 
94 73 64 90 90 51 118 
91 17 63 9 89 4 95 
29 78 51 45 24 89 66 
80 68 37 11 92 82 185 
87 10 25 66 70 70 99 
77 30 49 11 89 17 145 
43 99 44 63 79 19 77 
43 86 79 8 66 83 31 
7 30 81 100 71 69 10 
9 40 45 21 35 100 107 
50 4 36 37 74 63 76 
71 95 50 15 65 56 91 
25 48 61 5 90 35 144 
2 71 13 20 50 69 72 
61 101 44 46 21 87 190 
85 45 72 94 22 80 74 
37 32 88 8 15 62 171 
94 86 18 48 67 84 99 
35 25 19 26 96 4 22 
95 9 71 47 70 53 84 
5 90 13 70 57 36 134 
41 28 14 37 9 53 139 
17 28 100 56 6 47 102 
22 55 70 27 78 28 86 
26 19 63 47 11 45 181 
98 7 79 11 49 85 193 
99 8 91 89 53 44 160 
82 72 93 67 8 93 169 
37 45 45 81 10 26 32 
11 52 92 100 10 81 41 
23 23 47 58 64 57 48 
49 80 40 27 86 65 89 
49 73 82 5 54 8 125 
64 37 32 41 61 82 181 
57 101 92 45 65 61 122 
51 48 10 46 38 62 179 
67 7 56 26 62 74 128 
81 12 96 58 76 60 122 
88 17 20 5 77 36 188 
81 50 85 24 6 86 198 
27 74 61 17 48 75 197 
32 78 16 101 10 28 155 
91 97 88 91 3 102 130 
33 93 43 63 28 98 176 
59 73 5 58 90 67 112 
40 37 43 30 87 65 116 
40 5 7 70 10 18 183 
55 98 35 5 86 36 192 
83 21 57 22 80 12 149 
7 14 45 22 63 23 104 
62 47 63 18 38 9 190 
90 38 95 20 81 98 10 
77 72 55 5 33 63 118 
18 89 10 10 55 86 69 
93 64 49 49 97 41 189 
53 73 89 50 29 3 190 
85 63 5 101 16 71 64 
43 92 19 32 63 95 91 
61 56 10 86 25 62 196 
76 48 73 86 59 14 50 
101 67 58 6 62 66 69 
27 7 11 41 17 4 103 
74 33 19 36 48 50 189 
20 81 66 6 43 99 20 
17 33 17 59 59 9 88 
26 63 28 3 31 13 69 
51 101 47 11 60 48 6 
17 57 52 13 66 33 166 
88 94 2 21 69 27 22 
76 96 84 60 97 10 99 
72 93 35 19 39 61 141 
82 21 97 85 53 9 3 
79 67 48 95 78 63 78 
71 27 84 64 88 25 154 
7 66 53 64 40 56 93 
66 18 96 29 74 14 16 
75 7 38 18 20 12 197 
31 37 66 22 48 12 4 
67 53 58 53 38 96 153 
57 46 23 15 55 58 28 
51 54 69 6 51 33 197 
22 48 47 71 16 81 155 
30 89 45 94 46 46 201 
67 40 78 38 21 34 37 
63 17 6 67 56 86 165 
85 99 18 99 81 6 93 
7 12 84 24 17 101 57 
59 80 23 11 13 16 171 
16 93 70 32 101 81 122 
33 44 6 61 97 97 93 
92 29 96 67 42 55 124 
30 95 16 5 35 92 10 
39 85 58 45 71 99 141 
8 50 69 82 27 88 150 
70 81 65 23 6 84 138 
53 28 46 74 63 25 177 
100 56 29 68 90 57 194 
61 50 19 27 100 78 171 
82 29 87 16 69 89 122 
17 53 85 31 10 38 175 
59 14 73 10 76 84 18 
96 42 16 39 33 80 22 
33 48 97 7 8 86 147 
101 62 60 96 38 29 170 
5 46 39 82 21 11 5 
38 48 19 27 96 78 175 
89 73 79 39 11 52 171 
7 90 26 5 55 16 120 
54 15 16 40 58 27 186 
