6 1
150
86 45 26 24 23 34 131 
56 41 95 61 32 12 155 
49 79 100 26 3 98 136 
47 31 3 82 91 22 94 
33 4 93 27 57 54 46 
65 57 52 77 44 44 75 
80 80 90 6 6 36 192 
100 48 11 91 28 101 83 
16 24 44 34 14 20 50 
38 4 36 77 60 56 172 
24 50 51 61 56 32 137 
54 16 78 87 87 54 67 
59 84 38 31 56 84 101 
35 10 46 31 26 15 86 
78 55 31 49 83 12 156 
99 63 32 73 70 75 128 
10 68 49 29 68 93 162 
23 101 48 6 73 37 182 
42 7 32 32 20 27 155 
63 49 40 6 44 58 122 
23 8 60 87 11 89 52 
44 99 4 60 23 64 113 
56 85 45 11 77 90 117 
58 102 43 53 50 88 98 
21 10 25 26 38 22 203 
95 90 21 65 50 66 201 
10 30 74 98 65 23 15 
66 98 97 69 70 4 134 
8 19 37 63 3 79 48 
91 81 35 87 44 57 126 
97 26 49 28 25 61 98 
74 71 57 88 67 43 115 
15 30 59 69 20 37 178 
73 86 4 50 89 78 41 
51 41 13 22 67 47 141 
73 50 43 47 46 20 71 
50 82 77 37 38 69 156 
53 78 20 27 23 76 51 
42 47 81 38 85 30 49 
32 46 68 102 98 89 85 
83 18 25 76 19 55 48 
6 29 15 53 11 45 199 
65 95 97 47 73 47 65 
5 64 10 63 92 13 40 
38 11 37 42 82 37 144 
62 98 53 6 24 4 75 
20 68 88 76 87 28 137 
53 72 57 27 45 12 159 
56 16 15 29 44 6 139 
20 79 13 31 10 29 8 
99 46 43 51 45 97 175 
99 25 88 7 87 54 175 
41 82 17 39 27 95 14 
83 40 79 82 100 70 203 
90 77 47 79 100 66 110 
28 17 78 102 17 94 118 
93 29 24 59 54 84 161 
100 98 94 85 37 99 34 
9 66 71 47 29 88 18 
50 44 30 89 89 34 29 
67 41 39 13 3 51 184 
13 56 25 47 88 23 185 
81 55 96 66 69 39 40 
53 9 56 90 8 51 89 
87 96 72 67 52 68 67 
59 57 74 36 50 28 196 
12 48 2 42 67 19 141 
91 36 26 22 97 96 31 
35 85 25 97 102 49 53 
62 56 82 39 57 60 47 
100 23 32 21 14 25 85 
62 56 50 43 34 76 197 
62 48 47 57 73 20 51 
74 52 41 50 81 73 103 
95 22 6 12 61 48 186 
15 96 2 85 73 76 148 
31 77 56 70 75 31 204 
10 37 84 86 43 100 55 
74 93 73 35 54 93 139 
37 46 32 75 30 7 97 
54 47 74 102 46 54 88 
76 87 83 8 44 52 173 
87 24 28 20 50 67 85 
5 31 52 21 85 7 193 
33 26 97 47 26 55 114 
92 12 86 98 49 86 199 
8 92 28 12 43 85 103 
24 6 56 82 43 8 101 
17 23 83 64 49 50 89 
63 88 64 20 99 31 192 
14 44 24 4 83 46 197 
41 26 11 43 24 46 20 
22 43 67 85 49 8 154 
90 5 37 101 37 57 94 
7 67 95 46 56 58 22 
64 34 80 62 64 55 156 
99 74 22 28 6 36 85 
47 98 37 52 25 21 50 
41 89 4 48 91 53 72 
61 18 99 70 91 101 119 
10 89 26 87 56 101 186 
33 17 75 33 23 6 122 
70 60 96 33 38 88 47 
47 78 16 75 3 44 79 
58 25 60 17 37 85 76 
12 13 67 71 22 35 19 
75 31 16 70 49 77 185 
60 5 39 54 15 38 130 
13 12 13 55 59 55 153 
94 18 18 88 23 25 121 
49 31 64 18 56 16 148 
49 102 7 57 69 50 199 
22 23 65 24 50 75 202 
3 56 18 65 82 35 166 
15 100 85 27 54 34 25 
76 77 38 61 23 93 130 
12 8 100 93 7 79 147 
96 56 65 76 52 62 93 
78 48 55 76 83 93 71 
4 24 31 17 18 88 95 
49 28 66 28 84 37 187 
49 20 74 77 58 11 40 
46 21 54 4 74 68 200 
31 85 87 43 102 32 18 
86 70 78 92 93 27 99 
29 102 50 70 27 56 60 
30 83 101 26 84 17 119 
5 80 15 45 22 50 38 
45 80 87 84 8 85 129 
52 99 87 67 86 73 36 
22 6 35 50 15 71 4 
4 89 18 20 16 52 166 
93 64 48 73 79 32 172 
23 64 88 21 72 68 159 
86 15 61 100 46 43 170 
76 82 98 9 81 19 85 
94 71 66 93 35 84 122 
37 41 96 9 43 35 201 
44 49 31 45 6 26 39 
75 59 23 72 12 100 36 
84 52 66 100 15 45 61 
95 24 30 39 86 20 102 
76 67 92 6 10 86 66 
35 69 66 77 95 25 39 
14 45 23 26 86 44 108 
91 31 11 30 92 71 101 
27 3 7 22 7 71 203 
94 32 68 4 16 87 101 
85 2 25 22 22 13 166 
81 9 16 102 78 99 173 
