2 1
150
42 91 132 
29 83 176 
10 82 81 
62 49 130 
89 76 202 
67 5 186 
41 60 121 
84 29 109 
101 32 96 
91 101 120 
74 23 108 
15 21 51 
98 54 5 
50 21 109 
37 27 84 
64 66 163 
97 55 85 
86 55 135 
80 60 127 
13 30 105 
42 21 166 
82 90 54 
13 76 113 
77 71 105 
92 94 82 
8 49 8 
14 39 134 
69 96 95 
20 90 140 
89 37 124 
64 87 50 
52 10 202 
74 57 77 
17 54 184 
27 22 172 
92 96 126 
28 74 25 
61 101 186 
87 75 54 
37 65 203 
59 26 82 
97 15 172 
29 41 171 
43 36 188 
68 99 174 
78 44 151 
64 30 191 
9 63 129 
51 5 174 
35 67 73 
76 39 187 
39 60 57 
52 32 17 
2 64 113 
80 87 79 
21 95 7 
8 12 65 
54 75 73 
8 53 130 
79 47 21 
101 96 153 
51 69 198 
3 30 81 
60 27 26 
68 64 134 
41 31 154 
27 32 23 
85 29 113 
6 24 132 
58 34 16 
66 75 173 
100 3 139 
82 31 39 
43 21 132 
65 50 173 
21 87 24 
72 69 46 
90 54 33 
101 18 138 
22 47 94 
35 46 197 
34 96 108 
29 71 125 
99 60 204 
59 86 25 
48 22 163 
72 87 75 
56 89 133 
87 78 44 
72 100 174 
3 63 172 
75 11 152 
70 33 110 
34 94 35 
52 75 19 
24 33 141 
6 56 196 
89 51 124 
11 81 119 
34 49 39 
34 60 145 
78 98 199 
17 86 154 
39 80 182 
28 40 189 
22 6 30 
58 65 92 
54 68 92 
91 15 25 
26 66 62 
19 38 171 
37 3 72 
48 76 156 
13 8 98 
96 68 155 
9 63 24 
70 92 154 
46 78 171 
76 82 187 
28 89 169 
88 93 43 
48 23 87 
7 93 77 
60 76 62 
40 47 117 
99 60 203 
71 84 107 
2 58 152 
56 75 124 
2 63 45 
45 22 178 
95 27 32 
29 50 95 
36 4 145 
76 12 34 
48 8 63 
28 79 45 
94 59 12 
33 88 73 
48 94 99 
84 7 62 
18 17 110 
45 46 44 
44 72 23 
56 37 164 
83 29 95 
60 11 137 
32 76 172 
2 53 128 
84 65 81 
