2 1
150
21 24 91 
52 26 156 
66 81 142 
20 27 149 
75 25 20 
26 57 129 
19 84 135 
21 21 13 
17 10 145 
12 11 155 
97 79 193 
57 37 55 
92 77 48 
32 3 127 
9 64 89 
79 57 77 
51 55 182 
30 31 184 
57 2 8 
41 37 34 
8 56 144 
96 25 99 
80 20 181 
85 36 164 
42 89 167 
6 14 117 
64 40 108 
35 64 115 
89 69 99 
7 2 72 
25 53 82 
9 26 96 
94 15 81 
97 101 77 
51 68 39 
11 90 86 
11 53 181 
48 78 198 
65 74 188 
16 9 115 
2 75 38 
56 62 170 
42 35 129 
37 14 201 
20 70 82 
17 86 196 
40 80 161 
8 98 102 
48 79 154 
44 46 108 
56 79 14 
85 96 53 
22 97 14 
37 71 115 
81 76 80 
92 30 19 
60 50 179 
98 78 62 
79 96 158 
70 10 168 
10 100 182 
13 83 73 
95 36 150 
16 97 183 
92 5 20 
25 30 47 
13 57 102 
69 87 195 
67 60 4 
78 8 2 
50 53 177 
26 29 144 
69 70 190 
6 100 191 
37 46 109 
100 8 150 
23 56 136 
57 59 109 
35 43 29 
96 48 47 
36 19 58 
75 68 91 
5 69 156 
40 58 123 
31 9 119 
58 34 84 
44 69 107 
30 57 108 
36 95 192 
36 93 175 
59 75 46 
73 72 165 
68 64 159 
11 97 82 
99 85 200 
9 27 103 
97 79 22 
75 53 163 
72 8 127 
77 41 149 
52 71 156 
92 83 169 
40 61 78 
79 92 143 
65 35 146 
14 32 148 
57 29 139 
46 41 29 
78 86 47 
44 2 130 
21 92 48 
7 61 54 
66 9 4 
17 70 136 
14 20 178 
42 12 38 
10 60 155 
92 23 26 
7 8 63 
65 17 198 
63 98 121 
76 61 203 
49 60 151 
48 51 50 
73 41 121 
3 34 45 
28 38 152 
6 36 87 
90 31 142 
13 102 111 
98 3 188 
6 57 149 
10 40 121 
89 95 108 
46 65 21 
54 21 167 
55 6 152 
11 39 161 
25 58 127 
19 88 62 
32 38 119 
22 52 99 
33 69 173 
88 95 190 
65 41 88 
24 62 147 
35 38 23 
90 59 196 
82 89 132 
16 83 201 
