4 1
150
100 10 67 86 9 
14 14 52 31 200 
83 70 46 91 40 
26 49 65 15 147 
2 56 17 18 116 
36 30 35 97 60 
68 68 68 25 88 
88 34 29 19 91 
59 46 24 68 122 
34 46 55 44 115 
99 101 14 2 30 
46 95 51 29 143 
85 81 57 3 67 
17 4 23 48 68 
94 22 48 71 31 
58 34 51 59 52 
91 78 93 41 65 
69 56 68 11 201 
95 85 101 49 125 
81 91 24 36 91 
31 25 9 12 131 
79 55 45 88 120 
15 46 94 5 165 
10 89 18 71 132 
64 39 14 50 82 
10 22 101 10 74 
68 12 17 15 195 
68 71 83 77 111 
17 13 82 53 176 
51 94 99 69 110 
93 75 54 72 168 
94 13 61 72 114 
59 56 37 52 188 
4 31 81 9 30 
41 8 43 17 103 
53 58 63 64 184 
19 26 34 57 91 
95 60 47 33 8 
57 12 13 22 199 
63 78 32 61 171 
22 14 92 55 31 
87 34 39 22 65 
38 52 99 82 80 
35 24 81 8 201 
47 86 50 6 121 
31 97 23 20 182 
77 28 3 80 143 
6 36 81 43 121 
63 22 27 101 137 
7 15 33 83 132 
41 99 26 63 80 
38 66 88 96 176 
92 12 22 33 116 
12 51 21 12 71 
101 45 41 49 77 
26 61 51 39 111 
18 67 42 55 104 
80 4 43 42 70 
42 50 87 57 142 
53 3 96 45 117 
58 96 22 49 133 
98 60 80 25 31 
79 17 51 42 144 
27 72 68 82 160 
11 11 81 79 192 
53 60 86 80 177 
26 67 8 82 201 
23 47 96 90 113 
22 26 19 28 118 
27 101 47 86 91 
83 36 16 66 100 
49 17 45 55 30 
40 76 2 39 185 
14 11 71 43 102 
83 78 80 27 120 
87 93 55 21 141 
54 14 102 36 14 
91 53 44 34 106 
8 3 43 76 37 
49 26 83 37 94 
18 32 6 37 130 
6 59 91 8 131 
58 64 26 86 127 
27 76 68 33 4 
63 70 39 92 90 
82 38 6 10 25 
63 13 20 76 109 
24 10 67 73 5 
35 64 37 70 195 
46 79 59 14 188 
75 59 52 36 173 
50 95 17 93 171 
71 55 84 97 8 
47 46 52 33 84 
19 11 98 32 140 
101 34 71 96 204 
5 81 93 18 79 
6 63 86 91 11 
30 95 76 89 68 
82 82 43 67 104 
102 29 27 74 153 
67 64 22 68 175 
18 27 23 94 165 
92 64 68 58 202 
86 62 63 29 27 
26 37 11 99 181 
21 94 6 46 2 
78 56 21 43 151 
44 43 20 5 180 
5 75 84 8 89 
20 16 86 68 135 
42 68 100 62 104 
32 55 25 80 138 
26 23 79 93 12 
38 45 27 85 118 
45 44 60 41 20 
53 55 4 56 144 
6 10 39 80 123 
12 58 62 92 91 
91 20 43 38 131 
84 98 93 4 17 
77 91 3 11 48 
100 10 61 53 203 
79 53 71 9 129 
19 86 101 34 194 
81 85 37 41 140 
27 3 24 77 56 
57 64 3 48 194 
17 9 30 57 126 
4 99 11 93 138 
40 51 35 75 97 
101 99 61 9 59 
94 57 64 43 200 
99 88 86 26 92 
16 52 25 14 98 
12 57 46 72 190 
84 76 46 74 63 
78 70 50 30 58 
60 5 96 20 8 
62 46 90 59 131 
18 15 86 48 108 
90 28 23 28 77 
45 56 91 16 95 
20 13 92 13 46 
32 40 58 98 178 
13 58 7 11 179 
68 70 89 8 158 
71 92 99 21 87 
52 49 25 93 173 
6 16 82 74 174 
