4 1
150
70 69 70 98 12 
7 76 46 56 145 
47 24 29 5 106 
15 92 76 58 126 
92 92 69 33 145 
58 51 52 77 186 
6 34 14 34 170 
81 82 82 30 131 
24 14 33 57 161 
5 22 35 99 162 
91 26 9 12 157 
80 2 39 27 101 
58 25 71 65 136 
15 12 96 22 149 
35 12 48 94 82 
80 61 14 55 138 
38 17 56 98 6 
82 27 4 58 12 
81 45 57 81 18 
100 45 70 90 135 
96 28 16 26 94 
82 80 17 73 201 
21 90 86 60 29 
43 72 75 64 176 
90 10 41 16 192 
92 56 69 86 85 
37 93 26 89 151 
12 4 32 52 47 
4 12 33 59 175 
93 62 99 68 138 
31 72 8 4 159 
88 89 101 32 114 
27 13 33 32 130 
30 66 99 86 9 
41 42 25 41 171 
80 79 84 31 9 
33 59 3 19 27 
67 87 24 11 179 
24 4 102 97 197 
94 80 3 95 119 
29 65 15 64 59 
90 49 69 20 203 
11 8 73 28 52 
70 11 17 19 200 
45 44 89 99 166 
39 42 30 45 188 
102 77 90 73 156 
70 46 41 91 51 
21 21 5 12 161 
18 34 75 72 60 
84 66 86 97 32 
87 78 18 83 187 
50 21 26 28 204 
36 20 102 52 118 
26 72 28 95 163 
26 40 80 20 133 
7 69 60 16 22 
38 93 95 58 186 
94 30 61 99 155 
102 97 79 12 93 
101 34 25 15 12 
14 40 93 18 185 
49 100 100 18 177 
84 62 12 19 131 
44 27 46 61 134 
98 13 31 19 163 
32 63 70 75 136 
75 45 47 11 199 
100 2 79 67 91 
96 32 45 12 193 
42 87 62 48 7 
76 89 66 49 20 
3 11 76 38 125 
88 32 27 52 30 
40 17 3 21 135 
44 50 81 17 146 
68 70 21 25 83 
47 3 24 73 188 
88 81 100 2 198 
91 28 43 6 119 
66 6 95 99 116 
27 86 43 82 124 
29 10 51 78 89 
34 93 53 98 34 
87 9 57 60 58 
61 19 3 24 157 
17 8 78 59 16 
64 77 24 69 34 
63 62 44 12 134 
80 32 24 59 132 
100 77 48 90 150 
59 52 38 71 199 
10 85 21 5 93 
22 34 94 71 166 
60 71 86 82 113 
27 67 47 94 103 
30 96 45 60 161 
42 63 90 86 103 
14 41 55 71 18 
80 42 41 67 93 
47 41 56 78 16 
32 93 67 35 99 
94 7 46 20 142 
16 42 64 27 12 
62 46 9 21 142 
21 17 17 74 159 
87 28 82 49 11 
91 43 69 53 101 
51 97 57 38 119 
9 97 37 2 193 
40 81 17 62 175 
3 34 37 9 180 
16 78 95 57 129 
68 28 99 16 163 
75 75 13 78 116 
66 91 73 63 128 
26 83 17 80 83 
8 13 22 63 9 
60 7 62 64 72 
75 4 2 76 188 
83 100 23 22 45 
67 70 41 6 45 
14 63 76 47 132 
36 63 17 17 117 
57 8 38 12 46 
69 15 51 43 170 
64 91 99 71 167 
28 62 97 59 154 
40 74 18 42 188 
99 33 18 100 4 
14 89 87 19 76 
77 63 13 100 111 
54 21 100 22 122 
25 65 8 65 80 
76 68 61 42 39 
85 92 99 20 53 
38 99 53 42 146 
77 6 83 34 15 
67 51 98 5 49 
22 76 98 82 142 
36 27 55 61 56 
48 31 48 101 110 
87 67 95 75 37 
57 70 60 51 173 
21 85 76 58 151 
28 72 58 19 201 
11 96 18 51 186 
13 46 94 16 54 
48 60 84 80 45 
2 58 25 87 139 
