2 1
150
17 33 55 
17 85 185 
97 69 85 
2 59 121 
69 87 171 
15 101 113 
73 50 168 
61 72 121 
58 21 123 
68 101 106 
94 11 22 
42 10 189 
55 24 171 
22 39 116 
43 79 79 
20 3 81 
39 48 175 
98 31 194 
52 58 126 
69 61 131 
33 31 140 
92 10 98 
51 29 157 
93 62 157 
74 53 24 
28 20 190 
23 40 38 
23 31 109 
68 99 165 
17 93 107 
33 88 129 
22 91 19 
90 54 141 
92 71 153 
64 47 176 
11 26 159 
86 26 79 
70 48 45 
48 12 3 
17 26 25 
69 36 74 
27 62 151 
16 54 126 
5 40 135 
26 33 140 
45 61 171 
69 59 149 
5 33 137 
16 65 83 
43 76 162 
10 75 58 
59 25 74 
41 39 173 
14 97 147 
18 84 176 
74 46 33 
55 5 106 
19 50 139 
41 66 9 
71 13 200 
36 75 160 
84 97 133 
40 69 18 
35 6 45 
101 57 126 
3 89 101 
83 43 40 
27 90 146 
30 93 53 
62 21 121 
34 72 54 
89 80 47 
96 36 177 
23 36 157 
9 22 201 
32 20 190 
8 40 158 
56 90 144 
81 11 173 
9 56 9 
41 80 99 
51 3 72 
98 14 157 
41 9 109 
64 62 16 
44 19 139 
75 100 150 
34 56 166 
84 80 167 
57 10 142 
40 89 163 
85 84 115 
31 61 41 
66 36 14 
19 69 65 
26 94 59 
65 39 187 
19 36 115 
32 9 51 
69 68 49 
55 42 11 
9 3 42 
76 81 159 
53 15 120 
51 11 131 
70 18 177 
52 60 175 
55 94 145 
80 23 109 
25 55 153 
33 63 189 
98 13 191 
4 11 134 
13 52 28 
53 14 50 
35 70 52 
94 65 187 
40 19 19 
39 102 100 
36 32 165 
68 52 55 
5 22 107 
68 54 201 
72 68 15 
23 41 18 
75 5 164 
49 46 109 
31 33 184 
85 96 91 
86 61 24 
47 70 163 
87 47 2 
88 49 189 
74 69 33 
28 24 197 
87 19 161 
2 66 198 
70 89 174 
30 40 40 
38 22 55 
10 84 191 
90 27 200 
29 38 191 
10 89 114 
90 77 158 
39 5 21 
95 100 158 
67 86 193 
16 79 165 
96 59 16 
