6 1
150
92 52 89 38 11 19 176 
9 63 96 31 95 64 32 
86 72 45 66 25 77 72 
85 18 49 47 73 67 78 
19 84 100 9 28 8 23 
69 86 69 13 34 32 67 
64 83 73 22 58 27 197 
76 3 3 95 48 41 17 
36 42 93 39 54 50 184 
80 98 24 70 58 7 37 
88 78 55 93 47 4 45 
38 78 27 18 42 43 90 
84 99 16 82 69 5 68 
46 78 76 82 84 44 171 
86 51 54 101 23 81 179 
27 50 4 3 38 88 201 
66 68 24 14 9 49 196 
101 10 90 91 4 86 88 
2 81 13 65 62 39 106 
29 75 18 22 64 58 118 
52 14 80 33 19 37 162 
12 54 70 77 97 90 174 
43 66 12 21 97 47 51 
71 94 41 78 51 49 77 
94 8 94 47 93 41 101 
97 12 60 87 52 65 184 
29 44 89 67 52 68 175 
11 8 3 69 12 35 166 
23 41 57 70 90 44 38 
48 78 32 6 51 38 94 
56 54 36 47 84 36 86 
51 54 13 101 82 53 170 
102 94 81 83 8 70 153 
72 6 18 64 23 74 165 
69 59 63 3 33 42 113 
56 68 23 30 101 42 147 
90 46 71 9 93 37 96 
86 53 25 44 70 73 172 
51 20 85 63 64 62 168 
96 52 100 52 13 30 95 
27 59 54 10 30 5 168 
62 49 57 32 40 36 169 
8 40 61 65 71 73 12 
51 40 69 39 82 91 191 
96 73 59 81 9 2 120 
96 73 37 42 70 4 182 
72 30 33 26 28 101 180 
14 41 89 44 59 43 157 
22 88 73 50 15 91 134 
78 100 53 33 36 26 27 
69 26 25 3 71 18 160 
12 38 15 56 92 8 168 
34 72 39 51 62 84 152 
87 66 94 57 15 26 192 
33 82 95 94 77 78 93 
17 66 43 90 27 101 22 
52 60 97 25 85 85 91 
29 16 83 76 45 40 167 
62 33 48 58 95 86 162 
58 22 63 17 32 39 36 
8 97 63 37 85 66 73 
8 99 34 32 43 52 9 
68 14 20 34 40 66 113 
35 98 34 34 17 33 192 
40 35 10 55 48 29 44 
21 22 42 62 76 48 111 
37 16 28 54 36 77 184 
10 46 85 94 76 64 150 
102 31 5 70 35 43 139 
65 26 79 97 25 85 97 
94 80 74 66 19 3 200 
83 8 82 83 57 6 64 
92 27 63 74 67 50 40 
93 39 94 42 7 88 146 
93 50 59 13 95 45 35 
68 14 30 58 62 77 40 
25 24 90 80 39 39 151 
101 19 25 59 37 30 3 
43 82 26 14 17 29 184 
60 26 71 65 62 16 50 
15 35 18 7 75 102 140 
17 6 64 70 51 100 188 
34 36 56 60 17 18 52 
34 6 46 47 50 31 133 
101 20 17 79 25 52 175 
86 9 54 64 30 34 56 
78 64 46 69 31 100 55 
92 17 6 47 101 101 167 
31 73 62 26 73 5 34 
88 49 93 28 50 8 98 
28 4 98 89 85 100 115 
44 102 80 21 32 41 20 
5 13 34 26 53 6 114 
38 94 40 59 31 13 183 
17 56 43 83 94 81 131 
15 11 60 17 3 28 177 
73 84 7 43 66 9 169 
38 61 4 99 4 94 184 
12 59 32 56 89 68 56 
48 40 40 40 62 47 184 
4 76 11 52 81 71 133 
13 36 18 67 6 9 163 
97 41 86 92 89 76 9 
53 30 63 15 61 62 53 
46 68 5 6 64 95 70 
87 95 49 25 25 27 202 
26 16 92 86 61 49 105 
101 56 50 75 73 89 105 
48 50 39 21 11 41 137 
69 15 62 43 16 48 23 
48 40 69 66 51 6 57 
16 73 32 2 14 76 91 
14 57 33 93 8 85 80 
47 12 6 15 88 34 116 
3 32 44 47 3 43 110 
18 82 11 24 84 25 67 
79 9 21 99 67 25 113 
60 31 52 10 65 73 4 
30 66 53 65 74 73 27 
43 89 58 13 35 93 196 
77 24 71 26 61 8 138 
5 87 19 23 11 4 91 
3 95 38 40 72 55 181 
19 60 62 12 55 22 75 
22 65 88 34 34 61 168 
9 83 86 6 67 36 52 
81 36 44 65 71 70 84 
97 21 75 66 40 9 120 
66 11 16 9 88 33 170 
24 33 91 79 45 63 192 
14 54 35 7 21 66 78 
26 20 49 86 54 98 53 
46 14 70 96 54 26 88 
74 73 100 81 5 44 118 
5 55 88 28 9 48 170 
70 42 61 21 46 23 82 
93 68 25 36 37 60 159 
21 23 85 93 40 53 82 
83 38 28 17 24 82 45 
67 64 59 47 51 44 156 
74 11 77 10 5 5 165 
6 77 47 70 86 82 173 
34 5 37 71 97 45 177 
6 35 6 24 43 20 55 
7 68 91 88 18 4 96 
13 10 85 37 50 61 157 
63 83 49 40 3 39 68 
61 24 78 56 101 92 140 
79 73 88 64 87 56 203 
11 57 84 70 80 40 45 
