4 1
150
14 79 52 66 75 
4 91 62 91 17 
16 81 88 66 154 
78 20 56 43 44 
3 59 91 72 177 
27 48 79 55 178 
65 20 4 59 135 
101 98 59 21 158 
30 39 26 69 184 
93 96 22 86 145 
97 77 16 43 163 
57 90 83 79 23 
58 13 9 4 93 
99 78 31 100 157 
82 64 36 66 189 
67 35 25 82 196 
34 28 96 84 188 
90 5 63 80 23 
13 17 82 11 46 
19 32 24 24 191 
16 67 24 9 185 
35 43 53 51 32 
24 67 3 83 161 
32 20 27 12 118 
95 17 53 90 135 
67 84 27 44 155 
37 14 3 88 167 
69 5 89 93 121 
49 55 15 65 180 
48 16 101 32 187 
101 7 14 66 2 
101 16 36 43 54 
53 17 10 75 163 
13 66 17 101 26 
29 32 36 53 24 
43 5 90 102 42 
53 85 98 53 156 
33 102 39 88 169 
55 71 48 68 17 
33 46 42 85 158 
84 101 102 20 133 
71 73 63 55 122 
99 28 37 23 153 
70 22 60 99 101 
13 29 30 19 120 
60 87 70 46 163 
99 65 7 24 79 
54 86 79 88 16 
62 41 86 29 175 
30 36 27 93 81 
13 88 45 36 136 
57 73 85 62 15 
86 5 19 76 129 
36 23 15 85 49 
87 44 74 92 182 
74 45 3 33 65 
26 62 79 7 140 
12 22 72 58 171 
82 3 20 81 48 
59 24 12 66 107 
8 24 44 69 112 
71 16 55 47 192 
13 72 54 31 169 
27 27 14 7 108 
16 53 59 101 89 
86 27 95 69 67 
52 35 39 81 52 
4 20 12 52 203 
98 69 27 64 149 
13 51 91 98 200 
33 11 7 14 79 
57 67 44 26 145 
46 23 88 15 91 
80 35 74 6 164 
8 17 64 8 116 
49 28 97 29 67 
37 38 98 71 4 
43 30 27 43 143 
40 78 88 82 113 
76 83 15 20 194 
80 79 87 18 187 
18 49 102 57 186 
31 72 17 94 74 
11 27 19 14 8 
52 10 33 36 88 
32 32 85 52 168 
68 15 79 34 112 
60 52 82 79 173 
96 31 72 52 84 
70 63 96 46 96 
51 65 3 17 93 
72 48 53 75 126 
88 67 51 75 52 
18 94 85 40 159 
60 47 42 29 20 
23 39 83 96 153 
71 38 41 6 68 
5 15 65 89 172 
15 102 9 18 201 
31 82 99 28 52 
78 79 58 68 180 
7 25 76 8 51 
35 67 59 101 188 
52 28 47 42 46 
5 32 99 55 134 
61 40 27 30 163 
43 42 57 71 202 
94 82 75 18 59 
82 41 59 64 105 
50 45 10 25 99 
5 36 59 6 46 
48 82 4 3 61 
69 101 48 28 169 
95 12 90 101 204 
72 55 31 14 87 
67 75 36 4 37 
18 32 3 82 157 
9 85 53 49 109 
14 80 74 89 127 
83 95 33 82 119 
40 56 11 25 160 
52 7 47 64 117 
75 48 2 85 29 
39 100 67 52 155 
12 61 43 49 180 
94 83 45 52 126 
74 44 57 46 162 
64 23 80 4 56 
4 39 91 92 163 
68 80 91 75 52 
85 30 83 6 99 
81 15 64 37 176 
71 65 97 3 175 
33 93 58 6 106 
18 22 65 25 151 
75 72 53 69 47 
16 95 71 27 159 
46 63 53 98 204 
51 60 44 18 119 
41 44 90 7 100 
76 24 86 24 19 
66 66 60 32 154 
12 64 98 15 148 
78 95 72 25 85 
72 43 61 6 7 
60 79 50 67 72 
33 84 49 20 99 
94 10 49 19 31 
82 5 23 23 184 
89 65 32 45 169 
