2 1
150
22 97 49 
43 7 195 
76 7 21 
50 45 167 
32 30 95 
15 92 13 
87 58 48 
63 43 181 
21 24 25 
31 52 191 
69 51 125 
31 49 108 
18 83 47 
87 87 193 
89 79 78 
87 46 140 
43 18 174 
4 67 203 
51 61 112 
37 25 171 
86 47 112 
18 83 192 
23 3 166 
95 100 21 
85 2 145 
30 76 130 
53 36 160 
45 90 71 
10 67 172 
64 82 180 
100 83 119 
41 3 83 
42 73 196 
45 66 89 
89 50 38 
78 21 134 
31 22 172 
93 86 182 
7 43 118 
22 10 34 
12 61 43 
95 97 37 
53 46 202 
33 90 9 
69 10 143 
37 58 82 
18 34 95 
21 35 123 
6 9 198 
71 36 123 
84 22 130 
82 36 12 
25 96 109 
3 27 154 
68 100 67 
83 25 155 
21 72 173 
20 6 155 
72 92 55 
62 92 179 
22 84 22 
41 51 140 
42 89 151 
67 15 129 
89 18 16 
73 55 73 
30 25 172 
23 52 131 
77 67 35 
89 12 90 
81 64 10 
67 83 89 
67 29 101 
66 43 75 
4 56 118 
24 33 180 
71 101 77 
93 34 138 
6 101 67 
48 66 172 
54 55 157 
32 88 103 
61 23 72 
66 8 56 
88 66 167 
50 21 195 
8 55 69 
30 21 25 
8 90 63 
39 64 168 
13 21 128 
67 14 181 
61 74 141 
9 65 22 
55 7 190 
13 7 140 
88 58 163 
39 42 25 
53 25 71 
67 26 199 
22 24 122 
54 55 177 
66 23 107 
95 90 98 
29 101 183 
26 77 29 
21 98 170 
64 53 14 
5 77 161 
53 17 181 
56 96 97 
73 89 85 
52 3 108 
8 48 171 
18 94 138 
34 12 86 
23 29 100 
23 49 60 
16 60 145 
55 52 160 
10 15 15 
65 41 192 
2 57 24 
51 75 152 
63 14 101 
102 48 121 
41 73 133 
39 32 179 
42 36 98 
20 59 61 
72 99 106 
76 100 70 
79 55 111 
75 34 112 
33 75 110 
76 62 71 
82 17 27 
14 17 161 
16 73 170 
21 25 12 
49 84 201 
84 81 157 
25 89 31 
18 24 189 
7 68 81 
12 8 118 
36 68 151 
15 41 88 
19 60 168 
75 63 55 
