2 1
150
49 10 153 
32 69 148 
4 57 82 
25 85 92 
101 69 189 
41 6 115 
81 62 176 
2 4 116 
99 81 184 
55 71 54 
76 4 164 
34 99 125 
98 95 35 
53 86 32 
24 80 46 
84 9 87 
47 17 31 
23 34 40 
62 49 13 
20 35 179 
85 51 176 
16 51 166 
66 69 142 
34 45 25 
41 30 156 
73 80 50 
37 17 147 
50 11 111 
13 56 143 
64 74 103 
58 79 124 
31 70 72 
31 10 62 
42 19 83 
75 15 146 
5 83 9 
45 91 142 
84 85 37 
18 37 84 
34 5 193 
13 5 194 
21 78 135 
53 13 122 
44 44 144 
96 96 200 
34 77 195 
84 10 149 
68 21 170 
83 76 192 
45 15 70 
96 99 11 
37 31 31 
47 56 77 
8 55 145 
46 3 95 
101 89 182 
21 86 123 
47 52 194 
24 47 172 
14 41 7 
74 9 199 
28 50 94 
68 61 133 
86 89 45 
60 79 114 
4 25 38 
39 84 177 
7 26 60 
76 51 97 
12 15 173 
32 35 32 
37 36 93 
75 20 110 
2 35 59 
26 37 199 
40 89 149 
41 22 47 
68 77 117 
18 69 170 
71 54 201 
101 58 96 
82 55 111 
8 26 89 
12 31 11 
66 39 101 
60 83 181 
33 37 128 
76 72 189 
65 66 118 
60 21 138 
64 6 135 
57 4 157 
83 45 168 
45 34 130 
32 31 186 
20 4 80 
10 59 174 
97 39 35 
38 27 176 
56 20 183 
99 50 11 
78 51 52 
40 11 73 
75 79 79 
9 90 9 
101 46 85 
4 47 127 
21 53 126 
84 69 138 
52 20 158 
92 30 54 
94 49 171 
61 56 164 
68 81 190 
5 37 165 
49 90 101 
15 40 164 
47 54 149 
30 79 199 
45 96 167 
59 91 186 
60 84 102 
14 16 86 
21 42 184 
63 38 135 
71 18 34 
83 37 161 
20 38 165 
99 48 155 
55 67 142 
88 18 124 
101 11 184 
4 48 108 
33 37 152 
10 96 198 
92 86 35 
9 61 127 
84 64 121 
5 41 108 
12 63 76 
76 62 102 
74 35 52 
31 64 56 
78 69 144 
65 52 2 
7 13 88 
86 9 127 
61 48 14 
10 7 110 
4 98 143 
