2 1
150
33 69 120 
83 43 199 
66 29 184 
52 84 20 
50 3 28 
70 69 153 
15 24 163 
48 5 49 
65 74 57 
90 101 98 
88 24 89 
75 47 121 
72 94 69 
85 9 111 
17 64 187 
16 67 86 
76 94 17 
11 65 187 
61 87 133 
37 19 142 
72 78 59 
45 66 123 
68 78 115 
56 100 154 
43 32 30 
28 33 83 
34 51 15 
88 16 17 
42 80 122 
53 16 122 
96 37 152 
66 15 66 
28 74 201 
34 50 183 
88 22 192 
34 69 68 
79 35 111 
27 5 140 
65 86 127 
23 5 176 
3 17 127 
98 62 129 
3 80 38 
84 102 122 
44 2 4 
19 102 191 
15 10 23 
29 76 166 
8 71 66 
8 3 59 
72 7 141 
14 33 70 
30 91 125 
33 33 183 
17 97 69 
96 85 8 
69 48 173 
70 10 193 
78 76 84 
83 93 184 
33 97 157 
92 14 195 
92 31 142 
70 91 23 
35 85 157 
23 14 161 
50 13 176 
31 41 113 
46 4 198 
76 39 117 
95 49 201 
73 102 76 
15 27 169 
40 6 111 
36 101 117 
76 38 53 
20 56 128 
64 35 162 
6 5 115 
24 48 24 
101 18 189 
14 77 87 
14 64 170 
42 11 176 
98 12 17 
34 97 82 
100 72 135 
74 58 168 
97 33 31 
21 68 198 
83 92 163 
74 41 179 
63 24 52 
17 64 151 
44 80 95 
78 68 47 
74 74 18 
18 26 155 
47 29 123 
13 19 91 
30 95 195 
88 62 39 
9 26 146 
22 73 150 
17 86 18 
94 32 160 
38 21 133 
94 50 192 
91 66 136 
6 29 27 
30 52 11 
83 89 142 
80 58 39 
30 71 88 
53 54 4 
37 4 83 
70 55 198 
84 76 202 
81 38 92 
3 99 195 
54 5 197 
61 94 43 
71 36 198 
41 16 151 
62 11 101 
24 43 196 
95 56 128 
28 38 152 
17 48 156 
7 3 105 
26 79 121 
25 78 136 
48 94 122 
83 68 138 
45 31 80 
25 24 135 
52 59 193 
51 10 88 
35 27 138 
24 46 96 
46 66 68 
48 16 78 
17 39 68 
85 78 101 
39 15 181 
97 85 16 
38 94 50 
12 58 91 
59 78 140 
18 92 104 
