6 1
150
18 5 49 76 69 40 195 
70 5 31 83 25 66 107 
100 25 87 92 35 43 140 
21 45 32 94 11 7 62 
82 66 75 46 61 43 130 
43 73 17 18 82 77 114 
34 4 23 46 54 37 105 
25 18 21 5 41 63 199 
62 19 84 60 35 68 179 
41 58 38 65 25 91 118 
53 72 77 55 68 15 178 
43 11 50 59 72 81 116 
50 56 43 23 82 68 166 
57 35 60 49 12 70 190 
48 87 83 31 48 96 148 
48 46 52 75 50 12 39 
9 36 3 65 89 33 186 
3 97 44 45 25 78 197 
39 19 8 58 47 96 194 
27 69 29 26 87 86 5 
12 93 50 33 57 65 97 
101 58 86 25 38 4 93 
92 40 88 26 20 77 21 
29 47 19 5 18 25 169 
69 76 41 4 49 92 186 
6 97 14 69 15 51 78 
63 23 36 11 94 52 73 
31 43 2 70 11 94 169 
48 33 30 41 42 67 66 
85 48 23 91 14 56 175 
46 76 58 6 28 74 137 
26 85 96 26 75 49 79 
34 41 36 40 100 10 118 
65 86 30 75 87 8 159 
78 15 22 82 98 51 174 
69 46 65 85 22 18 48 
51 36 17 69 19 96 104 
9 89 53 17 48 30 165 
92 30 33 43 68 91 99 
72 76 46 79 100 55 134 
97 72 57 79 94 37 31 
52 15 8 69 14 29 141 
27 70 67 51 23 6 157 
17 34 44 57 29 77 160 
62 73 91 22 42 87 26 
19 98 40 56 95 68 84 
18 27 76 55 64 81 93 
8 82 30 79 51 90 163 
40 15 25 67 62 38 184 
44 19 50 74 44 59 20 
74 29 97 30 40 38 203 
9 70 3 67 97 35 110 
93 63 45 94 99 34 160 
85 17 91 35 32 52 151 
10 28 83 21 25 38 71 
54 35 50 13 54 82 65 
47 23 102 67 5 38 104 
58 7 82 47 27 32 182 
14 8 97 10 88 28 202 
44 22 48 75 99 22 81 
30 97 83 47 54 49 79 
96 91 69 29 16 25 108 
23 3 76 100 8 47 83 
29 55 4 68 57 34 7 
3 56 95 7 19 14 57 
12 101 2 75 86 53 39 
19 30 83 74 5 48 45 
21 74 77 94 77 101 5 
44 81 81 99 16 38 189 
37 77 24 99 13 27 24 
4 76 27 24 96 24 22 
27 23 96 54 88 83 168 
84 20 16 44 15 28 140 
22 23 77 71 17 28 166 
55 61 77 93 23 13 36 
100 51 72 82 79 94 36 
60 87 48 30 57 13 109 
58 10 57 100 102 44 167 
55 52 55 82 98 31 147 
64 21 63 67 72 67 173 
71 46 64 38 36 54 129 
37 32 43 62 17 30 198 
54 22 95 23 70 38 92 
101 19 2 83 65 47 196 
68 87 66 87 48 70 179 
66 95 64 68 93 21 38 
23 14 22 83 3 77 22 
101 70 45 4 32 43 143 
29 64 58 73 9 69 141 
47 79 77 71 62 11 179 
29 33 58 80 19 29 160 
7 82 101 64 73 88 138 
19 22 85 18 30 20 76 
33 9 97 86 54 51 155 
37 48 14 43 67 24 148 
39 90 26 15 16 93 47 
84 58 11 38 83 4 58 
59 94 55 34 94 53 196 
26 63 96 67 80 5 144 
37 89 23 7 65 97 163 
35 61 5 16 28 17 101 
52 88 50 73 49 50 160 
56 61 11 76 73 78 28 
29 33 50 38 91 54 97 
71 89 33 20 9 50 51 
35 52 21 67 39 49 152 
77 48 96 33 57 94 165 
30 15 33 94 21 69 14 
30 57 79 40 65 4 165 
100 19 55 42 102 56 43 
11 92 11 37 31 41 107 
87 56 7 36 62 68 85 
77 101 28 90 83 20 12 
96 43 29 76 47 95 156 
31 43 93 57 40 63 40 
25 25 60 92 30 56 90 
4 74 6 5 38 42 50 
19 29 54 21 38 17 32 
51 83 62 86 48 78 114 
15 16 81 24 8 25 107 
79 70 100 55 67 64 190 
71 26 74 12 55 55 26 
16 41 38 4 47 6 151 
43 99 8 84 80 90 182 
60 26 83 32 19 74 84 
62 56 68 73 56 24 164 
60 91 76 94 25 46 202 
77 45 21 63 21 80 74 
73 94 73 89 76 6 24 
102 93 82 38 83 73 111 
88 72 33 94 84 96 171 
10 35 92 57 46 92 170 
83 63 71 101 96 7 182 
64 97 86 82 20 71 120 
100 96 58 45 75 47 182 
75 90 71 39 86 54 127 
61 82 34 31 16 30 40 
32 13 40 89 68 67 49 
77 49 13 66 27 27 24 
41 36 14 73 47 96 17 
75 2 64 12 55 29 8 
17 54 53 6 43 41 139 
85 20 58 9 82 68 200 
43 60 75 62 28 53 43 
48 22 60 70 36 13 117 
13 78 79 14 40 22 124 
97 63 62 85 88 45 114 
18 58 66 68 30 12 67 
45 91 52 29 78 85 141 
35 95 38 10 30 13 149 
