4 1
150
53 74 50 75 49 
25 95 44 22 60 
10 22 33 89 143 
5 42 67 45 162 
29 67 6 32 92 
55 49 53 69 29 
98 44 67 62 6 
94 8 29 70 129 
85 83 36 59 44 
20 37 8 28 141 
29 53 30 44 22 
88 70 20 31 145 
78 45 77 9 69 
68 57 73 87 159 
99 15 99 82 196 
48 33 48 11 55 
20 43 27 100 177 
47 16 25 52 35 
27 90 100 99 176 
42 7 29 26 113 
65 66 22 50 147 
16 56 49 48 131 
56 23 10 4 108 
37 20 79 22 180 
54 34 23 71 109 
11 17 2 96 114 
43 6 24 56 130 
56 23 79 29 149 
93 69 79 88 127 
5 82 98 47 105 
25 30 9 38 9 
33 45 53 97 129 
101 56 56 93 49 
53 101 56 41 201 
16 42 53 49 199 
87 58 37 9 102 
31 21 57 45 68 
14 98 88 53 68 
13 72 84 66 151 
39 15 88 65 25 
6 28 59 48 76 
85 80 62 41 40 
77 10 46 47 70 
82 100 13 60 24 
56 15 5 9 178 
47 60 89 75 123 
73 72 73 98 93 
5 64 11 8 103 
37 38 49 35 118 
5 28 39 32 191 
41 5 30 54 117 
93 25 52 61 188 
27 93 89 81 97 
7 39 50 2 64 
20 91 7 10 156 
20 69 72 51 172 
21 23 58 82 43 
71 44 21 41 112 
82 14 53 16 54 
45 51 70 87 107 
68 80 39 102 154 
53 100 22 78 81 
26 55 3 77 150 
6 37 9 61 161 
66 20 11 47 104 
8 40 92 84 68 
71 101 87 99 39 
43 86 59 6 143 
72 23 45 2 63 
29 13 78 43 46 
10 44 11 9 180 
50 71 94 51 142 
15 10 40 45 144 
28 70 5 58 67 
22 80 5 91 18 
44 77 11 17 49 
97 64 52 62 51 
29 91 80 11 144 
74 94 9 37 117 
65 85 101 32 11 
61 10 21 10 6 
32 41 23 101 95 
75 62 78 28 152 
52 60 80 21 89 
39 92 96 88 124 
30 73 70 34 93 
61 78 81 13 131 
89 45 43 61 192 
90 71 81 65 199 
14 18 83 63 16 
7 8 83 89 139 
72 16 35 50 151 
61 73 91 55 178 
99 84 68 64 179 
10 18 21 27 113 
70 12 33 91 101 
14 92 8 27 83 
55 97 94 44 192 
75 12 96 87 73 
19 82 28 78 3 
32 52 21 75 202 
91 89 58 34 204 
61 85 46 101 127 
72 67 66 15 72 
4 92 26 70 32 
100 25 36 92 79 
90 86 58 91 40 
64 73 35 28 107 
68 41 62 44 72 
92 67 97 25 134 
54 18 15 43 202 
42 28 53 60 4 
68 55 68 96 25 
77 29 58 82 202 
101 34 40 63 141 
64 32 83 35 53 
35 30 13 26 177 
75 74 16 92 161 
38 22 77 27 176 
15 75 68 33 123 
65 12 16 26 136 
22 79 54 74 76 
12 47 19 35 140 
39 44 44 9 80 
5 15 68 4 129 
81 59 16 77 115 
91 66 52 76 128 
25 16 89 60 137 
98 22 44 55 140 
93 5 43 58 101 
73 33 61 94 116 
52 46 14 63 179 
64 66 79 19 98 
48 97 46 73 93 
25 57 87 43 89 
85 73 15 35 147 
78 18 59 28 174 
60 7 60 19 27 
81 4 28 72 11 
34 45 28 8 47 
98 61 72 13 54 
18 48 20 51 150 
81 33 81 91 24 
48 8 52 33 182 
43 39 29 61 136 
23 31 17 38 25 
42 47 9 13 155 
20 48 48 2 142 
14 89 11 46 68 
50 25 39 61 119 
