2 1
150
72 51 152 
57 69 93 
89 83 130 
73 88 198 
52 54 27 
24 38 182 
3 87 58 
11 37 121 
83 44 46 
80 15 101 
63 28 181 
41 76 185 
25 19 187 
79 69 7 
44 2 133 
43 93 164 
48 58 94 
4 67 188 
87 63 31 
17 76 53 
25 10 139 
17 12 125 
10 12 159 
24 101 40 
100 26 38 
28 69 71 
96 42 104 
43 35 117 
5 61 125 
99 56 29 
78 10 88 
68 56 122 
36 29 184 
6 34 166 
5 26 118 
29 7 85 
76 62 192 
82 23 71 
77 84 154 
13 13 106 
2 14 116 
66 48 185 
78 33 144 
61 93 82 
46 92 18 
71 40 20 
102 78 111 
22 24 193 
21 98 178 
11 93 146 
86 26 34 
41 6 44 
27 40 160 
69 53 150 
72 18 140 
56 38 65 
28 8 90 
69 13 73 
100 82 183 
64 47 102 
5 69 83 
101 77 139 
26 7 175 
89 47 204 
33 35 53 
83 51 15 
28 67 123 
58 85 176 
30 19 27 
83 43 50 
33 65 191 
31 66 171 
36 73 84 
3 32 65 
47 41 125 
46 38 161 
12 19 64 
85 38 163 
92 49 173 
56 73 119 
57 45 132 
64 58 167 
8 4 141 
44 49 160 
68 27 73 
31 13 91 
27 86 166 
35 73 51 
95 50 56 
16 41 36 
101 82 204 
85 47 177 
69 85 168 
81 40 71 
12 70 143 
55 19 24 
46 63 75 
42 31 179 
79 24 149 
42 71 18 
57 95 128 
54 45 138 
80 85 163 
51 64 58 
64 48 95 
49 26 8 
56 42 65 
18 71 160 
83 61 104 
14 8 50 
16 29 31 
76 26 93 
74 60 52 
5 77 70 
33 98 203 
10 80 169 
44 32 201 
72 88 60 
79 41 49 
86 73 172 
19 68 158 
58 37 73 
16 90 46 
3 77 134 
80 53 135 
100 87 151 
81 75 165 
70 73 156 
27 46 84 
87 100 175 
24 90 177 
42 88 19 
59 78 125 
66 96 185 
63 42 112 
35 93 72 
65 81 112 
52 7 201 
6 51 195 
3 33 185 
97 30 183 
38 81 179 
81 40 134 
59 43 20 
15 17 160 
92 9 63 
24 94 109 
8 24 40 
33 74 168 
90 39 77 
