8 1
150
82 42 78 54 4 32 45 48 107 
51 79 64 20 65 47 81 83 39 
39 90 48 90 55 22 68 47 77 
75 33 37 67 51 94 3 10 37 
71 97 80 58 83 19 2 58 130 
19 72 69 73 55 5 33 95 196 
11 94 90 59 88 59 95 72 33 
19 86 31 71 18 57 30 11 177 
42 83 9 31 90 99 58 51 154 
72 4 79 34 36 58 98 94 33 
32 15 11 22 65 13 3 85 148 
37 50 55 14 45 46 18 93 25 
92 82 6 93 3 39 84 25 140 
40 87 52 75 75 26 42 100 198 
79 22 20 98 29 7 26 23 3 
24 60 61 35 18 45 47 9 26 
13 41 14 74 40 42 44 65 200 
24 64 77 31 74 48 49 41 145 
95 96 55 101 69 81 38 62 133 
12 7 71 9 30 68 14 31 120 
87 7 84 80 56 66 9 4 122 
27 94 88 15 88 80 74 53 29 
60 14 74 34 38 80 78 35 119 
31 16 36 11 19 46 89 64 69 
91 18 42 91 94 66 22 13 139 
81 99 22 93 37 78 55 56 36 
88 55 71 5 4 23 8 80 180 
27 18 77 44 28 26 46 85 74 
75 71 21 10 14 27 12 98 75 
40 40 81 60 58 66 28 3 21 
66 88 16 21 85 16 78 97 193 
95 39 72 98 49 54 43 82 173 
100 80 42 46 95 8 87 70 84 
11 70 62 13 18 27 16 82 199 
24 56 88 7 34 20 32 19 121 
68 44 93 29 19 78 81 31 48 
71 22 94 10 36 17 76 69 56 
36 84 24 47 84 69 57 21 53 
100 94 48 24 16 78 49 21 54 
52 84 53 86 34 89 5 47 124 
7 16 22 73 34 67 93 98 74 
39 23 62 26 74 100 53 83 76 
78 49 8 19 63 17 91 26 174 
78 52 51 37 44 39 8 52 13 
7 29 62 84 33 20 42 12 201 
68 28 12 55 35 53 52 29 201 
57 91 55 7 84 10 81 17 95 
88 4 80 25 20 25 94 48 111 
78 96 17 90 78 53 19 25 200 
77 25 19 100 87 18 40 53 125 
55 102 47 54 4 18 73 56 18 
22 44 10 89 63 88 100 76 67 
85 69 14 4 91 61 12 6 189 
31 90 19 65 87 69 64 42 97 
11 26 94 101 19 24 45 99 165 
93 90 64 33 2 13 85 57 173 
51 53 13 87 44 100 26 44 134 
93 59 59 43 27 23 42 90 102 
42 86 52 92 61 94 80 21 33 
33 100 90 7 82 32 84 15 181 
38 26 84 95 77 77 59 54 82 
25 51 65 43 93 14 64 45 145 
37 61 94 21 9 25 85 95 92 
80 88 79 29 61 15 35 6 132 
70 49 11 77 35 9 54 57 143 
54 92 9 78 46 39 61 49 111 
98 19 19 60 12 84 32 81 135 
64 98 92 52 10 90 50 96 195 
63 62 28 87 69 54 55 33 9 
40 4 44 43 70 14 61 38 177 
49 12 39 29 47 56 44 92 121 
82 4 84 21 30 52 43 100 178 
30 14 52 67 7 82 80 95 158 
25 24 30 80 94 74 3 3 173 
61 36 17 74 45 79 95 75 60 
23 21 76 95 101 73 27 33 52 
38 84 6 59 51 55 78 20 140 
33 4 12 12 20 29 67 84 131 
75 58 70 76 75 34 53 59 151 
6 33 24 59 54 63 49 67 40 
82 4 87 64 97 27 10 63 146 
20 13 3 49 30 19 9 55 152 
58 64 11 75 8 94 81 75 179 
48 76 52 51 65 55 10 87 163 
81 13 63 45 68 13 62 35 94 
75 59 5 7 52 102 89 93 8 
12 9 99 95 85 24 40 65 178 
23 71 50 50 41 45 40 30 87 
15 15 99 100 14 74 48 7 35 
86 43 26 53 64 74 52 100 159 
85 88 29 41 8 5 27 41 132 
100 28 20 62 69 24 59 76 160 
8 14 97 26 48 80 8 55 46 
65 73 9 78 99 43 67 57 86 
17 76 9 96 75 75 10 51 163 
100 26 75 4 95 90 96 46 176 
85 61 42 51 35 55 83 64 141 
59 24 30 79 98 15 83 45 204 
73 14 41 24 18 100 101 10 61 
50 63 79 21 83 55 57 83 196 
4 68 44 56 14 13 6 53 55 
53 23 30 62 23 53 90 25 67 
49 63 45 44 52 27 26 35 3 
93 40 43 77 24 16 19 81 157 
60 19 102 30 20 67 73 49 177 
3 90 42 29 33 61 23 10 42 
55 61 17 19 32 82 13 15 27 
87 78 101 16 45 44 76 32 13 
34 21 46 80 73 5 40 25 93 
63 66 10 84 56 17 96 66 41 
63 44 89 22 19 7 54 88 147 
90 89 47 100 55 3 55 91 181 
78 78 90 14 81 10 37 52 99 
7 5 23 86 22 81 25 15 180 
20 14 4 41 27 87 33 52 74 
2 65 13 8 31 67 28 20 181 
33 51 65 81 88 69 59 49 170 
52 6 69 67 77 43 15 37 158 
88 40 52 5 83 31 74 36 178 
39 101 76 58 60 4 93 94 131 
27 41 28 38 84 80 4 83 95 
70 37 90 73 95 96 90 42 165 
40 30 70 36 9 54 81 22 101 
11 96 48 68 76 85 79 90 195 
53 53 58 74 4 102 85 6 201 
101 68 7 82 70 21 23 55 131 
98 94 34 76 58 64 31 95 178 
2 5 63 7 96 8 100 39 182 
27 68 28 70 53 5 55 82 112 
46 31 28 29 46 23 21 83 196 
65 79 96 96 45 11 15 85 4 
39 97 74 101 83 32 32 99 178 
40 29 43 31 23 78 9 87 131 
63 75 60 42 87 15 12 37 124 
97 33 24 20 58 70 4 18 174 
85 46 50 98 100 50 36 83 111 
57 36 58 20 89 60 47 54 22 
45 99 12 61 91 48 72 37 135 
67 22 74 75 30 7 93 27 85 
18 67 77 13 8 6 61 57 5 
7 79 46 66 75 6 60 61 39 
77 26 57 3 28 64 84 71 125 
84 84 8 52 29 64 19 30 178 
37 34 93 8 2 36 47 67 120 
24 3 50 70 17 70 89 18 4 
88 17 41 15 31 40 45 79 150 
97 57 52 84 49 46 19 25 56 
29 72 25 23 59 63 6 62 139 
15 17 69 40 65 13 63 33 29 
50 24 5 55 65 26 63 52 22 
