2 1
150
37 97 190 
7 15 187 
11 14 147 
91 53 149 
29 4 39 
21 29 158 
85 4 31 
11 25 18 
6 36 123 
64 93 55 
70 72 70 
5 13 135 
70 83 115 
70 16 188 
22 49 148 
78 23 39 
19 95 104 
86 30 19 
24 28 148 
87 3 163 
34 49 43 
48 23 166 
41 26 185 
54 53 94 
24 17 181 
24 91 155 
37 30 28 
44 47 200 
77 86 86 
27 83 174 
96 85 164 
78 38 137 
74 77 55 
93 39 198 
30 66 86 
7 64 28 
22 2 78 
99 52 149 
68 92 6 
24 72 77 
41 16 89 
8 61 140 
68 47 162 
24 52 30 
52 46 187 
18 16 165 
58 72 46 
31 7 165 
49 99 69 
9 12 95 
67 52 11 
91 54 48 
56 24 13 
75 41 37 
36 100 102 
26 49 14 
83 52 157 
23 68 204 
17 13 20 
65 60 127 
37 60 73 
35 59 3 
12 63 187 
71 64 187 
77 85 65 
6 97 17 
33 26 103 
29 28 123 
71 45 172 
6 76 86 
16 93 131 
46 40 165 
84 2 86 
51 16 176 
17 14 180 
87 48 169 
71 13 34 
4 34 71 
14 10 67 
78 66 29 
18 7 178 
52 57 146 
29 33 92 
52 24 193 
68 84 22 
66 15 30 
74 86 198 
4 38 129 
28 14 121 
32 34 63 
51 9 75 
30 35 19 
101 67 118 
18 60 33 
40 20 181 
23 38 104 
26 50 195 
20 6 163 
19 16 142 
26 26 88 
15 100 203 
17 3 34 
60 40 100 
4 66 99 
58 57 56 
84 66 37 
76 7 157 
10 8 170 
37 32 7 
58 13 40 
41 77 84 
17 6 123 
18 25 36 
75 65 199 
4 24 172 
50 64 100 
55 37 105 
54 52 42 
68 6 188 
18 82 146 
15 4 56 
32 65 183 
9 43 106 
69 68 83 
2 3 86 
81 8 170 
101 89 140 
56 5 156 
70 89 51 
23 51 203 
70 102 90 
48 62 126 
73 74 123 
96 42 44 
99 88 142 
13 54 102 
80 89 201 
11 18 190 
5 61 201 
53 64 155 
67 88 189 
54 101 135 
99 56 86 
82 10 70 
25 7 96 
50 59 37 
9 59 73 
77 45 127 
3 61 171 
52 45 4 
