8 1
150
49 21 17 45 31 67 95 48 194 
38 10 36 32 69 58 61 96 115 
76 75 86 43 4 58 4 47 57 
81 58 54 9 67 65 98 80 143 
75 10 5 77 37 10 77 84 143 
62 77 15 86 85 50 45 74 150 
84 9 18 61 43 87 40 16 183 
45 31 45 72 36 91 89 87 176 
55 101 40 78 68 22 89 44 143 
16 97 75 6 66 96 92 15 147 
55 16 70 21 39 24 20 34 109 
29 92 42 26 100 99 64 92 149 
37 8 43 98 74 100 17 26 40 
18 41 67 51 82 23 19 36 145 
20 36 64 18 59 36 70 62 107 
31 92 99 78 44 76 23 56 16 
33 59 44 71 6 16 5 4 189 
90 80 12 22 8 66 28 46 115 
13 21 51 8 30 15 48 87 70 
24 42 99 93 30 28 16 88 156 
31 51 32 50 16 57 44 82 168 
44 12 86 35 52 100 20 13 73 
60 27 31 31 25 21 82 83 127 
97 99 52 86 8 22 90 99 193 
28 65 8 95 67 51 32 6 155 
52 91 93 101 75 19 92 57 127 
50 102 28 14 70 35 96 49 169 
34 60 6 66 47 55 6 94 99 
32 67 62 82 101 21 45 32 188 
73 98 26 35 96 53 60 42 199 
71 16 96 75 102 20 68 100 94 
74 88 45 40 97 83 71 63 184 
4 70 3 9 71 40 42 25 105 
61 102 67 55 7 7 57 37 159 
56 59 67 44 16 3 76 73 91 
51 35 3 44 65 35 62 59 148 
99 64 48 59 34 79 69 9 200 
83 21 83 40 85 62 6 18 10 
27 62 56 102 35 99 95 93 183 
52 19 38 34 95 51 35 60 150 
34 99 26 91 77 9 5 95 108 
65 13 52 42 41 50 31 38 197 
21 99 30 50 65 43 89 19 184 
64 51 28 34 7 27 89 74 39 
81 38 87 49 99 42 47 32 165 
42 12 80 90 5 59 54 16 126 
47 86 36 85 4 60 19 43 92 
29 33 8 27 56 69 31 52 203 
14 74 2 90 5 35 63 49 17 
14 75 48 70 82 93 66 44 180 
87 98 36 28 32 58 98 20 202 
77 17 58 14 61 55 60 42 87 
63 59 82 3 25 57 53 7 138 
100 61 53 17 63 14 81 47 110 
67 88 44 46 94 88 36 88 67 
53 2 16 95 12 42 51 5 173 
10 86 75 82 77 27 90 99 121 
50 62 56 46 35 16 101 95 111 
2 19 67 97 69 39 25 102 11 
55 7 50 12 68 61 29 73 126 
82 87 13 19 58 97 29 88 55 
80 9 70 2 96 19 89 50 176 
22 15 19 39 59 77 23 37 188 
13 39 95 97 18 64 55 21 17 
45 86 63 72 70 82 12 46 189 
39 55 14 33 26 20 75 9 120 
46 46 31 37 98 23 5 18 101 
35 86 93 8 50 76 12 45 132 
27 52 46 38 28 15 85 86 169 
82 81 16 77 24 11 5 10 155 
81 10 90 42 69 54 34 79 125 
3 33 7 40 24 83 56 50 117 
16 10 19 18 54 13 40 25 76 
37 60 64 84 4 41 100 33 74 
78 87 86 94 7 51 54 83 111 
79 44 60 35 23 76 54 92 3 
61 65 57 79 4 46 18 98 40 
101 22 30 68 41 93 47 79 128 
75 24 5 70 66 73 59 63 165 
81 4 39 89 31 15 41 42 138 
82 101 86 42 78 10 32 55 127 
27 14 5 69 90 46 14 81 139 
99 93 101 87 22 43 65 39 192 
84 14 92 18 29 101 25 67 160 
81 35 48 97 39 13 11 34 101 
79 14 16 95 77 52 47 44 101 
71 98 81 45 79 41 16 51 85 
73 12 87 6 46 25 68 35 95 
24 5 55 90 77 90 94 88 54 
82 91 38 42 72 87 52 57 142 
101 38 58 9 82 91 72 40 47 
66 76 70 93 29 45 6 25 80 
98 83 22 94 53 93 15 37 123 
7 33 41 102 56 91 56 69 197 
92 17 25 66 20 40 68 29 27 
59 91 64 96 38 49 48 56 152 
51 9 87 67 96 47 31 67 15 
85 67 22 81 39 62 48 16 19 
18 34 65 84 28 26 81 58 95 
100 13 97 94 55 102 17 7 123 
14 27 23 79 37 54 33 85 128 
95 80 53 3 50 24 40 32 47 
13 69 83 63 88 40 101 33 111 
13 93 13 22 67 35 3 36 181 
90 41 98 13 53 45 63 88 159 
97 99 65 75 56 25 80 6 79 
80 53 42 85 80 7 100 22 188 
53 75 15 21 3 16 36 53 186 
28 102 18 40 102 101 62 6 69 
93 40 39 90 44 63 97 24 171 
51 7 63 93 15 33 53 12 30 
66 78 99 52 42 5 34 54 10 
24 43 53 42 25 76 74 10 170 
57 65 32 55 26 81 32 87 95 
32 36 89 87 88 91 88 98 58 
39 43 100 36 58 93 59 74 167 
35 11 84 89 22 7 50 98 97 
86 14 55 20 22 57 59 4 37 
19 40 56 64 56 29 48 37 137 
87 24 9 42 98 53 99 99 155 
66 45 16 83 39 92 44 4 172 
77 21 23 45 79 56 75 41 72 
29 73 56 57 43 87 40 65 153 
42 46 18 3 23 25 81 95 121 
5 38 2 66 22 54 45 73 34 
48 44 47 54 68 59 19 72 54 
23 12 4 31 45 77 17 4 119 
71 76 100 99 66 86 98 72 9 
36 65 54 4 14 73 71 94 43 
32 90 80 61 87 53 99 60 169 
59 76 95 28 51 20 97 76 198 
19 51 81 63 59 98 56 84 15 
76 21 100 33 62 53 56 88 30 
82 12 91 49 102 8 3 40 197 
12 11 17 36 10 40 76 54 89 
44 71 33 84 7 4 46 26 80 
87 28 16 44 73 65 6 16 131 
9 72 51 75 62 20 102 45 151 
94 42 14 62 59 10 10 15 36 
84 100 7 89 5 78 69 18 27 
84 70 39 54 32 95 76 68 168 
96 71 11 15 84 64 31 55 170 
29 27 71 8 36 61 48 24 34 
60 22 69 75 7 46 8 20 154 
38 42 12 21 87 93 28 16 91 
9 72 19 46 60 53 95 43 185 
46 78 36 81 8 10 79 18 95 
17 23 65 68 9 66 88 94 28 
75 10 42 80 83 23 17 41 108 
101 17 64 18 82 67 55 64 86 
