8 1
150
75 74 68 65 22 8 57 36 133 
59 91 67 22 35 39 35 42 110 
34 6 59 76 90 8 17 50 156 
78 44 53 85 15 54 66 45 90 
60 51 37 62 98 77 89 70 195 
67 21 6 21 52 8 4 3 159 
54 102 87 62 50 74 31 82 188 
16 76 78 15 58 92 96 77 185 
21 74 10 83 89 21 13 53 61 
74 58 94 47 82 15 77 14 90 
61 100 3 65 33 18 85 75 192 
22 54 65 16 27 77 18 86 60 
71 72 14 67 51 99 45 59 49 
2 71 96 65 40 46 49 37 157 
92 58 43 94 101 16 27 93 202 
68 61 33 19 31 98 86 8 86 
33 95 51 6 22 76 95 85 10 
102 58 16 21 69 92 100 28 58 
90 79 74 100 42 60 100 78 200 
94 85 42 100 82 34 4 18 86 
30 88 38 68 101 18 13 27 73 
87 49 94 43 21 5 71 98 59 
72 35 55 93 8 45 79 3 204 
66 4 78 83 20 53 51 72 83 
93 24 81 58 89 17 25 15 61 
7 53 66 38 31 86 6 34 170 
91 39 82 95 92 100 18 48 48 
61 6 31 44 94 51 65 79 151 
52 16 48 39 70 95 16 73 102 
38 30 75 94 79 88 70 62 70 
62 100 34 83 42 43 95 67 19 
102 66 61 17 75 54 13 57 38 
39 53 71 89 81 20 50 82 39 
52 68 30 46 76 34 17 6 162 
43 71 76 7 47 5 86 16 17 
92 23 57 23 84 24 70 32 20 
66 74 22 16 35 62 24 45 200 
83 58 92 30 2 71 74 71 176 
46 35 8 68 5 67 13 60 122 
66 31 87 8 78 46 25 53 65 
62 29 38 16 84 4 7 5 119 
20 65 22 88 51 14 38 26 199 
5 100 71 57 5 77 3 61 30 
15 77 82 48 7 52 40 15 87 
53 31 53 6 64 102 8 95 194 
41 80 82 74 72 54 48 22 108 
64 7 26 62 16 25 91 93 59 
80 74 60 73 50 38 73 87 194 
49 101 38 72 50 12 82 64 166 
36 43 8 31 101 87 99 78 18 
20 92 18 30 17 72 74 31 45 
39 70 32 46 4 87 59 102 45 
18 94 58 17 82 54 44 57 103 
24 51 74 75 76 73 30 55 193 
81 21 86 68 100 22 90 45 192 
53 92 41 23 74 102 65 83 173 
54 5 12 66 88 63 22 51 162 
51 66 96 61 18 51 92 79 164 
40 52 95 39 28 39 60 93 132 
13 3 79 75 12 95 89 78 103 
86 17 36 25 48 51 43 41 160 
102 95 76 92 33 97 21 28 63 
93 17 79 75 8 97 98 11 99 
4 79 57 3 74 42 101 7 127 
49 17 7 46 98 89 61 60 200 
92 23 72 84 55 86 65 98 126 
75 13 11 41 28 39 3 41 129 
26 101 23 36 94 28 35 75 24 
28 49 21 92 16 50 99 8 181 
80 22 25 73 40 78 81 28 192 
54 10 91 70 45 59 26 37 122 
79 58 31 47 51 83 75 39 100 
44 85 99 63 44 22 50 26 40 
41 55 63 46 58 68 34 83 132 
24 59 6 64 68 81 91 21 103 
61 35 72 45 100 3 30 38 88 
99 93 68 70 22 21 41 86 169 
100 35 102 65 15 71 18 53 163 
47 83 19 20 75 24 72 91 185 
51 99 57 62 19 21 26 37 183 
100 56 39 87 25 84 98 93 177 
52 98 22 3 29 49 23 85 115 
27 80 20 46 100 33 31 92 180 
30 40 18 82 42 80 81 19 198 
45 62 59 37 24 84 38 22 189 
73 50 72 10 42 36 66 100 117 
73 57 58 8 58 35 96 70 108 
73 72 58 44 24 11 52 80 48 
100 92 58 38 10 80 41 60 87 
20 22 100 84 19 44 23 10 129 
43 39 6 26 44 56 32 67 103 
38 31 28 62 60 64 13 67 18 
3 37 49 79 69 100 93 77 99 
56 91 55 17 23 16 49 11 85 
20 76 51 4 8 45 31 5 61 
19 60 65 39 72 54 36 22 149 
18 66 72 8 35 68 8 78 156 
99 23 10 13 16 51 23 95 185 
61 101 31 6 51 66 71 76 37 
87 19 20 3 83 3 43 32 91 
73 14 43 85 98 33 68 34 166 
24 7 47 16 18 79 63 76 45 
46 14 18 8 40 61 51 23 120 
60 97 42 9 72 85 7 52 165 
51 79 5 100 39 19 85 49 142 
75 73 3 43 42 9 82 99 39 
30 67 76 85 36 77 75 10 75 
43 17 37 64 11 69 98 14 199 
21 48 77 101 25 93 91 78 102 
59 19 57 36 29 75 67 78 173 
9 68 45 30 27 31 82 44 66 
36 13 64 36 47 30 11 63 106 
45 31 43 85 95 60 27 17 186 
83 9 90 64 99 35 84 92 94 
57 93 23 48 21 84 61 57 133 
89 25 74 29 27 68 23 24 97 
45 25 75 87 4 12 40 101 71 
46 74 17 32 55 57 85 57 144 
33 99 12 62 26 40 95 40 188 
21 56 85 24 43 77 87 40 137 
74 72 91 12 10 22 50 18 171 
52 60 72 20 46 72 98 92 51 
39 86 101 37 94 66 20 21 93 
53 24 32 42 46 16 90 13 174 
83 22 92 93 14 10 57 45 164 
24 3 12 15 28 53 52 51 112 
70 40 79 27 94 91 77 99 191 
55 13 16 58 32 35 87 17 143 
37 48 74 93 82 51 86 98 38 
36 40 98 82 91 98 62 22 149 
10 59 30 3 18 17 17 3 67 
69 68 73 79 30 13 83 18 8 
85 79 59 30 43 98 73 42 120 
100 75 23 20 98 11 62 79 119 
44 36 32 59 78 81 19 20 63 
49 59 12 87 101 75 95 79 90 
18 82 18 34 32 78 59 19 59 
13 51 72 64 19 53 55 41 167 
75 28 3 81 13 25 68 26 170 
51 15 76 50 27 21 68 47 200 
44 12 6 56 102 61 53 9 141 
62 86 42 62 34 62 94 21 104 
45 39 71 95 68 8 95 10 11 
56 65 25 52 99 75 55 13 61 
80 21 28 44 30 6 56 8 83 
45 91 83 17 58 8 71 25 18 
31 51 46 100 63 94 57 99 91 
48 12 89 69 9 23 33 15 2 
26 2 11 67 41 62 68 51 40 
25 41 8 19 84 76 67 25 127 
