6 1
150
87 96 15 75 85 12 92 
67 98 23 32 14 34 163 
84 4 55 27 55 51 76 
29 14 28 98 87 62 123 
88 19 7 30 97 101 64 
55 48 31 70 9 102 173 
96 32 26 47 23 32 194 
51 86 49 23 43 7 119 
83 89 78 101 52 87 163 
81 17 4 19 35 51 60 
59 26 59 48 51 54 69 
85 4 53 66 32 67 75 
35 61 9 56 96 75 147 
61 55 71 59 17 7 33 
17 24 30 90 83 68 190 
62 91 78 93 56 27 201 
86 27 37 22 22 45 94 
59 97 65 41 78 59 199 
73 90 90 36 49 20 139 
82 25 78 50 101 45 148 
71 33 65 42 50 75 153 
29 36 39 97 64 71 119 
29 67 51 7 11 97 182 
3 89 59 9 9 33 10 
4 61 74 23 2 75 178 
66 102 101 31 86 25 91 
56 53 41 87 51 12 111 
60 29 45 91 50 85 139 
46 8 35 43 45 73 52 
78 67 76 63 98 73 128 
67 52 78 27 74 48 98 
38 20 24 60 23 52 91 
34 30 34 54 92 21 44 
96 68 90 43 54 21 160 
88 67 25 54 41 94 190 
79 69 66 78 40 23 17 
90 13 84 24 23 83 90 
39 44 11 8 54 44 146 
86 91 86 22 29 71 104 
55 101 8 83 60 53 114 
63 70 79 54 101 15 15 
57 8 21 34 40 37 100 
25 16 48 89 52 24 189 
80 83 57 13 53 59 71 
14 78 43 64 31 90 155 
77 34 56 55 30 67 60 
85 66 91 90 36 4 64 
86 62 96 11 31 65 169 
89 23 43 49 59 74 89 
32 81 71 11 49 74 100 
84 94 36 24 59 66 195 
18 69 25 19 56 6 58 
18 49 56 102 28 95 179 
13 14 8 74 95 87 109 
88 21 81 90 32 84 6 
70 61 89 75 100 89 145 
56 21 32 4 70 17 30 
34 17 11 23 81 63 146 
82 30 52 66 81 45 64 
50 45 31 27 23 28 99 
89 69 29 29 8 19 116 
96 78 72 27 72 41 111 
6 73 69 52 23 33 179 
33 39 11 22 47 42 16 
77 3 79 49 92 67 92 
51 84 96 76 46 17 176 
54 82 41 10 5 78 90 
75 64 76 2 97 62 116 
32 20 9 63 79 51 39 
77 94 80 83 76 12 113 
91 75 79 79 18 3 161 
59 73 13 43 66 65 7 
40 5 49 97 7 90 41 
66 88 14 69 67 70 158 
90 62 30 31 69 91 172 
91 100 25 81 61 80 149 
50 98 22 15 88 18 77 
91 34 88 71 23 38 53 
89 66 12 52 35 4 141 
12 85 14 99 77 21 101 
7 26 17 48 13 48 35 
92 95 57 81 55 42 202 
31 44 62 48 55 61 7 
35 14 31 28 78 6 77 
15 10 18 13 99 90 171 
10 73 25 13 92 11 197 
73 57 73 83 64 72 167 
44 54 53 24 62 49 147 
14 89 22 37 45 81 159 
87 41 70 58 54 17 44 
73 40 37 65 52 8 127 
59 59 47 16 36 57 145 
58 67 91 39 44 14 196 
86 4 78 49 32 21 176 
19 5 27 12 57 63 145 
16 19 61 12 43 12 112 
32 78 23 11 25 9 61 
76 81 21 12 5 27 179 
38 61 18 21 89 78 84 
56 22 6 80 97 2 86 
50 32 29 3 4 43 112 
29 57 40 9 14 59 87 
27 8 2 54 38 85 160 
60 45 93 55 36 16 154 
58 19 33 31 9 90 55 
51 94 11 3 86 35 20 
5 81 15 77 21 100 62 
15 6 28 61 19 66 184 
89 37 50 70 29 81 145 
41 9 80 7 71 18 155 
16 93 53 54 52 71 112 
66 81 80 17 18 48 88 
15 6 72 92 26 38 127 
59 63 35 59 56 40 133 
74 36 72 52 84 56 202 
15 77 9 69 96 37 47 
59 72 55 13 35 31 54 
4 10 17 47 81 16 118 
32 20 97 98 33 92 189 
46 10 68 36 94 45 204 
31 64 25 32 3 41 204 
94 82 47 24 12 41 143 
28 57 7 5 42 43 169 
59 14 73 65 48 32 28 
64 89 80 42 87 28 151 
48 94 17 80 77 60 79 
40 52 76 23 53 25 38 
55 63 33 55 4 19 146 
53 54 69 57 11 89 62 
95 69 83 26 15 98 164 
65 91 26 67 86 47 41 
64 99 44 97 9 97 21 
28 49 90 85 11 4 195 
43 50 25 67 73 10 93 
85 95 99 40 29 40 184 
73 8 90 20 75 54 182 
56 27 63 4 94 23 137 
22 95 43 6 96 87 46 
43 3 2 15 38 77 161 
6 47 58 82 59 21 113 
43 2 67 38 52 8 177 
25 64 65 80 90 80 129 
101 58 36 35 55 70 63 
7 90 7 39 79 12 103 
83 6 24 37 3 14 162 
95 77 70 46 80 37 38 
41 39 37 50 98 18 12 
90 25 50 6 53 26 74 
15 63 102 75 98 38 88 
60 43 45 89 69 86 15 
