6 1
150
61 9 58 61 62 94 149 
98 58 96 21 30 98 8 
88 59 88 64 45 31 25 
21 39 24 51 100 9 87 
76 100 16 25 67 13 199 
26 5 44 60 74 41 41 
22 45 37 72 32 19 27 
44 87 30 64 17 83 83 
72 35 12 63 88 33 47 
60 82 97 65 87 7 126 
56 47 6 73 93 94 201 
96 90 81 70 92 31 67 
15 87 64 52 32 60 111 
72 34 99 88 10 99 127 
65 41 8 47 14 53 179 
42 27 93 26 91 43 155 
48 33 95 98 3 92 93 
97 36 15 57 50 9 171 
15 9 87 85 96 39 66 
50 75 25 80 80 46 150 
62 73 28 42 18 80 52 
3 6 92 9 9 19 139 
8 95 92 66 46 6 58 
20 8 43 97 7 46 199 
60 72 20 25 48 74 71 
65 89 17 33 31 61 25 
5 97 78 89 22 66 87 
81 36 16 36 42 48 87 
68 88 47 14 36 29 90 
36 74 86 64 47 36 89 
9 76 35 17 47 18 33 
12 67 10 87 82 57 160 
38 6 90 7 28 94 198 
3 72 22 96 34 70 141 
26 95 27 76 32 101 149 
61 84 21 97 31 29 114 
23 39 29 56 74 67 199 
70 97 58 21 44 48 14 
7 15 23 15 50 49 177 
74 85 13 52 58 8 157 
24 71 12 99 67 44 164 
34 95 42 62 5 73 115 
99 71 57 91 55 69 112 
71 101 84 83 82 71 101 
57 18 6 18 61 23 94 
28 48 24 79 6 28 148 
22 83 55 48 77 33 152 
16 58 63 5 41 24 110 
72 30 18 87 75 33 159 
79 38 46 45 52 12 146 
25 35 14 51 43 84 100 
20 31 37 7 40 77 85 
62 45 15 23 101 94 115 
20 8 94 33 97 97 89 
47 11 5 27 23 5 185 
24 51 56 100 42 7 108 
101 83 82 37 58 38 36 
95 33 25 54 20 17 11 
29 22 20 48 89 8 149 
22 35 82 19 73 53 79 
96 61 25 60 89 5 41 
28 14 98 40 61 28 108 
79 82 75 4 90 88 194 
31 38 54 55 101 82 162 
50 102 20 87 88 81 202 
75 2 95 33 14 88 5 
10 24 10 31 82 22 87 
55 9 17 85 66 45 133 
25 73 8 90 26 42 159 
14 80 55 75 49 55 12 
82 82 73 78 3 96 44 
16 46 26 22 61 39 193 
95 6 4 23 38 36 102 
31 90 45 90 48 25 196 
47 57 58 35 69 39 150 
29 45 9 66 51 46 20 
29 84 70 67 5 85 42 
76 53 54 13 21 57 104 
94 30 90 57 72 27 142 
91 70 89 94 102 24 134 
62 96 59 90 92 43 6 
8 77 25 45 42 78 145 
5 6 24 50 84 25 73 
18 21 11 80 21 41 79 
16 83 75 5 64 56 30 
59 96 25 30 16 50 176 
55 67 14 32 50 101 175 
66 67 46 20 101 32 92 
77 50 11 73 3 66 188 
96 53 42 81 24 59 95 
12 101 22 70 76 51 129 
57 99 50 73 43 55 104 
18 31 87 64 26 71 169 
48 16 59 15 87 96 120 
16 74 53 28 44 42 110 
69 26 52 27 83 84 42 
53 63 3 63 13 44 161 
24 57 18 100 90 66 132 
87 65 56 91 57 7 85 
28 99 46 101 15 99 101 
7 37 39 46 89 65 194 
55 59 54 76 54 82 188 
19 37 31 56 78 91 167 
64 98 38 27 79 81 52 
66 58 64 100 47 32 36 
21 81 56 3 3 71 67 
8 4 18 6 27 51 20 
64 18 47 39 10 69 89 
42 4 20 12 86 72 181 
3 92 77 9 52 77 199 
58 76 54 77 22 52 114 
95 22 24 54 32 18 7 
42 18 63 39 64 76 162 
79 38 93 19 101 45 13 
14 43 99 77 75 13 13 
44 95 64 89 20 90 96 
84 99 60 55 56 88 124 
76 16 72 90 4 20 162 
41 63 59 24 8 52 167 
81 27 79 59 7 99 201 
25 101 52 46 88 35 193 
41 36 66 46 59 47 78 
28 29 89 73 95 28 8 
34 7 68 13 40 67 8 
74 82 98 51 92 64 104 
17 22 45 18 87 87 204 
30 95 79 51 7 46 109 
100 92 88 14 73 98 187 
96 86 35 50 70 94 137 
55 70 97 69 85 89 24 
9 46 58 9 43 5 11 
14 90 64 35 23 52 151 
92 13 39 21 68 61 45 
37 13 70 19 95 35 152 
27 84 84 24 59 44 185 
49 32 7 31 95 89 169 
98 73 17 50 43 95 131 
60 61 50 19 30 92 148 
35 90 92 50 72 32 177 
8 82 13 65 10 85 89 
82 33 92 75 73 41 81 
42 54 72 54 42 12 138 
25 36 6 31 54 20 30 
44 17 83 24 59 98 184 
93 6 86 35 12 23 158 
29 60 46 59 53 35 190 
37 22 99 33 22 21 169 
48 9 36 58 67 31 79 
18 11 53 16 44 51 101 
50 88 21 32 92 92 196 
