4 1
150
14 16 93 93 157 
47 98 39 70 67 
34 20 58 101 64 
33 64 64 35 160 
23 81 43 86 23 
94 27 62 63 137 
63 40 19 70 26 
47 90 14 63 69 
15 92 54 81 81 
8 79 17 37 200 
99 52 24 88 100 
34 76 9 83 173 
22 38 77 3 146 
96 3 90 89 174 
45 52 3 2 134 
32 30 64 47 11 
17 12 28 65 144 
13 17 33 21 163 
74 83 33 78 28 
79 17 53 10 93 
7 91 30 51 113 
49 51 24 23 39 
7 14 64 79 144 
12 12 14 33 124 
81 72 71 9 29 
64 21 27 89 181 
17 78 56 102 202 
27 84 79 11 49 
64 95 12 3 153 
62 20 56 8 7 
69 5 23 50 136 
37 23 22 38 189 
30 26 37 34 9 
30 59 65 80 93 
30 35 6 9 200 
87 63 70 34 110 
46 67 21 87 45 
14 58 9 35 131 
7 64 43 18 195 
41 60 80 100 96 
5 58 78 63 152 
36 101 15 52 166 
77 55 90 85 100 
65 6 52 13 185 
74 52 31 16 84 
69 94 89 14 121 
29 85 72 88 103 
90 91 61 12 178 
15 44 59 54 182 
54 75 60 70 67 
37 10 69 9 152 
55 28 64 22 18 
44 14 4 93 112 
94 85 4 34 123 
76 48 42 26 159 
32 95 79 27 181 
95 36 22 81 51 
20 18 65 13 199 
64 29 40 5 93 
3 43 68 99 199 
71 73 28 10 119 
91 71 45 31 92 
61 51 39 34 31 
10 94 24 68 75 
77 21 93 37 200 
50 9 39 81 156 
91 29 82 29 41 
24 10 14 24 73 
51 76 36 69 80 
15 91 8 90 76 
11 21 2 63 48 
52 82 93 12 22 
84 34 65 55 114 
34 71 12 15 189 
2 82 2 33 177 
3 87 26 98 174 
61 3 51 44 138 
72 29 21 6 142 
44 19 5 14 110 
19 13 83 14 15 
46 81 95 98 76 
31 20 71 76 45 
67 57 97 26 105 
82 85 23 87 174 
7 52 8 46 103 
85 80 91 79 142 
93 6 15 92 86 
82 10 55 8 79 
54 60 46 85 11 
89 23 80 63 150 
36 91 98 29 4 
95 75 52 48 110 
54 32 93 7 64 
63 45 8 85 146 
74 32 17 49 69 
49 8 25 41 129 
64 101 30 6 74 
3 10 88 90 99 
9 60 9 54 177 
24 69 42 54 91 
46 18 97 91 3 
6 76 51 95 111 
90 52 12 85 186 
54 4 89 71 62 
54 59 19 37 133 
16 25 65 63 25 
82 68 73 97 40 
48 6 41 6 66 
29 62 94 36 124 
59 50 26 63 71 
22 82 72 24 187 
89 101 63 27 177 
82 13 90 84 151 
23 81 17 66 93 
51 64 86 40 8 
95 66 85 76 18 
68 101 4 29 185 
3 98 51 6 66 
49 45 17 19 106 
18 74 12 63 81 
80 35 62 18 175 
60 98 34 21 201 
25 18 88 19 43 
83 11 63 94 149 
27 32 13 34 199 
7 50 69 88 177 
23 56 24 37 63 
35 41 88 43 68 
7 66 32 7 20 
33 59 100 99 144 
9 13 21 90 31 
50 23 30 20 164 
12 31 48 35 159 
71 96 53 88 178 
44 25 22 61 140 
63 2 8 25 136 
51 52 72 18 162 
12 37 36 23 169 
14 12 70 63 48 
77 19 99 29 83 
39 7 14 11 59 
87 92 62 22 109 
49 17 7 54 66 
62 61 33 56 139 
35 61 32 6 154 
34 57 62 38 189 
46 6 81 85 60 
45 40 63 89 193 
22 77 17 70 74 
99 8 18 31 128 
