8 1
200
10 45 75 14 96 98 28 37 137 
18 33 31 78 95 97 101 7 127 
28 63 29 78 12 102 48 74 137 
8 72 22 13 28 54 17 77 52 
16 14 100 48 24 30 86 34 64 
84 40 29 37 72 9 96 87 88 
16 34 34 76 68 24 32 23 134 
48 6 7 79 64 21 72 87 190 
66 82 41 100 94 80 71 65 71 
42 73 2 16 20 43 11 3 88 
95 42 48 78 18 3 65 39 59 
28 8 78 11 66 87 16 32 12 
5 17 42 56 7 5 90 92 102 
67 34 88 66 69 63 78 80 93 
49 90 66 40 37 57 52 45 119 
60 33 9 18 2 90 38 8 174 
4 41 37 45 90 28 54 101 13 
44 63 40 17 34 89 42 69 86 
43 67 83 88 6 64 47 32 122 
44 51 34 100 30 63 78 76 80 
12 5 2 40 89 38 51 11 167 
22 44 100 22 78 36 49 97 87 
7 19 37 75 101 60 68 11 102 
75 45 35 79 42 61 50 32 130 
43 5 80 46 38 97 82 27 179 
63 24 75 100 53 35 21 73 118 
6 38 7 45 74 79 89 78 134 
50 45 5 42 74 48 72 7 188 
66 62 83 42 95 75 72 8 178 
79 77 94 2 60 71 3 46 192 
61 101 33 2 60 62 31 34 169 
87 23 52 29 30 48 43 57 23 
79 65 45 34 75 68 92 12 3 
75 50 86 36 41 30 54 14 16 
63 66 4 22 13 63 93 87 173 
39 52 49 48 62 5 60 27 166 
53 29 28 67 12 50 61 58 172 
100 54 84 24 77 18 41 82 187 
10 58 54 84 43 90 83 55 124 
55 29 90 83 77 16 49 3 173 
83 98 55 56 63 57 79 94 69 
4 16 77 33 9 82 14 52 141 
31 70 88 40 86 59 90 8 60 
98 19 79 71 78 76 33 60 171 
40 56 97 99 8 50 57 81 81 
88 24 23 11 72 27 47 20 69 
101 44 14 99 69 57 28 82 155 
58 36 41 3 102 50 98 76 197 
76 34 65 40 86 7 20 4 171 
10 90 49 54 26 60 43 35 34 
73 43 89 42 73 27 75 100 94 
2 87 25 74 15 98 30 74 176 
72 63 61 10 81 67 73 20 189 
30 7 12 82 62 69 34 27 68 
12 35 62 40 67 87 61 19 36 
63 38 77 53 25 54 74 72 147 
59 66 64 24 71 55 34 46 191 
37 22 27 58 42 90 65 20 79 
28 35 98 76 51 64 50 12 168 
20 79 83 60 10 92 97 77 125 
73 90 66 9 7 22 94 26 198 
94 8 98 89 90 7 16 49 78 
77 85 17 102 76 61 73 17 138 
14 79 14 37 63 66 29 94 64 
76 20 30 78 84 26 67 58 11 
88 33 91 78 46 63 54 22 188 
48 73 16 7 39 92 55 82 97 
87 59 47 34 62 98 77 42 59 
12 101 4 93 37 20 57 86 171 
81 38 35 53 85 43 74 83 45 
18 71 84 39 25 4 80 82 203 
61 57 73 94 4 6 35 44 43 
93 57 38 99 52 54 9 76 90 
16 37 76 6 61 81 77 60 146 
49 75 78 101 15 57 20 98 61 
14 89 36 31 19 43 22 84 54 
87 21 21 31 32 51 61 66 93 
28 57 98 95 19 45 35 89 142 
46 93 44 83 81 56 25 96 178 
12 87 19 34 86 80 55 92 80 
54 19 44 29 43 51 12 94 84 
36 22 72 93 98 33 74 78 185 
85 6 43 66 8 38 64 51 162 
30 95 73 20 42 29 7 83 142 
29 20 53 96 73 88 16 91 152 
19 21 90 89 63 10 89 72 175 
100 90 13 8 66 94 72 84 202 
72 18 82 45 88 17 63 47 120 
42 92 36 57 53 19 64 47 63 
93 43 35 65 33 72 43 9 190 
61 23 55 61 26 90 89 46 151 
97 77 35 75 27 18 52 49 163 
54 45 39 96 46 22 63 81 85 
68 9 87 12 3 81 24 5 50 
7 83 68 47 70 9 45 69 143 
99 20 18 19 15 86 93 92 131 
58 67 79 36 100 47 49 23 78 
91 87 76 56 53 25 94 46 136 
16 9 77 33 53 79 51 66 125 
27 51 95 3 21 14 17 68 79 
49 73 85 22 100 49 71 57 168 
98 45 69 95 27 71 19 79 170 
91 27 16 101 86 35 86 24 147 
46 89 68 64 41 87 87 47 149 
85 96 11 30 63 98 97 55 44 
96 34 26 26 86 45 31 28 85 
26 50 89 52 38 78 77 27 138 
18 36 7 84 10 83 98 36 170 
76 63 66 20 6 33 14 92 184 
50 22 5 25 36 14 45 63 197 
88 35 60 35 54 39 31 81 41 
18 14 26 45 30 52 62 56 134 
79 8 46 58 40 48 88 30 12 
66 95 3 94 41 50 86 13 5 
27 44 11 29 91 27 14 98 160 
68 7 94 55 66 81 49 68 111 
55 31 97 14 49 27 34 66 176 
21 26 76 78 61 19 51 36 28 
59 52 19 20 46 43 70 21 48 
15 13 31 23 47 74 96 33 166 
8 16 96 86 98 27 41 95 149 
6 92 48 77 6 32 69 93 34 
39 37 87 56 46 30 4 21 110 
59 99 80 3 84 30 38 45 43 
20 75 57 95 81 53 70 66 60 
79 40 9 102 57 57 58 59 196 
98 54 72 68 84 78 74 85 195 
97 5 10 20 41 64 11 50 38 
64 46 58 36 87 82 101 26 167 
49 59 45 26 47 27 34 42 185 
52 54 93 80 23 98 58 76 124 
23 62 101 47 92 8 39 97 28 
42 65 69 92 69 60 97 27 53 
55 73 60 85 88 101 73 61 196 
30 85 25 62 80 14 22 80 133 
85 4 69 38 89 52 15 94 157 
26 63 87 35 85 98 73 5 8 
4 40 76 101 76 34 12 11 25 
92 82 87 57 72 91 95 14 49 
60 18 86 10 72 96 25 49 200 
13 97 2 29 91 77 10 20 83 
93 85 30 37 28 80 41 25 26 
94 71 93 98 42 73 75 15 176 
22 96 70 82 79 28 36 101 31 
13 64 93 12 49 54 51 4 61 
97 25 92 7 72 49 84 33 161 
9 17 57 31 57 79 91 91 50 
74 13 9 4 4 29 66 29 125 
23 84 24 41 49 40 44 80 183 
98 16 26 23 99 47 49 29 172 
61 84 10 16 23 60 30 79 186 
24 95 23 66 43 44 88 63 102 
59 70 70 19 90 79 89 95 153 
101 53 16 64 57 77 44 7 94 
55 9 63 66 12 71 48 22 174 
70 34 75 84 37 38 98 92 121 
18 44 96 33 30 29 85 31 56 
80 63 40 49 24 39 98 35 113 
90 95 60 101 73 70 94 20 126 
4 19 18 80 68 66 18 28 128 
54 24 81 36 83 83 45 71 121 
49 24 12 38 88 4 83 10 199 
3 19 73 28 41 11 68 83 26 
13 102 97 76 33 97 76 47 24 
78 56 14 78 58 4 11 47 198 
53 68 33 16 99 60 69 16 20 
93 28 85 72 70 101 71 33 142 
66 75 92 17 64 43 93 7 111 
87 27 63 71 19 96 14 17 33 
83 100 5 39 9 19 88 85 40 
29 8 88 15 9 27 35 47 147 
9 38 7 92 24 94 6 84 181 
50 24 10 91 60 56 86 91 69 
68 29 69 75 31 80 24 66 202 
70 74 21 38 39 75 24 7 161 
13 92 78 14 35 27 31 40 125 
13 40 50 34 31 20 94 69 37 
7 36 9 28 70 60 94 38 22 
72 15 87 38 69 54 77 75 201 
60 56 96 44 46 93 19 14 54 
53 38 44 3 46 72 57 20 147 
73 86 25 19 21 100 17 61 52 
78 77 73 98 59 58 21 36 28 
25 65 91 18 11 58 35 43 203 
70 71 71 18 83 51 83 6 181 
78 42 37 99 29 88 68 44 77 
56 57 81 88 83 12 59 34 113 
84 57 78 68 87 80 100 49 183 
58 62 96 24 17 55 69 46 191 
80 29 38 6 52 69 21 80 176 
22 84 90 62 61 51 96 100 101 
15 12 58 59 101 82 98 12 166 
45 34 42 28 21 40 18 81 12 
21 81 7 11 49 8 94 80 134 
4 98 4 47 30 19 6 56 71 
40 23 30 57 9 42 88 78 95 
48 96 65 52 46 82 46 77 41 
46 6 65 51 67 23 17 97 31 
82 99 6 25 23 66 6 80 118 
79 66 74 67 25 73 62 48 171 
