8 1
200
48 78 8 60 74 4 69 80 122 
96 49 54 96 15 47 37 27 83 
9 84 35 7 80 18 46 56 109 
68 61 68 29 38 41 100 64 167 
45 68 44 63 57 95 93 27 179 
92 26 70 29 92 21 76 22 67 
52 43 100 91 15 20 50 4 40 
95 69 13 15 99 53 65 94 121 
101 48 29 42 16 54 31 56 62 
87 41 71 49 55 18 8 49 45 
86 56 55 26 15 55 76 100 119 
78 79 30 19 65 99 62 77 152 
7 12 28 48 63 61 90 66 128 
51 48 17 97 9 51 32 82 81 
8 77 35 76 68 19 97 54 157 
4 70 78 74 89 79 44 3 77 
97 40 95 96 38 51 93 27 106 
45 83 72 80 89 86 60 56 3 
43 33 46 12 53 10 85 88 196 
89 79 61 39 55 8 14 37 86 
48 14 41 86 85 43 67 54 145 
8 26 83 94 16 35 79 2 143 
95 87 89 87 13 52 55 6 99 
95 8 30 66 68 53 44 14 87 
64 59 50 5 46 101 39 78 127 
17 96 65 27 63 55 38 21 103 
56 63 3 90 33 81 95 74 95 
45 44 60 32 52 3 93 17 89 
23 93 43 90 49 37 91 40 21 
87 70 47 77 30 49 3 89 106 
43 75 28 71 11 74 55 97 71 
6 87 46 64 36 48 12 17 58 
11 69 16 69 102 95 72 11 11 
3 69 16 12 31 65 52 53 86 
19 54 84 71 36 55 2 87 108 
67 24 36 101 68 15 22 94 44 
39 76 75 35 101 3 70 55 57 
22 96 59 83 14 85 6 95 129 
48 42 34 63 69 17 43 6 176 
73 3 4 3 93 39 44 15 158 
70 86 55 83 3 84 28 82 186 
98 86 12 52 98 75 52 75 106 
91 78 9 61 94 97 16 99 106 
28 21 5 22 41 102 8 38 19 
12 67 42 52 37 89 26 47 43 
78 22 8 30 53 19 87 55 75 
72 12 94 60 69 6 32 2 124 
90 78 47 13 46 62 67 41 18 
14 40 43 23 37 49 77 40 157 
48 99 70 88 37 88 65 38 54 
19 55 101 38 22 37 28 37 141 
78 67 78 48 66 14 12 75 31 
97 51 77 47 85 30 29 86 8 
94 5 43 60 50 10 36 50 177 
11 78 20 8 96 102 80 101 150 
3 2 35 58 78 64 74 70 177 
53 74 72 72 11 38 34 36 67 
30 19 19 70 13 18 27 2 197 
99 91 57 77 68 86 57 28 172 
72 38 29 81 89 82 23 85 156 
18 41 69 84 76 63 70 53 168 
58 34 91 19 33 78 67 77 161 
34 79 7 89 17 84 54 64 199 
8 50 32 40 49 31 42 11 126 
31 17 18 96 9 18 3 101 192 
97 55 7 53 16 14 3 91 14 
73 32 25 87 32 14 65 64 7 
54 20 87 62 80 24 16 38 124 
65 40 72 92 87 18 90 59 22 
95 56 36 21 39 60 25 71 162 
40 46 87 6 33 47 15 52 166 
11 37 77 85 39 80 53 40 105 
38 83 47 9 98 74 4 72 17 
70 35 83 29 39 11 45 78 187 
77 61 9 27 79 38 37 81 46 
37 12 19 58 70 101 9 89 180 
36 33 50 15 4 63 39 47 36 
2 84 100 68 41 63 89 78 161 
46 13 6 11 74 19 52 69 123 
92 15 67 84 22 53 23 11 92 
46 64 59 48 90 34 21 37 199 
26 71 73 58 71 94 22 65 154 
86 27 61 33 64 37 3 49 66 
53 21 64 49 48 33 19 45 29 
24 100 26 74 92 39 22 28 201 
91 36 46 75 63 59 78 39 170 
87 15 2 23 48 43 2 70 35 
37 79 25 42 41 28 81 100 133 
53 14 37 25 13 38 39 14 27 
90 80 60 7 73 11 49 33 62 
15 3 54 85 74 25 23 86 101 
77 51 97 20 97 65 94 26 53 
50 65 4 66 86 36 30 14 182 
61 32 8 16 95 10 98 67 198 
14 70 42 15 4 29 89 64 130 
20 72 86 97 14 49 86 101 141 
30 51 19 21 57 62 35 64 111 
45 64 58 89 24 31 68 82 115 
88 37 63 77 79 24 72 13 86 
8 66 20 60 32 96 41 70 34 
82 96 15 81 81 41 75 46 204 
10 33 51 56 31 34 94 101 131 
10 55 74 97 50 47 20 30 200 
38 87 34 64 50 56 15 88 177 
45 8 58 24 4 35 24 65 164 
95 54 37 88 69 33 32 33 32 
46 87 47 71 63 54 43 39 121 
70 48 85 97 43 45 48 51 189 
10 88 53 41 74 87 67 27 156 
65 52 20 3 34 18 41 72 3 
43 76 47 6 82 66 76 57 37 
99 100 13 95 42 20 41 24 93 
66 7 15 62 6 38 78 80 179 
43 69 16 68 58 73 44 6 154 
50 6 8 89 67 20 70 69 56 
67 72 11 102 64 11 73 77 133 
90 83 72 11 31 4 79 35 179 
5 33 44 42 53 38 45 93 40 
41 79 42 97 94 39 11 12 19 
80 43 7 7 97 83 9 56 49 
8 41 77 6 12 34 32 67 75 
87 28 21 75 59 73 93 34 200 
26 94 91 35 102 20 95 100 187 
85 101 38 62 35 99 15 39 108 
46 38 69 11 67 29 3 26 173 
92 7 86 35 16 65 86 84 127 
36 75 41 59 12 14 42 49 135 
2 27 94 24 62 22 21 49 196 
33 18 29 64 34 78 35 6 190 
10 52 87 75 79 53 37 81 132 
16 89 27 57 71 21 64 3 203 
94 70 47 66 16 69 69 55 136 
37 74 43 65 25 9 21 34 198 
83 30 50 43 89 83 57 7 124 
73 78 49 10 2 34 78 43 74 
50 45 37 20 7 26 87 2 17 
26 52 65 20 38 38 24 83 149 
54 53 83 66 11 11 9 98 158 
21 29 73 11 89 84 73 73 182 
64 65 24 26 59 88 76 34 113 
99 55 41 12 88 22 61 26 184 
56 86 36 28 14 11 49 67 151 
38 17 65 83 49 68 49 62 39 
53 30 96 97 92 79 56 12 90 
40 11 42 54 53 65 94 19 176 
57 37 53 15 79 93 15 40 36 
94 18 8 76 65 28 3 10 197 
98 61 96 59 74 4 68 11 116 
35 86 66 2 91 32 81 95 52 
69 39 53 5 84 55 62 64 191 
39 66 48 16 52 44 68 98 119 
94 100 65 51 50 70 37 82 110 
55 93 29 78 97 73 3 36 145 
48 95 79 43 98 12 11 30 93 
13 21 36 24 36 95 74 89 193 
64 21 92 84 70 5 102 9 145 
69 63 72 77 15 18 74 23 7 
83 53 4 55 42 21 26 26 124 
21 33 59 36 7 10 78 41 32 
83 66 28 76 44 91 41 44 138 
77 37 8 20 52 16 93 92 74 
95 11 81 72 61 46 44 82 155 
16 35 58 64 101 75 3 92 117 
79 9 12 15 16 100 54 50 182 
56 4 84 46 45 17 74 85 64 
38 13 7 84 34 63 15 27 20 
13 15 38 35 18 61 59 16 169 
28 82 97 83 20 12 57 90 161 
96 72 92 43 92 18 45 67 163 
54 97 78 51 102 91 91 43 72 
55 24 88 24 89 31 34 48 8 
38 58 94 97 29 46 85 21 113 
21 72 26 22 92 53 82 7 40 
9 79 82 8 93 80 78 4 135 
95 74 85 63 11 45 15 9 22 
89 59 70 34 68 83 35 73 145 
13 35 34 37 44 84 12 27 142 
25 32 66 17 21 27 80 92 96 
74 60 63 82 9 85 43 95 98 
53 77 13 101 75 22 9 67 141 
36 60 32 3 53 86 76 92 158 
47 75 41 45 56 79 37 64 29 
12 33 28 51 95 52 37 61 105 
60 26 59 46 9 56 58 46 65 
18 73 9 79 8 19 8 98 42 
11 10 22 37 67 13 9 99 71 
45 87 67 82 68 94 35 18 136 
22 3 67 87 89 13 47 20 185 
9 35 26 11 46 99 32 28 105 
33 25 61 48 39 12 22 15 121 
68 38 6 17 46 92 53 87 193 
56 26 23 12 91 48 22 2 133 
12 37 43 70 52 42 43 4 189 
9 76 66 57 67 76 54 82 168 
88 94 91 36 60 60 5 77 6 
31 23 36 15 27 38 47 12 160 
20 100 88 66 76 44 100 46 24 
32 101 61 50 60 12 66 36 19 
78 78 79 85 67 77 40 14 166 
60 96 51 30 12 57 98 36 167 
