2 1
200
61 84 184 
98 83 105 
54 49 95 
55 98 203 
90 83 103 
16 27 201 
28 38 28 
48 80 136 
15 21 76 
37 28 35 
42 15 177 
23 61 123 
9 34 167 
13 61 26 
23 64 129 
87 68 54 
25 19 73 
39 94 165 
98 15 10 
26 86 127 
17 19 45 
32 15 170 
15 69 48 
92 9 190 
19 18 157 
3 26 33 
6 29 109 
13 14 19 
83 5 42 
8 27 94 
58 85 99 
22 98 87 
92 94 102 
82 75 203 
5 35 22 
44 22 157 
6 97 181 
90 22 116 
11 6 12 
15 51 23 
65 8 86 
79 36 50 
47 100 41 
37 13 68 
68 26 112 
56 10 163 
100 41 170 
45 4 63 
59 70 130 
94 13 189 
39 80 89 
41 19 136 
60 28 201 
88 100 47 
60 71 172 
58 24 196 
4 57 197 
27 16 21 
29 22 10 
13 22 137 
63 55 177 
29 99 70 
92 29 16 
90 98 167 
83 14 86 
63 87 69 
48 3 94 
69 91 115 
98 14 129 
35 14 198 
64 49 13 
34 28 92 
37 33 147 
53 68 194 
91 16 121 
16 46 7 
70 68 72 
73 67 40 
23 95 131 
33 33 174 
72 59 33 
12 28 102 
78 51 177 
99 27 112 
63 98 74 
52 80 155 
99 84 139 
63 67 94 
64 93 167 
89 13 67 
83 7 204 
89 82 20 
82 81 179 
11 40 195 
18 73 84 
82 12 143 
85 73 33 
90 36 102 
20 12 187 
72 50 73 
70 92 79 
56 18 44 
57 77 33 
29 73 203 
90 90 90 
74 47 192 
7 85 167 
14 6 82 
19 95 146 
53 71 145 
20 12 65 
54 44 100 
59 63 112 
22 27 73 
56 58 3 
18 102 95 
8 47 132 
99 67 134 
55 58 175 
100 39 50 
51 6 13 
47 11 124 
70 38 95 
97 17 172 
41 87 118 
49 60 98 
41 3 190 
27 47 50 
8 22 94 
68 101 175 
65 61 50 
33 73 44 
32 12 97 
42 49 131 
102 13 64 
82 60 163 
10 8 201 
40 61 75 
32 26 122 
83 40 181 
17 5 76 
63 34 115 
62 10 31 
39 19 99 
2 102 111 
32 27 70 
95 28 128 
68 60 189 
89 27 2 
90 3 96 
64 50 146 
61 27 93 
29 41 161 
77 22 102 
67 73 183 
52 40 122 
84 3 202 
27 90 27 
28 51 92 
46 76 17 
58 74 18 
70 77 141 
79 44 153 
11 4 176 
57 21 13 
15 3 178 
5 39 178 
43 7 204 
49 38 124 
61 34 155 
3 85 135 
73 21 99 
44 99 196 
23 76 195 
87 75 201 
15 72 142 
9 15 100 
59 42 77 
22 17 138 
10 23 81 
10 20 21 
101 10 41 
22 86 203 
60 73 9 
93 85 129 
93 58 66 
4 36 135 
93 54 41 
29 45 89 
31 53 11 
83 36 156 
59 14 116 
88 88 134 
81 95 177 
72 51 86 
47 68 119 
76 31 120 
37 8 176 
75 19 134 
92 73 133 
