2 1
200
41 68 126 
82 89 118 
28 13 72 
4 101 56 
13 10 61 
70 49 149 
9 15 154 
82 4 91 
37 37 50 
11 63 43 
59 14 34 
12 61 57 
15 30 96 
19 62 137 
54 40 85 
78 70 74 
19 11 107 
6 89 105 
91 60 131 
19 47 106 
36 19 103 
16 47 177 
13 3 101 
4 57 40 
28 92 110 
11 31 131 
5 62 137 
90 94 107 
70 55 52 
67 23 3 
65 97 170 
97 86 88 
19 39 189 
57 67 139 
88 17 110 
35 80 198 
99 82 62 
102 17 173 
87 47 52 
100 48 189 
64 48 163 
51 41 123 
37 34 15 
13 94 187 
74 50 194 
101 4 157 
100 37 154 
30 70 84 
73 65 165 
100 12 79 
20 21 186 
102 95 40 
90 40 156 
96 100 94 
92 89 181 
40 30 137 
92 87 89 
50 101 24 
20 36 160 
41 80 154 
82 39 46 
70 95 149 
3 74 113 
78 13 132 
3 7 78 
31 40 166 
54 35 73 
16 11 52 
97 72 42 
82 84 122 
43 51 123 
3 16 125 
26 24 192 
18 39 116 
14 16 153 
81 50 193 
75 90 196 
99 89 92 
42 68 59 
99 75 48 
55 23 183 
98 37 126 
7 102 185 
79 7 33 
89 38 197 
81 4 194 
52 18 47 
27 9 192 
65 46 129 
17 63 100 
34 29 101 
73 65 35 
69 18 160 
15 76 99 
6 99 170 
83 11 103 
50 63 131 
35 49 117 
2 30 30 
98 35 186 
101 91 81 
44 46 160 
68 18 151 
82 14 176 
19 39 87 
77 23 22 
13 84 72 
14 69 203 
87 101 163 
94 73 71 
4 73 169 
90 16 173 
11 63 108 
7 16 190 
78 70 101 
79 19 23 
17 28 16 
6 87 104 
58 88 48 
41 60 94 
101 76 95 
42 80 85 
5 31 48 
59 68 123 
60 8 139 
44 38 201 
53 9 168 
72 80 92 
29 100 176 
34 33 58 
64 72 10 
9 8 83 
49 39 184 
10 76 179 
89 59 124 
49 49 161 
85 16 104 
26 91 104 
65 31 197 
3 14 164 
57 73 199 
97 97 196 
58 53 204 
30 97 203 
10 45 70 
97 84 43 
86 82 106 
10 52 37 
79 40 165 
55 46 158 
46 48 51 
12 54 8 
92 94 128 
66 93 196 
81 57 41 
53 18 95 
19 70 97 
78 19 67 
31 50 45 
82 20 118 
17 4 16 
25 86 101 
77 100 185 
33 7 183 
60 22 181 
57 31 194 
100 29 46 
37 38 154 
32 69 60 
94 83 12 
84 12 153 
7 51 182 
91 58 145 
72 78 38 
58 88 131 
59 21 198 
46 75 40 
28 84 186 
37 83 135 
34 94 35 
22 85 36 
88 51 194 
17 55 145 
102 68 148 
26 30 104 
6 81 103 
14 75 101 
34 50 18 
88 57 57 
86 72 140 
25 59 131 
57 52 190 
3 72 77 
71 44 135 
28 46 16 
48 4 112 
42 33 5 
18 22 40 
70 90 71 
11 102 192 
