4 1
200
68 32 83 29 102 
6 6 100 10 12 
100 13 52 55 88 
13 40 67 91 71 
40 24 71 48 183 
39 65 10 93 82 
101 44 54 91 181 
11 89 31 56 55 
40 48 73 64 44 
40 100 23 4 111 
15 27 54 5 96 
46 63 37 39 27 
42 97 9 71 15 
58 62 64 66 70 
26 11 13 65 197 
95 53 9 27 106 
41 44 8 39 55 
76 92 51 44 93 
50 54 94 43 176 
44 41 4 58 133 
80 39 59 71 63 
6 16 91 8 111 
95 56 12 88 150 
100 92 72 44 68 
67 13 22 21 176 
73 20 72 79 112 
56 51 52 62 150 
5 87 39 9 47 
62 3 44 90 107 
96 44 8 70 181 
55 70 62 26 203 
69 19 40 85 121 
89 47 14 54 204 
45 6 52 15 145 
14 54 66 22 150 
66 71 33 69 189 
31 14 4 90 5 
88 92 29 62 14 
88 50 57 50 74 
17 91 92 91 20 
92 94 95 99 156 
2 6 41 52 73 
100 88 73 92 63 
77 45 26 53 30 
56 79 92 9 174 
67 99 18 87 119 
78 81 45 60 8 
39 21 7 14 4 
83 52 78 27 18 
102 79 67 20 124 
74 66 41 77 113 
15 4 89 14 25 
5 90 56 94 122 
21 45 15 89 190 
58 40 14 51 68 
5 2 67 101 175 
90 34 100 26 176 
13 41 70 5 184 
37 34 95 3 200 
95 98 86 68 181 
58 66 80 26 10 
36 54 92 44 106 
14 39 90 28 49 
73 92 32 8 99 
82 77 11 99 120 
26 48 13 53 82 
9 18 102 12 61 
26 57 76 22 108 
61 51 28 54 159 
100 46 68 80 58 
5 68 80 19 20 
83 57 83 68 163 
90 43 41 4 91 
98 39 80 99 202 
18 18 12 55 182 
32 51 59 21 123 
82 81 36 25 76 
43 40 84 3 99 
71 76 10 42 133 
20 12 26 10 167 
63 68 71 81 26 
89 58 27 30 161 
34 100 63 8 203 
11 10 18 68 8 
60 57 79 51 62 
44 10 72 91 147 
22 28 51 40 201 
16 12 57 14 102 
87 16 56 24 34 
74 14 4 43 116 
12 96 60 7 50 
8 92 22 51 142 
81 89 38 58 120 
8 50 26 10 175 
101 55 6 19 37 
46 3 56 35 119 
32 8 31 34 127 
28 70 46 16 188 
26 92 8 44 143 
101 80 100 66 22 
26 91 96 57 118 
59 92 43 90 163 
7 37 89 93 82 
75 60 6 97 68 
40 6 12 18 126 
11 49 64 49 40 
68 5 92 25 71 
43 15 75 77 12 
37 29 59 36 177 
91 4 17 5 197 
43 76 5 34 147 
22 81 80 96 99 
12 31 97 71 30 
4 47 66 59 201 
63 87 31 91 198 
13 49 78 31 148 
9 34 61 52 159 
94 2 61 53 30 
64 36 82 29 194 
9 34 90 22 173 
46 40 60 6 75 
58 48 16 36 124 
75 5 51 23 86 
80 71 47 93 47 
4 88 15 45 75 
28 7 4 96 185 
81 61 57 46 60 
71 77 57 16 45 
48 89 26 93 84 
61 87 60 87 37 
39 90 99 100 170 
60 28 16 70 22 
53 46 21 46 167 
16 50 7 95 149 
5 16 33 72 156 
17 64 24 5 158 
43 49 19 79 109 
94 65 60 63 146 
45 62 89 6 144 
4 70 82 11 56 
13 82 67 14 31 
25 59 29 23 140 
97 5 14 93 140 
6 29 44 93 184 
53 92 47 24 62 
45 29 29 101 153 
49 84 15 78 136 
64 83 6 65 61 
37 38 38 94 155 
41 51 99 38 135 
77 27 91 21 154 
22 37 46 85 146 
99 32 30 49 45 
15 92 37 26 15 
25 25 82 64 113 
18 56 54 48 185 
96 32 93 35 204 
24 95 96 3 95 
29 40 24 93 68 
7 10 91 73 128 
51 15 74 31 89 
53 48 29 66 122 
68 85 100 94 158 
68 40 96 49 203 
22 98 37 80 164 
87 4 91 31 102 
10 67 83 86 86 
83 60 65 92 100 
78 68 32 44 163 
46 42 31 16 136 
69 16 44 73 87 
55 81 96 51 119 
52 59 100 16 106 
3 4 16 53 197 
10 78 6 100 49 
56 68 95 100 75 
47 74 77 65 168 
96 25 12 43 181 
4 66 16 34 201 
21 70 18 92 161 
44 28 81 19 119 
94 12 46 50 179 
89 88 97 15 28 
80 84 38 34 119 
81 94 75 64 193 
46 64 73 102 10 
89 52 5 22 193 
22 95 60 7 185 
86 81 64 56 6 
18 71 3 22 44 
39 34 86 34 2 
52 55 19 25 29 
32 41 46 46 4 
38 85 78 20 190 
86 26 33 43 152 
102 33 21 62 160 
78 63 54 81 136 
56 68 73 22 92 
69 79 37 93 124 
47 36 19 54 135 
