6 1
200
56 10 51 21 27 62 174 
102 6 13 36 57 76 13 
76 83 59 47 85 27 12 
6 3 28 58 74 45 201 
91 85 11 67 4 102 90 
88 22 28 64 19 23 154 
102 43 89 3 30 72 8 
29 67 91 42 33 45 103 
10 25 65 54 19 89 23 
24 3 71 55 76 64 180 
64 33 84 68 6 32 11 
62 41 57 46 76 98 129 
20 22 26 73 58 96 160 
99 64 12 102 36 67 159 
42 19 49 56 9 17 134 
36 9 77 28 15 48 99 
86 11 11 45 93 50 10 
83 47 84 20 71 12 133 
71 74 68 72 67 28 43 
23 9 92 69 83 99 171 
16 52 47 45 50 32 27 
56 3 59 45 19 76 120 
74 67 38 41 7 2 133 
36 11 59 50 21 30 129 
3 21 79 12 52 22 138 
97 39 77 23 81 54 33 
73 11 28 50 55 64 101 
44 56 30 78 99 21 163 
43 90 97 31 5 52 108 
84 82 35 69 56 93 157 
30 63 20 27 50 51 129 
2 33 102 69 68 16 122 
68 50 36 55 3 90 113 
51 81 94 79 5 65 182 
31 95 83 101 72 74 30 
94 12 53 51 72 19 84 
59 97 64 39 38 95 36 
34 101 16 55 6 24 161 
84 28 51 48 88 76 146 
40 20 70 98 43 48 150 
40 85 6 33 73 16 187 
86 32 42 68 72 74 198 
96 70 48 68 52 37 22 
87 4 6 86 45 71 42 
79 96 43 97 49 45 191 
18 12 24 35 10 89 200 
98 11 81 17 4 76 91 
53 24 32 93 13 65 110 
83 3 49 30 47 74 16 
37 101 73 25 31 5 159 
60 26 35 44 50 14 180 
95 26 71 43 97 77 55 
75 13 5 39 82 42 72 
11 77 7 65 17 93 125 
12 10 94 74 73 68 189 
100 99 51 65 53 67 180 
78 80 89 52 99 83 128 
90 70 89 51 65 45 101 
51 30 81 35 23 29 171 
19 79 71 26 11 36 154 
16 56 76 31 77 48 68 
100 20 16 20 12 100 45 
42 8 25 10 25 45 101 
71 73 32 32 40 6 123 
3 20 28 90 49 89 152 
16 15 22 90 99 19 105 
13 67 17 13 31 65 157 
73 48 18 88 93 28 94 
85 46 101 39 44 75 197 
102 90 32 65 13 49 54 
95 5 22 28 29 100 119 
8 17 21 11 44 85 63 
74 12 4 58 63 31 65 
71 23 53 57 45 56 24 
79 86 50 20 18 53 159 
45 98 62 66 30 90 158 
31 82 31 3 92 68 57 
80 30 9 52 20 97 52 
83 71 73 85 46 49 61 
33 73 92 28 34 55 61 
16 44 95 35 43 56 82 
43 24 56 55 90 86 202 
58 43 71 99 59 55 127 
29 91 83 86 43 50 199 
11 40 77 61 16 100 131 
88 16 18 79 43 87 82 
49 19 32 58 65 32 154 
32 24 31 77 101 70 178 
56 14 52 2 8 44 67 
86 81 97 76 88 37 143 
29 55 22 18 70 24 164 
73 52 29 80 20 25 162 
18 48 86 16 32 79 67 
4 68 79 36 45 10 129 
40 38 84 78 97 7 8 
71 11 61 33 47 9 168 
64 24 24 91 21 55 139 
36 13 61 58 60 40 52 
88 44 83 27 17 19 70 
17 47 3 24 20 79 98 
39 27 85 87 72 52 83 
46 57 48 25 57 97 10 
27 25 22 40 69 80 170 
69 80 8 33 92 51 96 
79 23 68 4 78 22 198 
88 78 74 90 89 87 87 
90 37 4 62 24 32 184 
24 83 87 52 101 66 144 
49 79 56 82 4 96 137 
36 82 24 80 77 9 80 
49 50 51 82 95 43 162 
44 6 73 70 21 58 114 
42 84 54 80 58 29 81 
101 20 11 88 93 77 111 
58 82 84 49 24 54 153 
35 37 72 8 25 93 12 
76 85 14 85 39 14 193 
100 72 2 21 82 101 100 
32 43 96 4 68 27 176 
26 91 23 99 7 82 14 
48 83 74 35 38 36 53 
38 99 5 56 65 61 119 
12 84 31 44 54 28 9 
97 78 5 60 68 21 103 
96 93 88 35 33 90 107 
91 30 88 47 67 25 192 
46 93 50 5 68 30 29 
9 94 57 54 56 5 106 
7 71 77 72 17 77 87 
8 19 23 34 73 8 46 
55 44 99 89 5 11 105 
87 57 57 2 92 39 176 
101 33 82 79 88 2 170 
61 13 77 53 50 54 79 
76 29 72 97 25 94 111 
52 60 67 53 95 2 43 
15 22 72 27 41 58 16 
88 43 57 88 7 41 192 
33 24 38 57 59 15 26 
31 87 7 70 47 34 102 
75 17 28 94 2 65 95 
93 7 28 11 98 33 178 
88 17 11 19 55 62 39 
37 31 98 38 89 10 173 
37 66 59 96 26 59 28 
28 31 95 7 77 50 83 
19 12 48 63 84 26 89 
71 99 53 94 74 33 79 
88 33 58 15 57 63 115 
43 71 18 75 76 77 123 
89 18 14 80 14 80 38 
20 52 78 7 86 44 135 
70 8 4 53 28 77 82 
100 39 95 23 89 86 157 
43 32 90 10 52 85 168 
83 41 16 62 55 22 140 
83 82 9 73 22 92 149 
66 16 23 51 2 22 182 
80 21 59 27 96 43 158 
21 90 100 36 60 86 177 
69 90 93 74 57 73 36 
59 87 52 69 96 6 159 
19 68 61 52 65 95 8 
22 59 37 62 81 93 126 
95 12 39 64 8 88 197 
28 32 78 48 51 75 45 
36 9 61 102 39 102 8 
24 41 86 97 92 86 97 
32 59 15 78 83 57 132 
78 15 7 90 20 83 185 
38 85 6 17 23 84 176 
52 78 62 43 93 61 145 
73 54 69 18 4 52 195 
75 66 72 70 20 59 119 
96 56 14 22 21 14 175 
58 82 82 72 4 63 163 
83 55 36 91 98 95 12 
63 40 74 18 33 97 129 
21 36 48 5 27 30 116 
24 50 24 74 49 88 32 
74 89 48 102 91 18 189 
13 37 81 23 66 55 70 
18 42 6 89 19 25 76 
48 36 69 80 35 26 121 
7 15 19 52 10 92 181 
53 28 18 44 81 72 19 
101 70 84 63 77 25 14 
10 20 87 32 65 80 54 
55 81 24 58 94 36 14 
25 64 74 58 65 47 132 
16 90 47 40 54 30 97 
68 87 19 59 3 55 197 
97 34 22 47 13 65 201 
49 96 88 89 38 5 156 
8 12 7 14 80 44 194 
32 42 94 12 52 80 177 
96 7 101 93 83 12 58 
32 54 13 54 84 68 137 
95 61 53 18 27 73 124 
77 14 47 25 13 3 132 
