4 1
200
27 11 29 38 159 
92 86 55 35 49 
41 69 41 45 50 
27 26 70 95 14 
32 72 70 39 87 
11 76 52 57 13 
58 46 8 78 102 
35 86 9 37 194 
71 39 34 40 175 
52 21 32 77 186 
81 53 15 49 96 
56 43 93 96 142 
18 37 101 30 139 
97 62 65 96 184 
44 19 35 100 77 
95 40 32 53 188 
92 46 77 66 55 
7 33 61 31 195 
95 95 16 68 163 
36 40 7 72 185 
92 58 38 87 102 
64 20 17 12 111 
18 12 41 3 162 
73 62 37 3 129 
65 3 36 100 199 
50 5 68 21 7 
56 35 62 63 7 
36 10 92 16 132 
89 19 51 77 162 
84 56 14 89 18 
76 5 6 9 57 
90 24 40 89 5 
61 54 98 9 203 
85 52 81 101 92 
65 72 23 39 156 
49 54 61 21 33 
97 93 81 13 59 
53 31 55 35 31 
15 72 5 15 13 
37 23 44 78 195 
34 77 15 44 92 
6 85 68 33 165 
38 64 20 74 16 
69 75 87 81 100 
56 99 48 87 66 
95 69 10 34 86 
28 12 86 26 170 
22 80 39 68 51 
70 65 23 54 159 
52 54 33 8 79 
64 38 65 29 87 
37 31 30 13 107 
39 77 37 92 113 
28 81 97 90 178 
91 38 21 57 164 
93 78 96 9 167 
43 38 4 96 163 
92 49 58 84 100 
93 52 29 16 178 
95 30 34 99 106 
73 59 45 21 100 
28 18 10 49 106 
61 37 23 31 23 
3 75 43 12 133 
81 24 15 42 196 
41 11 7 70 178 
64 46 98 57 22 
86 95 84 47 109 
76 42 12 32 183 
58 30 99 6 176 
22 89 24 34 149 
51 46 5 25 21 
19 13 42 62 181 
17 41 68 21 55 
10 93 98 59 186 
41 15 85 52 84 
13 14 3 83 138 
77 24 66 85 125 
42 92 61 38 74 
64 102 52 44 153 
19 65 80 79 160 
31 94 67 43 71 
38 63 55 85 200 
8 12 61 94 30 
95 77 85 60 176 
21 34 61 23 60 
41 64 43 78 50 
50 35 26 5 79 
85 60 25 51 52 
81 39 79 40 62 
54 43 60 30 168 
44 81 23 93 122 
100 34 45 14 194 
76 22 79 61 103 
75 88 57 56 64 
37 54 37 35 16 
84 57 24 94 157 
100 6 15 96 167 
71 14 35 46 84 
53 16 13 56 104 
61 62 20 90 117 
68 88 6 99 97 
92 46 89 86 159 
45 13 54 38 199 
72 9 85 80 165 
62 54 13 16 164 
22 43 83 85 99 
24 39 36 37 23 
13 3 18 48 186 
27 27 51 69 200 
42 65 77 58 165 
54 79 42 9 197 
16 77 92 19 56 
51 65 6 38 114 
7 79 19 27 176 
71 92 39 88 114 
37 5 47 18 84 
60 68 27 4 195 
47 99 28 40 196 
38 13 102 22 87 
64 23 15 13 189 
64 48 51 72 25 
64 42 56 54 126 
13 33 75 78 142 
85 40 4 42 22 
10 53 80 31 103 
60 93 19 46 191 
16 92 36 26 160 
14 19 57 93 70 
8 46 76 79 174 
8 40 26 52 123 
26 21 75 3 174 
14 70 22 22 110 
73 24 12 60 97 
23 99 52 100 118 
68 85 13 9 11 
66 79 3 46 91 
22 69 69 86 143 
97 19 35 41 136 
46 99 36 40 128 
85 36 18 32 132 
10 90 27 95 192 
43 10 68 98 44 
37 69 78 78 69 
6 57 27 90 107 
6 66 13 34 30 
71 51 75 46 44 
32 62 73 81 74 
34 44 76 92 61 
89 53 38 20 66 
79 22 60 6 119 
30 11 30 80 124 
46 79 96 81 53 
94 37 24 78 186 
77 98 99 42 5 
65 84 37 61 133 
56 30 95 102 76 
50 92 71 88 190 
23 34 95 21 187 
57 50 97 67 77 
54 31 63 29 117 
83 26 20 5 195 
48 76 71 16 15 
18 86 96 44 157 
4 68 38 85 144 
45 5 80 50 96 
17 89 72 24 27 
27 69 69 45 115 
27 74 68 93 96 
49 65 81 15 155 
73 56 54 90 74 
88 95 80 58 30 
80 48 72 58 165 
62 6 49 3 167 
51 19 53 88 107 
31 2 47 38 50 
82 26 67 75 155 
63 37 84 89 55 
34 91 12 32 160 
81 5 11 12 178 
45 18 80 33 56 
56 5 68 38 14 
88 50 44 35 69 
55 83 99 83 41 
27 24 63 77 102 
61 9 23 10 149 
29 93 37 51 166 
67 49 36 48 46 
61 71 48 82 84 
86 50 80 98 53 
100 8 30 93 127 
22 57 5 83 138 
49 84 60 65 163 
96 15 94 54 141 
9 49 53 61 124 
58 79 82 37 134 
14 31 27 85 153 
23 65 45 89 125 
12 46 55 80 153 
79 13 84 3 95 
