2 1
200
67 20 122 
44 90 92 
36 23 98 
79 75 39 
2 74 130 
73 51 5 
58 87 132 
8 39 174 
31 95 83 
72 42 155 
5 6 203 
93 39 18 
68 52 88 
50 73 135 
43 93 154 
36 46 17 
3 46 162 
91 81 52 
50 61 165 
76 14 194 
7 66 164 
74 76 143 
20 11 73 
57 8 201 
61 10 29 
100 68 96 
12 97 102 
34 71 197 
99 16 53 
77 45 160 
29 93 78 
50 46 17 
88 71 36 
8 18 72 
75 48 79 
82 32 145 
13 52 191 
36 67 37 
48 74 193 
86 77 124 
46 46 136 
59 30 31 
63 13 132 
8 14 198 
32 6 162 
16 62 48 
60 18 172 
57 66 189 
87 95 56 
23 4 147 
15 4 191 
58 63 148 
71 18 38 
26 22 40 
8 7 78 
99 7 125 
40 34 27 
74 27 121 
78 92 164 
75 74 74 
90 42 21 
95 95 22 
5 75 87 
9 48 91 
7 36 198 
67 50 120 
57 90 179 
68 84 144 
61 43 158 
37 82 146 
94 97 90 
85 38 162 
11 16 27 
30 95 66 
21 34 175 
70 69 186 
64 13 86 
24 21 171 
50 24 118 
41 35 108 
35 70 190 
73 16 104 
2 24 200 
20 58 72 
48 29 194 
58 49 105 
86 93 151 
88 75 141 
32 73 157 
62 37 31 
24 72 164 
62 97 52 
41 50 37 
38 70 92 
95 46 114 
9 78 187 
91 94 154 
9 57 88 
81 49 195 
26 43 90 
75 42 179 
86 98 176 
56 88 66 
72 19 202 
36 51 47 
31 95 60 
15 25 193 
87 73 90 
41 17 32 
40 83 99 
31 16 16 
76 64 58 
59 12 100 
71 55 183 
62 21 152 
78 75 15 
22 51 112 
69 13 39 
51 90 142 
46 46 165 
74 18 12 
86 43 9 
94 62 177 
97 74 169 
82 46 143 
7 27 107 
71 65 87 
10 20 67 
96 65 8 
91 27 151 
61 15 134 
70 100 77 
87 78 159 
73 86 29 
22 28 158 
74 89 137 
51 46 129 
19 77 166 
41 65 201 
75 92 160 
2 5 73 
15 38 121 
19 14 96 
35 22 102 
76 100 161 
31 91 188 
57 24 155 
38 42 166 
13 43 79 
86 31 71 
41 14 175 
102 73 165 
80 9 183 
20 56 152 
22 18 49 
15 45 156 
4 12 153 
8 20 140 
4 66 130 
56 4 193 
23 35 171 
14 96 19 
66 76 58 
100 52 168 
5 39 138 
3 18 51 
60 100 201 
64 83 40 
62 35 192 
19 99 17 
19 26 11 
97 100 44 
93 10 46 
17 52 140 
51 6 123 
95 5 167 
3 3 98 
41 98 11 
98 61 107 
67 54 126 
17 48 158 
22 83 54 
79 10 81 
49 13 19 
4 45 99 
32 15 158 
61 69 61 
14 18 197 
62 80 60 
2 100 80 
71 28 114 
63 102 8 
93 31 49 
36 17 195 
45 56 184 
41 39 108 
58 69 95 
77 8 175 
34 4 63 
83 62 8 
