2 1
200
27 8 190 
12 35 168 
45 7 103 
3 93 54 
49 65 178 
29 11 184 
56 56 86 
64 23 176 
65 61 120 
80 36 170 
6 97 202 
22 7 50 
69 41 75 
28 6 157 
60 96 171 
35 77 26 
97 11 67 
66 86 145 
63 66 172 
9 49 152 
26 67 145 
69 100 197 
28 29 120 
65 62 143 
56 30 104 
67 6 57 
4 32 173 
49 85 54 
53 42 24 
30 61 86 
42 62 187 
64 4 81 
8 93 197 
89 9 99 
56 34 100 
64 12 115 
22 98 123 
59 7 37 
92 79 166 
47 18 117 
88 100 138 
19 26 203 
80 94 54 
13 61 28 
33 17 48 
38 95 107 
79 91 64 
57 10 129 
84 85 114 
76 74 52 
60 63 154 
42 3 20 
83 39 18 
51 86 38 
32 11 78 
49 28 182 
97 55 172 
31 70 57 
28 33 184 
7 37 84 
46 6 42 
3 55 199 
40 93 30 
16 58 116 
46 30 12 
15 26 202 
27 37 116 
68 81 40 
42 30 189 
50 15 144 
21 78 4 
69 7 162 
100 31 114 
42 11 73 
77 83 199 
30 88 84 
24 15 15 
93 82 3 
86 80 53 
3 63 53 
7 92 160 
46 97 163 
57 78 48 
28 17 195 
45 87 53 
23 93 200 
23 14 88 
54 28 203 
66 30 197 
3 85 57 
56 99 140 
32 37 41 
59 33 177 
20 75 21 
20 99 201 
13 50 193 
77 65 177 
30 81 100 
84 55 132 
80 82 137 
85 57 190 
97 74 37 
29 15 104 
8 66 122 
13 5 83 
35 36 61 
3 54 164 
4 27 43 
43 28 39 
22 50 168 
57 81 106 
22 37 38 
19 25 52 
83 86 72 
46 71 201 
29 18 156 
10 51 40 
37 79 58 
89 83 62 
74 56 94 
101 9 133 
70 53 174 
10 93 140 
24 19 26 
6 22 140 
47 60 115 
24 16 22 
44 14 201 
65 22 6 
26 35 111 
90 46 140 
81 84 158 
72 78 39 
15 21 52 
10 88 68 
9 33 117 
62 43 49 
75 52 84 
37 59 195 
68 7 64 
86 87 119 
17 36 148 
45 27 79 
93 77 168 
40 11 195 
87 36 53 
68 58 182 
47 66 188 
33 17 191 
30 46 51 
84 6 145 
90 31 71 
69 95 108 
62 65 14 
21 71 135 
43 38 86 
47 52 49 
72 3 100 
43 41 43 
68 86 40 
81 18 165 
16 11 147 
13 52 162 
63 20 85 
75 7 190 
85 28 195 
28 92 163 
54 85 191 
3 13 8 
25 49 185 
15 3 20 
36 83 99 
27 7 122 
96 32 175 
64 86 67 
84 100 194 
57 60 29 
27 42 192 
41 29 68 
89 14 200 
70 91 8 
91 50 36 
34 41 50 
47 60 43 
38 34 124 
96 92 203 
63 21 30 
10 69 181 
79 91 126 
17 97 112 
17 40 190 
63 28 85 
84 75 74 
17 52 121 
73 12 204 
95 90 18 
36 47 77 
35 28 189 
86 62 45 
17 14 122 
