6 1
200
75 21 24 17 21 60 11 
50 36 42 80 82 44 135 
53 20 30 84 48 5 88 
6 6 31 95 9 38 157 
17 80 84 86 13 67 200 
65 75 69 73 10 18 97 
86 95 74 60 77 55 170 
47 98 21 39 43 11 141 
17 95 23 14 25 30 68 
58 60 95 71 80 70 181 
47 63 12 40 89 97 42 
13 59 37 34 85 96 145 
84 65 49 72 57 31 99 
82 47 61 87 91 16 58 
38 81 92 99 86 96 203 
37 10 102 56 16 51 9 
38 88 82 42 36 64 153 
96 48 100 24 41 42 134 
18 53 54 100 83 94 155 
80 48 37 101 101 73 97 
57 50 19 44 83 47 91 
61 81 47 57 54 55 86 
35 93 77 48 56 36 39 
59 49 57 35 58 30 119 
43 47 43 36 93 30 81 
100 83 83 60 98 23 119 
74 9 46 31 41 36 92 
56 62 55 48 39 30 199 
3 63 11 26 19 88 38 
36 6 22 63 27 4 73 
12 96 89 60 15 63 175 
42 14 6 19 96 15 177 
87 90 91 56 101 43 198 
22 74 36 81 38 42 77 
5 25 69 16 34 11 91 
68 68 89 26 70 14 125 
52 7 10 25 75 33 103 
18 33 9 28 63 40 185 
24 56 81 79 23 50 76 
91 39 5 64 6 45 39 
25 4 32 34 31 38 144 
69 28 58 65 11 89 179 
94 63 90 73 73 56 92 
14 10 49 49 66 26 125 
70 7 63 71 90 34 189 
32 79 96 34 4 22 112 
30 26 16 14 63 51 197 
78 17 93 34 91 76 24 
95 86 87 67 14 11 202 
23 96 96 23 58 97 128 
86 96 41 72 35 92 172 
86 34 37 5 77 66 188 
92 72 39 101 60 84 75 
95 12 69 91 13 57 15 
32 23 93 7 56 36 188 
23 55 64 58 85 29 21 
53 52 64 39 47 9 65 
26 59 24 100 16 28 186 
86 74 82 24 37 80 112 
13 46 100 23 32 2 143 
19 77 45 76 57 29 86 
62 7 54 69 50 77 13 
66 72 9 42 10 3 75 
83 84 36 50 51 57 83 
8 66 18 17 9 63 15 
84 80 26 61 101 52 52 
69 30 58 89 5 51 97 
76 93 83 24 102 35 76 
95 12 28 8 74 3 110 
43 38 54 43 16 101 168 
93 85 84 11 53 14 29 
56 80 64 48 8 95 67 
75 37 95 9 30 72 183 
71 100 55 29 50 73 56 
94 6 48 91 52 67 169 
10 101 14 51 24 25 81 
34 66 62 69 11 23 140 
3 61 36 88 31 94 47 
88 31 85 5 43 89 127 
76 18 59 58 30 52 132 
38 83 61 8 49 53 77 
35 95 62 42 52 60 185 
47 13 5 23 75 62 47 
72 31 48 83 38 79 118 
51 5 13 83 73 6 134 
80 78 82 84 44 87 108 
38 25 65 93 30 73 62 
7 56 37 57 92 44 134 
54 15 27 13 76 82 173 
92 51 61 81 57 27 136 
38 25 41 33 77 72 71 
8 85 93 10 8 30 91 
51 77 28 83 63 2 56 
65 57 73 70 8 70 95 
75 6 14 76 48 65 141 
33 98 26 17 75 33 93 
32 36 5 70 54 43 85 
76 35 100 95 27 41 149 
70 70 65 71 4 90 69 
81 81 36 62 66 77 38 
81 3 68 91 71 84 69 
23 70 2 56 29 7 203 
73 16 82 23 26 98 130 
31 63 49 73 45 14 106 
57 71 10 90 68 25 193 
34 34 7 58 60 41 95 
102 64 17 76 85 36 17 
67 56 41 42 81 56 104 
42 21 20 28 72 84 136 
101 95 68 64 84 7 82 
85 77 66 68 59 19 61 
101 33 99 62 81 46 184 
17 70 49 89 71 46 187 
14 89 32 90 59 82 3 
72 51 14 3 31 70 168 
81 77 76 24 39 24 85 
90 23 68 93 40 78 173 
26 21 77 14 62 50 144 
90 36 80 102 40 31 61 
85 87 61 52 78 10 75 
95 75 67 35 24 53 52 
68 67 99 21 5 18 93 
31 39 91 70 22 14 185 
43 98 24 101 95 14 12 
38 9 43 65 70 51 65 
48 12 81 40 99 48 46 
71 83 82 37 15 86 110 
49 72 83 57 98 47 108 
79 45 36 31 41 21 63 
59 58 59 37 69 16 170 
29 12 32 25 68 71 146 
17 44 66 82 30 54 182 
39 62 9 74 5 81 143 
69 47 11 61 28 93 26 
27 26 101 48 72 72 42 
62 53 34 32 78 83 125 
3 72 51 13 70 43 42 
97 51 65 66 37 15 124 
67 24 66 42 80 61 184 
20 67 37 59 83 71 159 
12 77 45 29 100 11 136 
77 61 49 61 52 94 62 
77 38 84 37 59 62 195 
31 70 91 100 24 73 170 
7 17 56 88 74 44 175 
76 22 38 39 6 96 182 
65 19 84 30 69 62 89 
30 55 24 26 11 84 166 
9 55 31 78 40 85 144 
46 95 74 80 52 46 3 
18 48 100 55 68 8 135 
53 10 73 56 12 42 157 
64 34 64 65 62 7 137 
69 9 63 68 13 21 39 
26 11 52 19 18 45 27 
9 27 73 46 78 17 117 
48 60 24 29 46 96 168 
64 12 17 92 41 36 101 
40 38 89 57 89 50 56 
100 23 39 96 99 66 113 
9 93 21 86 92 12 45 
51 41 41 69 27 38 128 
101 37 30 79 11 65 141 
90 86 91 91 69 32 98 
40 87 35 49 31 29 112 
21 98 8 52 26 30 183 
99 50 89 64 14 66 202 
88 11 19 90 3 88 40 
9 32 97 24 82 75 25 
56 8 23 98 11 10 163 
41 24 29 87 37 81 186 
38 4 29 58 68 50 107 
78 18 61 30 43 38 27 
68 12 29 46 57 80 88 
44 69 68 5 59 21 97 
89 92 5 68 9 29 144 
30 70 68 16 27 61 161 
92 64 70 70 74 69 149 
14 102 44 82 3 51 192 
37 63 55 11 31 7 181 
28 58 64 35 11 44 78 
44 63 31 32 21 66 108 
7 100 37 87 54 76 154 
92 63 88 9 81 78 191 
10 15 7 98 57 92 130 
8 8 37 65 27 37 143 
41 15 53 84 87 44 63 
65 20 27 79 33 15 75 
97 78 29 32 68 46 71 
50 26 36 66 75 91 201 
94 2 24 29 41 7 106 
50 37 27 95 36 65 92 
97 82 21 26 79 30 25 
32 10 35 61 93 38 186 
90 19 19 14 55 34 146 
20 5 52 94 10 87 97 
43 3 39 34 83 92 108 
46 17 43 98 63 89 127 
94 91 70 50 72 62 123 
20 10 84 83 33 75 158 
