6 1
200
56 9 24 8 96 77 108 
18 56 82 23 99 61 143 
82 92 21 64 25 45 163 
91 98 13 11 15 91 51 
26 84 59 44 30 48 187 
23 16 79 98 29 50 172 
18 88 91 40 3 50 102 
40 76 19 98 67 57 134 
13 13 99 83 88 30 188 
73 25 82 71 15 81 122 
78 44 68 98 97 98 148 
13 24 73 14 43 77 175 
10 41 48 65 93 28 23 
5 82 17 43 22 94 93 
64 12 71 90 72 92 127 
35 53 101 72 61 95 2 
91 29 71 47 55 8 130 
86 35 9 24 55 51 151 
63 53 57 77 6 30 99 
14 4 26 73 87 25 154 
90 49 94 34 35 12 30 
55 48 98 69 88 84 160 
78 64 68 19 43 90 146 
3 46 97 57 68 54 157 
27 47 76 71 85 90 197 
88 17 92 22 41 62 18 
7 61 11 20 48 72 75 
42 60 56 45 37 6 178 
5 99 79 69 60 39 60 
3 24 100 5 96 84 183 
49 78 99 4 31 65 195 
87 89 39 22 84 43 174 
90 22 27 50 86 11 171 
20 15 55 83 25 81 10 
39 13 17 54 90 48 189 
83 59 43 8 43 94 38 
12 41 50 79 98 46 29 
4 74 57 12 75 8 62 
65 46 24 8 86 94 99 
78 25 70 95 97 94 15 
65 86 43 45 20 68 18 
75 7 6 29 38 93 73 
41 62 44 18 42 65 38 
14 21 3 59 102 72 71 
19 82 85 3 53 9 80 
90 15 69 57 42 24 184 
41 20 81 51 3 15 77 
65 28 80 57 32 91 105 
67 43 88 20 98 75 116 
27 23 28 86 86 99 105 
49 76 63 2 43 30 149 
4 24 10 101 59 99 112 
56 8 48 24 20 89 48 
75 83 39 45 50 35 31 
99 55 66 19 18 88 34 
53 19 56 91 63 80 130 
21 80 21 41 78 4 146 
17 81 65 68 12 30 151 
95 25 59 94 96 61 11 
71 46 84 43 13 40 7 
91 94 35 59 11 61 110 
5 20 6 74 33 45 168 
75 3 53 8 60 44 120 
96 99 98 68 22 61 103 
36 39 100 67 66 70 55 
89 32 10 3 71 23 184 
7 55 22 65 18 24 195 
44 33 37 55 98 46 194 
97 39 93 91 2 5 141 
83 8 9 69 77 58 176 
74 45 7 91 23 70 181 
46 78 5 6 38 57 188 
8 65 15 70 26 33 187 
95 20 14 70 19 23 50 
49 15 98 43 69 11 145 
90 32 65 77 78 9 106 
63 89 87 66 50 79 154 
45 96 102 53 27 97 160 
27 95 23 6 49 67 197 
65 10 65 72 47 23 38 
35 51 95 50 27 42 67 
32 28 6 71 47 50 11 
21 98 92 44 17 94 130 
39 44 73 31 44 57 200 
82 24 96 5 57 59 22 
47 9 5 2 56 48 194 
69 19 37 4 18 94 89 
14 75 30 33 31 57 196 
10 24 20 85 87 36 103 
6 12 68 91 93 97 153 
91 89 44 62 48 70 143 
27 38 29 27 65 57 140 
52 68 74 28 5 16 77 
87 87 19 71 14 47 129 
9 71 15 27 99 70 47 
88 88 72 85 88 28 169 
88 93 60 24 81 84 112 
45 96 65 90 83 40 10 
4 26 93 36 25 9 37 
69 17 102 68 89 48 131 
82 4 46 18 90 56 203 
96 62 49 35 65 10 131 
77 52 39 19 33 21 170 
64 81 50 65 21 67 40 
78 60 58 95 38 92 130 
94 21 74 95 85 6 19 
67 46 4 62 101 55 188 
67 65 52 58 29 83 39 
25 97 55 71 91 83 37 
4 94 42 29 20 3 170 
32 67 26 49 16 77 198 
37 48 5 23 14 29 26 
97 8 39 11 12 47 141 
26 20 26 97 26 93 129 
54 64 35 83 55 11 72 
99 28 10 15 8 23 180 
51 52 50 79 56 8 15 
88 5 21 10 57 16 14 
49 102 55 93 86 36 168 
86 72 42 61 20 79 200 
82 31 98 6 26 83 154 
70 78 20 72 87 59 137 
61 16 74 99 97 30 103 
28 57 24 24 89 8 132 
82 10 20 38 31 10 13 
76 25 7 33 35 33 161 
25 37 23 101 79 17 54 
58 70 64 25 51 50 112 
75 76 84 39 77 13 179 
71 102 36 58 51 63 172 
94 70 68 63 99 73 7 
22 3 25 12 93 41 52 
42 58 15 82 62 53 5 
51 25 96 61 22 93 113 
38 90 45 31 56 43 131 
102 98 64 54 79 54 109 
75 61 30 86 74 65 60 
45 23 79 91 12 85 89 
47 74 5 79 82 50 173 
15 82 83 38 99 63 83 
63 53 30 85 101 50 155 
66 69 76 50 30 28 188 
69 68 42 46 60 23 112 
26 61 77 99 6 70 124 
81 49 50 77 5 90 169 
72 51 8 13 37 69 166 
7 31 31 54 24 94 95 
16 43 94 41 41 88 77 
94 55 88 97 82 17 174 
22 28 76 27 40 12 199 
19 36 35 26 56 76 40 
32 48 47 85 78 16 133 
8 58 37 65 5 48 158 
97 23 18 57 54 98 174 
4 57 29 86 85 50 197 
9 61 17 88 14 20 127 
10 43 14 6 3 23 29 
73 40 64 37 66 22 46 
15 19 71 4 80 36 59 
93 20 100 95 68 70 203 
99 22 80 93 30 17 179 
82 6 53 53 77 74 66 
19 67 51 21 30 77 191 
44 49 86 36 87 36 36 
25 16 13 37 55 16 151 
20 86 46 38 7 36 69 
15 20 53 5 64 99 151 
54 51 76 40 95 8 113 
75 96 58 45 84 73 118 
92 42 18 24 60 60 201 
83 7 85 25 42 62 60 
31 35 34 25 39 45 144 
67 38 99 62 10 21 93 
92 90 95 25 66 78 49 
79 37 82 6 41 77 145 
46 94 16 55 47 28 91 
63 27 22 47 29 89 52 
6 21 65 51 41 55 187 
20 91 2 79 86 7 107 
100 53 21 100 70 102 45 
47 85 9 65 95 3 60 
65 75 81 38 91 101 150 
18 20 57 2 24 81 55 
4 16 78 63 23 94 129 
75 4 48 61 89 6 122 
38 58 88 48 54 65 112 
18 24 43 97 9 81 169 
36 66 100 48 22 97 87 
71 33 4 73 11 68 184 
74 34 79 4 97 16 164 
63 71 56 72 19 74 176 
95 37 68 17 15 82 81 
40 50 15 69 10 19 137 
27 86 77 45 99 66 92 
91 66 96 14 67 5 148 
97 46 78 5 26 58 156 
98 38 59 98 88 53 71 
86 65 37 88 98 15 75 
86 81 28 22 10 44 8 
73 74 5 50 80 69 87 
