4 1
200
13 65 75 51 124 
57 3 51 38 125 
80 80 5 31 77 
69 35 36 43 46 
37 50 96 53 62 
35 83 29 45 97 
68 91 31 38 140 
63 19 27 37 185 
56 39 34 100 68 
63 59 57 13 73 
74 66 36 21 99 
66 71 24 22 57 
76 76 8 91 194 
91 51 69 63 155 
51 9 101 52 139 
101 18 98 20 141 
78 28 18 10 153 
4 57 11 90 11 
94 97 7 10 35 
82 32 45 5 90 
13 92 95 37 175 
67 67 86 53 101 
50 76 6 53 105 
50 59 100 17 189 
36 42 81 59 172 
56 4 92 35 179 
71 75 95 77 118 
88 35 83 25 22 
40 73 60 41 116 
20 93 56 59 141 
25 34 30 12 20 
74 14 39 53 65 
65 77 52 66 165 
77 83 32 96 134 
17 78 77 7 113 
65 84 41 2 135 
66 49 35 67 133 
38 47 84 67 175 
76 98 32 93 96 
65 23 96 60 167 
39 63 63 94 110 
48 59 25 57 95 
92 74 38 87 139 
18 43 88 101 92 
32 101 66 10 187 
21 49 86 60 188 
44 90 83 21 60 
4 89 43 13 39 
81 24 29 22 196 
3 62 46 26 65 
24 37 97 16 107 
40 99 55 2 72 
102 75 67 65 9 
4 93 20 59 134 
31 2 76 83 135 
9 75 47 14 184 
61 4 63 29 144 
9 94 69 69 186 
8 36 43 78 40 
8 60 65 18 191 
12 44 90 60 6 
23 63 17 50 92 
67 54 42 12 155 
100 14 39 95 197 
12 26 53 68 122 
97 61 100 64 123 
52 11 31 21 164 
19 16 4 27 102 
48 80 21 24 53 
55 96 33 3 44 
96 22 72 21 170 
88 93 24 101 17 
64 65 55 90 193 
58 25 24 32 120 
85 12 14 46 104 
34 6 31 42 15 
3 30 100 43 135 
32 41 12 37 193 
28 94 5 20 179 
85 27 33 30 142 
32 74 3 44 78 
85 10 29 71 105 
84 64 84 95 15 
35 67 14 24 133 
19 16 88 37 66 
93 9 97 58 138 
9 75 3 73 156 
31 29 57 5 169 
24 14 43 86 28 
66 13 13 13 111 
20 16 11 65 108 
18 88 68 13 96 
78 15 73 4 91 
10 64 13 18 158 
8 12 10 42 89 
6 75 4 24 139 
82 98 86 4 101 
95 66 40 20 124 
45 63 47 59 14 
11 44 41 42 11 
4 2 96 36 98 
10 8 71 22 99 
45 86 46 45 136 
82 31 71 55 104 
46 25 94 58 71 
48 68 53 36 70 
64 35 63 20 134 
82 4 52 56 84 
90 97 21 72 36 
61 19 4 92 54 
82 75 89 92 125 
81 10 40 102 6 
45 56 37 88 175 
12 25 28 79 176 
80 81 16 14 128 
50 7 24 41 153 
31 66 63 10 111 
91 49 73 59 176 
74 66 52 54 200 
35 62 35 87 16 
39 93 27 6 98 
3 61 77 29 27 
76 88 101 27 150 
81 96 29 34 197 
65 53 71 93 30 
17 31 64 16 61 
90 74 39 34 78 
40 41 59 62 110 
32 74 46 46 26 
89 67 27 81 40 
42 35 3 90 91 
88 24 36 92 69 
73 99 62 100 51 
4 50 69 89 74 
42 39 69 80 137 
93 9 27 81 57 
52 6 85 97 182 
57 73 51 90 107 
18 7 69 29 168 
35 14 48 22 21 
41 100 39 45 160 
5 68 25 24 109 
81 99 57 65 170 
69 16 67 11 141 
34 101 81 38 41 
38 72 42 98 70 
81 64 7 71 180 
54 69 42 19 176 
91 50 30 37 150 
22 51 6 46 32 
21 49 38 53 159 
42 21 4 25 88 
35 28 28 90 152 
19 93 88 77 64 
2 75 50 25 163 
85 73 45 64 204 
89 68 98 83 32 
34 27 56 93 99 
35 67 19 76 109 
65 24 42 63 116 
30 65 31 15 32 
48 100 15 73 193 
71 78 42 25 115 
69 32 47 75 86 
93 39 97 29 200 
37 58 76 72 35 
63 33 84 7 147 
26 40 84 68 141 
36 14 85 99 161 
59 27 95 21 176 
35 79 69 22 134 
93 70 4 17 163 
91 27 45 57 69 
40 96 36 54 67 
31 50 81 6 17 
81 57 100 50 84 
12 65 57 86 170 
87 66 65 42 166 
57 38 69 89 163 
12 72 30 65 84 
66 93 44 89 118 
87 100 65 14 177 
38 72 55 77 143 
28 71 60 74 100 
76 33 96 73 157 
94 83 94 27 200 
11 29 37 9 157 
21 23 71 29 200 
89 4 53 56 93 
87 85 94 19 109 
42 13 57 17 137 
35 99 73 12 133 
6 8 40 16 158 
11 38 48 100 105 
7 3 33 76 127 
74 82 43 28 187 
12 91 77 74 119 
100 74 22 43 91 
24 52 60 64 191 
82 66 38 78 74 
