4 1
200
18 39 23 89 74 
21 44 46 52 113 
66 102 50 5 86 
27 19 11 33 124 
66 11 48 43 91 
63 24 35 23 22 
51 69 64 58 187 
35 5 68 89 113 
11 41 33 28 150 
98 36 82 51 120 
19 60 64 86 38 
9 93 82 45 153 
99 10 25 42 14 
98 40 95 13 20 
24 52 24 78 105 
27 80 22 70 99 
29 43 87 64 190 
92 8 79 40 172 
44 25 25 14 120 
3 17 93 22 157 
60 44 71 42 75 
68 39 88 35 190 
32 73 14 97 100 
57 26 63 49 33 
92 63 57 29 138 
101 29 12 19 103 
12 89 101 93 184 
87 74 47 28 56 
56 22 46 47 112 
72 13 31 65 8 
79 56 46 7 177 
99 89 44 74 78 
41 28 71 85 170 
45 74 23 7 131 
85 81 37 22 127 
72 19 12 74 199 
89 100 49 16 150 
58 44 96 6 190 
100 33 75 90 178 
29 53 63 63 26 
100 92 26 102 42 
100 21 26 45 35 
82 79 72 77 104 
43 82 56 12 57 
2 80 19 13 135 
54 8 49 35 71 
21 58 51 63 203 
99 76 49 97 153 
39 21 53 90 29 
23 63 100 40 96 
50 99 53 36 25 
22 75 15 36 139 
94 74 93 11 198 
25 30 11 78 110 
68 35 62 37 185 
84 29 31 100 93 
93 11 11 89 177 
24 8 17 51 162 
26 64 15 29 169 
67 30 44 93 184 
94 54 24 87 164 
17 39 18 46 62 
95 46 17 91 157 
85 65 6 25 153 
20 16 62 98 61 
7 22 35 54 54 
56 86 41 10 109 
41 89 26 9 146 
87 92 73 22 175 
83 49 26 52 203 
4 26 22 18 148 
81 95 28 58 154 
97 6 65 20 155 
11 7 9 38 78 
99 41 99 53 183 
30 45 42 12 100 
60 98 85 55 50 
32 67 25 37 152 
48 63 71 33 157 
83 29 55 46 157 
77 41 90 15 8 
65 29 71 28 92 
38 55 17 9 37 
101 24 12 96 95 
46 85 74 64 186 
37 72 68 76 20 
3 92 98 36 150 
20 10 72 52 126 
5 98 98 93 80 
96 48 63 16 159 
61 18 61 100 68 
95 69 29 24 138 
94 63 96 20 90 
48 59 83 36 202 
93 54 62 35 88 
50 88 84 25 199 
91 11 54 99 103 
87 32 99 3 164 
53 83 50 85 141 
44 4 81 49 189 
39 67 29 17 177 
9 58 29 58 173 
9 88 6 26 159 
86 11 100 70 120 
18 62 82 56 98 
12 6 79 66 3 
48 10 37 33 125 
27 83 39 12 88 
31 6 44 19 150 
67 79 26 7 174 
35 7 13 90 157 
79 87 75 70 156 
6 81 65 57 80 
101 53 75 65 109 
4 74 90 27 62 
14 20 65 83 168 
35 81 74 81 137 
43 99 48 56 172 
42 10 71 36 81 
52 43 88 80 153 
16 6 63 54 170 
63 19 88 60 132 
61 23 95 87 89 
26 9 86 91 198 
4 7 21 81 28 
96 5 56 88 164 
73 34 87 8 140 
31 20 22 97 14 
27 13 90 92 53 
21 17 86 92 32 
45 59 100 83 149 
11 87 84 41 182 
60 65 102 80 192 
29 38 89 19 31 
9 89 90 85 149 
92 19 31 56 192 
81 22 66 73 78 
15 36 6 35 121 
46 38 83 8 99 
64 14 11 98 200 
84 30 68 78 18 
58 71 17 10 168 
94 58 30 47 23 
40 101 30 43 165 
95 34 56 60 144 
73 8 84 37 24 
81 10 36 58 26 
53 55 89 65 167 
46 21 98 53 138 
90 9 38 98 23 
65 85 71 17 12 
52 76 11 8 77 
52 89 82 100 9 
86 24 75 35 122 
86 14 67 61 75 
76 39 6 92 169 
66 72 88 26 99 
97 41 21 53 127 
79 47 84 28 67 
59 41 100 49 172 
68 36 5 39 55 
53 21 12 81 65 
15 72 20 25 150 
82 3 58 52 18 
46 5 24 73 168 
41 32 41 29 161 
37 41 59 8 36 
31 69 51 100 198 
79 31 42 22 100 
9 29 60 55 108 
58 86 51 41 82 
65 15 34 57 177 
23 82 85 2 197 
77 16 14 9 91 
15 54 60 55 65 
17 66 4 25 154 
15 74 88 76 47 
53 92 20 69 111 
19 37 96 13 155 
99 48 42 25 151 
95 17 54 11 82 
6 28 98 9 52 
101 13 11 81 152 
52 96 11 80 94 
87 98 47 55 57 
80 60 48 79 72 
71 26 81 51 168 
100 22 79 37 39 
27 96 12 44 113 
8 29 17 39 54 
5 38 64 80 182 
99 72 101 83 127 
48 82 21 75 114 
77 34 61 99 157 
32 19 77 62 43 
92 87 5 100 45 
53 45 11 53 66 
35 64 3 62 174 
30 23 98 75 147 
47 78 39 88 164 
