4 1
200
63 4 6 98 140 
78 16 23 96 65 
79 16 16 82 191 
42 56 14 43 177 
100 26 55 43 69 
89 28 13 60 13 
71 88 59 18 114 
23 64 28 99 198 
86 40 33 38 138 
43 34 101 42 199 
16 62 90 79 81 
39 51 65 65 166 
52 5 65 91 127 
93 59 101 27 149 
80 30 17 45 9 
62 95 19 76 188 
57 30 74 63 187 
12 100 82 79 39 
74 101 65 18 98 
83 77 44 76 157 
85 36 76 69 41 
88 47 46 76 161 
46 34 91 73 55 
24 33 4 99 108 
94 80 24 9 4 
81 67 101 98 48 
87 53 45 99 20 
23 56 6 44 14 
67 56 8 100 152 
41 12 94 92 54 
51 75 47 24 173 
7 14 69 68 83 
23 48 51 53 191 
95 91 94 64 13 
70 29 63 93 178 
40 74 26 34 126 
71 75 11 72 150 
14 8 23 14 9 
11 89 40 3 173 
21 7 57 7 167 
52 20 32 86 119 
24 14 56 37 95 
35 90 37 7 146 
50 39 80 80 166 
89 70 82 61 196 
83 91 61 8 140 
35 19 21 53 25 
53 45 27 15 105 
2 54 89 68 144 
23 54 36 32 77 
84 29 79 26 193 
84 40 73 90 157 
36 55 50 68 28 
18 71 86 95 42 
7 14 68 29 165 
37 83 15 90 154 
31 57 31 71 176 
8 42 98 58 62 
15 74 38 38 37 
49 6 22 56 111 
54 69 42 13 67 
72 63 52 45 121 
3 27 85 15 97 
81 26 81 83 16 
78 75 30 66 15 
35 78 32 11 71 
34 63 62 36 48 
64 17 20 39 35 
47 92 55 100 61 
91 91 25 91 80 
24 27 42 49 160 
81 42 79 6 203 
96 34 43 11 57 
41 67 50 92 174 
66 8 43 66 128 
88 22 32 37 37 
45 55 43 73 26 
8 23 15 58 90 
24 40 16 40 47 
15 51 46 72 183 
26 43 35 6 153 
18 86 77 86 188 
61 11 44 89 115 
43 93 72 99 44 
20 53 94 49 129 
28 95 6 44 102 
39 78 62 47 191 
5 22 39 98 195 
25 48 31 66 173 
15 98 29 84 167 
24 81 49 51 147 
75 50 88 43 101 
26 82 35 37 112 
85 52 99 95 110 
23 56 76 3 200 
74 25 30 64 103 
32 67 24 63 59 
61 30 12 75 44 
56 35 99 49 148 
45 15 96 12 5 
65 100 36 30 124 
70 6 48 53 204 
52 22 26 93 41 
60 60 75 9 195 
57 41 26 75 202 
90 59 30 31 114 
61 31 20 62 178 
34 34 96 2 124 
57 84 61 75 145 
36 11 8 30 30 
87 42 89 16 97 
26 76 63 31 149 
12 78 19 98 85 
23 4 66 6 178 
28 66 75 49 84 
74 82 53 4 134 
81 53 2 17 144 
21 44 6 15 130 
60 73 67 30 103 
81 68 65 34 102 
33 47 4 42 179 
23 69 43 76 153 
46 25 61 66 192 
61 78 4 27 46 
82 100 53 42 62 
58 101 47 99 127 
9 19 21 54 71 
36 51 62 29 101 
54 3 32 40 41 
37 13 3 36 185 
5 66 40 12 143 
35 96 64 13 67 
25 24 46 14 140 
29 7 9 31 124 
12 18 76 78 144 
81 70 14 23 194 
47 99 13 8 121 
45 80 10 85 4 
41 89 51 97 55 
31 59 20 72 189 
32 6 74 75 165 
89 92 64 42 186 
67 84 43 18 179 
28 13 40 55 53 
50 98 27 30 45 
25 68 81 52 84 
23 52 44 30 134 
43 27 40 28 147 
55 18 70 94 76 
59 48 36 10 3 
20 22 67 47 92 
36 81 46 54 118 
23 12 14 101 142 
16 41 15 53 97 
3 75 14 83 148 
34 30 35 94 131 
79 35 73 52 47 
4 87 100 86 66 
64 83 88 70 104 
45 6 71 24 47 
20 35 85 63 203 
47 10 86 75 27 
7 48 54 90 163 
90 41 65 79 139 
31 44 31 21 174 
22 89 46 33 61 
30 62 13 72 94 
46 51 13 52 158 
96 3 27 74 55 
18 31 100 91 128 
6 43 93 56 189 
78 6 66 78 163 
60 66 55 45 172 
48 37 84 45 73 
41 31 14 102 151 
30 19 59 95 143 
92 92 57 70 54 
89 70 59 79 143 
42 87 37 72 41 
32 50 84 89 165 
83 49 57 55 49 
77 31 94 83 133 
61 49 73 8 183 
71 11 86 20 199 
79 80 8 75 194 
56 96 44 83 89 
81 37 72 14 182 
46 36 4 47 104 
60 79 78 14 23 
95 16 31 83 104 
24 66 66 92 9 
5 43 84 60 143 
84 89 13 40 174 
26 79 61 19 94 
36 9 41 69 83 
3 4 96 65 5 
42 67 63 32 46 
17 73 82 11 176 
5 54 46 78 141 
73 68 41 29 175 
