6 1
200
37 41 36 60 7 92 161 
79 56 12 96 33 46 191 
65 58 53 58 80 88 203 
47 46 100 98 38 88 25 
100 90 36 38 68 93 166 
78 94 40 41 102 51 14 
3 15 36 25 26 82 134 
31 60 13 12 95 63 184 
97 38 64 71 6 69 161 
69 78 61 67 55 14 178 
66 16 19 80 39 96 92 
32 67 75 15 8 48 142 
31 25 28 75 32 93 165 
58 78 71 98 84 29 71 
40 77 60 72 70 80 133 
47 96 33 58 69 48 134 
74 91 59 100 23 11 78 
55 35 94 25 23 9 18 
40 50 85 58 68 12 188 
92 17 44 40 70 6 173 
31 96 19 65 48 17 173 
89 15 99 62 20 99 174 
44 68 49 49 74 59 16 
48 51 102 3 37 75 168 
76 16 62 56 7 55 51 
41 77 63 78 93 25 104 
37 88 98 50 15 9 98 
51 97 94 98 49 80 168 
48 19 64 12 44 5 29 
100 39 8 15 46 63 9 
92 88 73 82 36 59 24 
65 6 55 24 68 36 52 
21 70 60 60 77 44 189 
60 101 68 51 23 39 77 
50 91 37 71 49 46 121 
12 23 18 15 23 73 169 
15 11 90 79 70 91 162 
71 51 57 72 21 13 67 
88 7 33 15 22 76 32 
17 19 55 21 92 68 21 
49 44 47 55 73 12 94 
92 79 74 55 50 60 162 
42 82 102 30 35 29 49 
17 87 2 4 99 70 199 
94 37 60 80 24 72 46 
9 12 18 50 3 89 196 
30 61 62 73 17 37 153 
39 55 93 59 41 88 66 
59 46 54 76 44 50 201 
44 16 77 28 91 60 69 
72 86 82 35 42 29 179 
27 42 32 84 35 25 113 
84 69 22 85 85 92 104 
68 66 76 61 41 99 176 
47 87 47 29 80 44 137 
71 13 27 101 61 46 65 
6 24 94 11 27 46 122 
50 57 45 7 70 85 10 
22 8 76 3 32 3 164 
58 87 57 57 83 90 29 
57 97 86 26 47 21 127 
44 84 51 16 56 29 199 
32 4 23 12 61 65 102 
7 53 100 31 45 53 100 
38 38 56 46 58 48 188 
62 61 83 24 65 44 158 
25 27 89 78 77 85 54 
85 36 47 24 27 66 103 
47 87 97 4 70 16 14 
48 97 72 100 82 7 144 
45 42 90 98 23 74 168 
28 13 55 70 70 25 110 
4 12 24 33 84 44 32 
76 88 22 97 30 73 158 
32 19 80 97 80 58 83 
96 59 28 6 93 70 40 
76 44 36 102 93 55 90 
87 50 69 100 65 57 142 
56 70 2 95 3 7 195 
97 77 76 93 69 15 19 
55 98 28 93 76 98 204 
46 88 98 39 21 36 94 
70 13 99 17 2 73 82 
91 28 14 92 65 25 163 
69 62 11 26 41 37 66 
55 43 9 90 61 71 22 
84 7 57 84 73 52 55 
65 79 78 69 45 71 132 
72 16 3 13 75 22 157 
28 88 15 82 101 16 34 
72 92 28 43 4 32 15 
23 58 10 94 75 55 10 
85 35 59 98 68 69 169 
29 8 79 88 51 35 116 
20 44 5 74 39 12 190 
89 51 28 43 41 60 100 
60 95 21 3 69 75 88 
55 58 85 35 48 35 90 
86 51 57 55 99 52 8 
16 7 22 38 45 13 196 
86 34 57 29 11 36 140 
15 60 87 84 62 16 134 
89 21 42 92 79 52 8 
2 72 90 44 10 48 92 
90 101 67 26 64 49 141 
26 30 7 39 101 77 145 
93 72 73 38 38 40 57 
88 83 48 68 63 95 172 
63 69 87 3 91 26 53 
61 23 60 100 69 98 128 
94 36 55 80 77 34 20 
2 20 8 74 10 19 6 
20 21 60 3 56 87 128 
63 22 38 12 53 48 66 
51 15 40 72 43 67 192 
48 95 89 89 63 77 125 
51 82 31 83 9 25 85 
4 102 100 15 14 102 64 
16 18 70 25 88 79 105 
7 70 4 68 54 10 147 
28 73 16 95 11 4 26 
43 9 32 46 24 93 98 
15 42 58 31 67 66 68 
78 21 65 77 100 12 92 
14 29 16 57 18 71 154 
31 86 23 5 100 21 150 
11 40 81 66 88 6 187 
29 48 39 89 46 41 103 
53 53 20 14 94 69 59 
82 17 92 9 24 74 171 
59 38 29 69 47 61 137 
83 86 13 13 8 55 173 
84 79 70 73 32 27 160 
35 5 93 9 54 47 62 
25 91 59 67 34 10 145 
12 12 22 101 82 85 144 
68 9 2 87 16 46 200 
40 24 37 94 49 8 50 
35 38 62 95 16 39 119 
97 55 49 76 47 16 148 
69 50 74 51 44 10 136 
97 93 23 40 3 34 174 
69 24 74 87 4 49 156 
76 62 8 68 48 14 146 
56 55 13 71 31 28 145 
76 65 45 6 100 60 79 
47 41 58 15 7 75 59 
34 77 91 45 70 98 189 
90 68 85 98 98 97 86 
40 12 70 74 8 16 190 
61 31 83 6 91 40 62 
23 52 55 43 42 45 47 
81 24 28 64 32 80 177 
99 62 10 4 64 99 17 
31 89 43 101 60 37 150 
47 10 41 81 59 65 137 
18 32 58 58 54 21 121 
90 44 12 78 38 8 126 
72 76 4 29 44 24 188 
65 14 44 83 10 51 69 
16 89 85 75 17 22 167 
31 54 48 12 80 50 85 
47 33 25 24 31 14 155 
36 39 54 18 43 77 108 
20 16 77 46 72 28 151 
57 29 5 23 88 82 84 
24 57 18 66 76 53 39 
83 21 61 81 40 59 164 
52 33 59 76 48 31 24 
40 74 68 10 24 69 182 
6 21 3 45 34 37 27 
84 38 54 69 26 36 77 
97 17 68 34 71 96 14 
97 48 49 42 53 32 171 
86 52 58 53 86 31 158 
102 60 37 8 24 69 139 
98 8 9 24 97 76 90 
59 2 78 56 76 86 20 
75 56 5 83 8 31 200 
87 97 18 42 7 62 193 
59 32 28 48 28 40 203 
43 42 20 58 58 42 56 
52 82 100 12 48 70 56 
6 34 27 18 40 72 23 
12 93 84 92 16 51 204 
72 51 9 50 48 11 68 
16 87 27 52 91 73 73 
17 20 32 61 94 70 108 
100 3 32 90 70 91 63 
51 38 68 44 93 29 163 
33 92 64 102 61 96 185 
49 102 69 51 101 77 195 
75 54 33 24 83 49 148 
50 80 62 80 22 4 134 
51 61 10 100 46 58 171 
30 69 61 35 76 64 105 
4 65 40 71 16 37 154 
86 37 22 12 82 9 170 
15 5 24 41 94 27 200 
43 61 53 56 21 14 94 
