6 1
200
37 7 97 90 36 99 54 
3 93 73 30 56 25 114 
99 23 83 63 55 8 116 
48 77 14 10 7 77 72 
17 46 31 8 36 53 90 
36 42 101 6 77 80 115 
72 12 73 66 99 90 197 
37 93 34 5 24 30 181 
32 86 82 31 24 93 175 
49 44 24 22 74 14 129 
83 84 59 80 29 2 155 
67 43 46 10 88 40 164 
55 99 6 13 25 57 9 
58 21 77 55 89 72 49 
70 51 46 27 79 36 110 
11 77 26 97 30 15 133 
45 38 23 38 55 8 192 
47 20 11 51 59 61 53 
65 84 27 42 32 54 199 
93 2 85 12 7 28 91 
24 81 18 97 44 41 29 
85 56 20 36 67 31 49 
33 37 78 22 77 30 94 
96 101 57 100 63 70 107 
38 40 28 50 81 52 48 
41 95 56 17 22 14 165 
30 9 8 67 25 76 124 
68 10 92 32 100 100 59 
82 64 99 83 73 63 97 
18 94 88 87 81 2 188 
44 23 6 56 18 67 134 
94 51 35 40 95 94 143 
32 37 20 83 54 96 121 
33 59 36 52 53 35 27 
17 22 82 46 76 70 51 
89 88 78 84 35 65 179 
15 66 45 80 72 79 174 
59 70 6 29 8 35 23 
66 72 7 67 34 55 157 
31 54 95 21 26 48 91 
51 44 101 21 34 73 39 
95 93 74 83 58 29 121 
54 78 19 70 37 16 48 
18 73 19 3 12 13 173 
14 52 60 48 33 43 17 
28 7 10 76 64 94 145 
81 35 86 77 28 20 157 
78 78 54 91 34 23 69 
73 85 20 24 63 36 166 
43 16 37 27 88 53 55 
74 11 96 75 23 54 78 
40 34 28 86 95 10 74 
75 9 59 101 22 76 112 
24 92 54 3 61 91 77 
21 51 52 42 69 53 12 
70 60 18 13 71 97 69 
52 94 40 70 28 48 140 
9 80 28 68 79 74 103 
21 43 74 65 65 2 41 
85 78 46 28 59 33 13 
50 43 90 53 81 23 146 
100 17 35 35 46 71 26 
73 26 76 92 81 57 101 
19 47 50 8 97 16 137 
18 96 44 71 17 64 121 
39 39 17 100 53 80 43 
28 40 32 21 33 9 28 
53 72 38 80 78 59 65 
98 42 48 86 9 6 168 
23 93 65 31 9 55 70 
89 61 94 30 79 31 185 
8 20 89 65 9 56 133 
25 8 94 41 8 29 85 
99 71 16 46 76 40 14 
49 69 92 27 56 81 132 
13 46 51 101 30 43 184 
25 61 23 2 52 19 199 
87 74 92 3 28 95 184 
92 80 86 5 93 87 121 
53 98 41 54 77 2 27 
64 44 41 80 89 53 152 
12 95 45 26 22 10 128 
97 102 26 31 89 77 44 
68 67 99 39 58 33 146 
65 84 50 77 19 87 47 
31 53 25 41 44 17 165 
87 43 81 73 79 98 115 
98 17 25 90 28 93 197 
79 45 43 33 22 5 97 
13 97 50 5 25 42 135 
51 3 92 47 61 42 165 
26 20 68 81 37 18 136 
69 27 89 93 96 28 108 
10 83 11 24 15 35 152 
48 33 69 56 58 92 98 
16 35 45 68 53 18 109 
27 77 53 87 89 83 91 
72 64 14 31 16 15 84 
22 83 25 49 9 9 161 
89 101 28 80 27 21 109 
94 45 27 45 12 101 171 
8 59 38 27 55 32 154 
71 57 27 44 79 9 193 
54 22 22 46 11 76 78 
78 27 9 64 64 93 161 
20 89 88 6 16 59 29 
26 89 24 56 78 5 39 
46 3 39 50 14 61 83 
26 7 100 3 27 48 62 
34 32 65 93 42 99 104 
70 41 40 65 51 83 58 
35 100 92 35 73 21 68 
27 72 16 51 34 41 193 
84 90 5 91 13 86 188 
59 61 66 39 8 70 154 
64 101 88 65 80 14 185 
9 10 71 56 29 99 17 
61 51 43 10 60 58 177 
53 37 76 40 99 38 154 
41 29 98 67 53 60 128 
74 30 88 56 29 6 152 
82 36 37 87 89 87 200 
12 24 31 50 14 90 25 
65 14 28 83 78 17 139 
83 74 91 77 41 47 179 
23 57 56 34 54 14 145 
3 40 55 12 53 79 62 
7 69 19 42 71 53 19 
18 62 75 52 91 9 201 
64 49 11 50 42 13 181 
69 77 18 62 78 43 126 
75 75 74 27 40 40 157 
7 74 38 72 96 81 11 
97 83 83 66 8 75 82 
94 46 63 13 68 43 78 
94 3 82 95 12 49 89 
90 3 27 53 71 23 116 
77 76 80 48 34 86 148 
96 37 98 72 70 24 167 
31 12 17 74 99 41 29 
73 58 79 85 34 63 16 
82 58 15 39 53 85 35 
72 85 66 37 59 68 199 
67 86 25 44 27 64 121 
93 12 81 74 84 45 10 
20 3 65 2 25 67 32 
81 85 36 19 41 67 122 
29 53 39 42 76 18 14 
73 56 43 9 102 50 182 
48 36 67 71 42 14 106 
84 3 37 36 3 85 176 
3 91 28 89 98 102 131 
61 44 34 10 30 100 96 
49 24 95 25 19 28 68 
51 70 50 101 55 10 93 
52 4 8 75 35 21 144 
67 17 22 5 51 27 178 
94 35 63 14 16 7 72 
81 43 13 86 59 56 108 
23 80 90 45 94 21 21 
42 28 37 97 81 79 168 
9 76 22 70 3 48 116 
37 89 89 41 5 12 146 
63 97 92 78 68 19 92 
39 34 62 59 8 79 108 
9 27 20 37 30 55 146 
70 93 17 58 10 98 174 
93 3 6 91 11 40 161 
33 48 21 15 61 39 144 
44 62 14 97 70 6 59 
64 71 6 76 59 102 191 
6 76 22 60 23 61 96 
33 58 69 99 41 76 156 
81 101 23 71 17 3 55 
33 6 63 42 94 59 61 
34 102 17 54 40 87 57 
74 101 57 40 80 26 24 
6 46 101 31 32 54 169 
72 85 7 44 101 70 149 
73 61 20 31 4 19 201 
58 54 47 3 91 51 18 
2 68 33 39 79 17 56 
61 64 12 64 8 49 127 
19 12 11 42 19 56 4 
42 39 11 78 8 14 100 
94 55 30 43 4 77 143 
19 76 7 23 54 48 25 
98 10 69 99 73 39 81 
44 38 63 73 97 9 124 
31 24 63 73 5 80 137 
11 84 24 5 74 94 203 
38 6 20 67 10 91 90 
31 44 82 38 77 11 103 
20 69 71 9 70 11 180 
53 46 52 51 70 47 179 
28 47 95 101 47 42 14 
34 45 8 89 20 19 204 
82 83 37 30 71 19 186 
17 54 98 6 85 14 173 
62 70 18 42 47 58 7 
