4 1
200
62 89 7 90 59 
67 41 73 88 57 
96 53 41 59 65 
39 23 95 18 93 
92 76 94 69 118 
86 19 41 39 191 
71 26 44 6 20 
72 79 7 57 66 
59 25 44 7 137 
11 61 79 71 31 
13 14 56 81 77 
88 97 40 33 92 
49 102 36 95 120 
72 11 37 50 127 
62 18 40 87 179 
70 34 89 102 99 
27 42 73 25 169 
59 72 65 69 48 
76 41 76 13 173 
59 91 51 48 199 
2 26 31 9 112 
97 77 72 93 142 
55 10 40 85 41 
9 31 13 12 5 
102 48 70 27 179 
22 44 29 102 64 
81 85 43 4 98 
4 13 66 70 180 
84 2 74 99 142 
68 3 93 94 159 
30 79 41 47 199 
56 57 5 21 71 
55 50 72 62 184 
72 69 38 37 37 
98 68 45 24 41 
101 76 73 58 46 
21 52 37 24 8 
4 46 98 7 191 
49 10 46 36 74 
36 33 14 9 203 
100 67 59 76 168 
64 36 20 27 200 
82 86 49 99 32 
4 15 50 59 180 
28 73 34 43 145 
90 24 11 88 174 
71 64 66 59 49 
57 96 62 42 85 
70 28 73 8 30 
65 62 49 21 69 
23 85 56 21 150 
29 35 17 6 192 
42 26 34 42 61 
19 22 93 76 123 
10 54 10 19 42 
102 102 27 29 18 
30 77 92 55 131 
88 10 47 85 196 
24 81 59 48 3 
46 96 33 79 197 
45 71 75 62 52 
71 77 40 101 150 
30 10 90 97 136 
68 36 81 78 89 
11 76 9 80 78 
32 98 63 18 155 
8 70 50 33 133 
60 4 32 30 193 
13 73 48 12 140 
16 93 63 82 72 
12 17 57 36 179 
71 64 97 24 194 
75 16 24 25 139 
61 62 59 32 18 
66 6 54 84 68 
40 30 99 12 50 
41 36 84 83 136 
92 15 16 46 196 
98 9 11 34 45 
99 51 25 45 20 
57 36 33 74 144 
8 66 75 3 101 
43 67 87 100 116 
41 34 42 59 158 
48 47 15 37 26 
60 97 21 62 75 
91 7 57 3 141 
7 6 12 13 124 
29 42 15 97 112 
33 23 13 78 168 
66 11 68 67 129 
12 23 98 62 28 
13 46 15 67 122 
39 12 86 31 106 
37 25 31 99 104 
8 34 21 82 166 
39 86 45 80 147 
83 41 91 40 122 
86 9 52 100 103 
84 29 50 37 38 
23 39 83 27 97 
44 81 71 17 117 
80 4 18 81 156 
28 3 37 96 161 
100 23 48 72 138 
30 75 33 49 139 
81 86 85 65 124 
102 5 20 33 62 
3 71 76 83 167 
84 93 73 24 50 
83 94 56 58 41 
101 93 13 60 40 
71 51 25 49 159 
96 21 56 21 156 
25 85 6 66 159 
31 49 67 90 174 
39 4 11 25 178 
89 32 29 45 125 
11 94 62 15 125 
55 48 29 6 180 
65 40 55 48 4 
100 91 93 81 184 
55 28 25 75 167 
69 42 2 62 185 
66 94 12 60 138 
33 25 93 5 52 
85 21 63 2 46 
101 51 65 24 183 
100 41 50 55 18 
85 71 90 33 191 
15 48 69 15 51 
73 29 97 80 142 
76 99 90 56 16 
35 67 25 53 169 
20 79 80 73 188 
27 46 59 52 172 
65 38 62 11 26 
39 54 50 78 104 
74 56 87 54 33 
3 53 96 48 153 
20 48 39 50 154 
38 70 99 23 203 
30 72 47 96 16 
41 39 81 44 143 
83 19 49 102 23 
66 94 28 57 187 
76 52 13 77 136 
19 101 14 36 155 
72 57 29 79 49 
4 11 93 48 157 
66 74 54 78 191 
2 101 39 40 25 
46 44 43 31 53 
80 61 72 30 184 
42 27 47 68 3 
28 93 72 79 19 
57 4 82 81 58 
4 100 37 83 136 
20 64 76 24 67 
30 16 99 53 93 
45 41 65 58 76 
41 29 88 78 139 
12 31 62 31 116 
44 63 64 4 49 
82 26 91 63 147 
80 53 25 36 148 
14 95 21 33 134 
18 41 27 44 182 
77 14 61 15 116 
92 4 47 68 185 
69 53 98 30 134 
21 51 4 86 121 
90 6 54 6 114 
19 11 31 66 83 
5 38 22 15 100 
70 67 78 7 168 
78 7 59 45 13 
63 99 93 68 95 
69 39 43 85 4 
73 63 57 60 82 
82 75 84 28 179 
32 33 85 82 199 
56 75 99 3 169 
85 49 10 100 194 
21 20 64 20 150 
68 98 39 14 158 
9 12 20 67 7 
5 26 33 58 153 
31 16 14 71 187 
96 43 41 2 39 
26 54 59 65 43 
64 13 66 55 46 
37 97 73 4 184 
47 57 33 101 164 
61 18 54 26 135 
7 8 96 28 162 
27 58 38 96 110 
57 55 57 47 83 
94 62 80 36 83 
37 45 11 80 96 
