6 1
200
68 22 67 30 65 41 188 
99 51 10 91 6 98 69 
94 59 94 4 33 97 93 
53 63 6 87 60 69 36 
7 59 10 3 56 18 93 
98 4 88 49 19 25 161 
93 15 41 70 96 30 112 
60 57 59 33 4 76 33 
61 63 45 8 74 77 187 
94 2 90 52 82 90 195 
56 8 57 17 74 69 123 
50 67 19 65 42 64 99 
4 53 71 54 44 32 77 
43 45 44 47 51 89 204 
14 53 20 17 41 61 9 
51 4 19 32 10 57 24 
98 29 44 34 14 46 182 
51 21 100 39 61 60 28 
65 16 72 25 81 62 74 
16 101 51 3 5 46 110 
51 54 24 37 76 28 95 
18 101 15 38 46 13 130 
34 22 79 82 3 93 176 
90 49 9 30 97 77 166 
30 96 33 11 101 38 204 
68 78 5 86 34 69 96 
16 59 89 38 51 74 168 
80 73 22 4 55 69 126 
7 17 9 81 53 67 180 
8 84 29 46 77 65 135 
46 77 98 71 26 41 152 
93 22 94 48 5 101 102 
25 13 9 48 71 41 126 
63 98 7 83 4 60 19 
77 62 94 77 11 19 72 
98 26 35 31 30 89 32 
97 16 35 50 68 41 170 
72 22 101 8 27 7 170 
81 93 91 24 83 68 33 
62 3 73 96 84 17 55 
89 75 18 43 54 49 135 
84 74 34 38 22 27 12 
42 95 70 87 14 53 37 
35 47 9 49 23 101 74 
15 64 57 86 26 59 170 
49 84 68 75 60 19 198 
22 58 88 63 42 13 42 
10 5 11 72 66 11 112 
31 11 96 32 49 32 140 
11 79 54 98 70 24 191 
13 5 13 56 36 22 29 
90 24 88 83 90 18 13 
61 48 16 62 50 30 38 
75 74 45 13 89 31 22 
81 35 67 74 91 28 198 
2 100 18 32 91 43 83 
89 10 51 61 16 65 104 
34 40 38 22 95 78 78 
33 70 46 49 93 5 21 
90 22 11 101 92 11 121 
50 100 32 61 89 80 176 
66 96 53 75 68 62 97 
97 31 53 98 53 62 142 
32 74 85 100 40 33 202 
90 42 62 26 56 93 172 
42 7 63 8 100 53 138 
76 94 75 27 46 64 190 
93 60 6 41 51 92 39 
28 49 64 52 49 89 155 
56 94 51 15 70 65 113 
26 92 92 55 10 4 114 
82 12 75 96 71 8 197 
84 58 87 7 4 68 30 
60 102 59 53 66 93 42 
2 26 14 77 101 40 138 
69 16 88 43 90 65 95 
39 91 57 80 83 81 148 
38 66 10 68 99 43 135 
93 35 4 46 13 38 162 
88 63 21 71 70 32 31 
44 101 66 16 5 70 44 
13 3 75 85 14 49 133 
62 6 11 4 99 3 157 
83 87 99 79 29 69 106 
30 38 11 16 52 60 192 
67 46 54 96 75 47 163 
34 31 64 100 91 17 54 
59 12 69 72 30 40 125 
16 69 39 78 3 71 171 
67 66 71 65 91 73 193 
62 59 10 26 59 99 101 
58 37 81 40 54 28 144 
28 44 45 23 22 35 106 
79 17 20 74 77 98 137 
67 95 38 101 46 33 198 
55 60 48 73 42 14 119 
34 61 40 51 46 15 80 
24 27 43 71 39 45 169 
44 92 54 84 3 84 186 
44 45 41 10 97 75 150 
86 99 52 82 24 96 93 
58 82 25 34 85 30 90 
70 96 33 9 90 17 23 
70 96 92 41 31 69 184 
17 101 43 51 42 67 78 
30 93 91 17 51 39 177 
12 31 52 21 56 50 152 
51 10 3 9 61 65 34 
5 62 43 95 29 57 84 
84 84 85 45 65 8 82 
5 43 94 41 79 26 119 
67 42 23 77 22 18 136 
92 42 44 83 5 24 52 
33 50 25 25 84 48 59 
48 70 77 93 44 37 95 
69 11 70 83 41 60 78 
23 22 19 9 42 76 187 
44 42 64 62 86 17 147 
95 71 18 97 80 32 40 
74 47 86 80 83 22 49 
33 77 102 66 66 89 23 
30 7 18 44 74 38 10 
29 16 32 60 22 76 151 
42 54 88 62 31 21 100 
77 35 32 60 56 71 26 
67 64 99 22 30 63 134 
66 2 55 8 95 17 92 
34 56 21 63 48 51 184 
25 16 5 37 70 64 109 
74 88 86 20 70 94 128 
53 36 40 94 15 10 157 
54 35 56 37 6 6 90 
81 12 99 10 21 24 88 
50 95 87 62 101 15 186 
16 71 90 28 25 84 164 
22 84 71 35 43 16 146 
82 51 102 66 60 11 190 
78 89 13 50 73 22 8 
43 54 35 16 98 88 79 
67 69 12 84 23 66 122 
31 30 76 80 10 73 139 
46 88 98 43 5 100 78 
84 79 79 54 65 79 162 
31 38 22 47 30 35 34 
84 92 84 39 47 36 98 
60 38 72 65 51 37 197 
69 39 74 94 89 2 169 
92 34 32 61 89 82 203 
94 57 35 82 40 54 127 
98 16 6 60 66 92 50 
43 9 91 16 44 85 128 
101 49 55 42 35 35 189 
60 54 80 61 55 50 135 
83 39 85 12 85 37 146 
25 70 36 25 12 61 101 
28 43 47 47 100 39 191 
10 82 42 7 22 71 79 
64 28 101 13 44 60 122 
72 8 6 61 50 93 156 
81 20 20 24 76 46 67 
13 36 16 58 13 74 151 
59 45 7 65 68 35 124 
44 37 14 71 4 92 115 
37 43 87 52 48 19 60 
64 24 85 48 27 8 106 
95 87 57 33 87 88 27 
65 101 98 84 60 18 77 
85 8 55 74 56 78 156 
95 31 8 67 57 47 195 
23 24 19 43 29 11 101 
52 59 40 18 6 46 146 
44 91 70 90 4 93 160 
18 32 76 74 32 77 2 
58 52 67 32 43 19 88 
78 81 43 32 9 90 69 
51 17 58 51 34 7 103 
42 39 79 55 56 19 12 
94 45 71 99 35 51 193 
9 75 88 66 29 31 135 
12 29 60 97 5 47 138 
16 20 24 100 72 52 34 
15 90 79 89 102 40 172 
38 74 35 75 41 41 88 
44 72 88 7 78 86 63 
12 22 60 53 74 40 159 
27 48 101 65 101 81 192 
87 11 78 29 93 84 151 
57 26 24 66 9 27 148 
51 38 95 96 68 87 8 
70 21 38 30 102 8 24 
28 36 12 42 62 50 117 
63 11 80 87 4 58 112 
97 38 89 67 15 8 157 
12 8 71 35 95 93 35 
92 42 101 93 78 65 61 
92 14 25 49 78 17 180 
29 17 10 66 31 50 150 
85 51 65 89 3 36 34 
30 43 9 69 59 43 145 
71 81 96 29 95 27 12 
