2 1
200
92 64 122 
7 59 46 
10 70 162 
53 101 194 
75 16 60 
49 8 18 
79 67 72 
64 92 37 
7 50 61 
23 89 169 
13 55 105 
63 28 185 
48 6 171 
101 21 161 
82 98 202 
91 10 164 
8 84 46 
60 86 136 
16 30 146 
44 102 19 
94 89 165 
99 43 95 
46 15 181 
40 3 8 
26 80 95 
58 84 192 
20 18 85 
51 17 12 
63 54 141 
87 48 200 
21 6 10 
77 8 68 
100 86 115 
55 48 194 
94 70 166 
21 36 15 
22 61 95 
79 26 172 
69 45 147 
78 38 180 
79 61 136 
92 20 197 
101 51 146 
16 60 201 
41 67 144 
48 60 97 
26 44 39 
64 67 179 
54 44 165 
22 10 130 
63 25 98 
69 78 177 
31 3 102 
87 22 174 
37 9 3 
50 41 121 
16 23 175 
27 54 192 
72 17 193 
81 40 156 
18 81 85 
10 55 73 
53 73 182 
86 19 116 
99 41 46 
35 29 119 
89 7 9 
24 7 177 
80 38 145 
56 99 125 
94 52 130 
76 71 85 
46 29 111 
67 99 138 
71 33 10 
31 29 27 
74 39 180 
39 93 69 
75 96 151 
57 32 36 
67 99 151 
31 94 138 
95 26 145 
83 91 204 
6 24 18 
38 54 153 
85 50 20 
60 83 124 
75 57 120 
32 3 152 
69 91 197 
39 3 204 
96 43 80 
38 39 9 
44 93 99 
90 35 143 
27 38 87 
101 74 168 
10 8 34 
15 58 76 
11 64 48 
98 16 203 
5 69 44 
10 44 25 
38 48 25 
8 18 184 
15 86 48 
91 7 132 
34 70 37 
16 32 193 
86 82 173 
4 29 152 
83 48 159 
50 87 135 
51 19 192 
33 65 54 
73 4 184 
28 3 147 
16 22 117 
60 66 93 
84 91 77 
29 26 127 
29 36 40 
39 27 145 
14 66 202 
59 42 181 
72 4 14 
94 46 57 
6 60 163 
15 91 17 
20 24 166 
35 68 197 
30 24 189 
34 6 60 
9 36 158 
21 16 75 
75 59 163 
70 90 129 
42 92 93 
12 24 135 
84 16 93 
14 22 7 
91 82 201 
5 31 39 
98 40 199 
79 87 22 
52 87 92 
45 42 67 
29 51 72 
20 95 155 
53 20 203 
29 52 184 
86 97 30 
76 32 71 
40 72 58 
64 75 102 
67 65 12 
37 62 78 
24 41 152 
15 86 144 
70 73 177 
25 54 23 
21 71 181 
10 95 184 
98 78 113 
12 7 142 
6 68 156 
87 55 63 
73 18 120 
64 7 24 
18 73 24 
46 8 121 
50 17 40 
19 45 10 
63 59 142 
17 41 172 
85 13 70 
7 10 40 
96 85 38 
58 54 74 
54 59 130 
80 94 47 
81 54 142 
98 65 185 
53 89 48 
74 26 196 
63 57 156 
76 81 192 
79 13 128 
94 51 49 
43 93 129 
85 67 175 
43 85 134 
49 38 178 
17 89 100 
45 56 45 
98 24 121 
24 97 198 
61 80 160 
72 3 166 
