8 1
200
72 100 66 46 17 79 75 60 43 
46 27 11 9 48 75 85 32 22 
51 91 45 55 6 77 7 101 127 
101 68 12 37 71 100 94 22 77 
86 95 96 69 88 82 91 70 46 
62 4 37 84 24 9 50 35 180 
85 20 96 91 42 18 17 76 188 
12 11 58 12 17 28 38 101 76 
18 84 6 65 66 38 56 46 198 
29 19 45 5 89 38 12 11 8 
45 97 55 79 53 13 90 80 122 
68 52 89 11 48 25 73 34 105 
86 22 56 60 38 97 21 91 118 
51 10 24 22 2 8 25 95 11 
85 41 33 95 77 87 78 89 193 
12 20 73 22 34 57 87 28 183 
51 87 61 60 60 65 56 41 145 
40 48 52 83 88 54 20 89 190 
22 94 47 70 84 50 3 11 145 
89 31 78 69 37 76 19 76 19 
48 28 83 70 41 38 17 40 85 
47 32 34 21 4 47 64 66 72 
47 83 5 13 59 51 94 69 23 
97 73 14 78 66 14 46 75 126 
14 54 55 11 56 46 9 58 163 
41 70 29 32 7 72 42 74 190 
7 37 71 34 78 74 28 21 138 
31 71 68 22 76 31 86 51 26 
84 38 29 61 6 3 71 56 202 
85 67 68 43 38 94 20 41 79 
94 83 79 83 85 36 78 80 177 
16 20 95 100 49 58 60 60 75 
68 48 33 70 65 24 75 44 112 
4 90 35 75 4 38 93 94 141 
37 3 54 95 85 27 16 57 73 
8 87 20 12 85 80 58 54 189 
9 26 20 56 10 43 82 77 184 
55 43 18 60 9 57 89 25 117 
86 75 66 8 56 9 89 69 117 
38 93 6 57 19 51 45 86 138 
53 83 95 13 15 10 37 63 31 
21 50 81 65 25 62 23 74 162 
31 3 72 13 69 43 86 45 170 
88 100 25 69 17 24 90 38 86 
66 75 62 58 73 95 95 70 41 
81 75 70 46 36 47 72 17 171 
99 42 16 54 29 72 27 51 129 
93 54 35 58 78 89 21 60 203 
22 75 32 80 20 101 23 7 144 
17 44 66 80 99 102 41 93 197 
30 14 48 92 33 23 32 4 35 
88 24 99 83 27 78 48 52 87 
55 21 24 17 33 24 102 11 17 
101 15 57 36 20 87 92 92 94 
56 32 43 11 50 18 85 37 169 
75 36 18 90 34 48 60 87 146 
77 16 83 25 92 24 16 33 182 
63 55 7 14 93 37 33 94 43 
3 47 73 7 34 97 41 29 155 
93 13 82 11 78 34 16 18 157 
66 32 42 21 97 19 29 23 169 
80 63 45 84 60 42 28 58 84 
2 71 84 88 86 65 48 25 43 
11 55 79 75 100 77 60 68 127 
82 84 52 56 80 13 14 63 135 
35 11 55 42 84 22 93 16 95 
97 81 48 79 75 74 99 21 140 
8 7 65 70 26 94 81 48 152 
93 49 93 73 75 25 99 16 30 
69 71 72 59 83 87 31 65 179 
18 5 11 80 58 61 44 8 115 
6 67 88 64 63 38 47 2 137 
57 26 7 25 83 61 60 32 102 
100 51 26 80 41 63 6 65 90 
67 15 92 34 31 69 69 95 101 
30 7 10 36 14 83 20 76 80 
85 95 24 52 22 28 12 46 118 
34 28 28 27 60 100 94 82 179 
78 25 97 40 58 89 12 32 52 
44 66 39 45 62 66 24 23 144 
24 18 95 66 24 87 12 37 138 
25 5 50 12 44 34 95 43 105 
45 47 38 37 42 92 3 70 164 
22 91 68 64 5 38 30 73 131 
97 14 3 12 30 23 22 89 57 
79 34 24 7 52 21 15 81 157 
36 89 78 5 65 56 7 92 95 
4 63 2 14 84 73 70 100 61 
52 35 19 17 17 54 65 26 74 
60 17 41 49 50 26 61 96 171 
90 94 51 49 7 40 77 20 54 
29 67 53 53 39 53 92 65 94 
62 21 74 26 42 41 21 49 153 
9 57 15 78 54 90 90 82 15 
82 5 30 80 42 99 28 38 121 
87 9 80 90 59 87 80 101 153 
13 67 54 12 30 60 66 70 129 
15 52 15 64 65 59 47 11 123 
19 84 81 77 99 6 82 36 83 
99 21 100 30 100 55 15 78 33 
56 73 77 72 17 74 36 16 175 
48 24 45 23 45 50 27 63 36 
98 38 70 51 31 96 20 69 102 
67 87 55 61 51 89 43 93 79 
86 49 70 9 43 85 20 36 25 
99 77 78 52 5 39 39 19 84 
50 7 44 83 55 50 24 72 60 
35 88 75 58 82 54 12 43 32 
51 91 97 86 32 97 85 23 188 
75 16 84 18 25 34 48 96 176 
99 5 96 22 86 73 57 87 99 
40 43 97 27 43 64 24 89 58 
48 66 77 49 101 34 58 51 114 
49 19 66 44 12 88 67 15 78 
23 31 7 26 32 47 49 47 164 
99 51 76 22 96 38 6 3 62 
14 52 6 64 66 37 17 9 140 
86 99 33 11 61 29 27 3 119 
25 24 36 31 2 56 54 61 3 
84 29 25 30 39 11 59 56 130 
35 60 67 72 11 24 79 64 99 
52 90 92 48 97 95 80 83 162 
97 84 52 52 13 7 37 36 164 
48 59 61 23 54 7 66 94 89 
95 55 15 14 55 40 8 4 146 
13 37 34 32 52 58 32 63 147 
16 85 50 62 37 77 44 33 14 
91 30 38 86 84 5 52 87 58 
68 85 32 14 46 11 36 26 201 
50 18 8 5 93 93 36 52 19 
97 35 20 40 72 23 34 19 150 
38 29 55 31 82 67 30 66 159 
44 4 41 41 27 13 79 97 33 
101 88 39 47 53 34 97 57 106 
12 30 15 10 82 29 38 100 198 
47 20 38 43 77 30 15 93 100 
72 59 10 9 63 77 8 35 65 
38 93 78 23 36 27 16 21 73 
66 36 24 14 5 29 16 33 156 
81 60 13 12 33 61 85 27 200 
45 4 69 40 4 49 97 102 17 
23 26 86 14 29 58 94 51 118 
29 59 56 83 96 32 101 29 152 
22 29 62 19 40 11 29 73 35 
70 28 34 76 19 5 22 95 16 
94 69 34 58 19 84 4 58 139 
46 64 11 39 41 77 75 78 150 
50 6 88 77 87 58 42 26 48 
28 55 42 53 63 3 26 9 123 
45 66 11 79 17 84 43 85 19 
10 34 89 59 3 43 32 74 180 
22 19 84 77 18 95 62 78 9 
30 95 3 10 15 34 17 33 25 
66 72 92 7 36 4 50 34 188 
37 71 53 101 23 91 15 5 185 
80 69 50 18 20 40 80 15 185 
9 102 21 58 43 73 32 68 6 
101 18 84 82 30 86 3 26 17 
54 31 73 14 97 12 43 40 130 
65 49 54 53 29 23 13 43 67 
75 82 30 83 71 57 89 16 178 
11 99 42 66 18 96 33 28 172 
21 98 7 11 17 6 9 69 39 
52 49 91 63 71 89 54 29 92 
82 74 62 18 26 83 25 34 83 
26 101 34 61 22 3 39 94 93 
29 67 66 26 75 4 39 39 136 
100 50 30 54 14 90 51 53 110 
26 5 73 26 88 85 65 86 139 
89 93 29 90 25 79 44 27 129 
82 58 101 60 81 89 17 27 171 
14 73 89 46 12 71 49 15 181 
76 6 81 83 63 92 36 52 95 
41 12 27 53 12 90 28 70 196 
57 67 26 86 11 63 102 53 27 
83 45 83 60 43 12 90 70 44 
86 101 97 11 27 31 43 77 32 
61 63 63 101 20 43 75 95 99 
67 92 97 19 83 11 79 54 16 
67 83 71 17 65 44 69 44 142 
3 48 43 97 45 35 48 43 185 
53 84 27 42 87 50 64 26 161 
27 69 20 88 34 74 24 78 192 
48 46 100 21 34 78 74 74 97 
9 71 48 64 73 43 21 28 143 
84 27 98 23 55 41 65 44 154 
53 17 16 70 75 70 41 2 197 
94 34 53 51 70 14 3 57 112 
34 65 97 79 69 8 4 42 104 
100 27 93 61 58 92 3 23 117 
35 41 98 81 25 73 46 28 192 
21 35 59 86 22 100 87 33 160 
82 76 50 10 68 35 19 43 154 
8 36 78 63 50 49 57 70 34 
61 56 43 27 35 43 14 85 18 
95 16 7 95 76 27 14 24 96 
11 28 75 65 64 84 98 40 189 
20 61 87 13 31 54 85 28 158 
40 57 43 10 98 85 27 26 57 
72 15 61 54 51 28 2 49 87 
