8 1
200
64 51 33 59 89 101 47 89 39 
57 37 17 49 61 5 52 11 105 
89 66 4 25 54 91 41 88 77 
30 25 37 58 20 62 26 52 191 
86 66 76 79 36 66 36 50 83 
61 30 71 59 56 94 65 8 93 
59 41 99 43 20 3 64 20 133 
86 101 18 58 25 12 12 67 91 
80 12 32 40 90 6 51 82 120 
70 72 70 45 95 15 16 69 23 
98 45 49 75 17 19 101 53 101 
26 6 7 62 49 91 49 88 195 
17 21 53 95 95 40 44 96 98 
98 43 8 6 43 57 101 15 47 
99 7 96 15 41 39 57 27 156 
55 10 25 81 97 9 19 101 100 
61 6 52 11 32 23 71 5 23 
45 22 64 52 63 36 68 52 166 
3 4 82 16 40 70 63 91 177 
26 19 47 101 88 44 9 42 22 
74 90 76 75 46 38 29 14 11 
16 6 49 91 15 47 28 18 198 
71 47 68 84 50 43 37 47 176 
67 46 36 22 45 23 26 96 127 
9 30 60 46 89 28 65 49 174 
41 37 6 102 75 72 48 40 194 
46 92 42 35 40 101 52 64 138 
72 96 63 28 67 21 86 21 180 
41 27 60 42 21 3 58 97 22 
84 67 73 66 76 6 28 82 11 
24 76 92 61 96 27 61 95 108 
26 15 72 87 18 56 84 9 29 
39 6 73 41 79 45 91 69 197 
98 8 22 59 2 87 16 64 93 
100 81 33 35 83 28 51 34 168 
42 99 51 19 84 69 93 91 155 
36 85 99 49 72 28 31 64 177 
35 69 15 87 73 57 11 86 58 
84 6 25 47 92 47 63 51 143 
49 81 27 55 68 13 12 83 160 
50 53 11 7 6 21 41 18 133 
71 57 29 97 10 100 42 11 174 
55 90 95 54 88 23 58 84 170 
64 82 3 5 77 92 78 63 67 
21 79 102 6 8 76 83 94 192 
45 54 73 29 15 59 27 59 189 
87 98 67 90 50 24 38 79 75 
65 68 82 39 21 49 68 23 67 
88 51 84 21 73 96 29 15 62 
14 37 69 47 79 20 99 93 133 
69 32 31 80 70 31 40 19 54 
17 8 36 26 63 94 26 42 19 
12 68 27 73 63 37 95 26 85 
71 20 91 63 42 29 84 100 185 
5 10 83 55 83 56 71 14 17 
98 89 76 77 22 39 12 89 54 
41 99 71 96 87 46 90 71 202 
38 55 68 8 44 65 3 23 67 
30 59 86 73 4 51 30 99 77 
69 97 100 54 53 55 4 45 5 
24 12 25 39 67 15 57 34 121 
43 92 48 13 75 101 7 84 62 
43 70 97 22 68 90 9 23 151 
3 86 4 15 6 101 64 82 25 
11 93 94 73 19 71 93 88 17 
93 57 23 101 49 71 25 63 153 
8 4 46 37 32 46 41 56 99 
59 30 87 49 52 95 90 98 186 
39 72 53 28 31 81 82 18 135 
55 4 39 35 92 46 26 57 160 
69 75 63 51 34 65 23 36 119 
24 46 7 30 13 53 80 88 186 
26 83 75 66 57 17 80 88 106 
13 26 40 43 25 97 17 23 48 
32 91 39 91 6 97 23 60 146 
62 27 93 89 57 6 55 2 152 
7 5 20 48 73 48 13 13 21 
22 83 23 13 14 92 30 50 198 
56 37 78 80 45 99 46 20 125 
62 26 72 36 90 25 23 12 38 
6 86 20 93 79 96 88 4 158 
52 52 15 3 61 9 9 101 134 
100 30 62 24 5 55 87 53 178 
42 87 94 101 92 4 75 25 130 
81 64 60 85 94 43 21 96 140 
50 61 66 65 29 91 59 25 169 
60 85 84 67 8 28 8 48 35 
87 53 61 13 31 38 45 31 77 
10 17 38 21 4 11 87 39 188 
25 79 60 5 43 69 21 17 84 
84 15 58 33 78 48 27 37 89 
11 39 32 30 22 100 54 52 17 
49 41 82 75 83 71 37 86 140 
60 84 12 94 94 16 98 63 33 
83 78 41 91 96 70 68 78 203 
64 97 60 62 53 93 62 75 155 
62 11 35 89 99 95 80 69 109 
35 19 48 18 35 60 85 73 150 
71 59 47 15 9 7 72 75 182 
13 100 32 20 34 21 40 37 108 
85 95 82 48 14 29 17 35 122 
56 47 64 101 79 82 20 93 33 
33 49 4 30 20 26 6 69 140 
25 17 86 29 80 99 8 102 159 
96 25 48 20 100 76 47 18 58 
29 14 23 52 3 44 5 9 180 
53 57 78 58 44 47 61 94 39 
77 29 69 67 95 79 4 26 138 
72 15 51 29 84 4 98 79 114 
49 74 16 45 25 73 11 58 92 
4 39 84 3 61 8 58 72 182 
63 64 21 46 50 79 76 36 193 
41 25 75 76 62 67 91 14 42 
6 34 5 98 58 40 34 2 177 
87 71 56 45 73 14 14 37 33 
39 6 26 39 70 92 78 72 68 
74 30 79 19 14 49 89 54 79 
88 67 8 83 13 50 92 91 133 
43 98 54 63 64 28 51 55 19 
98 69 66 16 22 88 7 62 149 
12 70 59 9 59 21 76 29 141 
11 57 94 78 50 81 27 38 153 
83 14 68 53 70 61 41 93 174 
77 74 48 23 78 53 78 82 44 
10 36 41 35 89 37 59 42 198 
18 22 21 86 91 86 13 26 101 
9 60 2 100 70 68 36 101 113 
25 90 81 43 102 69 61 18 5 
38 50 27 32 96 29 64 25 145 
68 92 85 64 12 54 4 71 46 
23 12 68 75 101 90 82 36 107 
20 77 22 54 28 75 84 77 156 
26 79 66 75 38 47 97 70 20 
74 63 81 29 41 33 47 40 14 
38 64 52 39 52 62 77 46 99 
52 16 67 12 82 37 78 80 189 
60 50 77 23 81 32 81 10 149 
76 93 38 92 9 90 69 48 28 
29 89 28 6 100 94 99 46 111 
46 64 84 46 54 63 40 90 184 
33 17 86 21 61 44 90 4 110 
14 63 9 79 45 35 24 51 186 
68 56 52 84 25 36 78 36 95 
93 32 41 77 53 21 99 38 64 
31 9 30 86 18 98 41 87 170 
49 70 21 50 24 5 71 74 70 
43 51 94 52 45 26 98 99 147 
16 39 12 91 81 9 4 95 86 
65 84 40 56 46 40 53 32 136 
29 45 10 38 8 81 87 59 177 
41 81 67 6 91 21 26 26 99 
76 60 90 14 48 31 63 8 186 
98 89 7 56 101 15 60 71 110 
66 80 33 33 5 24 23 66 29 
79 61 95 21 31 21 92 79 147 
80 18 99 80 77 101 90 91 143 
83 87 83 54 48 22 68 62 95 
19 44 57 68 93 84 18 86 98 
100 79 60 88 65 24 43 82 109 
58 88 5 34 46 16 54 41 160 
35 27 15 75 55 71 75 75 73 
19 14 27 17 65 93 54 91 27 
14 97 24 61 12 68 69 12 152 
45 87 101 43 16 53 6 85 121 
37 28 26 91 15 92 88 27 139 
30 43 25 14 82 56 4 42 92 
59 76 17 48 7 45 97 32 180 
39 78 100 75 14 82 34 19 131 
90 26 84 34 75 88 100 41 141 
53 33 7 46 41 76 9 49 20 
46 91 22 83 96 85 4 52 100 
72 57 31 46 81 65 93 16 35 
64 27 3 31 50 68 77 46 201 
85 94 39 26 68 67 72 90 59 
45 8 32 101 32 25 39 30 172 
41 9 54 44 56 27 60 47 47 
10 17 43 56 9 52 86 21 118 
13 48 90 67 75 93 37 49 18 
88 65 97 81 93 22 84 37 76 
49 43 41 15 68 24 44 65 149 
89 91 102 82 17 13 67 28 167 
98 77 36 63 8 8 19 73 167 
29 31 26 23 74 74 15 40 158 
21 100 82 69 25 13 20 50 120 
10 8 51 86 15 67 40 88 125 
5 88 37 34 98 97 42 17 69 
51 69 19 30 69 79 36 48 59 
4 31 54 25 44 61 50 11 133 
35 45 18 61 85 88 13 12 108 
44 89 4 88 28 10 80 72 166 
43 82 42 74 53 69 39 38 117 
11 82 45 79 87 89 32 9 146 
19 91 86 33 19 58 26 93 123 
28 18 5 46 47 74 79 8 60 
27 63 95 51 24 49 31 4 64 
11 68 4 17 58 21 38 62 165 
100 12 65 86 50 61 10 13 43 
56 66 37 73 101 80 61 7 96 
81 71 69 39 4 17 27 17 53 
60 13 62 86 10 87 94 82 196 
