2 1
200
40 84 86 
53 87 91 
46 48 88 
80 79 100 
58 11 31 
44 41 103 
17 68 112 
13 8 120 
54 99 174 
16 71 131 
18 10 15 
84 101 126 
43 55 158 
58 76 71 
10 86 159 
29 43 79 
33 81 136 
12 46 193 
72 29 155 
85 101 180 
61 32 157 
81 64 143 
44 75 24 
55 2 176 
75 61 187 
22 5 47 
83 27 116 
49 85 184 
100 7 131 
14 15 147 
88 60 111 
91 99 91 
59 31 46 
10 87 138 
29 80 162 
82 40 173 
5 51 51 
55 4 152 
34 14 96 
89 83 117 
8 33 124 
41 69 87 
35 85 128 
50 65 151 
2 75 82 
91 22 12 
13 20 138 
81 11 131 
49 34 115 
82 60 174 
99 72 99 
67 4 111 
9 90 23 
39 49 112 
24 57 176 
53 55 60 
37 45 188 
44 78 131 
91 29 47 
99 94 73 
88 55 54 
79 52 189 
28 37 146 
88 84 67 
97 76 144 
15 59 109 
80 98 162 
29 47 33 
95 58 193 
86 77 153 
34 12 196 
77 53 193 
31 47 13 
95 27 38 
60 51 124 
62 49 6 
95 79 143 
71 21 195 
58 61 18 
12 86 193 
100 44 123 
98 56 147 
38 22 50 
78 86 26 
50 86 146 
64 72 196 
57 35 20 
95 93 202 
7 65 186 
2 21 187 
89 20 125 
13 97 170 
60 63 194 
91 26 57 
80 19 189 
60 23 72 
26 96 183 
14 58 106 
87 8 105 
63 93 186 
82 38 3 
34 92 135 
53 39 183 
90 6 19 
3 68 21 
84 16 151 
9 49 85 
59 78 52 
4 77 128 
11 28 182 
35 99 143 
6 10 180 
29 48 58 
29 9 173 
47 38 185 
83 13 184 
44 6 187 
79 56 92 
52 26 122 
78 32 32 
5 44 24 
2 57 16 
41 99 118 
23 57 140 
48 82 82 
59 13 84 
36 23 131 
75 69 47 
100 58 88 
27 56 172 
31 53 35 
15 26 134 
76 47 164 
86 44 31 
34 23 100 
25 33 153 
7 95 27 
21 44 20 
53 33 152 
91 5 204 
67 16 88 
75 95 9 
54 36 115 
76 85 137 
62 52 161 
52 42 96 
75 76 53 
70 22 125 
74 12 21 
9 64 190 
93 87 87 
83 21 59 
74 61 58 
47 73 198 
21 33 23 
48 61 186 
32 3 185 
30 18 59 
77 99 192 
84 3 170 
96 46 147 
65 85 201 
27 81 65 
52 80 165 
21 30 8 
30 51 182 
53 28 104 
20 79 124 
4 65 141 
16 8 47 
36 92 119 
46 53 57 
27 57 98 
14 23 162 
62 82 50 
12 11 179 
27 49 99 
7 33 153 
35 78 137 
13 63 43 
31 13 151 
11 18 179 
25 77 157 
78 5 191 
43 41 13 
73 60 200 
39 95 112 
84 90 121 
76 31 122 
85 14 155 
62 16 193 
29 84 22 
8 53 130 
38 89 70 
13 52 91 
56 66 188 
72 63 37 
71 77 139 
68 50 48 
17 37 178 
