4 1
200
65 75 62 14 134 
91 97 25 31 130 
21 43 84 74 61 
66 73 34 80 35 
37 82 17 98 202 
90 11 44 21 111 
22 61 21 56 129 
8 8 21 41 34 
3 48 21 12 49 
69 67 93 56 150 
93 88 3 51 175 
86 60 66 16 158 
82 55 6 77 90 
61 24 30 11 49 
60 54 96 65 33 
91 62 7 75 67 
25 20 90 48 130 
36 60 72 70 161 
50 44 7 63 73 
50 44 46 68 131 
47 39 83 32 33 
41 94 41 36 197 
26 55 93 83 112 
64 66 60 14 22 
3 54 62 32 154 
18 49 35 29 138 
49 18 41 11 178 
87 39 60 33 51 
44 21 38 74 113 
97 52 26 9 149 
86 86 34 58 129 
95 80 53 57 203 
94 62 14 69 102 
10 15 85 96 142 
28 8 29 90 140 
84 18 90 77 164 
67 25 28 57 170 
64 85 85 48 191 
9 87 5 33 67 
84 9 71 24 97 
84 70 31 39 97 
80 59 47 90 165 
80 92 78 77 71 
71 36 59 86 178 
27 33 39 3 127 
42 5 98 57 176 
77 49 68 30 201 
100 95 90 10 13 
7 40 97 67 34 
19 11 30 99 128 
50 53 87 37 47 
53 32 31 78 15 
76 63 91 4 15 
33 26 50 79 76 
78 47 51 81 168 
88 38 74 87 91 
33 78 102 95 79 
26 63 33 8 97 
69 67 15 3 64 
46 51 94 61 173 
95 64 53 62 177 
5 4 9 55 75 
17 60 46 33 154 
101 63 99 66 168 
72 95 44 32 142 
13 35 49 50 78 
39 46 16 2 105 
71 26 42 8 74 
24 57 80 71 67 
11 23 83 28 67 
85 54 31 78 32 
2 22 24 93 154 
72 56 61 17 202 
74 46 46 82 15 
76 23 92 30 123 
17 17 74 100 123 
93 53 23 18 112 
87 17 40 87 105 
51 5 51 33 135 
70 98 65 72 124 
67 79 3 22 118 
64 64 2 18 203 
87 49 26 33 173 
21 35 45 63 31 
59 9 60 31 117 
74 74 61 65 188 
22 54 4 39 194 
16 52 4 60 188 
25 16 24 88 135 
4 81 21 48 97 
37 54 4 58 9 
60 20 74 65 176 
92 5 40 26 163 
35 47 89 37 144 
71 33 87 71 187 
44 87 74 65 113 
95 55 15 18 116 
69 51 48 36 76 
98 80 40 74 6 
22 79 99 8 68 
59 94 85 78 160 
6 69 35 66 126 
75 48 11 10 190 
39 92 24 70 28 
86 101 55 101 152 
92 95 15 69 147 
68 90 68 33 200 
3 72 39 39 108 
102 18 84 74 130 
52 72 32 81 134 
32 57 32 96 100 
60 40 86 4 180 
13 56 69 95 196 
88 82 80 12 187 
68 55 87 17 28 
70 18 83 38 50 
22 64 36 3 85 
13 60 74 84 83 
65 88 37 51 85 
48 51 92 78 158 
72 94 22 89 202 
79 72 17 83 165 
44 59 51 80 139 
51 23 67 53 174 
30 9 98 72 61 
83 20 37 76 138 
21 29 7 60 110 
30 44 48 4 131 
43 45 94 3 201 
7 39 59 84 188 
27 86 40 93 101 
65 98 52 60 39 
61 37 43 16 127 
17 55 93 27 81 
9 76 65 90 91 
88 18 96 74 50 
46 64 56 84 87 
37 90 15 11 185 
34 94 90 86 11 
8 4 80 42 170 
55 48 34 45 175 
53 23 53 49 130 
49 4 80 37 153 
100 83 61 74 56 
29 41 83 36 16 
16 88 81 85 79 
85 40 57 90 145 
99 31 13 99 186 
17 40 68 48 89 
32 16 55 11 16 
27 46 8 15 116 
16 67 100 37 145 
66 43 69 11 164 
11 50 92 66 158 
70 72 64 83 26 
91 75 38 93 158 
3 35 72 78 29 
42 34 44 34 117 
34 33 77 28 56 
75 72 59 68 71 
84 26 91 34 81 
56 84 27 3 138 
43 32 9 60 144 
33 73 93 97 83 
79 8 60 9 93 
39 97 38 56 80 
21 18 72 59 193 
79 46 40 39 121 
60 9 43 67 35 
5 26 19 57 195 
4 81 64 28 116 
79 68 84 89 7 
62 47 73 64 99 
27 62 52 66 191 
89 35 56 38 167 
73 67 95 93 88 
14 80 83 61 76 
42 56 46 2 38 
13 65 54 37 203 
15 37 81 19 186 
45 76 55 64 20 
71 27 28 46 176 
13 74 93 46 184 
84 67 15 28 17 
74 18 52 48 169 
26 83 21 39 141 
37 89 79 102 203 
40 26 21 52 138 
18 30 102 16 15 
41 74 9 47 37 
50 25 55 11 41 
29 26 9 81 173 
90 7 91 77 105 
27 98 93 47 106 
59 47 65 61 187 
46 18 38 41 91 
54 76 76 21 43 
14 36 70 82 149 
16 19 42 67 161 
13 41 27 65 167 
