4 1
200
71 98 59 69 57 
5 15 71 17 194 
60 51 99 95 32 
83 41 98 64 198 
46 47 84 44 176 
55 85 80 52 80 
100 58 92 35 95 
82 30 81 34 111 
10 34 48 9 176 
94 85 33 71 147 
15 11 84 33 42 
26 16 17 83 151 
22 38 22 78 198 
4 61 67 49 72 
55 62 66 10 182 
13 101 76 58 192 
73 53 11 80 54 
91 76 61 15 46 
68 16 100 60 70 
74 15 72 12 173 
35 20 87 36 40 
55 47 76 44 19 
27 42 61 89 8 
71 29 44 52 18 
29 2 54 27 140 
41 64 8 77 36 
101 31 66 74 126 
55 69 76 61 149 
46 3 18 7 197 
29 57 13 57 132 
47 73 22 5 117 
35 68 62 68 163 
93 40 101 28 22 
99 78 89 27 104 
5 55 85 79 131 
28 86 49 30 86 
86 53 53 12 146 
30 11 63 16 59 
89 9 10 81 167 
8 4 93 97 203 
53 70 88 7 127 
95 90 44 41 64 
51 21 33 27 196 
43 89 91 57 167 
90 16 75 99 131 
98 47 6 98 119 
26 95 54 31 185 
18 67 49 50 161 
43 69 25 86 162 
70 78 85 85 85 
21 16 38 15 26 
38 98 91 43 136 
50 85 48 83 15 
58 68 4 36 165 
78 42 42 78 85 
23 94 91 20 196 
22 64 23 57 81 
13 59 41 19 111 
22 78 8 84 64 
59 22 44 79 49 
3 75 51 5 133 
81 76 62 74 185 
47 9 72 47 96 
88 64 93 43 195 
101 29 87 82 125 
101 36 60 47 172 
3 52 14 97 194 
49 15 20 92 124 
39 99 69 28 21 
15 8 63 38 92 
97 31 3 83 50 
76 90 71 44 134 
47 18 17 90 183 
97 97 77 52 204 
76 46 3 83 120 
4 62 61 72 99 
96 75 24 3 183 
74 51 32 73 44 
60 45 79 26 34 
24 84 81 39 31 
20 32 14 38 146 
53 29 22 25 46 
16 31 101 96 147 
74 96 16 100 38 
48 67 6 31 86 
32 69 79 67 77 
22 83 24 58 63 
65 63 88 32 81 
47 31 9 51 16 
31 47 85 54 90 
30 70 83 21 140 
55 28 85 97 84 
85 52 57 88 4 
35 9 45 65 20 
13 10 87 62 150 
19 60 57 24 27 
88 86 27 23 20 
55 2 5 90 159 
39 80 93 91 114 
96 77 23 50 152 
24 4 21 45 68 
22 85 23 48 106 
97 73 63 84 113 
101 27 35 79 100 
35 6 57 88 147 
35 19 98 6 161 
44 38 9 50 184 
86 67 83 91 182 
72 81 60 38 169 
68 19 11 36 117 
71 44 47 102 85 
20 49 36 73 3 
5 89 19 69 21 
61 67 16 94 146 
36 46 47 90 161 
56 48 20 5 15 
18 10 64 49 22 
3 93 9 8 147 
38 33 12 90 176 
84 64 93 29 50 
3 5 18 64 48 
27 99 59 23 178 
74 31 33 67 173 
97 27 72 59 19 
70 60 9 22 73 
5 36 58 4 198 
94 57 93 81 13 
14 94 102 26 174 
6 36 88 21 203 
10 2 47 5 186 
59 93 36 21 116 
45 98 98 29 43 
92 42 58 26 194 
20 40 54 62 148 
5 27 48 74 12 
35 74 90 23 58 
4 91 55 13 83 
3 23 74 25 129 
18 97 75 6 193 
65 81 64 26 167 
72 51 87 33 179 
33 48 64 16 48 
73 10 77 101 38 
3 90 47 86 192 
98 67 31 99 116 
10 54 44 80 86 
57 13 66 41 119 
55 6 24 25 19 
57 62 61 2 188 
10 22 76 89 191 
78 36 80 32 175 
6 22 90 77 163 
81 6 86 74 140 
62 46 39 43 132 
99 68 24 77 80 
39 9 30 7 100 
90 81 57 86 135 
23 35 35 55 110 
35 18 49 45 62 
53 78 88 34 67 
66 85 34 24 197 
12 14 4 94 100 
99 94 86 28 188 
2 51 102 8 98 
29 13 85 90 66 
83 20 81 48 178 
63 22 99 75 173 
6 49 35 89 115 
11 33 43 7 115 
43 34 23 53 61 
4 78 82 86 12 
55 2 46 93 33 
94 35 58 7 178 
79 97 13 44 179 
56 18 14 53 80 
99 72 80 34 185 
51 99 29 18 173 
87 43 14 70 67 
6 4 44 74 131 
78 76 39 20 162 
47 23 81 66 155 
88 65 31 48 19 
85 24 15 2 136 
96 8 42 22 6 
38 85 45 12 171 
53 76 43 89 129 
24 35 63 54 93 
30 20 66 43 201 
24 13 69 62 101 
84 92 44 7 143 
72 36 19 18 88 
64 81 71 82 52 
15 25 45 85 176 
52 64 62 57 81 
78 44 102 23 163 
27 19 85 63 6 
63 33 37 19 189 
90 18 47 12 169 
51 51 86 18 176 
101 70 86 76 201 
