8 1
200
74 42 30 63 30 13 25 79 177 
100 71 15 21 36 46 97 77 146 
9 95 71 87 16 4 77 15 115 
46 102 37 94 10 89 93 85 203 
44 10 78 43 53 55 36 83 33 
13 14 8 100 71 65 72 32 88 
94 89 27 28 88 17 57 80 159 
54 9 63 29 30 53 46 55 137 
97 69 44 18 53 35 88 66 3 
52 49 33 73 24 80 46 101 195 
76 18 24 63 87 74 77 83 152 
57 87 86 58 56 18 98 77 129 
3 78 38 94 41 24 16 8 67 
49 83 87 84 85 32 57 72 78 
48 36 83 71 43 72 61 34 162 
19 96 95 17 77 49 18 45 47 
62 83 78 101 49 82 43 30 3 
91 74 4 57 2 85 80 53 85 
83 33 37 68 36 10 45 100 25 
41 33 8 39 69 41 9 97 182 
63 48 88 4 31 14 72 71 121 
79 64 96 12 39 26 8 36 27 
89 96 49 71 58 52 70 3 198 
96 54 8 65 49 7 96 19 11 
57 82 4 25 98 67 51 68 74 
20 31 96 84 33 35 29 22 4 
44 95 92 38 36 29 17 78 37 
56 16 17 91 18 22 22 54 112 
12 66 100 85 22 92 16 52 148 
5 14 23 75 38 29 6 54 51 
16 21 48 77 10 22 50 97 106 
23 31 15 76 64 82 80 19 115 
5 61 75 102 24 85 57 14 130 
98 83 80 89 87 66 98 8 69 
10 37 58 80 37 27 41 95 44 
61 32 52 43 97 21 73 3 190 
54 17 98 65 22 98 59 53 31 
75 36 47 51 80 59 48 72 167 
102 27 26 50 63 31 64 98 169 
16 57 88 61 18 86 73 46 186 
39 47 17 63 23 85 12 68 122 
78 12 54 95 97 27 39 73 155 
71 6 56 69 2 26 15 45 197 
31 16 20 63 81 35 68 12 51 
68 41 6 43 40 97 72 88 175 
33 22 62 63 24 47 10 4 84 
39 71 47 93 50 80 89 84 106 
43 17 33 21 30 87 3 73 67 
74 31 68 61 100 16 40 84 48 
39 70 95 75 55 79 95 31 84 
81 77 93 27 56 58 45 31 145 
56 14 94 77 62 53 15 38 149 
77 79 74 33 55 68 57 52 30 
61 70 65 56 28 101 47 23 195 
43 49 77 12 18 71 45 86 144 
33 64 9 44 62 19 6 20 106 
71 50 24 27 72 6 45 86 124 
10 102 88 95 32 41 57 74 181 
100 67 63 5 90 70 98 27 179 
8 19 10 48 52 10 50 78 150 
75 17 80 73 69 35 10 37 173 
87 40 34 70 89 90 31 8 109 
92 68 62 56 32 47 18 38 137 
55 65 52 80 47 56 68 84 116 
13 29 100 30 96 55 86 13 178 
57 40 32 21 19 46 57 60 22 
15 21 87 35 56 33 68 58 148 
37 9 95 80 4 8 34 20 161 
57 64 74 10 72 21 60 63 200 
39 36 48 8 24 90 46 55 128 
73 80 75 69 65 41 82 51 10 
96 79 38 26 89 101 67 102 195 
40 7 51 69 77 95 35 31 46 
29 31 86 7 36 51 45 63 81 
8 91 101 35 29 23 17 66 172 
65 15 48 48 42 25 94 8 100 
15 7 6 82 36 36 19 56 42 
22 91 45 89 83 29 62 61 25 
98 7 80 30 54 13 11 72 35 
77 83 91 64 15 29 2 32 115 
38 28 56 67 18 76 3 97 153 
43 78 34 22 88 83 14 97 5 
73 87 55 95 73 66 20 44 150 
33 60 78 18 88 53 73 26 69 
59 33 91 6 29 59 38 69 192 
86 58 96 10 52 20 28 31 93 
5 45 57 93 50 77 2 72 77 
101 28 92 83 51 64 50 57 132 
15 69 60 97 58 6 72 35 175 
81 25 10 60 92 59 8 69 166 
80 68 85 16 6 59 22 39 86 
7 5 9 35 62 97 56 15 128 
89 10 89 53 23 17 91 24 98 
31 43 38 35 77 84 82 72 181 
83 101 65 3 78 21 64 67 62 
81 48 65 14 6 79 96 20 122 
97 29 47 71 27 84 12 93 196 
8 74 30 27 55 92 9 75 31 
101 88 34 70 92 58 87 12 155 
86 19 40 61 40 59 24 88 90 
45 14 75 83 93 87 25 58 190 
4 55 95 75 8 33 65 97 67 
29 29 39 91 86 17 8 27 151 
60 49 36 73 5 69 49 65 124 
43 20 97 50 46 36 65 85 116 
85 14 13 9 98 45 27 97 120 
8 56 31 60 77 68 13 67 19 
61 33 52 28 28 44 73 24 157 
39 81 85 5 28 3 61 25 29 
65 54 53 93 47 10 11 42 21 
34 85 45 30 38 81 28 6 106 
8 58 88 71 38 77 68 90 35 
77 5 30 29 101 54 55 51 29 
59 71 88 44 20 88 35 41 79 
36 11 45 6 79 25 52 54 138 
30 96 18 79 26 59 94 35 76 
84 6 86 94 78 90 68 70 73 
68 66 41 102 38 99 38 35 163 
75 74 28 7 80 48 86 27 113 
99 83 46 31 53 86 51 53 72 
56 44 35 57 40 11 90 86 181 
30 30 60 21 42 94 80 20 126 
13 79 28 40 9 53 35 71 179 
93 39 15 56 53 87 65 84 186 
49 20 36 19 19 96 60 58 197 
99 80 43 55 53 35 25 40 152 
10 18 37 84 24 71 24 99 97 
77 76 79 75 58 60 3 33 204 
29 96 62 34 82 53 56 38 184 
49 40 88 83 33 15 13 56 136 
58 67 98 67 97 22 49 85 168 
22 26 24 85 54 22 35 98 91 
16 78 38 86 30 89 81 77 121 
63 97 44 66 64 4 93 46 136 
6 64 101 42 87 99 71 36 25 
70 66 88 69 50 38 71 98 161 
32 75 39 11 89 23 63 88 180 
42 58 64 22 93 10 55 31 71 
47 76 92 41 17 95 78 12 23 
75 96 49 9 97 68 25 63 147 
31 97 77 80 81 101 11 31 161 
51 50 75 80 16 21 3 26 46 
91 93 60 46 36 79 12 90 188 
43 35 63 98 99 32 38 26 71 
61 69 98 93 32 88 17 28 128 
39 97 83 29 7 73 46 36 143 
16 87 63 100 70 93 9 70 195 
19 55 53 45 44 92 87 44 117 
28 100 64 74 31 9 16 75 189 
14 16 30 92 54 65 63 24 79 
75 63 101 7 86 64 93 99 150 
14 97 55 93 44 65 16 20 76 
10 44 58 56 86 97 100 97 110 
69 29 4 89 84 22 54 14 165 
60 23 16 102 83 34 36 4 160 
42 23 75 67 79 36 29 54 164 
84 22 79 6 8 91 11 25 143 
73 27 14 35 41 31 84 57 197 
25 10 63 26 21 84 19 61 152 
83 5 52 70 63 32 42 72 189 
6 57 17 27 93 60 64 65 158 
68 9 84 45 84 23 39 6 91 
21 60 2 97 89 50 16 30 43 
22 5 66 85 95 71 39 81 3 
84 100 19 4 63 58 7 53 106 
94 39 22 31 33 59 87 23 24 
94 11 70 70 13 65 40 45 122 
16 85 17 15 9 6 23 57 14 
29 19 99 46 92 38 98 24 185 
2 93 74 9 99 74 60 46 142 
34 16 89 56 67 21 99 93 138 
39 82 33 18 10 78 53 60 10 
16 51 21 34 74 91 74 40 107 
89 9 88 45 56 65 36 91 86 
20 75 54 80 49 101 71 61 87 
62 86 84 98 57 41 70 46 195 
52 3 44 101 84 29 69 12 172 
83 96 28 70 84 21 36 35 174 
53 38 4 22 65 15 48 14 111 
72 93 54 49 77 12 69 86 180 
101 22 93 28 13 39 17 90 133 
19 94 3 65 64 25 56 19 19 
96 32 40 32 54 72 75 99 42 
34 36 21 18 3 100 33 38 29 
96 28 26 67 8 77 50 32 42 
55 9 31 31 96 60 4 75 111 
53 71 69 24 55 16 19 85 112 
47 3 93 5 34 28 11 62 185 
86 30 26 64 84 25 52 22 185 
93 5 42 63 16 30 46 83 136 
48 74 75 12 51 25 23 4 60 
31 52 77 4 22 36 69 20 93 
32 90 89 47 74 35 26 28 163 
17 86 89 65 61 53 62 65 179 
20 76 82 3 43 82 96 23 143 
18 91 85 7 96 98 84 17 189 
82 3 2 41 88 25 45 8 38 
44 67 93 25 44 59 49 51 91 
68 30 49 9 53 53 65 10 77 
99 11 93 93 83 46 61 82 127 
