4 1
250
36 22 20 11 104 
57 47 67 3 93 
66 84 25 68 157 
10 41 59 23 103 
32 102 6 87 63 
76 91 73 14 10 
5 63 79 21 157 
12 11 85 9 184 
31 26 71 24 190 
6 38 6 37 10 
68 11 68 17 58 
36 18 35 81 155 
69 76 55 99 86 
5 7 6 92 138 
101 58 52 33 44 
8 33 83 94 55 
40 86 38 10 79 
97 97 64 94 88 
96 78 6 33 49 
58 73 73 83 183 
101 35 16 70 12 
11 61 36 96 46 
5 37 44 55 78 
84 39 48 61 96 
10 44 14 49 151 
25 54 20 10 133 
38 62 3 4 57 
8 72 71 5 60 
38 63 70 72 81 
61 36 53 96 85 
21 27 14 36 166 
59 23 69 96 167 
59 42 28 32 176 
46 36 41 28 67 
14 70 45 32 24 
49 76 44 10 32 
91 3 27 69 95 
13 49 69 23 144 
87 5 77 23 147 
98 37 40 86 195 
27 97 28 64 60 
52 84 84 25 71 
85 80 61 81 189 
58 18 61 85 155 
98 69 20 57 97 
11 96 23 60 33 
14 38 60 14 184 
96 78 65 41 196 
30 67 45 89 179 
9 46 98 30 35 
82 78 57 10 203 
60 79 72 17 41 
59 63 26 10 47 
49 22 49 91 201 
82 55 22 89 98 
33 26 34 70 83 
68 100 95 44 74 
38 83 52 15 67 
20 8 50 22 82 
69 43 37 66 85 
89 99 9 32 76 
29 58 70 63 139 
35 47 4 76 109 
61 70 84 75 177 
68 72 36 59 166 
76 7 2 50 165 
93 91 70 29 110 
71 93 65 7 20 
81 15 92 47 202 
75 6 76 68 165 
101 60 65 80 154 
19 64 52 51 129 
24 58 22 82 158 
46 79 77 23 171 
70 7 79 66 16 
55 82 91 60 19 
72 33 36 69 166 
34 29 92 54 76 
9 43 16 44 177 
26 94 11 70 113 
98 30 55 85 28 
96 83 101 73 46 
39 75 94 43 188 
94 24 55 101 92 
20 89 25 86 157 
29 92 37 79 171 
63 73 23 5 27 
44 79 53 56 178 
53 30 21 32 203 
36 51 76 52 193 
4 41 13 25 78 
10 7 71 8 176 
6 48 24 89 126 
68 54 92 30 104 
16 73 101 14 191 
92 70 95 86 89 
80 19 87 85 168 
24 62 100 67 10 
39 10 48 70 170 
7 8 34 70 70 
84 61 48 102 164 
33 42 101 32 98 
42 14 87 65 18 
89 64 41 7 83 
8 55 27 26 29 
8 27 33 31 180 
86 38 27 53 124 
21 73 87 4 105 
84 63 70 20 131 
27 26 85 62 195 
46 69 29 31 58 
31 36 24 88 152 
8 11 72 44 130 
7 89 36 4 181 
18 79 39 56 120 
47 87 9 62 181 
84 44 73 35 92 
19 10 98 25 66 
87 51 100 30 92 
75 93 29 56 121 
40 92 82 74 162 
69 32 75 72 169 
46 29 63 100 187 
66 40 39 99 96 
99 93 12 73 8 
69 80 11 11 175 
56 60 55 4 104 
94 64 100 56 159 
89 37 28 43 180 
60 90 3 39 165 
36 56 32 9 127 
49 82 12 71 26 
90 24 66 87 60 
88 76 62 49 203 
4 42 85 21 123 
64 67 72 85 93 
81 80 74 30 106 
2 30 47 42 9 
14 54 32 44 183 
67 73 43 14 7 
86 30 55 39 162 
96 72 13 50 204 
84 12 29 26 68 
13 52 38 35 60 
59 31 22 45 178 
52 12 44 32 193 
93 26 59 82 126 
53 26 37 51 117 
32 19 100 42 46 
4 27 8 11 161 
18 37 10 85 93 
57 10 12 52 61 
86 31 83 55 19 
60 55 49 64 167 
88 17 88 78 202 
42 33 82 24 174 
27 6 35 53 161 
58 18 76 37 16 
45 16 87 22 149 
3 38 47 34 130 
51 80 46 29 188 
3 51 33 87 12 
26 31 90 67 12 
82 98 32 76 108 
44 81 14 57 82 
74 32 68 5 199 
6 88 50 61 74 
49 63 8 61 159 
9 87 92 32 170 
16 28 22 17 191 
8 8 72 81 44 
72 68 90 90 43 
74 85 30 89 4 
39 82 31 31 119 
21 91 73 99 93 
60 91 84 74 53 
48 12 53 12 188 
100 18 71 40 134 
83 74 21 41 14 
26 59 5 31 94 
36 99 92 59 152 
18 36 76 36 129 
83 85 18 64 152 
64 34 20 97 8 
23 13 94 66 157 
49 73 35 93 44 
3 89 56 29 187 
51 21 96 38 155 
66 44 37 77 172 
100 58 59 67 91 
95 41 10 28 51 
25 7 28 83 58 
48 4 85 15 127 
96 32 91 72 53 
44 40 84 21 81 
81 78 18 82 162 
92 16 70 49 59 
64 81 30 4 141 
46 95 15 10 63 
64 62 24 15 183 
70 69 88 41 6 
56 59 91 89 94 
49 91 49 3 77 
33 35 38 87 203 
18 4 89 4 166 
51 27 76 91 157 
21 56 5 92 25 
25 30 31 46 151 
7 92 43 58 47 
57 48 14 73 202 
31 26 39 16 151 
68 82 87 60 109 
31 85 2 12 56 
95 88 59 92 30 
5 7 94 13 193 
28 62 33 81 55 
5 16 5 92 98 
97 19 91 18 94 
46 46 72 94 93 
24 91 34 32 62 
71 91 23 59 196 
26 34 28 22 98 
7 51 7 34 103 
17 82 12 64 65 
77 99 43 47 144 
61 36 2 68 148 
39 31 3 52 118 
16 94 49 96 49 
65 93 71 70 83 
97 40 40 43 62 
44 81 72 100 112 
74 50 79 89 76 
92 34 62 49 23 
79 50 58 77 76 
25 35 19 41 139 
86 29 75 7 154 
23 98 61 38 62 
60 61 5 97 174 
67 18 62 59 68 
34 33 24 60 130 
49 85 66 7 16 
11 64 33 33 144 
47 78 74 14 33 
97 75 26 20 108 
20 47 62 92 146 
9 75 61 8 75 
55 7 17 43 58 
40 34 56 31 43 
98 30 74 27 83 
92 45 50 44 79 
