8 1
250
56 10 3 2 16 16 34 19 54 
42 12 72 78 82 93 39 80 143 
21 58 59 72 15 30 45 62 133 
9 35 15 58 20 57 55 52 158 
58 64 55 64 96 18 74 73 3 
46 101 63 9 15 85 85 87 159 
84 86 98 75 59 55 51 27 172 
15 86 95 16 26 31 16 83 34 
19 59 64 43 99 44 29 101 126 
6 102 22 32 75 34 80 72 136 
84 85 7 101 15 71 34 61 177 
10 31 78 34 95 34 69 68 60 
17 43 89 55 48 60 94 47 53 
66 85 13 62 39 55 65 35 200 
13 20 46 96 11 40 57 22 143 
88 74 9 90 65 9 6 65 61 
81 30 39 49 9 69 46 69 156 
78 49 95 24 71 62 36 58 99 
87 23 34 51 100 28 90 8 151 
20 79 22 6 58 76 26 86 11 
63 65 13 78 52 44 64 82 148 
79 65 4 49 56 9 61 21 85 
99 32 32 13 62 3 95 28 186 
58 74 93 20 100 87 57 76 189 
39 11 73 92 90 21 56 12 88 
73 72 25 15 47 39 35 29 110 
77 52 5 12 85 27 53 7 18 
83 61 67 19 94 82 16 23 23 
72 9 44 13 59 52 60 24 114 
70 45 29 56 87 74 34 83 51 
91 30 28 49 41 84 13 74 106 
80 57 80 45 101 26 29 65 41 
13 65 94 56 54 63 71 85 129 
83 30 76 95 87 13 58 27 191 
87 25 70 62 3 87 100 82 138 
79 27 45 5 29 24 55 22 37 
34 38 78 67 80 58 21 31 92 
80 87 71 69 89 77 32 44 84 
53 53 64 10 57 73 95 94 120 
21 80 3 54 43 67 96 26 182 
20 22 47 14 43 74 42 23 195 
100 12 40 71 75 87 83 4 141 
57 26 82 7 74 87 100 2 105 
45 28 46 7 75 65 87 14 46 
97 41 13 93 70 37 77 97 168 
23 53 8 18 72 41 98 41 3 
11 15 50 62 16 42 23 99 193 
54 96 39 77 86 62 65 88 129 
60 66 58 47 31 79 5 79 102 
47 29 57 7 11 37 64 78 203 
75 37 27 73 72 73 42 26 5 
48 48 69 47 55 86 78 40 153 
46 66 85 74 59 39 93 77 142 
41 49 87 4 14 9 63 92 105 
40 89 96 88 7 8 77 59 65 
85 2 77 73 31 72 62 20 28 
18 4 80 89 82 97 3 3 158 
18 46 36 62 86 64 35 40 105 
83 61 60 80 99 2 8 10 153 
96 70 20 17 44 96 97 46 181 
75 53 10 101 86 7 30 61 29 
99 25 18 14 40 93 22 81 122 
57 41 7 80 83 73 22 9 68 
61 4 4 42 67 42 76 62 178 
45 84 76 55 51 40 89 11 175 
61 84 32 29 97 65 36 42 14 
86 97 72 38 81 79 74 71 117 
13 60 60 78 41 81 5 78 199 
87 3 91 69 93 74 88 63 53 
5 34 9 41 7 27 36 92 132 
19 9 5 99 83 82 83 77 105 
30 85 45 53 26 21 67 51 80 
19 19 6 100 53 20 54 72 78 
52 74 55 35 44 50 16 88 142 
97 90 22 11 88 18 23 60 161 
84 53 10 90 77 58 88 19 150 
62 21 58 87 47 13 45 33 9 
101 97 43 97 39 40 51 72 126 
20 10 33 90 79 95 41 72 39 
32 64 99 99 48 27 77 56 137 
15 11 44 11 68 56 15 24 128 
40 89 17 72 41 7 96 70 22 
44 74 44 65 48 77 95 15 143 
8 4 51 18 22 84 73 38 124 
21 11 43 79 78 57 33 3 170 
6 62 24 95 4 80 17 35 169 
26 52 65 69 19 55 86 9 43 
15 24 69 34 101 5 46 77 121 
71 67 98 90 35 48 94 91 110 
49 15 102 73 3 89 102 49 176 
100 54 94 90 95 71 37 20 161 
18 74 63 21 51 29 22 48 140 
89 38 19 19 77 30 102 39 192 
22 44 23 83 34 53 19 49 50 
68 83 74 29 55 17 69 78 36 
94 30 66 75 53 57 20 15 24 
71 82 78 66 90 58 77 16 154 
59 38 41 12 4 4 5 55 133 
99 62 85 4 52 102 13 9 19 
32 50 93 69 65 22 43 50 136 
49 4 95 18 54 41 42 12 83 
79 85 28 64 72 100 92 23 109 
29 69 32 79 55 82 50 47 136 
86 93 75 22 71 57 38 58 105 
74 83 10 46 64 42 61 36 52 
85 70 80 95 79 43 69 16 164 
38 72 51 15 70 9 74 58 41 
69 60 16 73 28 16 49 20 84 
47 85 8 92 20 21 58 67 158 
91 93 16 34 55 57 76 101 175 
4 61 15 2 74 8 23 94 155 
12 14 44 66 48 61 3 24 64 
77 49 55 32 59 5 32 86 135 
8 37 7 61 99 29 30 47 121 
29 47 13 2 70 28 45 47 108 
38 27 46 57 33 33 26 102 109 
35 74 4 12 72 90 42 18 117 
73 53 17 17 38 3 2 75 158 
22 77 80 29 89 14 53 97 121 
23 53 6 77 37 99 76 97 151 
59 20 76 24 62 55 71 75 192 
40 23 91 45 56 60 55 6 52 
76 8 87 92 61 78 31 21 133 
55 98 19 20 43 42 29 45 114 
5 100 16 28 60 16 20 15 151 
72 80 98 48 24 32 74 102 182 
91 69 61 100 95 44 90 18 157 
79 22 82 51 18 13 4 52 16 
12 51 50 73 74 48 4 62 84 
70 9 76 88 48 43 53 41 156 
99 7 7 75 40 44 39 43 191 
96 23 64 87 46 74 26 64 105 
43 20 97 15 98 35 3 21 21 
4 93 76 41 99 79 37 8 93 
4 40 12 8 36 33 54 10 81 
80 85 65 5 65 86 92 12 44 
83 86 11 73 74 21 35 37 103 
22 57 25 87 52 40 29 23 51 
43 37 86 65 63 90 96 25 75 
48 102 30 92 51 89 58 56 47 
38 33 68 94 75 101 83 35 110 
18 96 35 27 78 44 62 51 153 
39 20 25 23 79 51 85 88 72 
24 32 8 38 30 98 18 92 185 
60 51 64 86 84 30 37 80 61 
5 24 26 88 32 101 15 21 75 
102 18 56 19 11 89 67 61 8 
49 82 68 39 11 88 53 3 3 
15 55 38 96 88 101 22 81 133 
13 38 101 9 25 11 62 18 153 
39 43 42 77 21 25 27 90 201 
66 68 15 40 37 31 101 2 135 
2 7 32 57 99 32 24 56 50 
6 42 59 59 79 95 13 16 124 
62 39 36 15 71 100 2 58 29 
54 75 2 72 10 25 45 62 25 
47 84 46 12 55 68 101 24 98 
44 9 91 22 29 23 70 41 129 
34 89 38 33 56 43 18 72 165 
26 35 34 36 15 19 83 68 66 
19 52 86 70 16 49 53 60 101 
26 34 48 81 4 71 62 13 149 
77 16 30 4 96 85 87 77 180 
17 11 96 75 40 63 91 54 180 
80 66 75 91 83 98 94 95 78 
37 46 34 65 76 4 46 9 108 
6 16 59 4 85 41 61 37 102 
58 53 96 87 92 52 83 84 98 
102 88 35 33 13 3 47 52 64 
58 54 37 94 30 34 10 87 77 
33 79 82 35 31 47 49 38 86 
46 52 57 83 84 94 57 47 44 
22 74 6 58 59 36 11 5 171 
16 66 25 64 79 6 15 51 12 
69 68 59 90 87 76 62 3 203 
78 77 71 45 39 86 13 91 28 
35 78 22 49 27 29 64 35 148 
20 84 76 52 70 35 89 90 160 
66 34 90 32 98 58 36 35 58 
16 73 29 41 53 90 93 82 151 
87 22 44 32 28 54 4 43 41 
28 28 9 38 58 51 7 49 117 
27 6 81 66 15 94 101 49 125 
47 81 33 88 61 91 62 4 138 
39 36 8 38 30 57 39 10 16 
23 80 18 80 36 6 33 68 155 
96 23 9 51 33 81 93 59 127 
90 42 69 20 79 55 84 71 28 
53 91 78 26 29 7 88 80 142 
47 69 47 29 57 95 15 67 167 
62 89 5 29 47 73 95 51 138 
42 5 3 64 98 67 93 82 157 
102 72 96 4 66 55 11 47 183 
19 63 88 76 7 13 74 24 166 
12 26 47 7 33 81 40 48 154 
70 85 73 82 38 77 18 15 195 
90 59 26 52 20 101 83 78 179 
84 68 99 92 92 76 86 82 116 
34 96 41 17 67 20 80 43 127 
21 39 27 13 60 94 18 86 132 
60 63 7 47 26 56 93 58 163 
80 80 95 99 98 58 20 86 41 
58 75 95 7 74 79 39 64 82 
65 73 10 7 76 8 12 28 42 
53 89 72 87 26 11 41 102 128 
71 24 43 71 94 76 75 62 24 
74 54 91 30 10 64 17 30 173 
73 75 6 89 89 72 38 70 198 
51 74 51 86 69 74 17 70 83 
101 96 81 36 35 16 97 40 151 
33 25 81 10 72 98 26 69 57 
60 84 37 73 35 27 79 25 179 
64 90 88 20 15 42 24 18 70 
8 39 42 92 94 51 98 7 92 
20 43 4 54 62 102 46 59 177 
7 30 63 56 60 11 29 35 103 
90 15 12 42 88 56 64 20 63 
89 70 92 88 76 29 82 61 168 
88 12 31 88 75 58 55 19 180 
75 55 81 33 65 61 101 10 189 
36 80 57 51 92 44 72 59 182 
98 21 55 36 75 101 29 43 48 
23 4 42 57 88 71 67 92 134 
52 58 7 33 89 68 37 48 164 
28 39 22 89 18 18 69 59 200 
37 41 81 83 6 24 38 79 14 
55 82 94 88 85 2 79 21 4 
86 67 33 89 101 30 21 3 10 
5 37 88 26 90 31 73 33 106 
88 72 55 85 97 12 62 84 135 
90 42 56 21 12 99 17 84 188 
69 49 41 54 64 5 20 35 89 
22 31 94 65 17 55 51 93 102 
50 3 72 23 29 19 64 32 124 
52 86 26 91 10 8 39 6 170 
14 36 10 52 67 65 69 42 110 
76 28 27 3 72 22 50 69 166 
24 48 22 25 92 34 44 70 100 
21 33 23 88 27 13 72 39 116 
44 101 39 9 56 89 66 90 12 
37 51 16 7 44 43 27 17 121 
65 91 46 78 9 99 16 50 21 
34 90 2 16 34 35 65 8 141 
46 17 93 36 61 5 29 9 39 
37 16 91 82 64 12 54 9 99 
14 68 93 41 95 8 79 33 204 
7 23 20 83 43 38 74 82 2 
69 31 32 43 51 2 81 81 71 
22 54 28 92 64 27 87 53 83 
79 7 24 87 58 30 5 24 176 
