4 1
250
101 60 52 30 87 
16 63 29 35 184 
34 71 21 97 187 
72 15 4 29 9 
34 51 39 44 159 
23 6 49 42 12 
42 73 45 18 174 
43 66 98 2 70 
21 53 11 67 55 
85 8 86 44 153 
5 15 56 51 11 
52 22 10 52 44 
12 16 89 30 103 
62 28 5 12 104 
8 18 4 96 173 
83 42 75 18 193 
18 22 8 68 5 
29 19 95 14 73 
23 58 48 81 50 
7 66 83 17 135 
59 4 77 93 141 
89 13 63 67 48 
12 49 94 58 12 
92 11 23 28 49 
46 35 94 76 61 
52 72 25 72 164 
19 61 60 52 78 
16 48 17 99 32 
18 58 31 90 54 
76 66 93 76 70 
98 44 57 94 46 
26 12 2 64 41 
19 90 93 86 14 
53 91 44 20 187 
46 96 27 13 17 
90 7 5 51 114 
88 81 51 38 172 
77 6 68 30 29 
5 47 55 80 200 
29 67 46 85 153 
86 24 75 84 183 
4 20 46 86 71 
21 9 54 8 69 
40 42 56 2 64 
49 25 16 7 181 
101 43 49 15 163 
24 62 23 76 146 
66 9 68 49 168 
59 62 84 96 193 
98 96 48 46 124 
89 13 46 54 58 
64 9 70 96 185 
63 73 33 7 26 
61 88 80 37 141 
33 76 9 20 151 
89 43 22 12 188 
7 97 4 55 189 
13 18 71 48 21 
59 41 74 59 46 
88 31 79 84 74 
12 18 13 78 61 
16 6 28 80 85 
23 89 60 4 174 
68 71 80 14 4 
45 20 34 28 26 
95 4 52 98 180 
59 65 40 77 168 
91 86 29 26 161 
9 92 93 7 181 
72 83 72 74 115 
19 54 67 83 189 
95 86 87 66 76 
14 56 32 92 171 
59 51 85 22 195 
84 44 56 36 193 
54 29 29 39 87 
14 34 81 43 145 
8 100 60 84 183 
7 100 65 89 136 
55 63 3 23 65 
23 100 52 78 151 
77 100 34 88 83 
68 60 50 24 52 
83 78 91 21 159 
61 93 3 33 184 
85 81 68 69 87 
94 28 7 8 44 
15 84 4 69 195 
10 68 74 44 50 
49 52 44 64 176 
79 74 84 46 148 
32 100 22 88 185 
98 33 67 46 100 
42 55 45 3 26 
101 75 24 25 143 
95 21 61 9 89 
35 39 6 83 133 
22 46 63 35 185 
17 64 18 78 203 
79 4 30 95 172 
97 9 43 53 178 
6 51 60 76 163 
13 41 15 45 118 
61 29 85 81 60 
98 93 11 12 196 
39 59 48 26 190 
93 93 67 25 99 
28 98 55 96 126 
73 88 90 56 162 
78 51 75 21 84 
51 20 51 67 181 
6 100 33 57 103 
48 5 36 83 181 
22 76 92 97 65 
65 76 91 20 119 
12 6 58 33 42 
90 86 29 86 91 
75 44 3 36 92 
30 67 101 46 32 
70 53 9 67 121 
5 61 80 90 159 
77 31 33 9 161 
102 44 2 37 127 
64 78 53 39 34 
80 75 58 52 8 
99 78 47 5 184 
61 99 92 74 37 
31 8 42 8 141 
46 13 96 57 92 
88 67 66 84 108 
94 2 72 51 165 
32 5 30 86 164 
102 86 30 19 43 
5 54 31 19 68 
58 38 47 70 148 
69 81 3 7 37 
35 14 64 52 201 
60 29 43 93 179 
29 80 57 28 142 
62 85 79 37 86 
36 38 49 52 197 
58 57 4 79 31 
52 3 24 69 98 
90 24 80 20 127 
78 13 40 32 15 
80 83 21 101 28 
85 5 68 66 172 
99 67 15 56 88 
5 27 66 79 77 
27 58 91 80 166 
40 8 61 75 134 
24 100 19 45 39 
77 38 5 66 64 
50 37 61 85 104 
25 11 26 78 122 
53 49 63 95 166 
24 94 43 20 153 
80 46 96 100 126 
100 50 71 38 138 
69 24 102 48 183 
92 99 8 30 120 
31 84 85 16 31 
77 39 26 64 196 
85 97 87 91 109 
6 44 62 23 108 
77 41 90 11 189 
31 49 17 5 186 
27 88 15 62 94 
98 63 82 86 177 
63 27 9 42 171 
74 39 12 95 175 
51 39 87 77 171 
92 96 76 23 175 
30 24 22 73 145 
99 84 27 46 116 
44 64 78 37 186 
52 34 50 27 44 
93 39 24 20 88 
91 4 40 78 114 
4 89 61 101 120 
41 7 38 71 177 
92 14 68 39 90 
89 62 52 86 70 
60 48 51 2 192 
93 102 4 31 167 
98 45 51 90 112 
57 5 79 78 106 
47 98 81 40 65 
81 73 87 76 114 
30 54 56 44 199 
58 40 61 7 139 
41 4 10 89 186 
48 65 80 84 181 
86 85 76 35 180 
64 69 13 71 32 
22 17 30 75 110 
46 92 9 93 201 
19 46 75 10 26 
45 90 93 49 173 
19 95 5 88 146 
47 80 23 56 74 
91 29 92 92 100 
27 76 37 36 97 
59 58 89 86 147 
43 12 68 23 93 
76 78 65 87 200 
29 13 44 4 18 
68 71 55 57 21 
91 56 85 62 178 
71 56 59 2 58 
63 7 22 16 63 
37 14 2 11 127 
15 66 7 94 45 
16 34 35 28 166 
90 5 34 76 168 
89 29 8 35 155 
22 20 65 59 77 
24 93 30 74 149 
55 70 46 96 196 
27 50 93 41 150 
39 23 33 21 82 
60 75 48 34 89 
10 9 69 35 86 
97 3 51 57 203 
25 6 63 55 59 
22 62 40 80 117 
41 39 69 62 80 
101 89 46 19 162 
51 47 97 31 133 
49 3 12 54 4 
26 102 38 41 105 
35 62 80 93 41 
100 37 70 77 10 
73 41 9 97 88 
10 59 33 78 105 
79 11 35 90 167 
21 51 88 79 69 
41 3 30 11 13 
41 12 55 100 165 
16 80 22 27 192 
9 97 17 11 191 
68 70 62 90 151 
26 29 92 11 4 
51 50 93 44 133 
72 13 100 91 10 
100 6 35 97 77 
101 91 10 96 152 
26 36 79 85 137 
73 43 42 37 167 
14 22 46 99 66 
