6 1
250
60 60 15 56 73 17 167 
88 62 14 5 11 74 189 
46 84 73 40 20 73 34 
52 20 47 71 68 42 28 
26 51 59 27 18 55 171 
6 78 50 25 93 65 159 
56 47 27 53 22 73 159 
32 6 102 87 100 97 17 
42 70 87 7 77 70 127 
13 57 80 94 21 11 82 
8 25 17 29 10 41 195 
75 22 20 48 71 37 193 
47 59 42 21 59 78 131 
10 65 20 17 97 18 89 
92 49 61 3 64 40 50 
83 87 60 91 59 14 138 
50 70 61 8 35 69 136 
99 40 75 64 35 77 201 
62 99 14 15 25 54 168 
75 61 47 9 99 73 130 
75 84 31 3 66 99 122 
97 61 11 63 50 79 189 
11 88 42 31 65 28 46 
90 48 78 36 62 87 154 
11 17 101 38 99 5 52 
58 46 63 71 81 41 133 
39 5 54 77 77 92 131 
75 7 80 36 47 44 172 
38 55 69 6 14 86 176 
47 12 27 54 76 70 110 
43 81 62 86 89 59 105 
45 26 61 86 97 14 75 
12 24 4 54 63 43 42 
93 96 66 69 57 81 189 
95 29 25 3 24 12 66 
28 19 52 60 87 36 189 
31 10 22 18 74 52 73 
90 25 102 15 29 35 104 
87 98 19 34 80 60 103 
99 38 85 76 3 7 171 
6 55 96 78 9 29 126 
87 46 53 85 31 60 12 
6 25 90 96 79 83 84 
23 35 28 9 77 45 67 
74 39 44 73 47 54 171 
72 8 39 22 8 91 204 
54 68 51 52 2 47 190 
15 97 81 26 26 45 170 
22 70 72 34 87 31 29 
9 11 14 85 8 23 72 
19 53 76 73 94 43 142 
69 79 59 77 99 41 121 
44 65 48 24 11 3 102 
40 69 91 23 62 88 93 
59 39 68 96 26 61 196 
46 7 55 34 4 16 110 
93 15 59 89 92 57 133 
48 68 64 99 22 87 162 
86 88 52 34 57 26 21 
42 92 83 75 83 65 201 
60 95 92 9 89 98 98 
57 34 36 72 34 82 25 
74 7 99 6 76 19 123 
21 6 2 49 91 46 106 
24 78 16 12 94 68 178 
75 74 92 35 91 34 60 
56 18 64 25 46 100 139 
88 85 71 9 48 41 81 
91 91 62 100 54 98 68 
58 22 62 42 16 26 202 
35 10 73 87 87 33 134 
89 40 26 47 48 86 76 
95 47 5 48 29 50 170 
85 32 38 39 38 98 199 
99 4 85 32 76 71 109 
77 100 24 63 9 75 6 
53 38 55 8 14 98 130 
76 59 96 89 78 18 103 
80 37 50 52 37 70 186 
38 44 17 74 17 86 37 
49 83 87 22 77 83 66 
96 85 33 25 2 36 47 
47 91 45 100 54 5 199 
65 76 13 74 7 13 33 
96 40 36 99 15 48 58 
79 11 69 3 37 21 172 
54 19 28 37 36 71 185 
55 73 77 65 83 22 171 
9 76 50 71 72 18 204 
47 99 28 89 90 97 141 
81 79 98 19 86 15 24 
59 87 40 74 44 27 85 
68 61 37 34 28 46 143 
38 21 34 67 4 86 17 
22 2 49 48 76 24 151 
97 80 47 99 9 75 103 
91 12 100 30 93 61 161 
40 93 58 64 53 101 89 
59 66 55 84 31 5 75 
86 92 28 70 5 69 146 
83 92 37 21 73 22 97 
11 36 39 13 28 30 169 
11 94 86 25 25 33 78 
16 95 17 80 72 16 11 
22 74 62 90 94 9 118 
4 22 44 83 81 98 99 
32 18 72 5 77 56 154 
100 44 47 82 39 36 137 
99 23 43 3 8 45 183 
64 79 26 36 23 27 18 
73 44 44 46 36 92 171 
79 46 77 97 62 31 45 
33 16 10 57 76 93 11 
102 3 82 74 55 60 140 
40 49 71 56 31 69 57 
2 5 38 4 46 85 42 
78 68 8 49 16 70 65 
65 18 81 49 36 5 146 
42 65 74 83 33 17 81 
100 8 43 33 64 96 63 
14 74 55 31 10 86 50 
37 76 28 42 92 39 154 
33 92 8 96 66 58 123 
42 66 23 15 70 83 161 
62 67 17 54 76 3 106 
46 28 20 29 21 50 13 
91 48 43 43 80 66 136 
18 37 39 100 40 73 147 
10 34 18 42 5 47 153 
11 13 90 19 38 26 178 
66 90 70 47 10 56 106 
19 82 74 92 19 14 92 
32 80 56 37 32 82 74 
96 4 89 17 4 33 162 
38 55 26 44 42 81 106 
48 71 54 32 18 22 185 
54 46 52 88 35 32 162 
34 36 83 8 46 53 144 
89 83 32 8 26 74 167 
29 50 50 79 35 95 171 
11 4 7 16 61 47 87 
60 39 31 71 3 102 9 
22 45 38 98 30 84 122 
90 24 26 95 50 11 54 
97 4 11 2 39 98 50 
34 78 94 87 8 30 60 
46 3 39 25 74 80 16 
8 15 83 7 13 26 43 
82 83 23 13 38 19 128 
37 22 71 66 6 82 179 
69 46 13 24 55 33 91 
24 89 72 78 33 21 184 
91 30 98 27 73 5 108 
97 72 75 72 14 68 21 
83 70 61 70 101 21 80 
71 71 85 60 96 78 119 
96 53 38 8 100 75 94 
94 75 40 35 78 37 148 
76 40 54 44 66 37 85 
21 13 9 34 101 53 44 
61 15 69 80 29 96 4 
21 40 67 16 96 66 182 
97 22 38 24 86 68 193 
33 33 18 31 43 19 153 
42 30 76 101 23 27 68 
61 73 57 51 43 73 113 
2 89 30 72 73 54 50 
93 74 12 17 87 28 58 
84 53 51 88 79 28 161 
11 93 17 75 40 58 74 
51 83 75 45 97 42 64 
46 90 61 72 67 53 101 
59 66 86 39 101 7 158 
22 8 65 66 47 78 186 
98 16 100 35 98 90 87 
93 39 74 92 88 99 79 
66 92 18 14 77 32 109 
30 33 38 41 53 61 62 
77 12 82 52 66 42 100 
76 63 39 71 65 9 135 
29 14 49 15 10 41 114 
18 49 53 72 48 40 140 
85 64 96 46 31 14 33 
29 94 42 24 59 91 184 
31 81 45 14 25 89 4 
21 91 28 46 21 76 121 
65 30 81 20 4 82 187 
101 46 27 36 97 52 202 
22 9 93 53 52 68 178 
70 10 61 25 53 69 130 
75 69 3 12 40 58 133 
66 63 7 57 11 101 62 
38 20 80 31 39 4 203 
85 37 95 71 10 74 193 
22 23 96 53 15 30 55 
78 26 25 58 96 36 115 
47 89 97 43 69 59 67 
92 82 97 16 68 65 184 
34 9 43 32 86 72 90 
43 12 6 98 72 6 122 
96 57 74 45 69 46 77 
50 100 30 43 17 64 63 
42 102 38 49 67 38 90 
19 84 28 11 66 14 12 
78 93 47 99 56 75 196 
28 24 74 101 22 55 172 
11 15 91 72 10 15 3 
12 70 51 8 69 18 157 
74 48 35 5 33 34 147 
9 85 47 63 91 36 31 
80 67 51 47 85 62 17 
72 40 42 58 101 7 136 
25 98 93 88 59 22 110 
78 41 98 90 23 14 7 
32 46 10 21 81 88 68 
5 102 63 86 58 71 7 
10 95 48 34 30 8 172 
89 56 77 34 17 63 5 
28 55 59 65 50 7 83 
96 33 40 22 21 35 41 
98 33 5 3 52 53 139 
47 51 58 95 8 20 88 
92 36 88 66 27 33 158 
49 6 23 11 66 64 32 
64 11 14 11 75 67 186 
25 74 34 66 13 35 165 
6 3 72 43 89 100 9 
100 54 58 96 4 44 102 
29 84 94 89 90 55 170 
43 47 86 36 55 54 138 
64 57 2 16 100 98 89 
5 53 69 79 67 13 132 
59 58 17 73 25 44 196 
92 42 80 24 82 100 130 
58 88 10 36 48 38 74 
99 58 82 6 48 8 50 
33 27 12 25 44 21 171 
91 71 65 32 12 73 147 
17 25 94 20 101 82 97 
67 62 44 21 78 31 124 
2 37 69 79 37 74 122 
17 70 101 41 81 82 138 
19 47 6 38 66 66 167 
35 90 88 49 28 79 134 
67 69 7 68 92 25 181 
36 98 55 77 101 15 3 
57 95 81 22 2 81 100 
17 40 85 13 67 81 138 
49 83 32 11 97 96 103 
2 96 74 91 59 81 170 
