6 1
250
72 68 34 51 15 100 90 
24 26 70 58 16 71 130 
10 71 92 53 26 2 158 
24 39 102 53 6 27 85 
50 86 19 74 62 68 46 
16 73 43 9 52 20 155 
55 73 3 20 54 85 190 
62 30 32 40 68 46 99 
31 34 101 11 75 4 151 
42 52 86 56 5 43 190 
100 51 46 76 84 3 141 
68 101 35 54 44 50 179 
58 89 36 97 24 76 175 
41 44 100 78 18 4 29 
23 19 66 51 43 2 128 
81 88 65 86 45 81 129 
35 68 58 33 56 88 172 
65 52 61 83 69 10 120 
9 48 100 68 101 57 94 
84 71 5 3 50 27 158 
4 73 13 81 97 25 15 
78 44 47 64 18 31 118 
69 7 70 76 94 6 148 
42 68 19 46 26 19 104 
99 55 32 8 63 9 126 
81 50 4 75 87 54 63 
6 55 7 85 28 90 32 
65 37 29 58 24 7 127 
7 96 37 73 8 58 162 
91 17 57 57 24 98 181 
59 68 3 9 53 44 75 
15 15 62 100 31 38 70 
20 5 53 41 4 102 151 
56 69 4 81 98 53 33 
40 51 30 6 94 28 14 
72 28 50 73 65 28 189 
83 77 75 78 22 47 145 
13 7 18 22 99 17 8 
101 102 30 57 93 23 152 
66 34 96 40 11 30 99 
79 4 70 41 76 83 151 
94 30 5 78 7 46 56 
47 14 86 97 14 5 144 
28 22 18 73 7 20 36 
45 82 41 13 19 25 71 
4 50 83 25 35 31 17 
73 27 81 88 79 50 40 
22 12 45 99 28 80 105 
84 55 70 71 65 59 101 
51 66 67 90 23 95 88 
66 5 74 80 75 65 113 
97 39 88 30 73 100 48 
72 98 15 94 47 85 42 
98 15 56 72 75 60 48 
63 15 100 57 57 78 116 
9 73 21 54 16 98 178 
18 85 43 95 60 28 161 
70 54 98 78 11 25 139 
93 20 10 2 7 34 70 
25 90 75 18 24 69 129 
27 96 41 33 90 35 164 
32 15 80 16 35 46 191 
64 3 81 47 56 90 34 
54 13 54 12 65 56 188 
97 69 79 39 61 18 88 
60 59 48 24 92 90 124 
7 32 88 74 91 42 127 
89 96 72 70 80 49 149 
85 89 23 26 81 90 73 
48 3 80 75 30 53 10 
46 35 26 66 3 57 98 
83 68 39 77 15 33 18 
75 8 71 83 71 71 152 
72 27 100 13 2 27 121 
32 10 101 63 91 60 88 
63 49 7 80 94 28 7 
23 86 52 68 59 29 149 
96 11 94 61 84 32 152 
11 28 55 2 32 90 106 
60 41 16 26 75 68 26 
62 66 5 79 46 74 100 
43 50 47 45 100 88 73 
102 8 4 9 30 70 108 
23 54 79 63 39 53 130 
47 38 44 86 64 63 72 
47 91 84 40 60 28 139 
80 9 59 34 4 18 120 
34 14 19 47 100 62 81 
14 28 18 9 23 87 196 
14 5 61 38 27 3 113 
19 22 71 72 44 87 88 
47 22 31 37 37 7 27 
26 27 41 66 3 98 68 
65 68 34 39 42 74 136 
6 100 98 79 18 5 33 
95 49 77 57 77 98 138 
8 89 73 88 82 85 180 
80 22 74 26 7 24 112 
55 40 35 4 15 78 84 
23 35 61 22 4 99 65 
80 66 10 28 101 67 116 
81 62 53 63 90 80 54 
80 26 55 13 83 63 81 
12 44 56 64 22 29 174 
56 15 68 80 88 59 3 
59 66 100 8 59 100 151 
80 84 43 27 100 17 89 
11 8 11 23 38 94 140 
23 57 67 81 41 74 53 
50 87 84 4 24 27 45 
62 57 7 26 65 67 67 
63 14 39 24 14 44 93 
8 59 60 52 67 34 74 
11 35 28 20 28 51 62 
98 61 25 78 92 24 101 
53 6 98 75 29 38 124 
44 30 60 29 32 82 85 
30 27 54 59 95 88 105 
24 81 8 39 19 4 132 
56 16 47 24 22 98 114 
56 63 78 40 98 77 136 
7 71 94 98 70 91 141 
36 73 21 99 38 100 61 
27 92 38 12 36 98 181 
16 14 7 12 86 88 152 
66 78 22 99 13 87 36 
12 16 43 51 15 98 42 
45 28 27 86 100 28 60 
73 42 29 64 81 80 186 
58 89 89 86 5 96 144 
96 102 101 27 15 15 31 
78 98 64 23 2 71 145 
88 81 27 88 62 47 189 
38 94 38 34 9 28 111 
30 56 67 13 3 52 100 
28 28 61 87 15 16 195 
47 68 43 80 11 22 145 
9 63 100 45 51 80 120 
10 65 95 8 89 62 99 
44 99 12 101 21 24 122 
55 68 3 49 33 99 187 
28 97 56 101 8 85 44 
94 69 70 55 74 92 40 
65 68 81 29 56 50 7 
71 33 81 91 100 13 112 
97 99 98 20 83 69 167 
70 41 10 83 79 29 102 
32 44 48 49 34 43 184 
102 24 22 79 51 91 118 
67 76 11 10 74 68 198 
72 74 37 93 25 39 194 
29 74 48 79 22 55 80 
90 35 44 68 73 66 196 
77 78 43 33 81 26 9 
67 100 75 7 63 55 124 
73 14 58 11 5 97 148 
52 76 2 31 38 21 156 
43 69 44 4 4 3 193 
98 96 62 46 15 94 127 
75 75 74 61 2 81 38 
23 88 58 69 72 25 53 
4 42 4 45 8 29 51 
33 32 5 61 54 68 153 
19 97 67 92 5 13 157 
4 30 72 37 42 61 42 
83 88 36 34 80 71 192 
56 60 3 10 67 40 87 
44 71 2 51 15 45 10 
93 94 79 69 15 50 204 
14 34 10 68 70 6 103 
47 71 29 76 98 83 131 
39 65 84 40 75 37 122 
61 72 88 29 18 18 185 
96 59 67 67 23 96 86 
29 96 44 99 35 94 199 
3 75 77 18 64 42 111 
30 97 31 42 15 42 110 
64 24 40 54 90 61 104 
13 64 11 77 89 24 23 
72 42 43 41 44 64 120 
99 13 13 56 78 39 135 
64 38 27 10 56 90 132 
74 6 47 47 35 49 182 
13 68 44 77 20 45 120 
57 90 3 73 80 97 134 
13 30 100 14 25 86 101 
28 86 69 35 36 48 200 
39 98 96 11 16 71 175 
47 71 81 60 95 9 17 
50 26 39 77 95 101 126 
78 48 35 13 65 42 175 
85 77 44 85 99 63 38 
94 8 64 66 28 82 135 
60 21 56 31 79 44 159 
61 32 60 43 48 39 124 
52 63 100 53 31 102 127 
96 40 77 98 49 92 115 
20 77 13 70 22 97 38 
29 81 83 88 100 10 49 
47 85 44 53 26 59 86 
47 66 15 98 82 6 131 
84 80 35 32 54 24 85 
58 49 76 29 44 45 49 
84 19 67 33 94 41 103 
56 36 47 25 34 16 150 
13 101 73 42 93 56 94 
3 50 58 49 88 84 182 
38 70 26 84 16 21 129 
49 49 67 90 67 16 57 
47 90 9 21 10 70 92 
50 4 89 52 91 80 167 
71 12 86 8 59 63 38 
67 23 43 20 98 12 132 
54 8 54 28 42 20 115 
62 50 29 80 16 46 180 
68 39 34 27 43 83 159 
39 83 84 10 55 11 163 
69 68 3 14 60 82 197 
98 37 26 52 61 28 20 
63 59 30 45 18 32 203 
86 11 95 56 31 89 31 
27 72 20 88 11 78 190 
84 28 68 58 66 93 143 
4 10 77 84 58 71 156 
26 56 67 39 82 82 170 
59 10 60 31 95 85 145 
67 8 65 53 52 18 162 
33 64 89 54 40 32 167 
3 20 75 75 20 40 5 
18 55 51 31 98 12 52 
20 10 29 73 11 101 77 
4 14 33 8 55 99 188 
95 81 87 43 52 4 115 
92 87 58 77 47 71 102 
55 16 24 55 8 57 30 
56 62 83 32 32 47 204 
8 44 69 67 43 11 49 
76 66 90 48 10 71 58 
25 73 98 66 32 89 99 
99 11 55 49 44 80 81 
21 6 14 22 59 58 171 
45 92 12 6 61 29 162 
52 36 9 99 88 88 63 
91 87 68 102 59 54 20 
34 16 20 100 33 86 114 
62 78 28 53 15 46 163 
83 88 62 73 63 71 98 
77 48 52 59 94 11 62 
20 48 22 102 6 77 25 
78 94 7 30 44 26 183 
