4 1
250
41 49 10 73 53 
48 74 67 36 113 
55 59 37 56 169 
67 46 38 77 9 
41 72 58 45 201 
49 70 50 67 124 
74 60 57 11 99 
28 6 87 83 203 
23 69 59 22 148 
90 77 65 93 110 
82 16 61 21 36 
70 92 67 74 161 
80 26 102 76 170 
97 4 28 8 116 
63 60 56 77 169 
74 15 38 73 24 
74 6 59 14 164 
60 101 38 94 163 
38 41 15 5 45 
99 69 85 39 157 
88 51 60 37 190 
24 61 85 38 93 
57 57 96 63 15 
76 69 90 96 53 
98 68 36 28 44 
23 47 53 56 175 
7 32 101 96 52 
25 49 24 21 120 
100 18 2 49 52 
83 47 54 98 98 
32 81 91 14 165 
22 17 34 16 147 
79 10 31 53 83 
26 58 101 38 171 
29 47 72 38 57 
82 68 89 3 82 
78 95 57 9 114 
28 44 89 16 11 
10 17 10 49 167 
92 89 51 9 3 
27 48 18 15 42 
87 11 55 86 3 
57 30 32 77 195 
86 55 25 97 31 
85 71 88 33 155 
14 38 25 56 76 
95 18 82 3 31 
32 78 44 89 143 
19 91 5 15 103 
82 87 36 54 198 
40 66 56 94 38 
59 62 87 39 17 
51 89 100 50 17 
41 51 31 62 135 
10 12 38 27 200 
95 68 75 84 196 
29 5 73 59 202 
31 64 90 85 118 
72 93 7 81 44 
32 93 57 7 25 
33 58 75 88 182 
29 30 31 96 52 
93 89 5 43 164 
48 17 43 51 161 
79 63 48 5 196 
19 7 59 6 139 
4 13 70 72 133 
74 32 87 70 147 
3 35 95 61 137 
84 90 66 101 153 
17 52 8 29 72 
72 12 72 92 149 
24 73 27 28 48 
82 22 35 78 19 
18 32 75 79 159 
46 70 89 38 29 
31 43 60 31 110 
53 7 43 37 194 
63 62 97 98 103 
31 10 69 38 179 
64 57 90 92 120 
86 80 31 51 186 
4 25 36 78 91 
83 15 98 75 146 
76 81 100 83 98 
59 37 79 29 100 
38 3 53 50 105 
76 56 70 73 141 
76 78 94 46 190 
40 27 21 54 142 
18 14 96 67 28 
85 59 8 45 6 
51 3 4 2 113 
3 75 88 27 144 
29 48 27 6 199 
100 89 55 90 22 
33 18 28 60 68 
26 10 88 37 139 
19 49 27 71 41 
75 76 93 91 188 
67 41 96 83 87 
72 89 91 69 32 
98 6 20 35 145 
35 77 46 70 66 
95 89 53 60 111 
82 23 58 87 51 
26 98 66 98 92 
94 25 46 18 128 
38 20 21 22 146 
15 31 93 100 176 
100 33 26 60 201 
81 90 38 29 128 
51 33 6 45 185 
3 42 23 91 161 
13 33 30 8 195 
77 70 33 88 84 
53 32 61 101 55 
95 74 8 100 136 
6 89 19 56 29 
7 16 78 32 145 
75 10 5 21 155 
69 5 20 64 49 
13 60 52 89 26 
21 74 7 19 199 
31 35 25 25 153 
26 16 76 94 184 
63 94 3 18 138 
45 30 42 25 121 
92 56 46 77 114 
48 39 32 44 193 
35 11 61 34 87 
42 86 82 46 107 
56 32 28 74 128 
21 59 36 21 141 
93 35 84 60 17 
76 91 51 69 60 
88 85 33 100 118 
54 35 71 76 57 
60 49 97 73 13 
62 31 74 15 76 
91 6 13 75 9 
102 29 3 26 139 
53 38 15 17 135 
72 100 30 17 22 
88 90 62 94 23 
46 39 13 55 98 
48 20 38 33 81 
85 74 60 96 118 
28 34 47 8 156 
25 37 82 8 72 
64 3 59 5 104 
4 45 21 65 122 
65 18 51 79 47 
35 102 84 78 170 
100 42 36 59 172 
56 45 57 18 179 
11 59 7 20 174 
47 63 35 82 78 
41 55 97 37 194 
12 85 70 85 89 
25 55 6 25 76 
24 69 101 21 196 
60 91 5 77 104 
7 12 33 94 159 
74 68 4 40 90 
48 47 101 64 152 
73 78 73 75 132 
59 55 85 83 130 
80 64 17 86 162 
53 51 22 86 183 
101 54 78 8 146 
59 53 68 81 185 
79 70 39 46 53 
85 19 33 13 191 
54 30 51 31 203 
12 54 20 61 190 
98 27 17 75 154 
21 2 68 3 18 
8 90 6 93 176 
12 27 73 61 197 
35 21 11 93 78 
74 5 49 8 126 
7 35 9 88 193 
54 55 66 71 15 
85 54 32 5 179 
66 26 61 44 182 
87 83 61 65 123 
80 18 26 37 9 
18 55 61 42 8 
75 83 20 98 72 
60 63 4 55 30 
83 91 8 5 150 
50 46 6 19 157 
26 76 46 28 36 
37 30 31 68 185 
32 94 92 102 32 
85 7 65 10 66 
26 82 8 51 161 
91 12 24 64 113 
73 51 44 65 163 
101 39 94 81 202 
31 34 38 64 172 
91 101 9 90 184 
45 84 99 87 109 
46 70 97 49 59 
27 9 69 13 41 
83 52 29 22 35 
48 15 85 11 7 
94 46 46 66 184 
92 5 36 73 27 
92 54 59 12 74 
33 44 47 53 151 
24 67 27 44 9 
41 74 89 74 92 
31 100 90 85 126 
2 26 33 59 80 
24 75 98 100 62 
31 95 19 86 175 
6 70 35 37 164 
29 21 4 63 106 
20 19 64 29 170 
93 66 76 50 74 
9 13 90 14 107 
51 71 29 14 153 
48 56 4 88 84 
63 68 55 5 72 
83 23 72 8 43 
7 13 71 17 80 
66 21 71 50 160 
95 82 22 85 64 
60 93 92 88 13 
66 16 78 88 46 
28 13 73 16 112 
88 43 84 94 97 
40 101 14 76 23 
29 87 56 10 98 
83 47 73 74 157 
92 34 86 102 117 
93 37 85 95 28 
55 49 58 96 189 
54 100 31 38 189 
61 81 18 78 161 
81 62 70 41 83 
82 43 101 39 132 
56 59 84 37 115 
5 19 21 63 117 
82 32 62 17 196 
86 18 37 81 38 
13 18 10 23 160 
33 69 46 55 68 
