6 1
250
10 12 69 6 34 69 133 
26 20 78 12 86 66 113 
100 72 92 46 76 24 96 
35 72 52 82 41 4 191 
85 36 75 47 47 89 157 
32 56 72 61 16 99 152 
34 2 75 23 90 16 24 
11 52 25 44 83 4 153 
41 19 26 95 66 73 83 
86 4 67 40 78 80 139 
18 22 86 62 28 74 4 
72 80 61 52 91 85 153 
85 53 5 66 87 4 186 
39 48 68 52 27 36 98 
100 9 85 14 37 45 190 
32 41 84 57 32 76 142 
41 68 45 77 91 67 4 
54 64 76 93 78 79 161 
77 21 12 2 40 56 147 
72 78 40 56 42 84 109 
14 24 11 57 30 24 200 
82 25 77 39 71 48 96 
48 11 23 61 68 16 115 
22 74 57 94 22 99 141 
92 7 24 51 85 50 82 
42 67 39 50 57 83 194 
98 37 65 71 10 27 52 
69 19 97 76 70 99 188 
52 56 65 11 26 31 183 
19 55 90 87 100 9 14 
46 86 13 13 35 63 51 
39 94 25 14 74 46 48 
90 29 77 18 53 49 184 
13 76 41 33 54 7 161 
84 77 86 11 20 21 50 
36 86 65 36 38 70 28 
64 42 98 54 87 69 61 
29 16 72 50 62 17 68 
12 73 82 84 58 47 113 
19 41 5 56 27 101 112 
44 13 84 16 81 79 101 
36 45 80 69 41 51 114 
63 16 64 60 6 93 50 
15 85 54 83 25 60 94 
3 95 100 62 70 77 172 
4 90 35 82 40 86 155 
30 4 17 19 98 101 114 
27 43 98 24 10 33 61 
30 31 36 59 21 5 68 
52 83 9 73 77 73 121 
28 31 80 67 10 50 173 
83 39 65 29 61 92 157 
54 4 40 62 46 57 152 
61 101 26 22 82 45 161 
23 10 48 23 30 98 201 
15 20 58 2 85 47 97 
94 72 32 62 15 58 199 
81 71 13 33 18 87 138 
31 56 48 30 7 8 123 
31 19 8 33 96 80 82 
86 84 61 63 12 29 138 
31 96 62 69 88 83 88 
42 37 92 14 14 33 170 
66 13 75 80 41 89 128 
55 26 31 21 80 60 194 
89 54 72 8 59 2 3 
62 88 63 21 27 19 183 
84 17 21 84 49 58 41 
73 89 86 74 42 7 155 
71 33 49 10 25 50 109 
85 23 8 56 33 85 10 
27 14 61 16 72 75 145 
11 12 39 34 4 78 33 
67 88 36 20 97 27 186 
57 15 13 4 72 39 203 
96 15 30 17 75 17 95 
77 27 60 72 34 7 123 
23 12 78 23 74 39 38 
37 74 39 38 60 15 143 
100 50 14 3 38 73 32 
99 11 18 31 62 71 183 
63 78 50 65 22 33 70 
5 37 83 100 101 84 122 
43 94 81 17 5 78 157 
79 48 71 98 35 47 50 
4 62 94 13 70 30 151 
98 91 75 40 84 38 195 
16 33 5 38 92 58 116 
19 39 16 60 95 15 173 
32 81 69 89 88 12 5 
77 91 88 33 56 87 92 
5 8 80 23 42 84 129 
17 68 62 45 92 69 172 
24 80 56 77 17 92 136 
12 8 53 98 28 96 80 
44 18 7 38 72 14 32 
33 38 39 55 33 23 32 
14 9 46 98 44 19 108 
13 35 58 40 98 80 189 
102 29 27 16 90 26 150 
52 57 9 21 57 72 187 
44 19 24 86 70 54 200 
102 9 102 86 79 88 65 
85 51 100 76 36 24 65 
11 14 41 46 99 44 127 
54 39 79 89 50 63 141 
18 37 56 30 28 96 2 
22 27 32 13 40 44 137 
8 11 47 23 49 62 68 
6 84 42 73 12 38 99 
72 25 99 31 27 64 138 
16 46 48 10 30 33 183 
90 11 35 61 101 97 94 
30 33 68 2 3 38 27 
54 16 59 18 60 54 102 
4 35 84 15 82 102 188 
67 101 15 22 31 45 35 
75 10 14 13 43 5 87 
94 33 31 27 28 57 127 
32 92 94 71 81 42 176 
78 53 48 22 98 55 129 
35 55 83 73 95 98 162 
8 46 7 20 51 10 22 
5 55 90 55 47 33 74 
11 23 52 52 5 32 198 
59 68 93 47 51 81 121 
80 50 55 35 61 85 49 
48 89 54 32 34 78 151 
100 60 69 53 25 29 50 
34 33 23 92 67 84 102 
80 16 75 2 30 53 52 
7 37 22 88 50 14 129 
36 100 23 73 56 26 122 
10 26 96 29 54 37 95 
19 34 46 96 3 76 140 
74 81 31 6 27 51 189 
25 49 67 77 17 63 199 
35 2 21 13 60 92 142 
92 80 75 78 18 81 180 
4 78 94 49 41 97 127 
21 93 69 31 77 69 174 
80 31 54 39 76 51 173 
34 27 84 44 86 101 169 
3 58 30 12 72 6 44 
73 75 30 78 68 38 30 
11 53 85 86 25 86 27 
52 23 41 43 32 5 144 
53 12 7 57 98 81 38 
37 42 21 6 64 66 16 
58 26 63 10 15 73 48 
76 102 61 62 16 72 106 
37 91 71 42 3 53 42 
65 25 23 72 58 98 151 
14 66 81 63 22 8 192 
99 80 35 19 35 49 157 
12 48 97 84 11 68 2 
53 52 66 63 15 89 188 
3 42 40 59 76 51 128 
38 81 101 96 67 60 78 
13 38 25 70 6 45 111 
80 28 90 49 32 76 124 
16 17 102 9 21 4 196 
40 97 62 61 100 16 151 
68 98 90 47 11 64 83 
17 43 95 12 46 40 49 
16 52 12 46 77 4 48 
66 101 89 48 58 44 150 
43 65 11 7 31 82 25 
33 2 4 23 13 22 202 
77 8 100 77 65 75 50 
47 53 16 25 14 53 6 
98 4 101 55 23 69 151 
80 86 6 17 60 14 170 
52 9 25 66 84 25 183 
95 91 72 95 71 51 195 
14 97 85 18 31 11 71 
101 5 71 92 55 27 197 
25 95 63 7 63 43 194 
45 93 61 33 30 15 9 
15 31 62 54 20 80 135 
91 24 100 31 5 51 106 
6 56 76 30 100 95 144 
98 12 90 10 11 3 141 
6 26 88 4 98 33 176 
77 10 40 38 49 33 70 
73 64 78 59 94 46 81 
39 87 4 31 22 35 36 
21 74 46 11 79 99 174 
100 14 29 9 20 67 62 
48 38 95 53 64 39 51 
49 14 53 19 59 32 137 
41 86 74 79 100 71 115 
38 96 29 72 36 51 151 
52 51 52 75 80 11 186 
51 11 80 60 98 95 146 
62 96 94 22 69 20 121 
31 57 32 23 98 76 22 
44 68 83 30 90 53 199 
65 2 46 81 23 78 184 
76 96 21 3 78 86 156 
102 37 52 70 32 17 45 
96 22 55 84 37 83 16 
46 99 32 11 44 76 198 
96 51 43 48 45 71 112 
63 13 22 22 91 36 87 
33 33 62 59 38 78 142 
82 93 99 88 96 85 64 
99 91 94 36 12 81 15 
88 11 24 90 48 69 69 
11 35 64 48 50 66 27 
68 72 53 8 100 29 30 
60 46 62 51 87 25 131 
24 29 87 81 57 38 93 
25 40 72 92 10 38 146 
60 37 42 48 21 20 65 
22 43 30 14 54 95 60 
67 64 41 63 46 71 177 
8 79 69 95 31 69 89 
33 84 18 92 93 45 203 
10 22 4 68 7 34 7 
88 59 69 5 45 18 118 
79 33 31 67 69 86 108 
61 75 55 92 53 90 181 
62 14 24 63 52 31 118 
43 38 96 41 39 86 41 
22 102 92 87 53 88 112 
52 89 27 26 60 49 102 
49 51 78 56 46 16 56 
47 46 44 95 89 2 74 
97 37 28 32 2 35 81 
75 65 7 102 5 36 20 
26 99 39 94 85 10 192 
89 20 87 95 72 95 152 
57 50 94 66 88 21 114 
55 101 95 60 15 13 152 
88 73 56 43 82 20 44 
49 7 3 6 94 44 17 
18 43 39 32 43 66 38 
17 15 38 19 17 56 146 
100 46 36 71 99 22 5 
49 33 54 92 77 56 19 
45 93 62 95 79 50 76 
60 58 30 75 48 59 145 
60 21 26 67 66 51 101 
63 70 37 97 24 8 142 
12 87 42 68 13 11 149 
24 77 26 40 8 37 82 
90 7 99 53 65 33 181 
14 30 28 13 6 61 166 
25 27 100 57 43 69 99 
