2 1
250
7 25 159 
82 65 103 
21 84 98 
24 25 51 
64 19 116 
26 43 191 
23 42 103 
44 68 112 
83 97 123 
102 50 90 
61 74 165 
21 97 38 
101 17 129 
16 27 99 
37 45 167 
25 101 65 
55 88 21 
50 41 146 
2 65 118 
26 101 139 
92 21 71 
6 65 105 
45 45 46 
40 27 54 
33 8 33 
4 9 47 
75 59 197 
31 49 128 
36 13 69 
12 21 66 
63 77 35 
97 26 14 
16 33 165 
33 82 116 
11 17 125 
85 19 68 
58 100 115 
37 53 86 
73 64 148 
74 72 106 
20 36 50 
92 80 102 
12 37 169 
11 90 157 
44 44 158 
42 21 67 
3 53 192 
2 56 44 
78 27 51 
77 26 127 
35 44 125 
31 15 95 
35 21 76 
13 76 168 
52 49 22 
81 95 21 
66 34 88 
42 72 40 
59 20 164 
5 16 108 
28 37 25 
23 78 95 
18 15 61 
33 9 2 
97 92 158 
14 52 16 
13 99 67 
17 13 188 
21 95 147 
44 74 193 
68 32 12 
86 88 80 
73 32 145 
66 66 165 
82 35 53 
44 47 165 
44 47 140 
75 94 37 
22 13 51 
21 3 169 
76 76 85 
36 67 156 
97 13 10 
41 43 43 
38 49 69 
53 36 159 
69 79 99 
93 2 56 
29 95 79 
90 66 153 
16 54 59 
90 91 183 
42 48 139 
51 49 71 
78 5 10 
50 39 93 
86 71 156 
49 54 51 
37 85 151 
16 10 148 
40 9 97 
31 26 183 
94 50 118 
45 13 181 
12 20 62 
16 17 198 
25 81 114 
95 5 194 
101 70 203 
6 55 15 
18 28 79 
98 12 83 
89 49 161 
16 58 183 
90 43 118 
90 38 70 
97 23 140 
79 93 61 
19 47 11 
54 33 117 
92 90 192 
53 29 176 
53 17 18 
92 28 139 
20 11 48 
68 7 127 
39 13 65 
68 11 68 
40 41 71 
11 81 134 
38 38 35 
24 26 138 
97 38 30 
74 39 46 
27 7 193 
2 61 169 
9 53 82 
44 16 42 
28 26 163 
64 15 180 
54 44 74 
45 56 185 
54 98 174 
57 73 141 
50 68 151 
11 43 9 
40 40 164 
54 4 59 
27 95 45 
99 98 2 
90 36 49 
28 22 194 
88 84 105 
6 51 129 
99 53 163 
73 96 100 
48 18 170 
78 26 154 
10 2 82 
9 20 125 
71 57 203 
87 70 77 
48 24 95 
81 25 120 
55 36 182 
19 56 105 
51 56 202 
75 53 164 
19 14 21 
50 20 42 
57 81 133 
92 37 191 
65 15 171 
45 27 148 
5 69 191 
27 25 184 
88 92 95 
91 61 130 
64 98 11 
22 70 114 
29 99 9 
28 25 90 
96 64 202 
97 56 86 
69 8 61 
29 72 170 
89 94 181 
21 64 58 
76 69 44 
4 31 80 
91 46 92 
30 17 58 
71 78 92 
52 33 125 
93 93 75 
7 23 109 
36 37 54 
23 35 154 
69 10 74 
78 55 116 
25 94 70 
62 8 23 
99 41 184 
3 60 192 
41 39 126 
29 30 144 
94 71 94 
70 69 191 
15 70 23 
71 63 17 
94 95 50 
90 29 81 
30 33 174 
28 10 168 
65 35 159 
34 85 196 
16 42 164 
67 86 171 
13 57 52 
42 49 79 
2 30 160 
85 11 132 
72 53 23 
24 102 197 
87 68 126 
65 7 71 
18 83 174 
17 57 45 
29 29 20 
42 79 146 
16 90 172 
49 28 164 
6 82 51 
15 64 66 
88 94 82 
85 82 39 
24 50 103 
92 26 134 
55 88 148 
59 57 167 
57 32 151 
41 10 26 
14 40 83 
83 61 53 
12 5 42 
55 31 130 
84 46 97 
93 20 60 
23 26 132 
21 96 83 
