8 1
250
67 26 87 18 40 25 7 44 158 
55 96 2 81 45 66 50 3 137 
89 21 87 38 58 4 66 60 155 
15 48 87 24 26 21 34 37 60 
12 36 94 65 5 48 89 101 13 
65 66 31 33 14 44 14 67 89 
8 31 70 85 55 82 49 94 197 
94 33 73 83 49 10 38 41 138 
77 26 18 40 51 59 98 3 191 
48 84 36 45 12 61 78 29 13 
63 29 83 14 18 13 52 97 140 
37 83 20 23 97 75 77 39 85 
29 69 82 13 88 54 88 3 22 
65 51 24 14 7 22 5 77 26 
88 65 10 7 91 56 91 64 42 
78 28 89 62 70 75 19 51 121 
28 52 42 32 27 17 3 89 95 
49 25 78 100 20 22 63 91 151 
35 24 81 28 24 27 34 13 153 
25 5 83 51 97 58 63 79 52 
74 58 40 95 7 4 10 44 81 
45 80 9 69 101 81 101 87 58 
82 102 29 17 99 17 42 80 171 
67 100 30 23 39 43 97 92 68 
38 41 19 79 20 82 88 91 68 
70 58 6 4 52 12 30 83 159 
99 58 61 25 55 29 20 45 92 
13 25 43 68 73 11 48 66 94 
13 5 84 49 32 11 84 75 46 
82 65 50 20 94 59 65 100 69 
76 14 88 92 61 76 38 77 136 
94 3 87 97 58 88 66 19 158 
98 52 29 52 43 82 8 40 164 
99 95 32 86 5 76 78 75 106 
61 23 46 10 14 57 44 92 147 
39 87 9 64 56 77 81 70 98 
9 25 73 8 86 23 96 41 167 
38 10 100 13 21 85 37 8 196 
35 90 41 74 10 54 11 71 109 
75 37 41 57 7 37 28 71 102 
82 55 39 25 16 75 75 8 168 
76 28 68 26 29 50 81 48 163 
11 37 17 21 100 17 70 23 10 
45 83 5 65 87 52 36 56 109 
61 13 76 68 100 4 72 37 89 
89 51 10 93 78 61 58 19 70 
36 63 57 24 56 95 71 32 53 
81 13 42 18 93 74 97 22 72 
7 45 39 15 52 65 75 83 148 
98 54 7 45 9 70 19 101 191 
100 39 59 84 99 70 79 92 51 
4 74 60 38 98 58 27 53 151 
98 23 13 94 51 75 23 75 161 
22 38 7 74 101 94 81 99 171 
80 25 48 71 38 61 41 72 21 
16 61 58 51 21 58 97 22 159 
84 8 89 85 63 26 91 59 111 
22 32 75 68 59 101 75 48 58 
30 29 87 54 56 81 66 9 29 
25 74 20 51 79 81 16 99 187 
98 97 65 23 82 81 7 21 83 
39 50 4 59 78 74 30 68 190 
95 32 54 10 22 56 13 68 174 
39 72 55 96 55 62 9 78 106 
67 9 49 8 49 37 41 29 121 
13 68 97 47 23 13 88 23 138 
42 90 77 11 13 16 96 71 100 
89 45 97 44 52 102 22 65 122 
48 88 85 19 70 95 97 101 204 
92 93 51 44 10 34 95 69 180 
79 58 98 35 15 80 88 54 171 
66 71 18 98 27 60 53 42 73 
86 25 22 84 16 13 16 6 159 
101 47 37 65 51 84 14 46 15 
65 14 75 7 33 18 12 33 63 
85 96 68 93 92 70 99 11 92 
70 97 45 87 21 11 2 89 17 
51 3 22 36 86 83 54 90 58 
64 80 94 6 74 85 83 33 21 
14 10 57 68 69 41 40 46 101 
66 80 95 66 7 46 11 63 63 
12 51 13 87 42 4 42 37 65 
55 66 25 62 6 90 102 91 162 
55 85 36 83 99 42 34 90 23 
37 99 75 50 97 13 54 73 167 
101 29 70 54 28 34 10 87 163 
28 6 76 7 67 19 67 58 160 
98 31 55 73 55 54 94 8 78 
60 6 71 14 10 35 8 3 127 
13 3 59 5 75 13 62 9 172 
39 32 35 58 86 42 35 59 88 
31 30 76 18 62 22 96 52 166 
13 15 98 43 101 66 57 56 114 
24 95 58 43 12 48 70 58 156 
7 4 22 31 82 53 92 79 148 
90 96 42 39 11 24 32 51 190 
90 98 33 71 3 32 86 13 130 
89 90 20 29 51 6 46 91 100 
63 84 36 47 52 23 93 69 123 
17 87 87 36 13 63 55 81 123 
47 38 3 93 47 71 90 6 182 
57 63 47 38 95 21 76 72 139 
62 46 48 12 79 37 72 72 55 
81 55 79 59 76 71 47 101 110 
50 72 39 67 59 48 34 39 14 
16 81 94 68 62 43 95 96 74 
16 37 61 68 23 77 45 11 105 
14 100 88 78 93 96 68 28 2 
33 97 89 101 80 42 31 58 186 
36 15 94 38 66 83 36 33 131 
97 84 51 64 24 50 97 22 81 
21 40 89 100 102 36 43 65 202 
51 17 59 20 39 67 86 11 196 
61 78 36 8 45 63 32 73 91 
53 71 74 41 6 60 3 11 38 
5 38 15 60 98 3 84 86 34 
9 78 46 86 80 16 54 38 91 
7 16 98 29 70 31 92 92 191 
29 12 12 101 19 30 49 83 148 
85 2 82 35 26 60 46 25 193 
102 69 93 61 89 70 16 98 196 
24 79 70 87 70 8 9 57 151 
8 10 62 18 39 99 43 72 75 
67 74 92 39 84 46 36 92 49 
4 70 26 45 87 23 34 27 11 
6 100 34 76 28 71 86 41 33 
37 86 31 97 19 19 34 52 51 
8 87 96 26 52 80 85 7 179 
52 65 25 41 86 15 95 39 147 
6 93 49 23 55 46 31 101 15 
96 10 52 9 13 37 99 28 83 
12 82 50 56 93 22 83 36 156 
94 98 102 19 4 82 47 30 120 
79 87 33 53 97 53 74 91 198 
39 45 54 90 45 60 75 84 117 
26 52 2 28 42 21 69 39 9 
9 79 8 72 64 85 78 21 84 
10 62 87 99 84 4 25 46 185 
27 6 55 43 46 21 25 23 160 
60 53 48 14 85 60 49 67 26 
93 69 84 70 14 25 20 66 48 
74 29 69 101 5 97 31 45 69 
52 67 36 88 49 42 7 20 139 
97 98 78 29 51 19 92 34 159 
11 58 94 32 26 81 98 53 193 
13 62 50 53 85 42 27 99 203 
80 7 21 43 65 96 58 25 139 
49 47 80 52 11 73 19 21 177 
43 22 44 56 92 98 48 96 120 
22 46 15 38 4 54 20 14 56 
60 70 95 100 76 3 13 52 15 
19 63 53 79 35 66 56 85 158 
60 26 17 25 98 72 37 38 162 
57 13 45 28 34 99 46 61 106 
96 45 48 43 45 42 92 31 69 
10 45 13 51 84 21 76 62 179 
14 37 74 25 65 40 24 58 81 
66 93 30 55 35 76 15 62 83 
34 19 83 77 36 68 39 30 191 
70 8 31 26 53 75 12 34 51 
81 72 82 10 21 89 3 28 80 
7 56 12 38 38 24 81 45 88 
9 39 3 8 89 37 47 56 103 
12 42 41 58 46 3 52 36 184 
62 26 100 96 76 10 30 34 150 
86 34 72 9 47 11 33 5 193 
25 75 86 47 65 67 39 93 176 
101 51 12 11 88 4 34 21 40 
46 15 66 96 80 57 64 63 46 
82 5 97 33 27 43 8 29 125 
8 16 63 35 60 85 23 30 170 
65 76 48 71 77 28 92 88 184 
33 31 97 31 86 4 46 59 178 
94 71 26 71 6 61 43 28 12 
60 13 57 83 75 52 74 100 177 
78 13 30 71 43 41 53 77 201 
68 79 32 61 91 3 98 32 122 
61 96 73 89 30 52 23 34 154 
37 52 58 47 59 88 18 70 95 
61 25 30 87 20 31 62 76 100 
77 101 24 56 87 45 92 14 11 
17 92 85 80 50 11 65 18 51 
44 24 22 47 45 23 57 39 15 
34 76 78 44 28 55 3 49 67 
55 82 68 15 57 47 83 2 160 
65 83 77 21 24 4 7 20 109 
30 32 58 3 102 50 38 61 79 
30 75 65 32 79 3 79 12 74 
61 31 69 77 66 45 45 94 114 
33 15 54 76 40 10 2 75 36 
78 54 83 19 79 98 9 55 56 
17 34 6 76 44 14 68 48 182 
88 56 68 16 59 10 95 7 94 
88 56 38 57 32 6 86 3 119 
57 43 54 73 70 13 18 31 122 
54 59 73 43 11 94 21 17 41 
52 65 97 75 27 74 52 23 202 
93 61 5 2 92 43 56 12 11 
39 17 88 57 100 31 50 43 99 
76 47 47 46 39 17 86 36 80 
65 85 19 82 23 49 14 27 142 
59 54 69 33 89 100 89 84 204 
36 97 67 68 26 86 26 78 155 
56 49 25 90 18 58 4 92 58 
90 58 96 41 45 75 62 94 182 
83 46 60 49 59 57 17 53 80 
76 99 61 35 59 46 73 60 159 
49 71 38 13 30 99 73 101 53 
8 97 54 94 8 34 97 45 68 
20 9 92 70 75 67 19 31 190 
71 57 102 52 69 87 97 15 48 
55 72 18 63 78 60 31 11 114 
89 83 93 29 40 16 14 56 106 
90 81 98 73 96 101 6 4 90 
28 58 30 69 99 95 11 44 150 
19 58 33 34 41 65 11 32 98 
4 44 20 88 40 16 36 9 71 
28 84 78 18 60 76 17 5 110 
30 22 86 100 19 98 43 97 199 
23 58 42 35 64 66 54 3 123 
28 42 20 16 35 92 61 85 123 
100 3 101 59 19 37 12 84 23 
65 7 27 23 47 45 18 15 104 
96 95 22 14 66 58 16 91 130 
38 15 89 96 41 36 38 45 192 
101 65 42 7 25 82 55 91 197 
37 7 97 77 100 22 42 66 183 
42 88 38 44 45 30 74 76 140 
25 71 68 93 87 4 51 20 102 
13 92 72 42 60 77 62 81 172 
70 63 18 68 56 76 47 99 118 
60 58 22 14 35 51 14 32 41 
32 46 22 95 28 82 73 31 153 
21 102 29 63 84 66 46 6 28 
55 59 17 94 48 90 47 93 126 
31 101 59 23 30 30 58 32 73 
66 77 37 37 98 27 102 27 198 
32 99 76 58 70 31 38 61 149 
6 40 100 34 50 37 21 43 63 
19 101 73 101 7 55 31 81 59 
80 19 63 92 94 23 93 17 193 
89 75 33 30 86 71 57 54 186 
40 35 29 3 18 56 97 84 55 
28 33 94 23 29 91 3 61 87 
14 16 48 78 43 35 42 34 140 
101 91 17 5 46 56 64 93 96 
3 79 3 9 98 12 97 67 172 
5 68 47 44 30 27 29 46 77 
47 63 94 96 63 87 88 97 191 
14 25 89 40 62 38 44 2 168 
