2 1
250
67 12 160 
61 53 10 
65 32 143 
96 4 53 
56 17 109 
27 6 84 
63 79 143 
38 76 133 
65 71 143 
63 84 167 
95 4 156 
91 45 140 
64 14 55 
39 42 104 
38 81 86 
43 101 175 
58 32 13 
20 54 28 
54 31 74 
16 98 168 
36 4 97 
90 3 204 
51 67 149 
86 66 189 
16 26 75 
22 2 194 
25 25 142 
86 7 108 
78 77 104 
66 39 29 
35 50 34 
46 5 80 
5 50 159 
44 94 71 
15 74 136 
15 5 58 
78 35 61 
42 92 150 
15 52 198 
96 14 54 
51 87 59 
61 54 34 
78 72 45 
100 18 108 
20 83 65 
37 73 69 
88 65 148 
25 89 10 
87 94 118 
45 33 109 
43 11 74 
54 94 14 
8 56 43 
52 39 68 
8 80 35 
79 25 20 
44 79 160 
66 10 101 
56 28 200 
27 77 121 
60 35 81 
70 59 17 
19 68 182 
27 32 38 
15 38 54 
42 19 20 
89 10 143 
50 3 111 
77 79 3 
89 100 135 
10 83 162 
63 94 9 
95 40 46 
11 62 117 
22 19 98 
63 54 147 
25 16 22 
91 39 137 
91 12 68 
87 96 164 
9 32 139 
25 19 100 
41 54 91 
24 48 161 
89 81 99 
15 30 171 
8 16 53 
31 65 171 
58 21 91 
15 74 168 
73 10 91 
44 4 62 
91 99 2 
101 24 204 
30 3 140 
33 4 120 
21 79 166 
51 81 164 
57 80 137 
86 69 201 
6 28 164 
64 53 78 
36 47 157 
20 26 66 
86 9 187 
27 3 128 
18 27 35 
87 96 194 
3 25 61 
66 89 50 
65 6 62 
4 97 196 
22 67 102 
32 99 117 
84 2 108 
52 67 148 
90 31 157 
6 71 88 
84 21 67 
87 64 60 
11 72 120 
55 57 42 
4 84 26 
98 8 74 
15 87 58 
61 5 191 
45 53 119 
59 78 119 
49 61 74 
90 21 156 
66 37 10 
23 24 56 
100 31 93 
35 50 168 
63 95 50 
43 94 170 
17 25 34 
41 44 24 
73 54 193 
3 8 197 
86 16 129 
38 34 145 
34 94 131 
3 63 152 
50 12 7 
78 98 170 
36 8 137 
55 75 197 
62 27 188 
95 52 143 
34 100 49 
50 51 71 
21 27 126 
55 11 2 
22 16 127 
44 92 68 
10 97 114 
13 69 204 
32 33 85 
68 77 14 
81 41 85 
96 71 130 
53 2 126 
70 58 146 
24 83 197 
69 35 122 
37 21 73 
62 87 114 
16 23 64 
26 21 37 
95 55 102 
57 76 145 
61 28 93 
100 93 184 
73 43 81 
86 91 175 
6 65 201 
84 34 117 
73 21 111 
88 81 98 
34 29 167 
46 77 9 
24 69 16 
27 9 16 
17 39 58 
47 91 91 
18 32 66 
47 22 114 
21 14 45 
95 86 114 
19 75 96 
99 68 131 
11 29 135 
38 65 47 
80 80 115 
94 69 194 
31 28 63 
12 72 102 
18 89 16 
28 27 129 
84 31 169 
54 10 71 
63 19 145 
66 39 126 
80 82 138 
11 69 87 
102 29 93 
28 66 120 
27 10 9 
99 84 161 
59 85 7 
5 56 70 
42 29 143 
24 33 102 
26 67 182 
71 33 182 
84 8 42 
67 28 199 
20 57 133 
26 29 3 
32 66 75 
94 9 111 
61 77 56 
36 72 84 
74 80 197 
97 4 202 
72 58 156 
17 17 154 
61 93 115 
7 87 201 
71 18 204 
71 93 138 
16 34 119 
37 12 116 
64 51 76 
82 95 100 
3 24 109 
68 57 145 
27 18 101 
63 35 34 
100 56 183 
30 67 111 
42 5 178 
31 84 144 
43 37 95 
22 54 135 
40 81 200 
10 6 129 
47 5 125 
31 47 154 
