4 1
250
94 18 85 7 173 
65 59 66 59 144 
35 25 40 86 191 
24 93 4 12 14 
57 79 11 80 198 
18 35 80 54 58 
88 89 89 5 157 
14 63 7 2 126 
24 60 57 61 140 
28 17 61 30 33 
84 10 62 5 20 
17 10 7 10 141 
32 81 14 32 172 
48 38 37 9 166 
62 88 4 50 172 
99 24 52 12 146 
4 76 52 38 96 
81 29 85 96 128 
6 58 99 33 65 
45 48 28 77 47 
92 81 53 48 114 
98 8 14 21 27 
95 60 97 39 138 
58 31 78 85 13 
22 55 44 47 157 
6 91 72 19 86 
52 98 77 90 167 
25 25 6 83 105 
75 17 66 84 142 
49 64 62 66 154 
16 73 44 71 7 
39 39 8 71 106 
8 38 97 80 127 
99 84 9 57 92 
35 27 97 34 68 
7 91 62 78 63 
44 31 8 43 57 
82 56 8 87 92 
87 19 37 32 92 
39 22 88 22 149 
67 57 7 22 87 
91 78 12 39 199 
50 79 32 41 21 
79 32 56 52 168 
45 78 24 12 122 
19 92 67 90 195 
87 5 42 5 134 
89 26 88 101 79 
5 46 71 90 197 
10 88 97 22 138 
9 68 38 39 63 
90 35 97 62 53 
102 13 24 43 27 
48 39 29 76 46 
55 45 56 14 162 
101 9 36 16 107 
32 97 47 22 180 
21 69 5 75 158 
56 31 28 76 80 
94 24 30 77 105 
72 61 23 101 31 
66 14 26 60 65 
83 101 84 10 194 
7 69 4 55 191 
81 36 56 99 138 
26 19 83 76 178 
79 82 61 65 167 
73 75 48 8 50 
9 45 47 44 196 
57 49 20 81 69 
27 22 76 83 147 
38 7 26 33 184 
49 33 52 73 111 
3 42 21 29 50 
34 23 98 32 177 
38 91 14 3 27 
79 101 4 42 128 
59 8 80 93 93 
68 51 17 18 157 
78 95 76 90 194 
17 30 94 57 5 
6 26 46 97 74 
49 95 25 21 29 
51 31 11 11 198 
98 64 30 84 119 
85 8 82 55 23 
45 17 27 8 198 
51 9 49 41 119 
35 63 85 58 199 
76 28 98 4 58 
49 86 68 93 202 
55 3 12 99 41 
101 46 93 87 189 
35 70 19 24 132 
43 84 73 53 131 
37 81 74 86 172 
59 12 80 27 130 
61 51 36 9 90 
50 99 52 22 121 
91 72 100 65 133 
8 10 76 40 177 
67 15 17 29 132 
76 31 28 15 128 
91 68 68 23 70 
85 35 12 80 36 
46 34 53 94 152 
67 83 11 21 160 
50 37 42 41 200 
48 37 10 44 142 
21 73 39 59 143 
26 6 79 31 167 
75 100 98 23 88 
35 64 25 54 203 
96 22 9 37 30 
56 28 29 25 178 
50 28 70 11 200 
75 97 96 24 105 
63 5 82 39 13 
52 41 21 98 133 
86 14 57 45 155 
101 66 4 46 35 
100 78 56 44 70 
49 32 89 25 143 
41 70 2 3 80 
92 42 72 31 130 
17 9 33 60 8 
38 72 27 35 201 
10 94 52 8 109 
87 51 40 5 121 
22 54 98 29 55 
18 14 56 6 175 
61 97 75 82 5 
93 47 98 41 199 
78 7 57 26 126 
49 20 97 50 110 
43 4 68 73 90 
65 13 7 34 178 
26 18 23 49 81 
16 21 72 6 127 
42 55 100 8 168 
17 99 74 67 163 
100 19 8 53 92 
59 30 5 39 81 
82 42 66 54 150 
62 86 10 87 98 
29 50 92 88 28 
90 6 62 90 60 
67 41 41 55 182 
9 13 72 4 168 
87 19 35 67 167 
102 91 48 35 47 
33 92 88 20 108 
52 29 21 40 116 
55 70 16 10 151 
43 3 13 65 136 
51 16 7 5 128 
13 16 27 7 28 
101 60 30 68 200 
78 55 24 2 81 
82 94 34 48 61 
20 4 27 94 84 
101 80 85 68 149 
18 86 86 57 86 
38 4 16 27 118 
97 42 50 12 199 
90 81 13 26 177 
60 85 61 75 92 
10 91 35 66 31 
23 76 64 95 167 
94 71 69 61 9 
80 79 9 91 70 
80 56 17 96 108 
22 69 61 81 32 
35 27 12 13 69 
48 71 52 13 74 
23 80 57 31 14 
21 15 54 23 20 
83 78 73 42 136 
57 76 41 14 193 
57 17 84 80 99 
69 61 58 28 117 
11 29 98 55 28 
102 100 88 90 69 
9 16 40 72 72 
60 56 73 46 160 
74 32 40 18 165 
8 98 79 83 80 
63 59 29 66 2 
55 82 20 29 136 
58 90 53 81 180 
43 79 14 45 185 
15 90 14 49 173 
81 91 82 74 17 
6 23 8 52 148 
52 90 76 72 166 
80 38 46 80 47 
86 81 61 30 83 
30 86 36 92 54 
75 47 81 81 45 
66 2 48 21 128 
37 85 3 9 79 
55 5 44 64 28 
79 45 36 27 3 
102 33 54 34 162 
22 89 17 26 203 
6 10 98 51 38 
80 92 27 17 178 
4 80 54 92 178 
28 44 74 79 100 
32 14 56 80 46 
35 50 17 42 86 
50 69 79 9 71 
47 9 95 46 73 
90 20 20 40 202 
23 80 64 47 110 
80 17 40 77 143 
94 56 19 29 173 
31 77 87 76 81 
37 3 47 58 87 
20 51 29 44 125 
13 95 18 81 3 
57 88 72 89 130 
34 31 4 40 86 
93 92 68 62 14 
15 36 47 101 132 
22 36 8 5 73 
31 90 98 16 120 
101 40 40 29 63 
45 7 100 12 16 
8 101 9 16 105 
30 85 70 38 99 
80 51 20 17 165 
23 82 69 53 72 
47 34 90 81 88 
55 54 41 32 128 
10 37 36 94 121 
23 29 94 53 16 
48 22 62 68 166 
52 22 25 48 21 
66 39 49 78 128 
75 14 30 74 199 
79 46 40 76 84 
44 16 28 58 123 
96 89 18 46 181 
26 74 23 100 189 
35 30 95 22 201 
72 90 61 32 174 
11 101 23 56 63 
3 84 89 28 80 
38 96 70 88 32 
