6 1
250
86 56 36 54 76 81 199 
62 75 20 80 94 50 20 
8 14 8 83 78 69 180 
27 20 20 59 55 17 92 
74 80 6 64 46 91 31 
14 57 10 26 63 83 24 
39 69 86 10 48 92 173 
68 56 15 14 43 84 122 
38 17 97 23 66 55 180 
96 16 18 50 61 97 191 
59 100 59 17 88 79 179 
52 36 51 9 27 61 15 
26 93 52 5 9 57 155 
41 15 5 99 30 25 89 
56 71 63 89 98 93 20 
58 58 99 57 7 74 175 
83 48 16 41 96 84 144 
25 68 47 54 41 20 38 
87 56 20 61 56 47 197 
67 91 23 32 70 100 139 
36 55 50 4 85 93 119 
70 91 60 36 43 75 64 
5 18 37 58 75 93 147 
4 81 98 53 29 91 35 
59 96 11 27 86 4 182 
15 99 52 58 29 62 36 
67 62 27 14 74 68 128 
75 88 75 97 9 98 66 
75 54 53 58 4 44 23 
97 51 11 60 72 44 183 
21 87 2 48 33 57 76 
21 74 41 57 25 56 172 
10 38 32 79 8 59 83 
47 101 101 28 20 8 144 
12 18 57 4 26 75 110 
2 75 51 77 44 97 111 
82 14 4 81 90 28 178 
16 80 83 66 87 51 152 
89 3 22 15 50 68 21 
58 86 55 101 83 33 18 
64 83 4 66 64 88 133 
89 100 49 33 82 85 197 
40 76 40 41 25 81 29 
74 31 64 95 30 47 52 
30 51 81 9 98 81 106 
99 81 102 24 65 11 2 
5 75 85 70 85 15 38 
12 17 62 60 53 96 184 
54 42 73 36 43 42 120 
51 70 26 86 6 47 84 
98 40 19 62 72 15 143 
58 82 27 47 34 9 40 
35 21 51 46 87 63 93 
41 31 90 24 71 44 110 
8 61 86 82 70 79 30 
79 45 99 83 83 22 198 
62 48 91 11 36 42 35 
50 77 42 20 86 98 116 
11 30 40 3 74 18 103 
23 43 68 66 32 7 115 
78 54 65 7 43 50 162 
84 102 15 37 4 39 118 
86 46 63 86 83 60 139 
17 61 82 11 6 49 82 
8 25 47 6 37 62 148 
25 79 16 45 50 79 57 
31 27 68 72 81 94 76 
98 6 82 51 49 90 126 
94 85 98 39 3 42 156 
78 69 34 68 79 87 125 
70 49 43 35 82 43 176 
36 16 41 27 57 5 21 
21 67 57 91 74 13 64 
95 20 8 49 40 53 108 
60 36 6 4 9 78 60 
59 41 17 68 50 77 119 
71 59 14 48 39 69 118 
5 79 80 7 76 32 152 
31 37 89 45 92 35 156 
82 37 25 49 29 83 127 
28 42 24 26 38 75 51 
63 97 2 3 86 97 114 
59 28 99 35 47 57 58 
6 31 26 60 44 84 183 
24 90 101 12 88 98 157 
39 58 83 40 60 52 140 
42 88 44 8 41 23 48 
11 28 16 84 28 36 45 
13 101 69 96 93 37 81 
8 3 93 100 101 80 43 
72 18 97 90 7 61 131 
45 83 54 5 63 69 29 
64 87 30 61 63 58 56 
59 16 47 69 17 31 71 
87 53 10 41 45 5 80 
12 21 96 24 77 59 140 
19 17 92 32 70 28 91 
18 65 41 40 25 96 28 
4 52 23 91 32 32 118 
32 46 66 20 66 77 106 
68 36 39 89 100 60 83 
101 56 38 49 5 92 142 
90 71 4 22 11 28 19 
71 75 35 47 29 13 178 
73 28 14 6 53 94 104 
31 4 53 26 37 75 8 
98 87 44 29 42 90 86 
77 65 100 57 51 45 196 
63 7 44 73 50 55 58 
30 26 45 54 100 21 122 
69 52 98 76 55 8 151 
90 93 20 90 24 48 196 
66 16 50 4 51 56 140 
99 11 55 90 22 78 139 
63 101 77 44 72 84 18 
14 4 84 98 40 25 148 
16 26 85 27 9 33 131 
11 97 52 50 67 93 143 
44 44 88 34 32 8 57 
94 45 48 55 65 90 107 
14 69 8 14 34 98 170 
87 72 65 15 46 6 107 
6 27 96 7 94 40 145 
62 98 66 10 18 48 47 
83 40 74 46 45 14 198 
30 46 38 35 97 89 117 
74 25 21 88 4 77 180 
21 54 50 74 52 83 107 
73 44 6 17 53 63 9 
34 92 71 3 93 57 154 
83 59 74 99 53 16 179 
74 47 24 16 72 36 128 
88 27 74 96 33 47 118 
4 34 20 46 28 55 83 
35 52 87 13 22 15 79 
96 78 77 101 70 66 201 
99 85 3 82 29 43 95 
67 99 9 62 12 20 161 
27 55 55 27 62 50 81 
96 39 5 52 23 27 188 
50 100 97 65 83 61 12 
51 19 66 102 14 96 139 
56 80 53 13 97 61 141 
25 24 76 9 18 62 7 
48 100 32 8 19 56 37 
101 15 99 31 61 76 156 
38 91 27 50 56 73 84 
61 54 41 28 67 25 54 
78 23 58 66 101 4 9 
21 36 96 98 41 53 113 
67 56 83 38 87 95 177 
35 51 62 64 91 64 178 
48 93 82 53 33 94 49 
94 43 67 62 74 74 36 
57 33 54 17 22 88 191 
100 60 92 82 32 41 87 
74 99 4 12 42 19 151 
45 16 47 10 61 33 150 
15 18 77 16 22 72 160 
19 9 49 70 78 95 97 
35 92 73 3 55 83 43 
46 65 52 34 58 45 26 
20 10 9 63 57 22 174 
44 17 68 12 71 66 112 
91 57 44 66 25 29 23 
26 76 9 8 52 55 142 
56 27 84 66 29 69 203 
102 42 9 24 75 64 186 
77 7 93 86 19 68 113 
10 10 70 35 18 3 192 
36 102 57 6 69 18 180 
92 86 48 44 99 57 183 
17 37 44 52 66 21 101 
71 18 25 35 90 16 95 
19 16 34 13 67 8 135 
42 54 19 8 49 5 174 
22 47 44 22 13 67 189 
76 28 84 54 84 47 133 
86 34 73 81 3 44 150 
72 16 33 34 51 26 154 
84 27 46 20 19 66 100 
73 83 15 79 51 55 89 
91 52 61 86 63 3 116 
22 48 29 47 63 14 104 
34 12 90 64 44 19 187 
3 40 36 67 83 18 28 
53 61 5 54 91 32 166 
66 75 50 90 25 21 127 
81 19 75 58 54 100 81 
73 27 17 9 38 54 180 
14 27 21 82 86 45 142 
89 26 95 74 84 71 139 
39 42 76 21 100 32 46 
23 64 11 31 20 76 163 
36 90 47 55 81 95 108 
50 32 10 40 77 95 187 
95 82 86 72 31 73 70 
86 43 90 40 24 68 185 
65 11 53 69 72 91 110 
39 50 21 5 78 17 182 
13 67 82 25 39 32 59 
84 27 61 90 4 48 102 
48 59 17 59 29 64 174 
22 59 74 8 5 40 115 
34 67 69 55 58 47 151 
78 10 17 87 38 65 166 
87 95 80 70 45 6 185 
93 6 49 52 56 6 185 
10 11 19 36 94 74 103 
61 93 37 48 4 78 144 
51 2 73 92 101 6 73 
67 96 40 62 36 68 84 
63 22 5 4 43 85 139 
101 100 53 46 93 33 54 
3 45 24 44 30 22 87 
6 77 61 57 102 57 90 
17 81 76 60 8 11 199 
73 34 46 63 95 5 102 
5 22 49 10 75 11 130 
53 18 20 9 48 101 118 
47 46 49 43 30 26 173 
20 79 88 87 24 30 63 
13 80 83 37 19 95 4 
57 15 49 29 48 82 131 
65 58 53 63 13 42 54 
90 99 21 68 81 67 173 
45 63 25 53 83 35 84 
41 39 74 30 8 58 185 
33 2 17 84 46 23 113 
23 36 26 13 90 6 47 
83 64 71 40 29 19 25 
54 26 77 66 49 25 52 
21 81 34 7 86 37 117 
99 7 86 37 46 31 47 
28 101 42 95 31 20 118 
77 5 92 81 42 81 163 
78 41 19 99 100 33 6 
57 94 8 6 71 68 172 
59 87 5 85 89 91 53 
26 37 73 19 7 69 91 
78 44 28 46 58 79 43 
68 69 40 49 101 23 146 
10 36 91 62 54 75 39 
20 89 97 54 92 56 107 
6 48 82 95 66 60 161 
51 82 62 15 90 66 186 
20 67 39 91 70 56 36 
3 84 59 54 96 27 120 
58 33 94 68 25 71 126 
22 60 56 37 65 95 120 
