8 1
250
52 58 28 7 60 34 2 38 200 
36 25 28 34 60 91 18 13 161 
76 70 67 42 77 57 49 46 101 
32 42 38 54 8 40 48 28 181 
67 61 37 91 58 65 101 37 29 
93 54 23 57 89 22 34 68 172 
75 12 82 74 59 16 86 73 197 
64 84 19 90 88 34 3 53 108 
46 87 14 4 42 43 43 58 187 
30 77 54 18 22 42 56 76 34 
10 95 4 23 7 88 69 39 107 
98 5 69 91 56 38 70 91 166 
74 73 72 42 33 3 24 58 195 
46 49 65 79 36 14 18 94 121 
53 25 81 29 37 6 91 47 108 
27 40 23 19 50 33 61 84 8 
48 71 64 2 100 52 92 25 184 
91 22 72 57 75 64 79 19 135 
4 47 38 68 53 88 51 100 38 
77 29 100 34 20 54 11 72 49 
99 52 26 32 39 14 16 101 52 
85 72 67 61 42 33 67 59 76 
69 82 20 77 53 3 34 17 195 
94 59 4 20 48 5 41 82 136 
43 74 11 26 54 54 63 68 57 
55 18 90 69 69 62 17 44 184 
8 24 101 26 100 24 19 24 87 
25 67 26 64 22 62 67 25 174 
30 46 30 68 16 87 76 81 201 
10 27 92 44 5 6 15 35 119 
69 20 76 88 9 32 12 41 5 
5 93 98 30 4 46 77 89 200 
64 42 10 17 52 21 26 11 199 
54 83 64 23 51 89 4 100 13 
13 44 39 100 58 77 85 73 180 
4 82 24 48 69 18 8 53 191 
52 54 70 58 65 100 34 60 118 
42 84 44 11 28 6 40 66 94 
63 66 86 35 34 81 32 24 61 
77 7 16 48 17 100 96 54 94 
40 57 81 41 68 100 20 45 180 
48 94 55 20 10 5 72 46 178 
12 19 23 90 28 43 71 59 109 
46 96 70 47 18 76 61 3 21 
69 25 99 88 17 90 93 86 62 
78 59 100 13 78 73 12 86 73 
27 51 31 40 72 12 47 76 103 
23 3 79 81 61 9 96 6 45 
92 26 4 34 99 43 13 95 203 
57 34 20 99 36 34 41 36 107 
82 30 55 90 43 43 41 73 169 
55 99 100 93 20 74 51 22 122 
35 95 54 90 29 79 12 92 87 
34 26 69 47 42 28 57 16 155 
70 4 86 62 96 29 61 60 197 
3 66 17 48 50 16 74 8 85 
102 94 3 78 80 52 101 9 97 
18 10 59 74 38 6 98 83 39 
78 75 101 27 31 71 82 11 54 
29 88 78 55 74 36 87 57 45 
76 94 27 35 63 89 82 45 104 
42 31 30 13 52 69 98 98 69 
44 77 65 35 98 70 26 74 44 
73 65 38 25 90 82 85 24 182 
96 45 14 14 48 88 20 42 164 
100 19 38 11 59 78 3 45 165 
60 44 98 58 11 91 68 10 164 
17 19 43 50 30 30 80 4 110 
23 32 31 79 16 58 90 29 114 
87 65 7 62 24 47 102 27 163 
95 40 36 25 48 39 8 6 48 
41 51 91 10 32 58 24 82 28 
54 83 30 42 70 84 36 83 95 
77 57 98 98 51 5 50 87 131 
22 100 86 94 73 13 35 51 159 
68 78 34 52 40 44 34 50 89 
54 55 72 54 91 67 93 34 100 
29 45 3 88 62 47 94 4 166 
31 62 13 19 9 21 6 69 12 
16 27 19 56 66 3 62 98 66 
96 69 11 21 3 41 64 8 14 
79 83 18 89 60 37 62 5 179 
34 37 49 54 50 24 62 80 16 
34 75 81 2 28 67 16 100 73 
74 12 61 74 57 3 14 30 177 
91 29 69 84 96 64 15 30 124 
87 44 21 90 61 25 34 32 67 
29 79 57 53 75 62 2 90 188 
30 62 82 48 41 22 37 73 105 
42 52 82 20 89 100 6 31 115 
18 86 53 38 42 27 71 88 105 
34 40 56 9 84 7 71 87 138 
82 41 5 101 55 91 74 93 164 
54 11 92 59 49 46 6 86 10 
43 94 22 57 79 56 71 6 69 
99 36 70 77 50 4 32 26 183 
55 19 34 64 66 51 47 19 156 
63 77 92 12 4 100 3 31 190 
50 27 65 51 32 51 58 77 118 
14 80 63 90 29 25 56 53 137 
75 80 30 73 13 62 79 10 61 
45 90 34 73 76 22 11 85 202 
29 6 90 84 9 91 93 34 81 
17 75 50 69 57 53 33 31 103 
67 79 16 4 74 24 22 15 178 
28 44 6 43 81 46 26 29 99 
81 92 74 41 82 80 23 64 72 
83 77 34 83 42 47 72 46 15 
87 27 34 68 64 96 4 67 185 
37 76 96 6 46 30 5 53 80 
80 28 99 38 83 12 89 41 78 
57 47 4 61 74 37 39 41 7 
18 15 30 79 39 16 89 88 181 
42 79 34 6 80 90 9 93 37 
11 51 45 24 81 25 59 49 43 
91 78 4 61 69 7 28 88 79 
13 3 92 85 50 97 23 49 128 
8 53 69 16 54 83 20 30 183 
61 97 36 6 23 92 96 100 21 
89 83 12 29 81 94 52 98 184 
30 29 3 50 2 35 63 53 197 
55 77 26 23 44 41 17 69 187 
6 8 82 102 90 52 88 37 134 
54 81 74 78 66 58 93 92 5 
91 13 96 3 45 72 95 43 49 
87 68 41 73 14 14 102 48 183 
12 30 40 53 64 68 69 11 147 
26 79 14 70 32 54 40 28 115 
99 5 65 12 8 49 29 3 141 
28 83 69 62 78 20 68 83 127 
65 40 51 31 36 37 101 71 132 
13 19 37 90 35 88 58 5 88 
29 2 23 93 26 64 99 43 57 
7 67 3 96 4 52 92 77 179 
9 71 71 30 13 40 85 17 170 
36 40 50 82 6 75 77 41 165 
42 73 16 89 34 95 9 96 11 
65 20 18 88 100 60 101 51 70 
76 101 91 86 11 11 80 65 7 
81 27 63 30 20 64 71 51 9 
75 23 39 77 23 20 35 22 199 
70 50 43 92 84 57 41 3 84 
94 59 65 7 10 71 93 30 141 
46 37 101 55 19 50 57 27 59 
99 101 80 73 53 91 13 13 32 
64 92 45 7 91 19 24 79 190 
43 70 14 70 87 95 51 91 174 
100 16 33 94 37 58 29 44 6 
65 22 8 76 96 100 56 31 79 
28 41 48 84 34 41 57 16 118 
18 31 16 87 25 63 6 15 196 
86 71 57 89 80 48 17 61 117 
89 69 76 17 16 58 56 24 105 
41 18 85 94 39 22 101 14 28 
90 79 100 47 72 83 3 72 122 
85 41 63 102 68 75 84 70 97 
86 3 17 60 33 2 12 67 197 
16 94 34 37 90 68 35 30 167 
61 45 100 94 15 46 99 73 170 
92 41 52 12 11 71 75 17 23 
100 31 48 99 36 6 87 90 159 
29 50 54 96 68 41 93 25 54 
52 94 90 73 64 62 19 22 55 
49 6 85 66 63 75 58 37 201 
38 64 11 95 9 27 68 72 48 
34 98 75 13 21 88 45 26 49 
24 29 70 88 82 16 80 40 171 
97 65 89 81 40 33 42 58 125 
19 58 86 65 6 94 39 88 51 
55 38 87 99 23 40 52 36 18 
33 51 84 97 17 71 44 73 16 
38 55 60 44 73 65 27 28 138 
41 62 25 78 51 96 91 27 7 
101 101 45 51 31 6 25 12 15 
81 25 43 17 23 35 87 3 68 
69 13 67 24 73 97 72 13 152 
87 57 102 89 7 92 69 45 149 
66 88 26 55 21 63 59 48 8 
28 26 41 92 93 50 64 25 30 
39 78 29 49 81 20 32 40 112 
9 94 19 54 50 80 62 23 33 
10 15 94 6 68 27 94 46 176 
38 97 66 54 28 85 78 32 137 
48 19 9 8 25 83 8 52 112 
88 76 79 63 32 72 35 55 21 
24 35 13 4 57 37 34 97 90 
92 57 68 37 78 20 13 17 11 
10 5 93 13 100 18 73 8 143 
11 77 67 97 21 74 75 56 197 
58 46 63 74 76 30 39 18 194 
91 53 100 61 52 17 67 27 105 
21 12 38 97 33 51 67 25 42 
81 98 38 96 63 24 23 57 146 
45 38 31 64 76 84 23 84 113 
73 53 27 52 31 96 23 56 90 
63 64 14 14 9 53 10 60 44 
61 97 92 78 39 97 46 25 181 
24 58 38 56 75 51 96 96 148 
97 31 68 43 74 9 81 63 190 
61 33 32 80 56 18 63 64 179 
67 97 15 32 7 9 8 101 200 
9 9 90 65 20 15 81 16 61 
56 20 24 85 100 79 4 87 187 
61 46 4 22 95 13 64 31 202 
61 66 26 62 37 75 11 74 111 
7 97 15 19 101 43 89 9 92 
67 85 99 39 31 22 17 49 114 
98 89 16 79 4 91 16 22 102 
7 97 84 51 76 28 25 99 184 
81 44 47 63 36 89 69 99 95 
3 24 38 6 47 90 20 15 173 
42 30 96 26 5 81 93 84 26 
64 18 11 73 16 34 32 38 13 
12 37 55 29 12 7 45 14 199 
16 3 52 96 33 63 43 85 141 
98 57 40 68 72 54 77 6 165 
39 32 11 6 76 11 84 10 159 
34 15 20 91 83 93 83 80 164 
64 70 87 50 32 33 65 36 166 
69 46 67 3 54 8 26 8 168 
91 12 29 43 14 26 85 11 143 
53 9 76 49 86 94 74 14 75 
98 91 102 80 42 42 30 17 130 
15 33 63 15 67 76 11 94 138 
55 23 58 63 67 23 63 15 56 
9 22 62 74 31 42 71 30 37 
85 13 72 89 15 99 62 72 161 
11 40 44 2 40 94 27 20 186 
82 37 26 81 19 30 16 23 193 
6 43 3 22 45 39 59 28 166 
100 69 10 62 3 97 44 53 153 
87 9 84 70 49 13 51 91 189 
95 6 96 44 75 94 4 59 61 
79 91 97 7 45 14 13 29 106 
85 22 36 31 39 68 55 31 31 
14 38 96 92 73 56 46 66 47 
90 58 96 18 59 46 68 67 128 
82 82 66 72 59 22 62 68 142 
60 66 69 30 91 46 79 92 44 
38 89 20 43 63 81 92 25 146 
60 69 65 92 65 74 6 75 102 
53 44 81 75 33 7 86 88 203 
58 62 69 51 41 69 26 32 158 
47 41 21 87 83 36 51 4 202 
8 70 3 97 26 18 97 29 99 
44 64 59 14 58 77 81 36 130 
6 11 31 98 69 35 97 61 71 
33 68 63 47 27 31 9 80 38 
101 63 37 53 56 14 21 84 139 
23 35 84 46 7 49 73 46 190 
