8 1
250
66 86 77 41 60 24 18 36 154 
14 83 12 40 93 17 93 13 124 
62 90 44 6 100 41 60 73 8 
6 53 46 77 57 67 75 16 181 
9 19 71 90 86 73 23 85 44 
18 61 22 83 53 6 59 66 189 
75 62 88 38 83 89 21 14 170 
33 39 28 47 67 79 29 87 191 
93 75 6 73 85 17 20 44 27 
85 25 2 42 20 93 74 3 111 
5 73 38 84 71 75 90 91 95 
97 73 96 45 56 68 12 68 187 
90 4 78 73 20 42 77 38 181 
85 93 20 37 75 66 25 26 30 
59 11 6 34 84 96 71 25 145 
20 42 71 37 32 54 102 86 201 
80 34 55 99 9 35 86 8 200 
30 62 100 32 22 32 54 55 117 
89 59 22 84 3 97 71 59 195 
21 50 63 68 37 92 68 47 188 
62 63 4 74 49 79 98 44 129 
75 90 22 41 84 79 97 14 56 
81 98 33 61 30 52 39 67 118 
39 64 27 10 66 77 40 94 188 
57 18 12 45 89 62 34 98 141 
77 82 68 87 73 25 65 89 102 
64 4 35 54 36 85 21 61 164 
40 67 26 47 3 92 87 42 197 
19 38 11 73 29 34 83 64 173 
94 54 93 4 47 80 28 78 185 
61 5 83 29 26 30 82 96 65 
47 32 81 78 102 33 29 48 104 
42 93 77 4 73 75 100 29 16 
91 38 22 48 21 27 102 28 76 
17 92 14 83 93 35 2 38 66 
8 18 54 62 77 101 29 88 175 
18 59 35 11 31 99 23 92 119 
13 101 13 56 78 76 96 13 115 
40 61 101 43 3 37 43 94 24 
56 32 63 23 21 36 41 86 141 
6 8 64 17 62 3 78 91 78 
22 54 43 81 67 66 45 91 56 
89 77 58 100 70 39 88 69 124 
99 92 81 79 16 94 7 93 12 
96 25 101 100 68 14 99 23 82 
72 78 66 99 80 32 9 55 21 
15 8 41 27 31 96 43 80 202 
60 45 40 51 76 77 61 51 135 
30 91 11 46 3 49 99 18 185 
98 2 14 51 72 64 84 94 173 
68 71 96 7 59 89 15 41 158 
4 23 4 92 40 31 66 81 130 
2 71 6 94 30 15 5 47 160 
89 11 75 78 69 84 92 95 163 
74 25 34 24 32 65 71 97 194 
91 8 65 85 87 93 100 84 48 
83 76 43 83 4 14 11 28 62 
6 27 56 22 102 47 52 94 115 
33 80 41 44 25 35 20 16 80 
17 6 26 84 80 87 61 11 39 
40 93 24 23 15 6 35 67 143 
43 70 8 19 35 95 37 69 9 
86 41 54 10 65 89 75 96 47 
8 24 49 71 63 93 29 14 4 
36 12 68 37 11 59 65 78 95 
34 100 74 33 50 13 83 77 144 
69 32 30 37 50 21 84 29 90 
25 74 9 18 93 23 94 3 118 
40 51 32 96 47 89 43 43 196 
52 77 76 38 89 87 22 62 166 
75 102 64 49 55 83 16 42 10 
41 18 9 53 41 49 56 46 55 
42 74 87 43 96 9 25 33 107 
71 88 87 24 98 32 42 20 4 
97 93 98 51 82 7 85 4 52 
91 102 39 29 85 46 61 82 179 
98 35 8 57 26 23 31 46 111 
21 19 23 79 13 22 48 61 108 
32 93 94 82 59 93 84 36 66 
17 44 6 43 65 18 45 45 175 
97 41 69 77 22 38 53 66 175 
6 14 91 18 83 26 94 31 182 
98 18 78 17 75 92 92 16 6 
52 80 56 7 36 70 37 53 41 
87 58 73 58 31 95 7 80 46 
45 101 63 82 51 36 28 49 57 
12 82 68 79 87 7 36 3 177 
34 101 80 23 84 32 6 8 150 
20 42 89 85 12 97 70 49 33 
43 72 30 22 81 89 43 27 147 
55 10 73 68 24 30 8 76 162 
46 24 19 34 77 45 63 11 16 
42 29 72 73 11 40 92 96 63 
60 14 22 93 82 59 60 53 201 
4 54 20 61 78 38 17 26 53 
100 11 97 87 61 72 82 2 198 
4 84 100 35 78 30 100 50 126 
61 54 43 62 76 26 46 61 118 
91 84 53 36 58 87 14 94 173 
37 75 56 53 14 82 62 58 142 
2 71 77 92 63 30 77 58 147 
86 40 37 73 43 2 14 93 40 
48 70 28 15 23 87 45 65 154 
10 10 43 63 102 20 57 46 183 
84 101 23 25 61 102 15 30 109 
52 66 34 56 40 23 63 16 179 
45 89 50 93 49 100 55 69 99 
33 24 41 19 19 99 13 32 188 
99 25 11 28 2 94 34 95 202 
45 56 72 22 102 88 33 13 117 
43 94 54 26 71 94 54 84 14 
17 35 49 36 45 10 31 66 184 
80 19 89 58 61 55 101 12 29 
80 13 25 54 88 7 42 72 80 
42 76 56 20 76 20 88 19 123 
54 11 13 64 94 38 98 54 192 
73 87 35 101 27 62 81 76 146 
85 64 50 44 96 75 71 91 184 
38 63 45 70 72 44 96 49 3 
4 18 21 89 59 36 13 72 173 
8 43 51 97 41 2 49 5 113 
14 12 17 40 95 5 48 62 187 
53 4 17 93 7 80 61 78 120 
54 99 7 16 32 27 91 65 97 
43 44 24 44 23 69 89 83 76 
88 66 24 18 43 99 44 63 138 
71 17 38 73 38 65 44 97 14 
52 100 81 92 51 32 58 6 38 
72 11 83 51 6 26 43 75 26 
38 38 58 10 74 72 59 21 98 
13 73 8 61 2 28 62 39 169 
59 97 18 94 62 38 81 73 107 
89 22 13 15 31 64 53 8 122 
52 43 28 12 35 31 85 47 70 
14 13 10 56 90 69 43 86 159 
98 46 77 22 31 3 20 72 202 
39 100 43 46 10 96 69 12 196 
59 50 64 88 11 17 5 69 123 
46 35 34 45 74 47 87 56 128 
86 32 14 27 94 65 32 48 97 
94 70 5 16 89 80 74 86 75 
18 12 37 62 19 64 43 76 78 
69 95 28 98 61 56 34 85 164 
86 33 58 101 58 65 70 12 202 
59 32 48 56 74 89 11 71 90 
30 26 15 52 87 20 27 66 108 
23 99 11 51 84 6 100 90 109 
82 19 57 73 93 9 65 86 92 
94 14 23 41 89 92 12 6 121 
69 36 49 41 76 94 13 50 29 
92 10 50 44 59 86 37 31 107 
91 58 35 8 89 3 75 35 105 
33 84 12 21 40 80 47 32 110 
8 43 45 64 62 45 96 76 154 
99 52 58 39 6 59 41 23 99 
28 63 49 47 68 43 43 82 136 
5 73 72 72 99 29 33 30 180 
10 29 98 92 14 15 28 78 169 
97 96 79 55 82 19 32 20 141 
8 63 78 5 23 83 79 92 8 
8 29 55 31 8 78 71 32 193 
54 39 51 36 22 91 60 48 175 
91 53 92 55 42 81 60 26 138 
14 8 8 17 15 24 12 22 101 
31 68 90 3 85 52 25 79 167 
21 74 43 88 47 78 97 90 82 
15 55 89 76 73 84 10 59 51 
91 39 26 30 26 102 42 31 162 
100 90 70 42 32 65 99 40 108 
29 28 63 32 22 27 84 100 137 
64 57 97 8 95 28 28 36 83 
60 94 50 43 48 18 98 99 204 
74 75 25 26 79 35 31 84 66 
65 61 19 101 47 28 35 81 151 
86 95 97 44 16 98 25 42 96 
6 87 82 47 36 26 27 12 53 
46 40 80 65 78 13 96 65 154 
25 60 48 24 10 69 44 14 10 
7 32 61 29 4 40 88 27 197 
54 20 27 96 77 37 3 91 85 
98 23 19 86 50 54 23 102 167 
2 84 79 15 5 23 21 22 164 
68 18 38 42 79 53 16 44 92 
52 32 85 13 23 21 28 48 186 
89 23 85 9 9 4 58 88 89 
22 41 17 6 76 57 57 37 150 
7 58 47 68 72 7 9 72 144 
100 91 63 60 88 59 32 34 203 
99 61 11 36 86 93 10 96 8 
31 49 57 31 58 88 48 24 186 
49 24 53 80 102 38 34 60 197 
84 64 55 61 76 44 57 60 154 
66 73 73 55 59 78 4 80 50 
17 72 35 77 14 67 68 86 22 
51 22 62 75 4 29 97 29 67 
52 73 75 15 75 100 13 84 105 
22 95 66 77 78 24 15 19 180 
65 8 52 91 95 92 34 9 79 
18 93 70 47 61 33 45 54 16 
53 3 98 37 66 32 16 48 185 
48 76 46 39 62 87 41 34 43 
85 63 80 85 83 69 62 97 186 
85 77 37 36 34 26 17 64 34 
94 30 44 22 77 49 101 88 69 
96 80 33 85 8 29 13 63 185 
31 69 22 32 77 71 41 33 145 
58 14 44 22 25 100 71 49 8 
80 65 88 33 86 97 36 67 37 
62 2 71 9 25 73 35 88 194 
98 64 55 76 82 46 78 45 152 
93 76 58 35 15 61 26 35 200 
6 101 85 27 98 12 53 81 64 
4 51 91 73 89 39 5 75 174 
52 6 85 44 56 42 23 45 187 
64 29 89 12 85 92 75 31 177 
14 73 67 46 25 3 16 77 194 
87 21 89 21 32 42 76 76 61 
17 64 47 45 6 56 20 91 107 
46 94 67 101 100 60 52 93 6 
22 8 83 83 30 81 47 37 49 
7 45 99 49 38 11 63 60 136 
44 70 69 14 27 35 51 72 169 
32 88 23 30 70 41 40 56 139 
50 36 36 67 100 71 32 15 96 
57 99 58 58 41 43 94 10 48 
36 10 83 50 34 60 99 18 102 
4 79 77 60 10 83 44 15 50 
34 79 73 101 84 14 89 96 149 
29 76 49 82 38 62 18 6 96 
89 102 4 78 71 84 21 30 76 
74 99 91 77 16 28 19 62 67 
54 38 28 71 63 40 87 72 85 
5 24 42 17 44 6 37 57 28 
24 58 10 90 82 56 77 17 198 
86 54 62 23 65 78 30 66 140 
22 20 41 66 93 100 43 18 13 
99 59 57 87 42 61 15 97 10 
26 66 58 74 95 48 43 4 39 
83 83 61 66 89 80 38 17 75 
76 60 67 12 49 65 51 81 121 
44 101 14 3 10 70 74 6 204 
14 50 27 95 25 91 82 62 73 
48 35 72 79 51 27 25 41 76 
41 16 18 94 26 17 89 101 7 
9 82 75 93 94 85 80 25 137 
13 83 37 77 32 90 30 4 95 
91 67 52 89 80 71 34 35 183 
85 22 26 12 8 26 89 75 163 
64 58 43 88 101 27 60 14 120 
3 66 87 31 66 24 71 100 70 
