2 1
250
44 101 180 
7 14 48 
90 22 8 
4 55 194 
97 61 8 
16 73 112 
16 74 165 
22 4 54 
64 99 94 
87 68 121 
18 7 188 
7 43 11 
75 99 184 
13 73 81 
55 14 173 
99 4 75 
38 20 176 
87 69 80 
93 23 199 
65 44 32 
79 4 112 
47 88 99 
5 92 38 
101 44 152 
66 5 4 
44 69 184 
43 68 193 
11 51 98 
75 33 78 
55 17 41 
9 12 112 
77 35 142 
87 10 55 
39 95 27 
20 40 157 
14 23 132 
40 51 111 
9 24 157 
22 70 109 
9 74 113 
13 52 154 
100 93 66 
22 91 142 
34 59 121 
66 6 148 
84 93 25 
73 63 23 
75 17 135 
67 102 180 
80 57 133 
18 80 76 
74 28 89 
39 22 95 
47 94 67 
97 8 188 
97 46 38 
6 40 158 
43 38 23 
47 40 72 
11 35 187 
46 44 70 
6 18 162 
25 94 160 
31 47 144 
67 28 142 
80 80 21 
75 72 115 
72 76 37 
90 77 86 
28 29 180 
10 30 179 
56 3 103 
100 93 185 
15 74 107 
42 77 189 
9 78 22 
43 68 123 
28 38 128 
38 76 139 
19 19 85 
40 99 133 
92 23 37 
85 13 53 
21 82 178 
21 62 200 
6 32 201 
26 83 201 
33 87 124 
30 85 187 
27 20 56 
84 84 151 
51 77 154 
89 52 113 
78 26 133 
87 24 177 
75 9 155 
66 34 90 
71 94 75 
44 9 27 
6 64 78 
27 60 190 
101 39 200 
15 72 175 
25 19 164 
46 51 116 
36 49 129 
76 57 156 
18 63 176 
85 15 183 
40 9 140 
65 85 179 
19 52 136 
74 88 173 
91 62 77 
92 43 33 
65 28 89 
81 11 123 
51 33 16 
63 11 198 
9 17 51 
10 78 128 
19 62 71 
95 29 202 
93 64 124 
80 87 195 
41 28 42 
72 22 177 
49 60 201 
11 16 107 
83 58 84 
71 67 145 
62 83 172 
77 75 167 
83 73 203 
46 91 96 
101 73 95 
13 24 170 
79 39 196 
40 63 37 
66 10 95 
84 14 145 
60 23 198 
92 20 10 
14 67 109 
40 91 101 
90 4 142 
54 11 87 
8 72 70 
60 94 59 
77 25 41 
69 13 133 
38 101 121 
30 88 139 
52 12 110 
44 102 118 
33 41 98 
49 52 122 
50 14 202 
6 78 87 
39 2 61 
71 17 194 
86 47 111 
90 5 184 
92 61 34 
4 4 204 
91 66 143 
78 29 109 
83 30 149 
62 21 201 
68 34 47 
19 93 176 
40 83 193 
61 60 113 
5 45 76 
60 59 186 
46 48 22 
101 17 28 
74 63 150 
78 90 178 
24 26 54 
57 24 145 
70 75 139 
32 65 45 
7 32 14 
17 75 172 
19 25 145 
84 18 149 
91 69 36 
12 47 63 
14 64 190 
10 38 69 
31 50 45 
68 92 172 
25 16 169 
91 96 173 
9 60 180 
91 62 133 
18 43 18 
55 69 112 
56 60 59 
40 19 4 
30 99 192 
75 87 53 
65 53 69 
89 61 7 
92 102 150 
34 5 178 
44 25 8 
30 94 194 
27 78 166 
69 14 67 
58 87 197 
84 63 197 
93 36 148 
65 28 19 
34 31 168 
7 65 137 
83 24 112 
43 98 192 
100 2 13 
101 49 20 
46 98 81 
3 33 151 
8 10 81 
79 43 143 
17 80 198 
96 98 129 
15 22 30 
16 88 183 
80 16 181 
4 86 124 
93 94 177 
65 21 62 
71 33 200 
10 101 112 
30 6 165 
87 28 38 
99 6 10 
45 88 57 
97 31 23 
51 25 36 
87 6 52 
81 88 101 
85 54 121 
69 27 133 
67 7 45 
61 89 167 
11 95 180 
73 7 162 
59 50 15 
