8 1
250
39 16 46 93 49 16 79 67 47 
101 41 98 56 35 40 74 40 157 
63 27 32 21 75 19 17 83 127 
89 84 62 23 39 58 96 19 139 
70 61 52 12 17 76 75 73 167 
98 72 57 42 81 92 8 31 74 
42 19 43 28 78 68 54 92 171 
64 79 4 42 61 18 72 6 163 
29 53 11 58 48 4 38 22 25 
9 49 5 72 18 10 23 57 203 
29 44 85 86 60 27 93 13 191 
81 58 12 42 72 77 13 81 161 
28 86 74 41 93 58 57 48 89 
83 95 64 96 21 7 18 45 127 
99 45 94 86 67 37 10 58 131 
3 69 79 30 61 39 31 96 144 
30 90 53 29 31 15 84 12 39 
34 87 39 8 26 29 15 16 76 
88 44 21 39 32 36 94 56 161 
68 55 36 27 68 27 36 90 113 
13 72 16 82 4 57 18 79 146 
29 97 45 52 17 47 2 45 108 
53 93 60 19 37 77 36 18 117 
87 9 21 14 73 38 74 4 92 
25 9 41 66 22 56 65 67 121 
38 18 40 90 27 25 74 85 198 
99 96 37 41 48 89 100 34 143 
54 16 26 9 80 15 3 80 75 
15 89 73 6 55 71 18 100 202 
21 98 83 99 42 90 41 77 18 
12 85 63 55 68 91 86 13 105 
37 31 41 26 89 50 89 61 196 
28 95 43 67 25 50 90 81 73 
91 57 76 38 70 5 8 93 192 
77 62 24 84 22 44 20 83 143 
63 97 11 36 12 83 94 15 167 
69 47 62 15 67 88 55 97 115 
79 101 62 38 21 98 56 14 202 
76 46 75 101 49 45 80 29 173 
28 57 48 96 46 58 23 40 96 
36 64 97 37 31 27 88 44 167 
11 27 78 15 82 100 83 20 140 
11 71 100 19 37 40 3 29 84 
13 85 57 7 17 82 51 21 102 
6 41 18 50 15 7 63 71 6 
11 15 77 50 15 28 89 14 143 
51 19 29 59 36 3 86 77 121 
29 6 12 98 66 63 50 79 161 
54 62 58 95 58 68 38 95 31 
68 65 72 30 19 4 12 3 7 
25 49 7 17 66 39 48 36 132 
94 15 51 16 101 37 50 37 107 
16 58 63 63 23 43 89 20 27 
91 100 89 10 87 65 60 28 64 
76 40 98 21 48 24 4 46 162 
67 54 66 37 83 84 53 98 92 
44 64 28 65 30 48 27 60 74 
80 86 30 88 58 75 7 76 199 
58 97 12 41 61 79 64 24 137 
51 56 20 7 59 91 21 19 131 
7 12 12 53 96 91 88 26 124 
53 81 98 92 32 9 87 97 4 
37 5 5 51 3 8 81 78 10 
20 75 29 41 69 41 12 102 131 
90 7 3 23 55 36 18 13 88 
73 61 25 13 22 64 90 86 31 
63 58 11 6 74 20 87 70 106 
36 14 14 59 83 33 45 99 184 
102 16 52 71 34 92 66 10 36 
83 9 55 66 54 86 27 51 90 
57 86 35 85 38 87 85 85 203 
33 16 80 95 71 25 75 90 142 
67 94 26 21 42 65 3 6 126 
100 72 62 30 34 34 89 90 29 
59 19 80 67 88 52 93 35 193 
41 90 40 33 94 65 16 62 117 
22 38 46 72 84 34 25 87 28 
41 5 84 48 8 82 11 18 146 
93 2 8 76 30 9 71 64 33 
26 70 80 99 16 74 77 69 108 
72 89 37 48 43 3 39 53 63 
15 95 85 60 23 77 94 25 123 
53 48 9 38 3 21 19 102 37 
37 45 91 12 74 40 30 41 62 
38 48 61 8 39 79 79 58 143 
34 68 48 5 6 93 14 26 45 
47 36 87 18 30 43 85 4 20 
44 5 23 47 32 84 48 59 158 
3 47 11 32 61 48 51 87 71 
73 34 40 100 100 50 19 85 13 
46 21 19 20 24 37 70 37 108 
51 90 38 66 59 50 16 13 161 
14 17 76 42 69 46 9 14 143 
72 46 7 75 29 49 79 4 77 
62 85 25 76 64 26 95 2 198 
100 9 77 93 86 90 71 7 139 
33 7 55 76 13 12 67 100 186 
49 78 62 92 89 57 12 56 57 
58 40 55 52 48 68 49 12 13 
97 82 63 20 5 24 81 47 198 
87 88 75 15 11 66 35 48 50 
39 10 22 23 82 31 62 16 137 
16 83 60 88 29 3 6 72 38 
33 32 75 40 13 44 60 28 139 
56 44 31 91 20 3 45 12 6 
88 76 102 33 59 92 58 67 132 
41 101 61 74 11 41 48 4 35 
53 101 99 80 65 56 63 8 146 
40 27 65 60 46 19 101 21 197 
20 101 74 86 85 48 80 21 57 
11 84 35 92 46 17 86 94 25 
7 10 13 47 72 53 20 20 82 
3 83 57 44 75 92 45 30 8 
46 69 18 53 2 46 29 55 50 
40 50 83 50 75 53 8 96 24 
87 75 32 23 68 67 8 79 78 
74 69 11 45 50 18 14 42 53 
97 55 9 70 20 19 29 82 143 
61 55 10 6 38 81 81 60 113 
75 25 3 53 47 26 8 57 176 
17 97 2 67 38 35 28 12 86 
6 19 56 15 96 87 97 49 50 
32 71 32 32 66 92 63 41 38 
26 46 10 86 64 65 33 15 175 
72 96 19 77 79 28 39 77 84 
2 63 31 18 58 100 2 78 176 
58 86 33 13 6 99 17 4 135 
36 22 57 93 84 83 102 28 111 
9 57 93 7 95 91 51 63 159 
91 10 91 12 86 88 79 77 60 
57 61 92 22 62 77 62 6 114 
88 11 81 50 18 32 46 95 44 
97 53 93 44 63 45 21 28 193 
79 26 38 71 16 9 54 47 137 
66 89 97 19 47 91 36 65 106 
100 44 94 60 68 92 68 84 50 
40 15 100 49 2 36 83 84 163 
21 19 98 75 98 74 66 82 15 
27 80 9 4 10 100 94 23 172 
5 21 61 48 5 33 85 16 65 
71 19 88 63 38 64 12 17 95 
58 28 48 22 97 88 85 42 10 
19 38 7 102 57 81 52 80 130 
23 75 16 66 92 83 43 97 128 
22 66 44 46 94 95 54 38 195 
40 85 26 75 65 64 29 67 160 
28 71 64 9 13 60 101 91 87 
34 94 37 67 81 2 25 65 155 
64 75 46 14 50 21 86 14 195 
41 50 12 54 39 27 5 17 53 
2 15 56 86 47 5 53 22 91 
62 76 5 26 52 102 89 68 189 
36 16 24 45 25 101 65 62 84 
34 82 57 13 64 67 77 25 102 
24 79 30 43 63 30 77 26 80 
94 17 101 12 67 73 34 71 3 
5 60 93 57 24 87 64 21 82 
91 52 14 40 51 29 52 66 181 
67 95 55 96 69 101 62 72 93 
44 25 17 86 80 95 66 74 134 
61 69 58 44 81 44 90 88 152 
29 56 68 74 62 3 85 70 156 
49 12 92 94 97 53 43 22 197 
27 7 74 21 76 79 63 93 198 
35 25 16 14 7 83 27 36 36 
81 72 65 16 4 12 19 19 127 
77 70 75 6 4 61 47 66 166 
5 10 81 91 12 71 6 52 93 
64 38 7 11 69 63 37 64 103 
36 13 5 63 4 60 18 88 49 
26 31 23 57 68 43 102 24 54 
39 92 62 95 12 54 67 57 166 
59 68 3 14 72 42 11 14 108 
80 43 8 24 75 26 48 82 45 
26 9 71 65 11 47 37 99 146 
92 42 3 54 98 49 79 61 42 
24 14 61 83 49 57 91 24 165 
22 18 19 38 49 32 33 43 99 
14 96 59 58 79 75 70 21 146 
53 28 47 61 47 17 6 26 139 
64 45 62 17 76 89 66 17 167 
57 56 95 74 23 57 101 67 133 
65 68 37 88 15 30 86 40 196 
37 63 72 4 34 26 64 70 200 
90 99 21 72 94 64 93 16 133 
80 81 7 93 62 82 52 43 117 
35 78 33 35 33 39 93 31 111 
13 55 24 71 12 54 59 13 139 
48 95 77 75 97 101 64 7 119 
93 47 4 92 55 93 69 31 189 
70 57 68 84 81 65 10 82 126 
45 11 71 55 36 50 15 6 99 
84 62 83 34 72 28 81 2 173 
54 23 2 33 4 84 62 91 116 
3 66 16 14 67 17 40 22 197 
91 40 13 56 79 51 45 87 141 
14 38 87 43 6 80 80 58 121 
63 13 9 90 95 47 94 13 83 
36 72 97 67 96 53 31 92 128 
76 100 46 53 91 20 15 50 110 
74 63 62 38 36 11 59 78 18 
92 3 47 68 64 68 10 11 31 
76 48 43 36 13 16 18 6 119 
17 12 25 91 77 47 93 22 104 
82 100 38 88 11 20 45 41 181 
20 10 38 80 45 82 5 41 6 
14 40 52 48 22 32 52 44 136 
87 3 28 2 77 44 17 30 25 
80 89 39 25 93 74 27 100 197 
24 38 69 45 88 38 45 81 169 
3 36 80 8 38 69 54 59 80 
64 19 35 96 65 17 71 27 107 
67 91 48 79 23 24 35 31 14 
101 44 17 92 59 98 61 16 192 
35 74 53 72 74 36 35 65 166 
66 30 75 55 76 63 86 80 185 
38 26 16 58 75 9 63 55 32 
26 74 62 39 37 51 23 37 108 
3 96 19 14 46 60 43 71 4 
35 49 70 55 8 81 7 25 185 
82 80 101 46 11 21 21 11 186 
23 29 95 26 34 41 11 86 171 
76 26 82 58 17 6 8 30 14 
49 73 67 82 33 14 60 43 118 
55 59 87 99 95 36 69 22 87 
10 11 17 31 46 25 98 34 202 
13 27 65 97 39 83 15 74 80 
28 43 98 83 68 93 84 58 56 
101 78 34 47 91 98 64 100 41 
93 20 28 45 87 102 15 49 34 
97 60 21 6 86 23 98 43 161 
48 29 45 26 49 91 98 99 114 
69 68 37 69 36 41 63 24 111 
15 85 58 98 70 21 77 89 199 
9 96 94 13 51 50 19 17 145 
79 69 74 39 49 90 46 48 165 
83 30 26 82 45 64 69 85 119 
25 52 61 26 50 62 93 91 7 
65 58 19 89 52 21 71 87 113 
84 77 38 70 54 24 40 97 121 
76 29 54 32 46 68 92 96 133 
13 55 21 14 48 60 88 83 183 
66 95 80 7 13 60 9 87 18 
24 57 101 39 87 56 3 20 126 
53 35 14 52 99 58 56 59 65 
38 73 31 80 84 73 35 76 5 
83 70 18 95 25 62 60 70 81 
68 76 70 67 12 31 99 37 99 
80 16 98 24 53 56 29 73 30 
81 46 74 30 6 14 54 22 102 
