6 1
250
63 24 85 89 40 12 147 
11 49 55 59 99 9 143 
15 88 72 78 12 19 188 
75 37 76 72 9 97 154 
80 99 37 34 94 18 121 
90 89 3 9 6 95 150 
69 30 59 6 53 32 47 
59 46 49 79 40 72 179 
90 10 19 33 17 98 64 
51 20 27 7 94 13 53 
101 72 71 8 26 20 16 
8 19 68 58 67 55 45 
55 90 57 56 48 73 204 
81 86 78 91 99 45 37 
12 34 101 61 21 99 120 
77 80 73 15 53 83 166 
93 53 76 52 45 11 196 
33 72 53 48 42 27 42 
88 94 19 30 78 92 197 
88 69 99 48 58 65 161 
11 87 43 96 93 21 179 
34 4 41 55 35 23 162 
63 50 15 82 73 41 181 
88 56 88 78 93 87 13 
87 79 6 89 49 20 45 
88 11 53 51 9 34 111 
92 80 76 44 71 19 51 
20 86 68 87 26 92 50 
33 57 21 102 36 84 98 
28 37 68 89 5 60 154 
41 64 33 67 8 37 195 
78 14 36 24 70 83 137 
94 40 4 25 30 99 113 
56 35 51 75 52 8 132 
44 10 58 67 61 51 162 
25 37 22 20 57 30 114 
46 87 79 68 3 83 70 
100 66 66 78 63 23 173 
31 84 94 58 31 33 69 
5 80 59 11 34 90 142 
4 85 7 75 71 102 23 
50 74 8 51 28 33 92 
47 94 91 100 30 96 192 
56 29 63 28 99 24 84 
9 22 59 71 95 66 194 
83 60 5 94 23 76 166 
11 88 9 5 2 91 121 
88 70 14 6 96 78 100 
57 46 48 74 80 72 84 
54 52 82 35 69 51 130 
35 88 8 9 22 15 92 
43 56 26 99 35 84 44 
54 47 67 101 90 49 54 
17 59 22 45 6 42 117 
38 29 72 35 41 97 108 
83 8 99 76 65 6 30 
92 25 77 47 91 22 3 
7 17 36 81 5 39 40 
32 87 66 18 75 89 12 
28 56 66 96 88 70 144 
41 70 28 28 44 14 51 
36 48 101 18 22 58 66 
14 38 57 39 60 36 106 
23 35 60 92 19 10 131 
71 13 53 4 54 32 134 
49 10 55 63 27 97 196 
41 67 102 54 33 75 31 
20 11 59 30 36 21 39 
37 70 37 27 6 63 132 
37 50 15 70 28 68 134 
30 4 78 35 41 58 167 
70 60 40 88 37 52 106 
4 96 76 19 13 49 25 
42 20 37 23 36 33 11 
19 88 86 7 9 51 183 
9 83 98 97 65 39 138 
12 100 42 71 13 15 68 
56 41 53 17 21 56 179 
86 43 13 7 26 79 105 
74 56 83 30 3 64 194 
15 80 24 50 13 46 64 
22 98 54 25 20 74 130 
49 35 92 90 97 4 48 
42 86 92 41 62 19 79 
46 61 43 12 53 39 84 
63 31 68 10 12 59 132 
47 61 84 8 7 90 52 
23 92 41 8 63 74 150 
96 34 11 53 29 95 156 
39 13 15 70 37 25 175 
7 26 82 87 46 61 194 
27 10 35 57 31 15 49 
71 4 6 92 67 69 137 
98 59 59 85 66 90 19 
50 72 40 72 67 41 35 
68 61 23 18 16 80 141 
27 78 99 100 82 55 139 
11 10 80 72 57 21 18 
69 25 4 82 73 88 159 
40 97 86 66 76 9 7 
45 85 76 53 91 100 147 
82 62 87 87 37 42 79 
64 62 2 12 22 10 202 
38 21 38 45 94 93 177 
83 14 36 7 48 67 137 
27 6 21 68 23 38 177 
65 19 97 37 48 42 156 
37 86 56 57 101 6 15 
66 39 10 99 9 87 203 
50 52 82 91 77 73 76 
58 84 45 101 74 14 151 
4 43 10 48 53 13 94 
30 82 53 49 64 62 125 
69 13 72 16 53 89 31 
69 18 48 73 70 41 163 
4 13 58 29 94 35 129 
98 2 53 58 76 56 42 
72 31 44 15 13 78 181 
73 76 87 23 27 61 72 
28 63 77 85 73 68 54 
71 97 22 72 29 100 145 
12 21 60 79 36 96 198 
88 6 60 59 65 93 65 
39 73 9 69 76 30 145 
41 78 74 5 90 96 4 
36 24 45 85 80 20 125 
57 29 46 93 67 40 81 
59 19 28 10 77 96 68 
26 15 5 56 72 2 146 
45 88 76 48 2 98 108 
84 16 76 87 75 73 168 
46 65 78 11 93 34 168 
60 49 97 14 102 70 22 
11 43 32 11 20 92 25 
43 72 47 67 43 89 154 
5 54 25 4 26 52 165 
52 28 47 81 71 91 174 
41 81 35 3 30 44 150 
76 46 78 57 83 73 8 
95 33 46 51 47 9 114 
97 74 12 78 20 31 120 
16 87 32 51 2 28 5 
93 14 66 16 46 4 61 
9 49 49 45 82 80 117 
97 3 32 26 84 32 92 
10 25 27 12 15 17 122 
61 49 8 83 46 4 8 
21 82 38 2 7 28 179 
27 65 35 40 54 3 41 
86 2 27 20 98 59 169 
90 41 6 33 89 71 99 
102 43 64 38 78 56 155 
23 96 26 79 6 59 169 
62 94 74 64 15 42 154 
49 83 65 50 47 22 65 
43 34 71 20 59 41 52 
24 73 5 78 49 45 130 
8 3 43 95 2 2 59 
49 34 71 76 31 75 110 
62 101 90 33 37 47 162 
64 56 62 49 20 60 79 
23 71 88 68 99 14 83 
82 24 57 46 22 5 192 
101 2 46 30 69 74 128 
74 17 46 14 101 86 91 
49 83 48 85 44 92 55 
65 85 9 34 63 15 163 
79 34 89 17 44 87 129 
56 18 21 53 88 77 101 
56 44 56 100 30 98 68 
43 11 64 79 15 70 75 
19 39 98 8 60 85 194 
85 59 99 59 101 83 189 
68 29 34 58 17 79 21 
43 55 36 35 19 49 75 
25 27 40 31 19 29 77 
81 25 46 30 95 56 146 
87 59 43 30 17 42 154 
84 32 23 100 93 29 156 
85 65 76 44 38 61 123 
34 62 30 84 56 57 177 
6 90 30 24 25 40 114 
99 94 6 4 9 63 84 
97 19 33 28 2 63 196 
62 73 88 59 97 14 109 
99 15 48 63 87 91 160 
44 95 78 69 91 23 177 
72 71 42 31 100 21 76 
45 100 58 56 97 93 90 
19 44 67 30 29 4 203 
82 60 43 24 74 65 109 
26 56 61 14 42 11 184 
4 48 31 99 95 19 112 
17 92 9 92 100 36 53 
52 14 41 64 20 89 184 
13 101 9 28 58 86 40 
46 100 44 57 84 55 33 
98 38 33 36 88 47 134 
71 37 34 76 30 30 151 
44 22 52 23 24 2 186 
50 24 73 38 35 38 145 
94 66 37 19 83 12 112 
78 10 30 35 44 27 86 
66 77 55 30 58 47 5 
80 95 35 61 55 26 99 
16 63 100 55 12 96 158 
72 98 59 49 19 21 136 
14 24 91 83 77 51 172 
49 20 10 79 93 71 29 
73 4 59 29 88 9 128 
49 32 82 34 33 67 191 
80 97 83 40 27 37 136 
73 46 81 80 77 66 136 
45 92 78 21 27 66 202 
96 2 22 33 15 6 133 
94 11 51 46 87 93 141 
25 30 41 67 36 49 3 
60 80 51 13 45 98 10 
43 6 15 8 3 96 172 
97 63 9 15 33 4 162 
37 32 36 93 75 99 42 
64 39 56 92 19 100 75 
24 73 22 72 10 63 105 
7 37 40 85 98 87 58 
69 34 54 5 47 24 48 
50 17 23 72 101 86 161 
69 61 18 87 98 50 150 
92 89 45 25 43 30 63 
97 98 9 79 15 94 194 
7 3 89 73 79 16 150 
58 102 2 11 79 75 78 
78 24 101 2 39 56 157 
47 11 82 6 96 94 110 
21 15 94 88 94 85 128 
60 31 15 21 36 102 70 
89 45 16 66 57 95 40 
76 10 79 78 40 20 124 
94 9 69 85 23 22 78 
88 10 25 87 91 77 38 
96 88 83 4 56 45 119 
69 69 42 40 102 37 92 
7 17 12 55 67 4 136 
24 48 38 15 82 98 4 
37 92 81 68 19 3 164 
25 98 76 86 77 5 52 
42 29 47 24 87 95 166 
95 15 34 26 76 54 147 
41 47 91 76 49 59 67 
78 63 75 84 36 66 169 
21 38 71 92 101 43 167 
