6 1
250
89 91 4 24 77 5 160 
31 20 61 62 27 95 165 
36 14 52 36 41 54 174 
49 35 76 31 68 95 78 
28 70 4 64 10 83 37 
87 11 25 49 75 45 151 
8 100 32 24 53 64 182 
94 15 47 63 71 17 83 
58 30 94 12 12 43 7 
52 59 100 19 14 65 102 
5 29 89 68 11 13 83 
37 46 9 16 33 51 70 
57 59 3 41 69 79 59 
83 33 39 65 5 73 115 
43 34 7 42 101 41 181 
89 60 97 62 5 102 45 
86 87 97 81 94 71 195 
102 99 80 47 88 23 47 
98 52 4 8 42 86 192 
14 4 77 34 11 47 139 
102 8 81 65 80 9 198 
47 44 86 13 4 63 86 
36 29 96 15 20 68 185 
10 95 56 65 18 29 147 
85 23 49 84 26 30 2 
93 101 84 10 16 27 104 
10 20 97 40 26 54 159 
78 82 22 93 81 79 188 
15 28 102 64 82 27 128 
23 40 30 80 35 43 89 
30 14 6 7 43 42 202 
77 60 27 94 77 96 17 
43 29 93 47 53 10 159 
75 84 49 35 102 90 180 
82 69 62 93 13 37 98 
70 17 88 39 39 95 80 
69 77 71 8 33 57 163 
13 39 35 84 35 68 113 
32 60 73 43 54 13 193 
93 68 4 66 61 62 150 
14 7 10 16 17 41 13 
10 79 30 70 35 10 143 
32 29 10 80 71 95 78 
59 17 98 86 84 46 156 
11 70 44 74 97 9 202 
34 27 70 20 29 51 47 
82 46 75 21 5 27 126 
41 95 88 92 69 37 112 
92 14 32 35 97 32 202 
12 88 98 41 4 73 201 
4 42 61 44 46 17 158 
74 25 67 81 22 17 143 
76 58 84 30 73 46 87 
14 41 87 34 22 25 144 
60 79 82 3 56 65 77 
55 28 50 25 22 79 39 
91 67 57 77 17 31 74 
31 16 13 33 29 58 183 
4 77 12 26 94 9 30 
48 87 79 68 54 35 45 
32 36 6 53 69 26 48 
76 32 59 7 96 37 59 
65 71 73 29 9 49 106 
54 39 102 30 73 7 90 
82 80 11 65 98 16 204 
82 9 82 61 35 69 58 
47 56 21 100 74 87 170 
17 8 41 47 88 72 159 
99 7 25 98 21 81 191 
54 49 44 100 23 31 170 
64 93 70 76 82 26 16 
86 83 33 101 21 63 133 
73 72 19 13 46 24 169 
5 59 65 16 90 36 189 
8 78 2 53 59 102 109 
17 73 74 8 48 73 29 
26 94 99 102 21 31 165 
79 27 89 78 9 3 122 
36 7 62 94 91 16 158 
6 32 50 65 63 14 116 
101 48 7 100 53 71 161 
67 68 16 71 7 14 61 
53 15 77 52 101 95 165 
68 14 15 59 58 38 42 
64 51 39 60 19 27 159 
82 84 80 58 33 83 142 
41 48 25 86 5 50 109 
19 75 15 64 21 78 68 
36 94 44 97 35 61 9 
19 80 13 91 89 53 146 
33 99 96 70 14 13 57 
68 92 75 56 90 69 92 
78 26 98 100 51 47 95 
92 38 63 100 24 68 47 
70 14 97 18 99 84 175 
79 21 96 8 66 7 140 
4 71 43 47 94 61 84 
56 17 93 40 8 27 85 
63 35 72 92 47 7 199 
79 79 40 93 87 61 203 
7 5 94 87 42 80 180 
69 22 55 32 9 84 31 
100 7 80 92 58 47 34 
88 26 18 21 2 73 51 
94 5 56 9 2 43 101 
14 101 55 69 50 55 191 
15 19 62 40 25 85 163 
75 62 3 31 16 85 39 
81 78 68 41 9 66 155 
19 101 25 9 42 67 175 
8 26 25 11 94 25 151 
9 57 84 79 90 47 40 
45 54 80 88 60 33 69 
25 90 30 43 91 20 195 
20 40 32 85 20 96 137 
38 80 22 24 63 47 148 
23 86 64 22 21 59 153 
49 46 23 84 36 55 170 
39 98 70 5 7 80 181 
20 53 96 72 53 54 15 
76 60 66 99 88 63 6 
6 68 23 71 63 23 146 
95 11 3 86 43 86 202 
85 54 22 58 69 85 8 
35 70 52 71 7 70 149 
88 60 87 50 94 83 69 
32 49 35 46 60 20 52 
44 95 88 12 70 10 187 
8 46 43 21 80 101 145 
100 73 3 57 54 101 16 
54 18 37 51 5 68 109 
7 88 13 11 68 80 185 
76 66 61 40 63 83 163 
16 45 31 16 84 65 66 
78 35 91 7 21 20 185 
80 53 62 67 44 41 4 
60 32 12 14 23 82 50 
9 44 20 94 20 29 79 
74 8 37 23 5 23 61 
55 24 6 49 62 2 197 
15 101 75 21 44 81 115 
15 21 4 62 85 10 142 
93 74 15 3 93 55 13 
46 27 46 41 20 74 10 
10 9 67 63 82 29 191 
45 47 75 78 50 84 121 
90 35 63 22 15 62 128 
52 92 47 72 50 94 142 
76 31 82 26 9 54 13 
14 39 101 5 83 78 99 
29 42 28 44 73 48 116 
94 85 21 8 14 44 118 
18 22 93 34 37 26 142 
18 96 54 43 32 55 156 
99 64 19 33 86 16 50 
52 21 29 79 47 15 168 
48 63 20 98 12 50 195 
19 10 73 48 54 81 23 
49 76 3 42 95 82 194 
23 4 76 29 29 36 136 
3 66 57 92 13 89 143 
35 36 47 22 7 83 163 
56 47 87 35 38 15 9 
47 28 39 54 34 89 53 
61 46 70 85 16 31 34 
46 19 58 42 93 42 30 
42 58 22 89 102 17 138 
59 91 96 93 22 65 114 
40 20 40 81 2 47 152 
92 79 39 93 53 66 21 
31 32 95 47 75 92 12 
72 18 67 35 74 60 6 
57 76 93 96 69 63 15 
101 20 63 93 98 41 104 
81 85 98 51 53 60 59 
61 3 49 49 75 52 139 
4 75 48 31 89 75 72 
5 48 99 87 5 5 63 
14 33 56 79 53 56 185 
35 71 86 23 102 76 195 
75 47 49 96 12 40 198 
47 17 64 10 69 18 157 
39 101 66 50 57 100 99 
72 95 72 24 98 79 141 
6 64 10 89 101 41 62 
3 52 93 95 67 35 136 
18 93 71 86 41 16 196 
72 22 75 47 77 50 8 
53 79 74 17 63 30 87 
55 56 23 70 78 49 75 
51 75 57 92 67 84 110 
4 3 41 59 65 75 70 
45 37 44 26 94 29 103 
75 21 80 5 7 26 131 
39 50 18 64 69 62 43 
49 20 57 12 68 51 102 
78 35 60 100 58 10 22 
21 81 46 86 22 88 156 
56 79 89 62 59 92 133 
55 25 97 98 14 15 196 
19 89 15 28 80 2 197 
88 23 7 51 18 56 38 
71 74 80 49 76 46 189 
44 71 52 10 61 87 49 
12 65 5 45 97 16 6 
94 33 60 44 88 82 139 
58 83 13 43 38 49 172 
53 19 50 41 71 6 155 
20 65 20 20 18 75 155 
60 4 8 24 42 18 156 
43 21 7 90 66 27 175 
89 41 69 25 40 41 121 
48 57 7 27 12 28 152 
70 43 26 72 9 94 201 
81 7 21 98 33 10 23 
100 45 52 7 81 92 65 
26 52 97 80 36 19 26 
50 3 98 32 92 4 149 
81 83 20 60 35 89 19 
36 50 29 9 33 51 99 
14 56 23 33 38 45 90 
92 31 94 75 77 88 65 
6 25 69 43 8 40 40 
63 34 49 49 5 25 184 
4 70 73 5 70 66 75 
49 78 101 55 61 31 181 
55 28 87 59 3 79 63 
27 63 68 27 13 31 103 
24 76 86 36 23 55 180 
62 23 72 9 25 97 117 
49 70 89 50 10 32 19 
8 65 91 4 47 62 157 
10 7 80 59 37 88 52 
4 16 22 40 78 2 189 
8 17 52 80 85 75 160 
95 81 79 4 101 44 35 
13 97 34 77 95 13 108 
18 94 52 90 11 34 93 
56 70 12 34 32 18 2 
50 41 26 65 89 101 32 
28 3 57 38 46 11 186 
21 90 65 85 91 42 183 
25 2 92 76 44 35 81 
13 70 72 71 28 18 129 
58 10 15 8 14 40 183 
92 97 54 66 25 56 72 
82 49 51 43 78 12 53 
41 36 90 47 68 78 33 
36 87 69 21 94 30 130 
82 52 79 79 4 2 68 
