8 1
250
41 20 87 68 89 20 84 76 144 
91 12 87 43 57 11 56 72 131 
64 17 13 18 82 78 20 50 124 
71 65 8 102 82 25 94 28 198 
89 29 24 97 38 31 94 75 190 
95 72 77 3 48 89 55 3 14 
46 25 40 11 50 40 59 15 24 
66 91 32 64 51 31 14 69 89 
44 68 81 84 26 8 85 27 159 
88 70 19 21 49 81 19 50 7 
61 79 81 86 40 25 20 30 172 
65 33 23 48 91 81 46 14 73 
28 64 102 34 29 25 63 73 93 
96 48 45 53 47 3 29 55 184 
66 60 30 59 66 98 24 21 193 
59 42 81 40 76 37 46 92 176 
5 29 53 59 25 69 80 26 168 
44 14 87 22 21 38 91 83 110 
9 72 100 6 12 9 30 6 65 
67 58 73 10 9 57 17 26 54 
41 9 37 63 81 42 16 82 16 
11 39 23 46 51 96 83 39 44 
90 100 20 45 31 21 37 14 139 
13 36 7 33 7 96 12 51 151 
21 47 93 60 92 31 2 21 138 
12 24 9 80 28 72 36 29 54 
10 98 80 18 28 69 74 5 95 
4 80 34 29 35 102 22 65 187 
32 33 10 91 45 11 54 27 185 
63 35 10 38 98 80 70 4 109 
97 5 21 26 88 89 85 101 84 
38 85 91 9 59 65 80 6 196 
20 21 55 71 66 2 78 13 143 
40 68 84 55 61 33 49 27 123 
74 8 47 23 8 46 71 18 88 
4 56 78 47 60 94 84 52 170 
2 29 41 21 50 76 19 47 68 
61 84 26 60 63 35 5 7 201 
53 99 15 11 2 50 60 76 118 
96 96 10 92 73 10 50 49 200 
23 55 59 73 5 63 14 12 70 
20 46 95 45 43 55 95 33 109 
72 93 29 94 63 76 19 25 105 
27 71 13 18 12 16 37 85 107 
43 82 96 54 99 92 16 42 62 
67 54 54 57 99 42 57 80 114 
73 31 94 85 56 83 12 88 86 
24 4 36 81 10 61 3 54 105 
61 19 96 38 80 23 47 54 146 
101 72 74 73 63 34 61 65 110 
62 60 29 15 45 13 51 94 79 
98 88 46 96 56 46 91 98 124 
63 37 53 73 40 4 11 13 34 
72 53 42 4 22 47 7 43 193 
26 48 77 85 90 88 85 51 135 
29 7 18 30 84 68 74 100 59 
4 91 22 27 6 34 97 81 84 
100 96 68 101 91 16 52 67 103 
88 80 49 67 90 91 38 84 13 
2 44 71 77 32 24 18 5 107 
77 102 44 45 91 11 47 87 114 
102 30 18 4 80 19 17 88 42 
83 39 3 32 91 24 28 96 77 
74 25 66 46 85 88 64 77 134 
11 45 91 41 22 5 36 38 111 
91 100 66 54 61 45 4 38 134 
53 47 13 22 19 96 74 75 128 
93 58 47 32 42 5 54 9 90 
33 44 19 100 98 55 70 39 197 
75 22 66 23 43 49 23 13 64 
57 91 28 97 69 48 42 45 164 
11 61 60 64 102 54 102 74 191 
50 55 50 60 54 82 100 101 109 
101 72 17 100 11 31 74 99 38 
20 38 77 73 60 55 75 61 158 
41 13 23 13 23 72 56 74 120 
84 99 39 47 99 70 95 44 150 
68 13 52 31 92 5 36 84 75 
21 80 96 97 87 95 5 61 180 
35 89 51 47 46 39 73 92 3 
83 75 41 9 79 19 82 9 99 
29 12 23 20 79 41 36 37 193 
66 89 13 46 44 40 82 63 112 
27 23 69 16 60 102 4 55 21 
99 14 3 80 17 80 47 78 101 
69 17 12 11 13 11 44 8 7 
91 40 32 2 29 18 64 57 177 
83 15 54 23 18 26 32 38 49 
96 89 74 35 100 68 91 15 95 
46 18 12 60 74 53 100 15 33 
81 99 87 86 17 62 94 66 130 
99 48 101 89 81 77 88 51 42 
32 58 41 67 13 16 72 20 82 
79 25 43 3 25 5 10 54 81 
40 11 73 15 43 36 4 94 137 
49 59 39 37 74 25 33 70 117 
78 16 88 73 16 99 22 17 86 
24 98 25 98 80 29 37 50 82 
51 20 17 7 65 21 49 25 125 
5 44 53 20 71 58 48 34 78 
56 69 97 76 94 28 94 82 196 
46 53 81 12 102 26 86 84 103 
44 73 53 69 26 94 38 19 149 
93 6 29 69 52 49 91 84 167 
47 77 27 90 15 85 25 5 146 
84 95 44 29 37 89 8 6 125 
89 89 45 5 39 77 55 4 155 
71 79 3 34 22 20 44 41 17 
27 56 60 70 46 23 23 57 51 
33 66 71 42 63 48 87 5 194 
41 44 40 52 37 13 9 56 54 
72 51 75 26 87 98 82 83 103 
5 20 45 24 84 85 53 25 79 
9 31 18 57 49 19 25 5 197 
71 77 21 48 63 92 97 53 13 
53 8 81 75 63 82 98 84 173 
54 19 62 57 101 14 75 2 53 
12 16 4 58 4 83 101 12 15 
33 59 59 56 29 33 79 102 35 
61 35 70 39 61 67 35 73 176 
39 16 77 9 75 63 66 87 77 
5 97 7 100 76 52 75 67 53 
30 100 92 32 80 102 98 16 137 
59 75 57 39 25 33 97 65 197 
33 27 86 98 91 44 96 77 12 
14 63 61 20 65 97 42 7 149 
98 9 38 78 13 61 96 9 27 
84 67 74 76 5 13 56 44 83 
43 34 11 51 38 5 97 86 108 
10 41 11 62 99 21 60 101 115 
63 58 16 26 4 85 31 13 21 
35 40 60 50 66 24 57 101 150 
66 49 73 34 83 29 9 88 138 
5 24 70 55 18 6 58 95 176 
28 19 32 28 21 27 96 64 95 
96 62 77 90 8 101 47 96 107 
87 31 77 89 20 18 17 28 183 
43 82 24 57 94 73 38 30 167 
46 40 30 48 40 21 83 14 56 
94 17 18 71 10 25 54 73 131 
13 42 102 16 13 95 37 55 167 
27 42 70 6 54 79 19 4 114 
26 41 93 57 8 7 91 25 24 
75 74 74 101 5 24 10 26 181 
84 32 29 37 13 87 40 58 148 
61 90 65 41 54 8 69 30 65 
75 58 36 96 27 90 84 64 164 
11 28 39 48 98 30 91 37 148 
31 91 30 8 20 52 35 32 73 
50 37 23 69 34 77 92 36 140 
57 90 7 41 55 51 7 31 64 
37 15 94 37 52 18 36 40 81 
5 69 40 86 64 96 55 36 57 
62 44 96 64 58 64 62 36 99 
69 91 38 82 3 91 21 99 37 
45 15 87 7 35 96 38 89 138 
32 72 28 12 88 21 23 47 176 
39 75 59 32 77 17 70 68 101 
5 25 69 51 67 66 79 12 46 
44 57 11 2 29 70 97 32 132 
24 59 5 19 60 58 5 84 51 
62 16 39 72 38 69 46 34 132 
3 83 7 64 35 79 99 81 185 
79 39 49 91 37 48 53 48 20 
48 89 67 13 48 85 42 19 196 
86 75 20 45 58 96 6 96 100 
61 62 26 28 22 81 67 28 94 
80 74 81 94 20 92 60 100 94 
101 92 37 24 24 19 83 15 14 
74 36 83 54 86 43 99 94 177 
87 22 69 88 48 22 39 64 92 
19 95 56 30 87 59 51 7 11 
16 38 40 9 47 9 75 95 188 
67 28 89 40 97 28 6 75 160 
81 16 46 17 87 62 74 66 42 
54 46 52 25 5 81 38 85 115 
51 80 77 62 14 55 30 74 75 
59 81 100 30 27 13 81 72 187 
63 101 53 79 37 84 89 23 102 
44 43 24 10 4 14 72 57 194 
6 21 3 93 88 15 26 17 173 
24 26 21 40 46 36 90 77 171 
7 73 45 95 74 93 5 88 65 
16 51 79 88 60 72 18 77 104 
92 72 15 40 55 22 99 67 199 
33 6 99 91 22 29 30 67 171 
55 13 49 12 90 2 84 12 134 
10 38 68 51 24 71 85 100 13 
73 69 20 24 98 9 95 74 168 
36 27 31 52 60 94 89 66 132 
6 82 84 15 58 46 57 91 62 
34 84 84 30 8 24 24 59 201 
68 32 17 42 19 17 20 49 173 
39 60 79 75 64 60 6 81 38 
25 60 12 76 70 9 80 63 184 
102 8 22 9 30 3 96 23 70 
51 66 65 69 97 11 61 20 64 
55 61 22 26 26 29 7 100 203 
90 93 64 11 64 58 27 20 85 
67 32 32 78 82 43 27 57 31 
57 59 65 3 17 52 78 27 7 
72 78 85 95 4 32 4 7 62 
73 42 4 10 43 78 70 96 181 
2 79 81 82 101 70 14 52 85 
38 89 79 15 35 39 55 58 87 
60 74 30 2 76 76 13 55 32 
14 49 18 89 35 23 63 78 100 
25 92 79 16 82 54 91 68 39 
55 61 10 67 57 87 36 12 46 
63 2 4 7 70 48 55 2 8 
27 51 57 58 53 59 90 32 135 
67 46 94 77 13 10 58 60 193 
9 49 95 33 55 24 101 2 154 
48 20 24 33 63 82 51 66 36 
65 99 9 53 79 27 21 71 136 
32 87 91 96 51 12 53 48 110 
12 97 99 34 59 53 84 44 25 
46 36 84 14 28 50 94 95 125 
89 59 72 70 13 85 58 71 33 
89 54 71 14 82 18 28 41 141 
22 33 42 58 71 37 16 77 73 
86 19 61 43 4 58 51 66 181 
86 45 85 15 78 89 38 97 185 
44 35 56 69 88 89 81 74 126 
23 33 90 37 56 38 50 74 108 
58 48 52 15 65 18 29 44 197 
87 9 57 55 22 76 46 74 88 
83 19 33 74 64 33 97 30 68 
3 51 91 49 67 7 37 82 100 
43 31 72 41 42 46 92 96 134 
9 70 13 16 93 84 96 70 112 
23 86 86 21 20 37 85 28 190 
10 40 44 52 20 42 27 5 88 
75 44 79 89 84 70 67 90 125 
23 89 60 8 56 99 52 16 196 
67 24 13 37 57 16 53 84 114 
26 59 52 73 90 89 41 23 54 
79 37 4 18 56 32 76 64 81 
37 4 86 46 102 6 46 63 167 
34 40 88 65 37 101 15 44 64 
13 52 100 73 69 35 74 75 161 
96 51 70 83 63 95 77 19 165 
73 81 59 48 29 30 8 10 169 
41 17 102 5 5 14 101 65 26 
42 66 37 53 75 29 27 52 27 
16 53 79 95 89 21 21 44 128 
76 67 25 73 67 61 52 34 119 
81 94 47 58 83 100 84 37 109 
48 22 9 32 22 80 17 94 116 
8 48 29 83 86 63 51 27 199 
