2 1
250
73 17 112 
38 13 85 
23 44 201 
55 36 157 
61 63 106 
85 69 86 
20 72 179 
16 85 202 
26 61 173 
43 70 132 
72 57 71 
20 47 165 
11 23 5 
54 63 195 
34 77 132 
22 29 74 
18 14 74 
52 77 156 
47 59 67 
57 13 107 
58 82 150 
36 85 161 
44 43 36 
73 75 96 
42 67 20 
94 83 18 
37 6 66 
51 28 116 
31 22 164 
60 75 178 
51 56 21 
52 98 165 
24 100 187 
88 80 177 
21 47 80 
91 12 21 
69 55 156 
26 23 16 
22 9 112 
19 7 129 
101 86 138 
31 24 40 
39 92 143 
30 72 171 
19 51 55 
47 32 165 
20 42 23 
73 93 44 
13 27 70 
4 31 181 
28 8 189 
31 89 192 
21 92 48 
21 54 42 
42 41 170 
95 10 147 
83 77 158 
76 101 134 
55 30 190 
49 20 199 
88 37 125 
83 4 131 
93 90 127 
34 28 84 
60 101 179 
92 33 107 
40 21 36 
64 23 111 
13 55 16 
29 78 121 
3 74 147 
27 36 37 
61 61 77 
21 4 42 
12 51 101 
39 18 203 
80 64 198 
43 11 202 
82 26 30 
9 72 102 
59 65 26 
5 33 111 
71 35 133 
72 33 148 
17 21 36 
99 54 147 
7 77 76 
9 51 30 
64 61 129 
75 47 22 
6 55 181 
90 64 80 
10 9 38 
97 70 170 
37 10 65 
26 29 184 
84 85 147 
44 4 194 
15 52 31 
100 43 147 
93 98 179 
57 69 161 
86 29 117 
81 91 93 
56 12 16 
56 75 86 
84 40 68 
75 92 126 
40 64 105 
96 77 27 
26 12 136 
48 6 147 
98 81 86 
55 43 203 
35 6 192 
29 90 187 
90 61 157 
75 18 7 
41 20 14 
28 19 12 
29 92 107 
46 56 162 
80 10 14 
37 60 191 
2 32 198 
35 41 177 
69 13 151 
61 7 34 
38 53 192 
66 9 175 
68 71 127 
38 27 104 
50 91 102 
17 51 163 
88 55 4 
85 75 176 
8 8 161 
21 61 15 
33 70 174 
38 11 8 
87 17 4 
22 72 181 
34 66 10 
49 88 104 
39 54 128 
96 76 107 
17 55 161 
10 60 4 
9 48 23 
57 7 118 
67 13 164 
48 32 70 
81 67 171 
14 54 21 
84 61 44 
30 84 15 
46 39 193 
35 23 116 
26 79 116 
2 16 49 
80 78 119 
49 83 152 
72 93 47 
30 17 18 
70 5 4 
71 28 202 
82 80 131 
6 13 140 
65 34 184 
26 24 109 
79 81 107 
62 36 154 
53 37 159 
48 60 187 
87 18 46 
88 67 39 
57 57 105 
59 22 73 
62 76 134 
92 86 101 
86 49 140 
71 53 75 
58 10 141 
28 20 186 
23 36 43 
75 22 194 
49 79 138 
74 71 139 
4 22 121 
19 3 124 
12 64 105 
31 64 25 
25 18 133 
87 32 117 
52 32 75 
62 38 175 
17 89 112 
72 45 17 
84 14 159 
3 69 64 
79 42 17 
10 18 117 
42 94 147 
11 52 10 
32 63 96 
12 24 81 
33 44 172 
75 4 30 
8 42 40 
46 49 103 
35 24 101 
36 10 184 
51 43 30 
82 22 90 
16 8 77 
53 42 167 
63 74 184 
41 72 51 
49 6 79 
96 5 156 
40 98 94 
23 78 58 
57 98 110 
58 63 165 
27 54 46 
43 61 195 
79 57 202 
39 85 154 
62 97 108 
27 90 10 
54 58 80 
39 44 50 
100 95 63 
11 98 92 
30 7 24 
11 15 38 
5 8 94 
45 19 98 
79 3 30 
72 63 166 
78 32 19 
52 6 12 
44 90 22 
100 45 136 
67 70 122 
57 11 159 
67 53 166 
36 24 167 
60 11 80 
93 62 85 
