2 1
250
69 5 190 
46 8 51 
97 70 70 
61 3 12 
28 25 85 
39 12 36 
49 54 97 
27 82 55 
26 14 22 
74 40 90 
87 3 12 
80 31 105 
70 26 158 
89 88 157 
46 8 174 
95 31 161 
52 90 34 
98 80 21 
85 44 47 
69 22 193 
16 25 61 
92 77 204 
2 50 191 
92 72 176 
42 62 136 
72 82 151 
43 33 170 
33 24 104 
30 91 49 
98 97 178 
31 3 11 
85 74 129 
49 56 66 
87 94 164 
87 62 38 
32 58 37 
45 15 127 
50 28 181 
13 85 5 
81 65 175 
78 7 110 
8 63 141 
83 59 180 
5 25 54 
44 58 81 
5 48 127 
35 100 69 
8 54 168 
27 83 154 
18 73 182 
63 71 187 
48 11 180 
28 81 201 
51 50 202 
31 42 184 
38 8 143 
52 10 77 
42 48 133 
54 72 107 
74 83 165 
95 67 175 
101 44 111 
36 98 96 
53 79 137 
65 85 102 
36 79 28 
94 91 153 
7 69 129 
54 23 49 
29 96 80 
38 57 199 
20 58 170 
15 33 198 
38 4 23 
25 101 66 
72 78 129 
17 20 192 
41 82 189 
8 90 201 
25 49 45 
33 10 6 
10 17 46 
71 47 57 
69 23 95 
18 58 178 
67 84 139 
33 83 93 
62 14 155 
47 99 154 
7 14 140 
86 93 171 
78 7 192 
10 17 171 
12 3 65 
38 50 199 
50 26 50 
7 43 14 
33 93 135 
78 72 195 
28 65 39 
49 66 68 
61 84 63 
64 41 105 
95 58 137 
86 23 164 
16 27 130 
80 99 149 
54 2 146 
65 56 203 
20 2 72 
100 84 108 
67 65 77 
101 79 136 
69 88 172 
75 14 173 
41 49 143 
88 65 94 
34 50 136 
47 97 131 
63 98 59 
33 46 82 
18 97 152 
16 21 119 
45 17 99 
99 13 24 
91 81 180 
88 26 16 
32 34 78 
91 68 70 
88 22 140 
75 39 165 
40 38 86 
47 58 36 
12 27 58 
14 45 99 
100 37 76 
57 59 34 
78 77 149 
23 3 27 
4 29 60 
43 30 202 
92 72 158 
70 61 153 
71 46 48 
73 78 201 
81 20 182 
92 93 65 
99 33 130 
54 99 128 
10 19 74 
31 45 61 
91 72 198 
31 24 150 
73 32 156 
64 88 28 
96 7 202 
76 44 170 
25 14 74 
99 46 198 
38 40 148 
17 62 88 
41 42 4 
95 85 14 
4 52 196 
18 21 126 
57 37 93 
52 61 190 
65 36 152 
54 8 64 
96 93 55 
102 95 172 
3 58 144 
36 25 95 
14 2 46 
95 75 188 
89 9 191 
76 44 20 
54 87 162 
81 54 54 
70 89 70 
72 102 187 
82 4 116 
14 17 130 
93 23 26 
101 41 120 
73 72 126 
84 67 203 
39 21 101 
19 50 19 
7 24 10 
47 68 74 
15 43 3 
32 15 146 
38 77 188 
32 86 44 
99 55 96 
23 10 166 
67 88 46 
36 35 165 
45 65 110 
50 9 191 
61 48 115 
78 88 198 
60 43 118 
92 48 185 
9 9 74 
30 22 193 
64 86 29 
25 82 162 
16 81 19 
22 90 103 
19 89 138 
101 72 77 
67 23 137 
51 65 138 
26 77 83 
33 29 55 
47 17 89 
61 88 49 
82 39 136 
78 64 18 
91 40 109 
10 75 121 
25 11 76 
100 65 202 
30 15 44 
48 101 13 
41 85 107 
84 77 149 
9 61 4 
46 21 70 
73 91 121 
61 62 53 
16 18 6 
83 10 38 
91 49 107 
46 33 151 
5 36 78 
63 39 163 
58 9 129 
82 3 31 
60 81 184 
5 29 151 
42 71 108 
98 34 170 
6 60 152 
36 95 59 
23 65 58 
29 43 173 
98 12 107 
