2 1
250
29 96 198 
86 91 72 
57 74 112 
29 32 107 
55 79 154 
77 25 91 
72 39 100 
10 64 199 
22 48 120 
47 13 185 
75 46 106 
56 40 94 
7 90 97 
88 65 179 
23 21 131 
80 58 92 
46 37 15 
72 90 116 
34 21 67 
102 66 88 
78 11 124 
66 56 175 
2 101 80 
31 72 74 
99 86 151 
63 89 88 
36 45 185 
16 3 155 
86 5 115 
97 24 40 
16 7 51 
7 11 111 
29 59 134 
80 79 117 
8 16 134 
73 75 9 
85 73 65 
91 68 45 
54 64 18 
87 82 105 
32 7 158 
22 18 133 
13 94 153 
22 36 64 
79 58 134 
36 10 178 
12 15 61 
55 14 104 
90 26 81 
5 55 97 
48 44 157 
16 50 147 
81 88 201 
3 61 166 
31 65 77 
3 14 23 
58 20 112 
23 76 137 
24 79 190 
29 34 187 
28 10 81 
29 75 188 
56 66 17 
95 56 46 
90 12 110 
50 26 102 
15 89 27 
31 49 72 
95 28 139 
12 94 146 
81 54 110 
9 77 105 
44 3 183 
47 48 100 
5 64 132 
34 34 132 
15 76 109 
46 16 94 
81 99 126 
7 37 99 
26 47 146 
38 16 6 
70 84 73 
5 8 48 
62 71 84 
66 28 173 
72 63 190 
6 98 39 
20 37 80 
10 30 159 
92 39 137 
44 23 5 
79 69 99 
64 66 105 
31 13 139 
33 86 93 
7 17 147 
79 37 151 
57 23 100 
55 20 161 
65 62 111 
59 15 141 
58 20 99 
41 89 120 
38 10 197 
44 76 175 
52 90 106 
96 6 27 
8 15 7 
95 89 204 
55 26 101 
71 101 10 
99 74 199 
101 77 136 
99 67 60 
15 42 56 
79 14 96 
65 5 63 
30 71 116 
44 53 204 
68 65 64 
50 88 130 
11 69 19 
95 48 6 
90 53 28 
87 99 80 
86 95 149 
78 18 153 
55 93 44 
21 44 63 
49 57 45 
100 35 25 
37 51 162 
67 6 150 
20 86 137 
47 76 107 
19 44 148 
20 60 118 
29 92 97 
58 97 195 
45 92 53 
80 48 185 
82 92 39 
3 52 99 
62 21 183 
102 60 66 
10 10 35 
71 4 203 
60 32 198 
66 73 88 
66 81 112 
86 24 29 
50 42 80 
78 67 172 
36 18 189 
26 60 82 
70 30 67 
18 50 176 
81 76 181 
28 22 34 
96 18 41 
78 39 145 
96 78 196 
78 54 39 
95 33 91 
34 37 175 
9 36 146 
59 98 89 
12 51 64 
70 6 100 
27 24 41 
25 85 99 
67 60 162 
24 33 168 
46 94 156 
16 25 36 
44 49 81 
5 21 177 
47 38 44 
78 67 180 
42 28 146 
50 54 61 
101 72 100 
98 69 157 
9 87 7 
91 16 9 
69 98 55 
16 28 117 
11 23 9 
35 80 96 
29 91 190 
93 84 12 
13 98 84 
49 18 108 
70 49 164 
64 99 70 
86 58 47 
19 11 141 
64 28 2 
16 41 63 
28 68 188 
4 71 160 
86 18 9 
100 80 38 
65 22 165 
76 48 162 
79 49 52 
72 51 47 
26 12 163 
26 31 114 
7 98 118 
12 23 102 
62 68 159 
4 80 165 
32 88 159 
7 57 181 
90 91 164 
23 40 187 
8 58 36 
72 80 121 
100 62 178 
50 94 167 
63 55 204 
33 15 163 
3 77 140 
46 42 128 
47 22 114 
93 38 83 
77 86 121 
68 7 132 
35 93 180 
21 6 40 
96 84 192 
98 46 6 
91 59 154 
2 22 129 
25 64 35 
57 27 120 
6 9 49 
49 74 19 
25 97 99 
37 100 48 
94 84 146 
52 52 119 
70 51 155 
55 4 163 
67 77 131 
98 45 88 
50 80 135 
32 17 197 
