4 1
250
37 98 82 84 47 
45 54 18 66 180 
49 7 45 12 67 
62 41 32 92 55 
18 38 34 84 190 
4 96 37 48 183 
91 84 31 78 68 
48 24 34 28 39 
101 87 58 73 67 
10 31 50 58 75 
93 26 4 85 35 
101 65 100 91 42 
51 18 72 76 202 
67 78 70 79 176 
40 10 5 73 56 
33 83 63 51 173 
75 49 82 12 201 
68 81 49 61 71 
85 26 44 9 142 
85 17 84 74 136 
35 63 73 72 200 
85 22 33 58 174 
20 4 51 6 96 
5 39 63 78 70 
88 31 10 45 9 
16 67 99 4 91 
18 101 92 85 107 
14 78 12 14 33 
47 51 93 76 33 
83 78 40 62 136 
48 56 8 40 165 
6 55 30 68 172 
20 26 31 14 141 
22 14 68 54 71 
29 29 51 62 181 
39 40 36 29 48 
40 29 38 38 199 
64 95 53 4 99 
61 50 46 29 199 
23 22 81 7 196 
70 12 88 28 82 
22 7 47 52 89 
69 21 3 46 95 
93 89 95 16 17 
29 63 65 6 153 
81 85 24 65 138 
20 60 31 33 112 
31 43 12 98 159 
59 49 3 61 166 
43 49 2 83 15 
36 29 67 100 142 
9 48 83 54 125 
38 85 84 85 53 
10 92 71 91 37 
52 79 99 38 104 
81 62 6 25 70 
33 85 43 59 69 
93 95 33 64 98 
84 62 60 37 86 
75 67 20 36 149 
53 80 13 66 117 
58 31 31 49 184 
49 44 60 20 62 
55 45 28 52 71 
17 61 10 44 73 
92 21 64 97 158 
16 44 72 52 169 
55 74 79 102 157 
64 66 85 74 3 
42 3 42 7 180 
32 41 71 102 119 
94 73 71 30 138 
39 69 36 72 156 
7 74 10 37 157 
83 68 28 75 149 
53 78 38 43 194 
90 81 60 9 97 
77 75 73 95 186 
85 5 50 34 82 
97 33 15 97 195 
70 96 7 30 16 
66 15 98 29 16 
17 36 30 35 161 
60 11 29 25 6 
34 3 17 46 192 
81 20 96 35 159 
22 65 43 48 57 
97 76 31 102 169 
63 79 45 88 155 
50 76 17 56 167 
87 5 92 95 130 
69 80 63 36 59 
48 21 65 51 178 
55 96 85 8 172 
86 82 29 42 84 
57 60 32 70 95 
6 5 42 53 189 
19 75 50 84 124 
18 15 98 74 76 
44 16 96 101 49 
57 93 11 72 199 
7 78 52 55 18 
11 51 95 90 50 
46 81 13 58 144 
82 48 3 48 139 
73 86 58 5 200 
43 66 33 47 187 
15 96 73 56 179 
43 24 97 76 107 
70 22 10 50 189 
65 5 40 31 89 
11 93 66 4 56 
23 22 49 57 138 
47 20 50 98 24 
52 10 60 71 61 
60 53 29 96 2 
53 79 10 13 72 
40 28 4 4 169 
24 32 71 29 137 
23 77 42 9 17 
52 73 13 39 88 
57 47 71 102 174 
59 66 72 4 154 
46 14 38 22 60 
20 18 49 16 180 
22 42 32 4 18 
85 14 22 88 104 
82 68 73 70 163 
95 59 5 19 54 
60 62 69 54 49 
11 41 22 80 181 
36 27 99 51 48 
17 17 69 93 6 
48 47 86 53 194 
80 42 70 42 73 
63 15 32 90 63 
62 75 80 81 202 
46 94 43 99 36 
57 70 25 47 132 
81 93 13 16 164 
16 78 17 59 93 
71 73 81 45 58 
22 96 11 21 128 
44 38 90 94 119 
56 5 88 36 82 
12 20 25 78 116 
72 4 18 10 35 
85 60 23 36 63 
76 15 100 72 197 
63 61 6 85 46 
44 5 21 58 55 
12 92 83 19 74 
53 50 5 88 118 
20 81 4 4 162 
87 17 56 64 173 
43 7 18 40 161 
53 15 42 56 31 
70 85 62 84 14 
95 79 6 100 161 
28 12 14 14 160 
85 59 4 6 77 
29 51 58 74 174 
7 76 45 41 173 
40 10 51 74 183 
37 21 22 98 176 
10 14 58 86 120 
33 95 6 62 196 
96 13 38 19 178 
21 29 90 98 3 
21 36 67 16 84 
20 63 42 25 89 
66 39 8 20 61 
18 95 74 15 111 
15 72 85 45 186 
29 73 33 87 145 
10 33 26 98 137 
76 49 44 45 84 
72 55 83 19 67 
58 7 21 90 147 
28 57 77 44 179 
51 53 24 25 30 
49 32 57 54 73 
35 16 12 53 114 
71 53 31 75 171 
62 91 68 13 72 
24 55 45 15 93 
55 58 83 10 37 
25 27 21 32 191 
43 100 31 84 203 
44 97 70 34 7 
76 27 4 61 59 
63 87 13 90 188 
96 88 44 9 167 
79 35 4 36 68 
46 35 101 81 89 
64 62 86 13 189 
29 87 13 12 144 
30 56 25 82 117 
40 15 33 40 204 
56 57 24 2 47 
12 95 36 101 120 
44 28 25 17 135 
3 2 2 98 134 
11 77 34 39 110 
25 12 25 79 194 
33 4 64 81 182 
9 40 86 91 169 
36 53 14 54 60 
4 32 9 16 115 
40 15 37 74 186 
81 26 87 49 202 
102 72 59 6 56 
42 66 46 28 121 
66 18 13 15 65 
59 65 82 10 106 
95 5 10 23 118 
20 69 91 90 22 
85 54 39 92 169 
66 96 9 27 181 
40 88 83 57 188 
23 4 23 43 71 
18 46 79 97 14 
99 64 38 49 19 
75 77 58 19 155 
13 81 24 33 137 
65 58 56 22 30 
9 24 55 31 75 
19 48 50 56 192 
41 77 44 85 174 
5 60 62 19 34 
65 31 66 81 165 
44 82 93 76 145 
62 92 59 84 202 
77 10 9 13 188 
29 29 4 24 77 
38 39 40 48 132 
7 97 40 6 105 
80 60 76 50 192 
39 57 76 85 72 
51 20 62 87 22 
96 53 52 27 181 
38 29 44 44 93 
6 43 47 12 135 
66 54 55 32 44 
20 36 61 19 113 
74 55 21 90 180 
20 79 56 38 144 
57 48 15 18 33 
53 18 34 5 183 
97 12 66 19 144 
