2 1
250
61 12 153 
79 37 124 
63 62 80 
89 3 32 
88 45 196 
96 37 124 
15 82 52 
101 62 109 
9 79 184 
61 81 108 
72 56 168 
70 65 101 
44 27 144 
78 77 141 
35 3 76 
30 66 182 
17 42 57 
19 44 155 
53 62 104 
24 73 120 
72 4 166 
88 19 97 
35 20 164 
49 54 22 
92 39 12 
58 68 121 
19 81 27 
3 46 80 
27 54 27 
9 19 7 
101 22 111 
14 8 150 
90 49 171 
91 97 95 
11 70 179 
19 29 11 
73 97 193 
93 7 187 
48 71 119 
45 63 133 
37 28 4 
80 50 68 
58 80 66 
34 70 39 
77 29 172 
69 95 157 
53 10 53 
10 38 46 
10 9 31 
64 69 76 
17 47 177 
20 57 141 
47 33 41 
57 63 102 
75 41 56 
78 18 160 
9 81 156 
83 93 107 
42 29 183 
81 72 85 
20 96 25 
97 18 49 
34 59 149 
17 24 126 
60 98 97 
77 37 199 
97 34 186 
38 57 180 
62 37 110 
37 80 57 
82 67 125 
80 39 138 
40 80 48 
6 46 121 
8 94 116 
17 25 195 
7 67 189 
94 87 79 
52 84 80 
25 36 167 
71 99 161 
47 38 117 
3 81 121 
82 39 116 
77 93 179 
34 33 129 
33 48 25 
60 32 30 
37 90 165 
25 31 114 
31 17 90 
43 36 97 
82 62 116 
101 16 91 
39 27 58 
38 19 190 
52 19 105 
78 94 182 
72 13 138 
67 12 99 
78 80 104 
5 53 46 
15 36 117 
43 54 145 
8 34 65 
69 24 11 
88 101 144 
89 75 25 
6 55 49 
57 72 48 
81 18 102 
10 25 76 
96 35 152 
8 25 170 
38 12 134 
82 72 123 
60 5 183 
65 81 25 
80 91 12 
41 101 201 
101 60 131 
36 63 75 
23 100 20 
97 76 181 
32 83 155 
90 53 129 
48 26 169 
65 99 138 
35 18 76 
40 33 70 
34 56 71 
78 9 134 
21 4 100 
31 62 148 
53 65 62 
3 35 200 
38 92 79 
44 95 153 
18 38 124 
98 3 92 
102 85 137 
77 65 41 
56 57 152 
13 70 101 
17 19 132 
13 14 72 
40 34 172 
41 5 84 
98 92 125 
61 62 145 
7 25 5 
6 32 157 
7 78 203 
12 49 159 
26 27 46 
91 29 157 
12 7 51 
28 60 141 
63 63 163 
28 81 151 
60 97 193 
5 8 93 
49 13 178 
90 7 73 
37 30 174 
8 17 159 
21 8 128 
86 51 113 
48 81 132 
35 45 141 
99 81 198 
28 54 107 
85 23 40 
79 44 36 
92 25 204 
91 93 64 
86 57 95 
4 10 149 
13 76 95 
42 59 57 
83 17 139 
20 92 56 
40 11 156 
35 25 193 
61 44 132 
48 96 55 
57 59 179 
36 51 180 
25 97 146 
27 17 158 
8 45 130 
94 98 57 
51 74 67 
75 53 169 
57 53 66 
54 45 134 
10 68 163 
22 87 204 
42 49 134 
82 97 194 
58 16 192 
101 29 163 
33 69 96 
39 99 47 
96 84 14 
7 81 201 
58 74 108 
8 18 101 
100 88 120 
65 54 101 
64 71 157 
39 19 78 
91 58 49 
54 23 154 
21 73 141 
59 28 8 
96 37 138 
69 26 49 
44 52 198 
47 3 85 
23 70 34 
99 77 59 
48 58 133 
71 18 49 
77 6 105 
79 89 93 
82 42 124 
57 72 36 
84 98 93 
56 97 138 
42 46 113 
85 33 109 
62 24 196 
43 14 142 
40 27 40 
46 93 41 
74 67 130 
54 67 125 
83 68 200 
101 17 162 
85 94 126 
99 30 149 
71 95 150 
100 19 133 
51 41 59 
93 19 92 
100 40 11 
28 83 62 
6 90 161 
96 4 132 
