4 1
250
98 53 26 35 17 
39 36 92 30 42 
52 34 50 56 14 
69 83 44 77 43 
97 35 20 46 66 
77 64 80 94 131 
10 88 28 13 140 
60 26 14 44 155 
33 100 30 50 167 
48 35 101 51 5 
6 87 68 99 101 
65 36 82 4 67 
77 58 100 66 27 
66 8 39 88 100 
45 71 102 101 183 
98 7 72 64 175 
44 65 31 93 124 
25 22 31 64 13 
26 46 12 12 3 
76 3 66 37 38 
42 98 15 3 121 
37 87 68 9 109 
60 66 20 18 184 
14 30 9 5 182 
45 79 77 83 52 
100 61 92 101 33 
98 42 37 46 95 
48 51 30 34 54 
40 56 24 11 98 
62 29 96 22 180 
48 96 63 48 153 
65 23 35 78 124 
78 97 69 94 118 
20 31 75 72 90 
65 102 77 79 104 
91 57 68 35 132 
74 67 73 13 141 
4 81 91 71 170 
27 19 54 74 102 
46 89 32 54 62 
33 55 26 78 52 
49 21 86 97 175 
9 57 101 14 181 
14 26 58 25 114 
41 42 6 89 39 
49 50 5 30 16 
4 28 16 6 68 
21 42 97 88 47 
84 97 95 86 155 
72 19 42 85 79 
22 33 9 98 185 
93 51 39 59 160 
101 18 58 90 171 
84 43 98 81 143 
73 31 72 3 150 
46 49 22 14 99 
31 10 22 92 178 
73 21 20 15 86 
71 5 39 10 49 
68 41 7 102 191 
32 24 63 15 137 
92 63 8 25 97 
47 31 28 11 101 
93 98 68 3 27 
65 24 85 39 3 
70 94 64 80 17 
7 44 22 20 38 
10 48 9 25 198 
13 15 98 68 198 
42 80 30 61 66 
72 75 6 89 63 
10 41 26 15 203 
100 100 30 17 88 
5 11 10 93 86 
47 91 46 6 6 
52 29 19 42 124 
92 66 6 48 77 
34 40 35 90 23 
70 24 97 25 202 
15 87 82 25 193 
34 72 38 19 177 
83 31 101 87 164 
83 24 86 54 22 
36 96 84 80 23 
67 78 22 83 150 
25 97 23 7 182 
68 49 95 48 60 
21 30 89 61 115 
5 41 50 10 62 
48 40 44 15 134 
20 4 4 15 62 
58 52 57 46 130 
89 10 96 98 30 
36 31 40 26 184 
8 9 25 24 16 
28 30 15 53 57 
87 54 9 42 145 
66 47 82 18 149 
71 75 45 98 142 
97 47 53 95 195 
19 101 21 25 122 
13 81 81 8 10 
30 40 6 18 159 
36 3 56 27 103 
91 51 25 53 45 
35 66 29 55 25 
83 79 21 58 23 
88 36 86 83 123 
87 68 76 14 92 
34 71 29 20 73 
97 93 28 45 15 
70 79 70 4 56 
49 53 29 97 49 
53 21 50 8 187 
3 19 75 68 134 
26 77 13 8 183 
66 39 11 20 36 
92 53 78 51 88 
11 68 84 56 28 
36 41 81 90 190 
15 23 23 28 72 
80 20 62 80 169 
95 68 63 15 129 
12 44 11 80 69 
3 45 101 65 168 
37 37 21 55 65 
87 98 24 15 157 
46 19 85 85 80 
74 93 100 69 102 
46 7 71 93 8 
94 32 3 57 189 
72 24 59 46 203 
45 100 9 49 200 
99 45 50 38 41 
95 61 28 41 124 
12 47 34 16 80 
32 68 30 52 83 
57 96 69 23 15 
24 61 41 85 196 
76 85 53 71 107 
2 59 35 74 22 
34 5 64 97 168 
27 92 46 7 143 
79 72 59 9 88 
5 78 29 32 199 
36 23 45 45 177 
29 96 65 63 80 
75 35 58 42 17 
54 34 74 41 166 
34 17 35 16 41 
6 28 46 28 101 
26 32 6 76 155 
14 62 21 10 114 
34 29 84 69 197 
46 16 19 101 185 
73 6 90 51 135 
21 89 31 26 168 
2 51 39 14 31 
45 31 84 67 196 
94 16 66 85 101 
7 35 69 19 153 
93 12 47 38 160 
22 44 57 11 116 
27 33 97 28 114 
85 92 72 54 109 
17 34 54 5 202 
59 42 7 101 125 
88 22 14 51 187 
93 6 3 36 193 
4 76 75 10 146 
63 21 39 30 137 
17 65 17 66 123 
61 60 44 39 44 
82 38 58 50 144 
6 21 47 37 133 
81 90 38 60 106 
43 61 45 34 80 
40 5 80 35 94 
26 8 50 92 68 
35 64 67 15 32 
68 21 27 40 138 
44 75 5 65 180 
29 29 59 15 40 
2 16 12 100 169 
79 60 25 4 96 
100 73 58 4 66 
19 26 25 45 176 
24 35 7 66 198 
67 2 17 47 39 
99 51 37 73 68 
20 53 69 33 78 
9 98 25 93 141 
73 20 2 33 145 
5 6 16 29 197 
69 11 48 3 37 
79 45 80 86 103 
51 37 87 71 29 
68 59 94 8 161 
28 13 16 98 55 
49 102 86 76 33 
95 37 11 76 136 
11 7 68 15 125 
66 20 41 44 42 
37 34 33 20 13 
48 14 10 50 145 
58 97 52 77 144 
79 62 6 71 117 
16 29 13 5 10 
62 93 81 47 32 
10 74 74 78 185 
17 71 68 71 141 
83 29 63 5 23 
16 57 93 45 171 
6 17 72 86 14 
11 23 30 16 93 
57 34 65 35 129 
86 25 76 86 113 
10 95 37 102 155 
88 68 10 95 183 
7 3 38 63 24 
95 4 90 72 168 
96 43 55 26 30 
51 66 30 42 55 
93 83 9 90 154 
13 82 73 11 41 
45 15 37 26 83 
56 98 4 24 143 
85 37 6 4 124 
69 43 13 88 56 
24 40 70 69 200 
26 96 50 88 204 
15 33 81 53 81 
84 9 31 85 123 
56 64 8 73 90 
59 79 7 30 18 
72 70 87 84 198 
7 47 70 28 34 
62 49 18 24 116 
54 58 55 65 161 
63 14 30 28 150 
62 34 99 25 86 
50 91 23 80 62 
47 48 99 56 70 
39 41 5 70 203 
8 48 86 16 187 
3 25 43 51 98 
60 42 61 11 77 
76 50 46 86 139 
73 28 40 95 25 
8 60 101 32 87 
