8 1
250
6 13 23 97 9 52 101 5 188 
61 42 90 15 66 95 19 8 28 
25 25 72 101 27 7 31 102 122 
74 27 62 20 39 11 98 25 195 
53 62 17 52 67 95 99 96 122 
77 77 40 50 83 32 67 30 130 
101 7 88 18 68 9 93 29 159 
34 43 5 81 19 43 100 68 95 
100 75 59 79 4 33 48 56 52 
24 26 46 32 56 10 47 99 40 
12 38 96 10 61 40 18 67 110 
58 98 60 99 52 17 86 69 113 
8 24 5 57 72 14 84 71 9 
36 4 89 97 36 22 24 90 63 
54 92 17 21 63 39 80 92 119 
69 27 76 30 49 89 55 41 155 
18 57 68 83 27 91 37 84 130 
68 63 64 40 77 65 87 33 157 
42 89 62 68 79 82 56 17 91 
32 8 57 102 44 97 46 8 67 
66 73 66 27 86 82 75 13 59 
98 31 53 13 45 18 12 15 105 
17 52 81 88 29 12 47 7 155 
11 69 22 68 95 71 33 23 123 
14 17 6 82 95 67 54 60 177 
96 21 64 41 92 31 46 31 114 
55 81 46 57 83 80 6 67 93 
11 32 38 84 82 24 57 100 200 
49 37 60 16 36 71 26 53 177 
15 71 79 93 24 66 15 79 86 
18 60 36 27 78 30 22 45 60 
53 14 41 42 86 94 32 99 193 
99 42 47 78 33 31 94 92 195 
70 20 10 73 71 5 83 42 82 
66 24 60 32 95 93 42 75 82 
50 75 87 86 63 27 72 18 78 
99 42 29 7 35 88 34 54 53 
23 81 45 38 61 46 54 69 153 
38 69 48 56 38 60 92 46 36 
13 86 59 85 4 55 67 86 203 
15 61 91 74 100 44 67 21 191 
98 14 16 43 34 96 53 35 100 
93 44 7 71 17 91 71 24 139 
70 40 80 93 72 77 47 42 18 
88 66 72 7 91 19 67 95 66 
5 72 54 65 34 70 6 76 86 
97 46 46 102 5 78 76 99 165 
18 8 44 41 97 94 88 67 142 
81 89 55 90 6 24 59 68 107 
18 8 8 11 88 98 36 52 195 
66 88 63 96 33 94 38 51 179 
92 67 77 62 79 69 101 27 179 
91 9 42 24 44 39 26 60 187 
77 8 21 48 7 47 99 24 162 
10 87 58 63 54 57 36 70 5 
79 58 31 42 12 63 10 47 90 
57 44 46 26 72 75 3 63 89 
70 46 62 32 65 56 89 93 84 
34 29 56 88 90 77 38 49 7 
65 37 98 60 40 62 3 44 164 
38 87 17 85 63 93 14 68 50 
44 50 95 77 54 21 22 79 38 
91 71 56 71 90 25 72 40 55 
49 12 8 2 30 23 76 54 15 
28 51 69 65 76 24 53 96 202 
12 90 85 79 40 63 44 14 148 
28 69 99 94 15 25 67 67 116 
20 44 22 73 2 3 15 97 59 
53 29 97 34 20 96 26 62 103 
45 72 74 47 60 18 51 50 174 
12 36 37 46 100 11 68 35 108 
82 41 90 84 65 45 35 93 174 
79 96 50 4 70 55 75 24 193 
87 75 85 5 24 54 18 6 125 
95 9 31 88 68 88 44 46 46 
64 63 9 30 14 69 33 74 111 
39 9 67 85 74 78 16 83 122 
71 78 19 37 69 62 84 43 172 
58 93 29 64 63 26 33 12 125 
90 58 64 18 74 52 100 81 197 
98 12 37 55 73 87 28 75 139 
7 29 97 49 48 73 85 77 164 
29 76 48 44 54 64 17 29 52 
100 55 6 68 39 90 66 89 65 
51 5 22 44 38 90 58 28 170 
68 43 13 93 35 99 72 74 11 
52 56 60 75 40 47 63 31 42 
66 41 92 9 86 61 42 36 149 
62 87 40 60 88 28 81 51 175 
16 9 22 10 98 67 85 16 69 
75 78 66 77 83 9 70 94 178 
95 61 59 54 53 102 26 12 178 
68 93 70 34 97 92 61 49 46 
2 58 45 27 26 72 28 69 118 
11 87 5 33 93 96 41 88 183 
30 65 58 22 86 88 80 19 47 
67 43 83 76 18 37 87 69 75 
46 69 38 89 27 86 44 17 51 
86 37 3 76 96 11 2 33 172 
68 83 74 59 49 9 50 63 55 
79 36 71 70 48 25 60 96 40 
56 43 39 74 80 70 64 96 168 
24 93 49 74 76 87 53 21 178 
66 90 22 31 42 67 60 67 166 
57 18 91 80 18 101 92 49 183 
49 96 5 6 97 55 26 28 142 
81 6 62 86 19 29 38 95 15 
101 26 3 74 16 15 89 9 160 
95 46 77 50 84 29 97 6 53 
86 62 95 69 7 16 97 80 126 
23 73 100 64 43 25 95 93 47 
91 76 82 92 19 90 77 33 168 
96 34 24 35 91 15 4 54 68 
16 34 21 89 79 38 53 68 74 
82 33 4 54 57 93 7 9 62 
47 96 46 7 94 76 34 3 96 
41 91 84 87 62 92 92 81 122 
5 4 99 46 41 53 54 97 203 
82 44 79 33 30 84 85 58 118 
91 11 42 47 57 78 91 14 158 
55 96 73 15 64 78 34 4 12 
35 4 58 94 54 99 77 54 122 
72 10 63 3 4 6 34 3 144 
22 60 49 23 56 28 76 101 3 
30 69 81 3 101 28 79 52 112 
4 99 58 44 73 5 19 21 9 
18 55 94 69 83 64 8 14 92 
60 14 49 31 20 55 99 48 174 
82 71 11 37 25 54 52 32 10 
16 79 89 46 6 37 25 60 97 
10 64 88 20 97 89 83 21 80 
10 75 81 5 48 26 20 39 103 
96 83 31 42 19 53 60 93 71 
59 16 10 14 8 62 8 90 173 
101 64 76 24 56 6 15 44 118 
27 13 34 65 28 69 87 30 159 
20 70 46 38 62 6 55 26 12 
33 98 68 21 99 60 42 21 153 
77 74 28 27 29 77 95 35 164 
5 96 90 42 29 80 84 90 42 
42 65 5 73 71 32 101 84 95 
93 8 16 76 25 9 94 12 115 
53 95 43 71 44 29 26 52 61 
19 93 71 90 38 10 40 101 116 
74 7 6 98 28 47 31 4 56 
68 31 73 84 50 19 24 33 195 
81 73 23 78 49 21 3 84 186 
79 5 72 8 38 26 52 22 13 
54 57 69 97 42 42 2 60 45 
60 37 45 54 68 7 15 61 59 
38 98 60 87 97 46 56 54 203 
58 62 95 50 33 30 13 72 155 
31 86 34 83 78 91 100 45 97 
51 27 39 67 95 79 98 17 50 
50 69 62 26 43 90 43 46 201 
30 12 6 17 43 98 31 86 154 
98 57 22 71 89 54 98 8 57 
64 93 68 18 54 19 6 66 7 
18 7 44 46 42 34 92 71 68 
45 36 86 43 38 11 4 101 123 
5 81 82 10 29 38 63 80 109 
34 14 60 89 12 79 95 15 162 
35 55 17 90 81 20 21 55 147 
45 24 57 60 16 55 59 3 174 
25 9 80 9 85 63 81 60 118 
77 58 26 9 49 25 32 71 96 
46 17 102 64 91 76 66 19 117 
100 77 100 7 32 12 94 73 15 
4 28 72 56 11 23 63 46 198 
50 39 76 34 30 47 9 15 175 
88 63 20 6 45 68 6 83 170 
61 73 28 16 16 79 19 30 89 
79 92 8 80 3 47 79 18 165 
84 69 49 55 100 20 26 8 21 
90 100 85 6 52 31 40 3 151 
73 36 24 100 17 102 4 32 48 
82 9 62 75 29 29 87 24 31 
39 8 75 10 92 10 69 30 63 
62 75 42 79 43 102 73 8 167 
60 87 53 49 54 69 97 46 202 
52 17 73 58 21 30 17 3 194 
3 65 46 16 33 89 72 44 118 
84 5 69 62 4 23 47 29 78 
65 92 56 8 15 48 11 20 29 
62 5 56 15 64 42 7 73 88 
39 46 56 67 79 12 12 14 83 
34 92 15 51 13 94 92 54 24 
43 97 52 100 7 15 75 12 80 
6 72 43 29 57 33 81 10 168 
86 100 15 47 98 3 8 79 58 
2 12 94 63 25 12 31 66 155 
95 42 41 43 94 69 73 8 88 
101 8 36 84 73 5 12 8 111 
100 98 101 51 93 30 87 75 203 
48 45 49 33 100 94 57 88 140 
45 45 8 48 75 92 60 9 145 
95 20 42 91 53 19 58 33 138 
79 46 50 13 58 21 70 27 129 
98 70 10 45 29 87 37 70 130 
50 54 25 11 92 86 59 94 113 
62 59 94 32 76 69 26 81 85 
22 34 89 90 80 50 29 65 81 
65 53 94 57 56 85 55 10 161 
46 70 56 66 56 66 66 10 139 
73 67 96 43 21 50 46 17 75 
78 62 77 76 84 30 47 96 85 
65 7 5 11 79 68 91 82 25 
89 58 80 25 26 71 83 58 198 
47 25 34 46 13 42 49 80 99 
6 72 88 29 21 62 25 2 9 
67 65 91 30 54 41 39 59 120 
60 54 38 8 96 28 32 2 146 
11 22 95 65 63 101 20 87 22 
27 62 39 20 3 26 67 17 190 
10 19 73 95 9 56 83 91 53 
14 100 78 62 98 21 90 15 165 
12 5 3 92 12 69 31 13 197 
23 42 54 15 42 81 35 24 169 
3 18 14 41 84 74 76 8 178 
36 68 66 20 32 89 45 57 27 
94 21 10 5 66 98 60 62 101 
75 101 60 99 29 76 38 90 198 
71 73 23 31 17 6 82 97 94 
35 5 12 66 72 87 68 43 8 
77 99 54 18 83 24 25 3 17 
31 39 41 92 84 44 92 76 172 
94 65 5 6 25 71 53 27 116 
41 11 31 75 33 88 73 63 184 
47 54 92 101 8 17 98 53 121 
9 45 23 70 76 98 3 77 161 
102 73 76 85 67 58 67 87 187 
80 59 8 55 21 23 54 47 46 
96 95 59 91 10 75 12 46 168 
38 72 37 35 74 58 9 73 184 
18 64 89 36 36 23 25 20 192 
55 55 27 101 19 31 76 9 168 
24 13 65 3 75 23 76 31 31 
58 47 87 51 48 49 33 38 169 
37 61 61 37 67 92 81 59 186 
60 38 56 8 61 67 76 87 124 
29 17 92 68 63 6 9 69 150 
11 6 9 79 70 83 49 41 98 
25 89 48 76 24 18 32 18 190 
63 52 87 22 77 63 89 7 43 
95 71 101 56 30 100 18 72 110 
86 82 70 75 62 22 19 53 201 
17 55 95 76 38 47 14 49 37 
90 91 30 48 93 66 63 56 145 
51 71 61 50 59 54 64 48 74 
27 90 92 67 5 27 64 74 106 
