6 1
250
36 27 9 56 49 28 31 
56 27 44 12 49 86 102 
27 37 47 48 64 51 120 
65 57 64 12 17 25 39 
68 79 19 60 56 97 120 
50 16 11 43 16 41 145 
101 19 73 72 14 22 155 
34 12 71 43 20 78 146 
72 47 47 34 5 98 180 
50 27 53 95 91 93 159 
23 38 8 50 12 90 132 
39 94 42 5 5 45 72 
69 50 19 38 21 89 159 
72 66 11 13 44 85 105 
95 21 79 25 31 100 24 
76 66 95 10 91 9 69 
55 7 31 102 56 56 164 
79 36 59 72 6 102 106 
74 99 39 69 7 16 92 
74 65 82 76 46 26 190 
86 26 30 32 83 47 35 
62 82 13 91 31 73 34 
87 21 55 27 100 61 7 
69 58 43 86 95 91 165 
44 51 28 11 32 89 189 
12 32 42 25 57 37 26 
19 28 81 78 45 31 179 
46 29 51 48 66 92 38 
70 89 49 90 58 38 38 
33 87 81 101 85 25 154 
91 15 4 46 26 93 102 
32 64 10 52 62 95 200 
23 79 65 68 99 77 86 
45 96 38 100 101 96 176 
43 101 79 62 7 14 112 
17 49 5 42 102 70 80 
26 41 40 98 45 22 22 
10 18 36 88 50 36 95 
21 68 47 27 98 66 182 
65 33 92 57 83 45 15 
33 63 27 99 9 5 41 
57 100 4 59 76 78 69 
85 45 76 59 81 11 196 
82 60 17 5 6 51 125 
10 49 44 64 78 6 158 
58 10 91 43 33 29 132 
70 45 70 24 90 58 165 
90 19 99 4 37 12 104 
5 12 96 4 56 61 97 
53 62 97 100 74 58 56 
37 86 18 50 84 34 26 
16 49 83 19 95 82 43 
33 47 61 43 95 29 109 
100 97 41 79 70 19 37 
85 75 26 18 2 56 109 
34 84 56 55 81 41 181 
65 15 88 62 80 29 43 
17 37 59 81 31 76 76 
91 79 73 16 16 97 65 
76 59 3 95 29 69 201 
65 7 90 17 90 66 74 
85 55 19 92 93 99 139 
40 69 39 74 81 18 89 
7 86 41 67 46 59 182 
57 86 70 54 62 24 108 
32 70 66 42 12 3 15 
26 56 26 26 99 65 75 
92 67 23 49 53 57 120 
23 52 52 46 9 49 57 
71 51 40 33 77 18 17 
101 75 33 72 17 39 165 
32 17 43 48 96 55 135 
22 49 6 11 69 96 20 
21 16 98 5 56 81 113 
7 88 95 24 50 31 184 
94 92 80 37 20 80 187 
37 11 100 15 96 64 101 
4 36 24 10 24 100 165 
60 37 68 63 60 28 52 
31 50 26 48 26 77 58 
59 29 76 51 18 20 171 
7 100 92 62 19 8 7 
54 73 16 28 32 12 70 
57 13 76 62 54 69 14 
62 76 69 71 88 23 95 
9 50 61 8 83 99 109 
39 78 3 43 21 24 156 
80 12 22 96 68 96 6 
18 102 91 65 53 80 93 
26 26 93 33 87 59 94 
24 57 22 51 15 83 38 
37 75 21 35 47 31 169 
66 48 77 22 29 46 187 
51 73 45 32 21 10 27 
55 12 12 36 68 33 114 
57 2 47 55 16 86 165 
29 72 32 8 50 64 125 
79 18 13 60 15 56 151 
86 79 21 96 74 7 169 
65 11 101 81 100 29 19 
48 33 69 15 62 13 46 
3 14 26 72 48 54 154 
96 101 78 55 79 84 147 
25 27 62 43 80 100 130 
62 33 29 52 37 54 65 
87 46 47 55 45 54 169 
67 97 25 28 56 9 141 
12 25 28 23 48 39 49 
7 9 74 84 15 60 85 
83 99 22 13 101 46 21 
57 32 2 36 32 91 119 
32 38 17 27 93 97 102 
10 3 31 91 18 10 163 
38 76 73 32 96 44 172 
101 5 17 56 65 61 114 
95 28 89 18 50 67 154 
73 59 59 24 65 93 149 
98 93 24 86 38 32 40 
58 31 6 38 49 76 65 
35 2 73 30 38 96 33 
77 44 75 70 45 6 134 
19 16 10 32 53 14 7 
14 95 73 29 31 39 76 
99 85 82 3 93 46 78 
58 88 96 30 99 59 44 
51 51 18 95 28 55 81 
17 98 8 98 65 31 46 
10 2 3 9 60 80 160 
62 95 69 54 62 29 125 
30 16 5 56 56 84 129 
45 57 35 5 85 100 166 
89 76 6 30 17 18 100 
88 95 23 41 81 45 182 
59 51 44 68 28 80 178 
83 5 45 10 49 61 133 
47 70 6 76 83 99 148 
21 65 25 47 13 14 88 
24 84 16 77 41 76 177 
8 93 39 59 22 96 14 
73 63 22 70 60 86 84 
26 19 67 100 47 19 79 
88 20 23 17 68 47 122 
24 31 35 10 87 80 81 
79 68 19 63 5 68 99 
3 5 78 56 31 4 198 
66 51 79 96 59 50 44 
75 18 44 56 52 49 101 
35 89 62 75 8 4 98 
53 50 39 45 53 92 173 
17 47 63 39 45 64 118 
82 58 16 30 32 20 9 
52 77 9 55 21 101 141 
18 18 83 25 2 52 29 
3 42 53 8 60 38 120 
73 83 19 9 87 93 109 
33 48 47 78 85 46 3 
75 32 92 33 93 18 201 
31 83 16 44 15 46 161 
18 65 24 74 84 47 162 
95 92 48 37 10 18 175 
71 37 49 19 7 14 58 
12 63 77 69 22 62 86 
2 5 67 74 49 76 32 
85 26 6 3 101 23 163 
41 46 98 86 2 15 123 
47 69 27 9 34 53 14 
4 49 7 64 88 40 190 
90 83 65 63 44 73 176 
14 45 18 8 93 50 145 
20 80 85 22 49 84 113 
37 42 67 17 25 11 167 
79 101 41 16 86 89 106 
64 35 25 61 44 76 70 
27 11 3 43 5 37 172 
70 24 44 41 58 40 108 
44 100 48 20 64 7 73 
45 79 95 9 63 21 114 
47 62 64 6 10 24 23 
33 65 76 22 76 100 19 
80 99 76 30 51 101 43 
37 79 42 82 71 100 167 
34 11 36 44 18 30 49 
64 82 37 49 18 44 25 
37 74 101 90 9 29 134 
82 20 81 14 22 37 22 
85 24 26 42 25 31 201 
56 42 79 60 71 87 34 
20 42 83 35 59 11 204 
7 44 94 64 74 18 108 
93 56 33 98 95 16 161 
60 13 10 95 15 15 166 
34 23 32 40 44 52 127 
80 100 81 65 28 12 160 
82 34 79 54 15 48 130 
88 49 64 78 73 39 122 
31 76 42 46 98 21 150 
22 65 26 32 68 92 27 
58 54 35 69 5 2 160 
81 32 43 2 68 19 94 
77 69 64 72 14 5 101 
27 41 21 32 93 7 123 
71 55 23 49 58 53 63 
97 32 11 70 39 83 103 
45 101 45 32 3 30 94 
97 65 62 56 89 65 65 
15 16 40 14 97 21 21 
79 22 56 12 68 17 163 
40 55 4 77 24 101 166 
42 78 101 92 79 16 152 
92 63 94 71 90 101 167 
18 73 58 44 64 43 136 
81 91 22 37 14 68 118 
12 60 81 67 66 52 150 
39 40 24 20 7 38 177 
61 64 43 81 18 100 46 
83 48 35 62 61 17 125 
89 81 57 67 50 19 163 
5 15 5 26 51 11 161 
35 36 26 60 7 82 43 
30 81 58 98 70 37 61 
14 48 8 8 37 14 104 
61 69 55 58 21 9 113 
51 40 57 70 91 45 99 
15 12 4 56 37 43 121 
102 101 72 82 84 53 188 
69 100 20 16 99 30 151 
69 73 3 88 75 67 161 
43 3 30 81 94 83 202 
38 6 54 2 73 94 122 
70 85 78 39 58 65 167 
42 39 56 94 18 76 95 
40 3 69 64 78 82 121 
100 44 4 92 72 95 64 
96 68 15 28 38 17 201 
91 27 51 19 4 99 3 
66 76 88 78 9 55 200 
5 87 40 97 13 2 144 
43 76 49 88 72 53 96 
73 42 69 81 62 50 102 
77 20 47 76 85 61 70 
70 17 15 65 43 35 187 
83 77 33 27 16 30 98 
53 4 33 34 48 56 190 
36 22 99 49 7 50 57 
69 95 23 30 44 39 150 
61 36 25 31 20 57 184 
67 38 56 47 22 4 51 
18 17 44 38 6 43 70 
98 18 18 38 86 66 30 
85 11 98 75 93 76 188 
