2 1
250
30 24 117 
79 11 98 
15 11 157 
93 60 97 
93 35 14 
45 55 168 
31 31 187 
22 53 115 
14 64 117 
101 95 177 
99 79 154 
93 5 124 
87 50 127 
98 16 71 
75 70 140 
21 102 105 
32 6 94 
81 98 107 
5 10 145 
3 67 96 
92 16 34 
92 97 166 
74 3 62 
48 60 12 
22 35 32 
59 49 170 
90 95 128 
8 71 182 
43 20 166 
25 90 193 
92 86 170 
17 8 204 
20 85 150 
89 50 202 
23 87 95 
43 60 129 
39 47 125 
90 15 146 
86 86 94 
28 51 157 
2 50 29 
37 58 151 
24 7 58 
17 41 133 
12 3 95 
66 87 171 
46 2 122 
20 88 87 
35 4 146 
14 34 46 
56 94 70 
99 88 203 
88 88 60 
74 21 110 
37 24 15 
98 80 26 
28 22 202 
64 85 100 
19 84 127 
73 4 111 
4 12 150 
8 62 97 
33 15 31 
48 80 203 
57 74 167 
8 85 132 
38 39 51 
62 88 25 
25 95 21 
87 82 10 
40 17 171 
77 72 19 
82 31 127 
62 67 132 
99 81 87 
101 9 25 
69 13 203 
99 37 133 
32 45 50 
64 85 138 
39 48 71 
12 11 130 
18 82 6 
75 28 110 
5 78 148 
62 64 16 
71 25 176 
100 20 141 
7 42 162 
21 47 56 
87 20 95 
96 24 41 
32 89 145 
80 86 55 
11 96 173 
48 97 121 
95 72 164 
19 95 123 
83 41 57 
67 8 140 
86 98 74 
77 90 18 
9 10 111 
55 32 155 
38 93 81 
62 91 52 
86 61 94 
22 29 153 
49 70 53 
88 15 170 
94 67 166 
4 96 179 
93 36 13 
79 40 177 
7 42 84 
7 83 5 
23 23 103 
5 83 96 
25 66 143 
63 31 44 
85 23 195 
73 63 132 
96 36 198 
54 71 114 
22 9 43 
61 17 177 
36 44 177 
26 67 187 
35 91 171 
37 81 64 
20 32 12 
86 96 36 
93 36 161 
78 12 97 
7 71 107 
96 85 151 
28 66 99 
85 29 177 
36 61 116 
6 40 146 
83 62 112 
68 36 81 
52 37 30 
5 70 166 
10 60 66 
41 21 197 
41 41 15 
12 11 33 
84 37 9 
20 52 73 
63 89 197 
9 97 105 
95 40 72 
15 46 99 
62 25 197 
69 77 140 
57 97 82 
62 66 202 
67 73 105 
41 86 203 
38 34 173 
81 45 164 
87 2 130 
83 48 165 
64 28 193 
60 51 175 
20 17 122 
37 65 114 
97 3 48 
99 44 50 
102 56 112 
37 79 27 
65 84 164 
18 84 153 
7 77 100 
61 100 79 
6 9 46 
67 23 141 
42 3 141 
31 85 87 
60 90 119 
42 83 189 
29 29 101 
84 97 139 
8 4 70 
87 32 181 
9 39 8 
87 95 73 
4 37 69 
88 96 156 
46 36 201 
40 61 192 
19 67 192 
58 34 146 
91 24 26 
56 61 39 
37 58 145 
82 25 96 
41 75 194 
25 40 95 
62 43 67 
75 41 126 
72 70 90 
42 70 133 
96 53 11 
33 98 145 
25 50 154 
17 53 80 
8 65 25 
54 101 175 
101 96 58 
50 98 186 
41 18 170 
53 86 187 
77 97 180 
8 88 147 
44 10 158 
26 102 183 
73 47 184 
96 69 155 
52 20 141 
60 43 152 
39 48 113 
15 95 162 
89 74 130 
86 42 115 
53 101 158 
42 12 186 
10 77 192 
40 80 105 
3 47 101 
10 3 136 
25 19 112 
16 71 83 
19 31 33 
100 39 57 
28 89 13 
36 45 139 
100 12 19 
79 52 134 
82 101 140 
6 14 98 
32 82 147 
99 63 48 
3 39 64 
39 25 165 
78 13 80 
69 13 185 
48 69 6 
84 11 185 
