8 1
250
98 47 39 10 87 5 71 21 204 
64 94 38 75 36 8 84 15 133 
14 55 6 79 95 7 32 17 185 
61 47 34 41 42 9 56 30 141 
75 19 86 29 77 75 47 5 191 
53 79 41 49 74 34 24 63 10 
71 21 55 35 80 72 14 12 152 
70 25 53 31 20 8 40 11 197 
83 87 80 33 34 92 13 80 79 
54 14 75 2 20 82 5 87 21 
18 42 40 16 17 67 101 78 164 
44 24 61 35 11 65 37 42 155 
28 40 89 65 24 102 34 62 200 
3 70 7 74 28 35 98 24 141 
60 70 72 15 35 58 12 71 115 
81 21 5 12 67 79 6 78 97 
25 55 21 41 84 57 69 99 19 
77 72 98 27 38 89 96 79 149 
7 16 7 33 55 55 46 54 85 
97 93 5 30 70 52 88 76 142 
52 21 88 17 48 38 49 37 201 
62 56 85 17 18 90 7 101 129 
44 94 102 68 97 31 16 74 15 
8 49 5 48 41 65 20 46 118 
89 92 70 71 85 20 56 85 200 
60 82 77 17 25 71 89 46 168 
71 86 26 58 4 76 31 44 180 
98 16 17 22 99 74 33 20 20 
97 75 10 84 13 14 33 58 188 
34 93 26 36 61 97 83 51 123 
35 32 90 96 42 44 32 61 141 
85 40 85 4 86 7 62 94 146 
76 90 75 15 27 48 84 100 105 
66 64 57 22 42 50 15 99 179 
22 3 35 69 54 55 45 50 38 
11 32 9 20 76 69 26 9 125 
89 23 7 45 14 44 93 68 197 
16 66 100 36 91 89 20 42 186 
40 9 38 22 72 79 30 74 140 
46 48 90 90 97 35 89 28 156 
85 80 91 93 78 88 58 31 172 
22 77 42 22 3 36 78 88 203 
27 69 53 30 17 42 76 49 42 
10 27 70 68 49 65 13 37 127 
4 50 33 52 66 43 95 10 198 
30 26 47 57 14 12 35 65 121 
27 57 65 51 19 31 68 50 10 
18 56 30 79 11 68 74 76 79 
71 76 5 12 37 9 45 48 48 
76 56 15 61 35 86 6 87 164 
101 55 33 4 86 18 39 79 112 
71 53 17 82 85 40 73 66 180 
58 17 22 59 8 72 9 94 193 
93 59 23 46 75 26 87 75 44 
9 69 92 89 76 60 54 76 195 
10 97 73 76 89 71 98 50 144 
63 44 49 63 97 95 23 48 42 
36 27 80 92 96 11 20 66 199 
100 71 43 64 7 34 77 101 198 
26 19 72 54 50 26 56 27 64 
76 49 74 100 68 30 40 20 102 
19 20 3 63 58 25 73 100 163 
31 100 40 17 87 98 98 99 61 
52 83 78 56 39 72 80 46 37 
27 2 5 16 27 88 85 60 166 
98 64 62 49 83 52 47 27 55 
95 61 63 78 4 71 101 90 77 
75 65 83 33 85 14 8 48 199 
79 17 76 54 34 30 17 102 73 
71 5 102 28 11 14 45 87 175 
58 51 101 36 17 39 51 12 193 
2 67 81 50 43 37 55 70 21 
54 44 29 36 64 4 36 32 172 
39 49 57 71 90 100 28 52 198 
101 45 2 39 5 24 35 16 71 
58 22 65 67 75 43 4 93 90 
61 24 89 98 2 87 55 13 129 
42 33 80 83 24 93 40 56 52 
11 17 41 7 3 50 70 80 22 
24 75 76 16 69 98 56 70 58 
12 5 45 18 86 93 61 95 169 
59 77 100 74 29 21 18 95 155 
7 56 24 42 30 25 77 33 80 
91 28 66 83 29 56 66 30 106 
84 96 33 49 48 9 67 13 8 
13 52 48 57 100 76 23 51 29 
8 73 76 22 43 55 55 72 138 
21 78 49 46 10 101 70 36 203 
47 59 11 17 77 19 22 66 165 
95 36 30 92 63 80 43 60 117 
79 63 55 80 97 77 42 48 74 
57 69 44 49 89 65 77 78 188 
7 93 98 59 3 79 75 62 76 
41 30 17 72 5 52 44 93 149 
48 69 65 35 77 31 83 66 196 
41 48 49 67 18 87 88 38 137 
63 21 63 78 7 37 41 2 38 
23 88 66 94 7 99 92 30 19 
31 73 18 69 78 38 83 36 29 
92 77 15 32 86 69 85 83 146 
14 73 64 30 97 77 13 62 161 
34 49 44 52 76 89 79 59 133 
53 97 45 27 97 73 23 51 53 
7 93 4 100 11 26 27 80 118 
48 3 79 43 58 18 59 51 178 
74 42 3 28 55 29 4 34 176 
30 90 77 94 8 48 51 8 142 
79 36 40 20 27 98 32 33 114 
90 12 41 29 69 48 86 52 20 
27 81 40 77 97 78 40 99 185 
84 56 97 33 93 51 49 83 31 
51 56 17 7 98 24 74 16 47 
49 3 22 31 10 59 39 27 57 
33 4 41 63 82 30 7 49 158 
63 59 21 92 83 88 34 36 196 
95 22 85 19 5 83 56 93 197 
72 55 48 40 95 69 24 18 161 
78 90 76 90 102 50 47 13 117 
5 60 22 36 99 76 62 46 11 
46 16 101 60 9 91 33 37 192 
33 24 66 54 70 67 10 58 95 
24 8 23 37 74 94 26 53 69 
79 38 58 75 80 51 64 80 7 
81 20 83 87 59 67 56 16 182 
95 53 92 57 28 43 29 40 79 
86 11 43 10 35 58 58 56 201 
40 60 46 16 92 92 64 30 80 
67 39 51 58 83 61 5 33 203 
45 24 12 17 47 42 13 81 141 
63 74 86 27 31 5 68 18 114 
47 81 64 3 95 100 4 64 4 
91 30 30 85 7 4 59 15 68 
91 25 15 7 5 13 23 3 116 
56 43 10 48 92 67 5 60 109 
40 45 30 14 15 85 41 24 105 
43 81 69 84 70 19 72 79 189 
45 42 77 53 82 94 43 50 45 
95 45 40 66 82 49 51 21 143 
6 78 12 32 68 83 62 82 47 
92 74 74 93 78 15 74 62 38 
79 88 65 38 73 67 64 48 162 
16 79 101 22 35 51 49 68 4 
85 15 76 96 93 102 72 54 156 
51 3 69 27 94 21 31 74 68 
9 70 7 48 70 22 4 48 8 
25 72 41 25 47 12 14 91 98 
46 85 97 65 69 21 90 15 92 
14 91 87 82 93 63 19 42 200 
98 39 47 56 94 47 98 48 168 
40 28 59 59 15 4 74 87 180 
39 46 3 88 59 57 77 92 118 
20 45 81 80 8 7 14 18 108 
4 92 94 52 69 22 39 53 177 
90 57 78 85 10 8 75 81 195 
99 11 82 92 81 4 90 81 8 
5 62 22 54 47 99 52 72 194 
99 90 79 82 51 9 70 90 72 
84 36 37 75 7 29 12 17 15 
75 14 13 92 64 90 20 36 185 
69 38 13 80 36 40 13 78 187 
20 19 62 75 24 93 69 8 91 
69 32 57 95 44 32 93 79 118 
86 8 27 91 65 17 18 3 106 
26 6 3 99 64 30 37 94 200 
48 102 92 22 26 59 46 52 10 
37 77 96 83 89 59 82 28 143 
69 31 56 47 59 23 42 44 5 
46 72 70 29 59 52 34 47 158 
69 67 85 70 48 15 13 83 56 
59 46 19 46 19 38 60 71 129 
46 3 44 72 82 83 57 2 164 
39 10 19 46 51 45 82 15 126 
89 100 85 43 36 78 96 85 202 
87 102 55 33 71 90 90 90 89 
37 99 87 4 15 48 35 76 149 
11 15 97 76 66 6 77 73 144 
82 5 69 68 78 99 84 72 3 
29 7 42 31 58 63 101 47 34 
78 88 87 39 10 61 6 86 142 
6 13 37 52 58 99 20 10 173 
78 71 23 90 21 45 47 8 142 
35 83 59 36 77 22 90 101 175 
87 44 97 10 64 94 30 80 121 
67 79 51 44 13 51 78 25 155 
97 90 68 44 94 5 92 73 10 
14 72 39 17 64 60 14 34 134 
92 70 9 32 62 43 86 82 59 
22 93 72 10 60 53 46 95 23 
21 46 52 94 20 93 90 18 18 
24 52 17 93 32 81 86 88 114 
71 67 30 27 60 15 76 72 164 
36 6 14 88 73 71 49 95 181 
17 100 53 17 44 46 36 64 62 
15 31 62 93 27 74 98 77 58 
85 96 88 39 20 49 13 56 27 
98 39 81 48 46 40 92 71 179 
7 56 26 86 93 98 85 63 85 
22 45 81 42 92 99 43 67 201 
5 80 83 5 7 90 34 40 52 
53 69 87 25 3 58 87 93 45 
6 101 5 92 56 58 8 93 23 
35 58 49 84 7 82 41 89 186 
9 4 51 37 54 55 73 34 193 
58 99 44 25 57 101 77 39 135 
97 15 25 26 99 16 80 101 168 
80 71 63 7 85 17 67 80 182 
74 71 49 52 21 24 64 52 191 
71 12 2 50 9 70 16 46 150 
70 85 7 37 60 55 73 95 129 
35 53 16 29 60 79 12 5 139 
21 47 97 3 64 49 22 11 180 
84 32 65 95 94 41 43 100 194 
86 39 13 96 81 28 62 30 203 
82 44 55 25 40 5 2 96 202 
81 69 22 60 17 51 67 91 129 
2 43 61 77 88 62 84 28 137 
59 28 68 71 43 36 49 42 138 
37 61 95 61 94 99 42 65 64 
77 28 23 64 31 92 65 61 179 
43 7 58 95 43 14 38 45 141 
35 11 27 89 13 77 83 31 64 
72 43 50 63 37 25 31 9 3 
47 97 99 79 9 84 48 8 73 
14 45 19 83 25 51 31 9 110 
8 90 16 48 83 101 61 94 39 
41 81 72 35 66 36 13 93 99 
74 58 5 45 42 7 42 72 177 
15 91 20 101 35 29 71 25 40 
88 101 17 100 20 16 66 9 57 
67 80 81 85 72 34 3 59 106 
53 65 50 11 9 13 14 48 9 
102 42 48 45 66 43 17 27 188 
36 76 40 91 81 36 80 77 187 
10 32 21 89 100 78 77 20 124 
73 79 94 6 87 74 13 66 137 
83 24 16 40 70 47 42 69 169 
16 64 86 16 34 34 21 6 34 
86 15 44 72 70 47 82 46 100 
102 32 91 68 80 16 69 98 109 
79 72 64 77 49 33 95 64 116 
78 59 47 62 87 83 59 29 105 
27 13 56 71 60 26 98 42 78 
96 50 86 72 49 37 82 44 71 
56 11 68 13 79 8 91 6 178 
6 42 46 10 11 53 65 44 175 
101 10 14 39 80 9 95 101 29 
74 9 12 12 82 45 49 4 37 
87 16 36 50 82 57 39 95 203 
95 88 41 35 9 7 52 83 70 
25 19 33 61 20 80 95 19 198 
