4 1
250
4 28 42 48 98 
41 90 77 73 32 
44 69 49 99 10 
4 57 97 93 140 
45 79 54 48 128 
19 66 58 23 191 
44 16 10 54 11 
35 10 30 19 101 
93 90 69 56 167 
8 67 3 90 3 
21 23 84 58 96 
28 76 96 86 64 
76 34 56 79 149 
30 61 97 95 146 
96 29 80 44 157 
57 12 100 66 115 
53 65 70 22 152 
23 34 54 8 161 
61 16 46 88 153 
62 36 92 83 111 
49 72 10 19 15 
94 45 42 81 187 
18 78 31 30 163 
13 65 36 5 107 
97 9 92 16 27 
82 85 94 69 37 
23 22 19 12 19 
83 57 53 16 167 
81 94 75 16 129 
84 87 18 9 130 
98 101 89 31 121 
42 82 96 7 54 
11 53 76 64 143 
98 61 21 21 200 
59 14 23 23 150 
6 36 78 54 62 
98 69 87 5 44 
24 35 90 54 141 
3 63 49 90 149 
30 20 13 46 136 
25 67 99 11 16 
86 81 67 58 114 
8 6 44 77 62 
44 67 72 43 99 
65 73 70 53 197 
98 67 35 51 94 
87 25 33 87 16 
33 73 78 99 76 
45 70 34 98 129 
99 21 74 60 65 
64 50 72 98 8 
54 100 48 14 24 
21 48 19 12 143 
85 75 59 70 203 
73 91 75 7 11 
97 41 73 90 204 
79 95 77 20 170 
39 55 37 84 113 
35 27 66 88 38 
100 53 24 28 164 
26 64 6 60 123 
75 77 67 94 18 
14 28 60 14 71 
27 72 101 29 69 
32 40 76 15 137 
49 27 90 89 16 
46 20 47 10 155 
17 91 19 60 21 
64 90 45 77 88 
8 68 54 53 189 
29 54 96 95 104 
88 90 93 94 29 
51 89 81 87 131 
97 84 53 39 42 
38 56 43 20 145 
44 96 102 72 124 
82 74 39 96 162 
94 25 53 59 182 
29 100 27 47 125 
77 11 60 13 99 
27 18 18 34 116 
76 13 78 25 20 
94 90 23 34 69 
79 52 86 8 148 
73 32 96 49 189 
40 31 98 59 195 
35 38 91 24 74 
66 59 7 40 14 
82 49 31 50 199 
41 79 95 14 172 
27 26 54 41 156 
97 24 71 41 40 
47 17 21 29 155 
58 101 101 98 141 
22 48 49 2 188 
26 3 48 52 111 
63 37 87 75 144 
11 86 52 48 84 
44 90 68 21 125 
67 30 3 74 86 
42 81 99 45 132 
81 80 54 49 107 
95 78 21 87 120 
12 32 48 59 137 
74 51 54 57 56 
34 82 30 41 56 
98 2 75 10 30 
84 40 44 11 186 
33 34 6 96 98 
68 71 83 62 105 
37 84 46 7 144 
93 28 44 18 67 
102 51 15 22 115 
95 5 13 73 156 
74 90 39 68 75 
42 47 60 10 125 
65 101 70 90 188 
17 58 70 40 47 
58 98 28 79 187 
84 21 86 40 112 
65 60 12 86 162 
49 46 80 71 63 
48 70 37 57 142 
3 84 27 30 85 
39 37 75 51 44 
78 64 63 76 111 
23 63 22 55 200 
7 91 86 11 94 
72 80 101 9 156 
90 63 73 10 185 
2 96 58 99 37 
29 87 63 65 8 
87 86 6 17 21 
87 50 84 59 133 
14 100 18 84 146 
61 39 68 74 69 
18 94 55 86 111 
29 7 25 38 145 
21 30 23 8 125 
89 76 85 100 187 
42 81 15 45 162 
4 80 76 28 119 
93 22 90 32 179 
95 32 22 63 169 
82 26 48 88 94 
85 79 12 24 173 
88 55 70 83 189 
38 80 12 7 106 
50 33 99 80 164 
101 42 93 20 139 
58 56 24 17 26 
18 35 29 99 196 
27 70 54 43 149 
39 54 9 40 105 
17 22 17 12 71 
50 29 71 8 96 
45 89 94 56 59 
34 33 55 71 157 
5 53 15 11 55 
82 81 58 7 88 
49 35 55 69 109 
38 40 14 83 130 
91 67 23 53 108 
41 78 100 15 84 
8 102 40 63 99 
66 9 9 86 111 
71 73 66 65 203 
13 36 27 3 187 
95 21 74 8 178 
41 32 64 58 179 
6 83 45 66 77 
49 97 94 21 182 
32 34 31 29 193 
21 3 60 53 87 
7 54 100 24 98 
88 30 34 76 21 
36 47 52 98 103 
90 30 101 28 108 
18 44 7 13 127 
64 93 47 13 140 
40 74 13 16 169 
54 85 23 19 104 
21 64 20 12 114 
87 83 35 79 15 
92 4 34 101 54 
65 48 88 62 175 
98 85 23 7 147 
64 35 38 15 199 
6 9 85 78 69 
56 26 97 58 157 
82 60 71 7 160 
38 42 14 90 40 
8 99 63 33 113 
39 43 15 40 190 
54 47 21 81 7 
85 21 58 67 148 
42 53 32 85 13 
39 16 18 29 74 
24 23 50 97 187 
9 48 53 23 197 
14 13 59 65 53 
37 41 91 4 194 
19 86 49 18 162 
57 70 80 27 37 
25 27 87 5 146 
33 99 27 90 194 
39 70 37 71 123 
31 96 69 60 145 
100 27 16 34 40 
39 76 34 17 75 
41 70 28 5 151 
89 28 57 93 193 
40 16 4 9 119 
51 51 80 58 104 
63 3 22 57 41 
100 13 55 86 71 
59 67 11 53 115 
71 44 34 97 149 
5 41 77 65 68 
86 25 9 76 143 
90 98 78 67 153 
41 50 73 86 155 
78 74 73 59 79 
75 7 53 53 182 
10 19 85 85 97 
24 27 59 24 74 
77 6 81 16 95 
62 91 46 78 37 
23 72 50 21 197 
33 70 20 27 123 
81 74 58 87 128 
73 15 94 20 108 
16 92 51 50 3 
74 96 59 14 159 
86 63 76 36 139 
39 71 66 89 35 
56 9 34 64 117 
5 51 96 53 153 
49 99 29 26 9 
33 23 102 20 52 
39 13 8 50 156 
20 100 24 19 53 
4 51 8 3 201 
8 60 89 94 199 
25 102 8 39 63 
89 36 53 33 77 
18 72 48 64 163 
45 3 86 88 81 
8 29 79 28 150 
100 93 27 27 198 
