2 1
250
7 13 155 
45 13 171 
13 9 175 
25 14 124 
101 91 10 
39 23 181 
81 89 77 
102 29 110 
46 4 77 
67 67 72 
17 14 65 
101 100 151 
32 77 95 
19 75 103 
17 38 22 
27 24 198 
75 47 97 
20 55 14 
33 8 172 
24 101 20 
49 48 86 
53 10 2 
31 3 187 
33 9 95 
45 64 31 
89 87 186 
46 21 164 
42 93 43 
90 98 121 
27 70 188 
91 10 157 
39 72 56 
11 66 59 
12 98 46 
7 45 78 
3 78 186 
94 46 44 
95 81 162 
30 9 113 
23 65 25 
43 6 68 
102 43 203 
71 8 187 
89 81 43 
65 36 50 
61 37 100 
84 89 44 
70 36 50 
73 98 61 
100 11 131 
74 89 4 
19 71 188 
91 8 5 
40 34 144 
102 6 133 
3 32 92 
57 72 147 
8 41 156 
93 75 143 
11 31 92 
73 73 198 
30 17 186 
21 48 135 
34 72 61 
49 46 112 
53 70 62 
61 72 136 
87 45 80 
94 68 101 
27 28 195 
24 82 158 
59 70 125 
75 74 182 
76 83 172 
81 25 204 
45 61 193 
24 42 11 
42 52 120 
80 88 60 
60 38 101 
44 96 43 
72 12 184 
54 93 157 
96 79 197 
42 87 182 
84 8 41 
41 51 17 
56 5 175 
93 84 61 
21 80 166 
34 17 75 
42 33 178 
66 11 30 
12 93 139 
20 30 129 
10 102 134 
71 98 164 
11 21 178 
44 90 186 
37 81 57 
63 35 27 
97 64 128 
63 2 110 
4 20 198 
8 31 120 
41 38 155 
25 85 168 
66 51 168 
3 25 196 
51 100 89 
98 31 62 
88 51 118 
57 25 135 
3 49 203 
14 70 159 
85 6 184 
31 4 106 
17 14 195 
47 99 172 
33 96 81 
68 14 6 
12 8 182 
69 21 164 
3 86 30 
12 24 75 
85 54 167 
6 20 41 
8 22 196 
94 83 37 
36 43 107 
75 27 59 
29 36 73 
100 3 127 
91 18 172 
12 30 39 
40 7 183 
61 64 92 
5 28 156 
22 63 188 
8 21 52 
74 35 160 
30 30 122 
88 85 180 
3 87 105 
22 18 5 
37 98 188 
79 56 155 
29 77 161 
9 72 200 
54 9 151 
45 93 169 
39 19 170 
8 84 204 
61 54 48 
4 60 158 
96 85 24 
77 86 133 
102 31 133 
51 46 119 
101 23 119 
63 35 154 
16 60 192 
70 85 202 
20 31 31 
94 20 5 
55 28 35 
4 16 178 
89 80 49 
11 45 128 
20 90 148 
27 9 125 
44 100 40 
49 89 3 
85 28 3 
14 58 114 
53 10 23 
65 98 40 
43 99 17 
73 76 115 
54 7 31 
33 52 194 
29 95 47 
55 52 43 
85 8 79 
18 21 179 
89 77 45 
70 60 74 
54 57 187 
55 86 21 
55 73 51 
65 97 168 
88 54 155 
8 87 130 
35 99 118 
92 82 185 
83 27 161 
22 86 201 
37 87 97 
81 81 194 
5 75 20 
15 2 162 
98 22 24 
58 31 138 
14 83 184 
60 37 126 
80 64 152 
3 75 120 
33 36 177 
28 30 23 
37 10 148 
83 4 26 
56 22 198 
80 96 125 
82 26 196 
14 10 9 
11 78 103 
88 3 37 
23 4 3 
52 84 136 
95 73 187 
2 23 46 
97 33 161 
80 6 31 
66 102 140 
16 23 100 
64 21 55 
85 19 107 
62 51 16 
57 62 2 
13 6 78 
33 87 49 
71 82 8 
76 19 156 
27 33 149 
38 23 4 
51 9 166 
54 90 130 
42 12 110 
42 42 148 
17 42 147 
80 69 2 
79 35 31 
47 46 86 
48 90 7 
52 60 177 
81 27 58 
8 8 108 
21 62 34 
77 93 154 
72 32 82 
