8 1
250
33 82 31 14 33 69 72 76 200 
87 93 84 21 29 59 36 45 144 
11 58 33 77 46 15 85 69 137 
17 45 40 10 58 71 5 4 121 
39 38 29 84 4 20 27 68 37 
68 88 85 67 70 12 9 61 196 
87 58 38 18 32 66 2 58 64 
62 80 37 15 18 27 100 99 16 
46 29 56 16 52 80 98 19 167 
86 51 77 29 2 99 74 20 94 
25 23 8 65 84 48 89 66 181 
84 55 72 60 69 72 6 66 68 
44 74 8 60 21 15 84 19 15 
57 35 80 41 43 100 81 77 155 
2 83 47 10 29 88 91 16 130 
14 28 84 7 26 38 66 32 95 
41 68 4 95 82 67 42 33 65 
13 46 14 74 81 94 96 5 169 
90 36 47 23 70 7 52 72 186 
26 52 12 43 76 12 54 42 20 
76 9 3 81 70 97 56 81 144 
53 42 49 92 13 22 56 78 197 
3 20 100 98 45 12 76 18 166 
24 72 71 4 22 41 85 23 196 
84 10 68 52 68 92 37 101 64 
46 36 42 91 89 100 16 53 46 
14 79 66 93 7 55 16 35 20 
3 51 22 10 9 92 26 74 139 
33 53 54 10 63 47 81 32 167 
43 35 84 73 90 71 19 74 89 
34 93 5 15 37 36 83 36 102 
13 38 29 52 67 17 32 85 2 
72 6 18 21 13 77 73 75 2 
29 32 63 53 93 37 49 94 165 
67 20 18 20 29 29 97 71 190 
56 94 70 69 43 7 71 49 139 
29 15 82 30 44 64 36 56 11 
91 61 47 94 5 74 37 67 133 
86 54 79 91 26 45 84 19 167 
34 62 91 57 85 46 70 22 163 
3 39 78 56 86 75 24 8 21 
50 65 91 97 34 78 42 87 195 
93 40 91 39 47 27 82 3 192 
18 35 79 4 26 85 95 35 58 
91 32 69 6 69 20 35 36 111 
95 39 30 15 17 100 50 78 168 
93 66 94 54 76 85 81 8 150 
35 48 41 8 5 101 50 54 112 
30 90 73 73 6 13 73 89 131 
68 5 20 81 56 50 2 3 142 
38 39 59 86 27 62 46 2 180 
17 89 37 31 67 65 45 22 181 
14 22 62 83 83 88 21 15 8 
57 56 94 93 8 3 31 14 32 
100 46 65 12 29 6 25 57 3 
31 39 40 57 37 36 61 91 166 
11 57 57 73 67 14 59 92 95 
98 26 83 36 102 55 50 48 156 
28 3 96 58 60 28 87 92 155 
67 2 21 61 34 19 22 22 116 
62 29 80 53 55 39 60 29 65 
22 98 39 88 8 92 59 35 178 
89 56 99 31 87 78 38 95 183 
30 39 94 66 16 82 98 91 39 
100 76 50 59 100 33 97 68 192 
41 81 96 31 4 101 32 34 136 
61 32 44 4 18 62 50 32 183 
41 58 84 60 91 19 73 61 121 
41 33 58 68 36 21 84 99 29 
98 101 37 94 36 84 15 39 121 
78 98 61 90 11 70 43 58 21 
14 83 92 78 60 44 42 93 5 
12 95 98 25 23 20 49 54 66 
56 49 25 2 46 54 61 97 130 
2 53 24 90 27 81 12 71 35 
26 21 43 95 54 44 82 5 91 
65 55 77 42 43 59 38 89 19 
89 14 39 40 20 65 81 42 83 
82 24 70 19 15 53 4 25 68 
92 63 97 82 22 43 10 97 86 
91 62 12 66 54 40 72 25 117 
81 88 3 81 16 14 4 102 166 
78 48 42 26 40 20 26 47 54 
16 9 94 98 32 24 23 92 165 
32 18 71 33 48 92 97 25 78 
34 14 49 85 80 22 61 34 101 
4 67 24 94 42 9 14 59 34 
67 85 58 81 60 26 33 74 172 
14 47 2 52 31 17 82 95 70 
81 32 31 74 39 100 76 21 53 
61 40 78 64 21 91 76 32 82 
84 55 56 25 54 8 38 49 177 
51 54 38 9 14 49 75 34 56 
89 95 49 60 7 41 101 75 70 
11 52 28 13 78 101 77 100 83 
81 58 80 25 38 91 13 27 138 
91 54 28 30 91 89 65 89 76 
95 26 49 18 26 82 74 30 199 
63 40 78 39 33 16 9 96 156 
51 66 59 60 48 82 73 12 43 
10 82 63 41 50 90 64 84 152 
94 66 35 101 53 10 94 52 178 
93 54 23 15 23 97 13 16 49 
82 37 80 69 47 15 61 67 98 
39 24 92 90 76 51 41 17 64 
45 52 15 51 68 98 96 82 119 
101 97 61 68 30 36 67 85 97 
98 27 21 21 41 88 63 57 59 
99 6 80 74 75 8 66 69 132 
12 33 71 84 75 67 57 62 143 
90 73 96 58 25 94 4 45 183 
14 26 13 29 90 13 70 98 156 
83 29 23 55 4 63 72 57 107 
79 17 54 56 66 81 19 74 171 
36 43 83 88 73 32 19 54 89 
55 85 44 60 16 79 91 77 69 
50 37 71 35 88 70 41 26 59 
39 59 62 33 12 18 29 36 114 
97 97 58 93 38 52 20 18 147 
12 21 3 77 68 91 48 70 78 
17 4 57 15 48 49 4 81 194 
85 24 75 28 33 82 24 95 164 
79 59 101 21 17 72 99 31 12 
29 64 94 73 87 44 81 14 66 
2 85 50 11 91 59 57 37 192 
101 86 91 23 55 74 11 71 24 
41 98 89 87 18 19 44 77 36 
5 14 39 33 50 21 50 23 23 
34 70 70 43 66 81 78 100 94 
18 8 11 22 64 18 33 42 34 
47 17 69 33 69 17 42 54 49 
59 70 38 72 75 34 64 79 5 
45 99 34 10 11 20 73 28 141 
10 85 52 23 102 10 5 5 14 
46 3 2 55 3 14 58 21 62 
11 48 35 80 60 87 16 90 87 
85 39 8 51 62 44 48 35 140 
76 38 70 30 69 72 28 21 156 
3 92 98 22 54 92 90 64 163 
38 32 28 67 9 14 68 21 135 
102 97 43 61 10 70 46 84 169 
63 83 81 65 54 41 11 15 201 
48 66 87 18 62 100 64 12 7 
44 11 31 59 65 50 6 28 50 
37 45 84 30 78 71 9 29 165 
3 75 80 89 58 95 15 22 115 
83 86 37 45 99 100 68 4 150 
56 7 20 33 61 28 18 75 145 
18 20 90 18 11 35 19 63 77 
26 58 55 38 45 45 94 25 87 
91 94 48 87 64 76 98 56 47 
64 72 16 54 73 85 25 99 5 
70 67 77 4 28 38 63 44 95 
23 20 63 77 41 37 86 29 165 
27 34 58 16 22 57 13 57 184 
25 74 86 72 15 48 44 26 121 
69 89 69 12 26 23 30 78 75 
63 89 34 81 71 46 4 100 134 
48 56 47 22 93 73 48 40 142 
64 53 6 17 35 17 79 18 82 
16 17 10 37 88 46 21 52 138 
61 46 5 42 70 18 83 98 143 
16 50 99 98 66 88 53 68 52 
34 48 56 19 4 54 7 90 169 
60 13 70 3 3 43 6 89 192 
68 24 85 91 36 40 47 65 140 
45 21 53 23 86 22 22 89 10 
15 44 43 53 37 82 35 25 174 
4 15 49 58 94 79 94 87 91 
43 45 14 18 74 41 86 63 142 
34 38 28 50 83 15 39 92 94 
55 17 88 6 58 13 55 45 102 
23 89 29 75 31 101 78 81 92 
94 99 71 4 69 76 12 3 177 
61 56 34 36 21 4 34 41 143 
60 39 89 4 66 32 92 65 152 
45 61 9 29 74 5 71 47 191 
78 53 50 14 95 57 26 96 180 
19 89 70 27 43 92 32 20 85 
59 92 35 42 14 7 2 70 86 
82 34 85 32 67 76 10 58 181 
24 47 46 34 80 72 43 74 154 
8 20 19 19 99 55 63 14 113 
62 38 41 45 14 28 16 46 127 
8 90 24 96 19 88 4 10 149 
99 27 14 65 100 42 31 96 102 
26 65 37 31 70 55 21 50 41 
52 80 35 20 20 35 10 38 173 
55 15 3 34 17 92 83 66 177 
45 99 40 101 16 21 78 92 166 
29 78 22 71 76 71 68 54 61 
42 82 9 81 57 64 57 79 166 
50 94 50 47 51 7 68 78 104 
83 53 66 17 44 31 54 83 123 
67 85 40 34 68 66 62 43 172 
82 66 45 78 46 39 39 30 199 
36 84 29 17 5 100 21 87 4 
67 27 40 80 29 76 5 92 190 
45 18 29 86 87 10 22 88 27 
10 7 9 29 79 16 33 21 201 
34 52 83 42 16 83 65 97 33 
49 4 39 71 75 56 46 96 26 
73 51 99 21 97 19 88 13 163 
96 40 50 26 49 10 77 72 83 
15 5 4 48 24 92 95 76 172 
77 41 34 55 85 85 4 63 142 
3 15 57 66 56 5 3 71 118 
69 25 57 31 96 5 15 33 187 
12 27 30 10 28 23 34 13 147 
50 42 57 67 24 88 41 76 118 
87 51 51 101 47 55 34 28 105 
31 48 47 31 42 54 94 95 74 
43 96 88 36 34 45 33 55 60 
5 4 3 72 92 22 47 30 169 
45 12 82 77 77 2 72 6 133 
29 21 2 5 76 31 52 100 164 
73 53 19 7 70 95 26 32 51 
52 61 58 27 85 14 71 51 168 
58 68 20 88 66 30 80 6 69 
30 102 30 73 21 94 42 76 159 
68 39 44 89 53 48 78 22 92 
11 3 38 91 36 27 49 96 66 
64 87 89 91 29 66 61 98 63 
98 81 42 66 88 11 36 6 26 
43 71 17 74 12 46 86 71 8 
99 41 68 6 26 27 62 80 182 
93 78 12 79 30 57 18 83 84 
6 47 18 29 57 32 15 8 53 
19 92 78 44 7 60 63 64 117 
66 94 57 17 6 10 22 45 57 
4 65 43 62 59 31 6 81 52 
89 73 86 38 93 20 102 46 180 
15 50 73 55 18 68 100 53 181 
88 92 43 9 8 13 5 13 89 
87 59 35 49 40 28 35 76 185 
74 31 3 39 17 62 22 9 194 
58 51 49 77 64 8 42 20 183 
86 82 67 75 35 81 77 17 178 
57 69 12 47 21 44 78 28 48 
89 51 77 83 89 101 18 49 128 
98 12 97 29 8 22 39 51 192 
28 101 98 24 63 102 75 67 84 
87 13 32 7 101 38 85 55 141 
17 5 95 68 59 88 19 81 13 
94 30 62 91 10 72 51 52 57 
28 67 90 77 9 25 61 33 74 
35 93 13 61 46 55 54 24 96 
3 63 44 13 7 84 96 83 76 
82 98 5 62 58 51 11 58 180 
83 42 98 72 9 28 52 86 179 
