6 1
250
99 17 93 45 65 8 49 
52 30 16 37 20 96 166 
54 7 88 73 97 38 16 
11 57 48 33 101 64 8 
3 68 45 15 39 88 9 
27 27 73 70 10 70 85 
76 24 21 65 77 45 89 
49 56 24 10 50 63 180 
62 47 14 67 46 22 102 
64 73 24 82 10 80 55 
82 17 5 89 71 68 72 
35 29 70 26 21 62 111 
14 23 6 91 27 18 133 
83 61 6 66 49 94 27 
53 99 85 69 67 19 137 
40 21 23 81 97 55 58 
19 47 43 27 62 98 102 
52 20 93 86 64 64 203 
59 101 25 24 76 24 166 
33 87 59 56 45 89 152 
4 85 12 31 65 39 130 
16 65 41 89 98 65 5 
80 94 85 5 57 69 167 
22 100 59 23 33 48 177 
62 86 73 19 11 77 98 
37 83 56 101 27 38 88 
38 86 37 80 61 82 108 
95 76 53 90 22 94 168 
87 55 10 34 93 79 111 
81 70 72 89 90 56 90 
12 31 6 32 33 41 171 
17 24 45 73 69 36 137 
12 22 30 91 85 67 104 
31 48 69 36 61 91 118 
17 67 93 74 28 11 169 
47 49 60 91 55 101 143 
32 67 63 26 45 89 141 
50 43 101 7 91 95 167 
85 39 98 74 52 28 203 
59 54 102 43 27 86 134 
75 72 2 31 68 83 200 
83 9 12 19 4 90 137 
26 94 68 39 18 3 127 
12 64 19 5 75 72 150 
14 63 85 19 4 6 154 
73 100 78 24 14 85 5 
32 88 57 50 40 35 69 
62 35 6 11 85 5 130 
11 86 28 96 13 27 141 
47 30 101 101 87 94 109 
96 93 17 6 20 62 163 
77 63 57 36 39 42 107 
30 81 10 21 2 14 127 
17 52 30 3 60 35 173 
61 58 51 55 43 82 136 
44 91 7 68 45 86 70 
25 73 61 76 87 19 37 
51 93 82 86 82 93 162 
43 89 5 61 29 97 35 
7 9 83 98 62 88 175 
91 6 55 59 30 30 188 
81 71 29 75 18 70 22 
67 70 71 63 92 89 5 
4 3 9 18 91 19 38 
66 80 80 27 33 33 122 
89 29 30 54 64 89 127 
20 78 88 13 29 9 81 
40 14 37 72 100 86 178 
4 49 42 41 13 76 32 
92 52 50 87 38 52 160 
43 43 11 29 2 42 173 
27 23 8 63 12 81 54 
68 45 57 35 49 74 173 
83 89 15 53 15 49 58 
29 40 27 93 58 63 198 
73 27 45 100 46 5 158 
28 37 80 3 98 91 50 
8 95 55 91 80 95 124 
56 99 78 89 95 59 201 
85 82 72 56 19 31 195 
20 14 37 5 72 9 113 
55 37 52 20 60 6 43 
47 75 4 80 70 39 36 
31 69 13 53 48 81 87 
56 9 49 80 62 30 181 
83 20 88 10 88 8 5 
64 28 71 38 55 80 80 
10 70 78 52 94 81 182 
47 25 54 26 31 15 200 
29 5 42 99 77 34 132 
57 19 72 84 33 17 137 
43 44 17 95 3 6 96 
41 73 30 70 51 102 73 
96 35 86 59 95 5 72 
25 32 40 79 49 77 109 
54 7 70 63 66 24 11 
83 39 33 30 11 54 180 
34 13 31 28 34 31 124 
86 88 26 40 14 34 38 
14 79 17 56 31 96 179 
68 62 9 87 79 33 28 
98 55 32 86 54 49 186 
20 11 53 17 48 94 139 
21 46 25 54 92 89 142 
62 18 76 82 60 3 135 
54 25 43 57 100 50 179 
36 96 56 62 87 28 192 
70 66 41 85 3 21 97 
18 85 35 89 46 46 74 
39 58 6 96 48 27 136 
88 13 62 50 47 82 175 
52 71 94 7 62 77 187 
54 37 99 59 83 21 75 
41 10 70 56 6 54 197 
41 53 68 41 3 30 169 
56 81 37 58 41 63 135 
16 43 84 86 71 46 174 
23 9 39 67 8 32 96 
5 95 96 43 30 91 24 
21 28 68 61 49 11 200 
58 64 2 44 60 72 54 
69 88 72 37 10 13 38 
46 31 77 97 99 38 105 
88 43 17 13 75 57 194 
17 18 27 24 37 89 134 
47 39 24 50 62 23 74 
9 27 9 22 79 95 153 
99 93 66 52 75 49 142 
23 87 33 87 17 32 108 
72 47 14 75 26 55 202 
94 54 48 39 17 17 163 
18 10 93 97 64 22 38 
27 63 74 64 42 98 51 
54 93 65 47 93 85 76 
82 96 49 55 42 78 11 
41 20 15 60 34 92 10 
78 42 92 55 12 36 94 
86 42 13 86 59 77 84 
63 85 94 26 34 45 76 
16 45 44 23 47 16 175 
45 61 6 10 8 22 154 
53 75 94 83 51 93 195 
56 39 71 86 3 66 160 
37 23 36 3 49 70 128 
99 50 34 67 23 62 86 
83 8 79 53 57 67 22 
12 101 46 84 53 43 124 
9 75 40 46 52 9 18 
40 73 9 61 54 15 111 
27 62 17 30 34 56 150 
32 94 35 47 101 70 52 
24 92 20 97 29 4 184 
77 96 23 73 54 36 88 
38 72 94 5 54 58 174 
41 31 56 22 89 89 156 
83 7 101 52 41 85 35 
83 91 66 28 13 66 104 
69 96 59 82 23 32 193 
24 43 45 49 15 42 169 
63 66 78 42 17 16 191 
91 24 23 15 52 28 113 
83 30 79 43 94 37 148 
36 99 42 68 59 84 121 
66 58 5 28 46 36 42 
27 90 88 98 52 59 159 
74 39 68 72 6 41 86 
15 68 9 23 7 12 56 
70 38 76 60 34 37 52 
69 20 89 9 95 37 116 
43 93 47 43 80 97 128 
62 76 98 55 45 19 105 
92 99 7 41 25 95 117 
54 14 40 20 24 55 13 
21 81 66 13 6 87 148 
77 64 82 29 18 66 18 
64 80 8 91 20 76 157 
23 85 70 71 45 102 181 
81 9 25 58 44 59 84 
97 34 43 41 34 81 32 
37 27 13 9 31 51 184 
37 34 31 6 81 31 200 
99 97 44 63 88 86 197 
57 59 73 76 9 69 137 
47 66 52 87 97 64 176 
60 59 64 16 53 100 90 
77 96 54 65 31 45 201 
39 101 79 49 97 21 164 
70 43 36 24 84 25 183 
70 81 21 86 69 14 81 
41 82 49 37 87 55 163 
64 21 13 80 27 71 19 
67 75 41 102 45 8 182 
18 30 94 71 77 56 17 
18 35 81 64 32 61 200 
22 32 14 12 68 2 14 
24 25 46 59 56 83 7 
7 82 86 26 8 52 48 
54 57 68 12 100 74 97 
88 33 19 96 11 12 94 
45 29 92 79 8 85 193 
7 50 13 23 75 7 22 
55 98 40 26 12 77 139 
77 48 102 70 30 61 75 
94 29 65 47 73 59 128 
55 96 49 2 68 30 96 
9 57 91 28 69 39 67 
38 81 72 101 37 80 141 
83 92 12 79 26 60 29 
23 50 78 3 50 50 3 
4 93 26 46 49 23 139 
93 13 44 63 24 6 115 
50 95 48 39 81 96 146 
5 39 25 44 72 35 175 
9 15 26 21 91 34 70 
90 48 58 90 58 3 185 
82 70 18 4 57 59 150 
57 32 67 71 56 31 202 
55 3 4 79 90 84 171 
100 20 45 35 74 24 123 
50 92 51 25 95 83 49 
72 9 41 17 78 14 108 
84 61 52 37 5 37 72 
47 56 13 70 21 9 167 
52 75 71 85 37 15 16 
43 18 47 63 50 77 171 
95 65 64 14 72 33 33 
60 94 100 70 89 27 7 
38 40 57 76 76 44 42 
36 72 34 43 101 47 86 
45 7 75 57 62 53 106 
93 51 58 51 78 68 187 
83 73 17 49 90 6 11 
80 92 90 76 36 66 122 
94 31 73 73 88 76 32 
89 27 15 30 76 53 93 
91 102 26 100 77 30 109 
102 19 96 13 43 39 134 
17 88 83 28 89 94 202 
22 87 81 91 95 79 192 
48 4 21 15 56 61 181 
92 65 78 61 38 8 189 
14 79 61 47 38 51 147 
41 34 4 90 60 48 143 
17 48 11 84 53 61 111 
18 77 100 89 80 79 52 
24 7 69 53 88 8 17 
10 21 46 59 30 24 15 
71 19 28 97 15 21 155 
20 69 79 87 49 41 196 
4 63 60 60 75 49 36 
