4 1
250
20 35 6 68 113 
74 12 78 61 130 
5 24 5 5 44 
85 14 8 26 74 
29 86 35 19 151 
101 53 75 17 174 
32 80 14 91 134 
36 28 59 78 162 
15 33 49 81 92 
96 79 35 95 125 
31 69 95 3 165 
36 102 89 94 116 
23 39 62 76 69 
28 12 16 40 178 
59 57 32 47 47 
98 39 56 75 164 
23 20 81 56 115 
65 86 13 10 66 
36 41 67 21 120 
78 73 75 47 40 
86 65 97 8 9 
76 39 51 81 173 
99 48 16 14 73 
5 60 8 20 144 
44 101 8 9 109 
20 92 12 88 96 
27 66 11 56 197 
60 24 75 53 167 
28 38 34 26 72 
90 27 55 86 114 
20 67 58 77 158 
86 59 91 55 175 
87 29 64 34 122 
35 39 62 17 157 
83 87 57 38 93 
8 70 84 74 133 
95 39 28 33 61 
62 10 36 79 27 
3 36 22 67 198 
101 75 102 66 5 
53 67 40 10 153 
35 12 21 32 146 
19 77 19 91 190 
50 3 34 5 202 
27 6 85 5 155 
49 67 92 41 95 
34 70 20 72 30 
29 101 20 58 196 
52 91 6 8 196 
28 19 33 74 101 
100 44 99 67 156 
49 84 37 34 58 
69 22 82 86 80 
51 60 49 77 135 
51 85 78 9 100 
39 102 80 9 103 
32 37 19 92 99 
93 73 54 96 136 
47 67 88 30 60 
32 11 22 69 97 
70 72 58 9 3 
17 68 92 19 82 
49 6 29 84 199 
35 5 92 38 99 
79 8 55 11 43 
86 98 50 80 39 
30 82 13 62 168 
62 81 13 92 69 
26 84 37 56 40 
43 39 6 32 196 
30 21 86 21 143 
64 19 49 88 35 
21 21 14 100 25 
69 95 69 102 77 
56 94 102 5 50 
98 72 101 92 163 
49 94 19 84 185 
11 98 94 92 43 
46 34 27 76 31 
8 72 39 45 107 
50 72 7 95 87 
38 21 83 97 153 
94 20 60 9 142 
29 3 32 10 7 
73 3 79 82 191 
24 69 28 91 39 
27 35 58 40 66 
79 89 26 42 113 
92 17 100 17 59 
28 76 20 7 178 
6 42 31 42 165 
49 94 27 102 42 
71 96 95 78 101 
61 64 22 77 188 
42 80 92 55 28 
58 5 64 53 139 
51 50 23 3 31 
87 6 17 59 172 
87 64 26 22 175 
98 24 24 68 143 
65 56 46 15 98 
29 52 79 30 52 
46 32 76 34 146 
23 75 93 64 131 
57 49 65 93 17 
80 55 72 69 36 
36 83 98 84 11 
97 7 10 56 179 
37 29 90 34 83 
56 90 94 51 133 
25 33 62 5 32 
19 93 55 7 143 
75 83 12 13 186 
65 37 94 30 157 
18 67 39 76 61 
30 61 33 53 109 
91 63 22 4 192 
4 23 95 69 179 
5 54 5 86 32 
56 19 79 43 157 
22 98 67 75 101 
60 96 88 76 179 
60 62 4 54 164 
14 62 10 19 182 
44 44 27 42 150 
66 64 55 61 154 
12 84 92 76 69 
95 98 50 55 75 
10 37 22 81 62 
45 51 53 6 7 
95 11 62 54 71 
80 73 27 102 174 
98 43 29 100 158 
78 73 30 21 178 
18 15 57 83 165 
10 24 48 12 63 
17 13 51 59 167 
3 24 39 42 113 
25 74 50 70 82 
69 10 23 4 110 
74 23 33 19 177 
83 56 81 74 56 
58 26 16 71 144 
87 94 72 19 156 
56 36 91 66 131 
46 66 90 43 29 
102 3 46 59 119 
96 82 34 72 4 
49 44 68 15 201 
100 59 81 100 113 
78 39 7 28 202 
41 34 69 55 88 
18 68 40 60 56 
58 82 59 14 156 
7 61 2 18 60 
14 70 78 68 135 
89 88 92 88 77 
64 98 20 60 41 
64 15 82 29 173 
83 6 9 88 89 
20 2 69 23 104 
19 39 91 99 178 
73 58 4 89 115 
33 78 55 23 133 
61 64 102 94 32 
94 81 75 33 98 
10 62 92 24 98 
88 20 71 37 43 
27 9 23 73 100 
8 14 94 73 111 
7 53 88 23 171 
58 3 77 8 121 
39 66 60 51 161 
13 68 81 42 142 
14 9 19 3 82 
54 43 31 45 20 
82 89 3 79 88 
59 76 71 41 187 
88 45 65 79 169 
63 51 74 94 79 
42 34 55 4 86 
100 36 87 84 65 
17 74 34 99 161 
52 65 83 9 46 
39 99 42 50 171 
71 46 43 20 161 
6 72 39 7 141 
50 36 102 37 91 
25 91 89 9 158 
16 13 68 100 67 
100 70 67 72 5 
46 94 7 20 148 
56 95 69 5 58 
47 37 29 30 65 
18 65 48 65 202 
50 11 35 73 143 
60 80 45 88 165 
38 7 69 6 53 
58 31 83 65 183 
31 23 87 82 66 
81 87 39 69 34 
37 24 4 73 110 
36 61 36 51 32 
78 53 84 24 187 
42 70 25 5 154 
89 84 85 75 143 
29 27 55 41 185 
75 43 78 72 95 
16 5 98 52 186 
99 97 35 50 30 
81 42 64 90 187 
13 64 36 93 60 
55 41 31 3 57 
12 8 97 60 87 
37 76 14 78 158 
39 74 75 14 161 
95 51 37 61 186 
89 64 66 50 162 
13 9 87 43 190 
77 76 97 25 166 
93 101 76 8 161 
7 30 88 13 111 
42 91 24 15 74 
5 6 71 12 84 
50 44 50 81 65 
30 92 73 85 6 
65 79 52 33 180 
96 77 30 82 176 
61 79 55 96 82 
23 86 74 7 184 
73 7 86 85 70 
51 54 97 77 105 
17 59 4 11 185 
65 42 94 27 87 
30 78 91 26 167 
73 90 56 42 22 
46 19 67 95 65 
61 95 69 99 81 
44 82 55 32 146 
3 76 46 5 157 
84 95 49 65 127 
97 18 62 3 129 
63 100 58 68 17 
100 94 11 80 66 
72 75 96 88 203 
51 25 61 55 164 
99 47 53 65 59 
53 72 4 34 76 
45 34 68 36 160 
47 26 89 24 151 
