6 1
250
81 62 90 25 56 37 115 
100 74 26 80 84 85 80 
14 47 39 29 36 52 161 
85 29 19 89 23 28 167 
28 102 14 9 99 63 121 
44 42 10 49 41 85 194 
24 29 51 41 98 20 182 
79 18 24 97 4 102 195 
35 73 38 34 11 76 147 
75 14 73 87 24 82 143 
7 31 82 97 69 86 125 
2 70 50 27 10 95 101 
86 91 14 97 63 65 20 
71 74 17 32 11 25 102 
17 80 56 76 40 21 149 
89 44 101 37 18 37 69 
5 89 9 3 83 25 181 
24 61 92 63 19 63 75 
59 67 67 60 63 13 174 
92 96 53 72 75 78 199 
49 15 62 47 30 78 134 
87 10 31 29 2 63 189 
21 66 15 23 61 39 63 
80 36 78 57 25 50 28 
95 58 33 10 49 93 155 
48 32 18 91 87 73 147 
59 38 33 62 52 94 147 
32 40 51 17 42 69 142 
81 86 92 7 30 54 187 
55 100 22 56 72 19 148 
37 99 34 75 68 60 45 
100 47 97 75 58 43 130 
20 84 95 9 26 8 139 
48 28 86 60 20 82 10 
40 14 8 82 77 101 194 
43 19 43 76 11 50 165 
40 97 34 74 13 30 73 
18 29 49 48 13 7 182 
73 50 18 50 80 19 122 
36 91 95 83 44 70 157 
68 53 35 17 60 89 17 
33 54 88 9 54 71 48 
87 61 37 66 96 8 143 
70 28 28 33 33 23 11 
8 41 93 71 62 60 103 
77 16 32 55 20 84 82 
99 32 42 27 50 39 101 
32 60 19 50 64 9 198 
28 10 86 29 67 5 53 
14 97 41 95 13 75 21 
48 6 13 78 26 32 147 
98 87 8 85 87 57 156 
83 76 23 99 54 55 102 
8 48 28 55 81 16 172 
36 4 34 39 66 42 172 
56 8 74 40 79 27 63 
25 80 46 83 49 51 64 
24 20 98 61 22 62 82 
60 88 25 47 18 89 126 
85 75 47 23 18 94 58 
70 51 61 77 29 21 171 
70 83 74 33 68 56 27 
86 39 80 45 82 47 196 
22 51 95 63 40 71 81 
7 101 62 34 58 5 111 
71 39 86 95 43 58 183 
6 54 16 52 36 51 203 
39 69 79 38 50 33 99 
2 68 16 91 52 46 129 
85 14 102 11 52 61 32 
101 96 52 41 90 8 33 
99 81 13 6 23 42 140 
34 85 97 11 74 8 141 
73 73 6 93 14 29 46 
42 16 43 86 92 86 78 
75 29 99 61 27 35 9 
89 5 87 32 7 97 105 
31 6 3 80 55 48 59 
25 48 50 79 81 96 118 
67 73 22 32 57 33 120 
57 100 51 49 75 67 173 
70 21 63 9 34 73 23 
12 42 8 39 40 11 103 
83 52 85 48 41 48 46 
34 67 101 51 66 94 151 
8 54 33 82 83 46 114 
29 89 71 49 24 49 114 
33 17 95 19 23 11 152 
50 68 3 36 21 65 75 
56 64 60 70 81 39 9 
90 76 60 59 68 96 111 
65 16 100 19 101 68 4 
52 8 34 45 86 102 119 
88 32 48 64 83 21 149 
26 13 82 46 12 54 88 
43 37 62 58 16 23 175 
55 5 19 22 99 37 11 
58 28 27 97 39 48 7 
46 14 98 87 77 83 80 
4 21 75 91 16 61 21 
72 75 89 71 81 74 69 
29 30 44 86 86 71 139 
88 56 50 75 8 42 196 
25 66 73 41 42 49 104 
86 46 32 84 78 97 176 
55 40 28 60 75 71 37 
86 56 3 93 14 73 35 
66 27 18 10 20 15 97 
11 18 32 41 27 85 88 
86 14 4 10 75 84 68 
18 25 17 35 73 81 81 
12 72 50 29 78 36 42 
22 16 76 60 84 41 92 
24 97 21 50 89 77 204 
44 101 85 41 91 86 99 
4 3 77 50 36 10 200 
48 85 14 51 51 25 132 
99 30 52 93 45 90 192 
29 99 88 86 6 41 140 
73 66 91 89 52 74 37 
16 102 12 50 33 48 156 
15 9 100 40 54 37 93 
73 35 49 48 98 56 154 
6 91 66 33 71 32 152 
20 25 64 101 53 49 170 
30 42 46 14 44 20 31 
92 89 48 54 6 25 2 
33 43 43 56 20 44 22 
13 48 19 64 19 4 193 
86 38 42 3 90 64 90 
96 6 36 56 38 63 30 
4 20 81 67 8 76 178 
84 23 46 35 7 75 37 
96 29 52 27 18 21 15 
53 8 52 17 64 59 78 
40 9 2 83 84 98 19 
30 40 99 12 30 10 5 
17 97 70 86 90 28 204 
79 86 31 23 43 10 105 
14 31 52 47 20 52 91 
16 46 54 25 80 11 135 
91 55 16 90 14 7 75 
13 84 33 75 32 40 125 
25 73 63 42 90 60 33 
12 50 68 12 60 60 3 
54 18 63 13 20 36 180 
33 17 34 32 5 17 6 
48 20 74 89 14 85 187 
75 93 85 91 53 53 162 
7 51 80 55 49 38 121 
69 73 64 15 6 75 187 
58 30 12 87 45 15 130 
31 96 24 48 76 11 161 
27 80 23 69 85 11 55 
68 56 78 58 81 45 163 
50 11 77 10 12 102 35 
65 74 6 10 39 17 155 
57 58 9 75 29 82 87 
94 43 48 23 66 68 185 
76 36 32 66 73 86 167 
87 49 40 66 11 64 126 
8 19 61 48 96 52 25 
100 71 85 54 64 39 113 
70 31 89 49 36 28 181 
40 77 46 69 33 96 142 
11 71 11 20 20 82 177 
26 88 77 72 17 81 157 
67 49 14 10 49 28 37 
20 53 20 77 38 75 139 
45 17 81 64 58 44 181 
102 76 36 46 59 70 91 
45 14 79 21 49 14 149 
30 33 61 87 70 54 186 
21 93 45 83 9 21 167 
73 98 9 61 39 90 134 
75 80 66 92 60 75 153 
40 43 58 92 63 97 32 
86 22 80 90 91 100 166 
85 93 65 52 51 64 147 
18 71 61 12 26 9 113 
55 97 97 12 81 18 165 
52 89 94 48 26 69 177 
78 32 73 50 92 86 184 
89 3 42 11 13 5 47 
74 99 82 40 89 62 65 
28 85 80 12 84 3 68 
7 73 6 27 98 87 82 
41 90 64 35 25 67 136 
96 57 3 71 15 60 160 
92 14 10 39 9 58 104 
49 95 40 10 86 60 168 
32 38 86 17 20 85 67 
11 20 6 66 97 67 66 
30 80 44 71 45 56 33 
61 97 90 91 31 91 189 
97 26 27 41 9 86 131 
21 19 56 97 77 48 165 
95 6 75 13 93 21 40 
17 98 42 43 6 69 144 
43 98 27 90 96 42 30 
96 81 27 90 83 70 21 
63 90 76 69 10 36 136 
94 17 80 41 72 76 164 
30 87 100 5 19 96 159 
23 30 9 84 8 69 202 
26 50 25 12 53 12 112 
10 68 76 98 35 6 102 
83 49 52 25 68 36 135 
96 29 87 66 76 33 83 
62 69 87 4 69 69 138 
70 57 30 21 66 28 43 
21 26 10 86 91 30 82 
83 59 60 42 35 35 63 
22 40 48 79 80 16 100 
101 91 96 67 39 84 29 
94 23 6 4 10 48 153 
5 79 81 87 5 3 161 
12 29 63 36 36 39 98 
19 84 44 88 13 74 43 
37 16 21 54 48 28 182 
38 56 41 27 89 58 36 
63 69 94 77 16 72 183 
64 34 33 5 47 68 152 
41 64 18 99 76 56 140 
65 62 34 59 76 91 152 
75 25 11 49 83 33 116 
17 52 13 99 4 33 151 
84 90 51 3 62 17 196 
94 25 30 16 3 51 201 
9 62 20 41 83 17 181 
12 24 59 66 38 20 52 
14 7 102 74 26 96 165 
74 85 58 17 76 80 165 
2 83 35 82 84 60 18 
92 95 60 24 18 87 148 
68 94 39 26 99 73 163 
19 30 44 80 56 20 72 
79 64 27 8 39 10 21 
43 26 86 56 63 19 48 
14 44 52 10 11 10 16 
93 21 92 80 9 3 169 
54 93 4 30 42 75 28 
33 35 17 80 79 65 51 
70 55 72 38 57 59 12 
89 94 72 47 11 30 175 
45 36 31 32 9 29 182 
35 84 28 23 45 12 167 
10 37 32 34 48 85 48 
68 22 43 54 46 80 134 
101 34 85 33 48 29 180 
