6 1
250
63 18 39 93 69 10 57 
32 17 12 28 22 77 46 
65 99 32 96 37 85 170 
59 25 12 78 13 73 67 
69 76 100 97 3 76 105 
21 76 78 68 18 21 143 
30 16 54 14 13 51 85 
52 83 2 94 88 63 9 
95 29 17 57 39 97 129 
43 14 33 21 2 73 91 
25 56 30 21 66 15 61 
11 60 66 2 25 93 36 
95 99 5 17 15 49 53 
49 63 13 81 26 9 178 
3 22 95 13 80 99 57 
29 74 75 24 50 77 172 
71 53 57 16 6 48 99 
17 30 6 89 26 21 154 
95 19 42 42 8 44 18 
40 73 91 47 96 91 136 
27 32 96 67 75 43 160 
12 58 67 22 63 41 176 
94 91 26 56 80 54 71 
57 35 84 44 34 78 65 
81 68 71 12 59 84 183 
100 12 24 53 79 99 169 
63 76 22 47 5 24 94 
84 67 93 18 39 34 144 
100 14 25 42 67 49 64 
92 98 12 7 59 98 193 
81 3 5 3 57 54 191 
61 64 99 31 56 88 198 
3 80 96 21 52 22 2 
100 101 13 14 52 54 147 
80 11 42 48 27 53 9 
66 90 17 84 82 78 81 
51 29 13 13 63 36 182 
20 18 87 9 79 97 164 
5 95 91 8 102 24 165 
55 58 85 31 37 95 76 
92 81 39 71 45 63 101 
74 102 3 91 20 85 123 
95 57 41 50 58 25 126 
97 28 78 83 56 60 197 
72 30 84 28 42 54 58 
39 50 40 36 35 33 63 
95 89 19 83 41 23 123 
3 46 83 81 72 77 194 
55 63 91 91 5 55 6 
74 22 65 80 33 34 116 
9 3 17 25 94 33 7 
41 61 101 17 40 39 142 
86 3 49 73 79 35 171 
89 51 47 32 81 30 45 
69 56 6 11 90 5 192 
45 68 58 80 46 95 30 
4 91 76 67 18 35 179 
21 18 9 56 102 75 42 
54 72 95 15 5 83 147 
7 98 8 51 35 77 86 
37 92 95 35 42 72 174 
62 73 67 65 97 36 101 
40 99 57 91 32 76 184 
98 66 67 43 14 44 197 
95 69 18 85 60 48 171 
28 17 23 62 5 37 188 
101 30 52 10 49 25 138 
101 54 63 5 3 53 80 
29 30 94 30 30 91 136 
6 51 82 39 90 67 26 
84 36 31 29 41 100 199 
38 16 34 67 21 31 193 
18 57 82 59 97 47 203 
89 31 34 77 48 28 193 
80 72 73 61 60 58 37 
20 34 78 64 55 43 185 
15 62 65 11 61 74 180 
96 2 82 95 22 14 194 
6 99 54 95 74 5 119 
46 63 8 63 76 79 199 
26 6 97 44 6 11 150 
71 71 68 89 56 8 173 
72 93 68 40 45 24 30 
37 26 71 83 40 35 142 
101 58 50 87 97 93 143 
98 87 53 18 5 24 73 
29 88 8 21 99 75 151 
72 42 25 33 57 86 182 
82 28 63 68 78 6 144 
15 20 4 61 17 17 151 
8 16 23 42 3 81 17 
39 65 64 43 62 98 61 
18 27 57 42 9 83 34 
61 93 52 29 20 66 31 
71 6 62 84 60 102 131 
28 4 93 56 7 84 89 
66 101 27 19 10 43 198 
95 49 20 11 37 60 97 
26 73 14 85 16 95 141 
60 4 61 4 98 67 184 
24 66 88 4 101 75 194 
94 27 13 11 25 19 154 
59 44 75 25 44 19 6 
33 80 73 93 91 76 13 
99 69 17 14 78 9 145 
85 35 9 38 87 54 67 
48 4 76 93 78 96 4 
62 88 80 56 50 90 186 
87 16 12 11 101 91 195 
60 98 99 49 12 6 152 
11 68 89 59 66 72 173 
79 100 2 15 83 7 75 
83 38 60 30 21 82 200 
20 99 29 88 65 38 180 
8 79 46 68 91 29 105 
22 93 99 86 20 8 19 
19 12 98 20 87 61 158 
62 41 21 92 27 78 185 
71 63 73 3 36 99 145 
23 58 49 93 80 87 125 
47 63 46 4 75 91 5 
88 33 69 80 79 13 95 
40 28 78 66 52 62 104 
32 28 85 86 12 39 196 
57 51 29 9 76 18 31 
80 77 91 53 89 91 170 
32 6 25 58 88 27 169 
32 74 29 30 27 13 32 
38 63 19 66 54 7 66 
84 42 73 5 96 34 124 
53 89 15 65 73 69 2 
24 61 30 26 14 16 53 
79 102 81 52 7 101 87 
15 74 90 37 86 53 100 
65 54 55 93 95 24 160 
87 16 67 55 46 17 30 
4 91 42 41 93 9 11 
43 94 55 91 34 21 79 
17 28 30 89 18 54 120 
9 77 34 21 94 49 189 
88 16 98 64 86 30 24 
84 49 98 95 47 46 48 
62 2 4 63 5 42 143 
90 39 69 30 65 58 194 
17 10 22 101 62 14 113 
80 59 29 50 93 29 68 
80 34 96 73 10 37 97 
76 32 60 91 8 25 199 
79 32 36 23 74 18 139 
41 78 95 87 34 70 168 
45 77 15 15 15 39 23 
7 74 58 58 22 50 83 
80 64 13 56 91 60 3 
29 95 29 20 13 67 80 
58 3 89 78 69 67 65 
56 47 78 95 88 89 148 
59 80 67 54 70 29 126 
15 85 33 45 12 84 34 
85 88 97 4 74 74 100 
74 72 82 55 85 11 50 
20 36 63 5 73 30 143 
17 64 68 45 40 79 89 
20 58 35 59 85 18 147 
60 84 93 16 17 26 175 
10 87 101 87 20 39 195 
51 72 41 42 56 48 139 
26 31 61 36 96 7 111 
16 49 98 102 96 54 122 
55 72 91 57 6 86 15 
79 68 60 22 42 50 142 
88 96 19 31 72 6 71 
55 33 83 23 20 33 193 
40 6 88 27 87 38 195 
102 53 86 52 63 63 98 
64 4 16 56 60 87 58 
55 80 73 26 50 27 2 
41 10 36 87 55 14 79 
65 74 97 57 14 75 177 
45 35 81 10 45 88 184 
32 69 69 63 49 69 174 
27 17 3 39 13 98 125 
45 52 67 10 51 12 203 
32 21 101 48 13 43 22 
47 94 17 8 41 12 20 
43 69 27 8 47 55 77 
59 96 20 3 80 28 3 
85 16 2 96 79 93 2 
49 70 17 37 28 77 164 
25 88 33 73 88 54 5 
85 42 4 6 59 64 149 
27 83 46 36 17 12 128 
80 17 14 65 21 11 192 
101 12 73 21 80 59 71 
10 89 32 94 76 101 204 
76 100 92 22 30 30 46 
89 73 4 13 68 20 93 
72 21 11 69 45 9 171 
33 33 87 81 7 41 36 
95 16 44 43 13 64 11 
19 24 45 93 83 74 26 
41 71 10 14 42 91 79 
70 23 27 33 94 18 89 
69 7 43 25 91 7 192 
58 62 72 57 57 43 109 
99 68 78 64 37 74 187 
64 79 69 68 52 81 53 
95 19 12 21 48 63 103 
19 4 70 94 69 19 169 
12 39 59 86 50 87 145 
57 50 71 58 46 53 13 
29 76 60 41 28 71 129 
44 62 37 11 81 5 163 
67 10 72 70 57 11 107 
42 12 83 3 96 56 80 
71 43 65 4 12 47 184 
30 12 55 43 50 22 139 
79 24 77 71 84 93 184 
42 101 90 92 44 56 178 
66 78 40 34 17 26 149 
21 74 9 71 60 92 76 
100 19 29 8 91 86 129 
90 8 34 14 65 50 61 
45 77 15 70 93 5 131 
36 17 11 35 98 97 120 
52 70 102 26 3 55 86 
84 63 85 55 72 27 156 
72 8 22 54 78 46 156 
99 96 4 69 89 75 133 
4 20 75 96 91 6 79 
40 34 90 64 97 90 125 
17 31 17 23 80 89 130 
10 91 84 21 53 84 109 
76 100 59 16 82 79 162 
45 12 62 82 22 40 69 
76 34 92 84 58 17 167 
67 89 48 11 88 3 192 
31 93 76 41 24 87 130 
36 33 51 16 13 83 148 
21 57 43 60 51 32 72 
59 94 40 96 69 73 20 
13 13 6 97 78 88 29 
21 87 44 100 56 71 83 
3 43 69 48 36 12 95 
34 7 54 39 73 61 148 
101 39 46 57 16 56 48 
23 46 22 37 98 61 203 
71 101 62 97 63 96 115 
53 72 51 35 64 65 161 
8 54 60 6 28 43 42 
51 100 45 42 17 19 164 
