4 1
250
97 35 21 102 182 
91 56 22 25 175 
43 34 51 33 157 
57 89 30 51 152 
20 40 7 10 95 
97 53 84 72 95 
88 41 66 63 101 
74 22 64 32 160 
21 6 90 31 164 
28 96 92 88 114 
28 60 29 53 171 
60 29 13 55 192 
40 74 52 79 204 
4 70 90 83 12 
37 27 99 73 114 
16 52 79 30 43 
4 63 97 17 43 
30 14 15 80 187 
47 11 11 38 83 
49 56 13 31 159 
60 8 10 84 42 
3 63 58 98 142 
10 53 85 35 189 
79 79 37 59 147 
92 57 12 92 124 
29 18 63 33 19 
63 41 50 52 127 
98 55 16 97 40 
69 59 19 10 171 
96 27 77 46 130 
72 21 56 59 179 
6 97 20 23 190 
87 102 26 89 20 
70 5 35 73 197 
26 65 41 40 11 
35 39 4 8 136 
4 43 19 70 79 
44 88 93 64 119 
3 37 94 4 69 
70 34 32 101 33 
93 94 6 49 82 
10 81 18 54 112 
69 95 14 57 186 
47 84 59 51 138 
85 14 73 15 195 
91 72 39 7 76 
3 9 5 93 153 
12 39 72 30 63 
64 72 40 10 186 
10 25 39 13 182 
88 77 83 34 68 
81 23 93 54 105 
39 44 13 18 109 
62 91 23 82 166 
10 14 31 21 13 
15 76 65 24 179 
68 35 28 18 105 
28 27 74 60 196 
91 48 20 79 190 
22 61 25 57 65 
21 4 59 32 166 
75 49 65 28 42 
7 60 70 66 173 
6 19 97 66 57 
37 19 65 86 187 
64 96 54 28 175 
56 53 9 93 141 
66 78 97 37 159 
81 65 48 40 186 
33 80 56 94 182 
5 66 60 30 197 
3 41 75 41 41 
82 97 39 42 135 
56 53 79 97 43 
30 23 62 89 99 
74 74 27 95 125 
86 41 61 38 169 
92 95 82 97 138 
28 5 59 18 200 
87 28 7 74 78 
82 3 61 74 126 
84 6 74 82 51 
32 16 82 80 74 
42 37 2 60 156 
63 73 84 30 193 
26 67 47 90 131 
48 69 54 58 165 
85 82 89 77 5 
88 23 2 72 78 
14 26 81 82 119 
51 27 49 98 157 
11 21 33 80 77 
19 61 85 18 160 
65 64 26 99 108 
62 50 27 58 185 
41 73 13 92 170 
3 88 67 33 31 
23 21 58 81 147 
66 51 12 40 172 
29 40 86 94 153 
52 101 84 29 199 
3 102 93 8 77 
40 9 43 97 76 
33 97 55 4 119 
46 8 48 27 181 
13 40 89 74 131 
4 89 21 17 69 
3 6 39 35 29 
23 30 52 43 70 
58 11 17 3 109 
34 87 84 36 65 
46 56 58 41 178 
65 14 21 44 74 
53 90 27 63 73 
29 59 22 90 77 
18 57 6 94 67 
4 25 88 21 66 
19 7 87 86 181 
49 50 101 48 105 
10 11 11 8 169 
70 85 56 68 54 
77 68 96 99 34 
91 52 67 8 174 
41 28 2 12 41 
48 5 43 75 180 
82 61 76 39 60 
8 49 100 11 131 
20 72 22 95 117 
53 13 90 70 203 
99 85 94 63 25 
84 11 100 89 76 
67 44 83 80 95 
18 94 59 71 21 
45 54 58 44 137 
72 8 9 55 139 
38 17 75 75 185 
99 69 15 28 96 
100 50 14 74 201 
78 90 44 49 85 
61 56 21 61 117 
48 29 52 96 86 
77 4 47 21 5 
52 71 10 89 102 
51 81 33 24 26 
97 42 86 46 184 
83 66 63 14 20 
84 99 17 18 92 
71 19 20 86 146 
98 5 95 73 101 
10 82 57 99 188 
82 25 99 49 128 
8 46 8 6 124 
13 43 36 12 41 
55 56 94 45 164 
34 63 49 53 34 
94 49 15 97 169 
3 12 65 22 62 
61 2 70 56 80 
28 13 16 26 124 
57 71 85 53 196 
55 90 14 19 124 
20 78 48 33 144 
61 33 13 23 121 
3 80 16 82 123 
55 88 41 6 111 
23 49 25 92 124 
25 66 64 101 61 
16 100 48 61 24 
85 56 38 85 163 
97 102 95 67 122 
79 57 5 93 89 
69 51 10 65 81 
74 55 58 73 99 
97 71 14 94 93 
5 34 56 71 157 
100 52 58 26 121 
23 56 60 33 170 
69 62 72 58 128 
67 91 85 22 82 
32 101 68 37 172 
28 90 3 22 115 
48 3 36 17 93 
19 95 86 6 39 
20 98 27 90 164 
37 101 59 32 165 
16 51 36 31 95 
101 86 23 42 69 
35 55 40 77 78 
69 28 58 12 94 
73 7 80 4 46 
37 76 80 57 102 
29 33 73 41 87 
98 69 7 70 95 
35 75 47 73 173 
67 60 52 52 30 
11 45 48 86 21 
11 73 34 10 25 
27 8 68 92 13 
5 83 100 35 85 
2 23 89 67 28 
101 62 9 20 118 
79 27 30 43 84 
87 87 89 32 68 
28 36 99 59 44 
28 9 56 68 168 
85 62 19 11 29 
89 57 84 73 23 
51 65 17 52 72 
2 81 27 52 44 
20 96 70 2 34 
68 26 32 46 177 
94 8 44 38 152 
19 10 21 30 109 
31 5 18 22 172 
64 22 49 24 43 
50 84 7 47 131 
91 93 19 95 98 
65 27 40 86 40 
45 24 81 78 37 
95 62 99 99 187 
17 80 51 18 110 
48 79 10 25 81 
11 3 99 74 173 
28 93 27 82 183 
6 67 34 3 86 
42 43 73 7 58 
90 87 10 55 100 
14 44 3 42 6 
88 19 17 47 21 
43 27 9 94 186 
3 37 19 9 178 
52 48 50 76 29 
7 9 5 98 106 
26 96 46 25 150 
86 93 88 80 10 
90 52 88 93 3 
17 35 81 16 55 
55 70 3 68 201 
68 97 28 28 198 
81 16 21 96 175 
50 83 87 20 17 
13 51 41 5 204 
2 62 58 76 200 
74 30 91 71 201 
58 95 80 27 17 
91 66 62 83 51 
76 33 95 8 108 
36 51 63 9 33 
6 31 99 68 200 
8 40 54 30 53 
