4 1
250
48 89 79 44 175 
29 92 9 28 149 
48 72 87 83 166 
26 33 14 41 112 
84 7 43 38 203 
80 33 79 43 197 
12 44 23 80 139 
3 42 71 98 126 
61 26 31 99 105 
54 83 14 29 166 
47 90 58 8 179 
42 48 43 44 17 
98 16 68 31 129 
6 51 9 15 165 
85 64 18 80 196 
60 79 46 87 97 
99 21 51 62 106 
23 88 17 93 58 
57 101 29 91 134 
47 59 101 36 96 
5 76 101 49 199 
85 74 80 12 61 
66 4 58 97 23 
79 67 8 80 86 
20 36 18 87 54 
86 37 30 15 105 
3 79 12 41 90 
25 22 4 64 141 
51 10 6 64 131 
55 45 34 80 180 
83 53 24 95 60 
71 59 16 23 29 
50 47 68 61 59 
88 94 19 53 178 
59 64 46 11 189 
12 32 57 23 148 
43 5 52 26 144 
51 57 19 12 153 
68 8 83 51 44 
6 44 47 35 159 
64 28 82 93 65 
20 10 15 2 39 
41 4 95 51 148 
46 97 43 91 161 
33 76 10 79 45 
53 83 97 90 180 
71 87 24 46 24 
18 25 61 95 107 
44 44 19 94 75 
66 16 35 79 157 
11 3 58 56 97 
89 20 6 72 164 
40 15 27 14 102 
56 82 51 40 116 
23 39 50 39 77 
90 60 18 43 117 
39 50 20 13 162 
70 31 70 99 50 
100 22 91 15 31 
30 19 7 44 168 
86 66 97 22 114 
74 55 20 19 120 
31 4 65 15 89 
91 97 16 35 167 
27 15 55 16 121 
3 50 37 25 20 
73 55 76 60 150 
75 56 100 58 16 
17 13 53 40 192 
97 58 78 72 53 
35 5 74 62 118 
73 14 83 63 111 
27 19 97 10 178 
78 31 7 41 143 
38 100 60 28 136 
16 64 16 22 130 
47 73 67 100 155 
70 83 15 3 7 
63 75 39 4 169 
100 17 45 53 38 
69 54 39 102 183 
37 47 48 96 91 
11 99 63 100 20 
55 54 100 34 40 
97 17 6 39 20 
65 63 59 45 140 
100 21 65 4 197 
95 36 68 10 84 
26 38 21 59 191 
66 14 41 94 61 
48 20 12 34 48 
54 50 2 93 56 
76 90 4 28 94 
92 36 61 3 34 
21 88 91 93 194 
61 98 49 45 94 
52 24 66 16 46 
82 11 33 81 93 
47 36 77 83 137 
38 35 95 13 10 
31 55 40 78 22 
62 31 21 40 130 
57 3 59 47 157 
54 25 90 6 134 
83 5 82 58 145 
87 14 10 27 121 
28 5 38 42 34 
99 86 90 6 127 
53 92 95 17 183 
46 79 31 7 32 
14 47 92 48 49 
28 76 84 8 52 
50 23 96 81 77 
55 67 19 31 163 
70 38 86 44 30 
93 12 66 68 56 
10 84 5 12 96 
83 15 92 18 183 
25 4 84 82 30 
33 97 17 80 77 
81 62 2 27 96 
79 63 50 34 67 
19 11 18 81 36 
68 20 86 34 115 
42 77 3 42 116 
68 55 6 30 171 
97 97 88 31 99 
50 84 80 65 143 
22 67 61 86 150 
16 87 5 65 99 
15 13 85 24 199 
5 61 63 70 164 
26 59 22 50 76 
24 25 89 33 140 
86 42 23 64 75 
76 19 19 68 89 
83 52 43 82 145 
86 14 66 34 92 
92 24 12 85 95 
65 47 12 49 105 
92 100 74 97 132 
75 92 23 88 49 
89 44 96 27 203 
76 17 42 79 108 
12 62 58 88 161 
64 32 40 18 149 
31 8 71 17 109 
85 80 49 18 199 
96 93 80 10 119 
49 30 86 85 148 
50 7 35 97 85 
33 44 88 18 6 
45 54 6 15 192 
82 75 81 75 36 
98 71 26 82 121 
21 84 49 30 65 
36 48 57 46 53 
26 75 76 76 47 
42 93 33 15 112 
44 89 67 16 159 
76 51 14 69 156 
81 83 55 38 47 
51 97 60 87 139 
100 100 62 90 144 
9 101 6 53 157 
6 39 13 27 37 
34 19 35 53 117 
88 36 90 70 95 
45 22 40 54 150 
47 36 49 48 117 
46 29 78 46 145 
78 47 63 92 147 
44 72 30 21 185 
34 64 9 30 168 
66 12 94 44 56 
89 63 54 79 66 
73 93 67 71 151 
6 43 91 82 166 
43 75 100 98 11 
76 94 21 64 86 
85 28 21 66 190 
36 37 37 19 171 
17 95 86 60 4 
53 6 61 47 176 
93 75 29 49 85 
93 14 99 40 109 
96 43 92 38 100 
47 74 4 78 82 
71 8 73 98 135 
50 91 42 97 110 
71 35 76 78 104 
12 101 74 24 6 
24 40 99 66 182 
76 5 50 12 116 
81 5 85 8 36 
87 4 33 83 190 
4 74 4 86 171 
63 69 16 88 81 
48 2 81 76 37 
33 11 9 9 187 
47 43 32 40 153 
69 52 70 61 134 
10 70 93 31 204 
52 38 15 83 59 
9 91 64 73 23 
80 25 12 90 176 
78 97 26 91 99 
63 44 66 11 37 
13 101 58 22 65 
80 11 52 76 138 
96 98 28 81 174 
59 81 61 30 197 
46 43 82 74 183 
14 46 4 83 81 
10 74 6 65 37 
9 35 44 42 68 
71 75 38 23 187 
82 71 47 6 186 
84 85 38 14 151 
72 21 85 33 40 
36 9 71 37 123 
24 94 65 64 159 
26 40 21 97 57 
73 7 61 83 22 
46 101 100 92 118 
26 38 94 92 97 
90 51 13 23 201 
64 5 3 63 143 
90 8 85 28 138 
46 66 43 87 8 
68 62 5 22 154 
36 11 82 80 74 
88 2 75 17 183 
76 28 101 99 134 
70 6 100 13 47 
40 18 74 24 29 
62 97 9 89 166 
30 49 93 47 132 
54 25 25 28 172 
90 34 70 38 190 
20 67 46 22 73 
64 64 94 100 77 
20 40 60 66 154 
92 95 89 35 127 
30 38 55 34 28 
46 82 75 29 71 
8 50 38 31 195 
97 53 89 53 41 
68 57 94 10 96 
17 68 61 52 191 
