2 1
250
82 52 54 
29 76 35 
84 11 144 
85 80 162 
28 13 201 
66 3 56 
21 72 94 
89 58 113 
14 47 76 
72 68 33 
57 11 30 
86 31 137 
15 9 113 
31 97 104 
49 59 139 
9 83 192 
50 17 29 
68 37 203 
71 95 191 
73 17 61 
81 14 88 
57 30 142 
67 43 169 
34 53 191 
74 91 152 
97 41 201 
89 7 133 
45 24 106 
4 91 152 
17 17 73 
75 44 189 
28 52 171 
10 94 62 
101 44 81 
14 18 130 
22 96 93 
27 76 111 
97 86 23 
66 39 183 
93 55 79 
97 53 55 
49 61 22 
3 48 81 
93 90 97 
71 90 129 
28 33 14 
90 85 194 
31 91 86 
83 80 119 
84 64 28 
96 19 82 
94 6 186 
15 67 118 
55 20 100 
8 37 176 
9 29 195 
49 41 14 
86 5 144 
45 68 126 
87 68 166 
54 21 171 
28 99 145 
10 79 173 
74 15 136 
51 37 132 
48 25 113 
57 76 104 
64 37 49 
9 12 30 
71 50 79 
32 30 201 
78 4 202 
67 82 79 
17 102 103 
13 78 55 
42 37 139 
8 99 88 
8 31 188 
32 92 173 
62 21 176 
59 41 60 
49 44 172 
70 74 69 
68 83 90 
19 42 152 
3 53 120 
99 69 155 
48 65 105 
98 26 202 
9 48 27 
16 7 124 
54 61 126 
23 66 71 
44 74 129 
37 42 33 
101 91 182 
20 32 79 
28 65 107 
13 13 155 
80 53 38 
87 63 55 
23 53 157 
85 67 167 
15 82 178 
26 57 194 
15 14 47 
38 99 71 
12 91 35 
76 90 85 
11 43 99 
88 45 29 
18 59 25 
39 15 182 
41 18 51 
10 7 103 
53 4 19 
59 100 201 
55 44 112 
86 77 147 
12 49 130 
38 77 50 
35 29 75 
76 10 199 
85 78 201 
35 99 166 
12 4 172 
68 25 176 
35 54 89 
51 35 4 
61 34 168 
42 29 136 
28 5 85 
3 76 158 
16 79 192 
13 75 47 
2 22 93 
75 76 149 
90 46 50 
79 5 48 
83 86 194 
37 17 154 
17 46 101 
34 10 192 
42 11 58 
9 55 95 
94 24 160 
23 51 28 
58 88 119 
11 54 170 
45 51 204 
20 22 184 
85 81 127 
21 98 62 
75 70 26 
53 36 134 
47 83 186 
80 87 167 
47 62 73 
84 81 61 
19 8 188 
68 91 121 
96 23 182 
39 26 151 
86 76 54 
51 50 165 
3 7 107 
95 66 145 
94 67 131 
20 76 124 
57 3 203 
35 3 184 
39 9 161 
55 59 27 
78 10 117 
19 95 24 
58 98 25 
57 83 153 
79 26 86 
23 76 51 
97 78 98 
31 84 49 
77 53 148 
37 13 86 
4 50 98 
42 19 115 
16 77 147 
55 64 159 
51 3 42 
27 58 158 
51 18 68 
57 60 166 
67 49 55 
35 45 86 
41 23 174 
72 55 68 
29 39 16 
88 9 203 
54 44 31 
72 82 167 
6 52 196 
97 89 194 
11 49 184 
68 77 144 
32 83 67 
32 16 85 
95 81 98 
89 100 39 
72 65 20 
35 4 33 
69 96 137 
46 32 190 
48 45 71 
92 63 13 
45 63 128 
39 58 56 
69 24 59 
75 80 4 
36 19 107 
79 27 51 
88 77 93 
77 102 165 
5 87 105 
41 86 145 
9 5 38 
44 47 77 
58 35 15 
84 68 163 
89 96 36 
68 12 29 
43 71 39 
12 6 176 
63 70 125 
83 35 145 
78 30 80 
59 69 154 
85 94 147 
16 23 188 
20 6 20 
67 89 14 
66 39 153 
40 100 33 
55 98 202 
34 83 157 
79 77 204 
37 8 79 
43 32 56 
44 85 40 
43 29 97 
28 95 203 
79 97 164 
