4 1
300
86 3 62 57 85 
50 29 14 33 85 
44 58 98 38 179 
37 53 19 34 39 
75 21 56 51 64 
101 2 72 67 139 
53 43 50 60 186 
9 20 34 7 199 
97 60 27 88 75 
82 90 35 11 28 
90 90 42 48 40 
68 49 12 26 86 
50 60 49 65 184 
3 10 41 47 165 
19 21 14 37 49 
16 96 69 15 104 
13 69 62 53 163 
65 4 4 41 53 
62 10 10 65 103 
39 13 64 98 73 
74 51 90 31 197 
71 78 7 24 11 
73 81 99 76 63 
82 99 98 85 57 
101 9 102 21 43 
11 13 51 87 176 
5 34 73 80 160 
64 82 34 57 23 
89 99 81 36 111 
83 13 37 35 143 
42 18 81 71 75 
67 51 70 11 179 
61 30 22 38 4 
41 10 21 97 140 
2 68 42 75 83 
5 29 67 67 82 
100 78 18 17 95 
90 56 4 44 28 
14 13 25 70 107 
61 78 45 35 32 
75 94 41 66 142 
77 77 8 31 69 
40 86 5 71 183 
85 14 7 92 28 
87 9 79 85 115 
91 45 75 23 166 
28 86 34 52 137 
8 39 53 47 146 
15 50 75 11 152 
30 10 56 80 142 
49 73 55 22 62 
68 17 59 10 164 
34 4 88 50 16 
57 54 55 4 171 
48 63 62 21 3 
39 36 70 10 58 
83 91 97 53 72 
58 33 14 22 4 
92 82 45 67 82 
13 64 27 4 42 
79 58 53 96 48 
88 13 36 22 189 
34 50 50 83 202 
45 9 36 15 105 
26 42 34 4 191 
68 20 97 82 183 
77 11 67 91 105 
27 40 3 31 100 
46 99 94 30 141 
44 34 64 68 197 
5 30 14 53 196 
38 25 52 3 117 
69 18 56 32 37 
25 85 62 32 151 
7 9 8 67 16 
28 51 6 35 105 
36 58 31 85 177 
49 99 16 94 32 
4 90 102 74 166 
30 46 63 13 94 
62 74 34 94 186 
99 24 49 46 144 
90 21 19 52 47 
13 90 73 46 143 
28 70 69 17 147 
19 9 36 85 161 
85 89 96 89 186 
64 27 39 94 183 
27 52 72 24 56 
85 73 52 52 144 
42 75 19 43 42 
93 7 19 22 151 
92 91 66 68 179 
3 27 32 60 123 
88 53 81 56 93 
78 101 47 90 181 
49 58 86 15 79 
12 72 55 69 204 
60 10 18 20 204 
38 88 6 37 55 
60 43 94 92 171 
91 96 65 98 91 
95 61 30 34 57 
36 7 53 29 159 
33 74 65 60 7 
80 37 63 56 20 
92 96 13 64 64 
8 67 97 31 101 
18 8 59 25 16 
100 82 86 93 136 
34 37 79 59 195 
88 80 35 89 13 
56 35 11 89 112 
100 51 68 3 45 
71 12 24 81 128 
26 17 41 53 10 
101 53 72 90 158 
56 20 56 68 93 
29 33 9 26 194 
84 99 72 71 20 
52 16 85 71 199 
24 16 100 97 146 
72 41 84 85 16 
5 66 23 12 2 
83 97 102 58 192 
40 5 100 86 164 
29 47 73 44 111 
87 70 2 93 114 
43 22 61 97 153 
91 51 26 19 187 
20 78 63 70 59 
57 16 28 77 123 
21 18 17 17 91 
27 70 42 31 47 
37 65 33 56 122 
63 37 6 84 13 
90 81 83 94 126 
53 87 4 16 202 
73 44 27 33 76 
27 7 47 54 102 
23 12 97 97 117 
57 47 8 11 138 
22 11 47 72 146 
42 37 25 55 189 
43 68 27 32 105 
95 40 102 20 73 
58 92 55 34 173 
81 86 88 37 15 
8 80 96 49 162 
63 99 57 62 197 
92 84 94 61 20 
57 86 66 46 131 
19 48 91 76 25 
32 59 14 88 189 
58 51 90 49 177 
64 74 80 53 183 
98 86 42 23 94 
75 100 96 25 61 
97 22 45 73 183 
62 92 22 38 101 
7 87 71 69 84 
43 97 47 75 96 
85 8 15 56 139 
35 7 69 30 79 
33 65 91 58 200 
38 8 19 59 55 
75 54 45 4 173 
13 17 75 82 11 
81 55 23 79 96 
91 9 91 5 117 
57 24 93 100 38 
44 98 15 71 12 
36 80 90 49 151 
33 65 13 71 116 
20 34 89 26 121 
80 43 14 12 21 
31 20 15 2 145 
52 63 47 86 88 
18 4 6 77 144 
3 67 77 5 34 
27 98 21 49 80 
25 38 70 41 82 
3 86 5 62 157 
19 67 90 78 49 
72 20 29 29 84 
19 30 14 56 120 
15 69 11 96 172 
35 100 69 63 100 
17 95 9 47 86 
34 100 46 101 110 
38 79 101 82 95 
9 71 95 8 47 
96 26 16 82 55 
36 77 11 78 90 
21 100 29 29 20 
78 14 84 87 19 
20 86 15 2 46 
39 69 31 50 157 
66 7 63 41 111 
93 81 28 21 17 
59 91 71 57 72 
40 52 74 73 142 
98 88 10 99 10 
12 13 16 60 182 
69 48 63 101 162 
15 39 89 75 38 
99 87 66 79 106 
31 18 59 68 171 
89 97 60 81 166 
80 99 65 37 90 
81 68 70 31 83 
13 31 72 78 45 
3 65 101 55 149 
12 24 33 48 154 
97 56 50 77 7 
74 90 84 19 4 
18 76 54 32 80 
33 19 37 39 83 
102 48 83 46 168 
26 98 7 8 145 
58 69 19 62 101 
28 19 95 29 140 
26 49 54 77 12 
29 13 71 16 85 
95 90 95 8 155 
51 74 6 94 160 
78 85 77 49 94 
52 59 94 83 28 
16 26 10 71 35 
55 95 9 41 113 
16 29 93 67 159 
70 75 13 87 204 
55 16 3 51 189 
43 73 8 31 114 
72 21 90 3 58 
72 82 26 91 48 
58 68 67 39 132 
51 94 12 71 159 
78 48 9 83 123 
2 25 61 79 155 
83 90 79 86 173 
97 41 91 40 18 
90 51 24 64 91 
90 51 66 86 91 
51 63 39 54 161 
26 13 10 44 57 
49 22 49 16 85 
70 90 83 55 142 
12 5 75 63 182 
29 26 47 39 148 
53 61 77 35 57 
22 53 28 7 124 
86 33 49 12 124 
70 4 10 23 156 
101 70 13 17 71 
48 90 77 64 106 
2 68 73 72 155 
90 47 17 89 44 
19 65 78 94 174 
81 58 64 3 45 
28 18 27 62 149 
86 50 63 101 167 
34 78 65 56 123 
20 62 80 37 148 
25 89 23 2 121 
39 94 21 31 114 
92 28 76 43 53 
86 43 13 99 188 
42 86 18 7 181 
44 101 24 34 137 
21 80 30 30 200 
41 97 27 4 75 
94 31 33 45 187 
8 3 24 30 155 
79 51 83 44 67 
41 73 19 14 37 
39 72 89 64 76 
14 100 48 45 177 
92 18 11 63 3 
13 55 75 15 168 
42 79 96 58 183 
72 98 87 98 122 
70 80 15 86 202 
24 44 71 9 162 
11 58 81 44 176 
63 42 23 44 44 
88 100 5 32 158 
62 78 32 75 137 
18 15 51 86 39 
13 6 27 64 161 
71 86 68 36 150 
87 100 54 72 60 
32 78 45 78 150 
71 77 85 9 81 
48 14 98 42 130 
98 8 97 25 153 
59 18 61 65 106 
4 35 71 58 189 
63 25 62 46 77 
42 71 76 12 101 
