8 1
300
63 75 65 68 82 61 36 69 195 
62 17 70 33 17 37 20 101 148 
15 54 83 29 29 76 41 72 175 
49 53 59 89 70 15 41 34 11 
29 48 73 20 19 60 48 39 16 
55 45 94 22 44 6 63 35 7 
99 36 48 90 29 13 76 90 35 
40 75 49 58 93 85 33 93 109 
3 97 37 25 83 93 70 88 56 
96 29 11 56 27 38 12 45 200 
61 40 21 63 46 31 44 10 131 
62 99 54 10 91 53 53 62 78 
70 76 55 57 23 43 86 82 124 
10 86 49 13 47 50 87 74 109 
36 43 53 7 83 76 29 10 182 
77 88 40 60 5 68 100 45 142 
47 6 20 80 79 66 71 36 49 
19 51 54 6 25 19 100 18 40 
89 65 94 81 30 15 54 11 192 
24 51 84 84 16 4 81 42 140 
37 59 66 88 38 49 53 12 121 
39 73 65 24 63 88 49 12 164 
79 68 77 6 28 69 72 49 173 
43 37 37 51 27 85 51 64 122 
57 3 28 47 30 20 56 17 79 
33 3 91 98 37 5 24 4 151 
95 33 33 99 18 92 65 11 154 
26 90 48 82 75 100 29 94 21 
56 34 40 59 52 13 31 41 94 
98 48 102 34 29 25 11 58 65 
30 60 87 39 84 21 45 32 57 
94 53 30 92 71 45 96 70 143 
38 38 83 23 70 79 46 69 130 
78 94 62 26 74 19 69 100 70 
26 19 52 21 16 22 85 39 180 
20 8 79 58 40 61 55 75 41 
53 10 92 10 94 17 58 70 80 
69 70 81 12 25 73 12 72 105 
22 19 25 63 40 32 91 28 126 
88 21 55 4 73 101 100 19 185 
45 18 27 37 65 48 83 18 141 
10 9 84 8 49 71 10 35 114 
99 92 72 62 21 68 56 71 99 
88 67 99 83 14 8 82 68 111 
28 87 56 78 82 23 63 83 40 
81 82 75 86 96 40 45 3 57 
23 85 98 61 83 96 100 97 104 
74 30 97 78 28 83 17 84 98 
4 22 12 51 101 41 49 77 182 
77 3 74 61 39 13 81 61 169 
59 69 6 62 81 87 73 92 108 
26 5 56 94 71 14 93 43 165 
20 74 86 59 13 8 7 24 193 
81 14 93 86 99 69 100 60 31 
45 44 44 27 80 11 88 26 148 
38 85 34 61 71 98 32 64 179 
100 102 58 101 57 58 92 94 158 
64 42 8 88 96 14 100 50 203 
41 95 96 77 73 90 36 71 81 
64 22 46 97 56 37 82 102 119 
61 46 89 88 37 88 34 26 172 
68 51 91 22 64 23 99 93 142 
95 25 31 70 67 88 19 30 147 
36 69 88 73 9 97 56 41 8 
15 55 60 10 45 49 6 70 42 
52 44 60 25 100 65 68 88 156 
31 92 82 3 71 9 16 100 117 
100 96 44 96 69 25 20 86 78 
13 88 82 84 67 99 68 69 175 
16 13 71 25 8 23 20 27 100 
25 14 87 53 96 47 92 7 151 
79 57 78 37 7 16 27 56 3 
98 49 28 85 37 3 23 102 178 
90 77 91 24 78 44 76 96 148 
55 63 94 37 94 61 25 91 26 
12 81 9 57 100 54 22 24 159 
25 42 79 85 31 96 60 5 63 
87 58 81 36 63 12 44 74 191 
11 63 58 69 62 48 91 13 43 
82 34 79 39 3 56 66 53 111 
98 72 33 100 80 91 31 40 68 
35 78 21 99 16 28 60 14 126 
24 58 82 32 96 20 75 79 144 
55 50 57 27 71 12 58 48 7 
64 12 85 68 40 24 16 59 72 
4 86 21 53 81 92 95 44 193 
76 67 78 15 27 2 21 78 183 
80 10 9 11 43 70 26 98 4 
81 58 21 60 19 39 85 74 191 
54 3 71 67 35 29 17 84 165 
29 51 88 85 49 64 34 37 101 
30 94 45 53 30 85 90 16 177 
78 17 50 41 32 55 9 69 153 
23 15 77 82 97 60 89 99 96 
18 98 10 59 28 84 90 57 162 
52 3 75 88 78 20 42 41 137 
34 90 21 35 78 82 89 14 46 
76 50 100 87 66 33 38 75 39 
80 21 91 69 53 76 76 58 137 
3 36 39 59 41 58 93 57 20 
29 85 22 30 72 16 62 16 17 
83 67 39 45 52 5 2 64 42 
80 68 39 47 61 21 15 87 158 
87 20 11 44 96 11 24 11 184 
100 52 50 77 9 39 69 94 186 
32 61 87 36 58 79 38 16 181 
74 84 26 3 17 87 39 77 196 
101 41 73 30 23 43 15 4 26 
74 5 61 102 80 68 30 85 56 
95 53 63 33 8 82 22 52 56 
68 100 37 65 40 34 43 71 109 
22 4 40 46 22 56 67 66 24 
32 74 6 60 74 34 60 46 50 
37 69 35 93 9 73 16 50 11 
80 10 67 29 60 11 15 10 165 
91 50 33 9 68 44 72 93 159 
24 9 27 4 7 96 10 9 5 
22 31 97 69 32 74 51 90 115 
48 4 16 97 47 66 53 72 196 
95 29 3 93 23 19 95 93 84 
81 77 5 73 21 54 10 95 162 
88 23 20 61 60 81 88 26 181 
66 29 64 63 53 38 100 17 162 
3 31 10 81 76 41 34 72 27 
55 77 85 64 89 54 87 68 99 
80 36 71 24 7 100 30 31 132 
80 20 27 69 75 6 74 9 131 
74 9 49 81 29 90 68 35 101 
8 4 42 12 78 87 89 22 165 
12 80 26 12 53 47 77 56 106 
90 88 3 81 91 82 90 15 120 
3 101 10 84 58 75 51 24 57 
26 70 44 41 82 56 25 65 61 
42 64 59 5 6 75 38 81 97 
50 29 14 62 24 65 29 88 45 
75 30 24 53 63 30 19 52 176 
12 50 8 50 58 29 53 50 105 
4 100 96 37 47 80 28 3 195 
17 66 48 81 15 96 34 52 71 
9 91 3 31 88 56 89 29 63 
43 102 73 88 11 76 15 27 181 
29 40 85 47 28 62 34 4 176 
42 33 37 14 17 7 95 46 120 
52 75 14 42 51 20 49 86 4 
26 31 57 73 68 90 7 7 27 
53 64 66 43 98 85 70 48 195 
97 32 87 68 95 67 18 65 107 
78 89 91 67 99 43 61 10 149 
33 71 67 49 9 12 95 44 167 
97 11 79 31 74 4 25 54 112 
19 61 39 92 57 5 38 31 39 
25 88 67 24 84 90 13 40 158 
33 49 25 76 75 53 85 23 110 
77 49 17 89 44 47 89 44 101 
38 42 16 64 13 80 94 72 115 
19 75 29 90 20 36 27 94 12 
34 44 88 88 9 36 52 63 166 
5 38 46 22 37 42 41 77 199 
65 71 38 47 85 5 97 69 99 
29 89 31 83 64 52 42 57 2 
65 52 36 82 14 52 98 91 71 
14 99 40 89 51 46 39 64 49 
71 88 62 85 94 42 88 25 152 
54 24 76 96 82 82 42 78 52 
66 86 59 88 51 96 71 84 143 
13 42 39 88 46 2 29 73 141 
43 82 60 96 95 91 78 46 136 
62 20 19 60 49 75 21 75 159 
68 85 40 67 16 11 72 78 171 
39 68 80 76 69 11 13 101 195 
69 72 92 70 12 6 30 11 131 
55 55 94 66 69 73 24 62 179 
33 77 68 51 25 20 7 41 160 
90 88 53 10 49 50 80 54 7 
89 100 75 36 40 7 47 19 48 
93 75 101 9 54 9 23 82 51 
32 20 49 75 66 73 28 42 49 
15 47 8 46 88 17 71 37 129 
16 100 40 63 5 8 97 16 135 
81 83 36 47 89 69 26 50 71 
58 17 36 4 9 100 84 35 148 
19 49 89 86 41 19 46 9 167 
88 71 16 43 80 52 7 49 121 
91 70 60 40 22 40 83 15 42 
31 14 92 42 81 73 36 79 137 
81 97 44 19 3 82 88 40 163 
22 17 39 86 99 62 41 95 133 
16 81 28 51 5 28 99 17 193 
93 49 92 46 8 2 85 28 107 
19 74 69 80 54 85 60 64 199 
85 46 17 32 3 88 8 22 200 
42 32 94 18 23 87 87 96 186 
92 78 11 38 3 73 10 24 44 
100 38 29 46 93 43 30 16 146 
82 63 47 5 40 88 4 45 197 
62 2 53 84 95 60 94 70 175 
91 49 45 46 24 81 67 10 173 
73 99 40 53 90 9 16 8 69 
48 89 40 25 36 61 76 50 46 
72 18 45 71 54 25 57 42 137 
30 37 41 68 40 31 3 33 94 
60 10 14 46 70 89 27 48 166 
50 68 15 86 72 76 60 97 190 
44 5 47 17 98 51 42 88 144 
96 82 50 11 24 5 15 18 83 
11 28 50 58 45 7 44 9 151 
56 46 67 67 10 45 39 62 59 
2 45 14 66 6 84 19 33 137 
35 41 46 12 73 56 36 50 143 
47 88 61 42 75 91 77 88 87 
7 32 73 8 74 64 77 15 150 
30 48 23 68 41 14 41 12 140 
31 46 75 13 32 62 75 93 152 
71 62 72 25 91 20 42 13 4 
98 29 69 85 37 61 83 8 7 
50 82 48 49 3 65 23 47 85 
71 96 102 13 34 83 90 8 108 
5 7 59 5 28 30 13 45 169 
3 49 11 16 32 26 60 27 26 
30 24 61 9 5 45 79 73 37 
4 87 97 88 97 31 8 80 6 
47 48 56 20 38 60 83 21 201 
34 57 66 78 55 10 71 62 172 
95 98 4 16 28 57 12 11 120 
90 17 54 82 10 54 24 15 162 
60 11 88 3 28 85 46 47 33 
56 28 34 89 20 37 47 15 168 
102 33 22 101 10 29 2 95 12 
49 54 50 14 56 42 31 13 103 
101 95 71 21 72 83 42 59 171 
29 3 99 18 37 97 72 24 168 
61 61 3 61 2 35 80 100 190 
69 44 74 94 60 9 87 49 43 
15 83 63 41 61 53 45 75 187 
10 32 19 55 44 34 60 72 106 
51 42 94 38 43 74 89 75 32 
14 37 45 92 33 90 76 59 85 
24 22 3 52 18 29 44 73 138 
78 16 2 42 36 90 57 38 16 
30 79 42 91 54 88 38 33 80 
51 19 101 31 81 87 93 38 102 
52 100 25 67 96 72 7 13 120 
17 74 3 57 37 97 83 48 164 
3 35 70 17 16 87 91 95 110 
70 49 37 17 51 100 41 7 79 
86 65 84 72 85 43 30 24 121 
39 96 84 6 50 35 7 92 9 
83 38 87 40 78 3 19 39 131 
25 102 25 5 18 32 59 99 170 
100 32 51 30 89 94 28 53 202 
73 66 102 4 12 61 96 60 142 
55 47 88 83 56 49 79 6 47 
38 36 80 54 49 53 52 10 124 
56 55 50 95 15 27 4 48 149 
66 23 92 67 11 60 63 6 107 
99 19 78 5 53 85 72 92 38 
23 20 19 51 54 4 100 43 12 
23 63 35 63 81 10 76 15 169 
34 73 27 22 94 45 100 55 186 
86 53 4 67 24 24 9 83 58 
58 17 71 90 68 71 55 42 89 
21 37 40 71 31 40 2 40 40 
95 3 29 76 53 102 13 16 183 
5 58 40 12 56 99 82 20 199 
16 46 7 58 70 54 2 81 38 
55 17 24 66 67 87 6 16 165 
3 84 67 71 79 54 81 52 172 
7 11 83 42 90 14 43 88 191 
16 39 35 77 75 74 84 60 202 
70 41 92 56 9 42 19 81 73 
35 47 70 55 79 20 69 98 143 
38 15 29 12 25 81 93 92 158 
50 28 11 95 89 21 55 13 24 
96 53 4 43 26 11 79 10 85 
28 63 62 17 9 79 4 48 94 
74 60 19 13 65 19 64 71 109 
28 42 60 51 102 68 9 75 93 
70 97 91 20 35 16 40 67 60 
20 34 21 34 93 44 75 83 109 
96 85 90 87 81 56 58 53 141 
85 79 63 95 10 36 34 36 104 
59 56 27 4 75 100 90 47 76 
36 96 50 18 78 21 15 15 186 
59 84 18 37 64 85 47 57 180 
70 26 26 87 101 59 93 19 56 
30 94 11 92 99 36 20 24 116 
23 69 3 44 82 97 45 77 107 
36 24 95 44 59 21 12 22 43 
14 52 97 93 27 61 94 87 44 
84 69 87 84 19 42 28 27 178 
89 28 46 31 43 26 7 59 193 
36 88 37 92 82 79 16 7 148 
63 32 45 43 52 97 76 63 19 
69 55 7 55 18 34 34 25 193 
78 85 10 73 87 70 67 60 203 
88 94 89 10 70 13 70 67 193 
47 48 78 51 57 82 18 40 11 
91 83 72 4 61 59 84 39 48 
66 93 47 76 79 93 97 90 143 
23 62 86 96 87 53 40 89 157 
