6 1
300
37 50 74 70 57 59 53 
7 2 48 58 38 69 202 
65 83 7 7 99 24 111 
47 89 40 69 38 59 132 
26 39 30 89 58 52 183 
65 70 7 3 31 100 12 
57 85 10 60 61 81 133 
99 49 101 15 54 91 183 
63 36 2 21 2 63 165 
65 20 71 81 19 11 2 
15 2 6 70 26 51 183 
5 33 12 79 80 102 57 
92 31 76 6 64 2 5 
36 7 84 31 40 26 188 
67 40 80 44 71 67 172 
49 97 47 30 41 102 119 
5 92 45 24 63 55 149 
91 97 77 57 11 101 162 
98 24 41 88 27 100 80 
94 34 37 11 37 45 89 
36 30 78 24 2 46 63 
16 42 10 78 73 22 156 
45 5 89 62 68 7 105 
75 9 44 17 4 21 25 
61 10 15 28 12 32 113 
69 101 35 11 57 51 167 
84 33 12 56 80 64 102 
31 50 51 71 40 94 125 
24 36 9 100 26 21 114 
34 97 52 63 92 23 155 
6 56 53 13 58 71 186 
77 34 63 26 59 64 63 
62 66 59 74 40 96 93 
67 27 14 33 32 29 104 
38 62 95 90 43 75 52 
95 100 60 84 25 72 96 
4 48 75 69 59 27 146 
33 95 90 54 29 33 80 
31 41 82 28 45 43 80 
74 70 38 17 90 7 137 
68 101 92 17 27 101 129 
81 40 65 74 4 81 13 
69 7 38 17 45 89 132 
61 80 58 82 31 10 63 
80 39 54 71 22 6 134 
95 100 39 4 34 78 102 
3 19 56 43 64 35 11 
65 102 3 48 21 4 16 
23 37 37 98 93 35 4 
3 13 5 84 77 42 151 
9 101 15 12 13 17 119 
64 3 41 69 76 28 32 
39 53 25 3 4 60 149 
65 4 8 43 45 51 204 
7 53 61 89 95 33 116 
3 90 37 10 90 51 121 
35 98 31 19 9 88 131 
62 82 83 75 84 3 91 
100 9 71 70 68 60 116 
52 82 82 83 97 60 76 
66 90 95 16 11 15 62 
7 80 26 38 65 38 94 
73 80 16 14 31 15 8 
83 68 42 23 93 5 170 
19 50 38 13 30 29 196 
94 90 61 74 90 16 189 
31 47 34 6 24 13 162 
3 68 71 68 47 35 170 
24 55 95 20 13 49 181 
32 91 27 36 11 52 163 
92 58 41 43 100 13 105 
23 10 20 71 94 6 33 
84 69 47 85 96 15 142 
37 68 56 79 70 6 204 
58 9 71 15 63 102 25 
13 32 27 49 25 34 4 
47 77 51 21 45 75 99 
24 81 53 17 39 12 114 
92 88 66 33 9 53 133 
3 51 59 33 6 6 145 
39 23 38 73 82 70 182 
93 7 60 27 33 54 70 
30 20 100 26 92 58 45 
46 62 18 18 83 38 92 
28 94 90 41 71 79 175 
61 17 46 59 44 68 202 
83 8 8 78 101 33 149 
33 61 9 16 50 52 189 
62 22 57 101 34 46 132 
14 72 88 64 77 50 142 
4 55 69 50 91 24 130 
57 13 42 84 7 74 195 
35 83 27 22 30 95 200 
98 91 59 11 24 37 140 
37 22 16 27 85 6 60 
8 41 68 61 30 31 13 
11 17 20 30 75 71 162 
91 63 44 49 58 73 15 
67 12 41 69 89 97 41 
93 29 59 24 70 69 58 
44 61 63 102 66 95 177 
76 41 84 51 68 91 96 
61 74 80 29 34 24 85 
31 29 94 43 37 88 39 
90 63 8 7 4 54 97 
4 83 49 94 81 22 185 
73 59 20 23 8 75 67 
57 81 97 38 47 88 29 
34 71 61 31 8 71 175 
80 78 47 66 39 101 118 
93 33 37 56 4 52 120 
72 76 22 31 15 88 70 
84 13 71 59 67 36 143 
14 90 65 75 53 7 189 
83 75 59 70 76 77 131 
51 61 84 45 38 57 126 
97 41 2 95 84 54 197 
67 78 9 74 68 89 162 
45 74 83 52 47 68 182 
3 65 62 42 13 72 69 
54 89 15 31 81 10 37 
50 65 82 71 55 98 34 
99 51 98 10 89 87 14 
89 3 95 93 91 74 191 
78 42 55 73 85 66 29 
91 96 45 89 81 64 193 
11 4 83 94 72 75 10 
16 66 34 26 87 29 132 
88 23 41 91 38 26 148 
25 29 100 72 34 5 19 
57 56 23 10 25 13 159 
101 14 100 21 101 92 128 
78 23 49 100 38 51 7 
75 6 99 45 40 24 175 
77 85 24 40 72 97 120 
12 13 17 64 18 88 179 
11 42 72 38 36 12 99 
8 53 75 98 56 8 167 
52 26 67 87 91 94 51 
31 79 84 31 96 6 134 
12 34 38 22 64 17 132 
66 29 9 6 14 40 141 
34 51 44 19 91 79 124 
89 52 79 29 96 65 164 
66 90 10 42 8 84 195 
21 39 78 93 93 19 176 
98 60 83 79 56 57 197 
29 42 14 7 29 7 48 
83 60 96 70 54 86 3 
41 101 66 8 58 75 28 
14 68 27 100 61 76 186 
94 98 51 42 10 86 75 
50 97 37 81 79 75 78 
81 84 25 42 35 88 118 
61 19 73 100 84 85 33 
76 89 9 69 33 34 183 
64 46 30 46 2 66 186 
6 30 29 80 3 77 69 
86 4 60 28 91 36 68 
81 80 44 28 3 23 150 
10 30 14 49 43 50 36 
40 97 98 35 23 68 114 
91 47 22 83 10 84 185 
87 51 43 44 100 59 170 
68 88 19 102 45 20 195 
102 17 34 62 29 19 95 
9 64 96 69 70 80 183 
36 24 47 94 41 85 50 
81 73 7 44 94 35 147 
11 81 35 80 50 62 183 
32 91 23 83 67 47 160 
89 49 77 33 81 96 67 
66 74 10 7 37 74 43 
46 29 20 37 85 76 199 
85 63 91 21 20 2 9 
35 26 13 76 40 48 188 
25 32 14 15 42 42 93 
8 27 75 16 90 71 176 
63 5 48 84 73 83 10 
89 87 13 63 95 31 65 
51 99 33 99 28 30 44 
99 8 25 45 36 54 157 
37 18 8 32 33 20 147 
23 67 94 69 67 90 76 
47 2 53 49 13 16 119 
31 44 19 64 43 67 132 
99 25 40 38 30 30 105 
71 8 34 64 13 62 58 
33 41 32 63 42 86 108 
7 73 99 26 41 21 15 
76 91 70 92 54 9 49 
44 55 33 39 63 88 154 
97 22 87 101 56 32 199 
5 89 3 3 84 14 188 
54 44 15 92 11 47 195 
19 66 73 61 54 7 183 
88 101 26 81 100 79 24 
54 14 27 86 91 11 145 
3 69 92 73 98 33 184 
14 20 49 54 43 82 158 
58 15 42 4 27 10 36 
90 79 23 85 37 83 204 
32 90 8 22 38 27 34 
99 84 91 59 75 101 153 
82 80 30 59 99 35 195 
101 87 84 65 3 56 28 
92 70 89 63 52 92 167 
32 43 34 7 57 64 121 
34 53 48 54 11 44 18 
101 96 28 39 50 6 65 
5 25 59 36 73 5 16 
16 3 98 25 11 95 103 
39 98 54 44 74 39 137 
35 39 13 95 14 7 186 
76 64 26 5 88 52 56 
20 77 73 87 61 54 38 
52 52 31 102 51 60 128 
100 76 98 78 69 66 144 
89 47 44 61 100 18 81 
42 74 22 25 45 25 40 
22 83 59 15 87 51 170 
89 84 95 64 49 31 156 
90 30 29 21 88 59 65 
32 31 28 63 38 81 23 
80 11 79 9 37 45 159 
95 41 65 84 17 89 204 
66 51 99 53 89 65 106 
46 95 6 58 68 90 185 
54 33 54 52 72 75 19 
75 18 57 14 88 101 195 
91 66 39 73 72 33 136 
83 31 12 51 18 61 71 
18 75 53 70 57 89 85 
9 12 34 47 16 93 186 
34 44 41 3 66 58 112 
31 69 87 98 59 26 145 
4 45 3 57 16 76 117 
46 7 46 32 14 56 168 
56 7 29 58 42 77 100 
89 73 49 54 5 82 176 
8 67 74 101 65 73 12 
70 33 92 2 19 36 181 
39 96 73 54 4 74 155 
63 61 42 19 51 24 32 
74 56 4 13 97 73 77 
41 74 34 51 86 79 176 
76 39 58 25 43 62 103 
79 78 2 2 10 13 93 
9 34 84 15 51 92 196 
79 90 91 24 66 53 200 
24 41 5 21 97 91 178 
24 87 96 10 64 67 194 
79 4 13 89 62 95 68 
43 52 38 37 89 92 198 
51 69 3 79 11 54 112 
39 99 84 14 23 60 173 
49 90 7 89 27 3 203 
87 80 37 6 61 68 167 
92 69 85 11 101 92 150 
20 95 33 55 15 43 84 
7 31 77 41 37 50 192 
64 33 51 64 91 99 131 
91 68 76 52 88 74 97 
32 100 6 24 70 13 60 
97 76 35 14 62 61 163 
51 62 67 26 20 90 58 
38 37 49 12 95 11 61 
30 60 6 28 70 95 154 
33 73 19 69 38 67 137 
59 17 51 31 40 86 82 
7 11 28 71 86 21 192 
65 59 14 77 4 101 138 
18 32 88 94 68 7 39 
91 50 59 83 25 63 161 
22 100 82 57 28 91 47 
51 80 60 86 76 83 138 
17 6 94 36 68 102 85 
88 65 39 74 81 24 35 
63 71 90 64 61 18 90 
61 34 22 78 12 47 138 
54 30 10 94 26 53 152 
45 67 49 59 63 39 71 
36 45 84 48 70 8 178 
11 72 24 17 67 26 114 
74 74 60 58 57 76 70 
37 32 83 57 73 44 38 
6 43 7 99 80 12 52 
91 40 32 44 41 82 89 
60 88 78 61 29 21 146 
95 91 3 9 66 2 202 
15 3 93 99 66 72 11 
31 20 20 89 16 33 169 
35 30 16 18 96 93 157 
46 6 99 45 25 48 25 
54 6 93 17 11 28 156 
39 41 47 77 13 41 61 
70 60 73 16 90 91 122 
63 89 93 72 12 24 142 
99 97 56 43 25 95 158 
16 29 74 6 7 9 197 
