2 1
300
97 16 85 
69 90 194 
96 47 70 
62 24 169 
72 98 90 
39 67 42 
41 75 120 
81 80 131 
28 3 97 
73 20 203 
85 20 83 
94 15 150 
81 94 143 
60 7 5 
52 27 84 
99 7 84 
5 44 141 
83 62 23 
57 18 77 
79 43 177 
50 25 57 
36 79 10 
45 80 172 
72 60 148 
52 83 139 
59 31 107 
26 30 197 
9 70 154 
32 4 120 
32 39 198 
38 4 106 
85 12 168 
76 18 101 
38 57 56 
59 35 172 
99 33 162 
44 100 178 
87 55 27 
92 44 113 
54 6 152 
48 15 85 
89 36 116 
23 69 145 
88 85 28 
5 89 151 
72 52 73 
93 36 145 
81 89 80 
12 54 100 
41 95 140 
29 24 26 
76 93 86 
88 71 202 
29 78 132 
11 59 33 
76 83 136 
40 22 187 
22 62 143 
6 68 54 
4 79 168 
10 83 151 
4 60 124 
3 31 197 
34 86 165 
38 66 119 
9 73 64 
25 38 144 
84 3 149 
79 9 127 
44 73 51 
18 86 188 
19 21 193 
92 8 200 
57 75 108 
72 8 75 
13 86 196 
14 99 196 
97 81 85 
14 28 165 
3 28 105 
101 61 120 
74 18 3 
90 22 92 
65 18 132 
35 70 130 
20 15 194 
39 68 50 
68 32 151 
30 23 11 
53 6 191 
16 91 165 
49 58 30 
96 100 183 
38 25 131 
54 51 165 
34 64 23 
80 96 28 
88 66 123 
29 35 61 
87 46 194 
98 39 33 
53 51 56 
86 88 27 
51 26 32 
7 3 88 
62 16 165 
95 99 121 
96 76 23 
82 30 53 
22 22 49 
87 12 111 
97 42 176 
50 2 204 
56 50 157 
100 30 144 
100 83 131 
19 70 40 
50 93 96 
38 4 130 
7 73 44 
4 66 135 
91 67 31 
63 12 124 
59 13 30 
83 41 102 
84 98 94 
42 84 98 
63 5 107 
6 38 39 
9 61 79 
25 45 62 
81 54 172 
13 11 130 
58 39 145 
5 62 115 
7 70 108 
99 56 15 
20 67 180 
75 42 124 
16 87 60 
98 56 105 
24 36 140 
86 4 177 
67 74 177 
84 86 93 
79 60 88 
98 101 141 
68 12 13 
34 7 160 
43 8 27 
26 99 51 
37 62 171 
22 83 55 
90 23 135 
67 34 167 
22 38 166 
45 98 168 
20 20 175 
62 32 90 
48 92 62 
92 45 195 
77 44 154 
64 49 51 
64 59 158 
18 10 160 
5 2 159 
26 14 140 
99 100 22 
32 8 160 
41 77 62 
42 76 185 
99 100 161 
73 93 185 
9 59 182 
59 83 80 
7 3 23 
9 59 62 
68 24 160 
63 95 91 
88 46 74 
99 25 148 
97 24 171 
89 22 22 
102 34 21 
90 19 113 
81 42 36 
73 28 12 
70 34 37 
102 76 107 
14 37 11 
36 87 96 
57 12 71 
19 65 123 
57 20 166 
2 9 53 
22 80 12 
25 84 111 
29 16 40 
33 31 187 
57 97 98 
33 76 173 
7 67 97 
65 35 16 
23 64 157 
59 18 17 
25 69 51 
94 81 196 
49 91 110 
53 9 145 
29 26 166 
44 64 139 
14 26 90 
99 97 87 
80 59 94 
100 4 42 
79 72 201 
13 9 126 
69 64 34 
53 87 175 
33 57 120 
78 38 20 
28 81 3 
11 47 188 
66 29 148 
84 16 47 
53 51 177 
36 76 77 
74 18 35 
22 77 203 
54 63 82 
60 67 84 
86 4 45 
38 74 49 
21 70 52 
9 49 165 
91 87 100 
96 3 74 
101 100 165 
23 6 42 
94 9 10 
3 59 172 
55 8 126 
34 101 27 
3 16 158 
65 16 14 
14 67 141 
38 33 183 
53 60 124 
6 61 138 
62 64 199 
3 46 134 
21 21 24 
43 56 85 
21 59 176 
38 94 176 
60 37 170 
77 11 80 
53 59 155 
17 51 201 
26 51 96 
96 74 76 
17 102 144 
14 46 196 
97 73 25 
30 19 151 
5 17 135 
76 48 50 
86 87 109 
61 53 178 
91 7 142 
14 19 13 
96 27 173 
52 23 189 
18 48 187 
89 82 78 
30 25 83 
4 13 71 
35 52 7 
25 12 179 
85 58 101 
85 25 81 
29 85 112 
8 36 187 
91 55 192 
75 60 3 
34 99 12 
17 33 58 
49 89 190 
37 82 136 
5 73 33 
99 68 134 
45 35 47 
54 63 198 
85 24 182 
50 15 119 
42 61 189 
4 92 28 
85 70 52 
23 38 75 
48 94 8 
