4 1
300
23 29 4 29 165 
28 99 60 65 122 
12 48 51 33 88 
45 67 63 98 138 
23 83 57 16 197 
16 7 62 58 24 
64 31 23 50 131 
55 22 28 81 93 
10 44 14 29 145 
86 12 22 67 183 
63 101 99 19 105 
42 74 90 33 137 
23 39 4 54 198 
83 27 3 69 183 
25 40 84 53 121 
81 71 31 45 27 
5 87 97 68 103 
65 34 6 99 49 
82 34 98 15 51 
74 41 62 31 184 
61 12 55 77 137 
25 19 49 60 146 
73 46 47 20 130 
38 43 38 4 71 
51 23 5 46 21 
93 45 71 28 178 
42 11 101 55 109 
96 34 23 101 58 
48 87 47 28 107 
39 89 80 51 182 
33 6 60 97 85 
40 8 11 67 155 
82 50 23 73 66 
64 46 94 67 143 
5 22 38 76 181 
67 78 80 94 148 
6 67 22 39 117 
38 53 6 14 32 
89 25 57 26 98 
100 66 77 96 183 
95 98 14 81 175 
12 69 85 9 156 
64 31 20 95 148 
17 30 86 16 194 
13 43 81 52 169 
82 67 15 29 185 
2 3 86 4 163 
10 55 43 53 96 
71 70 99 38 108 
61 7 64 54 68 
72 83 62 101 160 
54 18 64 99 13 
47 56 58 18 155 
63 47 18 15 132 
64 89 34 70 54 
45 46 46 99 50 
77 5 63 96 44 
22 43 87 26 58 
94 92 46 48 5 
17 14 83 62 187 
16 91 51 89 144 
85 50 95 75 72 
10 75 67 75 63 
44 95 64 97 115 
22 62 94 87 149 
74 45 89 68 24 
34 65 86 8 23 
88 56 76 26 78 
74 50 13 91 41 
21 27 73 17 122 
24 51 87 6 145 
55 99 66 17 200 
42 64 29 65 8 
47 91 61 65 92 
91 22 40 60 172 
74 51 5 68 110 
49 74 73 9 182 
84 80 82 37 117 
91 92 61 28 199 
12 23 51 88 152 
32 68 10 73 144 
4 13 30 22 201 
6 96 100 63 105 
71 92 22 76 44 
69 11 26 8 114 
101 63 14 62 152 
53 3 19 94 48 
83 65 2 38 178 
73 52 63 39 110 
97 94 99 77 60 
22 3 77 67 16 
24 44 5 17 146 
43 101 70 47 98 
5 79 8 40 144 
8 92 86 88 102 
19 50 89 54 125 
9 66 40 34 113 
52 28 54 87 4 
41 62 87 67 96 
74 85 17 91 103 
20 89 61 6 48 
31 19 91 18 183 
76 57 53 56 132 
79 63 38 92 199 
80 27 23 39 65 
48 7 21 42 159 
36 35 100 4 88 
22 7 35 11 53 
35 39 38 98 57 
86 11 33 2 142 
12 49 27 94 148 
96 68 24 75 158 
26 100 51 40 113 
43 59 51 14 91 
74 30 29 67 132 
43 90 27 12 97 
38 77 21 73 138 
90 10 8 32 101 
56 85 62 34 5 
37 90 101 42 176 
29 63 21 58 198 
85 22 62 30 66 
7 43 14 28 84 
51 81 80 73 138 
35 53 21 65 184 
92 70 98 66 62 
55 92 87 26 42 
78 58 65 76 173 
70 50 80 100 90 
15 73 36 93 108 
58 12 30 75 109 
78 44 58 68 17 
17 26 98 100 161 
18 58 90 8 133 
95 18 7 88 203 
87 75 23 21 157 
20 36 6 13 152 
45 64 14 73 91 
36 102 99 68 143 
46 54 82 22 58 
59 85 30 28 121 
42 7 44 76 139 
5 24 39 91 182 
83 22 87 26 74 
56 47 19 64 66 
96 21 40 18 113 
35 95 3 93 42 
37 8 80 54 72 
40 21 40 5 86 
14 65 10 79 181 
27 69 59 86 150 
14 69 67 96 134 
22 69 28 20 73 
12 23 48 72 111 
77 43 35 91 199 
37 8 16 23 42 
33 14 63 29 64 
68 38 19 20 17 
70 43 86 89 30 
73 95 22 70 66 
93 19 40 25 30 
85 36 70 89 80 
8 55 46 77 71 
11 8 101 90 141 
75 6 30 64 175 
36 59 48 77 55 
44 89 48 91 59 
16 76 40 15 97 
34 71 32 82 6 
18 99 11 55 12 
67 96 34 101 121 
89 91 78 39 164 
28 90 94 63 197 
21 9 57 49 42 
37 70 88 43 75 
6 76 50 62 144 
38 50 95 72 126 
50 56 49 32 85 
27 100 2 35 44 
46 78 71 85 169 
11 44 65 35 143 
99 10 93 65 112 
15 43 18 69 91 
80 98 24 101 100 
67 62 27 8 193 
40 70 56 22 189 
30 7 67 79 125 
96 87 62 2 133 
42 65 86 78 58 
86 84 35 91 88 
50 56 72 36 39 
51 20 59 40 67 
31 56 74 73 56 
10 78 40 8 102 
95 38 24 37 19 
4 78 51 80 24 
57 37 67 79 91 
76 37 33 61 26 
79 31 23 70 75 
88 93 15 51 43 
9 46 29 41 102 
14 34 37 28 36 
75 71 81 29 157 
96 91 96 29 108 
74 48 82 96 149 
66 17 56 101 46 
12 65 101 60 10 
14 10 28 30 67 
44 2 7 44 81 
10 52 96 93 88 
99 99 88 99 99 
64 66 35 68 174 
99 79 38 6 15 
11 72 23 26 133 
87 65 68 97 23 
74 43 39 57 134 
17 23 65 58 52 
15 79 4 12 87 
50 77 62 45 72 
67 66 3 38 63 
40 30 72 28 117 
37 33 94 89 155 
23 29 80 3 145 
78 16 82 81 191 
34 69 14 83 36 
12 5 26 62 93 
10 42 4 27 57 
88 53 39 101 184 
84 87 18 36 45 
23 99 61 74 121 
53 86 24 44 199 
73 18 91 11 96 
33 9 34 43 139 
83 27 55 76 172 
27 80 83 91 25 
49 54 80 62 196 
15 46 54 3 193 
26 20 61 29 116 
72 64 29 54 120 
77 55 76 68 84 
98 46 87 90 70 
75 4 34 33 104 
21 40 31 15 70 
89 58 33 49 90 
64 68 28 20 31 
65 52 31 33 76 
96 79 14 21 204 
72 62 66 70 45 
24 88 30 78 77 
34 35 16 21 147 
21 24 29 24 160 
32 19 69 76 144 
25 75 4 97 117 
44 28 12 16 131 
29 94 65 28 45 
78 40 52 83 169 
32 39 13 61 38 
74 52 92 43 144 
54 95 92 99 202 
52 86 35 21 195 
8 25 2 57 91 
29 61 4 3 6 
94 69 88 93 83 
88 64 44 79 174 
94 38 71 45 26 
37 4 68 29 146 
94 7 33 87 157 
9 39 58 17 186 
15 50 91 41 161 
87 8 101 59 29 
89 44 59 36 9 
72 57 59 45 21 
27 95 77 32 22 
89 39 3 16 69 
51 8 29 88 149 
45 49 31 67 57 
30 5 11 16 172 
52 50 98 84 16 
54 82 15 7 136 
22 76 61 31 187 
50 7 87 26 131 
83 17 73 63 124 
24 27 94 18 166 
24 86 63 47 123 
41 42 22 9 165 
72 95 24 21 109 
72 91 102 75 162 
25 20 87 52 9 
37 79 37 23 174 
29 90 99 26 93 
38 14 15 72 108 
9 87 80 45 193 
89 95 53 10 185 
36 27 21 38 119 
6 101 14 44 52 
63 7 100 24 111 
84 98 100 77 37 
60 77 32 23 147 
40 42 43 57 35 
44 28 29 33 106 
