4 1
300
37 47 64 18 34 
38 73 68 101 126 
8 98 12 70 52 
83 77 63 19 137 
37 29 51 6 182 
67 64 98 93 170 
15 93 76 24 114 
79 71 89 96 14 
97 54 60 35 165 
46 27 40 89 62 
92 21 47 97 106 
10 97 60 29 105 
76 77 77 18 98 
17 24 91 15 99 
13 90 69 13 148 
85 71 19 26 94 
42 26 11 63 190 
96 48 81 72 98 
83 13 62 45 67 
22 79 44 87 134 
24 38 28 41 39 
4 55 36 25 141 
41 81 36 83 25 
52 67 16 25 111 
71 45 20 67 137 
2 30 26 80 107 
7 28 34 60 51 
6 100 72 45 186 
43 14 58 3 20 
4 79 81 34 168 
57 65 22 33 197 
81 20 63 74 39 
76 31 58 73 131 
15 49 78 59 18 
54 97 73 34 27 
59 89 19 58 133 
25 51 94 98 198 
44 8 3 64 94 
88 39 100 26 36 
15 58 87 40 196 
57 3 24 26 62 
61 94 90 21 83 
94 3 7 9 194 
27 39 62 76 46 
8 48 16 13 46 
17 99 49 17 203 
2 3 81 62 21 
24 29 70 68 78 
52 21 84 24 110 
87 34 93 31 188 
78 99 14 18 183 
11 89 13 4 32 
64 47 75 21 83 
93 24 47 100 151 
99 71 95 38 146 
90 66 95 60 77 
85 9 20 25 50 
5 92 65 73 3 
37 19 68 54 155 
7 48 65 84 129 
65 90 94 57 194 
9 6 77 47 6 
47 96 55 67 66 
57 29 52 98 76 
3 61 76 100 81 
82 5 44 62 135 
44 4 13 97 153 
97 16 65 30 36 
102 16 20 71 115 
42 66 3 22 44 
81 98 69 47 126 
6 15 97 18 32 
5 64 17 81 124 
45 85 60 92 76 
42 66 24 81 77 
89 43 8 44 202 
19 5 24 42 178 
47 37 68 36 145 
84 22 48 15 29 
40 101 41 10 29 
59 8 13 85 164 
17 76 90 10 151 
65 10 55 20 200 
3 42 78 93 32 
10 19 26 21 113 
23 20 11 68 203 
90 3 99 31 87 
13 94 41 61 149 
73 49 60 62 18 
76 68 31 17 27 
100 25 50 96 12 
42 84 93 30 122 
99 67 24 10 175 
63 13 27 78 179 
11 3 18 21 90 
63 61 66 13 166 
57 91 96 55 6 
67 56 5 25 6 
31 3 13 102 155 
8 26 52 76 96 
65 44 55 29 10 
99 9 31 52 91 
83 19 82 49 12 
10 73 71 8 44 
10 9 3 75 120 
10 92 19 45 78 
39 11 92 67 39 
15 38 69 51 13 
60 26 55 82 45 
14 23 67 97 140 
36 57 45 56 80 
57 43 82 71 197 
9 93 88 15 16 
74 30 17 30 188 
73 7 22 3 129 
86 56 24 54 97 
89 27 24 76 8 
84 67 38 28 129 
74 59 100 55 201 
69 40 42 75 101 
86 7 39 5 198 
32 37 44 93 113 
3 21 29 24 21 
84 71 14 12 53 
9 93 91 67 43 
16 9 69 5 196 
48 16 51 5 129 
84 90 21 79 151 
49 25 47 73 127 
55 31 78 45 35 
100 28 33 49 88 
95 18 74 85 169 
24 70 42 97 21 
89 72 26 61 58 
96 52 37 38 160 
85 48 20 5 137 
87 34 26 88 199 
22 85 4 62 144 
68 18 38 97 106 
81 85 53 64 153 
85 7 19 18 47 
50 93 97 71 122 
49 99 71 18 199 
93 46 55 99 183 
6 70 66 90 127 
79 16 42 87 202 
2 97 59 30 172 
82 17 10 66 102 
31 90 35 3 50 
70 50 23 99 125 
37 32 55 74 144 
17 43 30 56 93 
37 53 12 72 122 
54 43 42 34 37 
78 38 91 50 124 
18 37 65 67 192 
31 95 45 26 131 
72 44 86 60 142 
41 88 57 21 32 
80 80 65 44 148 
29 10 91 82 173 
102 43 7 14 113 
82 79 66 62 33 
44 10 88 8 182 
12 59 84 64 160 
92 83 72 35 169 
39 74 24 95 136 
24 6 65 41 131 
31 39 74 5 183 
64 25 97 6 150 
72 94 59 54 128 
73 28 29 4 195 
21 73 74 31 37 
9 58 73 95 191 
40 46 49 44 124 
75 86 81 75 35 
69 88 68 62 28 
47 18 71 32 196 
98 79 64 46 93 
60 67 45 88 169 
8 54 4 12 74 
27 47 17 94 183 
88 49 56 87 60 
35 7 14 18 148 
94 89 42 99 200 
62 85 5 99 7 
10 43 95 92 23 
17 87 58 27 179 
101 3 79 42 21 
50 26 78 17 27 
55 55 30 15 186 
21 14 6 14 154 
45 44 20 91 168 
47 56 65 77 30 
50 51 89 30 150 
93 11 2 90 102 
39 8 90 87 103 
56 15 81 101 186 
5 82 46 52 92 
59 85 90 60 132 
96 62 3 4 132 
6 68 101 42 3 
12 13 18 64 80 
39 56 35 42 58 
34 77 66 86 23 
70 7 39 85 34 
9 23 44 25 114 
79 7 89 23 95 
90 16 41 101 166 
94 66 84 13 18 
5 53 50 33 67 
21 98 19 93 197 
101 31 18 27 190 
90 72 95 9 127 
34 70 14 95 82 
20 38 67 5 40 
6 25 28 77 27 
59 75 13 93 76 
82 90 97 26 98 
61 100 17 8 189 
24 73 77 51 156 
38 41 57 93 29 
85 34 16 74 189 
78 5 43 14 75 
17 61 4 72 167 
46 74 90 48 165 
23 23 60 13 197 
35 50 79 101 157 
20 20 22 80 109 
51 76 25 34 147 
58 59 4 72 158 
65 71 7 70 67 
66 53 11 12 189 
64 75 5 78 122 
30 28 43 37 39 
99 41 26 19 69 
71 51 58 76 51 
66 21 90 35 70 
66 45 11 69 28 
69 11 11 87 186 
77 74 49 75 91 
32 18 69 54 164 
26 47 90 37 129 
17 98 37 88 60 
45 87 72 44 195 
87 19 76 24 106 
90 32 41 28 119 
100 4 85 32 192 
50 54 38 55 21 
20 56 77 6 201 
73 77 25 58 99 
92 4 7 79 122 
16 44 46 3 187 
96 8 65 79 133 
15 15 6 94 165 
93 51 18 35 158 
33 44 72 26 164 
16 8 85 79 139 
98 99 8 73 165 
8 10 38 64 32 
14 94 100 42 175 
61 72 33 77 118 
43 88 74 102 60 
74 74 22 23 160 
90 26 87 11 141 
18 8 35 13 152 
85 15 57 20 134 
41 46 32 41 45 
45 77 9 22 55 
12 27 8 44 20 
36 89 17 85 56 
90 9 91 73 143 
54 39 22 3 151 
30 33 56 36 184 
30 44 84 101 72 
15 18 67 85 121 
93 102 93 5 84 
98 100 73 93 158 
34 57 61 71 141 
8 57 9 48 199 
81 73 74 54 166 
94 8 18 51 30 
74 43 8 14 162 
54 48 19 62 160 
33 62 65 59 119 
75 85 15 32 60 
60 12 21 87 163 
22 30 40 23 100 
92 84 25 79 12 
93 51 50 92 35 
62 39 48 70 138 
21 10 17 97 20 
11 95 88 22 114 
65 24 23 34 121 
27 10 98 14 179 
51 39 88 55 137 
25 37 25 16 141 
23 65 53 20 125 
14 15 46 14 83 
100 98 5 24 88 
