8 1
300
92 78 97 94 23 41 45 33 162 
91 67 58 13 76 5 64 61 69 
18 84 78 94 12 82 72 11 70 
7 3 76 66 53 94 22 77 160 
20 46 58 64 42 93 85 9 111 
45 68 75 50 90 25 15 54 122 
14 100 68 17 24 14 7 40 62 
7 28 16 66 93 101 27 45 32 
79 55 44 87 11 5 28 29 90 
63 59 15 53 53 102 35 10 157 
14 5 24 46 59 4 63 80 167 
42 81 77 76 25 47 10 37 200 
19 29 91 66 91 97 71 46 167 
19 55 76 16 34 85 24 14 82 
94 35 98 42 26 33 23 88 99 
70 89 36 69 45 18 3 17 165 
89 50 16 29 78 15 22 46 52 
9 28 49 94 54 13 7 18 7 
4 79 5 61 45 5 49 2 116 
50 52 13 61 15 18 4 37 131 
27 67 60 85 22 82 8 15 122 
3 78 37 25 64 29 15 101 80 
79 30 8 13 82 77 59 74 193 
16 51 16 33 92 19 49 82 105 
47 21 59 26 55 32 46 48 50 
23 27 90 86 47 15 80 27 14 
60 16 87 84 28 50 87 93 133 
48 72 88 20 78 84 78 71 164 
83 56 77 78 69 36 53 38 98 
9 33 5 2 55 67 13 90 135 
68 64 95 12 41 64 67 100 156 
40 5 51 7 10 79 35 98 146 
33 84 49 53 33 92 102 80 125 
64 47 19 24 9 90 18 12 14 
89 74 17 15 13 71 60 16 67 
101 4 25 28 69 59 96 82 14 
21 17 33 5 12 63 3 5 110 
61 18 98 63 91 100 73 48 52 
58 20 73 80 95 19 60 3 156 
40 37 80 62 30 29 84 100 194 
77 85 64 56 13 10 17 101 199 
38 40 15 27 58 23 34 40 127 
37 42 24 16 47 11 86 66 139 
78 101 90 72 81 93 4 98 129 
64 4 9 65 65 96 22 24 128 
66 15 82 59 30 92 67 49 118 
75 63 40 56 72 50 42 42 203 
12 68 62 23 25 62 60 72 74 
57 74 79 31 97 25 48 23 105 
90 21 74 100 7 33 36 32 73 
27 11 34 61 25 25 96 12 116 
5 45 92 22 101 60 57 11 153 
82 46 68 17 10 51 99 54 45 
30 14 63 30 90 95 26 35 125 
5 98 51 56 36 87 69 45 160 
63 71 22 16 45 98 59 55 175 
71 11 3 85 64 73 4 69 200 
98 76 57 99 97 68 99 53 29 
27 28 12 83 50 66 73 38 170 
4 16 71 67 74 36 10 57 50 
62 22 36 81 54 69 89 73 142 
25 66 75 56 19 94 85 33 57 
77 90 63 39 14 28 90 2 110 
31 33 4 23 92 42 44 40 65 
81 49 76 45 96 79 97 50 149 
12 50 99 79 84 43 9 34 137 
65 24 10 10 93 54 16 60 83 
69 4 76 35 13 81 62 6 172 
55 34 96 86 44 67 55 80 107 
59 54 52 63 16 59 76 82 32 
25 73 58 23 31 38 39 30 94 
101 79 39 19 19 80 59 56 2 
74 81 83 45 57 16 2 59 15 
92 7 90 19 61 34 66 39 69 
31 34 5 60 48 16 21 56 3 
18 41 37 74 7 62 59 3 4 
37 82 17 44 23 74 31 49 49 
59 84 20 7 55 82 46 30 45 
99 16 34 69 26 3 15 87 39 
74 21 2 30 61 60 33 32 117 
20 89 13 34 31 101 92 63 148 
85 13 88 57 29 79 41 63 178 
70 70 58 16 31 38 55 60 59 
25 32 25 62 76 25 25 28 86 
12 67 87 35 79 65 31 32 151 
34 19 93 26 91 101 73 65 128 
3 6 60 77 80 73 73 70 66 
51 25 39 65 34 3 37 31 194 
4 37 93 95 87 101 64 23 84 
39 101 43 26 90 13 63 24 46 
86 38 89 16 64 11 33 82 16 
39 71 87 92 90 62 6 71 57 
73 10 22 61 15 59 32 36 141 
93 27 37 28 4 12 81 54 190 
10 90 75 84 64 7 93 27 107 
58 49 13 82 23 21 86 92 30 
4 27 25 32 86 30 42 42 113 
74 13 69 78 12 38 69 98 167 
56 91 48 17 70 89 7 77 177 
60 13 6 18 44 14 98 79 57 
72 80 6 47 44 24 52 21 31 
87 82 39 77 15 27 39 32 4 
70 89 59 37 27 11 44 85 61 
53 59 71 57 82 35 11 99 38 
80 11 49 27 67 51 75 22 194 
52 85 100 81 80 13 13 30 184 
72 37 54 97 5 61 95 101 128 
47 31 102 6 68 18 9 61 45 
56 45 24 10 64 7 16 94 204 
33 74 81 60 46 54 45 41 128 
68 85 8 89 34 68 89 30 186 
97 48 19 84 74 21 92 59 173 
69 64 75 49 83 13 62 64 57 
86 89 87 49 62 29 55 43 156 
18 69 13 59 23 36 16 21 95 
85 50 101 62 70 89 70 78 157 
91 21 4 97 30 72 41 5 86 
8 50 88 92 31 33 44 76 185 
75 13 43 41 35 64 67 79 29 
30 26 21 100 82 87 52 66 48 
76 23 41 43 20 20 94 10 145 
63 95 21 71 19 96 99 96 133 
37 52 87 42 32 53 58 13 162 
24 10 70 3 42 67 10 70 109 
53 34 95 25 49 27 93 6 172 
96 61 8 27 3 88 22 17 31 
39 36 93 90 87 9 41 72 203 
5 62 55 56 62 51 43 47 128 
74 14 4 62 51 28 69 64 106 
75 99 9 84 83 27 52 73 71 
64 66 49 88 86 79 28 90 92 
33 42 101 59 86 58 26 50 7 
14 79 87 68 22 25 58 68 150 
95 23 80 29 6 91 17 81 167 
17 88 30 27 36 63 83 38 47 
54 18 14 53 60 36 25 40 192 
51 98 45 26 31 20 6 35 137 
68 6 38 12 44 7 76 10 126 
76 89 45 26 86 86 3 6 103 
63 43 65 46 7 68 97 68 170 
40 94 59 12 23 3 96 17 67 
89 45 75 9 79 52 75 51 106 
53 27 14 61 25 28 70 45 187 
6 24 101 72 16 78 24 38 35 
6 66 68 43 32 71 54 16 125 
79 55 66 14 74 58 16 46 86 
74 81 70 33 44 80 12 92 191 
35 19 31 99 88 43 36 70 173 
88 12 96 44 8 11 67 93 184 
29 94 52 45 58 72 37 52 117 
50 75 24 90 33 42 78 22 198 
34 82 70 26 80 5 73 31 71 
49 31 75 61 69 53 89 84 200 
45 91 63 61 64 38 86 88 195 
65 99 81 56 68 89 14 34 24 
24 6 16 49 74 29 38 90 44 
86 91 8 73 3 51 44 35 63 
38 76 20 34 42 94 10 10 65 
57 95 65 88 49 36 42 67 161 
87 99 19 36 25 76 17 101 199 
91 93 98 32 14 36 58 78 120 
95 92 66 24 41 66 98 83 192 
60 100 44 74 33 38 72 60 74 
15 5 53 46 19 43 97 21 37 
37 27 84 31 31 73 78 49 154 
17 65 60 55 40 44 82 59 4 
57 19 62 63 62 56 100 45 150 
9 51 75 25 29 22 49 63 114 
14 31 71 73 98 86 62 57 193 
80 62 67 11 65 62 42 41 5 
59 76 68 29 33 88 100 71 200 
5 94 37 40 8 79 88 70 59 
34 86 24 78 2 7 62 22 169 
11 100 88 14 85 90 21 92 176 
92 87 100 85 75 29 88 60 128 
61 42 56 90 25 97 34 10 113 
82 83 76 63 70 12 6 91 145 
15 93 12 49 21 18 93 99 169 
32 51 13 97 92 45 44 2 165 
31 23 77 92 82 77 35 41 19 
14 30 19 90 81 86 58 75 137 
55 14 23 40 99 28 15 5 121 
46 87 93 33 21 69 32 77 139 
98 24 13 37 16 82 10 81 141 
67 44 72 29 40 19 78 91 181 
62 93 26 51 79 79 18 92 111 
20 83 11 52 60 6 18 62 105 
58 20 100 43 32 20 60 49 125 
90 19 49 76 58 32 81 72 171 
46 49 47 36 21 26 28 92 200 
62 18 86 68 12 80 68 22 146 
92 21 64 8 93 32 18 30 148 
9 45 27 81 73 90 23 75 29 
8 24 101 75 17 41 22 100 66 
79 24 9 71 11 38 61 91 106 
24 39 58 17 20 93 54 21 97 
75 83 47 98 48 40 67 62 199 
74 19 6 24 88 95 101 41 12 
68 41 37 91 22 84 38 101 73 
59 93 6 10 23 99 94 49 36 
89 84 79 71 6 51 40 89 147 
50 102 53 65 18 82 88 88 164 
15 86 63 65 62 49 5 9 142 
96 66 98 9 32 41 78 14 117 
30 99 36 88 53 35 13 90 201 
86 96 77 26 24 37 18 81 130 
58 26 24 32 68 99 81 47 47 
78 43 72 14 89 6 25 60 183 
48 29 35 30 54 74 50 20 29 
96 71 45 63 93 53 78 22 180 
37 101 32 39 9 8 13 37 97 
31 74 9 73 4 66 47 73 108 
32 30 73 52 83 50 86 87 154 
82 17 53 21 38 69 18 90 121 
61 10 22 29 19 20 27 22 95 
8 26 69 81 17 22 100 47 189 
19 87 20 84 56 24 33 33 41 
98 12 38 42 57 16 7 88 128 
35 5 13 56 28 64 4 79 126 
10 3 102 33 23 93 76 101 8 
43 79 57 101 98 88 100 30 22 
12 68 71 55 76 32 60 67 87 
84 65 61 58 83 79 62 25 64 
21 68 91 47 68 58 13 66 20 
10 36 9 27 57 99 54 93 25 
95 57 29 72 75 58 51 95 74 
46 87 98 80 40 75 57 81 128 
23 68 2 15 44 12 23 52 66 
37 59 10 64 6 92 67 70 140 
6 51 95 35 98 75 22 69 160 
14 32 98 36 72 78 37 33 54 
13 82 14 19 51 25 26 16 75 
30 84 83 9 15 73 7 53 62 
72 90 71 29 94 77 34 11 43 
38 3 88 33 29 75 66 56 178 
58 89 102 72 11 84 39 94 174 
99 8 19 27 31 21 48 67 88 
58 86 90 39 87 43 5 90 27 
52 99 57 10 45 60 85 51 132 
32 2 82 89 91 102 92 37 8 
5 13 75 69 87 64 33 10 143 
101 20 4 61 69 22 72 90 195 
32 91 65 60 43 81 57 18 132 
65 71 97 90 50 52 40 101 158 
42 85 14 94 79 37 90 86 64 
64 73 36 61 19 4 6 61 95 
42 47 72 95 14 71 100 70 80 
77 13 73 54 23 69 45 32 11 
86 40 13 30 72 59 51 95 94 
33 5 54 95 86 91 6 100 112 
10 48 73 45 97 11 99 15 149 
62 13 52 68 19 89 99 23 45 
37 14 77 14 47 21 25 69 133 
89 84 30 84 49 25 15 37 172 
36 43 46 4 33 59 87 91 167 
98 67 89 67 98 65 70 72 175 
81 97 4 54 22 30 46 12 65 
47 80 65 28 56 83 5 66 163 
79 34 83 20 30 58 39 29 7 
80 23 88 67 16 80 39 35 83 
84 83 23 18 60 23 28 42 23 
20 71 13 7 65 34 85 92 77 
7 63 70 48 17 95 27 68 181 
47 82 66 88 91 22 43 22 168 
61 63 76 62 95 90 48 21 119 
93 75 61 56 83 26 43 34 148 
74 39 69 30 93 94 35 82 123 
48 35 82 93 66 44 52 27 60 
65 47 71 82 2 98 37 36 190 
32 93 101 42 47 59 50 71 171 
18 32 72 84 29 14 30 102 176 
79 3 11 19 6 59 97 79 178 
5 95 39 72 96 59 101 5 182 
63 8 90 26 45 97 61 36 193 
60 84 20 58 54 2 12 59 69 
86 15 89 44 47 70 71 47 156 
49 47 38 15 84 26 25 69 191 
100 56 60 15 60 72 64 39 195 
71 49 43 38 62 39 26 17 183 
4 21 63 22 57 100 21 14 182 
60 47 102 95 35 87 9 14 9 
77 73 57 20 82 10 74 102 199 
37 13 87 102 90 69 37 23 99 
34 80 101 61 96 48 83 6 187 
98 78 16 58 31 50 35 51 91 
37 86 40 55 50 57 3 86 4 
6 60 59 34 61 14 38 76 71 
6 18 79 11 39 79 18 78 50 
86 81 83 39 69 41 25 2 77 
12 81 32 47 61 12 48 79 93 
37 66 19 4 22 57 16 31 69 
69 28 50 64 39 73 33 19 12 
21 69 94 20 11 61 77 29 194 
6 62 60 68 65 62 34 84 28 
9 84 61 29 25 40 8 58 152 
91 50 44 61 16 44 8 28 23 
56 19 57 61 29 95 62 12 141 
78 3 65 90 32 57 61 26 72 
48 95 46 55 13 54 86 87 161 
55 47 48 18 63 39 51 80 133 
