6 1
300
64 51 78 24 27 23 79 
15 38 61 64 39 96 185 
65 30 24 60 39 38 91 
66 16 99 100 58 43 13 
59 3 88 65 52 44 20 
9 19 79 46 56 84 153 
66 60 5 24 57 56 201 
36 20 8 54 37 84 201 
37 81 25 70 83 35 115 
37 75 101 90 54 84 117 
13 47 16 85 56 71 202 
58 96 79 3 88 9 47 
84 83 13 17 62 12 147 
40 56 77 75 51 21 61 
87 6 36 6 75 44 49 
75 93 71 83 15 101 162 
87 48 69 97 28 35 109 
95 90 75 94 74 87 150 
93 41 12 7 53 72 145 
92 44 99 15 67 101 20 
91 44 35 49 13 94 109 
9 10 80 25 87 78 189 
17 63 14 3 58 52 167 
55 60 78 64 31 11 193 
6 72 83 63 36 46 8 
49 42 47 63 95 22 172 
33 34 84 67 96 80 153 
83 88 14 11 51 29 76 
86 59 87 83 85 61 8 
40 99 65 53 34 91 141 
24 69 42 66 32 100 46 
28 97 99 38 33 22 49 
86 71 54 88 19 68 129 
85 61 82 12 63 83 189 
37 21 16 64 90 8 122 
21 74 47 20 31 17 118 
64 91 48 54 41 82 111 
30 13 67 17 25 8 80 
10 62 56 71 19 31 185 
78 84 76 44 16 66 134 
99 8 69 90 53 7 44 
73 36 59 24 3 41 17 
10 51 49 67 2 23 24 
14 94 51 15 88 69 176 
8 74 12 27 18 91 65 
7 100 29 74 2 20 77 
28 99 49 17 93 85 140 
35 29 79 16 45 57 173 
17 20 77 67 40 36 132 
64 49 99 87 52 78 8 
53 22 95 102 4 76 175 
97 4 100 97 86 20 149 
47 35 14 75 36 48 184 
82 54 9 64 86 75 131 
51 52 32 43 9 68 168 
10 86 16 43 83 101 42 
18 79 72 56 18 93 38 
16 87 14 18 32 14 146 
69 89 40 21 3 24 94 
54 70 57 79 54 93 77 
51 100 34 55 49 72 131 
77 39 9 69 83 48 73 
68 20 27 79 55 13 83 
99 79 24 82 80 76 132 
12 17 79 66 3 83 134 
89 82 65 85 44 9 189 
52 32 53 22 77 13 176 
52 32 2 101 81 99 107 
23 12 75 71 98 101 134 
24 32 5 82 68 72 161 
40 63 96 13 6 50 98 
48 73 62 4 66 80 123 
87 79 67 23 86 15 135 
72 92 15 48 10 29 58 
102 50 42 12 43 9 27 
71 8 90 78 51 7 153 
41 15 69 34 23 7 77 
55 41 61 84 58 15 139 
73 83 67 98 23 22 96 
25 22 94 25 73 50 34 
73 78 48 37 11 93 64 
79 48 16 89 24 93 96 
11 83 30 87 96 46 200 
28 25 82 30 87 30 34 
95 77 12 52 60 23 169 
65 15 50 50 24 39 191 
36 54 11 101 31 102 31 
42 67 40 79 5 20 93 
55 68 8 26 65 17 173 
73 6 39 66 72 66 96 
70 82 39 75 9 6 186 
73 73 32 58 30 3 109 
12 73 75 57 5 39 21 
49 43 26 61 24 11 130 
50 74 37 61 38 70 147 
87 3 6 98 16 56 167 
97 79 70 36 16 34 126 
35 65 11 69 29 39 44 
41 15 16 87 98 30 50 
101 97 98 95 35 83 53 
72 71 60 91 86 30 106 
67 57 27 10 79 4 33 
11 27 94 11 33 53 95 
90 93 13 20 28 60 197 
84 74 43 82 52 38 129 
96 53 80 45 11 71 151 
60 91 79 21 28 11 183 
71 6 86 4 33 81 167 
81 50 73 60 72 57 170 
85 85 30 29 68 54 31 
76 16 67 24 83 74 63 
4 36 102 102 51 9 27 
70 59 80 22 59 83 34 
5 9 87 42 16 93 152 
8 51 94 62 58 77 194 
92 21 82 51 9 53 157 
16 73 60 22 50 72 33 
28 52 9 12 73 101 145 
9 82 84 69 83 58 196 
87 10 42 95 34 20 160 
40 100 72 52 32 41 184 
37 29 21 68 23 61 163 
101 86 52 87 79 26 168 
41 100 84 27 97 83 59 
66 20 29 18 55 40 179 
53 39 62 44 62 83 147 
54 65 3 63 99 18 175 
25 92 10 57 96 98 202 
2 90 26 36 60 63 147 
12 94 52 70 23 94 99 
49 92 45 19 45 12 177 
37 83 67 100 67 45 83 
29 21 64 61 44 91 105 
51 38 9 3 22 2 88 
73 53 95 78 26 40 156 
2 67 40 53 87 15 134 
9 62 38 95 21 34 168 
75 90 11 81 5 99 201 
56 38 18 25 12 46 130 
32 74 25 43 7 66 57 
56 26 10 59 78 88 87 
78 74 10 3 70 62 201 
65 86 99 23 43 80 95 
32 24 30 77 71 4 156 
90 15 55 15 70 57 40 
66 3 24 29 13 58 160 
66 10 24 44 85 67 139 
90 28 22 67 88 83 51 
4 82 84 9 86 68 180 
60 57 90 3 7 82 200 
85 76 95 32 24 70 134 
16 7 35 87 39 11 3 
89 35 51 83 76 97 128 
23 42 22 29 92 92 14 
54 37 43 80 87 72 12 
54 28 37 67 15 61 180 
77 52 24 48 59 89 145 
24 41 21 33 87 38 127 
36 76 4 34 79 62 126 
73 93 9 55 41 97 74 
9 16 18 63 38 76 95 
93 100 83 35 5 37 63 
98 24 49 102 36 45 37 
55 35 35 38 101 29 11 
60 17 96 20 94 37 34 
27 5 72 52 64 18 90 
78 23 101 77 27 33 153 
71 62 55 7 54 20 111 
83 85 27 39 49 44 67 
85 89 17 13 2 16 145 
21 78 52 74 29 76 158 
14 37 63 76 97 31 182 
57 43 15 42 19 64 91 
22 48 15 16 77 13 189 
36 86 66 27 19 6 103 
86 5 36 27 46 79 142 
51 66 64 54 14 45 59 
49 4 73 86 54 29 203 
33 39 59 55 65 86 160 
53 99 52 80 27 42 145 
39 81 17 74 87 76 145 
84 53 64 64 70 66 177 
84 95 43 67 79 52 109 
68 78 75 83 95 94 200 
68 14 76 89 5 60 22 
25 58 13 69 54 31 101 
88 97 92 97 22 93 140 
6 11 15 50 91 19 145 
5 44 93 95 85 75 34 
41 90 78 67 8 79 123 
39 32 100 27 24 6 164 
83 84 88 75 2 32 127 
5 64 41 16 43 41 42 
16 22 76 72 58 35 97 
9 17 32 15 16 10 139 
81 17 25 70 15 92 45 
62 7 22 85 45 56 74 
28 39 53 68 40 42 48 
12 26 57 68 73 35 151 
70 58 61 88 24 96 51 
49 18 49 29 50 100 111 
17 57 89 15 81 14 167 
80 81 49 78 70 47 141 
93 69 4 44 59 50 188 
50 62 99 23 62 13 162 
23 6 41 92 44 71 193 
71 71 55 94 23 94 183 
79 14 12 55 52 57 114 
51 47 87 93 53 64 137 
96 92 94 21 3 4 118 
78 11 88 29 78 76 47 
101 51 52 38 57 5 146 
51 89 70 12 58 26 147 
61 55 101 93 9 30 153 
81 63 74 22 92 34 5 
5 25 29 76 83 35 103 
98 37 57 98 61 98 94 
5 26 11 47 81 88 36 
58 89 38 70 49 50 42 
90 80 18 67 72 72 94 
66 43 38 77 93 24 129 
20 46 97 50 34 31 156 
39 65 78 14 49 87 97 
38 93 8 36 88 32 20 
59 41 32 91 28 102 80 
86 75 72 90 66 56 78 
45 42 22 17 20 46 105 
17 42 55 26 87 100 59 
51 32 43 7 94 56 125 
7 67 61 8 31 40 109 
92 7 26 85 33 12 190 
53 88 21 69 88 60 87 
101 79 67 43 3 12 71 
45 31 85 74 2 79 79 
77 63 11 91 8 100 53 
37 32 43 56 91 37 200 
46 23 40 8 98 21 14 
90 96 67 30 30 21 96 
78 43 13 33 35 57 156 
27 12 80 83 62 19 132 
49 26 88 15 77 38 201 
10 47 68 6 60 34 178 
69 46 64 80 81 81 120 
91 31 26 58 83 24 41 
13 62 27 38 4 43 84 
72 81 17 55 85 50 140 
97 48 29 77 24 91 120 
69 18 4 84 40 8 119 
97 65 59 97 16 81 197 
87 43 70 58 93 48 198 
67 49 28 98 33 92 192 
86 99 82 60 35 63 92 
46 25 56 66 37 85 153 
18 60 60 70 71 74 22 
7 60 22 33 45 63 6 
72 79 87 10 18 66 25 
68 78 38 83 21 54 86 
20 16 94 58 65 25 99 
90 70 30 64 21 86 162 
40 63 29 93 102 44 151 
48 71 58 22 21 65 105 
84 24 89 52 21 70 178 
46 30 77 81 41 56 167 
11 59 48 99 82 34 57 
18 11 93 21 12 70 147 
48 38 38 46 61 99 15 
48 43 14 101 18 94 192 
35 54 13 63 90 94 77 
13 12 24 41 33 25 135 
14 98 33 12 3 18 201 
94 41 37 81 59 77 130 
18 36 100 66 42 35 169 
59 81 60 24 77 36 71 
28 16 7 30 76 43 70 
46 83 92 17 78 98 85 
15 79 84 33 20 76 194 
78 26 77 93 92 85 113 
19 75 90 27 83 66 135 
27 32 53 85 36 32 147 
54 10 50 66 40 44 92 
5 78 93 60 63 41 102 
91 32 40 86 59 80 57 
10 4 92 97 33 78 179 
49 32 50 85 46 25 51 
18 29 29 55 43 12 32 
98 99 70 22 27 18 74 
102 16 102 79 53 47 91 
8 60 71 8 68 59 114 
48 45 76 18 19 27 150 
5 13 33 18 70 15 26 
7 25 77 8 62 54 98 
19 50 9 95 80 82 22 
71 60 48 77 55 61 104 
56 95 6 10 93 64 198 
5 71 63 85 34 34 5 
38 96 102 8 7 10 61 
96 70 25 40 47 66 71 
55 86 43 17 55 64 105 
31 73 100 71 92 52 31 
82 48 12 48 50 10 68 
