6 1
300
78 53 30 30 45 99 56 
99 97 80 32 60 28 103 
56 75 46 57 43 76 32 
14 26 85 80 73 64 156 
4 45 90 52 81 58 180 
91 99 85 21 23 86 135 
72 39 62 20 94 93 50 
29 93 29 4 35 32 131 
29 47 52 74 37 52 193 
54 92 82 80 73 64 133 
78 63 38 22 91 51 88 
89 26 62 81 73 54 155 
55 63 49 48 28 26 128 
55 35 49 88 36 73 39 
49 81 42 23 31 61 105 
32 93 84 46 83 23 82 
23 92 95 66 100 21 201 
31 35 34 47 40 4 48 
30 90 36 57 79 26 83 
47 22 60 44 95 26 49 
72 67 4 46 5 25 67 
45 57 23 39 54 22 38 
48 9 78 94 59 30 6 
5 50 91 6 99 102 155 
72 36 25 6 96 78 122 
70 32 3 37 82 93 173 
35 15 21 27 6 24 202 
15 85 52 39 98 23 136 
19 15 43 7 25 58 151 
23 100 34 60 46 61 160 
79 77 59 79 39 19 144 
37 72 81 95 80 79 116 
53 75 70 100 56 95 105 
20 62 32 58 37 13 27 
17 88 69 62 65 23 75 
10 95 61 61 6 98 168 
44 64 14 47 82 19 142 
27 66 62 92 67 29 122 
16 29 23 5 9 60 43 
86 14 35 16 58 23 90 
82 11 41 52 100 71 154 
100 19 13 57 96 45 182 
24 9 72 100 95 79 191 
68 40 58 99 40 64 120 
52 82 33 26 98 28 95 
58 22 42 70 61 86 34 
12 12 50 15 17 33 127 
6 64 18 65 46 52 29 
72 85 55 62 9 19 99 
39 82 33 99 19 45 136 
89 33 32 37 95 79 115 
30 11 87 24 32 98 96 
19 17 63 55 78 35 174 
40 89 10 54 69 70 149 
32 18 17 101 90 98 36 
34 88 30 53 75 59 87 
76 70 40 79 23 4 42 
67 73 47 43 13 83 102 
46 25 85 28 11 85 201 
94 71 26 44 2 31 176 
31 35 4 5 77 45 130 
20 72 77 48 69 55 132 
48 73 60 79 17 70 179 
65 47 26 65 76 45 167 
101 16 37 23 74 36 75 
40 44 39 37 40 88 54 
55 10 82 45 32 36 97 
101 68 67 88 64 101 135 
89 80 42 3 2 84 41 
58 42 27 96 21 30 17 
30 22 44 79 83 64 22 
39 46 23 46 11 37 204 
50 72 37 12 37 72 105 
67 99 36 40 7 8 199 
70 58 50 13 8 41 145 
48 25 11 83 39 58 103 
36 22 59 93 49 22 17 
72 92 86 86 60 59 130 
25 10 41 79 57 15 141 
90 74 35 5 98 31 8 
49 28 32 100 16 3 65 
80 79 49 60 89 92 200 
68 66 29 50 85 9 47 
17 72 6 84 46 84 93 
49 26 90 53 92 7 49 
66 56 88 46 58 34 94 
33 94 20 71 25 72 48 
10 8 57 15 24 82 66 
58 28 19 72 21 88 63 
55 61 9 99 87 77 5 
12 43 6 29 77 79 173 
80 87 15 23 13 24 82 
21 35 40 70 26 93 18 
30 71 75 39 49 18 160 
36 13 74 39 97 23 199 
66 53 89 49 6 49 161 
42 6 52 10 65 93 70 
28 72 30 63 86 96 167 
74 33 92 30 63 8 90 
76 43 85 18 3 44 112 
84 53 23 22 46 31 180 
68 26 31 85 27 46 18 
43 46 79 13 30 18 188 
22 99 21 45 43 37 135 
64 68 94 65 51 82 90 
21 10 43 42 66 96 16 
9 63 47 38 64 38 69 
99 9 6 75 28 64 127 
56 4 79 5 97 24 8 
60 38 23 78 67 67 48 
38 38 73 66 24 87 29 
38 76 9 81 101 35 133 
61 90 92 25 19 84 132 
8 65 39 71 74 6 102 
27 26 63 100 73 12 126 
73 35 11 6 79 51 40 
29 73 27 97 91 40 201 
51 33 54 49 85 61 62 
75 36 96 52 83 66 24 
52 48 83 30 25 6 181 
57 83 22 42 35 48 161 
94 14 76 85 68 53 155 
96 10 52 90 54 34 200 
101 17 56 98 87 10 158 
27 46 69 68 36 12 192 
52 35 9 52 15 53 165 
24 22 69 18 15 37 116 
40 33 42 73 74 93 115 
68 68 46 50 40 4 138 
71 9 19 33 43 84 90 
77 45 40 41 83 19 157 
96 89 82 74 75 23 178 
15 29 97 64 21 40 171 
69 65 4 77 51 16 110 
16 52 86 74 55 15 128 
90 5 35 93 76 81 147 
81 66 78 67 83 82 114 
82 24 71 24 45 62 18 
82 37 65 33 5 25 165 
39 98 102 21 11 27 53 
26 64 73 48 61 14 180 
100 28 12 71 36 100 71 
30 17 52 12 54 56 17 
69 71 62 72 58 93 87 
70 78 48 74 57 32 114 
62 100 78 86 50 22 168 
11 56 65 72 27 49 20 
83 52 11 58 73 20 117 
95 13 77 6 23 48 63 
52 65 99 81 70 81 139 
19 76 28 6 36 27 121 
17 99 3 33 47 35 178 
28 39 18 87 14 101 138 
89 3 83 30 76 54 120 
92 68 93 59 70 43 132 
78 86 54 38 95 100 159 
16 77 75 78 15 45 51 
29 83 96 58 82 3 62 
75 47 79 62 75 3 53 
34 11 76 78 95 25 104 
55 66 50 21 3 92 151 
28 10 54 63 11 36 130 
87 99 3 90 42 36 7 
41 77 78 22 100 54 167 
68 101 101 22 22 76 151 
18 48 39 81 13 58 98 
39 27 101 66 69 64 96 
14 74 90 55 91 50 31 
91 75 101 5 39 94 124 
11 54 44 92 62 92 140 
54 67 11 31 80 57 5 
52 79 58 33 93 37 110 
29 13 69 33 28 62 57 
75 39 78 76 66 89 60 
75 59 76 9 74 80 124 
9 82 26 12 94 15 81 
98 45 74 48 59 9 167 
43 77 61 35 32 43 161 
29 34 56 16 70 75 158 
21 85 26 21 59 95 42 
34 44 23 36 48 90 158 
96 7 30 10 82 49 66 
85 17 75 44 39 84 163 
49 72 98 26 43 64 157 
62 50 29 102 16 64 21 
34 40 101 86 55 4 69 
30 29 8 90 27 48 76 
70 53 79 22 13 42 173 
74 27 12 8 28 2 71 
59 3 10 69 88 24 103 
78 76 60 86 82 49 41 
45 92 38 17 18 42 189 
98 52 82 4 24 27 123 
16 91 80 29 3 101 145 
28 100 23 42 25 88 187 
79 22 38 33 95 67 60 
37 76 93 12 62 43 125 
53 30 66 66 100 92 128 
87 82 59 81 50 51 38 
93 17 78 95 56 3 40 
32 45 73 31 62 33 162 
18 89 19 43 60 12 153 
72 59 78 28 98 31 189 
42 82 55 47 18 13 90 
60 17 19 9 42 44 44 
87 95 37 40 61 86 142 
95 42 40 92 41 45 45 
60 102 70 59 74 29 185 
66 21 86 46 22 37 118 
74 2 36 19 70 56 174 
66 43 90 40 47 25 96 
42 17 57 79 71 24 2 
17 51 51 70 17 32 45 
76 54 96 41 50 14 44 
41 6 75 72 90 38 192 
61 82 22 29 5 46 50 
6 31 68 53 15 59 116 
53 87 51 55 26 66 183 
91 96 101 99 14 28 3 
13 84 9 82 89 8 116 
72 32 43 14 88 100 145 
25 30 89 37 56 66 181 
21 26 19 66 74 6 144 
88 23 32 93 20 25 189 
49 61 73 28 53 2 166 
57 9 43 40 68 21 136 
68 13 64 59 64 14 188 
60 92 18 17 4 88 170 
11 14 23 70 77 80 155 
70 18 11 5 66 9 131 
19 78 28 8 87 6 43 
11 69 36 58 13 2 183 
72 57 14 52 17 100 95 
98 22 71 93 43 92 198 
97 55 56 100 7 30 85 
15 92 11 18 84 65 203 
46 89 14 66 80 88 201 
63 99 55 51 11 20 45 
58 59 16 46 16 25 31 
16 81 61 8 74 50 116 
67 4 35 35 37 49 105 
35 60 29 65 6 100 70 
58 3 50 98 12 22 119 
35 97 74 70 42 87 63 
9 55 61 7 40 44 196 
97 22 19 76 74 72 47 
102 90 83 12 27 83 118 
80 13 12 64 30 101 68 
10 63 67 97 64 23 54 
6 70 60 69 58 39 127 
83 34 23 40 52 37 69 
9 94 60 17 6 75 61 
44 51 45 11 46 65 177 
61 53 81 12 51 98 194 
22 25 45 71 46 98 198 
81 91 26 80 65 102 3 
71 9 83 60 50 99 128 
21 17 59 14 76 77 47 
82 44 31 3 41 40 179 
71 17 48 63 79 34 130 
62 21 33 83 66 88 183 
47 100 54 3 102 35 2 
10 88 59 72 23 77 202 
48 97 80 26 64 15 3 
93 37 99 73 66 101 123 
97 29 34 12 91 35 74 
46 78 102 41 7 89 125 
32 92 93 58 60 66 29 
26 55 58 4 75 91 109 
66 57 32 37 36 42 28 
61 27 61 34 44 65 7 
21 80 87 59 28 42 127 
47 8 16 9 37 48 146 
75 77 11 18 46 84 164 
23 71 6 73 49 50 145 
67 34 27 17 3 13 13 
77 74 47 49 51 93 40 
51 18 30 101 96 43 176 
52 53 18 101 83 24 200 
11 82 88 81 94 93 165 
76 92 94 36 37 68 200 
5 66 71 96 93 64 147 
55 78 74 55 9 87 32 
83 11 19 21 91 9 137 
93 61 70 59 2 40 153 
28 39 67 61 78 90 95 
89 48 6 92 62 28 114 
6 16 28 87 8 68 191 
83 77 17 48 61 33 27 
7 3 39 92 26 99 57 
42 9 96 33 99 71 192 
64 14 31 31 83 13 178 
47 44 74 96 75 84 93 
64 52 14 19 59 36 167 
47 70 102 38 32 30 133 
9 34 56 12 99 101 40 
64 88 19 80 22 27 124 
61 67 99 53 17 84 159 
59 84 16 42 37 14 37 
47 31 95 53 85 24 78 
