8 1
300
58 3 35 81 72 35 26 88 145 
27 55 6 96 93 15 59 23 92 
102 64 68 48 52 27 15 63 111 
45 11 47 46 35 62 63 92 111 
48 13 25 29 7 29 81 52 123 
39 70 15 101 14 14 5 10 171 
94 12 53 10 69 10 81 83 158 
27 83 22 47 35 3 61 13 22 
23 74 59 41 68 102 67 78 190 
43 46 99 36 42 27 78 71 163 
5 41 46 17 50 26 52 56 141 
42 94 37 14 42 3 4 84 75 
29 55 46 53 45 93 17 41 78 
83 94 43 97 71 66 23 58 147 
68 8 26 35 91 14 33 27 171 
60 30 6 97 34 60 91 51 35 
38 54 98 55 101 11 88 71 128 
30 48 25 73 93 86 31 38 155 
14 96 65 33 22 20 9 60 23 
36 87 62 85 7 22 50 87 10 
78 14 9 17 49 22 52 5 161 
62 89 39 22 68 97 84 80 114 
55 7 34 81 48 44 101 54 171 
4 47 42 6 25 8 82 56 50 
71 99 48 45 83 19 41 49 144 
75 16 22 67 2 30 66 97 164 
74 99 69 68 18 97 38 50 119 
40 59 66 33 43 14 73 16 166 
11 12 26 17 42 101 73 28 80 
66 39 47 15 42 31 28 9 116 
59 5 82 53 9 36 61 2 185 
9 44 75 10 96 89 49 57 173 
59 59 60 70 96 93 59 74 23 
15 28 19 37 7 35 57 16 24 
3 60 5 92 59 41 10 67 172 
67 58 45 60 68 87 46 71 104 
101 91 11 92 96 37 25 47 153 
75 73 38 42 54 82 78 48 198 
84 69 2 20 62 32 9 93 34 
69 57 62 34 94 38 84 58 52 
4 13 66 70 68 13 66 37 190 
50 28 6 65 84 22 90 64 7 
52 83 31 81 85 5 21 58 183 
17 43 82 2 59 98 57 76 73 
35 16 2 91 56 27 39 61 135 
14 6 75 42 46 32 35 34 155 
97 25 30 63 52 12 23 52 191 
16 49 70 10 10 10 87 57 99 
4 64 29 6 44 26 39 8 109 
18 77 99 52 69 27 23 62 105 
9 74 66 92 69 6 33 25 26 
100 6 98 67 57 91 84 33 144 
51 93 83 6 26 45 59 7 154 
99 66 82 45 89 50 59 80 170 
86 14 96 24 75 21 14 41 6 
59 53 22 10 69 38 57 74 141 
72 5 50 23 35 64 31 37 121 
33 57 19 49 10 79 8 101 39 
78 28 20 64 94 87 43 2 111 
58 91 98 46 90 18 81 89 154 
37 65 82 34 96 41 62 83 173 
87 12 45 45 4 71 20 81 93 
53 10 13 65 82 34 10 75 94 
65 89 69 4 70 23 4 73 74 
41 46 35 81 3 13 2 58 185 
13 15 89 29 28 11 73 30 162 
66 74 85 49 26 22 95 99 191 
20 85 43 24 43 33 35 81 72 
14 74 9 2 65 26 44 99 123 
61 37 63 59 33 42 44 39 201 
55 94 23 15 88 6 19 84 149 
51 91 74 58 96 50 77 60 115 
74 66 12 61 7 29 62 36 128 
35 63 54 3 83 6 35 82 178 
16 102 88 5 85 83 53 95 18 
90 5 43 15 85 75 87 72 150 
91 96 88 96 54 54 44 86 45 
22 50 10 71 26 16 62 63 121 
72 71 83 31 10 15 21 75 66 
23 22 80 82 18 13 33 46 176 
3 22 49 36 64 101 62 32 92 
102 21 81 29 55 24 16 17 4 
94 62 87 76 77 81 22 22 132 
45 42 34 100 40 82 30 61 84 
13 38 9 84 71 80 70 21 110 
55 97 69 58 68 4 12 41 170 
3 29 47 70 16 43 36 18 184 
14 4 83 101 101 96 83 5 161 
96 11 93 9 8 58 28 70 54 
99 89 76 32 90 101 99 29 66 
98 45 25 68 50 55 90 58 36 
74 56 98 75 77 66 25 18 61 
94 96 24 90 44 48 17 39 61 
18 84 17 84 4 74 64 87 122 
58 30 63 40 21 52 41 56 30 
32 26 15 13 9 74 72 6 69 
12 10 3 79 52 13 26 74 151 
4 93 53 26 13 91 6 69 180 
70 56 76 74 51 91 34 88 28 
18 7 77 45 14 100 40 54 159 
60 81 80 53 17 49 78 39 129 
65 7 15 25 8 42 85 4 104 
61 39 60 15 47 67 100 9 138 
101 61 80 55 88 61 14 48 179 
13 19 41 30 98 14 28 71 164 
102 95 101 37 62 12 50 81 32 
21 47 36 15 55 9 82 79 158 
87 12 21 56 13 62 54 75 172 
13 33 44 48 89 78 86 100 31 
70 66 102 70 7 9 46 95 4 
56 100 67 34 50 21 37 43 121 
63 47 84 41 84 89 28 38 99 
75 75 60 60 31 56 95 13 28 
80 19 6 14 13 21 61 101 154 
22 82 85 25 13 48 19 25 109 
35 32 84 15 44 71 61 72 41 
45 97 71 12 41 39 8 59 51 
56 51 36 65 82 85 14 9 116 
67 53 64 14 43 8 4 62 167 
33 67 77 37 56 43 101 18 9 
8 11 43 49 19 56 24 65 152 
20 72 52 101 4 37 15 96 41 
59 33 56 66 11 81 57 77 190 
51 21 97 96 66 66 82 8 199 
18 20 35 11 92 80 33 85 185 
34 34 65 42 24 62 23 44 174 
51 44 2 64 94 45 63 75 90 
81 27 8 88 21 98 40 99 156 
88 51 43 78 34 28 90 25 88 
32 12 99 37 74 24 81 33 130 
99 56 28 93 50 19 37 54 120 
87 48 15 69 4 27 86 37 190 
46 75 12 77 75 71 2 33 130 
48 46 55 86 9 90 34 43 88 
52 97 3 26 44 82 69 5 156 
31 65 10 74 53 39 31 37 120 
56 24 83 58 93 19 56 91 19 
8 4 42 28 37 63 85 36 82 
94 22 33 32 10 72 95 73 140 
57 76 95 18 57 74 31 81 40 
63 96 7 86 73 55 74 64 5 
39 5 30 49 91 19 99 38 32 
29 26 16 13 65 21 51 100 30 
17 92 49 70 99 58 44 23 82 
37 10 51 80 60 48 71 58 139 
42 10 88 78 20 20 59 4 114 
6 53 33 87 38 74 41 59 146 
57 71 9 75 8 69 80 64 59 
68 51 67 70 44 9 53 11 185 
30 41 74 30 13 97 2 39 145 
11 52 75 79 41 4 77 16 178 
63 69 4 20 100 58 92 93 108 
92 38 10 26 36 29 84 13 37 
102 29 61 14 74 70 98 71 28 
58 90 13 66 96 31 22 92 85 
90 12 43 18 40 21 44 12 4 
65 87 18 48 98 30 86 77 177 
31 52 97 36 24 32 45 37 8 
44 28 44 82 6 46 88 96 3 
79 86 91 41 71 64 69 36 171 
99 12 95 84 82 21 44 93 84 
48 56 90 13 74 5 18 2 171 
61 85 83 74 62 4 30 9 186 
100 91 82 35 69 90 48 49 52 
12 62 49 26 40 15 5 42 83 
14 68 13 87 25 71 81 10 104 
4 27 52 93 56 74 29 46 6 
62 15 88 2 66 28 81 8 84 
39 37 48 71 71 22 64 17 85 
82 15 68 13 56 61 39 46 46 
77 22 7 76 99 96 13 45 55 
56 14 4 88 9 19 30 44 150 
7 36 58 32 31 41 33 49 66 
37 51 61 29 65 22 6 6 177 
38 64 40 54 60 28 96 11 8 
41 96 8 51 85 14 88 34 24 
68 47 93 68 45 51 64 77 191 
69 28 51 84 84 5 32 95 163 
37 55 78 32 37 22 38 94 109 
28 88 69 49 43 33 11 40 122 
98 72 21 91 92 84 35 30 168 
56 60 14 5 21 92 35 52 161 
37 39 12 73 32 53 98 38 183 
29 22 87 21 74 46 45 37 48 
62 49 65 96 99 10 40 85 72 
43 24 69 78 16 93 54 76 4 
52 27 42 70 95 56 95 8 18 
99 37 87 70 62 86 69 75 10 
18 43 42 4 35 49 19 58 30 
25 52 7 96 69 100 45 96 23 
85 94 56 12 3 93 102 43 98 
51 74 64 85 11 44 89 38 69 
63 50 93 95 54 39 42 72 115 
4 5 70 90 27 68 76 86 165 
52 8 43 52 4 95 102 70 170 
54 42 43 66 9 33 67 85 95 
21 93 42 19 72 33 37 99 78 
82 63 50 98 11 27 63 39 63 
94 13 47 100 95 86 56 90 63 
17 41 98 39 25 44 23 57 191 
42 35 38 12 17 7 57 22 15 
38 58 33 18 5 72 3 74 146 
2 23 100 58 65 84 2 22 120 
44 45 40 7 77 56 34 23 10 
96 84 98 43 45 75 80 20 67 
101 101 38 27 38 53 73 22 71 
98 86 72 55 12 97 48 15 158 
70 32 83 79 87 83 69 8 184 
77 62 80 26 81 46 52 3 46 
24 19 8 90 37 57 22 37 78 
36 43 74 4 96 32 98 11 180 
54 25 16 57 61 32 63 98 124 
58 74 7 28 5 11 75 26 197 
73 83 98 28 59 51 46 35 134 
20 75 68 50 30 72 58 101 160 
9 70 60 78 29 41 97 66 131 
35 10 40 66 31 72 36 28 60 
95 28 68 67 13 28 67 45 48 
97 11 46 37 72 7 32 68 116 
40 97 56 59 33 95 87 13 52 
30 56 46 98 16 4 43 66 149 
14 44 59 35 13 86 18 2 114 
22 100 40 35 35 65 16 97 65 
77 38 97 76 82 2 3 39 182 
80 101 97 44 96 8 34 20 49 
102 8 85 71 43 33 39 68 29 
89 97 23 83 84 21 73 67 58 
80 41 65 59 34 76 97 40 4 
63 80 5 34 3 17 42 16 184 
50 8 97 66 38 16 89 16 87 
70 99 19 78 72 31 80 56 162 
62 45 76 11 76 6 32 78 179 
12 56 96 8 43 70 31 25 122 
35 15 4 51 72 20 34 29 84 
86 87 10 76 56 48 38 82 145 
18 41 33 93 36 62 28 79 123 
50 64 58 51 49 49 72 47 85 
79 13 76 58 79 49 65 48 187 
82 38 102 50 72 64 99 15 173 
30 45 81 45 25 95 59 86 134 
87 36 40 63 7 12 7 61 140 
99 62 64 86 30 90 70 48 85 
63 2 93 96 54 37 64 44 6 
64 36 91 83 101 95 84 81 27 
56 22 33 92 44 14 95 102 108 
24 46 17 93 76 79 53 99 171 
76 92 84 5 100 65 10 46 51 
81 18 63 71 5 51 78 16 55 
12 73 60 82 3 54 84 42 200 
89 72 62 14 31 4 11 10 180 
32 53 23 70 84 100 90 16 171 
94 55 43 67 18 62 52 43 55 
27 96 92 31 23 60 67 23 150 
66 69 89 61 62 97 63 47 129 
7 44 91 62 94 89 71 92 178 
59 24 57 2 64 90 78 86 29 
100 3 32 65 5 63 27 26 96 
99 34 95 48 6 72 99 47 203 
39 67 4 5 63 33 73 10 201 
20 66 8 101 85 79 83 65 92 
35 44 41 30 37 70 42 74 119 
97 13 20 87 5 19 91 41 39 
13 97 42 102 94 97 64 9 122 
43 100 51 18 67 43 28 66 10 
63 11 33 36 65 90 75 78 199 
83 36 63 91 12 47 60 72 139 
6 35 51 45 67 30 11 101 152 
11 81 48 78 61 41 15 30 62 
90 79 34 54 29 18 100 83 149 
100 54 90 6 60 97 76 24 64 
57 20 46 5 27 66 16 66 199 
54 7 77 24 78 85 17 73 190 
37 54 8 35 47 86 57 12 97 
89 7 23 53 5 39 10 60 22 
88 87 54 70 40 65 20 48 157 
100 78 78 7 92 89 3 40 143 
26 24 75 62 49 17 19 30 121 
79 3 4 40 16 20 75 30 175 
43 69 16 45 17 101 9 59 71 
73 84 17 36 51 66 70 86 76 
39 29 40 39 53 12 6 44 94 
76 62 65 60 34 63 4 62 146 
57 83 9 76 54 92 83 48 95 
46 45 53 40 72 32 83 38 5 
50 6 18 7 41 75 55 35 197 
74 15 51 55 34 91 95 15 7 
32 66 77 49 59 7 66 62 201 
96 38 93 34 79 99 62 56 115 
58 53 44 36 22 21 96 11 69 
99 93 13 64 47 59 30 53 148 
29 3 50 12 43 81 76 61 198 
8 41 38 55 96 80 36 39 127 
62 98 45 58 56 50 74 69 142 
90 35 93 35 6 28 26 35 109 
10 47 11 65 61 64 24 89 143 
99 46 99 35 30 10 97 70 113 
31 74 49 2 40 76 12 89 55 
8 75 37 13 30 63 27 28 187 
55 99 39 84 35 68 80 78 48 
74 57 6 84 40 38 73 98 125 
