8 1
300
38 36 10 35 38 10 39 98 201 
6 12 39 47 44 82 13 67 62 
41 5 75 9 82 66 43 20 79 
68 34 29 60 6 75 88 31 76 
38 64 28 51 4 16 92 42 167 
31 58 2 53 65 43 99 15 185 
39 31 56 46 94 20 72 73 130 
73 48 8 66 61 15 46 77 7 
6 92 3 61 19 43 84 14 127 
40 17 72 88 63 94 85 50 204 
85 93 72 11 81 34 53 20 191 
78 67 99 89 9 89 41 95 48 
91 81 14 15 64 82 58 34 113 
96 87 87 16 83 13 15 63 171 
34 97 13 72 10 101 49 8 95 
67 53 10 84 49 70 71 95 142 
89 72 31 92 55 49 79 59 69 
11 64 86 88 76 48 6 8 201 
14 22 73 16 68 58 36 92 167 
49 14 40 19 47 90 43 28 185 
57 45 44 66 95 53 68 40 90 
64 81 79 64 81 43 71 59 151 
100 76 6 75 57 65 67 32 93 
97 94 20 98 47 49 58 51 130 
59 49 29 22 50 31 15 74 25 
6 87 35 99 50 90 16 45 108 
89 84 89 81 101 65 8 73 94 
28 68 36 32 8 32 80 14 22 
49 80 27 77 62 85 53 62 93 
14 100 46 32 84 4 97 70 137 
78 80 50 65 17 79 85 89 14 
79 77 80 5 21 38 80 69 133 
29 14 24 6 30 41 21 96 149 
3 98 86 34 37 40 65 4 71 
64 86 65 50 94 75 79 76 175 
68 10 81 11 54 17 39 70 115 
46 74 52 11 47 23 7 84 186 
24 47 42 42 42 19 4 18 170 
4 81 23 52 28 56 55 54 175 
96 94 46 71 98 69 84 21 62 
86 55 41 44 45 11 83 58 60 
48 28 70 64 9 38 34 37 181 
37 97 48 98 58 95 37 13 184 
49 54 51 74 60 23 90 20 131 
46 62 38 13 70 73 27 9 55 
19 34 87 10 40 63 81 49 50 
86 89 99 49 9 34 21 36 9 
82 76 70 49 76 91 74 89 154 
55 26 29 77 73 51 69 20 162 
7 41 16 90 95 13 99 6 65 
69 99 55 6 94 36 69 47 68 
60 73 60 98 39 52 88 28 50 
99 11 18 49 82 91 55 16 195 
91 94 83 59 51 73 60 6 184 
25 51 34 95 10 28 19 11 98 
24 11 4 66 5 69 89 2 193 
17 22 19 66 53 80 40 80 110 
54 3 24 89 40 34 62 65 158 
94 6 3 92 33 73 43 33 13 
95 27 91 16 72 51 78 45 173 
75 61 100 56 57 32 74 67 18 
28 37 73 72 5 42 92 97 196 
96 28 91 48 25 22 74 47 109 
67 40 33 75 13 97 50 90 11 
81 40 52 73 19 68 66 17 196 
36 25 24 52 26 77 55 84 37 
98 29 38 80 84 11 79 10 57 
79 55 26 78 24 18 37 12 118 
48 24 10 25 84 9 26 40 47 
33 17 15 58 22 31 80 54 125 
70 3 58 42 97 11 41 89 128 
74 60 3 8 16 16 20 8 123 
11 75 46 31 56 46 89 48 190 
16 23 35 97 100 72 57 69 20 
3 8 29 101 86 98 47 54 163 
23 27 3 101 40 16 71 71 162 
19 41 49 14 55 51 18 27 134 
31 80 62 32 54 50 7 19 2 
35 12 91 51 86 4 66 68 45 
94 16 85 21 27 31 93 40 58 
64 91 55 81 85 61 32 17 151 
21 93 75 55 97 24 16 39 123 
93 70 57 47 50 89 30 26 25 
84 12 54 34 41 16 22 45 58 
49 56 29 32 20 71 31 47 154 
50 41 21 64 8 91 71 3 143 
74 19 43 67 53 60 49 50 13 
23 90 53 61 35 54 96 68 169 
35 62 52 89 18 4 14 81 173 
94 23 6 65 65 41 46 50 55 
88 84 5 71 85 72 65 9 118 
26 91 8 70 70 42 8 38 83 
22 88 3 41 55 73 76 58 58 
3 60 27 14 17 87 28 10 172 
82 66 80 82 25 11 47 90 184 
80 26 55 67 59 28 101 26 127 
28 49 31 34 97 29 45 64 102 
35 14 77 23 44 62 58 29 148 
64 42 65 93 96 67 83 97 66 
76 39 3 101 16 92 26 102 125 
57 50 71 53 39 63 62 14 156 
18 59 84 96 11 32 56 39 172 
101 36 55 65 53 101 97 70 53 
51 36 100 86 99 44 101 2 162 
5 13 5 3 34 84 91 68 79 
52 83 30 73 46 79 8 27 135 
10 94 99 72 58 71 38 13 159 
81 34 62 42 97 11 53 53 53 
84 100 4 72 76 87 63 47 179 
99 80 92 23 80 75 78 93 18 
84 35 58 35 67 23 6 12 70 
80 13 88 21 21 96 54 27 56 
66 40 20 14 10 13 84 41 68 
90 60 56 90 65 6 3 71 37 
72 50 35 83 68 66 53 86 72 
3 80 61 98 70 55 48 15 109 
92 72 27 47 54 28 90 18 107 
82 92 49 84 20 52 78 85 156 
95 85 74 56 63 26 78 82 124 
76 94 92 2 44 52 53 13 204 
94 27 99 9 95 52 14 73 192 
89 21 62 10 22 88 79 55 63 
83 37 10 3 70 73 67 16 51 
64 82 50 99 33 9 52 86 119 
82 88 92 24 45 92 33 91 126 
3 68 74 6 25 91 22 72 155 
93 93 58 27 44 81 28 51 186 
48 92 90 55 60 38 30 99 136 
43 61 94 20 72 81 12 67 99 
54 61 58 61 79 63 33 61 190 
3 57 47 12 98 96 101 87 202 
75 50 10 39 78 28 25 82 23 
86 75 23 79 17 79 33 76 184 
37 88 16 29 24 101 45 29 88 
24 32 65 100 22 87 82 39 37 
42 17 85 32 39 99 53 50 175 
74 26 41 70 81 24 6 66 202 
88 48 28 10 96 51 86 3 103 
49 87 56 37 99 80 61 93 121 
9 7 51 19 78 76 16 72 7 
5 56 53 43 97 58 88 96 186 
94 34 23 36 48 38 49 6 128 
34 39 29 63 11 90 65 98 120 
52 71 72 54 97 26 48 82 97 
101 7 92 100 51 5 89 70 122 
40 75 61 15 72 74 14 83 70 
77 45 47 65 81 101 99 39 54 
23 42 39 99 90 68 91 50 201 
74 36 90 27 75 43 30 27 49 
102 39 100 100 42 15 92 73 78 
4 38 29 93 3 14 79 69 59 
25 43 87 95 26 24 75 41 97 
48 52 71 7 37 56 77 99 204 
29 25 2 25 9 18 30 89 27 
74 83 36 77 50 9 15 7 170 
40 9 15 78 27 3 68 46 44 
71 99 3 75 18 5 14 51 91 
30 102 37 71 66 39 12 3 120 
15 73 5 64 94 31 73 39 184 
89 53 100 101 59 65 98 62 183 
13 101 67 33 65 100 65 87 14 
50 72 45 78 69 26 44 55 150 
20 8 7 74 4 81 15 27 201 
48 31 45 74 75 7 49 101 7 
96 84 10 6 101 9 25 25 138 
49 13 86 76 59 5 92 79 110 
87 41 99 87 20 40 102 19 115 
65 79 98 40 31 70 23 50 145 
68 16 9 100 51 81 14 68 31 
16 74 73 42 84 98 53 65 122 
8 10 67 72 6 85 53 62 95 
73 11 84 19 55 11 34 26 130 
48 89 93 19 75 54 25 88 92 
87 25 96 2 89 68 10 18 83 
8 98 12 26 48 90 36 43 117 
34 99 22 64 9 61 35 7 155 
71 90 37 15 49 20 40 69 77 
53 73 25 18 10 39 71 28 58 
56 24 42 4 86 35 97 93 181 
27 25 18 38 70 84 93 41 58 
7 95 51 93 88 82 53 84 144 
36 19 91 85 95 83 33 81 169 
37 69 6 4 20 58 32 15 91 
23 17 5 43 27 71 11 66 69 
81 64 38 63 53 3 64 63 152 
102 44 31 37 7 91 101 57 148 
25 5 77 96 63 75 38 33 137 
69 95 94 22 75 31 50 54 36 
49 77 18 5 42 60 83 32 145 
17 87 12 16 44 72 99 88 126 
60 87 3 66 27 22 36 97 138 
84 82 71 102 89 55 74 54 164 
58 22 64 19 14 33 4 23 93 
59 55 53 24 25 90 70 91 137 
18 85 52 98 71 47 92 101 104 
4 17 100 59 45 92 91 43 134 
101 43 75 72 64 6 77 80 86 
18 62 59 83 34 100 88 58 141 
32 63 54 19 29 15 83 102 14 
49 2 12 63 35 84 24 71 100 
96 48 23 48 22 93 6 76 80 
95 23 85 2 72 89 23 61 164 
15 84 16 62 91 64 100 30 159 
33 58 29 78 61 65 52 95 21 
50 86 42 63 15 56 76 90 161 
25 49 32 25 42 76 4 11 178 
37 36 59 61 51 94 15 75 38 
13 19 64 22 53 80 80 75 154 
42 54 71 62 88 4 85 76 166 
50 10 18 56 76 52 78 17 121 
54 90 37 50 50 43 38 65 144 
19 5 98 54 48 68 101 64 116 
20 76 50 57 78 77 13 67 133 
4 60 45 14 46 38 21 27 174 
42 94 7 30 26 25 33 69 145 
87 98 64 52 57 14 95 60 84 
13 99 14 62 39 84 78 36 13 
29 6 62 63 35 23 83 60 144 
54 92 52 27 26 11 6 28 142 
5 55 5 33 21 88 97 10 59 
75 82 56 25 54 93 20 6 128 
13 27 66 43 70 99 44 44 139 
92 88 75 5 59 14 15 75 166 
4 99 87 76 67 26 94 11 160 
18 31 40 61 9 23 49 94 4 
7 63 86 8 91 79 20 7 47 
58 71 25 44 12 81 12 17 16 
79 40 61 41 51 61 20 28 28 
32 33 81 54 58 67 13 10 26 
99 98 10 11 58 62 4 39 82 
57 76 21 60 52 94 16 72 112 
44 68 14 27 90 65 66 89 151 
46 6 15 60 34 4 69 15 40 
101 70 84 101 39 14 22 65 107 
96 74 84 88 40 88 12 71 87 
101 73 11 47 47 71 89 60 68 
28 99 44 19 93 39 76 17 6 
75 45 30 2 8 27 13 72 33 
94 60 68 29 50 65 62 70 86 
12 56 26 15 14 81 81 96 136 
12 79 83 47 15 25 86 40 55 
15 101 67 86 36 77 55 97 4 
69 101 51 82 59 25 97 66 125 
80 62 32 51 23 14 60 4 190 
37 49 47 45 45 12 38 49 142 
78 28 22 51 62 19 80 14 194 
19 32 22 60 52 51 64 8 160 
98 66 80 55 28 34 84 21 99 
58 26 57 41 45 12 56 20 78 
43 31 102 15 73 11 19 44 147 
75 79 98 98 83 39 34 42 169 
94 25 2 90 69 43 71 24 181 
42 80 89 12 6 34 13 23 158 
80 85 95 71 38 86 63 11 87 
54 62 44 20 10 5 30 64 195 
40 55 64 61 46 51 22 80 131 
87 65 74 66 86 63 62 55 118 
91 25 89 18 29 60 101 20 128 
49 24 72 86 84 45 39 76 138 
17 21 41 46 50 60 22 78 94 
72 90 78 84 60 57 47 40 80 
10 24 29 6 62 28 88 76 115 
96 4 83 31 29 13 95 47 70 
20 47 77 31 98 53 14 31 62 
89 67 66 17 40 45 6 30 108 
43 13 61 15 60 77 5 28 151 
66 43 62 67 90 15 23 29 191 
66 82 28 77 93 34 98 102 19 
94 81 66 40 27 101 60 54 71 
77 7 89 102 28 72 80 50 179 
72 24 78 53 96 13 52 43 101 
29 68 22 29 19 60 68 12 97 
12 28 18 63 8 38 81 48 48 
8 66 56 57 100 45 46 29 160 
34 44 87 55 90 86 52 34 177 
16 49 89 31 36 18 25 69 46 
74 10 17 42 74 50 90 46 157 
97 73 70 79 85 93 82 36 140 
64 59 40 33 13 77 51 67 202 
37 79 32 40 34 33 23 74 39 
65 94 72 39 67 46 10 57 124 
21 40 66 99 52 101 50 63 22 
86 43 99 42 93 9 51 54 136 
49 60 41 39 57 13 74 18 88 
100 27 94 96 26 58 16 33 57 
37 41 30 33 92 73 23 39 64 
23 25 3 66 90 15 80 63 199 
24 83 84 55 26 35 59 52 76 
19 92 19 43 28 62 81 16 30 
41 18 70 70 19 20 82 53 190 
44 37 39 82 18 65 61 95 102 
47 84 16 96 76 43 36 6 97 
15 82 99 42 86 76 101 41 93 
32 55 67 66 75 75 42 17 32 
102 40 76 57 84 36 13 36 67 
102 47 44 29 36 15 73 69 146 
98 4 52 65 83 79 20 31 81 
87 83 11 43 56 61 28 37 135 
75 61 100 65 31 52 44 101 193 
5 5 22 54 95 8 4 46 28 
