4 1
300
57 71 82 65 131 
27 16 81 44 33 
19 64 43 61 171 
11 58 69 61 126 
73 25 61 80 200 
27 66 76 22 153 
65 18 86 26 97 
92 23 50 59 194 
57 49 80 29 52 
46 67 54 45 192 
58 95 21 30 57 
34 13 4 67 79 
63 42 60 69 108 
2 80 19 14 192 
90 10 12 66 14 
25 47 33 56 112 
62 14 33 28 39 
72 99 59 99 32 
81 21 85 21 72 
18 91 13 77 51 
68 50 42 51 14 
51 85 58 24 11 
89 81 50 13 160 
50 10 34 50 168 
5 23 22 99 32 
71 27 93 31 184 
36 35 58 31 181 
14 74 84 22 143 
89 43 37 95 58 
102 73 74 43 176 
9 59 65 95 45 
47 30 45 36 76 
26 95 29 34 143 
56 25 21 24 136 
78 28 14 80 195 
64 88 29 71 32 
100 55 52 45 169 
80 72 66 10 89 
86 32 50 85 95 
96 16 6 25 150 
79 54 52 76 22 
83 46 87 100 121 
62 3 75 21 79 
73 45 86 51 189 
86 61 13 81 170 
49 80 31 34 5 
50 84 7 98 79 
49 4 78 35 5 
35 87 68 51 170 
85 58 31 47 154 
53 32 57 32 182 
20 43 73 93 130 
5 18 54 98 25 
80 98 79 83 187 
70 69 53 49 122 
101 95 64 98 2 
93 51 86 59 103 
19 29 76 9 44 
7 33 86 71 201 
20 35 72 39 13 
89 81 50 55 16 
86 81 10 73 185 
26 81 77 93 149 
56 34 97 48 193 
53 24 73 62 176 
39 85 84 51 86 
68 25 27 93 29 
14 3 32 52 135 
40 21 5 18 197 
28 58 95 98 92 
87 40 26 45 112 
67 10 90 69 143 
3 99 61 31 53 
3 57 87 79 125 
54 4 47 82 116 
33 20 56 66 123 
83 91 87 6 116 
30 102 84 38 100 
6 16 65 82 132 
42 63 76 93 195 
74 73 18 37 189 
86 94 45 88 48 
49 56 26 9 182 
14 14 56 75 198 
3 75 50 31 118 
40 41 67 18 35 
73 46 65 70 181 
11 75 52 14 149 
38 59 97 15 6 
52 92 58 93 108 
30 8 3 96 193 
101 25 89 80 111 
47 29 29 72 108 
4 93 57 21 162 
40 64 45 2 127 
46 80 37 29 17 
50 85 76 65 180 
66 45 71 76 184 
89 88 74 60 59 
10 31 27 63 204 
61 37 39 14 31 
68 66 2 34 104 
23 90 63 73 13 
63 55 66 84 180 
61 23 84 31 190 
54 92 87 74 110 
17 54 76 29 98 
16 48 64 51 46 
2 45 39 25 141 
101 28 3 54 137 
57 67 45 75 85 
40 55 10 21 127 
78 81 30 81 75 
71 16 36 25 188 
17 94 17 62 179 
18 86 61 62 193 
29 92 35 7 201 
51 11 3 88 21 
63 40 45 89 95 
24 17 60 89 3 
86 94 79 62 107 
65 52 85 87 52 
56 96 50 27 74 
88 48 25 83 177 
62 15 50 16 65 
79 51 30 16 136 
3 28 73 61 22 
37 14 75 56 72 
101 28 17 63 114 
68 92 20 54 124 
78 94 80 3 84 
73 46 66 31 153 
17 24 71 21 50 
30 25 91 17 3 
76 75 71 48 178 
36 100 89 60 133 
90 33 79 55 185 
11 50 73 21 81 
93 50 46 81 43 
80 58 98 39 57 
45 3 5 53 177 
5 25 34 16 16 
75 59 8 66 178 
86 47 18 31 32 
82 54 72 78 22 
27 31 92 27 21 
80 4 52 33 45 
89 30 28 69 179 
88 18 59 14 136 
36 45 81 94 76 
34 42 70 24 97 
93 33 30 43 127 
75 35 9 6 61 
73 9 77 45 3 
58 22 51 43 60 
66 97 60 11 155 
84 52 100 91 158 
39 36 29 86 63 
58 2 87 7 31 
55 11 55 85 194 
29 70 38 94 165 
15 93 29 96 170 
98 74 20 67 162 
26 38 20 29 188 
39 81 93 15 91 
58 37 47 28 156 
57 45 78 16 100 
16 15 8 10 132 
48 9 36 3 72 
86 84 21 28 185 
19 93 28 92 119 
50 79 25 50 52 
80 48 2 20 60 
55 99 6 19 133 
12 32 12 65 94 
32 48 92 80 124 
76 18 21 38 121 
65 19 87 58 2 
39 92 60 85 177 
102 9 18 74 167 
89 80 4 62 164 
89 83 65 47 60 
5 89 47 89 104 
64 29 67 61 134 
37 13 50 19 58 
22 73 29 78 94 
25 32 20 98 149 
98 15 61 57 146 
84 56 42 30 199 
53 47 73 35 52 
75 44 59 9 96 
78 32 87 35 123 
18 56 89 101 14 
75 70 51 16 112 
50 71 11 89 171 
83 73 22 21 158 
78 2 96 53 150 
82 75 14 52 198 
68 30 28 97 113 
29 69 43 24 52 
84 98 59 80 156 
6 35 72 25 134 
7 13 68 57 172 
18 62 38 28 54 
2 59 101 19 182 
22 45 16 34 116 
16 31 100 97 194 
81 45 19 76 142 
49 5 91 86 187 
57 64 73 13 81 
69 33 17 98 51 
28 99 42 91 115 
63 22 40 68 107 
78 14 74 62 12 
75 45 64 59 160 
100 70 16 28 71 
61 74 5 95 182 
84 16 4 72 142 
84 5 30 20 18 
30 67 25 34 33 
44 92 12 8 135 
26 72 60 20 56 
60 85 16 57 199 
91 19 46 80 143 
64 13 3 93 48 
72 18 45 51 105 
34 47 84 12 187 
71 64 98 30 133 
14 58 86 46 24 
101 92 75 23 40 
13 23 47 64 110 
34 91 21 85 196 
10 29 12 69 193 
15 3 5 65 60 
29 23 19 15 119 
8 29 60 82 50 
82 45 24 32 83 
13 102 22 59 123 
82 45 15 34 117 
87 48 19 51 200 
100 88 12 94 188 
92 6 34 7 97 
7 33 41 61 34 
68 7 82 29 170 
15 84 48 5 101 
86 10 87 58 148 
63 12 11 84 55 
96 35 32 40 104 
9 70 17 12 113 
51 6 56 18 186 
83 68 92 68 173 
18 42 9 45 18 
84 21 79 34 177 
97 25 59 35 47 
35 77 44 78 156 
48 69 39 50 3 
82 56 71 67 187 
97 22 45 99 22 
56 28 88 32 140 
90 93 84 25 124 
28 49 22 96 120 
7 26 16 92 81 
51 5 61 45 58 
30 52 14 43 188 
77 82 61 25 140 
9 91 14 10 181 
57 86 15 90 153 
35 36 77 8 176 
73 8 55 60 124 
52 69 46 5 83 
39 81 44 33 175 
48 90 99 27 105 
19 14 8 3 173 
67 92 73 70 193 
96 77 8 57 45 
70 28 3 65 39 
42 47 11 70 106 
77 45 84 4 59 
47 39 52 57 143 
61 3 55 75 195 
62 98 77 10 96 
64 76 89 12 37 
22 88 37 9 24 
73 5 40 51 21 
24 11 71 42 102 
59 27 52 87 129 
70 76 30 69 119 
47 72 3 23 183 
4 58 73 87 19 
61 4 45 47 201 
58 65 5 66 150 
53 28 38 60 182 
39 25 4 49 103 
48 60 69 51 135 
4 3 18 61 17 
69 39 86 33 185 
57 84 8 89 16 
7 73 66 96 15 
20 36 45 34 109 
81 56 26 37 129 
