2 1
300
31 6 134 
88 75 136 
67 20 189 
34 35 59 
66 19 126 
17 71 146 
37 6 190 
10 56 122 
34 90 16 
99 13 80 
19 5 47 
99 31 88 
81 28 142 
96 93 54 
101 13 93 
8 56 30 
45 34 99 
12 57 84 
77 23 104 
8 56 173 
61 70 16 
56 17 63 
8 70 180 
21 38 89 
4 43 28 
69 11 89 
16 28 71 
95 57 162 
92 9 100 
84 24 18 
94 75 147 
86 37 48 
21 47 195 
17 2 176 
28 26 196 
7 10 30 
30 9 26 
9 94 60 
53 68 29 
30 66 19 
84 26 94 
82 28 128 
73 20 16 
93 50 131 
49 101 54 
50 70 64 
85 87 203 
37 56 32 
98 87 167 
45 36 141 
11 93 167 
89 36 156 
43 47 199 
35 36 184 
9 39 121 
50 62 190 
5 4 199 
85 47 160 
11 49 143 
33 86 86 
83 30 172 
40 84 117 
84 62 134 
51 10 48 
35 51 105 
11 30 37 
58 50 52 
91 42 66 
73 28 96 
5 80 177 
8 12 125 
58 55 14 
8 71 114 
4 68 3 
30 56 194 
77 52 194 
29 102 40 
54 77 77 
19 94 179 
55 69 114 
12 81 167 
80 45 199 
64 79 198 
47 6 121 
64 56 166 
26 63 177 
39 98 155 
53 78 161 
70 56 73 
26 41 125 
20 55 7 
102 93 179 
21 51 23 
99 15 151 
100 84 196 
62 93 44 
58 94 64 
3 18 144 
82 61 8 
5 13 182 
64 40 77 
38 29 103 
59 64 128 
96 8 26 
78 41 170 
4 55 191 
85 10 130 
16 70 97 
32 19 78 
34 22 67 
87 18 81 
23 37 154 
38 64 114 
48 6 60 
60 64 177 
21 27 157 
89 80 14 
11 22 8 
28 50 143 
92 8 22 
15 27 86 
32 11 183 
75 57 11 
10 68 186 
40 39 10 
36 58 14 
62 13 187 
63 47 88 
29 78 196 
38 98 178 
8 48 116 
48 35 162 
89 30 110 
99 48 145 
74 82 26 
17 73 170 
101 93 188 
66 32 194 
20 54 164 
101 6 69 
96 39 121 
19 4 42 
37 94 10 
27 49 58 
55 65 133 
23 91 133 
33 13 11 
15 40 10 
97 44 34 
64 30 166 
101 90 52 
23 5 21 
14 57 159 
94 83 161 
81 75 92 
66 13 137 
32 99 129 
17 71 188 
31 83 202 
57 24 123 
6 75 132 
25 28 121 
5 34 124 
58 11 71 
89 41 65 
28 36 132 
62 33 65 
51 34 64 
20 86 41 
34 94 46 
12 59 68 
20 90 17 
16 59 97 
87 63 162 
9 76 179 
31 30 62 
63 5 99 
37 97 186 
31 57 85 
36 6 87 
42 73 83 
41 47 108 
4 72 105 
25 13 158 
19 76 144 
54 44 119 
45 92 116 
92 73 182 
76 77 127 
43 91 68 
68 82 107 
7 48 184 
41 70 60 
37 29 119 
81 40 187 
73 20 43 
23 79 27 
86 93 31 
88 52 203 
53 67 144 
92 62 165 
20 59 64 
27 14 60 
82 15 153 
31 10 129 
100 13 70 
99 5 117 
43 23 26 
22 85 182 
40 21 196 
93 90 8 
60 47 137 
79 63 164 
63 48 15 
94 42 132 
40 56 171 
54 90 82 
68 56 127 
15 51 82 
71 100 153 
43 89 190 
35 92 51 
74 73 129 
98 23 101 
55 38 117 
53 52 165 
49 84 59 
8 88 64 
58 27 72 
43 47 195 
29 10 131 
8 22 121 
15 61 104 
42 68 170 
23 58 138 
92 15 37 
7 65 203 
61 24 32 
48 38 5 
64 79 134 
92 33 55 
69 71 28 
87 49 36 
100 39 185 
32 9 35 
47 87 63 
66 68 26 
19 38 168 
98 70 176 
51 61 171 
59 53 168 
87 52 73 
59 56 177 
57 7 134 
3 8 53 
11 31 31 
101 3 105 
73 100 23 
55 74 193 
46 73 4 
28 39 180 
35 43 176 
10 47 117 
83 90 64 
46 11 126 
49 19 62 
59 89 82 
74 52 119 
35 88 109 
74 34 160 
43 15 170 
88 30 139 
79 70 134 
41 2 171 
59 19 30 
22 29 182 
51 9 114 
67 90 170 
63 56 177 
32 2 113 
35 38 28 
81 42 153 
50 60 166 
96 71 101 
67 20 178 
58 17 68 
46 15 121 
66 25 53 
25 78 53 
102 26 151 
83 49 139 
12 8 131 
73 81 157 
41 74 142 
10 57 77 
9 102 144 
98 7 82 
56 88 178 
98 72 28 
90 58 132 
