8 1
300
10 20 31 96 97 77 59 52 122 
65 84 46 81 82 102 94 75 123 
17 29 64 20 21 62 92 4 145 
56 70 22 68 26 58 49 58 23 
28 84 12 9 70 12 85 87 194 
99 15 9 95 20 83 24 78 179 
79 92 101 71 6 95 6 5 168 
41 100 59 90 34 26 92 68 186 
52 9 62 54 37 37 67 96 181 
66 63 51 41 46 50 70 72 136 
14 59 80 19 6 67 29 45 178 
40 11 83 84 5 54 92 74 142 
30 27 56 66 6 12 7 41 86 
35 2 56 11 22 64 60 80 20 
16 35 5 97 27 94 49 29 174 
10 84 60 99 51 74 81 42 92 
14 50 55 69 15 66 26 97 90 
36 31 90 20 26 27 46 78 82 
68 36 2 64 19 79 28 99 118 
85 37 53 84 33 82 20 48 63 
57 49 22 41 73 32 51 16 201 
99 92 60 35 56 75 35 15 14 
47 52 33 78 44 18 9 43 122 
95 54 100 10 3 81 97 90 61 
21 29 65 72 15 5 80 31 16 
102 52 84 79 51 20 76 75 195 
101 81 7 6 34 32 73 58 127 
3 91 91 81 40 67 46 15 176 
45 77 39 30 100 15 11 10 185 
79 18 5 82 36 30 85 97 21 
26 17 97 35 101 59 43 80 84 
20 22 14 18 35 38 34 33 200 
60 73 83 95 97 26 42 95 84 
61 22 57 63 98 45 58 22 200 
93 13 78 82 90 23 74 93 178 
81 63 84 69 51 4 32 27 52 
30 34 22 73 95 8 19 83 117 
88 59 27 71 62 15 40 42 44 
25 80 85 62 23 6 39 62 67 
60 94 74 54 33 73 20 30 180 
80 22 20 72 65 8 65 88 71 
65 13 3 71 31 10 84 9 96 
44 70 13 18 36 35 75 61 182 
87 35 28 56 52 34 27 62 42 
5 54 17 79 99 36 72 76 103 
33 91 65 66 72 26 26 79 122 
79 64 89 87 99 6 19 80 109 
10 11 62 71 46 71 90 81 113 
33 67 74 79 48 62 85 44 143 
28 24 65 3 32 75 75 50 201 
35 20 57 13 61 20 83 64 134 
91 65 47 96 77 94 71 95 26 
90 2 17 29 4 57 37 93 116 
92 9 81 89 98 98 73 57 125 
101 22 8 55 98 86 96 95 161 
27 34 49 73 34 39 64 87 98 
85 8 18 2 79 70 64 92 113 
89 4 69 51 25 22 33 72 149 
8 36 6 33 35 11 79 12 120 
12 21 77 44 27 13 51 90 101 
47 101 46 40 94 8 31 9 186 
14 78 12 29 42 64 66 58 104 
45 54 75 9 25 68 12 54 146 
82 46 79 58 2 37 73 88 145 
31 70 45 100 4 28 20 67 72 
51 85 81 15 80 72 62 7 75 
78 40 78 79 30 42 37 51 130 
16 58 78 76 58 56 93 36 179 
10 47 51 49 91 61 34 62 141 
94 70 68 9 98 97 101 97 100 
97 54 42 5 66 56 64 6 20 
61 77 29 27 23 46 84 54 124 
89 31 51 19 47 70 73 45 165 
99 9 61 83 78 63 8 99 168 
49 7 84 98 87 87 52 75 176 
43 69 49 24 27 46 36 14 136 
101 80 9 74 34 23 75 67 199 
52 80 101 68 21 26 64 37 98 
81 93 46 66 69 74 84 32 156 
36 77 84 17 49 66 97 8 41 
77 77 74 63 25 22 89 2 195 
89 77 49 24 62 92 98 58 44 
25 37 12 37 93 5 47 41 183 
18 36 33 37 73 15 7 89 123 
77 20 70 26 79 69 79 97 112 
31 13 17 93 21 93 45 74 146 
11 42 86 71 18 85 32 74 135 
66 54 6 36 19 75 33 23 78 
54 101 60 45 61 98 50 18 58 
77 27 17 43 95 101 44 98 97 
78 8 4 87 96 7 4 15 89 
53 97 96 44 63 100 55 92 150 
15 69 83 90 23 102 58 57 97 
53 26 61 6 95 24 28 57 32 
37 69 7 55 43 48 55 100 45 
36 35 66 19 89 4 28 30 61 
68 90 87 4 31 41 60 53 182 
86 48 4 74 18 8 85 20 48 
71 62 28 37 37 26 80 24 48 
85 36 38 59 81 66 95 62 138 
32 35 40 68 96 92 59 71 105 
21 63 19 60 36 72 81 59 139 
5 33 55 63 26 9 18 77 37 
55 29 70 40 82 57 41 55 173 
87 4 68 38 80 68 74 61 125 
8 27 2 69 79 24 98 91 62 
16 71 11 33 52 21 75 6 87 
86 83 83 64 21 82 87 97 113 
4 70 55 89 91 67 48 12 104 
19 88 52 48 44 93 27 26 173 
78 56 54 49 65 76 26 91 159 
81 46 8 22 84 85 69 97 45 
79 30 82 46 86 42 70 58 38 
94 39 42 93 38 97 98 11 84 
5 57 7 81 65 2 89 69 136 
47 99 7 69 81 49 71 51 197 
7 34 72 14 81 9 58 34 106 
40 91 9 13 26 74 44 66 83 
18 100 67 82 59 19 76 26 121 
15 26 60 95 23 90 100 93 159 
73 93 78 100 26 33 51 52 160 
61 36 75 34 28 17 9 55 104 
34 27 77 54 40 57 50 44 17 
95 47 70 22 14 35 97 73 150 
66 20 76 36 33 9 41 17 182 
87 83 101 45 88 70 39 69 135 
5 21 54 23 53 83 25 58 11 
12 41 24 43 39 57 44 45 74 
78 100 96 70 15 26 68 64 125 
11 52 61 2 84 47 69 94 107 
23 46 69 95 13 77 4 31 154 
69 47 46 46 3 45 34 63 140 
74 37 8 30 57 90 22 16 13 
47 12 59 79 76 47 5 23 203 
70 85 89 21 68 86 51 101 38 
19 67 51 19 70 24 79 97 118 
48 95 91 81 75 98 72 59 40 
20 92 72 100 43 82 45 66 158 
83 54 71 23 82 58 72 5 102 
58 30 45 37 102 81 90 59 59 
13 92 13 93 52 11 68 33 20 
49 21 26 71 76 6 46 98 88 
90 27 15 35 10 71 49 15 60 
78 85 92 93 12 86 54 34 152 
69 92 5 62 58 51 49 25 173 
27 89 57 41 93 6 39 102 67 
17 79 83 44 46 39 82 92 99 
21 58 11 42 19 43 32 80 14 
42 30 71 66 89 87 87 24 54 
76 39 93 88 57 13 54 38 113 
95 27 48 68 82 68 3 30 137 
78 87 72 15 11 15 100 98 146 
65 53 93 98 59 24 13 9 108 
59 34 4 100 91 83 88 39 109 
62 76 51 5 66 61 21 11 78 
58 62 30 80 90 60 41 91 173 
66 99 70 26 57 75 16 46 195 
67 80 98 91 29 74 63 40 47 
25 61 90 34 79 50 87 57 96 
26 81 47 45 60 101 98 24 82 
87 38 21 77 92 22 65 56 64 
43 69 35 58 19 52 38 19 62 
99 34 22 22 41 3 29 92 134 
53 24 22 99 94 8 35 78 7 
6 49 72 70 71 25 19 45 179 
15 70 63 97 10 44 72 102 183 
22 67 99 20 50 102 57 14 67 
13 47 77 29 25 43 49 34 142 
62 31 65 99 5 98 15 16 46 
6 58 16 80 29 95 18 15 25 
8 88 101 72 16 59 93 8 201 
15 88 47 22 50 78 74 12 145 
28 25 64 3 7 37 80 53 116 
20 35 20 84 13 13 32 43 95 
73 92 17 9 8 99 100 2 58 
79 86 10 40 8 19 24 92 183 
52 7 83 66 94 65 2 74 149 
82 32 77 36 92 9 31 4 42 
58 21 20 67 5 7 9 3 137 
50 82 30 3 62 23 23 83 75 
68 9 100 54 9 35 26 20 144 
55 45 96 3 11 6 99 68 145 
74 87 5 78 59 93 98 54 188 
47 81 72 55 15 11 73 66 194 
23 5 14 86 42 87 36 56 119 
75 49 74 25 5 96 53 52 196 
35 92 52 9 58 57 43 81 79 
2 102 32 87 32 47 11 78 129 
60 89 46 19 43 5 35 25 12 
23 24 78 78 5 65 15 39 152 
47 16 49 60 45 63 49 36 111 
30 90 19 29 16 29 33 94 128 
54 18 50 49 77 35 52 23 119 
64 27 99 69 74 95 73 66 127 
18 3 46 85 72 9 51 7 74 
90 96 9 51 47 12 3 63 45 
28 101 41 15 10 25 5 87 21 
59 62 17 26 58 53 67 17 187 
20 70 48 43 100 72 100 64 56 
53 15 82 89 68 13 74 47 133 
25 5 95 23 82 87 100 94 92 
22 66 40 58 86 32 21 84 190 
77 87 3 72 17 48 98 55 148 
32 72 96 7 54 13 88 44 26 
101 99 91 63 45 8 27 80 199 
91 96 32 52 70 86 20 98 123 
66 55 89 49 27 29 15 70 46 
53 17 14 29 72 43 20 22 174 
6 16 44 96 47 39 50 9 120 
45 82 4 12 89 58 53 24 182 
26 54 74 63 51 77 86 76 129 
88 64 26 91 34 49 101 16 168 
20 72 10 52 101 20 71 72 180 
22 42 30 58 78 51 54 96 141 
15 45 68 69 12 72 77 65 93 
36 56 50 57 13 75 76 35 106 
83 76 55 57 95 80 89 67 71 
36 31 89 78 39 40 80 88 145 
19 53 62 40 77 38 74 37 35 
42 67 31 57 85 44 99 73 41 
18 60 52 89 81 47 38 42 70 
61 60 19 13 78 27 5 59 167 
93 45 101 19 85 60 64 50 203 
7 82 49 46 81 68 20 64 60 
23 31 74 17 4 37 5 16 156 
101 31 90 6 54 28 63 8 59 
22 101 77 94 27 34 47 34 124 
89 17 82 53 94 16 98 84 58 
12 78 43 66 16 71 84 65 40 
13 3 29 23 85 75 40 100 129 
56 30 6 42 72 72 76 18 202 
99 50 39 76 10 72 100 53 62 
89 58 87 8 13 64 15 36 64 
35 68 33 9 15 96 54 44 110 
25 71 9 73 92 100 72 87 33 
84 39 95 59 25 34 45 53 88 
79 50 20 44 29 37 41 43 103 
70 92 37 45 24 68 19 77 167 
25 17 68 89 38 28 49 33 198 
40 78 45 101 65 64 53 76 193 
38 83 44 73 34 51 50 5 193 
82 42 17 29 42 50 52 22 74 
78 92 14 94 97 99 41 3 132 
9 71 29 75 93 50 73 83 192 
42 54 85 19 41 35 33 68 185 
84 13 38 97 51 45 28 77 171 
85 46 88 47 35 33 86 43 70 
70 10 50 68 58 61 56 12 140 
54 61 54 81 63 31 8 58 183 
30 14 22 86 48 18 66 90 77 
10 97 21 54 35 99 101 65 121 
44 18 57 80 44 40 76 76 34 
34 6 85 59 41 78 44 58 62 
16 86 63 34 4 69 24 47 33 
51 2 28 56 81 100 72 66 84 
36 52 72 84 12 75 2 34 173 
56 53 58 45 12 79 70 88 163 
99 12 16 90 58 98 25 27 150 
92 80 26 87 89 77 38 10 13 
62 34 76 91 34 72 85 69 192 
61 8 92 51 88 96 20 75 111 
29 48 96 76 61 87 101 12 111 
62 71 67 83 10 5 73 10 112 
8 10 80 46 7 91 4 66 42 
86 43 94 33 70 16 23 11 127 
13 88 74 91 92 24 18 24 201 
31 79 100 89 79 80 41 14 132 
78 85 43 8 74 97 67 17 141 
64 32 3 53 62 101 43 62 47 
84 19 21 58 30 85 92 75 177 
24 98 66 15 93 58 51 47 54 
23 7 16 80 26 76 55 56 189 
99 80 19 101 48 19 58 60 194 
48 22 58 60 17 101 10 45 41 
7 51 41 47 3 17 75 22 113 
11 6 95 47 5 76 93 95 193 
71 25 52 49 59 36 63 6 54 
72 65 92 17 71 83 57 50 13 
56 54 79 5 28 28 64 49 110 
4 3 19 84 69 24 6 41 43 
71 60 93 7 86 100 91 6 117 
67 96 37 13 92 56 70 39 84 
20 69 99 26 87 12 82 61 8 
11 90 98 70 12 33 63 88 185 
16 50 70 81 16 24 71 100 110 
21 93 13 65 16 32 84 89 148 
25 47 75 83 27 27 97 82 34 
63 99 86 6 52 5 66 56 181 
75 40 55 77 57 89 59 63 138 
93 48 76 68 88 25 61 40 85 
19 35 25 45 86 35 8 10 3 
71 17 43 10 101 62 43 11 100 
21 50 92 88 26 66 60 5 72 
44 97 13 62 48 14 64 49 44 
68 32 56 22 71 49 89 89 96 
28 85 49 16 26 79 77 41 183 
53 33 11 61 87 83 101 67 28 
91 11 71 31 48 54 41 78 162 
96 101 82 46 101 39 19 33 43 
90 30 73 36 87 8 25 13 33 
