6 1
300
18 97 13 23 11 84 70 
81 82 49 10 56 44 51 
95 65 40 71 21 13 13 
5 38 50 23 53 70 190 
42 61 48 47 89 16 104 
32 53 87 43 61 35 53 
82 89 74 99 81 55 155 
81 17 71 5 22 51 28 
61 65 101 61 16 43 80 
22 3 65 69 30 76 128 
14 54 30 61 80 82 47 
51 78 27 74 16 19 125 
46 79 45 69 67 40 145 
90 88 84 47 94 89 123 
87 12 32 53 81 15 137 
65 43 46 44 71 92 23 
89 77 89 2 26 80 157 
26 22 2 65 38 94 52 
68 48 16 88 95 64 130 
68 97 22 37 6 96 165 
38 101 26 98 49 63 2 
13 97 47 71 11 86 125 
92 32 91 45 24 44 198 
97 31 59 78 30 49 46 
82 69 67 22 86 98 182 
23 78 69 91 33 27 112 
53 71 19 87 81 5 156 
67 34 94 85 54 85 84 
72 70 22 22 16 81 66 
30 82 51 27 89 74 142 
56 23 56 93 20 45 91 
63 42 93 51 46 48 32 
37 76 39 34 15 50 105 
10 50 71 19 48 25 47 
91 70 62 93 32 9 24 
12 40 94 36 43 99 20 
30 30 72 72 35 19 190 
8 14 95 76 26 20 95 
76 87 76 74 21 24 146 
74 34 60 16 41 6 52 
38 47 100 74 53 44 164 
22 101 49 15 8 31 171 
57 69 19 9 91 67 76 
55 20 64 23 77 40 114 
98 15 58 96 15 70 143 
69 96 4 74 78 68 111 
88 29 61 15 95 90 36 
66 43 9 52 41 90 170 
29 38 53 78 6 26 49 
88 93 21 95 63 16 179 
75 17 36 14 101 85 138 
94 6 10 85 52 41 67 
74 51 46 77 82 88 85 
60 53 98 74 44 33 203 
38 42 22 34 76 31 186 
28 75 40 42 7 18 72 
34 45 96 56 88 93 31 
44 76 20 83 30 49 32 
65 40 42 59 54 70 115 
66 90 53 79 11 43 94 
78 9 36 77 72 8 54 
11 4 21 58 42 87 192 
68 4 53 48 84 78 129 
37 100 86 55 50 81 140 
57 45 79 79 52 71 135 
70 86 8 59 43 91 112 
38 23 3 15 85 64 200 
88 102 33 29 66 85 84 
11 53 24 24 29 59 111 
61 44 81 91 18 30 200 
20 47 91 44 89 10 203 
78 85 42 68 19 72 141 
45 48 52 88 88 27 120 
35 86 38 16 34 2 157 
81 23 25 68 35 2 139 
56 44 87 79 76 43 68 
70 83 58 11 89 87 34 
98 32 6 33 5 42 173 
63 55 30 57 10 25 199 
64 19 101 86 72 3 182 
6 67 10 13 86 28 134 
5 81 6 47 17 63 170 
94 22 38 32 62 86 190 
91 59 24 68 20 37 15 
66 59 27 18 86 28 187 
67 97 21 22 16 21 120 
76 25 12 95 64 16 144 
100 65 56 12 19 98 33 
9 88 47 67 92 61 80 
24 81 31 33 36 94 56 
27 19 12 48 66 36 32 
36 14 76 58 23 38 136 
96 73 8 69 32 78 118 
11 77 56 26 62 22 107 
46 84 64 30 25 46 149 
49 45 66 55 64 3 150 
77 73 11 71 25 74 58 
10 24 66 6 17 71 34 
44 58 25 6 16 65 183 
32 14 31 101 95 96 98 
30 45 16 70 78 86 70 
6 47 57 39 50 26 77 
62 99 25 9 77 59 11 
89 43 50 50 40 86 93 
61 83 73 33 81 82 163 
81 52 38 42 87 84 80 
13 70 70 69 41 54 144 
17 7 93 20 38 45 84 
4 68 23 40 2 91 93 
67 86 8 71 46 59 164 
49 89 70 92 77 68 156 
75 83 83 101 34 77 90 
77 81 15 44 39 41 159 
87 17 4 86 95 95 96 
86 64 99 97 97 92 139 
20 26 30 63 79 67 60 
87 42 41 71 16 3 182 
7 95 29 8 21 5 128 
74 68 8 84 75 32 181 
21 86 6 38 87 78 118 
57 87 83 63 76 51 204 
78 65 18 81 94 59 162 
70 72 91 78 89 7 94 
60 24 82 6 37 42 134 
58 37 34 31 27 34 102 
10 49 48 46 56 65 197 
5 92 4 83 75 11 105 
16 17 62 100 73 14 199 
65 3 58 42 10 37 41 
30 86 53 69 28 32 123 
25 45 34 35 44 51 114 
34 79 25 64 33 16 87 
22 74 33 56 22 54 93 
48 91 7 48 30 79 152 
8 54 16 49 81 93 185 
74 30 67 30 65 44 64 
25 35 79 79 22 79 20 
14 22 14 8 80 17 158 
56 30 90 16 74 83 55 
28 11 17 54 25 54 97 
46 68 28 59 12 16 47 
59 29 70 10 102 68 193 
34 4 43 3 78 15 40 
2 79 16 93 63 6 199 
25 64 27 99 27 63 138 
55 88 51 71 2 57 198 
2 22 9 74 17 34 191 
9 76 53 49 41 31 91 
91 14 68 50 12 27 69 
67 45 13 76 6 29 161 
18 94 34 78 60 24 203 
59 10 20 48 74 6 35 
90 77 52 89 35 25 131 
76 85 22 92 32 66 74 
79 98 100 13 7 17 187 
84 21 73 83 9 47 67 
6 50 4 40 23 19 157 
70 63 90 73 6 17 86 
11 14 88 30 60 66 164 
14 23 37 69 91 27 14 
58 81 8 28 80 34 143 
37 20 54 12 49 61 20 
37 12 42 3 2 52 149 
9 87 55 51 82 54 189 
29 69 72 34 94 73 27 
84 84 47 28 85 74 152 
96 36 20 13 7 74 157 
12 98 69 91 77 35 102 
96 55 79 100 82 79 18 
53 84 80 57 90 99 110 
31 96 77 20 80 101 27 
54 37 40 77 82 18 36 
74 5 45 19 39 65 180 
31 70 30 4 97 68 89 
54 42 58 19 77 25 167 
3 94 73 99 36 39 87 
20 41 25 2 64 93 162 
80 37 40 53 36 68 204 
28 49 17 85 34 72 2 
97 84 60 7 95 37 144 
13 74 22 5 28 48 23 
32 7 4 35 78 66 150 
7 21 68 43 59 84 154 
48 58 16 4 69 44 50 
58 67 97 71 57 11 138 
65 20 50 10 22 91 196 
44 15 52 59 8 29 183 
66 94 66 37 55 97 134 
18 8 3 61 6 89 151 
42 9 66 22 56 8 87 
3 21 36 40 94 81 10 
45 66 48 63 17 36 189 
75 34 36 4 16 4 96 
14 49 51 18 5 25 5 
8 88 38 54 22 49 129 
75 32 99 63 18 63 150 
44 57 100 91 55 83 137 
77 32 20 42 7 97 182 
74 87 24 92 58 5 76 
80 11 12 97 89 32 3 
4 38 43 100 42 75 144 
94 53 29 52 44 36 64 
58 20 13 17 54 76 4 
47 77 74 61 61 39 130 
48 90 95 68 54 68 151 
96 79 44 67 24 21 164 
35 97 42 17 70 8 48 
93 100 82 37 58 101 115 
63 71 41 83 39 9 94 
65 36 86 92 70 59 126 
43 71 52 32 57 23 26 
82 34 46 92 32 43 113 
92 15 33 98 69 20 69 
10 5 85 87 14 37 143 
63 57 27 3 52 63 105 
31 32 7 2 81 46 165 
39 96 93 8 68 93 151 
22 56 96 3 41 30 67 
68 69 46 45 88 44 41 
79 22 92 83 82 6 125 
86 27 98 90 76 55 145 
11 94 81 48 46 98 85 
3 33 102 13 35 20 128 
64 63 59 95 4 63 124 
77 4 28 88 89 15 76 
30 100 15 67 78 64 118 
77 67 100 44 48 80 154 
91 92 72 49 88 100 45 
66 41 98 74 93 12 71 
93 55 62 59 86 6 149 
34 89 47 59 59 7 179 
97 61 52 58 85 87 176 
13 58 41 3 16 17 131 
62 19 96 86 53 25 172 
14 40 87 64 76 5 115 
5 27 91 31 95 36 141 
81 48 18 10 27 50 162 
99 22 58 72 91 11 149 
72 54 75 7 84 5 170 
23 67 96 11 84 32 18 
33 52 75 23 84 97 165 
73 80 78 28 78 7 32 
20 32 94 87 96 86 70 
75 18 25 13 32 88 119 
83 23 101 45 20 73 136 
72 85 50 9 16 94 200 
76 99 81 8 100 70 9 
37 4 26 91 49 76 120 
36 51 12 53 11 25 186 
59 80 86 60 36 51 98 
48 46 80 82 94 37 202 
22 46 7 34 19 56 93 
21 77 56 73 99 10 75 
36 41 58 6 71 9 36 
21 98 50 66 22 58 182 
60 48 10 57 41 61 30 
7 6 21 94 71 48 78 
5 31 89 39 43 14 27 
7 24 78 24 30 84 4 
50 59 70 100 100 58 125 
31 48 18 60 50 24 60 
37 39 15 2 64 81 35 
68 63 29 81 46 79 109 
26 35 34 13 79 15 117 
49 53 96 73 92 79 151 
86 73 81 95 91 85 145 
87 65 24 68 5 87 168 
98 43 21 56 81 10 13 
15 86 49 73 11 74 179 
88 20 32 74 5 44 169 
92 50 88 57 95 84 79 
72 12 46 77 31 77 104 
11 77 19 13 71 70 145 
89 34 24 82 14 85 202 
47 94 97 2 44 102 14 
95 35 101 88 28 69 89 
75 5 98 82 99 39 158 
45 15 63 36 76 13 9 
18 67 77 84 101 41 52 
20 52 77 89 77 47 35 
45 20 27 45 3 30 30 
31 27 2 17 48 24 5 
81 36 68 70 90 5 157 
70 26 6 28 30 20 113 
55 24 96 23 94 63 3 
97 38 93 75 86 91 178 
41 76 69 56 20 25 80 
18 10 21 89 44 42 152 
96 24 19 75 12 61 156 
6 9 95 55 63 3 174 
100 78 97 7 15 91 60 
52 39 75 12 97 19 77 
15 77 36 53 23 28 3 
16 76 2 76 33 13 74 
70 76 2 59 25 56 39 
35 26 85 31 52 48 92 
87 47 65 17 44 41 185 
34 61 5 42 77 87 171 
4 96 32 84 80 95 168 
65 74 55 74 65 21 165 
