6 1
300
9 69 99 73 31 48 191 
102 6 96 53 27 77 96 
15 92 68 48 101 67 2 
53 43 51 52 89 83 4 
28 10 9 44 89 84 71 
30 51 102 4 7 88 25 
17 12 16 18 75 29 43 
79 95 86 30 38 61 116 
28 50 23 45 67 94 151 
97 89 11 39 95 14 175 
43 68 46 96 81 91 74 
33 37 37 15 56 83 102 
17 26 16 54 26 80 6 
3 81 61 42 95 40 42 
25 8 80 82 17 37 75 
29 41 36 58 72 23 193 
15 88 32 13 14 26 164 
65 97 88 71 36 85 82 
89 88 56 88 53 18 18 
31 58 35 41 48 15 181 
86 82 97 56 59 9 179 
95 31 31 83 15 42 124 
13 95 13 82 53 98 83 
56 82 72 21 7 89 172 
31 99 73 68 13 93 162 
17 93 18 79 78 54 190 
59 27 7 39 78 50 39 
66 23 61 96 19 50 63 
3 27 37 55 22 5 131 
34 60 18 5 50 83 196 
4 97 5 77 47 49 199 
57 67 84 31 41 68 135 
78 14 73 96 45 51 30 
68 83 27 58 50 31 52 
69 91 37 30 68 24 126 
28 58 21 74 3 35 95 
62 55 26 83 39 100 115 
48 46 11 7 34 84 76 
16 81 21 99 20 75 179 
78 49 3 75 46 6 102 
59 54 24 44 18 70 14 
30 3 77 13 33 71 45 
47 28 25 36 42 27 26 
79 2 78 85 62 60 170 
8 25 10 95 96 9 182 
94 89 65 19 16 33 177 
80 46 88 89 6 69 65 
23 80 41 6 82 40 162 
54 48 61 57 12 25 46 
79 69 19 39 64 34 109 
40 62 19 27 96 27 202 
58 92 98 58 94 54 174 
47 71 91 16 71 12 83 
44 6 63 7 10 67 3 
79 70 52 44 36 80 169 
20 24 81 87 15 82 196 
58 65 101 20 72 39 67 
101 30 25 95 24 15 198 
58 58 23 88 63 101 162 
24 48 16 59 76 5 57 
49 13 31 58 31 46 175 
43 65 89 39 30 70 160 
42 29 51 14 67 88 127 
68 60 101 54 84 19 71 
18 87 63 98 36 7 106 
20 95 39 95 72 13 32 
95 36 51 35 32 3 167 
21 68 47 11 19 67 166 
54 32 6 50 29 53 53 
80 28 43 96 65 28 48 
36 13 21 97 76 49 149 
26 52 21 53 18 55 198 
21 18 89 19 42 73 134 
66 35 47 45 62 92 33 
10 10 41 69 77 61 174 
56 28 16 44 20 11 59 
81 87 98 13 101 30 121 
12 56 78 25 58 59 144 
80 76 55 16 59 59 36 
45 82 86 43 96 14 133 
91 75 77 24 64 39 172 
51 51 34 63 64 59 198 
56 65 47 21 4 17 156 
55 63 30 62 53 13 76 
7 15 72 7 18 96 44 
83 3 3 96 22 88 61 
27 23 55 98 3 21 182 
19 41 24 94 99 90 77 
14 49 64 13 28 50 90 
38 64 58 48 64 78 149 
64 46 27 83 31 49 58 
43 77 67 53 94 49 179 
75 49 15 20 8 86 142 
56 41 85 97 40 87 180 
60 99 51 40 45 19 114 
97 99 13 71 43 11 145 
74 99 62 36 3 58 129 
17 45 30 59 94 5 16 
8 45 89 92 64 42 169 
80 17 15 51 32 34 160 
53 4 52 67 77 100 168 
43 25 63 40 31 27 90 
56 23 83 53 15 50 183 
56 26 80 81 71 90 193 
84 49 87 72 26 87 131 
43 80 94 19 7 27 132 
22 28 55 35 17 41 49 
96 33 100 19 86 91 197 
80 74 88 8 12 90 123 
78 78 70 8 42 81 29 
45 92 36 10 26 27 71 
100 27 49 57 51 73 179 
18 90 55 42 98 69 129 
8 8 13 97 39 7 91 
52 87 29 76 61 12 104 
44 65 11 62 66 64 163 
49 41 53 63 19 74 123 
90 17 68 47 14 53 77 
85 25 15 89 23 92 99 
42 22 82 92 63 39 151 
26 45 82 34 7 85 122 
69 62 37 22 35 86 128 
73 63 31 49 61 15 121 
42 98 75 45 74 34 15 
21 73 73 58 37 88 131 
73 88 15 9 70 80 34 
65 80 69 90 8 88 142 
60 53 45 4 26 17 172 
49 9 91 35 54 55 99 
91 66 66 100 100 101 203 
78 19 42 93 38 45 157 
20 8 57 68 48 39 125 
22 30 55 13 73 82 51 
81 26 76 18 27 69 153 
16 5 93 10 89 72 169 
36 4 13 90 74 9 60 
2 36 69 8 18 89 140 
38 13 89 29 21 77 197 
95 68 77 13 78 4 10 
6 66 60 61 69 80 175 
28 45 25 101 75 97 161 
92 9 12 11 82 8 161 
94 6 83 70 97 88 86 
38 38 79 98 7 27 198 
72 11 49 50 11 85 22 
70 65 31 48 82 19 7 
61 67 4 98 98 27 25 
62 79 92 75 94 46 183 
9 48 4 69 72 84 43 
101 65 63 73 26 70 50 
43 54 24 17 71 41 159 
73 77 3 11 102 87 22 
34 58 77 19 41 23 126 
19 28 81 11 37 85 123 
4 43 27 74 59 90 41 
27 70 60 25 7 14 76 
74 4 60 73 99 12 136 
9 87 56 87 50 65 50 
28 45 8 36 58 20 142 
35 78 39 45 99 92 17 
90 20 97 36 11 27 93 
27 23 40 40 74 95 193 
58 73 89 11 27 98 201 
27 54 91 51 96 69 80 
28 23 30 102 22 61 40 
70 61 53 41 40 80 5 
25 69 97 86 26 76 158 
7 52 36 74 96 11 129 
68 8 87 16 59 9 202 
101 12 41 54 36 78 180 
14 38 72 90 19 99 6 
86 95 66 72 95 63 44 
74 97 30 28 52 58 5 
55 68 27 82 74 4 50 
59 59 34 92 101 91 189 
15 66 86 79 14 63 167 
14 23 46 66 47 80 58 
17 13 28 86 22 89 121 
72 47 9 47 97 81 57 
39 34 82 96 74 30 120 
33 46 50 41 97 22 84 
47 82 18 29 26 98 87 
48 8 8 80 4 35 89 
21 79 34 19 84 57 155 
90 66 72 75 52 71 173 
69 80 47 27 69 20 52 
67 93 21 73 85 87 186 
29 76 18 72 97 17 27 
68 19 24 14 67 67 117 
18 48 56 76 29 59 160 
30 63 55 37 17 20 111 
88 15 48 102 72 86 127 
93 56 5 57 56 74 4 
63 25 15 4 55 70 100 
48 67 99 58 30 15 202 
14 65 37 82 99 60 165 
6 78 15 98 83 97 53 
93 53 21 75 87 79 136 
40 42 35 64 52 8 83 
50 51 45 44 74 65 160 
93 69 77 59 16 22 118 
49 2 8 74 75 25 111 
16 80 86 45 38 35 152 
25 4 20 49 54 43 114 
29 72 56 11 34 49 2 
86 46 18 73 59 11 187 
42 29 92 79 84 88 71 
73 62 101 38 32 6 141 
67 59 11 64 82 4 42 
33 54 65 43 79 56 62 
36 70 74 81 26 84 169 
77 30 73 72 57 23 114 
12 57 75 5 44 34 40 
88 9 11 79 9 74 21 
76 29 38 7 34 6 78 
94 28 59 7 24 88 184 
32 40 94 27 83 66 43 
99 92 40 36 25 13 98 
63 66 3 20 12 75 4 
3 37 67 25 19 20 39 
31 18 100 22 48 31 117 
70 19 54 28 10 91 158 
39 100 73 12 95 92 63 
65 58 89 14 14 91 59 
5 29 4 65 48 4 140 
76 42 16 79 84 93 191 
49 51 94 5 87 26 131 
39 96 15 26 30 90 135 
62 12 11 36 42 30 132 
92 52 65 63 89 11 131 
60 59 35 13 101 39 35 
10 98 11 30 67 67 136 
35 91 41 20 16 5 30 
32 7 45 44 65 31 116 
101 31 43 100 17 102 162 
38 82 16 31 53 52 107 
17 2 8 77 66 100 118 
63 26 45 75 8 52 59 
55 92 70 38 10 62 20 
69 69 32 52 67 89 197 
11 28 91 65 55 64 32 
6 39 70 101 33 101 79 
7 100 27 11 52 53 171 
93 47 95 45 92 45 100 
35 78 27 101 13 63 106 
100 57 12 55 90 15 99 
54 3 39 80 63 73 126 
71 7 43 17 38 15 40 
82 97 22 65 21 69 146 
64 45 2 22 40 89 17 
45 16 59 64 40 38 79 
47 58 68 31 74 89 131 
72 86 86 76 50 35 38 
61 93 92 71 49 79 185 
60 39 60 24 86 56 54 
93 86 55 101 79 82 74 
41 56 36 49 81 10 186 
60 19 47 93 56 91 171 
26 69 95 93 61 50 178 
22 10 9 89 35 40 162 
2 32 78 72 54 84 43 
39 57 24 69 71 101 203 
22 14 34 33 67 44 138 
19 63 10 21 35 50 41 
48 30 62 48 71 14 119 
89 72 22 3 9 65 177 
14 73 25 92 50 89 204 
98 77 59 70 98 14 171 
71 70 54 22 36 3 185 
30 64 23 102 89 44 69 
45 14 31 59 81 82 13 
92 87 31 86 63 21 104 
55 5 80 75 102 76 37 
4 70 84 75 65 98 171 
10 4 92 63 48 69 109 
65 30 13 20 34 80 162 
85 25 37 75 84 42 153 
61 45 28 90 69 18 84 
45 50 86 18 86 23 167 
84 41 26 18 54 100 184 
77 69 58 70 98 40 40 
48 48 2 83 58 11 101 
62 65 75 80 53 14 41 
82 29 4 49 59 99 4 
85 14 59 31 45 87 172 
78 73 22 73 80 24 199 
3 86 37 30 15 35 48 
78 53 39 3 87 73 195 
42 56 23 41 43 20 128 
37 45 54 15 26 67 171 
94 55 9 75 92 24 161 
45 69 21 46 66 81 16 
63 22 30 59 16 91 74 
19 101 34 39 7 37 136 
42 85 17 91 70 41 171 
99 32 30 97 51 19 198 
90 3 97 78 41 57 151 
26 26 58 11 78 50 155 
56 77 38 88 89 14 7 
86 6 57 98 42 25 130 
