4 1
300
86 94 97 51 182 
19 72 10 86 70 
82 86 88 64 182 
44 67 36 78 203 
55 95 30 57 124 
75 30 30 32 105 
8 69 46 72 152 
93 65 74 49 185 
47 63 31 80 198 
53 15 62 28 82 
98 57 99 98 32 
94 66 42 91 34 
90 45 80 35 59 
15 42 18 90 200 
81 95 89 88 113 
93 66 52 61 21 
62 71 4 93 112 
53 72 50 57 169 
29 25 85 33 6 
4 86 98 52 171 
12 99 74 30 123 
5 70 14 43 50 
30 16 83 81 116 
22 43 89 81 158 
45 95 63 7 145 
59 13 58 86 109 
9 70 2 77 202 
64 99 77 33 107 
85 60 8 33 113 
16 43 6 77 168 
63 99 19 74 84 
20 39 69 59 9 
94 14 30 90 35 
61 15 9 82 191 
25 68 58 29 192 
87 88 31 52 117 
17 9 83 3 188 
13 53 30 36 166 
28 32 20 29 123 
74 32 20 17 195 
3 37 26 83 122 
97 43 93 80 115 
34 10 19 102 180 
87 32 29 98 13 
11 87 75 101 139 
95 51 31 69 47 
56 70 16 56 116 
82 85 3 44 199 
72 62 52 80 102 
20 15 20 41 152 
43 6 24 11 178 
18 64 27 15 137 
48 14 26 58 5 
65 96 64 46 18 
4 32 87 101 74 
50 37 97 51 103 
81 33 91 94 166 
53 48 7 69 85 
20 60 90 77 106 
60 38 96 79 176 
27 53 76 34 148 
14 21 25 76 80 
82 70 78 65 178 
17 25 34 77 105 
19 91 97 5 183 
46 44 12 50 160 
14 44 20 65 53 
30 59 60 22 143 
33 25 33 31 125 
52 84 27 90 75 
36 6 21 28 141 
38 58 73 44 59 
72 12 77 97 56 
40 52 15 40 122 
60 67 14 7 42 
96 60 68 44 81 
64 19 24 13 91 
10 25 94 96 183 
74 87 18 94 204 
24 50 38 4 48 
3 72 89 31 160 
71 95 15 8 153 
80 92 32 5 137 
55 90 66 53 40 
17 59 21 50 179 
75 52 22 7 200 
48 24 66 21 80 
94 31 95 35 153 
17 12 88 21 27 
84 58 15 27 97 
36 86 86 85 17 
45 53 41 43 13 
21 75 10 10 60 
57 28 12 66 153 
26 96 33 78 10 
7 73 102 38 14 
19 39 96 60 131 
64 40 83 14 195 
43 92 54 30 114 
44 4 80 93 117 
57 48 51 53 49 
42 55 10 82 7 
74 53 6 37 181 
85 81 52 46 136 
19 47 100 70 70 
36 44 5 23 127 
6 95 11 81 104 
73 90 46 37 50 
11 32 3 11 50 
92 88 19 41 148 
65 54 36 26 82 
12 49 82 19 182 
100 52 89 20 202 
81 44 27 87 38 
97 37 16 22 117 
89 46 91 47 90 
50 27 66 51 201 
54 60 87 41 83 
26 9 29 48 55 
61 45 86 12 91 
50 63 35 23 158 
31 39 16 69 108 
68 60 38 75 85 
75 88 40 21 97 
23 59 88 46 192 
90 10 70 96 200 
46 62 81 3 196 
89 94 45 73 143 
17 46 20 88 151 
68 74 56 7 109 
75 7 66 65 49 
93 77 90 29 182 
23 71 22 71 20 
8 81 37 79 112 
83 45 69 52 68 
79 42 101 73 59 
19 56 65 43 52 
41 98 17 79 13 
13 6 17 84 101 
47 26 50 80 138 
88 39 78 53 147 
32 40 16 33 96 
53 78 19 101 148 
69 9 81 46 144 
12 66 59 74 89 
79 30 86 3 178 
54 93 24 5 87 
82 80 14 71 194 
2 84 86 33 112 
37 89 18 12 169 
41 48 6 10 118 
24 81 6 10 194 
4 56 16 46 193 
61 57 16 59 188 
91 97 12 51 143 
31 82 29 20 18 
92 13 76 20 100 
8 89 16 48 42 
3 76 6 76 189 
48 70 43 38 194 
83 74 62 20 192 
46 38 57 40 60 
44 55 88 102 12 
93 82 98 97 180 
74 43 70 39 187 
16 92 38 59 50 
63 41 92 25 58 
20 54 58 26 11 
72 35 78 19 159 
50 90 6 71 5 
68 74 48 50 48 
42 6 25 28 163 
56 2 100 16 139 
5 64 65 74 178 
41 26 73 93 38 
41 66 53 61 90 
29 88 69 57 120 
91 95 44 102 179 
16 31 32 47 105 
72 37 65 51 152 
88 26 34 84 128 
44 3 57 32 171 
78 54 66 85 109 
69 36 44 57 162 
12 22 66 87 149 
13 96 29 41 99 
6 3 4 87 119 
4 56 87 95 35 
90 40 14 18 25 
64 67 49 94 171 
38 95 9 72 131 
67 63 49 11 106 
50 76 18 85 163 
76 52 80 27 104 
16 51 52 41 187 
74 11 50 75 25 
48 49 37 58 26 
13 96 35 23 189 
44 8 77 43 140 
15 25 31 38 77 
14 89 24 43 143 
89 45 70 80 189 
59 15 76 100 14 
3 42 62 73 140 
82 19 59 34 20 
9 76 10 73 160 
51 82 13 38 204 
61 26 95 88 53 
70 28 57 31 75 
30 34 80 37 138 
76 65 60 70 117 
96 32 92 34 128 
15 37 99 102 91 
79 4 40 100 98 
79 48 76 47 204 
56 64 31 98 165 
77 98 75 5 11 
87 23 45 81 13 
31 36 63 26 28 
35 31 57 87 121 
29 96 82 90 185 
30 92 15 70 8 
34 3 96 53 178 
18 64 96 98 120 
58 61 61 94 39 
45 87 52 34 137 
27 9 46 39 111 
84 18 87 15 157 
98 10 76 78 150 
30 42 12 38 197 
73 37 62 28 8 
70 36 90 71 99 
45 42 83 4 160 
27 59 60 99 13 
3 79 83 21 128 
50 87 86 21 184 
5 77 16 38 194 
92 49 19 36 177 
49 30 18 67 70 
58 29 75 100 99 
73 84 15 33 196 
97 56 43 66 113 
85 53 71 81 94 
70 28 47 9 180 
80 42 26 13 120 
75 63 18 88 15 
23 14 88 73 40 
23 64 85 42 3 
38 9 56 81 9 
99 61 38 21 133 
32 84 68 11 143 
33 60 4 75 49 
36 40 57 59 70 
73 67 100 62 52 
9 45 7 8 108 
73 88 47 9 127 
16 26 99 23 156 
42 48 79 3 179 
64 62 12 19 136 
100 53 98 47 68 
34 63 78 97 120 
89 79 62 59 201 
47 15 97 13 22 
12 42 37 83 191 
27 90 99 75 128 
49 36 90 42 112 
22 92 2 76 63 
54 50 5 64 183 
65 88 22 5 87 
51 67 101 9 116 
60 19 17 53 16 
45 66 5 34 25 
55 91 22 4 161 
58 15 23 83 118 
63 40 74 94 64 
42 71 96 33 29 
84 37 83 86 197 
5 77 51 69 177 
90 47 73 53 76 
76 68 19 26 177 
38 46 20 52 194 
22 46 25 22 138 
77 72 74 21 60 
20 10 38 8 155 
83 66 55 96 142 
18 69 23 57 116 
76 53 72 46 158 
40 19 33 91 157 
61 54 31 102 26 
19 75 54 24 40 
68 31 14 50 14 
74 93 25 82 162 
55 25 70 66 190 
26 2 30 44 184 
3 79 50 31 36 
31 37 55 84 107 
45 17 101 38 185 
47 41 24 40 11 
50 96 52 11 50 
37 85 67 9 180 
