8 1
300
67 90 17 9 79 16 58 84 135 
56 87 25 95 102 30 28 13 125 
32 76 73 56 12 26 101 25 140 
14 7 18 35 101 47 63 40 36 
46 85 69 3 89 99 90 33 30 
86 77 13 6 19 61 48 62 28 
80 13 80 93 10 56 48 46 158 
52 23 87 80 34 64 13 84 58 
96 31 90 76 68 81 12 17 100 
59 10 90 59 89 41 34 85 57 
41 54 76 15 57 45 22 40 21 
31 8 45 51 95 37 33 53 66 
27 6 47 101 84 96 7 90 74 
91 95 36 48 48 51 36 74 62 
55 83 75 47 56 30 71 83 19 
7 10 17 55 28 38 10 9 160 
85 42 73 83 10 69 9 33 93 
78 85 63 96 17 23 7 80 143 
60 83 52 19 31 3 87 2 165 
23 38 69 100 40 40 73 54 67 
61 75 76 9 39 25 85 96 200 
50 14 95 96 50 50 68 51 55 
30 68 13 71 97 9 88 89 192 
80 80 47 24 25 65 90 48 12 
98 54 46 29 36 38 5 39 180 
90 29 91 21 34 91 14 45 176 
24 92 79 68 22 52 31 7 34 
55 28 91 32 8 4 45 72 200 
85 3 34 77 68 60 21 100 122 
8 61 48 58 12 82 79 69 115 
30 32 33 95 100 31 22 52 26 
101 60 23 89 78 63 93 31 86 
56 49 26 21 49 24 93 26 94 
72 100 17 12 54 41 48 17 84 
69 92 6 5 57 19 48 22 83 
40 21 86 87 67 83 40 25 42 
34 11 84 11 4 76 85 52 107 
98 92 8 84 43 62 23 26 82 
40 52 94 9 74 29 84 55 12 
64 87 35 36 74 31 21 16 15 
61 60 89 32 22 7 67 52 63 
36 58 80 25 66 43 44 102 149 
30 27 38 57 28 52 71 23 134 
21 64 20 79 65 29 56 64 136 
54 11 32 89 44 24 99 50 198 
29 41 23 94 94 74 58 93 180 
72 6 33 39 63 101 42 48 179 
15 59 94 53 71 4 76 91 186 
45 43 85 16 60 80 55 44 169 
47 29 72 48 23 74 41 87 120 
37 17 50 33 49 99 37 86 186 
6 79 72 21 20 5 83 15 104 
7 58 48 55 87 21 18 97 40 
20 69 38 23 13 86 45 41 153 
45 13 96 88 81 75 89 50 134 
15 28 11 69 67 10 23 36 60 
15 83 32 31 17 54 80 19 38 
57 86 67 87 77 81 30 40 6 
59 20 78 74 69 38 56 5 142 
12 52 4 31 101 79 57 33 119 
46 17 98 43 11 64 58 34 132 
102 30 52 32 41 29 8 67 34 
55 42 17 96 77 15 85 70 137 
17 28 87 90 32 47 23 86 49 
8 18 12 16 18 37 74 56 153 
21 82 13 77 25 37 63 5 185 
45 53 42 85 60 43 97 42 13 
82 14 100 7 11 57 6 2 101 
8 40 26 82 24 23 40 66 179 
58 42 6 52 29 29 56 80 69 
86 24 59 71 21 78 31 94 87 
79 16 73 58 74 25 88 57 133 
69 65 31 20 47 97 55 41 3 
4 31 87 73 53 33 24 22 159 
94 39 21 50 53 32 81 63 103 
19 102 70 83 67 73 64 89 32 
7 67 79 65 18 82 78 29 129 
59 7 64 41 36 54 47 96 40 
48 21 14 101 41 86 47 39 82 
34 23 67 16 11 66 19 20 112 
3 31 23 41 74 26 69 24 115 
90 79 68 19 38 73 55 18 140 
5 8 28 95 20 81 43 46 14 
100 45 98 100 25 18 99 46 133 
99 9 49 90 34 19 30 59 122 
76 17 88 96 63 95 98 16 26 
31 10 13 44 100 30 20 71 162 
62 91 56 52 21 93 8 57 20 
23 16 76 11 66 63 22 69 60 
22 7 84 5 4 11 6 71 75 
55 57 11 21 73 65 40 71 139 
7 26 98 96 89 8 86 77 202 
40 22 46 53 24 33 101 99 131 
99 59 89 47 47 53 57 55 204 
102 4 46 12 73 97 95 17 89 
35 28 19 78 21 30 12 68 100 
94 4 35 80 22 75 102 43 26 
83 62 81 47 41 36 8 87 149 
57 30 51 51 60 10 90 68 145 
48 23 40 61 37 81 4 65 104 
69 23 84 72 12 31 85 14 113 
66 90 89 85 72 36 57 57 79 
101 46 46 27 93 56 5 55 43 
76 24 27 2 45 78 85 41 130 
93 87 20 22 67 48 55 26 160 
86 65 53 6 6 83 43 5 41 
8 44 33 29 70 59 11 11 183 
32 66 47 13 102 32 73 65 142 
22 81 81 100 74 69 78 21 185 
71 73 20 46 61 43 59 79 200 
35 66 19 62 13 58 59 25 123 
35 74 65 23 34 43 13 22 49 
43 10 71 66 53 51 69 42 80 
74 88 7 6 56 25 35 41 203 
54 62 71 25 44 52 9 45 96 
29 50 40 79 35 41 19 18 142 
31 71 15 71 96 72 20 86 75 
57 31 20 42 90 96 44 61 124 
57 20 69 21 59 10 4 42 189 
2 97 55 68 89 40 56 6 143 
89 86 68 100 7 59 16 54 31 
31 89 62 46 37 76 81 65 201 
5 11 14 6 68 56 80 19 182 
85 91 44 82 89 86 26 57 154 
96 58 15 12 7 7 96 75 108 
35 58 62 81 89 26 41 53 193 
60 84 19 14 22 89 70 33 129 
74 50 2 78 22 82 101 87 15 
87 95 6 9 12 95 3 47 127 
31 5 4 20 43 38 92 68 148 
60 84 38 28 43 77 44 24 53 
55 59 38 82 83 5 20 56 119 
92 53 74 26 13 77 28 41 57 
63 57 10 66 88 56 10 43 8 
72 62 54 31 67 91 70 51 180 
28 51 25 101 102 89 80 101 32 
2 35 73 63 102 4 49 83 137 
20 90 73 83 74 41 102 49 192 
9 63 87 85 59 64 89 102 186 
7 64 57 23 89 88 41 10 17 
34 11 62 52 84 87 24 52 124 
19 47 79 85 101 55 95 73 79 
32 19 79 11 77 2 13 45 40 
14 99 4 87 44 66 34 70 79 
36 59 81 3 63 8 4 71 112 
16 23 64 4 30 18 50 12 186 
33 25 37 62 40 42 68 12 110 
61 34 5 15 54 33 17 60 30 
62 31 58 73 9 7 48 99 45 
58 12 71 88 39 34 75 3 93 
5 77 21 41 37 53 55 45 77 
53 3 72 33 89 72 4 91 166 
37 62 18 32 16 44 20 11 3 
87 75 98 74 42 52 89 13 171 
97 22 96 7 20 66 70 96 195 
54 28 24 101 86 50 53 39 85 
31 76 63 79 23 27 52 70 144 
44 82 63 21 46 78 88 8 140 
89 32 44 54 64 22 48 68 171 
81 88 90 49 23 5 11 60 78 
25 20 102 71 57 52 96 28 32 
37 35 83 48 15 80 82 66 17 
101 79 14 43 33 57 43 73 168 
84 96 60 59 12 88 40 65 179 
71 20 77 94 60 37 7 13 70 
5 34 75 12 69 59 98 12 166 
28 84 89 47 29 86 69 14 66 
58 80 25 97 10 52 93 13 94 
35 9 21 79 38 22 23 41 80 
12 74 29 3 64 102 7 15 164 
2 25 93 92 27 48 6 50 69 
13 10 27 24 21 58 14 65 9 
64 51 48 69 26 91 47 60 83 
7 57 18 25 91 97 72 92 180 
57 44 84 75 75 90 89 12 65 
16 90 55 73 91 100 98 45 132 
36 36 101 4 47 69 8 101 190 
19 90 20 32 54 31 70 59 44 
24 91 78 60 82 16 60 33 143 
89 36 68 20 29 48 32 38 116 
91 55 99 16 70 77 97 72 47 
15 86 38 26 5 34 79 76 113 
90 78 56 87 46 16 99 20 132 
29 101 63 74 102 18 74 81 11 
26 10 23 3 65 12 94 47 98 
36 65 33 36 42 55 93 44 124 
5 5 10 85 19 51 12 71 145 
63 42 86 22 54 26 29 55 135 
36 89 14 46 96 101 68 65 113 
35 94 61 10 83 60 57 72 156 
98 43 93 74 93 97 41 32 12 
66 16 13 10 9 89 89 60 113 
50 60 12 11 19 55 96 79 157 
14 56 61 28 67 84 50 33 27 
76 64 98 20 7 65 97 5 101 
46 28 87 74 22 26 5 9 25 
68 89 26 40 79 17 20 29 156 
47 40 51 31 62 78 76 15 194 
61 32 55 48 17 16 6 52 105 
93 42 35 38 25 60 73 83 92 
90 39 87 83 102 80 89 51 134 
2 17 68 12 100 10 30 46 157 
61 22 74 12 36 29 66 29 180 
45 12 16 93 60 81 33 88 156 
12 80 33 77 61 68 51 6 73 
87 84 44 28 9 82 83 14 125 
74 80 5 60 20 75 92 46 81 
53 11 59 89 81 14 33 20 135 
48 86 63 9 63 32 94 81 93 
48 19 4 36 12 48 20 61 18 
76 54 62 60 87 17 28 100 195 
80 100 5 32 97 92 16 37 59 
102 68 19 75 68 41 30 46 55 
39 19 100 14 71 22 6 60 134 
8 90 102 48 82 66 36 16 165 
44 17 25 15 22 78 19 20 190 
93 2 88 23 32 42 91 91 165 
100 68 31 85 29 39 26 10 97 
31 56 87 55 41 54 60 88 60 
6 26 99 25 96 53 29 14 118 
81 87 60 61 59 93 85 38 100 
54 60 91 88 91 14 31 91 132 
10 40 63 36 65 46 14 87 133 
86 77 73 80 58 17 81 47 50 
91 72 99 96 72 5 6 8 59 
42 19 38 87 96 8 89 21 151 
98 47 24 16 49 74 29 101 126 
79 77 4 76 9 46 90 42 41 
70 16 70 60 33 59 17 74 139 
31 101 83 68 93 39 43 85 204 
4 77 24 27 69 74 43 29 65 
28 68 13 94 98 56 88 21 13 
8 40 16 66 101 78 6 100 202 
82 13 86 67 35 26 46 88 134 
99 45 49 98 19 6 28 91 13 
59 39 5 29 82 74 33 36 93 
88 39 78 49 23 71 75 63 34 
50 63 35 89 51 12 91 91 156 
61 12 23 13 41 12 72 49 126 
98 55 34 14 36 101 81 60 101 
92 53 24 80 25 58 90 80 59 
74 72 90 95 40 92 98 74 51 
26 77 101 68 78 76 10 78 17 
86 38 29 37 11 93 63 101 80 
56 83 89 67 24 62 83 100 158 
75 5 17 43 18 64 77 57 169 
52 26 76 50 72 49 50 6 87 
4 40 63 99 34 41 54 44 186 
39 60 55 40 87 80 99 36 149 
94 45 22 67 62 56 10 13 154 
66 7 13 42 19 20 20 82 125 
18 78 73 78 91 75 72 40 198 
32 14 41 98 54 38 76 58 125 
24 38 79 10 92 23 66 89 76 
82 99 43 36 22 7 19 83 119 
4 18 56 49 97 25 59 79 202 
38 70 56 77 68 63 59 99 89 
85 10 88 52 15 4 39 92 85 
58 98 94 36 81 73 80 74 83 
9 77 44 57 53 14 24 29 41 
85 7 32 82 79 25 64 36 148 
74 54 5 54 12 7 84 3 167 
9 5 91 84 99 96 23 52 47 
4 30 59 76 30 87 85 55 174 
13 78 21 71 74 47 101 8 44 
39 57 66 39 75 52 33 17 52 
32 3 10 39 61 29 3 62 14 
17 100 26 20 71 59 22 73 53 
65 41 32 47 86 93 75 87 193 
60 66 57 9 45 15 63 55 108 
79 76 19 93 70 14 41 85 18 
99 21 88 9 20 4 27 69 156 
96 87 19 18 65 76 35 45 196 
53 10 57 13 59 19 6 44 198 
10 74 73 20 8 2 86 78 135 
10 52 49 55 85 78 38 69 139 
38 63 13 45 61 26 18 90 155 
55 87 63 71 5 77 7 19 195 
7 78 81 19 35 89 10 26 189 
51 100 27 81 77 92 51 70 167 
88 67 15 49 4 20 27 33 186 
7 41 49 74 50 68 82 33 186 
91 21 30 26 37 37 34 69 185 
53 76 13 73 23 37 96 21 107 
85 60 75 63 94 4 98 5 175 
47 79 52 61 101 46 101 62 102 
55 65 32 80 17 37 29 76 116 
82 35 20 14 80 31 16 99 150 
20 30 29 28 30 34 51 88 183 
43 94 77 69 74 62 87 42 115 
24 7 45 40 36 20 48 17 143 
69 35 102 23 47 4 73 84 67 
24 30 37 100 31 31 48 89 168 
84 15 64 60 29 39 75 94 189 
32 81 96 11 82 14 64 84 109 
92 22 49 75 98 92 30 65 28 
23 26 77 16 95 49 38 66 6 
10 11 8 64 49 55 11 43 7 
40 15 49 24 39 49 78 58 137 
37 11 19 74 32 66 27 54 140 
