6 1
300
81 67 75 6 60 70 164 
50 49 84 44 87 29 59 
21 38 59 55 57 72 105 
43 37 48 62 17 24 7 
100 88 47 101 37 71 62 
52 13 69 70 99 45 194 
27 7 92 21 7 10 107 
22 3 66 100 73 16 81 
32 29 46 45 48 80 103 
63 39 45 52 60 100 140 
26 92 87 60 29 58 34 
32 58 42 12 15 52 160 
87 84 3 66 57 93 43 
86 25 28 53 67 47 132 
71 49 72 50 12 86 195 
13 81 42 46 60 25 204 
73 6 34 35 29 74 154 
57 44 88 5 9 50 84 
69 61 10 64 13 54 127 
11 73 64 5 69 85 152 
4 63 22 98 70 23 29 
21 95 20 40 75 91 29 
7 86 47 5 38 57 92 
22 34 83 49 73 40 126 
36 72 32 63 91 3 108 
83 67 8 41 29 29 99 
68 92 27 41 65 50 10 
89 20 3 33 30 32 168 
31 41 52 99 84 54 174 
25 90 79 86 89 63 50 
21 40 65 11 30 98 111 
44 59 10 10 92 60 97 
54 31 32 63 74 72 109 
28 59 45 47 77 65 89 
4 49 57 78 89 82 140 
81 39 24 2 35 30 177 
84 44 90 94 96 40 145 
61 49 24 18 93 73 188 
83 23 66 55 36 13 82 
12 55 35 5 80 81 149 
94 10 63 40 44 68 91 
17 56 55 83 26 74 89 
102 35 62 99 11 78 200 
18 60 49 102 20 49 149 
91 58 91 18 62 100 138 
41 63 80 51 7 50 136 
69 14 74 11 40 99 22 
22 75 8 71 5 77 155 
53 16 41 26 21 73 55 
101 65 67 67 77 78 124 
74 84 50 6 29 34 102 
48 78 92 81 52 65 141 
84 85 49 59 25 94 181 
49 41 26 88 80 42 140 
50 9 47 66 23 51 99 
93 61 67 77 45 28 12 
40 50 47 71 10 60 35 
83 19 10 54 86 74 51 
45 25 20 52 94 83 199 
71 47 18 31 16 23 186 
26 84 83 81 67 86 20 
93 82 19 72 84 54 139 
92 39 13 39 79 26 99 
37 49 28 53 47 9 143 
5 31 43 96 39 27 116 
37 29 75 21 90 17 108 
46 4 82 12 31 32 161 
10 6 93 39 99 45 182 
37 58 30 22 78 41 179 
53 78 78 47 29 13 113 
12 41 20 91 11 98 187 
47 47 43 19 79 93 193 
27 51 59 42 84 70 202 
73 47 101 14 78 67 190 
28 6 67 3 21 25 200 
68 75 50 90 49 100 184 
12 89 5 101 50 95 55 
29 21 7 48 45 58 82 
96 22 79 35 33 100 42 
43 79 17 60 70 98 120 
78 11 54 36 72 11 124 
60 98 15 29 74 69 202 
87 61 58 77 70 61 147 
55 73 57 19 101 72 141 
12 90 43 83 98 69 104 
13 55 13 75 49 81 75 
26 66 8 60 33 23 116 
19 61 85 2 40 89 48 
39 99 20 73 41 94 98 
9 74 49 78 102 50 151 
8 47 4 23 82 38 62 
9 51 60 70 51 14 190 
31 60 83 61 83 30 150 
58 95 5 10 89 90 36 
95 61 85 33 75 85 24 
17 83 81 59 53 95 63 
49 61 4 92 81 57 160 
16 68 19 21 22 2 103 
53 101 15 95 50 15 30 
92 78 39 78 31 84 31 
79 3 3 32 37 45 20 
36 3 20 10 35 40 162 
95 67 15 55 84 63 130 
84 68 67 5 82 18 117 
86 67 15 52 75 66 75 
66 18 91 87 59 43 37 
100 97 87 16 76 37 198 
12 26 26 49 22 53 195 
37 39 29 56 29 54 103 
38 7 60 62 77 45 60 
52 26 69 27 23 48 170 
73 81 91 8 84 62 150 
43 92 5 55 15 43 61 
81 64 33 33 91 69 129 
92 29 56 102 94 70 124 
3 59 24 102 8 14 130 
60 41 50 47 94 79 194 
17 57 10 64 4 102 145 
64 38 97 34 80 23 166 
54 37 9 92 94 15 83 
35 83 55 9 30 68 45 
25 85 87 99 93 70 154 
74 48 39 91 71 92 80 
22 29 70 30 94 84 13 
6 43 58 2 66 57 167 
76 57 57 76 36 52 81 
55 11 37 89 55 8 163 
90 71 2 25 25 3 28 
55 86 81 39 85 18 41 
44 32 98 29 15 96 200 
93 84 18 37 42 102 137 
20 36 42 41 79 28 34 
74 57 80 43 56 71 44 
73 78 39 53 36 22 26 
81 40 62 42 14 84 198 
89 87 90 85 4 48 73 
53 41 100 9 92 5 142 
77 21 88 61 27 79 44 
8 80 86 8 82 57 80 
98 82 101 66 46 21 173 
73 91 60 54 25 88 42 
39 41 46 46 19 44 12 
21 76 83 90 6 78 166 
8 6 79 24 93 98 113 
61 101 44 47 86 87 10 
31 31 9 4 94 3 141 
41 42 64 65 15 36 156 
7 21 79 42 45 6 132 
87 83 32 34 91 67 160 
42 4 101 34 60 3 183 
48 75 88 15 77 14 138 
66 17 61 80 65 80 110 
82 68 7 44 83 42 91 
50 79 72 4 38 93 202 
40 65 33 57 35 89 123 
47 93 29 70 94 99 45 
67 73 55 29 89 26 123 
38 95 93 79 63 48 199 
98 17 13 42 23 70 54 
54 30 25 32 94 96 73 
76 80 76 91 45 25 169 
8 19 78 51 69 41 7 
72 42 80 74 43 64 102 
78 18 30 72 31 98 29 
45 32 99 97 32 27 126 
17 19 89 20 25 17 182 
101 37 93 57 31 25 169 
90 47 60 53 34 87 201 
64 48 21 16 29 71 130 
89 80 56 38 16 43 113 
25 93 56 20 49 62 158 
83 39 17 102 75 33 112 
87 42 46 101 41 65 109 
73 70 6 98 47 28 25 
59 38 21 17 84 30 133 
56 6 35 86 27 24 165 
11 6 16 56 41 11 6 
41 12 39 77 80 4 109 
25 52 23 4 37 68 52 
3 99 87 93 5 92 66 
38 12 16 16 43 74 126 
66 92 44 9 19 12 38 
28 83 42 6 28 14 63 
56 14 84 92 58 58 18 
9 32 66 38 21 72 8 
102 25 62 38 32 93 122 
62 81 97 20 58 9 153 
18 46 88 79 80 4 167 
101 34 26 88 18 56 117 
62 81 73 100 42 17 55 
60 82 70 98 23 73 192 
34 89 75 2 51 35 187 
88 79 60 43 71 23 5 
93 38 53 15 40 4 2 
3 26 22 18 94 51 118 
66 20 83 59 33 90 136 
47 53 87 70 22 68 151 
3 15 59 73 96 27 137 
46 19 85 85 71 96 66 
66 54 86 59 86 36 46 
61 79 86 40 35 37 96 
87 68 48 19 39 28 203 
13 66 47 100 26 93 43 
3 100 76 64 95 36 166 
101 3 12 38 34 54 88 
37 74 35 63 92 23 120 
53 40 68 34 70 34 109 
91 41 62 63 45 3 118 
82 12 78 42 3 67 176 
66 37 83 7 76 59 154 
93 13 39 36 72 64 103 
62 10 32 28 4 30 22 
64 53 77 91 53 87 115 
64 60 23 91 57 74 178 
4 86 29 96 77 79 199 
30 25 28 75 41 10 42 
4 48 16 101 39 78 7 
87 8 18 25 74 22 60 
56 18 47 17 92 65 119 
26 5 34 28 53 14 70 
30 51 17 13 79 38 124 
14 9 92 20 98 87 38 
80 13 73 5 60 71 152 
9 83 61 52 47 64 161 
45 85 74 88 66 71 117 
59 3 14 97 86 71 87 
11 57 99 96 80 42 94 
94 63 25 95 45 62 44 
70 58 64 35 76 84 141 
26 20 34 34 18 63 45 
12 61 10 76 2 34 199 
29 64 58 68 24 35 105 
23 51 95 23 11 38 183 
47 52 64 11 89 75 174 
39 67 64 64 81 26 167 
5 17 21 45 29 25 85 
96 8 68 54 51 20 7 
71 41 13 9 26 33 134 
10 48 67 15 61 14 183 
100 95 6 44 11 71 40 
37 76 79 84 16 51 104 
46 98 59 41 57 85 139 
28 53 58 57 95 18 192 
70 57 33 70 12 53 197 
15 64 12 42 51 86 71 
67 36 27 13 85 17 131 
52 9 76 6 32 24 147 
44 50 89 18 55 27 136 
21 49 16 5 100 56 66 
36 49 101 8 101 36 124 
20 33 46 12 4 32 39 
49 58 66 83 31 26 145 
16 25 25 98 61 70 95 
89 13 9 87 63 34 35 
62 77 100 33 90 14 50 
20 45 8 53 96 50 147 
92 51 25 70 32 63 43 
27 78 12 42 68 16 64 
21 39 27 43 100 4 177 
83 68 52 43 15 49 196 
82 19 47 67 22 76 197 
64 87 19 33 73 98 74 
102 90 93 24 99 95 201 
8 83 12 98 48 87 22 
85 75 29 19 16 26 93 
60 66 77 48 42 36 118 
54 10 11 29 8 53 166 
80 61 21 18 56 99 151 
38 37 71 77 91 89 161 
14 92 17 59 74 93 86 
26 18 78 59 61 43 110 
75 3 71 42 36 31 13 
16 9 3 62 29 73 46 
31 8 73 53 49 81 84 
20 97 72 37 63 41 110 
45 45 61 97 58 22 130 
36 2 37 57 60 75 200 
85 15 99 46 21 22 194 
13 7 8 14 65 15 113 
8 101 7 75 91 54 146 
66 45 68 73 53 61 193 
7 38 98 91 8 45 73 
84 74 92 43 22 60 67 
40 54 85 95 10 10 60 
3 32 84 71 23 29 39 
73 34 75 71 63 2 13 
71 13 25 59 72 22 51 
29 17 34 72 96 41 56 
92 85 80 45 53 68 10 
8 16 22 86 18 18 24 
43 19 74 61 60 29 140 
44 62 38 40 90 6 153 
17 52 101 29 89 94 165 
51 97 28 12 36 4 130 
99 4 75 56 6 16 175 
100 62 13 38 14 61 100 
25 45 7 65 64 31 186 
66 23 59 31 27 32 188 
24 49 51 26 27 7 92 
60 65 86 86 93 91 37 
