2 1
300
61 53 34 
75 31 189 
25 8 125 
80 35 144 
90 55 196 
98 49 142 
62 56 195 
24 72 100 
28 24 8 
3 25 40 
47 49 146 
55 85 188 
28 67 105 
36 35 65 
32 64 159 
88 77 118 
72 48 184 
42 64 175 
27 39 167 
69 49 16 
92 24 171 
44 34 175 
101 37 144 
6 73 167 
21 28 45 
66 93 17 
73 42 98 
47 33 156 
31 7 174 
88 30 95 
12 61 38 
46 46 24 
50 90 62 
94 89 82 
89 68 155 
10 24 75 
66 62 95 
76 98 16 
62 47 186 
9 16 57 
2 15 16 
26 96 26 
66 77 169 
13 19 9 
80 80 109 
10 60 134 
2 22 171 
51 24 139 
2 38 127 
13 86 202 
22 43 153 
5 94 151 
35 65 148 
66 46 96 
55 55 90 
45 98 39 
56 54 176 
28 9 190 
45 53 186 
41 26 118 
52 55 186 
86 93 156 
31 77 176 
81 77 195 
95 39 156 
39 98 141 
26 60 83 
46 59 67 
15 96 70 
83 61 85 
85 96 80 
17 16 186 
58 71 128 
69 16 45 
34 77 158 
93 35 143 
19 8 113 
24 17 137 
20 8 197 
61 73 199 
44 49 34 
47 98 166 
59 81 48 
87 83 56 
8 59 90 
21 14 169 
57 24 126 
66 67 109 
88 63 161 
74 99 18 
97 99 201 
67 27 136 
7 89 160 
98 36 111 
49 34 52 
30 18 119 
25 101 192 
16 6 101 
38 80 169 
65 61 74 
4 87 166 
17 93 172 
30 43 66 
79 16 52 
6 61 180 
9 19 68 
30 60 93 
23 51 201 
16 83 190 
52 31 96 
86 44 59 
44 96 101 
75 34 85 
43 2 152 
28 48 173 
71 11 94 
63 31 126 
52 36 3 
93 83 75 
85 3 22 
93 80 27 
87 96 146 
98 64 132 
41 36 174 
94 90 119 
73 96 9 
16 46 146 
50 91 204 
87 36 18 
30 54 28 
15 92 63 
33 51 46 
64 43 107 
16 75 98 
83 24 193 
78 60 96 
45 22 177 
35 71 117 
41 45 183 
15 2 123 
65 71 23 
53 28 92 
57 63 79 
38 11 109 
54 2 147 
26 69 137 
7 11 155 
63 87 66 
28 82 44 
75 95 14 
34 51 85 
94 52 11 
39 32 196 
52 24 199 
10 9 25 
36 83 142 
87 17 157 
25 10 187 
87 4 170 
81 27 96 
26 83 139 
34 6 123 
14 62 102 
69 89 77 
73 57 177 
80 55 161 
22 95 201 
54 90 159 
31 12 86 
52 9 100 
23 60 11 
52 28 84 
32 78 8 
54 24 45 
22 20 59 
41 54 109 
7 9 101 
7 60 68 
50 74 191 
92 5 192 
20 64 109 
3 48 59 
35 23 59 
48 50 157 
78 71 145 
79 34 143 
52 92 119 
91 47 3 
102 18 204 
74 4 112 
49 42 150 
11 35 122 
70 20 147 
102 8 64 
26 60 120 
74 31 183 
64 73 83 
26 42 28 
38 31 37 
55 4 62 
30 63 42 
76 101 19 
6 69 73 
13 11 30 
100 52 171 
29 66 177 
44 30 179 
12 12 65 
16 26 204 
62 74 10 
44 18 36 
44 73 93 
13 52 122 
52 71 126 
56 53 127 
29 28 184 
31 11 133 
33 13 151 
44 20 106 
91 62 155 
11 45 193 
33 71 189 
99 58 161 
40 18 31 
29 94 121 
28 58 122 
71 89 200 
12 33 130 
41 13 13 
45 102 109 
96 24 184 
86 43 53 
69 25 166 
71 32 142 
13 93 189 
53 6 40 
17 18 128 
94 21 149 
80 101 26 
34 94 119 
90 56 116 
27 46 192 
26 46 104 
36 61 68 
80 102 118 
30 101 84 
72 90 18 
88 30 172 
93 4 8 
20 8 88 
15 37 65 
26 84 155 
15 88 96 
101 29 123 
70 83 116 
32 16 42 
17 51 2 
74 63 9 
52 3 54 
74 37 87 
93 8 78 
10 22 50 
4 56 39 
84 17 28 
96 74 127 
50 20 96 
29 63 180 
85 5 117 
44 44 152 
30 76 165 
52 43 106 
6 10 43 
24 63 125 
35 30 122 
3 35 71 
89 80 183 
44 4 170 
81 47 150 
56 10 10 
83 67 160 
52 76 165 
40 34 152 
63 92 131 
43 27 118 
88 97 70 
31 84 142 
25 57 132 
87 88 146 
99 73 196 
80 52 204 
19 44 195 
85 85 111 
81 66 5 
62 28 180 
28 2 157 
28 96 104 
42 28 55 
37 60 23 
16 67 180 
12 42 125 
