6 1
300
14 78 50 4 29 34 4 
99 56 74 15 40 51 166 
44 8 3 64 19 86 23 
45 42 12 79 14 6 161 
19 28 16 73 96 25 55 
61 32 77 94 62 49 53 
91 67 54 87 85 102 136 
100 70 48 60 81 26 141 
38 40 27 17 30 24 163 
30 60 45 46 28 57 170 
77 28 72 59 40 88 110 
78 60 94 31 6 14 39 
60 70 14 17 101 59 47 
94 52 79 33 27 47 126 
9 12 44 60 47 85 49 
44 78 3 43 40 18 124 
82 36 88 26 12 63 142 
91 32 30 28 100 62 170 
78 95 28 15 42 94 141 
50 52 73 62 31 97 35 
94 13 76 63 44 64 26 
18 93 10 17 86 94 37 
81 15 33 49 25 42 135 
86 78 30 100 26 94 67 
86 17 66 83 68 55 199 
21 56 68 58 100 73 123 
4 20 100 58 102 53 141 
38 41 15 8 57 53 19 
37 48 64 20 73 82 68 
77 46 37 20 41 22 124 
61 68 93 27 70 8 167 
60 32 44 26 42 66 98 
78 53 76 12 4 91 172 
10 5 40 30 94 29 55 
76 65 40 63 33 10 158 
76 25 84 89 47 28 158 
18 22 96 32 18 87 203 
95 62 10 38 33 78 105 
64 54 99 78 81 57 171 
69 6 65 11 57 72 6 
30 95 25 60 65 9 189 
85 47 99 78 44 29 166 
5 32 26 2 34 28 25 
72 87 13 67 73 96 101 
18 33 24 63 17 100 133 
69 86 81 70 72 61 162 
9 101 2 40 31 4 130 
76 41 11 25 46 93 119 
10 15 94 94 15 45 138 
16 78 17 28 31 18 74 
48 48 34 64 69 34 129 
88 12 30 45 94 87 86 
94 15 39 73 9 9 122 
73 88 79 59 17 14 191 
25 87 13 101 88 30 59 
95 79 63 79 60 97 47 
5 67 51 23 60 27 46 
65 80 58 24 11 78 152 
62 57 7 54 22 72 128 
27 19 45 8 60 15 202 
38 78 95 51 14 39 141 
24 30 38 59 89 73 124 
9 57 79 78 54 56 69 
23 58 28 40 27 62 159 
50 8 18 2 14 25 56 
4 65 75 99 41 8 79 
30 71 96 36 100 4 39 
63 68 31 8 61 68 32 
22 69 13 89 80 93 151 
24 22 59 77 51 35 11 
95 6 81 15 50 97 192 
89 34 6 29 60 61 177 
42 88 96 55 59 14 168 
97 65 12 63 16 66 14 
51 39 61 52 71 16 141 
64 52 95 13 73 23 70 
38 9 63 22 34 89 168 
36 65 24 94 23 24 199 
43 72 54 36 33 90 78 
97 47 79 91 48 20 158 
38 3 44 88 93 51 122 
58 51 43 84 79 26 33 
76 39 60 49 93 73 45 
82 44 79 42 35 98 84 
64 86 33 88 71 7 199 
64 82 8 32 76 40 173 
23 12 54 56 66 24 45 
10 21 44 56 48 58 115 
61 67 48 60 55 21 193 
67 13 98 10 21 19 25 
59 54 19 20 36 39 123 
33 27 88 70 76 22 111 
67 91 34 25 51 44 8 
17 61 74 23 21 92 115 
101 58 48 47 7 12 103 
68 26 38 15 21 98 59 
42 63 92 81 101 43 203 
24 66 87 72 77 11 88 
95 48 99 17 49 6 67 
72 42 25 71 12 6 202 
67 98 12 32 48 77 154 
101 84 44 22 51 58 159 
94 62 77 31 3 10 150 
80 42 100 75 94 98 144 
22 69 12 91 39 2 116 
70 77 42 31 36 69 192 
66 56 97 99 50 56 159 
82 50 42 11 98 28 177 
58 14 59 56 81 7 160 
17 35 33 14 58 23 50 
87 37 102 69 43 81 31 
88 5 77 47 44 95 84 
21 72 82 43 77 72 26 
65 85 77 57 64 18 101 
23 66 87 94 35 56 193 
15 42 45 57 48 75 143 
11 84 11 39 14 39 196 
65 53 73 83 54 14 46 
54 27 13 80 65 67 132 
40 93 55 11 41 48 14 
32 39 88 30 99 44 111 
3 68 21 52 81 55 121 
15 16 13 83 44 75 124 
17 34 79 85 10 8 146 
93 59 30 75 93 92 67 
17 87 55 56 72 70 106 
60 95 30 86 14 8 53 
79 44 29 99 75 47 32 
7 11 47 92 38 85 21 
12 92 79 89 65 28 201 
30 60 29 74 7 11 117 
41 51 101 97 2 48 31 
16 3 79 20 47 19 21 
78 10 67 35 87 44 101 
4 53 99 51 81 29 100 
86 2 26 70 38 60 135 
62 48 96 38 39 97 195 
92 2 71 20 11 91 107 
53 64 41 22 69 10 76 
100 4 48 23 21 68 62 
2 54 52 11 61 45 35 
63 73 99 50 49 56 27 
53 30 33 72 40 99 70 
40 87 50 71 53 31 128 
46 50 18 20 31 67 183 
50 21 11 52 48 38 182 
93 44 74 23 56 26 96 
76 16 52 83 71 98 127 
69 4 42 10 16 56 37 
24 83 33 19 90 25 8 
11 24 22 94 63 47 97 
45 78 50 98 7 18 143 
36 67 38 62 71 30 165 
19 71 44 33 84 74 141 
63 43 6 68 4 46 135 
94 32 91 10 53 17 51 
28 94 14 11 40 49 181 
18 96 59 21 97 24 187 
55 81 63 81 75 80 167 
37 46 32 5 74 6 86 
37 49 54 20 15 59 185 
79 31 24 45 26 82 94 
49 49 49 9 23 76 81 
53 30 31 81 38 45 186 
50 84 8 68 45 49 164 
50 7 3 84 68 3 155 
51 41 38 51 100 38 180 
99 85 98 53 32 4 172 
20 25 41 79 16 102 61 
49 17 79 83 35 67 203 
44 49 27 58 75 66 6 
91 95 32 41 9 5 104 
102 12 18 15 47 98 61 
84 64 7 54 3 49 7 
26 61 69 67 73 91 114 
38 73 97 59 41 84 61 
32 11 40 9 98 80 97 
7 63 70 91 71 72 124 
87 22 6 74 19 101 135 
37 65 76 38 17 97 131 
42 23 58 8 16 102 107 
54 69 47 7 70 57 40 
100 101 78 4 20 97 105 
53 94 87 24 85 65 194 
49 66 73 84 85 85 134 
43 15 85 57 72 11 67 
56 61 69 50 46 49 77 
66 100 36 98 3 15 182 
31 72 86 33 39 59 14 
5 76 26 88 74 55 117 
88 95 49 50 88 21 198 
35 21 76 40 18 60 170 
68 39 87 84 73 78 25 
44 101 26 36 54 29 105 
87 45 65 75 95 82 158 
7 89 50 17 96 94 196 
53 12 95 22 100 25 76 
38 40 5 3 79 47 91 
96 25 16 35 94 48 98 
78 13 68 25 80 8 125 
52 39 69 79 86 17 186 
91 33 16 56 6 16 101 
7 61 74 18 37 35 24 
66 36 84 4 48 50 155 
101 29 99 22 19 78 177 
4 38 26 95 32 55 13 
94 2 81 90 34 101 146 
54 96 9 46 75 52 175 
5 88 77 40 69 17 183 
6 19 36 89 41 64 8 
25 50 25 7 82 7 148 
36 4 15 16 52 7 97 
35 92 78 45 28 3 202 
53 51 57 65 40 18 180 
85 47 3 95 39 70 61 
48 86 41 95 46 15 140 
85 64 26 19 12 44 146 
29 60 46 15 63 6 147 
101 70 44 44 92 86 105 
59 14 23 15 39 20 177 
8 39 52 83 89 33 138 
89 33 48 30 75 19 117 
90 59 82 77 66 59 97 
17 100 54 57 31 20 56 
52 5 6 76 26 87 43 
22 96 34 76 76 6 26 
40 98 16 18 70 96 142 
57 43 40 75 63 41 186 
42 100 28 60 15 43 78 
29 43 56 51 34 39 138 
66 50 3 92 55 37 158 
4 40 41 64 26 59 193 
64 68 3 66 47 31 165 
98 7 18 63 66 76 23 
57 62 69 38 60 4 186 
95 39 85 10 6 16 79 
62 90 99 91 86 45 134 
77 55 87 89 10 88 139 
45 87 32 91 63 69 96 
80 73 28 68 57 5 142 
32 20 57 43 17 45 73 
20 21 73 82 34 47 164 
9 84 51 52 17 25 102 
54 55 21 45 49 93 168 
18 73 25 30 41 98 93 
37 32 47 94 46 35 53 
68 61 11 31 24 68 146 
91 79 18 42 82 22 159 
67 38 100 70 53 55 5 
51 50 54 94 51 37 147 
54 6 60 74 93 26 176 
97 12 16 27 27 13 56 
96 9 90 61 78 70 144 
95 49 26 94 82 26 36 
13 60 39 75 33 102 77 
75 61 70 92 98 93 144 
29 86 45 28 44 77 113 
42 65 35 75 70 3 121 
59 35 81 13 2 71 171 
54 79 55 96 14 92 44 
51 22 72 82 78 102 137 
65 84 68 40 51 64 144 
96 6 101 66 100 80 35 
27 91 81 98 24 89 153 
9 92 35 32 87 36 187 
45 65 95 93 4 94 191 
54 15 75 53 9 15 119 
75 56 32 15 14 7 50 
33 93 87 56 15 94 115 
93 35 10 67 30 81 105 
43 8 74 99 87 25 151 
78 7 47 17 75 19 71 
39 5 19 75 32 70 26 
74 11 39 91 2 40 124 
82 68 88 82 36 9 67 
49 59 19 29 84 52 114 
88 42 42 42 77 24 112 
32 93 94 100 13 41 141 
99 37 10 87 87 16 196 
42 61 37 41 12 4 182 
47 102 48 50 20 59 177 
71 99 51 27 18 8 102 
77 96 83 25 70 65 103 
24 11 44 99 38 62 95 
83 7 3 68 22 67 174 
93 48 53 95 84 84 60 
40 61 62 71 10 48 133 
67 56 18 44 41 41 49 
93 6 53 84 99 43 179 
95 50 61 98 42 66 172 
49 33 32 88 83 23 173 
52 84 29 30 15 83 34 
53 87 26 83 28 64 203 
44 102 13 87 43 43 93 
13 3 76 70 84 83 38 
25 87 58 60 20 41 86 
25 26 56 86 62 73 87 
65 37 17 16 5 87 12 
33 21 2 42 82 42 80 
83 56 63 33 2 100 58 
