8 1
300
29 75 90 75 49 24 8 23 151 
11 3 57 39 71 38 48 61 173 
26 8 72 75 7 44 84 29 25 
72 60 50 49 77 28 51 56 124 
83 24 30 97 68 52 29 60 75 
75 45 73 44 74 79 54 62 70 
102 56 70 47 93 22 12 37 129 
28 64 28 31 90 17 77 67 77 
59 32 41 22 48 48 8 11 173 
43 30 88 73 98 17 94 51 204 
94 38 32 10 86 33 89 3 197 
13 46 57 57 69 9 42 97 63 
96 82 10 24 41 84 37 72 16 
79 57 68 12 39 40 18 85 61 
9 51 47 11 35 46 52 98 134 
32 88 64 81 33 3 87 99 143 
93 72 99 50 75 17 26 13 96 
33 2 9 18 41 85 80 35 94 
87 88 49 66 74 46 19 8 171 
47 100 26 67 27 42 71 26 28 
35 60 78 33 87 24 100 21 194 
60 15 48 80 3 100 57 2 26 
25 29 100 55 34 69 33 81 28 
24 68 77 69 50 17 72 47 153 
71 56 3 27 68 55 51 61 189 
39 69 99 29 12 27 30 48 198 
17 82 29 11 2 8 11 77 110 
22 93 67 33 10 59 25 88 95 
12 100 63 46 6 75 76 95 26 
18 98 58 52 41 4 20 57 133 
50 62 56 97 17 93 2 31 139 
29 8 61 42 6 26 81 20 99 
39 73 77 56 37 9 96 95 163 
100 72 54 65 16 55 94 77 54 
94 17 84 72 46 78 7 49 178 
55 78 94 34 73 24 56 83 173 
92 96 27 49 3 24 13 4 121 
18 66 95 8 50 31 100 89 7 
68 69 28 102 51 90 22 43 36 
90 68 101 32 12 34 70 4 166 
3 48 16 62 60 44 19 91 169 
97 49 30 65 36 86 21 90 31 
61 92 47 39 29 63 7 26 76 
62 88 56 62 40 48 50 100 85 
90 8 11 86 85 62 7 27 190 
91 26 34 17 13 23 20 11 27 
38 66 21 55 57 37 7 59 8 
30 36 11 84 17 38 45 33 168 
8 76 9 87 34 3 69 19 202 
7 47 77 35 44 31 36 14 70 
25 37 53 76 81 28 59 79 186 
86 9 11 98 74 82 41 15 72 
7 52 34 19 88 40 38 3 25 
30 97 94 82 50 5 4 22 195 
33 34 97 83 31 57 12 85 22 
92 11 75 98 96 32 96 30 127 
3 7 52 15 40 80 17 31 167 
101 6 60 8 95 54 86 10 165 
42 27 23 80 9 4 30 47 187 
40 34 3 65 88 22 44 3 32 
48 20 95 19 67 2 75 13 162 
54 87 17 24 14 88 51 57 8 
42 26 100 49 87 95 89 79 197 
82 38 20 40 66 94 39 40 182 
89 25 62 23 6 98 25 78 125 
78 18 23 17 16 33 19 4 158 
19 101 35 2 32 90 6 95 153 
63 16 23 25 87 75 99 63 67 
46 21 21 5 26 11 34 12 126 
78 67 25 89 23 64 17 22 81 
58 89 94 74 20 13 23 64 127 
42 56 33 49 20 54 102 76 169 
60 16 77 26 70 22 28 29 58 
54 77 96 61 10 66 36 43 152 
42 74 3 10 84 64 50 95 116 
32 31 50 72 89 49 82 59 15 
67 34 21 74 47 92 85 70 178 
70 83 48 69 15 78 80 62 5 
83 52 34 14 79 78 65 98 201 
82 84 90 48 81 53 60 71 21 
57 69 29 13 27 16 77 81 25 
13 65 18 73 94 29 48 100 17 
77 54 57 45 11 51 94 5 177 
101 24 4 97 11 46 69 25 190 
77 72 27 20 39 99 66 54 69 
85 11 91 63 3 83 45 85 36 
56 14 60 80 21 23 29 78 119 
12 19 56 74 6 72 36 73 59 
85 58 17 60 81 59 18 11 193 
99 41 23 23 53 28 29 15 23 
37 99 53 5 93 63 41 56 74 
81 12 7 22 29 32 54 63 57 
4 98 35 3 64 12 29 32 77 
39 90 67 30 48 93 61 101 151 
79 81 67 56 21 27 23 39 201 
92 79 14 93 71 92 101 27 36 
80 36 37 42 78 64 26 5 135 
72 53 67 15 62 29 58 77 167 
65 50 79 10 82 27 14 40 108 
27 48 22 77 32 23 77 83 135 
41 39 5 5 32 18 61 53 177 
36 78 19 87 36 96 11 38 158 
42 72 56 12 31 41 11 101 116 
48 97 23 46 41 81 64 20 79 
80 61 20 63 51 31 40 80 126 
37 42 14 28 68 96 45 37 24 
14 30 10 66 96 33 62 14 114 
68 92 40 40 25 18 58 33 157 
62 81 24 26 74 53 80 76 121 
46 23 31 29 3 6 70 52 183 
32 16 68 89 3 38 76 75 179 
25 99 20 98 72 37 19 86 116 
91 90 59 59 89 22 74 17 187 
28 40 91 36 72 75 29 28 36 
13 74 79 87 53 101 66 56 157 
43 51 53 96 12 19 49 80 128 
35 75 29 48 17 88 47 49 71 
100 91 29 47 71 46 21 8 24 
81 6 39 60 95 35 45 33 137 
43 34 30 74 89 94 13 96 110 
92 67 59 94 43 5 67 67 133 
52 99 81 9 77 7 8 70 152 
27 77 81 96 5 87 21 6 33 
8 28 4 37 36 77 93 31 83 
56 90 65 35 95 30 70 95 71 
89 36 59 25 68 22 20 88 39 
76 98 65 74 75 39 90 60 80 
65 17 65 6 18 49 66 54 163 
13 94 84 53 29 12 53 33 143 
61 85 62 84 19 50 59 19 69 
79 84 17 28 47 37 91 6 158 
73 85 19 12 61 16 42 9 190 
38 25 71 55 23 43 69 31 154 
80 83 100 17 49 102 15 89 144 
67 87 49 49 64 24 35 82 99 
55 51 26 49 44 13 57 22 192 
66 26 62 76 61 18 62 13 49 
81 58 38 20 99 74 46 77 46 
48 91 63 49 22 43 95 16 165 
53 34 41 90 62 29 8 51 129 
12 93 27 34 90 52 101 56 51 
14 37 54 54 5 69 91 11 65 
35 19 6 21 82 47 37 11 163 
87 93 97 11 14 50 11 36 172 
99 16 4 13 50 69 19 84 162 
31 101 31 73 101 54 98 75 66 
61 93 13 82 99 81 73 16 128 
31 4 25 6 46 71 85 94 192 
31 24 71 39 4 100 68 8 22 
53 15 94 46 16 41 18 52 89 
75 18 20 25 42 36 7 90 163 
58 27 57 61 90 9 59 68 103 
64 24 90 14 16 93 71 22 4 
72 87 90 85 90 95 28 12 155 
78 9 85 38 34 17 21 11 165 
57 94 27 87 88 50 91 56 59 
57 63 4 29 55 22 35 36 6 
93 75 40 64 35 80 34 83 122 
69 29 92 75 96 7 12 16 59 
78 87 101 43 96 35 67 73 101 
76 52 55 65 5 100 15 29 76 
45 95 60 50 55 7 90 24 58 
40 84 69 99 19 41 93 59 101 
5 53 81 6 98 65 31 60 65 
8 6 25 94 62 68 70 69 44 
72 30 34 96 55 74 8 29 181 
84 79 35 16 74 48 51 12 157 
60 41 99 98 21 98 76 84 39 
6 49 24 3 30 52 20 23 60 
19 11 100 9 100 71 76 49 165 
100 94 34 79 45 53 92 13 58 
26 76 11 38 22 73 56 3 164 
69 83 51 85 98 52 19 34 3 
81 53 43 30 24 74 17 78 184 
88 29 6 73 13 20 24 97 98 
22 82 92 29 55 99 91 9 136 
34 18 98 84 61 12 52 13 123 
89 98 54 39 24 46 82 70 152 
78 98 71 33 63 3 5 100 107 
13 54 100 46 41 17 8 85 123 
96 6 70 96 23 3 60 37 203 
97 85 61 48 49 87 25 14 24 
99 3 57 98 81 64 61 41 121 
64 46 58 39 34 41 86 88 130 
8 85 77 71 75 28 3 10 32 
95 67 7 14 23 29 6 10 166 
7 100 27 8 37 84 44 98 187 
45 60 53 22 64 63 24 19 62 
38 31 30 31 96 73 49 67 150 
56 52 25 31 35 25 60 81 179 
40 2 50 94 29 80 36 60 103 
65 75 6 46 92 6 99 70 163 
55 78 6 57 61 72 11 89 94 
71 16 27 30 64 85 75 86 35 
84 46 3 53 97 38 23 86 188 
72 12 62 21 34 67 45 7 7 
86 85 43 80 85 42 34 68 93 
27 37 14 23 74 9 90 17 49 
80 4 83 71 36 77 80 41 159 
88 52 84 61 87 58 83 91 3 
77 6 63 64 21 31 93 97 101 
82 51 40 55 33 19 44 67 9 
23 17 51 69 2 46 64 48 33 
65 68 52 57 42 84 8 15 25 
64 18 85 54 80 41 28 99 184 
41 35 21 67 19 22 55 61 152 
53 10 6 19 102 74 16 30 62 
100 27 11 58 49 21 8 82 101 
22 71 39 13 42 5 56 25 29 
99 101 51 33 5 82 10 57 10 
10 47 19 13 40 52 11 30 147 
83 85 88 2 61 40 73 35 184 
39 42 70 2 65 79 61 19 61 
83 70 25 31 50 93 17 100 72 
34 12 33 89 4 15 33 75 83 
29 99 41 13 62 72 92 73 33 
38 9 84 42 53 23 23 30 123 
52 54 37 97 87 63 5 41 48 
61 52 41 57 71 92 38 34 43 
92 72 9 55 41 79 78 80 185 
55 94 60 12 68 76 55 84 45 
7 34 13 80 10 23 49 33 43 
79 83 40 93 6 21 3 34 119 
55 99 15 60 21 9 72 51 97 
67 52 87 67 4 89 71 33 4 
11 13 64 88 7 10 59 101 199 
55 64 90 41 10 36 17 2 173 
10 49 14 6 10 61 76 84 167 
38 14 81 53 24 74 20 94 43 
99 69 94 7 3 22 12 20 179 
61 28 43 53 52 4 4 63 171 
91 7 6 5 14 25 28 23 179 
21 4 42 18 23 18 16 21 70 
95 5 49 94 97 92 73 17 116 
42 87 64 78 50 64 91 31 180 
18 96 57 70 81 81 35 93 35 
50 45 7 27 39 33 71 11 118 
39 99 12 16 33 98 69 88 76 
28 44 55 80 29 93 30 100 53 
81 27 26 69 61 6 76 26 148 
53 17 50 33 9 41 6 54 68 
80 5 64 61 3 95 45 9 100 
65 71 18 16 99 41 8 92 172 
35 72 39 8 42 10 26 18 144 
90 96 37 16 76 77 61 52 194 
65 22 26 33 26 54 57 12 112 
58 40 20 11 28 19 57 73 167 
97 74 64 57 36 88 25 57 28 
15 51 97 43 57 49 46 45 144 
63 4 48 87 53 32 55 70 159 
54 81 70 20 61 5 96 65 160 
34 10 88 40 10 72 42 44 125 
61 17 85 73 67 85 49 96 140 
38 12 22 35 3 68 10 72 155 
46 97 93 94 49 93 71 14 71 
87 25 96 78 47 12 71 96 111 
97 83 16 87 73 67 37 60 109 
60 102 9 22 32 40 96 98 96 
72 69 69 93 4 55 51 64 146 
77 62 67 13 65 9 14 15 182 
64 61 26 28 59 92 40 13 26 
29 67 95 58 84 52 65 101 57 
89 6 81 63 38 11 96 62 200 
90 49 38 2 10 19 51 34 76 
25 46 12 80 55 94 44 24 198 
80 20 80 18 50 67 82 27 20 
12 3 24 17 34 99 94 52 129 
77 29 60 78 9 52 15 42 112 
19 11 53 89 21 17 14 18 87 
22 74 102 74 22 84 10 40 65 
16 10 14 15 88 5 31 68 194 
42 4 13 30 5 9 12 65 36 
60 25 84 10 5 19 57 74 160 
65 6 9 78 70 71 21 101 68 
44 6 25 50 60 55 22 74 30 
33 94 72 94 64 59 67 52 32 
51 8 7 98 60 16 26 68 128 
90 66 36 44 11 6 77 70 121 
96 12 67 31 90 33 5 26 163 
10 73 44 51 12 20 56 72 189 
30 49 48 11 26 94 92 33 19 
82 91 86 68 20 96 100 73 83 
51 22 20 76 95 36 37 18 194 
22 41 56 18 89 41 13 49 44 
15 87 88 75 41 59 24 24 72 
98 44 55 50 53 41 80 7 103 
76 55 56 13 76 10 100 72 188 
56 67 4 47 57 72 75 87 176 
56 79 83 63 54 73 102 41 151 
44 74 91 17 40 84 91 39 191 
69 4 14 80 77 71 67 70 118 
34 53 90 85 78 68 55 25 59 
71 15 4 85 14 37 36 58 200 
5 41 29 22 58 20 79 8 170 
76 78 3 15 98 85 16 69 179 
88 61 98 25 64 16 56 22 51 
94 86 92 79 46 21 72 64 61 
32 15 97 72 8 72 85 80 98 
29 58 19 20 71 46 49 50 197 
4 82 79 15 68 38 95 87 45 
