8 1
300
72 79 81 100 40 67 38 27 109 
20 64 102 31 50 75 48 7 20 
57 51 33 10 33 90 69 58 172 
93 49 87 8 73 61 96 24 123 
70 13 86 3 76 32 34 29 116 
99 91 68 22 39 43 72 97 51 
37 64 48 93 34 84 83 47 160 
70 14 93 43 37 29 15 79 192 
27 56 77 3 78 6 34 71 138 
21 73 12 46 39 79 37 61 123 
16 80 81 5 22 31 54 66 32 
67 59 56 41 9 62 48 47 83 
51 35 88 44 61 64 16 64 151 
71 26 77 17 8 78 69 101 204 
17 24 36 48 52 13 91 68 28 
15 81 67 52 100 94 38 88 54 
76 74 20 19 90 60 57 85 85 
41 53 53 80 74 10 62 33 49 
8 5 85 77 55 95 52 3 169 
11 21 27 86 80 22 52 95 57 
84 100 35 78 94 69 72 52 33 
64 38 9 59 92 69 71 32 170 
45 100 20 27 69 90 78 48 132 
17 58 75 33 30 81 82 80 69 
92 33 13 18 7 6 80 90 134 
78 54 31 61 17 50 39 9 194 
11 59 33 48 102 48 5 57 191 
44 32 10 30 79 14 35 81 202 
74 28 95 17 49 81 24 102 191 
37 59 43 26 97 22 86 73 44 
4 46 33 67 15 52 12 38 118 
60 50 77 19 27 38 51 67 166 
4 96 13 54 26 102 54 69 200 
55 20 38 89 46 8 93 33 73 
70 8 15 45 7 13 23 67 107 
21 21 33 7 77 32 41 85 156 
12 52 22 33 15 48 54 59 37 
24 72 6 71 28 96 3 83 120 
70 60 92 102 33 61 50 35 100 
69 49 45 8 50 63 32 83 166 
17 39 95 69 94 49 95 101 193 
50 52 95 39 7 96 73 73 52 
89 13 21 63 85 82 99 87 22 
77 18 24 45 41 47 15 88 90 
67 3 68 44 8 33 66 102 170 
58 32 45 51 37 79 39 45 143 
64 56 56 15 72 9 40 21 170 
74 7 14 50 26 21 53 8 144 
60 46 6 90 99 85 99 43 113 
69 28 84 48 8 98 77 53 66 
91 54 34 62 7 90 50 94 193 
73 10 8 26 100 31 9 80 201 
68 76 59 73 19 30 54 73 189 
3 29 101 18 75 75 89 64 111 
40 100 42 19 41 7 91 27 70 
51 45 30 55 41 30 99 11 157 
77 20 37 6 10 36 97 49 133 
98 57 37 35 39 38 77 70 164 
61 51 37 53 84 94 96 5 58 
66 50 90 73 21 65 98 14 91 
21 37 93 8 24 94 42 95 143 
101 18 8 95 80 73 50 40 125 
44 26 38 46 11 7 8 33 201 
79 27 38 74 38 27 94 58 70 
91 54 29 45 13 91 24 98 178 
23 73 72 19 25 83 5 57 180 
10 77 28 88 2 93 96 65 140 
35 29 82 84 3 24 39 60 176 
36 101 15 49 24 15 19 87 123 
31 62 4 58 71 84 39 85 167 
10 5 54 38 51 50 23 90 141 
10 42 72 50 82 67 97 71 114 
77 64 55 14 71 17 33 67 9 
69 79 60 100 47 20 42 31 113 
35 100 52 67 28 35 46 12 93 
92 82 82 39 63 102 28 64 46 
31 98 37 39 7 86 46 56 24 
13 12 97 54 10 53 12 63 145 
8 12 38 21 70 61 73 44 173 
26 31 18 60 74 85 98 14 70 
23 98 95 68 23 74 24 36 2 
52 39 74 30 29 102 31 23 107 
88 11 30 78 68 65 101 22 52 
97 54 40 14 58 98 20 91 133 
80 41 91 66 99 36 61 23 11 
14 98 4 18 31 53 33 13 7 
8 47 32 32 69 3 49 30 167 
64 40 83 78 13 40 37 53 166 
66 23 14 96 19 48 61 88 52 
25 80 25 89 83 47 95 14 92 
37 50 74 90 20 71 55 98 170 
25 38 87 66 83 80 72 69 183 
92 14 30 86 72 83 78 26 102 
61 77 59 38 85 101 96 2 8 
11 78 6 45 43 23 65 38 104 
42 61 99 47 19 16 58 5 203 
19 52 80 94 13 96 21 96 45 
28 89 55 88 72 83 77 63 187 
88 49 73 9 24 36 32 38 134 
55 16 61 45 82 82 101 79 103 
27 19 67 12 26 49 102 38 102 
99 56 91 18 71 57 24 72 116 
30 12 31 46 63 77 30 69 163 
64 86 9 76 88 95 33 52 91 
29 78 25 26 10 88 87 35 168 
78 38 47 5 22 12 25 73 138 
24 83 58 92 84 59 69 39 108 
45 26 70 98 88 21 13 98 193 
35 6 4 45 61 30 94 54 63 
37 61 65 98 52 17 28 11 141 
90 39 96 68 59 72 35 44 21 
17 83 53 28 94 27 17 92 137 
67 81 25 30 100 32 29 34 160 
91 49 75 54 72 79 52 25 122 
3 69 49 34 12 19 21 80 146 
82 11 68 41 83 62 50 62 63 
48 63 41 66 42 27 94 46 194 
38 65 13 76 78 72 67 16 48 
22 35 71 7 11 22 61 49 48 
14 53 68 15 6 12 48 5 128 
22 39 29 24 42 68 24 85 33 
63 7 35 99 75 69 39 31 56 
63 43 54 21 7 95 4 82 190 
32 25 61 2 30 74 9 47 157 
98 99 95 5 85 28 7 100 86 
91 17 80 101 78 77 85 87 128 
13 3 35 37 22 62 75 95 123 
58 62 79 63 92 30 92 44 65 
35 60 60 27 17 8 53 15 132 
17 33 48 86 19 45 12 99 92 
46 63 79 35 32 92 68 50 79 
66 31 28 52 11 37 46 52 57 
6 87 88 29 86 10 98 60 127 
16 74 45 37 53 95 85 48 165 
56 2 30 70 61 68 70 89 172 
41 67 24 14 42 69 17 8 24 
61 19 79 71 39 74 30 55 156 
97 31 80 35 69 65 56 92 102 
101 38 29 22 61 99 26 59 189 
42 4 34 78 21 46 84 27 60 
6 87 65 57 42 8 92 74 119 
8 8 100 61 60 52 19 18 145 
87 41 60 82 48 82 82 90 105 
46 21 12 36 53 44 36 52 12 
89 46 98 22 32 89 41 19 105 
96 84 46 84 61 5 75 99 176 
73 25 41 85 77 54 57 48 109 
50 75 57 58 26 10 47 33 148 
77 66 11 73 43 30 31 88 14 
9 64 63 8 62 55 58 65 56 
68 6 70 45 67 86 36 93 93 
98 41 59 38 38 30 33 100 69 
79 101 84 13 56 92 48 50 172 
94 43 14 4 101 63 83 81 57 
6 34 101 27 40 52 85 36 97 
51 74 28 35 77 64 22 81 131 
46 57 52 81 99 20 102 44 103 
35 96 41 99 56 59 3 29 136 
36 54 64 34 30 22 45 100 155 
60 61 68 53 83 22 99 39 51 
79 27 37 84 27 98 2 53 82 
10 54 20 71 34 50 98 88 56 
4 14 30 32 38 101 44 43 169 
86 84 14 21 102 19 35 26 7 
33 55 29 68 34 79 82 37 95 
60 92 29 20 57 97 95 96 51 
99 49 91 39 42 86 15 19 141 
29 90 54 2 38 10 47 67 70 
101 39 83 53 52 3 55 86 107 
58 68 29 19 28 7 95 38 158 
15 96 15 46 55 17 10 55 96 
96 60 56 20 75 92 63 96 119 
46 48 99 90 86 58 34 59 105 
44 12 65 49 9 102 33 34 146 
23 58 86 67 45 99 56 61 53 
100 40 95 40 58 34 50 51 184 
83 27 12 59 14 97 66 68 89 
86 49 53 56 89 42 20 42 79 
76 80 5 102 36 27 33 35 41 
60 6 56 33 101 60 12 52 17 
64 66 46 91 3 78 56 72 26 
76 47 53 55 21 18 96 76 146 
89 83 93 86 28 81 78 8 128 
91 56 50 96 46 39 35 59 155 
97 87 79 29 47 66 16 59 180 
70 7 87 40 39 27 88 24 142 
18 79 41 67 14 97 16 67 35 
66 82 3 16 21 64 42 101 182 
96 63 38 29 72 71 93 10 4 
79 53 18 25 9 23 69 19 163 
39 32 75 84 14 82 50 52 156 
89 56 88 25 99 40 38 94 126 
35 92 9 71 76 6 96 39 30 
2 43 75 82 49 5 84 6 140 
19 14 50 58 81 22 95 5 110 
17 56 56 80 89 17 62 36 56 
75 69 58 70 91 78 68 50 22 
5 10 10 85 42 96 72 21 164 
15 79 13 89 79 73 53 81 168 
61 24 55 60 22 15 78 12 75 
14 50 25 74 92 33 13 92 196 
48 34 16 63 10 70 37 49 116 
18 88 93 87 20 12 96 9 54 
58 47 90 97 10 33 60 60 146 
59 43 90 82 78 89 77 7 97 
70 101 16 88 25 75 58 62 50 
47 29 33 15 81 85 8 56 92 
10 53 26 85 5 53 99 80 14 
71 38 12 6 13 15 65 27 19 
14 73 24 17 41 49 9 15 64 
42 46 64 7 76 24 44 69 110 
25 87 97 65 91 48 69 89 50 
15 43 18 20 53 55 77 96 171 
25 96 14 79 78 93 22 58 70 
46 66 64 90 64 46 61 42 84 
15 51 84 78 49 54 26 96 147 
16 25 95 10 32 82 40 22 150 
43 48 11 7 45 35 14 25 48 
64 27 81 74 60 13 15 64 92 
4 48 48 62 55 84 21 8 69 
43 38 36 84 52 44 73 20 191 
34 10 8 51 67 26 31 64 141 
95 44 66 84 98 70 37 38 150 
29 83 95 28 88 39 102 73 179 
91 81 77 38 4 42 19 83 110 
41 55 83 24 34 93 16 28 132 
71 60 42 68 49 16 71 46 77 
2 7 24 71 51 95 39 42 169 
95 58 42 26 67 16 17 99 170 
94 7 51 4 15 61 75 32 29 
50 24 35 63 69 60 6 19 155 
33 71 6 90 88 93 10 22 143 
26 47 95 28 54 52 32 79 82 
90 100 95 65 99 21 82 91 38 
52 34 91 84 22 50 41 85 58 
81 6 21 60 96 94 91 51 174 
22 24 73 85 33 92 20 18 41 
85 70 75 87 10 99 75 60 180 
83 44 27 47 89 70 24 53 150 
23 32 6 2 76 50 35 62 138 
49 69 3 101 66 7 30 57 32 
57 96 98 24 87 38 6 10 16 
62 77 37 4 63 82 19 100 176 
18 85 96 27 54 50 31 28 187 
89 84 79 22 19 34 55 69 118 
80 100 47 70 98 67 43 75 174 
34 47 8 23 85 69 20 15 147 
23 32 44 50 95 61 46 19 55 
32 42 60 5 51 96 25 41 202 
43 49 90 31 86 81 65 99 166 
87 68 101 13 4 6 62 35 77 
17 32 7 89 26 81 41 13 69 
29 31 98 15 100 46 69 80 134 
86 93 48 66 87 98 80 61 105 
29 21 40 56 45 18 59 10 20 
96 56 25 11 92 75 47 38 139 
87 75 70 58 45 26 41 78 85 
93 53 47 12 11 67 30 14 187 
97 75 89 82 58 93 37 76 49 
44 77 3 75 20 51 30 95 177 
85 73 78 16 17 69 77 68 115 
66 86 47 60 83 80 84 52 130 
83 7 19 79 23 71 3 99 4 
42 20 35 98 84 18 80 47 85 
17 84 60 22 7 92 37 72 183 
80 85 96 25 93 71 87 49 179 
72 8 52 9 14 19 68 37 97 
25 70 4 31 82 38 39 68 139 
7 63 3 29 44 53 82 25 30 
9 19 30 66 13 37 31 11 79 
93 11 72 43 57 71 45 14 8 
90 51 6 60 88 26 3 82 176 
89 45 67 101 29 91 5 61 39 
21 61 58 69 2 73 100 48 119 
100 66 8 33 86 32 50 94 153 
12 51 33 6 66 33 51 44 134 
76 94 84 83 40 98 53 25 110 
49 23 50 34 62 41 69 5 35 
82 58 62 36 53 37 16 95 23 
89 18 97 27 19 60 8 26 113 
78 19 28 13 82 62 79 3 145 
28 80 91 94 39 63 16 72 176 
8 41 42 48 69 47 87 66 17 
60 23 6 92 28 37 87 92 174 
92 71 78 101 60 52 67 90 32 
23 98 81 36 13 50 74 2 174 
16 32 53 84 27 19 55 20 164 
69 38 54 55 9 49 78 26 3 
12 8 84 92 83 81 32 66 139 
31 27 12 58 20 28 52 72 124 
37 11 46 61 49 41 72 100 105 
65 70 91 34 60 89 49 64 192 
6 26 51 73 54 63 51 26 191 
72 13 21 28 5 39 89 43 33 
59 53 61 45 23 86 30 69 196 
81 99 69 25 11 58 33 49 95 
13 65 59 84 13 25 47 102 177 
34 38 67 54 47 18 74 92 23 
37 63 5 67 45 87 67 71 57 
28 49 5 65 97 59 92 77 160 
