6 1
300
38 51 13 71 82 4 104 
28 28 44 20 53 71 187 
72 38 30 79 91 12 201 
20 95 92 22 56 60 136 
15 69 12 55 85 64 101 
48 70 33 33 93 73 22 
86 50 25 13 50 78 107 
26 70 28 11 78 74 38 
58 22 51 28 46 86 28 
61 34 67 70 9 44 50 
69 99 48 100 41 91 71 
47 70 11 7 84 16 181 
101 86 45 9 92 33 184 
50 84 7 49 89 99 53 
18 59 45 44 36 31 117 
72 81 13 39 85 86 24 
55 42 23 64 72 26 123 
50 24 64 18 13 35 41 
17 43 53 54 93 11 61 
12 68 65 50 88 34 60 
7 34 72 9 49 81 195 
44 86 87 19 75 67 139 
37 83 28 24 97 39 113 
40 62 87 94 77 84 88 
75 59 16 86 95 33 90 
92 94 11 66 56 26 149 
59 68 37 20 46 63 154 
87 40 28 92 96 76 136 
75 87 18 74 99 55 142 
29 73 35 82 36 26 94 
91 19 61 43 15 84 166 
96 52 75 33 23 69 179 
21 90 96 100 59 79 36 
9 95 94 59 73 6 62 
97 4 40 11 39 31 196 
23 69 51 83 93 87 161 
37 45 43 79 88 83 18 
85 41 84 79 49 31 168 
26 69 86 44 81 54 202 
49 37 24 85 40 94 201 
23 46 19 68 94 40 146 
52 53 82 88 24 24 26 
65 58 34 93 3 16 197 
2 67 41 14 36 82 180 
10 21 96 50 92 11 127 
97 67 13 57 92 13 152 
18 6 58 59 32 89 171 
81 92 95 39 80 4 43 
81 80 55 60 61 85 88 
34 89 40 35 15 52 140 
93 23 38 12 5 24 172 
63 85 58 6 95 6 59 
31 3 12 14 9 44 34 
89 60 99 34 30 34 172 
19 21 26 19 39 18 182 
71 59 29 77 82 38 38 
98 100 56 68 81 16 8 
88 29 23 8 10 54 9 
65 41 80 77 93 102 91 
66 33 89 57 91 41 122 
46 85 39 29 7 100 187 
62 44 68 51 19 83 66 
93 5 13 31 65 87 15 
19 51 101 91 39 76 66 
68 69 12 92 77 46 86 
46 86 81 5 56 14 7 
99 15 29 75 21 14 149 
30 79 29 27 56 55 56 
37 39 40 71 27 62 191 
78 57 61 44 40 92 98 
22 34 28 12 76 6 44 
38 75 18 20 64 61 80 
92 86 67 23 93 17 20 
49 43 37 31 54 11 45 
59 70 33 83 24 27 19 
47 3 18 82 51 8 202 
67 24 52 65 3 57 174 
74 96 23 49 78 40 149 
93 93 83 24 97 101 161 
7 87 39 42 35 32 93 
85 51 43 43 11 12 168 
21 86 68 53 56 38 175 
75 12 36 48 89 37 112 
12 37 60 56 9 22 122 
40 15 25 70 27 42 182 
47 82 8 69 30 93 147 
9 17 73 43 65 95 67 
77 5 96 48 97 92 148 
16 85 89 4 92 25 166 
73 44 85 31 98 99 58 
31 30 81 61 46 85 9 
22 89 15 46 29 29 128 
12 32 23 32 52 18 65 
100 21 67 40 70 92 75 
75 90 14 69 99 6 95 
77 16 90 53 10 71 193 
97 76 60 65 98 21 124 
15 64 101 48 82 99 65 
12 16 23 78 94 69 97 
101 3 78 32 25 18 74 
17 36 81 44 49 39 7 
46 9 77 75 73 78 123 
28 16 23 19 9 17 133 
2 69 76 17 4 49 196 
75 83 36 74 5 26 199 
30 21 6 35 62 31 134 
8 48 6 23 94 89 149 
89 57 15 18 3 73 32 
69 7 29 48 92 8 145 
28 43 2 71 53 65 201 
96 20 86 49 88 102 192 
23 73 96 12 62 25 177 
29 22 58 4 56 84 126 
17 79 89 72 24 96 164 
7 5 54 42 27 76 190 
39 32 71 17 73 23 95 
36 35 37 32 85 87 203 
23 46 69 100 82 39 163 
43 98 79 66 7 16 35 
70 44 72 37 51 96 182 
92 90 89 84 64 17 165 
46 54 42 41 12 83 171 
61 88 44 47 39 15 197 
35 93 53 68 9 32 136 
93 68 97 36 93 12 64 
58 82 18 21 24 101 197 
47 39 26 98 35 34 19 
58 29 92 14 82 95 118 
98 38 18 56 88 16 110 
88 47 7 21 73 55 8 
8 29 28 18 16 2 181 
56 29 72 76 99 60 71 
40 7 24 12 20 75 123 
46 101 66 38 87 45 120 
94 21 79 64 81 7 105 
3 67 98 68 95 71 87 
11 48 82 90 58 21 99 
42 85 10 55 82 45 125 
29 64 82 31 59 32 127 
9 95 14 20 55 85 78 
42 29 46 27 7 20 74 
56 86 49 31 25 12 108 
38 71 11 102 64 92 150 
5 18 40 37 41 82 5 
54 70 72 5 38 13 204 
58 66 30 77 27 28 151 
80 34 2 36 22 11 146 
27 5 20 93 96 66 77 
13 9 92 68 40 36 5 
18 79 28 89 102 55 164 
6 83 26 39 66 102 53 
86 40 3 21 73 32 58 
67 54 15 44 49 65 94 
60 40 11 90 94 74 127 
57 76 49 22 59 93 43 
24 96 56 31 66 14 57 
71 91 49 68 6 76 103 
27 15 47 55 92 37 96 
45 17 51 75 30 65 59 
65 56 101 17 41 9 90 
60 61 15 85 53 21 181 
52 65 23 90 101 14 63 
63 4 69 69 59 76 162 
81 6 59 39 51 101 14 
36 50 54 66 68 8 138 
56 34 72 41 18 60 190 
54 30 87 31 53 100 6 
54 34 50 85 36 67 161 
57 59 48 4 22 85 34 
17 71 26 34 7 65 17 
72 99 29 43 17 88 57 
78 74 10 99 3 6 167 
18 6 84 34 44 91 203 
77 26 39 98 77 79 78 
61 63 98 48 37 97 168 
37 22 44 20 80 53 160 
87 40 6 21 81 36 201 
67 44 102 65 77 10 194 
75 92 47 42 11 91 38 
12 13 53 68 11 101 167 
86 42 16 66 39 23 184 
88 35 79 98 45 41 190 
21 98 85 62 89 89 127 
32 99 80 71 64 63 153 
29 55 55 71 37 19 167 
4 88 102 39 89 7 179 
59 70 46 68 52 26 186 
17 71 8 25 14 22 110 
44 38 96 77 62 18 120 
82 26 29 11 24 13 36 
12 85 25 2 84 76 150 
32 37 5 14 38 85 27 
86 49 49 24 99 31 124 
52 8 64 28 91 31 158 
46 19 59 30 15 76 11 
88 85 25 32 48 82 27 
3 93 65 26 34 48 195 
78 82 88 27 85 59 124 
79 62 76 95 47 98 175 
20 48 86 25 11 10 200 
66 26 94 54 50 50 101 
17 101 4 59 85 84 139 
38 73 5 32 20 46 21 
25 51 39 2 87 29 170 
47 81 3 25 40 100 27 
58 96 76 37 11 13 128 
63 73 38 64 16 20 168 
77 83 95 94 66 91 86 
77 58 53 66 23 68 143 
22 4 36 48 86 58 163 
79 31 98 11 35 49 126 
80 3 40 73 11 3 142 
100 10 33 75 11 73 165 
40 24 73 90 47 95 84 
72 3 18 32 64 4 201 
54 99 85 33 44 82 200 
56 15 95 14 67 2 48 
96 5 74 77 87 101 80 
9 27 23 90 56 23 18 
102 24 43 49 101 73 94 
13 50 44 69 92 85 172 
12 80 78 82 95 20 156 
100 46 57 79 5 62 93 
74 63 46 90 61 92 113 
92 54 67 68 32 79 169 
57 32 9 97 18 57 199 
49 48 10 63 5 34 5 
80 88 72 98 13 2 80 
89 100 81 33 95 31 41 
28 13 16 65 43 95 89 
16 50 85 89 7 50 53 
18 38 29 58 60 55 26 
68 97 72 21 79 46 139 
34 30 65 25 28 80 44 
37 95 100 64 40 60 133 
40 89 11 7 54 15 146 
64 54 77 37 78 9 123 
18 46 46 65 52 77 168 
21 21 66 82 72 7 166 
45 30 96 22 97 49 58 
10 63 15 27 32 98 142 
78 91 90 52 73 63 40 
51 56 101 91 85 85 40 
70 47 27 84 11 92 42 
26 83 17 83 62 34 18 
85 33 40 21 81 15 90 
33 78 32 101 46 64 191 
76 97 33 14 67 11 83 
18 90 45 24 8 52 107 
10 75 71 13 31 13 135 
25 63 72 6 72 77 77 
71 97 85 67 30 28 102 
87 87 70 97 25 70 138 
45 97 99 75 65 94 48 
5 63 90 17 54 29 105 
37 63 10 96 36 5 95 
95 61 59 80 26 4 48 
90 3 18 8 45 101 165 
67 75 33 10 86 16 135 
36 98 51 78 101 100 104 
26 62 3 91 67 23 103 
38 42 97 41 91 102 34 
62 73 12 11 31 72 143 
90 79 89 52 91 82 120 
66 10 4 27 6 74 131 
43 17 19 80 79 33 61 
34 38 71 97 17 52 152 
27 42 70 72 30 83 74 
85 16 41 78 43 93 148 
35 95 16 87 30 54 40 
58 95 33 54 42 43 115 
43 20 58 76 32 86 81 
70 36 57 78 93 30 120 
4 80 4 38 41 59 202 
45 57 12 89 101 58 141 
49 39 20 91 42 82 87 
98 85 4 13 9 35 133 
61 61 11 38 26 62 112 
17 30 17 2 86 59 199 
66 48 89 33 30 72 44 
99 39 89 53 50 19 14 
97 2 27 34 25 36 173 
98 2 53 77 97 16 67 
11 5 91 58 25 46 67 
39 17 82 81 65 46 127 
24 24 87 78 46 50 41 
30 92 70 63 25 15 139 
48 39 59 35 58 91 181 
36 101 97 28 74 76 120 
88 47 55 62 92 25 151 
80 67 101 53 68 15 165 
15 23 98 102 33 66 187 
80 25 48 9 57 75 180 
25 92 52 74 76 63 87 
47 17 3 35 92 96 138 
73 60 84 92 78 10 44 
80 101 28 43 12 69 18 
24 9 55 37 51 88 113 
77 51 81 94 54 41 138 
8 97 69 43 72 26 16 
