2 1
300
3 67 87 
54 14 116 
99 59 187 
54 14 15 
13 24 105 
12 45 157 
86 76 117 
79 89 104 
58 6 48 
45 72 113 
5 24 73 
5 55 47 
17 3 190 
48 55 193 
95 23 69 
32 70 182 
19 93 109 
101 87 115 
97 25 158 
94 98 18 
36 56 178 
39 51 183 
74 9 141 
31 97 86 
86 40 44 
65 86 137 
19 28 75 
36 28 162 
4 6 76 
81 10 61 
47 26 13 
87 14 202 
9 58 145 
46 61 124 
22 90 196 
13 17 98 
37 35 81 
13 76 143 
74 102 60 
10 37 94 
55 95 203 
42 86 146 
38 100 53 
24 58 58 
98 76 137 
78 16 77 
85 93 181 
91 46 155 
92 36 102 
37 15 27 
72 101 45 
27 93 136 
63 82 11 
27 77 36 
24 16 158 
13 17 3 
5 98 176 
94 27 91 
59 66 101 
26 52 103 
24 3 174 
15 54 116 
8 72 170 
3 16 70 
35 60 34 
74 69 62 
100 81 41 
51 34 36 
28 80 152 
79 71 57 
19 40 64 
56 5 151 
34 11 127 
22 7 92 
19 4 168 
54 61 137 
30 87 197 
21 27 145 
33 75 141 
70 88 150 
85 31 6 
58 86 157 
5 81 113 
44 42 119 
70 80 151 
77 34 63 
37 76 42 
9 51 170 
33 100 27 
62 26 64 
7 66 48 
91 40 156 
45 63 39 
8 51 163 
14 88 94 
40 53 97 
99 57 85 
40 36 27 
55 77 162 
20 27 176 
66 46 113 
26 39 156 
37 81 83 
99 35 144 
14 31 52 
42 98 130 
40 94 96 
67 64 140 
92 69 63 
12 38 129 
99 26 75 
34 43 14 
27 90 101 
71 5 148 
9 2 48 
73 28 11 
90 15 163 
18 82 68 
42 101 167 
89 36 144 
48 27 90 
79 2 19 
36 82 180 
21 17 18 
16 71 182 
76 60 127 
47 21 84 
28 25 47 
85 83 90 
6 94 86 
26 40 109 
81 25 161 
31 32 203 
16 39 95 
18 71 201 
73 3 25 
46 68 86 
22 43 33 
32 23 6 
23 96 42 
67 32 181 
48 97 158 
57 38 95 
12 47 59 
64 33 168 
97 11 111 
26 14 162 
34 62 54 
2 7 197 
40 51 7 
79 10 74 
82 52 15 
59 72 152 
23 19 135 
68 36 45 
15 59 23 
35 37 25 
50 100 169 
42 34 145 
65 48 183 
83 19 177 
46 35 77 
95 84 166 
78 39 82 
82 5 194 
16 69 55 
6 89 98 
88 7 30 
93 31 22 
55 42 37 
38 97 50 
86 42 203 
81 24 3 
86 23 154 
31 59 200 
74 70 194 
89 29 134 
47 60 122 
44 97 27 
75 55 9 
29 42 87 
66 42 88 
18 98 128 
98 37 92 
28 22 136 
74 59 98 
18 21 127 
17 68 29 
54 93 75 
66 44 93 
89 8 142 
99 60 166 
35 68 37 
57 58 148 
34 94 188 
23 21 80 
95 72 80 
67 59 69 
44 14 151 
31 14 100 
8 54 110 
19 11 59 
77 31 128 
87 41 185 
32 63 129 
92 85 152 
24 33 148 
100 73 147 
9 24 103 
38 57 95 
9 7 112 
71 51 11 
21 17 169 
66 47 185 
79 10 65 
50 37 195 
72 54 60 
102 9 164 
78 11 166 
84 13 178 
80 41 150 
18 80 71 
38 63 26 
61 73 140 
93 60 176 
84 23 128 
42 61 177 
56 68 8 
19 9 199 
76 95 83 
26 39 11 
98 87 14 
19 62 64 
99 13 152 
86 14 165 
63 11 101 
96 96 179 
21 43 106 
2 26 150 
72 101 144 
39 64 140 
74 37 72 
66 97 149 
82 67 125 
34 45 99 
15 72 111 
24 59 201 
50 82 201 
54 7 195 
55 98 125 
35 48 127 
62 62 100 
8 14 157 
48 99 29 
79 17 61 
29 89 200 
6 90 111 
22 50 87 
74 91 169 
72 21 63 
41 13 203 
14 49 40 
101 73 170 
101 9 119 
79 78 124 
87 74 133 
72 27 38 
99 51 18 
9 15 201 
22 91 146 
68 38 190 
49 9 175 
16 67 138 
12 30 33 
17 6 165 
98 44 147 
84 89 37 
20 2 191 
14 44 128 
93 6 71 
22 81 169 
14 35 145 
67 33 142 
77 73 16 
100 61 199 
5 84 92 
29 13 145 
28 40 6 
56 50 75 
101 36 133 
25 25 124 
35 92 101 
35 6 146 
12 33 25 
5 9 34 
12 22 85 
98 12 124 
20 66 190 
65 96 85 
83 59 174 
