4 1
300
48 51 102 10 134 
8 22 97 52 157 
11 24 42 97 86 
84 72 12 55 126 
32 16 17 37 24 
62 57 101 93 126 
22 58 100 18 130 
70 70 64 21 151 
71 18 17 88 11 
46 82 47 28 57 
16 79 26 4 174 
34 36 66 99 13 
53 23 6 91 117 
55 26 26 33 150 
17 11 92 81 189 
15 101 31 33 137 
83 12 75 66 97 
45 35 98 33 65 
36 5 67 16 48 
50 15 28 32 107 
22 58 16 54 28 
7 89 47 12 147 
35 7 36 32 52 
43 50 42 44 30 
22 30 95 102 81 
13 46 78 58 92 
3 75 101 81 97 
27 98 22 53 86 
58 90 88 61 200 
31 71 36 91 168 
101 75 86 18 66 
93 65 16 15 5 
63 13 91 68 146 
63 8 57 85 203 
47 30 91 2 120 
34 45 36 4 22 
44 12 89 76 93 
30 91 86 49 115 
64 84 9 52 164 
46 101 22 90 77 
26 17 53 92 78 
74 86 86 59 203 
51 30 15 5 122 
54 27 17 22 89 
74 24 10 29 78 
65 23 41 22 30 
35 25 49 67 176 
29 60 99 38 150 
46 7 29 50 16 
36 71 6 92 60 
22 85 102 47 133 
4 9 26 54 153 
53 46 65 45 136 
28 84 50 19 67 
95 30 82 49 201 
69 97 62 22 9 
96 19 51 94 192 
52 25 4 102 172 
22 36 46 63 48 
102 43 86 83 166 
54 23 89 60 73 
94 6 55 48 200 
9 49 6 51 165 
36 97 74 51 34 
5 82 50 35 27 
61 85 21 26 202 
28 13 81 41 105 
75 32 93 58 6 
48 72 58 4 158 
74 31 97 82 181 
7 71 37 67 161 
74 75 56 47 155 
11 87 30 49 148 
98 71 68 100 18 
6 6 18 49 143 
34 26 49 57 83 
32 90 40 38 192 
58 79 15 62 161 
2 78 48 82 190 
63 44 11 32 167 
6 66 100 74 173 
3 56 90 98 96 
50 28 101 8 95 
23 49 95 55 34 
21 57 8 21 18 
29 60 37 56 19 
92 17 19 75 75 
68 92 68 53 190 
5 91 20 15 64 
76 80 42 36 147 
16 51 58 16 129 
50 60 81 67 118 
45 20 35 89 116 
35 11 27 71 162 
33 83 44 62 29 
32 40 95 90 70 
52 20 3 84 192 
43 62 5 13 179 
11 13 3 95 103 
86 58 33 59 200 
67 54 73 57 85 
36 9 98 3 68 
13 67 93 33 17 
27 19 53 95 34 
75 8 16 84 145 
22 81 51 12 60 
76 9 38 92 141 
100 48 48 43 124 
36 66 5 80 157 
46 22 72 88 52 
69 7 40 43 51 
61 40 91 86 45 
56 61 88 74 120 
6 32 3 64 22 
81 73 12 35 168 
12 5 38 7 56 
101 11 65 87 127 
71 71 96 68 23 
62 59 64 22 14 
77 79 33 22 150 
16 22 10 78 94 
98 97 7 61 32 
58 3 87 59 46 
47 98 3 12 182 
36 37 37 54 103 
24 11 91 29 16 
34 74 19 33 28 
82 3 89 41 135 
76 67 37 53 112 
60 74 6 100 124 
81 78 23 33 81 
81 87 59 28 50 
88 8 80 54 169 
85 87 55 47 88 
47 11 64 46 32 
72 2 86 99 187 
52 7 93 68 58 
58 53 88 95 70 
97 46 62 17 163 
71 89 85 70 146 
76 21 62 58 34 
72 16 80 18 142 
81 3 61 37 152 
83 16 14 27 55 
35 100 63 13 98 
3 51 49 66 96 
85 20 18 28 37 
33 47 37 53 117 
44 75 73 25 114 
96 87 27 43 200 
56 77 60 44 80 
78 60 51 10 32 
24 69 15 71 175 
63 87 36 20 90 
38 81 63 70 172 
62 30 39 58 111 
18 25 8 68 188 
10 62 76 89 86 
74 99 29 38 74 
78 62 3 40 192 
10 53 10 99 128 
77 16 92 60 161 
50 23 95 56 201 
100 63 49 79 159 
3 13 48 78 146 
41 54 27 34 19 
2 28 102 63 94 
67 18 11 6 37 
96 72 18 10 191 
54 5 75 39 78 
17 14 26 62 191 
99 6 34 28 48 
25 92 60 51 161 
24 23 34 10 69 
85 54 45 62 171 
33 97 40 85 42 
38 80 89 97 191 
90 4 42 70 100 
63 86 84 83 191 
7 15 69 31 146 
32 73 67 6 113 
65 71 66 79 129 
4 68 51 8 177 
47 4 65 58 186 
22 84 66 62 148 
101 72 64 68 161 
20 30 11 13 182 
67 15 85 42 65 
20 40 65 7 96 
97 37 78 96 101 
4 52 13 40 107 
51 9 8 34 116 
95 9 100 100 93 
76 60 40 19 46 
34 21 25 27 149 
83 21 61 15 159 
66 96 70 19 157 
70 19 73 61 84 
60 10 53 86 79 
14 42 67 62 149 
39 98 61 74 36 
85 29 89 67 144 
32 50 95 57 188 
101 41 82 23 158 
59 89 81 79 132 
26 71 41 88 126 
43 56 102 42 84 
70 37 98 2 191 
43 32 7 91 23 
12 17 98 94 82 
75 62 46 84 33 
52 20 84 10 190 
16 90 2 6 61 
78 50 55 16 52 
66 45 82 30 76 
29 84 92 68 111 
11 75 50 49 181 
83 12 19 27 186 
52 55 90 10 162 
55 32 3 62 71 
64 64 84 69 155 
32 82 18 48 181 
70 30 18 56 171 
44 42 55 17 100 
68 33 30 25 153 
12 57 74 51 171 
99 83 32 34 188 
49 92 83 73 121 
3 96 74 38 49 
24 40 36 26 77 
15 79 88 13 139 
33 37 61 94 135 
76 10 69 64 187 
89 100 85 64 77 
54 62 84 58 98 
74 61 94 101 108 
75 24 51 13 146 
22 97 21 67 125 
14 33 90 7 173 
95 29 12 46 76 
26 56 74 89 175 
55 97 31 66 195 
74 44 62 42 190 
55 61 58 92 148 
94 81 21 3 52 
23 73 79 74 113 
47 51 50 65 60 
20 52 64 28 39 
27 68 57 71 181 
72 73 51 14 67 
36 73 21 74 92 
47 38 73 64 133 
84 21 60 11 104 
25 97 99 13 153 
5 100 32 74 98 
28 26 52 14 113 
52 24 66 41 45 
76 32 78 21 171 
85 80 102 63 75 
8 10 49 21 135 
77 75 40 40 61 
38 44 49 27 39 
23 88 61 9 32 
62 56 21 89 157 
95 21 81 29 188 
27 100 71 38 85 
21 79 33 48 164 
79 86 29 12 174 
34 85 53 2 129 
99 21 95 48 157 
54 91 61 44 149 
59 97 13 47 11 
40 75 13 86 203 
45 57 15 29 79 
77 30 10 4 91 
13 69 80 66 195 
7 7 25 61 182 
31 20 91 75 50 
84 76 83 8 97 
62 73 70 3 42 
43 8 68 10 5 
26 83 59 100 128 
91 19 49 52 202 
35 52 54 96 144 
27 68 42 5 116 
4 49 5 57 173 
41 102 79 46 111 
101 40 16 60 134 
50 63 93 13 72 
67 29 33 9 30 
12 21 75 33 193 
77 68 65 54 203 
80 80 4 15 48 
91 41 4 98 2 
97 38 96 31 46 
66 77 31 71 186 
77 17 98 43 154 
23 28 49 52 161 
35 77 65 60 179 
72 61 80 90 93 
