6 1
300
56 82 97 49 57 48 6 
36 41 66 34 80 31 201 
101 52 59 17 35 54 191 
54 19 40 68 43 75 142 
23 55 51 85 33 47 62 
4 92 39 78 20 91 48 
101 12 73 29 9 52 88 
56 39 71 70 25 69 5 
65 58 84 15 75 35 28 
89 17 50 50 87 71 198 
62 23 41 17 65 73 109 
9 69 41 36 26 29 137 
18 82 18 10 79 30 80 
36 57 64 47 59 12 28 
97 25 82 24 83 48 192 
18 32 55 62 98 51 116 
91 45 81 52 8 48 145 
37 35 42 9 43 61 54 
67 79 72 8 63 42 27 
47 61 14 44 83 75 204 
52 65 50 83 81 84 94 
14 85 97 53 66 44 123 
92 42 17 42 89 70 105 
55 85 56 38 10 46 90 
86 69 9 27 75 73 174 
72 93 28 63 79 82 110 
96 77 57 99 100 54 113 
21 99 4 96 7 51 198 
82 97 48 73 40 4 59 
18 90 28 94 73 77 42 
51 91 81 12 90 99 122 
10 100 41 12 94 91 133 
73 7 32 70 24 90 184 
98 82 92 41 80 27 159 
89 31 7 29 80 37 144 
9 25 86 19 54 39 147 
99 9 63 48 15 65 93 
85 98 25 52 88 32 107 
11 91 73 11 74 84 45 
71 36 85 16 56 96 130 
84 48 53 72 53 20 204 
76 31 94 67 64 35 9 
36 84 79 93 8 20 201 
36 15 9 81 58 52 59 
75 80 34 61 71 84 5 
51 74 82 37 13 54 73 
62 81 46 12 51 20 72 
54 8 25 50 78 67 98 
35 46 93 97 70 74 5 
53 62 8 95 53 4 172 
12 100 58 96 68 65 152 
36 65 71 9 34 95 43 
75 11 13 95 18 56 35 
30 91 42 45 83 36 21 
21 40 20 100 18 52 89 
10 69 56 12 4 75 203 
82 23 90 38 80 83 159 
53 97 101 37 50 70 166 
11 18 53 87 32 67 32 
27 53 11 18 45 79 133 
44 59 85 16 83 18 99 
70 54 10 4 54 34 139 
45 20 65 70 84 64 203 
53 5 27 74 10 87 113 
72 81 21 38 6 15 20 
40 18 22 69 54 36 85 
66 45 85 80 35 49 168 
35 48 50 63 18 67 186 
56 61 44 74 34 95 199 
75 90 69 50 20 61 13 
4 45 3 32 30 60 179 
61 43 97 77 40 75 76 
35 74 77 91 50 19 170 
59 80 97 22 43 46 185 
57 19 31 17 90 79 65 
5 49 32 90 9 6 194 
20 50 100 96 22 63 82 
19 94 62 73 43 24 92 
67 8 12 89 17 99 11 
27 67 62 51 98 8 64 
27 46 3 42 16 90 82 
33 99 28 23 85 53 80 
27 72 46 49 56 89 78 
42 22 2 95 9 93 190 
84 40 47 25 57 11 187 
49 61 32 30 36 7 72 
11 86 68 34 48 68 203 
97 18 4 44 21 95 173 
26 3 50 9 100 49 100 
61 83 100 30 44 49 159 
13 16 21 22 84 5 64 
38 36 63 63 27 96 177 
24 45 83 38 18 9 48 
60 84 23 39 60 88 103 
6 70 6 6 21 24 172 
4 85 25 39 92 56 182 
68 89 48 75 55 63 77 
40 19 94 28 42 57 109 
33 100 85 26 19 83 66 
68 59 59 8 74 5 43 
63 60 101 28 55 36 187 
97 77 66 7 27 15 135 
53 14 80 81 69 33 144 
86 42 16 75 75 59 204 
32 91 69 84 61 19 158 
61 95 102 88 23 63 75 
25 21 21 94 70 68 34 
47 81 29 7 73 52 156 
20 87 56 82 79 94 134 
88 99 26 68 98 91 187 
21 80 95 48 72 36 125 
23 97 82 7 93 86 174 
12 42 79 90 69 3 85 
11 48 8 46 71 73 76 
24 97 29 73 79 26 55 
3 36 60 4 18 18 199 
91 75 77 88 10 82 156 
59 49 80 32 90 52 22 
34 89 4 2 66 26 202 
2 56 36 16 62 61 21 
9 21 88 53 87 46 41 
75 33 60 64 93 62 134 
50 51 43 91 76 19 140 
49 58 3 54 94 101 182 
22 42 73 50 23 69 103 
30 94 81 5 9 92 122 
58 46 40 75 66 36 107 
7 95 27 88 44 43 124 
65 86 101 95 47 33 109 
93 89 16 72 95 17 44 
58 64 88 69 28 11 185 
14 65 81 30 67 39 32 
49 48 64 81 28 92 134 
10 82 12 64 62 9 134 
59 26 5 72 21 33 100 
33 41 21 18 34 71 105 
23 21 67 82 95 40 90 
43 54 93 70 28 57 100 
84 78 7 69 4 28 112 
41 79 60 48 8 68 35 
9 45 65 95 22 16 176 
63 47 84 68 71 24 35 
74 14 4 95 78 102 100 
65 16 51 32 46 98 169 
45 9 36 90 73 29 71 
12 30 76 7 43 64 46 
34 26 2 35 6 40 137 
67 58 55 32 68 70 90 
31 16 65 78 20 6 38 
39 49 81 99 97 84 127 
86 30 90 37 40 29 66 
92 51 99 42 60 18 159 
54 83 60 7 61 93 166 
16 13 31 25 61 6 192 
78 24 38 11 58 7 165 
29 68 97 31 43 14 81 
67 68 39 62 90 42 175 
69 23 94 38 94 83 145 
19 61 13 81 25 40 29 
29 63 33 4 13 99 51 
17 65 78 20 81 44 99 
47 94 65 73 65 10 21 
3 45 75 66 26 12 22 
9 86 52 19 76 27 79 
7 8 60 79 45 64 107 
60 18 19 15 41 24 148 
68 50 10 62 31 6 54 
20 60 40 89 89 16 18 
81 29 3 7 18 12 84 
89 7 96 22 49 60 90 
29 58 53 87 90 40 85 
38 43 59 47 24 15 177 
50 22 92 59 49 46 162 
91 18 10 25 14 34 162 
45 16 42 85 48 84 185 
4 89 4 101 79 69 88 
87 46 62 97 99 55 81 
88 6 65 102 16 66 79 
42 46 64 77 8 64 191 
29 19 64 78 32 98 95 
35 89 60 72 79 38 11 
74 49 30 17 80 42 117 
12 79 85 34 20 54 128 
45 42 25 73 7 51 118 
29 100 21 69 59 95 108 
19 7 31 38 30 36 139 
99 36 62 29 23 39 38 
42 81 45 14 46 86 184 
49 37 101 74 89 49 92 
51 10 50 23 50 6 189 
74 56 98 92 21 96 96 
8 65 46 86 15 42 179 
21 78 56 15 11 65 143 
73 32 66 43 89 25 99 
28 14 8 76 34 27 139 
27 50 24 27 91 46 86 
74 58 91 77 9 59 61 
34 96 10 40 44 25 4 
26 34 51 34 73 101 163 
53 40 12 82 16 22 192 
30 34 90 22 21 30 202 
76 77 68 82 69 21 191 
20 99 37 93 5 69 5 
18 75 95 20 47 64 43 
20 81 97 94 39 37 10 
64 23 20 25 97 4 102 
59 85 54 6 82 89 70 
42 77 91 14 55 95 28 
61 96 4 76 68 81 117 
99 74 90 32 86 91 114 
79 19 70 10 66 54 122 
92 44 16 67 77 89 158 
6 7 83 86 44 93 9 
28 19 51 30 26 95 123 
14 66 76 98 99 80 131 
60 23 6 91 43 55 140 
55 89 11 93 94 81 189 
68 9 48 43 100 54 104 
2 21 82 43 61 101 161 
80 42 70 80 11 16 95 
86 79 97 3 40 37 151 
32 42 39 34 15 69 93 
59 30 57 101 28 15 118 
4 26 50 84 56 92 153 
49 43 15 85 68 48 168 
32 53 42 62 19 78 145 
82 45 11 48 34 35 43 
14 15 81 85 2 91 168 
55 49 22 86 47 101 168 
101 26 51 49 23 65 57 
79 17 41 11 39 89 47 
83 41 38 24 59 56 73 
29 37 2 68 60 2 159 
6 23 78 74 79 90 166 
21 62 101 13 72 95 72 
101 41 75 65 4 62 146 
10 86 64 90 47 49 147 
91 51 84 65 64 52 151 
96 65 40 62 101 43 128 
82 39 13 89 63 3 59 
97 29 5 58 42 8 195 
39 16 86 35 43 11 62 
13 19 50 10 46 63 12 
78 38 5 5 21 11 59 
49 53 4 86 48 45 192 
23 81 9 24 45 80 118 
51 56 29 60 34 35 141 
22 64 81 19 42 26 40 
94 101 55 24 100 70 183 
65 84 51 97 68 38 183 
40 43 88 3 85 49 57 
84 78 47 89 78 61 58 
91 25 69 9 22 77 61 
82 56 2 47 12 70 176 
74 80 65 68 99 81 166 
23 95 18 58 78 94 23 
25 9 36 24 11 64 151 
61 84 90 48 62 62 121 
89 87 57 75 82 43 22 
100 85 23 81 82 48 138 
32 53 52 45 86 21 116 
49 68 26 4 8 14 28 
99 77 22 39 21 24 72 
9 63 85 99 53 2 54 
27 15 45 31 18 8 61 
33 39 5 79 43 4 82 
21 34 74 76 31 99 4 
10 4 44 63 26 35 48 
92 69 49 35 21 33 47 
55 83 75 92 8 86 134 
40 19 62 80 22 97 180 
31 14 25 24 5 26 36 
14 3 69 94 76 8 85 
72 58 46 24 74 19 137 
53 101 86 25 16 38 144 
87 84 86 6 39 37 125 
58 25 13 18 8 7 85 
82 8 101 34 79 26 138 
62 18 57 50 80 23 161 
15 42 101 92 91 49 56 
20 86 89 38 74 82 31 
35 35 9 67 14 28 144 
95 87 93 38 13 5 51 
68 30 58 61 15 84 88 
86 14 28 20 61 16 127 
24 13 97 7 46 55 58 
85 51 85 69 98 10 42 
57 9 55 79 46 5 107 
58 34 80 61 100 74 101 
23 83 50 55 14 11 146 
76 98 33 70 52 99 171 
81 75 94 20 76 25 61 
7 74 42 16 13 12 135 
81 20 49 48 83 81 128 
70 37 16 86 101 50 165 
14 24 12 96 8 70 156 
60 88 43 26 51 22 33 
11 10 41 2 101 7 193 
80 86 24 71 20 24 26 
40 80 36 77 77 51 191 
