6 1
300
4 101 86 65 13 99 28 
55 37 44 14 96 85 27 
52 39 15 12 91 83 135 
93 25 36 16 100 46 191 
61 25 54 88 19 77 62 
52 99 80 92 86 94 68 
16 7 79 70 38 4 75 
9 34 80 60 96 2 24 
78 52 51 16 55 21 191 
14 92 28 79 10 85 2 
42 38 22 7 91 35 157 
20 59 47 63 44 59 106 
93 76 30 24 77 21 151 
49 31 78 32 75 41 7 
17 53 94 30 21 38 138 
98 60 54 8 69 37 120 
95 6 54 14 64 44 45 
18 100 56 35 66 28 189 
9 45 77 18 96 76 8 
8 56 35 24 23 86 194 
18 78 19 10 86 18 111 
27 26 20 13 99 83 202 
55 39 97 57 12 77 182 
17 79 92 74 62 57 179 
52 22 91 43 60 28 3 
24 40 27 82 13 41 168 
21 59 7 100 95 6 109 
18 39 70 14 11 8 3 
101 29 38 26 62 68 153 
6 31 72 41 57 101 65 
102 72 76 101 38 9 195 
23 87 77 69 53 36 70 
84 24 31 50 22 102 48 
13 92 59 52 74 9 32 
29 37 60 40 8 24 35 
69 95 15 75 101 7 160 
44 63 58 11 34 43 47 
9 43 93 36 101 10 182 
83 20 50 66 2 83 190 
52 18 31 47 14 19 33 
30 19 77 24 97 47 141 
31 2 43 42 68 95 42 
96 70 6 9 15 29 176 
78 66 11 101 26 87 188 
46 30 66 22 26 9 162 
26 17 15 6 66 23 107 
19 9 26 36 90 75 114 
51 27 41 101 92 31 108 
54 69 25 72 61 79 173 
75 79 22 45 88 43 144 
54 93 4 52 9 37 120 
59 86 67 38 14 38 194 
5 27 23 35 80 28 147 
51 92 36 6 46 69 92 
32 6 93 4 34 87 197 
35 38 52 86 96 96 194 
84 60 36 50 42 91 143 
53 102 11 10 17 101 9 
4 70 47 65 70 16 56 
82 76 36 82 53 101 143 
91 73 52 86 34 79 136 
34 2 59 5 80 77 162 
6 84 96 20 88 95 66 
70 6 23 29 82 70 6 
87 102 70 91 93 102 128 
31 62 26 84 24 39 144 
70 90 61 92 41 50 156 
93 42 64 67 7 40 44 
69 31 59 54 10 67 97 
2 91 16 89 77 19 155 
24 73 37 66 58 63 3 
18 63 39 44 23 28 190 
62 8 27 88 63 44 127 
33 69 33 16 74 25 138 
101 47 5 66 33 2 142 
71 29 3 51 79 22 104 
69 23 12 89 41 56 84 
85 91 3 16 77 16 187 
6 7 52 86 40 35 36 
18 35 80 92 28 26 186 
81 26 38 87 23 13 130 
48 23 29 36 71 29 35 
58 4 52 58 88 79 133 
24 53 67 41 90 36 106 
89 34 100 15 32 51 9 
68 67 31 56 5 30 120 
86 26 52 71 8 2 123 
33 30 35 42 49 28 118 
75 73 48 36 79 14 120 
90 31 22 41 80 15 184 
40 23 5 85 51 9 78 
29 17 71 84 35 93 116 
6 66 76 86 25 48 189 
96 85 22 27 18 102 196 
97 32 33 30 90 72 191 
9 33 58 99 21 22 95 
58 79 54 46 23 4 172 
66 49 57 56 69 100 91 
40 84 60 35 9 44 67 
87 40 56 48 23 65 198 
36 19 88 6 28 48 78 
9 70 83 97 100 14 64 
85 77 76 23 74 52 142 
50 100 66 14 80 16 146 
40 100 100 102 41 89 64 
31 71 52 43 54 8 65 
16 79 41 11 32 3 5 
65 82 27 52 15 30 174 
21 25 94 49 34 68 140 
72 85 97 61 27 2 111 
9 25 81 22 45 40 72 
24 27 5 50 15 71 154 
20 75 52 28 61 47 22 
48 61 96 22 42 65 90 
95 45 53 7 3 50 116 
58 48 32 72 91 53 199 
99 91 101 21 99 95 108 
13 47 35 67 57 46 124 
67 88 102 5 78 93 60 
84 54 45 13 24 21 127 
29 22 57 72 97 14 101 
72 97 3 45 72 93 168 
100 20 42 49 5 98 187 
62 32 69 16 62 71 33 
38 58 10 77 76 93 172 
27 80 97 62 34 13 193 
93 101 62 8 102 48 172 
37 5 67 20 25 72 136 
92 90 58 37 45 35 70 
40 95 70 98 3 100 148 
42 47 89 73 87 99 142 
33 10 10 62 25 33 5 
55 45 59 53 23 20 74 
92 41 27 91 80 63 109 
8 94 12 101 50 13 193 
60 80 49 40 75 99 120 
83 50 77 22 4 34 173 
52 13 46 82 82 39 104 
8 63 85 9 38 18 54 
18 100 62 76 22 9 195 
67 12 15 49 23 79 20 
93 52 71 78 31 70 114 
83 68 21 71 77 46 107 
19 66 34 39 83 35 133 
52 17 48 84 27 91 175 
3 33 35 61 62 44 33 
13 16 32 10 50 72 73 
35 43 8 47 65 46 99 
48 83 12 42 46 46 84 
37 25 96 6 81 72 163 
36 89 11 17 4 39 13 
52 3 31 35 65 32 38 
76 42 38 64 48 40 114 
52 24 21 18 99 77 156 
93 38 6 71 2 58 200 
56 98 33 63 9 45 196 
82 83 9 84 17 25 127 
85 60 44 35 35 26 173 
67 92 101 7 64 31 120 
67 27 65 64 76 21 41 
46 8 2 41 97 61 142 
43 14 36 85 54 17 20 
81 64 38 70 33 16 183 
8 34 59 47 15 39 33 
58 46 21 43 5 44 80 
54 44 96 40 67 17 49 
80 67 24 12 17 52 176 
65 29 97 44 8 32 78 
76 46 96 83 24 56 175 
70 17 44 50 74 72 56 
22 44 32 69 101 68 59 
69 37 37 101 89 31 188 
19 26 100 100 15 3 160 
100 3 58 44 63 40 22 
52 81 64 44 82 61 90 
87 67 78 9 65 12 16 
11 61 85 37 27 95 106 
92 46 53 61 71 50 46 
43 76 26 40 30 20 35 
58 75 58 9 72 51 66 
62 24 93 52 94 73 183 
44 76 9 39 47 60 123 
37 13 85 13 13 24 91 
93 53 72 37 93 92 109 
88 28 30 57 47 22 64 
24 62 12 79 79 34 203 
2 19 3 86 62 59 43 
64 75 98 61 29 90 141 
73 23 17 2 83 39 115 
49 82 84 2 41 31 30 
53 75 36 36 92 46 185 
37 71 53 33 36 35 49 
55 33 97 19 34 64 104 
41 97 79 99 97 45 109 
39 21 85 23 30 8 25 
102 65 27 39 45 80 76 
55 65 71 49 6 35 192 
51 89 85 9 69 65 26 
80 59 39 97 3 39 199 
52 70 12 8 28 14 110 
71 72 82 90 85 16 177 
34 10 52 93 13 61 180 
34 3 16 63 45 102 45 
8 90 44 44 43 41 8 
97 61 43 80 23 43 164 
19 4 21 85 51 27 96 
51 89 6 92 81 11 37 
69 97 47 85 14 34 129 
83 40 48 44 77 86 76 
50 10 15 92 20 10 34 
100 97 80 96 77 77 116 
3 41 54 64 31 88 59 
66 99 97 11 11 19 73 
67 75 43 76 44 12 3 
81 93 3 63 3 4 141 
2 69 91 40 59 8 164 
101 96 82 48 100 10 172 
14 20 83 10 93 82 70 
24 38 22 35 67 58 46 
50 53 3 30 86 62 131 
32 8 73 55 13 57 134 
81 63 30 46 4 18 139 
75 21 55 13 23 37 159 
33 71 6 93 52 61 106 
44 81 20 16 51 22 168 
14 12 58 82 28 70 89 
77 94 91 66 42 56 154 
34 51 20 65 26 88 202 
39 69 63 63 98 16 76 
84 13 32 55 98 88 124 
11 99 33 97 69 37 114 
79 17 30 13 6 78 23 
32 2 52 26 36 85 153 
46 97 21 31 56 8 190 
83 61 13 46 71 17 49 
54 89 70 60 53 46 124 
53 36 52 94 40 29 109 
13 82 31 64 4 88 134 
4 14 68 15 31 64 196 
58 19 69 38 63 89 158 
15 85 69 85 42 16 188 
63 71 40 18 81 42 144 
81 84 84 68 31 60 103 
77 3 47 24 83 66 194 
19 85 58 79 41 77 199 
99 64 81 65 74 75 85 
45 31 99 51 24 28 158 
37 87 72 34 32 29 79 
83 24 63 60 52 99 91 
87 84 40 42 67 75 168 
22 5 5 60 86 11 67 
75 50 75 61 40 20 168 
100 88 48 12 50 61 33 
42 20 7 24 78 99 118 
49 61 11 59 55 97 31 
84 69 76 47 20 8 19 
76 90 101 13 82 64 178 
97 95 32 19 15 69 164 
86 100 38 11 14 77 54 
91 66 4 87 24 70 35 
21 73 66 31 56 9 135 
33 8 12 98 37 72 106 
68 81 42 42 31 36 200 
70 40 39 9 33 85 174 
26 99 28 60 96 73 155 
24 68 89 62 62 16 110 
94 27 15 79 7 76 49 
87 64 47 96 36 20 105 
35 30 25 24 26 83 15 
11 86 40 43 101 78 91 
15 55 83 71 22 46 155 
15 26 32 28 11 63 82 
36 83 66 62 55 27 180 
40 67 39 37 36 49 170 
43 76 37 7 100 81 147 
11 66 27 16 76 77 43 
6 95 98 18 21 69 154 
5 77 83 49 53 58 153 
90 46 36 88 99 95 147 
52 97 23 12 84 70 53 
19 41 48 80 51 70 72 
74 43 21 16 82 10 79 
102 56 60 49 26 99 45 
23 93 30 79 84 51 110 
100 77 8 39 101 52 175 
37 38 70 4 90 42 34 
5 17 74 20 87 36 104 
43 65 65 61 73 6 197 
50 19 4 69 21 83 153 
68 16 79 82 60 54 132 
20 92 47 38 59 7 38 
78 59 61 99 17 5 115 
14 44 81 31 48 91 178 
21 69 36 70 61 43 76 
3 97 40 29 83 88 50 
75 20 25 16 101 81 148 
63 45 72 6 80 20 112 
73 100 53 14 65 79 202 
25 13 69 100 66 83 154 
64 23 72 36 19 35 81 
