2 1
300
48 28 90 
8 67 109 
77 2 174 
40 5 139 
45 81 151 
21 29 127 
58 98 138 
20 14 42 
21 32 66 
17 34 61 
41 36 96 
40 28 108 
96 88 30 
99 53 37 
12 28 7 
90 45 102 
17 78 189 
101 45 178 
66 29 32 
26 89 72 
23 62 139 
58 101 141 
23 7 108 
23 26 86 
50 60 93 
52 11 176 
19 33 177 
84 102 116 
39 42 186 
62 76 202 
40 73 202 
81 78 185 
52 56 55 
36 69 79 
99 96 107 
53 53 173 
44 16 40 
31 9 115 
50 41 125 
13 21 122 
80 64 66 
55 85 110 
45 71 169 
56 2 113 
62 85 132 
51 87 14 
7 87 182 
8 20 123 
82 11 132 
45 33 76 
32 40 71 
69 58 12 
8 46 23 
100 10 167 
4 90 29 
66 71 49 
94 101 113 
57 9 71 
73 73 91 
74 75 152 
91 2 80 
48 26 127 
23 95 57 
61 44 84 
98 8 158 
9 6 63 
49 19 84 
43 53 65 
84 77 66 
2 98 173 
63 37 146 
38 11 19 
45 58 130 
53 45 156 
98 35 118 
16 61 2 
59 65 138 
16 27 116 
36 50 102 
9 66 101 
32 23 197 
44 100 17 
71 61 199 
71 66 99 
69 97 151 
66 47 38 
76 69 35 
33 45 69 
20 49 22 
17 4 124 
61 38 188 
16 23 46 
82 56 72 
52 47 203 
5 90 202 
21 49 62 
84 71 9 
33 35 198 
35 101 159 
65 27 105 
99 57 117 
39 12 59 
58 55 152 
54 87 186 
85 26 47 
19 31 113 
36 101 204 
83 34 68 
59 30 7 
97 83 46 
46 18 61 
86 55 185 
44 68 161 
73 65 193 
57 32 173 
14 50 21 
77 18 144 
24 31 54 
53 19 47 
26 82 167 
28 63 146 
54 10 140 
64 102 145 
34 76 129 
79 66 74 
7 27 6 
50 47 163 
95 23 134 
54 24 179 
5 34 75 
70 20 176 
99 46 7 
25 5 48 
18 53 100 
41 45 87 
9 48 134 
92 48 187 
22 78 73 
4 35 83 
8 3 175 
83 61 138 
37 65 115 
79 82 41 
35 84 48 
81 34 192 
33 56 159 
25 47 156 
24 15 176 
47 50 87 
53 96 25 
64 20 6 
39 37 188 
83 6 162 
88 32 135 
48 59 132 
71 43 92 
43 73 161 
64 85 115 
11 61 94 
83 92 32 
16 28 175 
10 73 132 
22 44 196 
4 53 104 
101 39 31 
12 78 114 
24 78 17 
100 12 49 
34 102 72 
48 29 157 
48 101 30 
66 75 10 
82 40 176 
102 50 200 
50 41 43 
30 66 95 
44 101 169 
92 61 30 
9 18 34 
64 78 146 
32 76 32 
22 58 105 
39 36 132 
12 32 79 
72 24 58 
11 51 146 
5 6 75 
90 6 59 
96 58 83 
2 59 116 
90 20 128 
16 72 151 
85 31 169 
71 94 61 
84 33 142 
46 22 77 
88 100 137 
46 61 146 
37 43 144 
89 28 203 
13 39 159 
10 24 25 
78 57 107 
56 28 44 
91 36 27 
9 8 149 
61 52 75 
5 16 120 
92 46 122 
93 81 61 
6 99 8 
85 60 113 
54 76 21 
60 71 133 
87 34 147 
48 58 52 
61 31 72 
100 29 156 
65 10 47 
21 20 161 
54 87 156 
25 52 62 
20 7 155 
59 57 67 
65 4 165 
73 19 168 
89 46 179 
37 34 103 
96 8 142 
29 22 103 
35 35 116 
33 8 171 
91 65 167 
44 30 104 
51 4 152 
5 36 54 
97 94 185 
43 34 152 
93 19 109 
28 31 92 
62 93 174 
28 27 46 
78 35 196 
99 85 113 
2 46 33 
39 88 63 
78 94 147 
45 34 59 
61 94 3 
84 42 181 
33 65 71 
39 84 77 
67 25 157 
54 29 5 
32 100 21 
38 42 180 
61 55 66 
25 52 77 
75 19 122 
59 69 68 
23 96 189 
9 68 42 
23 65 128 
80 74 128 
55 26 133 
72 16 70 
21 25 107 
15 25 177 
59 10 27 
99 67 134 
80 11 116 
46 33 68 
11 24 66 
91 17 159 
28 82 167 
72 72 56 
74 5 9 
28 40 90 
83 10 145 
8 53 120 
10 26 200 
99 2 130 
8 11 188 
34 63 186 
4 31 18 
76 89 88 
7 89 79 
88 26 127 
64 54 145 
15 66 48 
64 5 147 
75 84 186 
81 31 164 
20 66 125 
36 42 86 
14 26 19 
38 9 45 
30 3 131 
22 24 203 
38 37 99 
