4 1
300
32 83 77 56 75 
13 18 87 33 192 
17 73 33 70 110 
88 97 94 61 168 
53 80 21 24 60 
53 24 49 86 100 
91 77 40 2 76 
25 28 14 23 152 
3 2 19 63 152 
82 78 88 19 108 
76 91 79 70 37 
54 64 54 27 174 
91 72 3 85 12 
42 35 33 33 64 
62 85 74 87 166 
53 64 60 50 100 
77 38 32 34 152 
2 100 72 85 174 
63 76 89 37 174 
33 101 36 58 71 
49 47 57 88 189 
93 19 94 89 137 
92 6 6 79 23 
55 42 71 11 12 
44 66 51 48 142 
88 98 38 102 102 
54 29 4 16 5 
32 82 46 41 169 
85 8 84 18 194 
59 72 12 27 67 
94 33 27 53 188 
85 98 11 18 16 
97 83 94 40 33 
65 4 92 77 164 
75 98 31 28 45 
38 84 35 53 27 
18 88 13 70 118 
23 4 53 24 38 
36 73 30 34 179 
5 16 47 3 67 
57 82 37 47 122 
98 3 101 32 115 
4 66 60 6 187 
11 71 27 82 193 
63 53 70 59 95 
4 70 99 40 40 
24 39 34 21 118 
37 53 68 10 126 
21 5 23 68 35 
72 15 26 43 161 
35 91 66 8 147 
6 14 80 101 118 
30 7 63 13 70 
67 34 42 49 116 
60 5 18 21 153 
60 32 4 43 156 
91 46 58 62 174 
35 75 27 49 111 
25 75 70 53 68 
17 43 12 34 106 
40 75 79 86 43 
32 75 48 33 30 
75 12 39 25 141 
86 50 4 28 2 
94 9 94 95 69 
87 37 68 88 123 
18 22 72 92 78 
18 69 74 42 113 
63 29 96 35 165 
15 39 47 84 100 
69 42 86 34 122 
34 83 86 53 73 
97 9 61 73 199 
55 43 49 87 108 
19 78 64 73 81 
67 15 61 14 42 
50 92 86 40 191 
79 38 39 32 14 
37 85 23 6 122 
56 70 24 38 57 
74 92 62 31 66 
92 79 16 95 192 
21 23 74 33 177 
8 25 24 80 44 
19 5 19 81 37 
36 58 60 13 174 
99 92 26 87 98 
60 31 56 8 8 
101 24 46 38 177 
16 12 91 20 111 
33 48 46 17 22 
71 75 83 14 200 
37 22 5 10 198 
31 100 90 86 60 
78 71 18 77 45 
97 61 83 95 9 
26 68 42 59 111 
54 48 10 77 161 
87 50 44 10 140 
82 21 38 41 118 
18 25 8 91 159 
64 32 71 96 31 
12 95 90 10 152 
70 82 47 56 93 
85 91 15 7 90 
30 28 10 9 86 
78 25 43 37 179 
3 63 53 81 187 
24 78 16 63 140 
94 62 36 36 2 
102 76 84 96 152 
29 12 2 48 103 
38 23 65 54 80 
90 53 55 23 150 
9 31 68 65 49 
9 77 54 39 105 
70 94 77 8 86 
4 42 50 63 126 
92 62 7 31 114 
3 16 64 24 165 
43 8 16 62 190 
73 10 22 73 139 
53 60 65 97 167 
46 49 58 13 75 
49 6 95 61 170 
49 25 39 9 47 
95 15 32 59 22 
64 80 16 16 144 
96 23 79 95 22 
34 99 13 50 25 
56 60 53 88 69 
40 16 56 79 95 
50 73 14 50 153 
40 30 9 87 43 
68 34 45 43 87 
28 29 101 52 104 
52 15 91 98 140 
37 64 46 25 148 
50 26 39 69 47 
25 11 30 20 146 
6 92 28 30 95 
23 17 13 46 16 
13 16 7 28 197 
37 84 19 82 81 
79 86 86 14 148 
43 97 77 20 40 
20 100 83 80 96 
62 89 63 52 97 
22 53 2 19 126 
35 22 13 73 178 
43 94 50 81 193 
22 9 15 57 11 
28 42 94 27 182 
14 36 28 82 76 
50 22 69 35 40 
28 86 69 53 81 
24 87 6 33 158 
28 52 4 86 56 
55 75 8 47 44 
83 61 78 30 101 
102 95 33 36 80 
23 27 17 63 142 
38 41 65 18 169 
43 37 63 50 129 
64 34 44 55 171 
77 16 23 14 79 
69 10 42 4 82 
30 56 72 95 116 
3 37 43 17 185 
16 13 92 65 163 
47 100 30 67 177 
70 53 80 52 130 
9 6 5 25 7 
30 102 63 79 112 
89 67 70 93 128 
30 93 30 64 144 
66 26 60 34 189 
71 82 77 17 147 
79 78 22 31 102 
98 33 21 14 129 
16 52 15 11 189 
82 31 39 4 121 
79 25 18 82 202 
85 48 73 32 69 
50 27 48 7 157 
13 47 41 44 135 
99 74 18 101 116 
16 13 52 42 26 
42 46 75 58 193 
56 62 42 32 136 
53 63 90 81 32 
91 6 10 34 168 
37 92 97 38 127 
7 10 19 26 173 
74 98 33 20 190 
6 54 91 13 48 
53 7 11 78 33 
38 86 38 86 139 
12 4 20 60 157 
52 51 39 96 182 
48 46 18 48 193 
57 32 72 88 23 
39 17 100 11 65 
32 83 21 23 55 
23 73 34 58 153 
72 80 75 43 88 
57 17 97 23 156 
9 91 65 83 125 
8 16 52 76 65 
97 7 11 28 97 
71 32 18 70 139 
77 13 62 73 51 
79 58 31 46 113 
23 22 78 35 51 
43 20 40 62 42 
10 23 60 27 163 
67 71 49 97 150 
27 101 29 56 4 
98 31 94 59 172 
52 87 8 21 22 
77 30 79 4 14 
53 94 58 50 123 
56 55 38 94 121 
10 11 36 72 62 
24 95 25 33 60 
14 28 83 78 143 
25 17 41 17 11 
39 94 47 91 47 
35 45 80 95 97 
44 95 2 100 155 
43 53 38 91 179 
84 8 47 76 191 
27 13 83 81 77 
41 16 23 89 46 
19 67 48 50 197 
81 17 31 87 176 
21 28 85 102 61 
74 81 52 29 48 
33 48 73 97 198 
24 64 102 58 17 
30 74 15 78 122 
78 7 90 95 19 
68 78 63 89 152 
101 30 83 52 133 
63 67 96 66 185 
72 95 52 53 153 
19 18 75 79 119 
49 15 9 42 109 
70 92 59 21 116 
57 88 86 23 200 
96 83 52 94 96 
65 80 51 87 182 
85 56 40 20 186 
53 6 86 31 56 
89 23 43 99 198 
73 10 77 9 74 
87 11 31 55 166 
39 68 83 33 194 
71 65 24 53 143 
15 55 41 30 14 
53 4 57 96 24 
75 42 55 96 155 
57 5 44 52 11 
76 27 87 39 112 
87 24 55 36 118 
25 100 92 29 172 
20 72 50 3 172 
85 57 37 44 19 
98 14 89 57 82 
68 24 75 49 197 
90 70 4 75 45 
31 51 22 39 179 
77 53 29 12 118 
88 57 42 68 46 
21 92 45 31 119 
74 38 100 97 187 
4 28 45 32 196 
53 70 77 82 113 
36 37 101 56 70 
48 88 78 99 111 
13 84 9 27 159 
100 26 75 17 100 
95 53 27 47 175 
51 10 98 17 16 
20 83 62 13 179 
86 93 91 97 27 
89 61 3 43 165 
22 21 20 55 199 
28 97 62 34 126 
85 11 55 70 173 
40 91 64 92 76 
32 24 98 40 191 
9 37 80 5 127 
36 52 87 66 135 
32 92 46 19 165 
25 23 30 51 10 
77 40 23 12 152 
99 100 13 6 104 
100 24 82 61 184 
93 19 59 72 57 
