8 1
300
14 56 40 65 29 47 82 62 110 
101 26 2 10 51 3 15 71 5 
96 3 64 58 23 12 89 74 121 
94 64 56 70 59 87 91 45 95 
14 22 73 36 7 59 26 58 201 
72 99 36 4 92 101 69 60 166 
67 58 35 29 78 58 89 90 200 
102 32 69 18 21 8 57 3 101 
32 62 98 7 34 66 14 18 153 
27 92 74 56 3 101 5 25 178 
15 87 46 17 49 19 61 26 54 
33 57 79 30 49 91 52 39 200 
87 62 26 70 18 62 83 64 199 
28 48 31 70 14 98 21 44 34 
7 17 15 81 48 10 40 83 126 
100 99 45 84 6 67 3 20 130 
65 47 71 86 37 87 22 35 161 
99 65 44 83 11 7 76 47 46 
87 9 16 18 32 37 100 85 133 
57 46 43 66 70 96 35 58 198 
49 24 82 30 61 15 31 43 38 
21 19 90 40 11 61 45 17 25 
51 50 17 36 87 54 23 67 181 
39 34 97 50 50 55 11 29 49 
44 60 50 3 88 91 19 81 135 
78 19 37 84 24 54 85 86 18 
84 14 39 30 9 96 27 94 20 
24 73 71 37 31 84 38 3 119 
65 50 64 28 19 8 88 46 98 
56 58 13 45 67 66 47 29 32 
89 16 52 56 78 96 82 97 19 
99 43 90 55 48 23 97 22 76 
48 58 98 33 44 65 48 73 75 
100 81 8 7 92 4 69 52 177 
9 11 73 69 49 24 100 91 8 
62 2 12 92 51 47 29 101 145 
21 58 74 89 10 8 60 83 34 
4 95 54 88 89 98 36 89 23 
67 81 11 76 35 55 62 89 145 
28 11 33 63 79 92 34 50 191 
17 22 4 68 11 67 8 98 195 
53 76 16 16 57 63 37 64 43 
64 47 25 21 29 23 37 34 149 
87 44 18 63 56 41 4 22 138 
11 102 72 46 70 39 60 11 27 
59 15 55 71 28 17 72 72 7 
72 98 95 82 33 79 95 22 111 
82 92 22 77 13 38 96 28 128 
53 20 79 88 63 20 11 80 41 
21 18 18 3 94 86 39 34 50 
76 30 71 95 53 50 85 80 41 
95 84 3 19 77 101 55 21 108 
27 87 37 77 74 55 60 75 11 
40 81 100 38 40 81 14 22 200 
95 60 68 31 5 85 101 18 195 
20 4 43 18 50 75 33 13 98 
91 102 59 18 37 80 45 47 201 
24 58 46 24 7 57 4 62 126 
88 98 84 53 78 58 59 42 146 
66 24 34 27 7 29 34 25 43 
43 79 25 90 88 59 87 79 123 
54 99 99 88 17 90 13 47 32 
67 40 25 3 61 97 9 82 50 
69 98 53 19 92 85 37 62 169 
40 100 13 27 68 101 98 7 89 
77 80 9 46 16 62 14 69 173 
99 43 20 30 83 8 36 20 165 
10 37 9 16 53 56 7 75 97 
6 43 74 26 6 56 54 35 6 
19 25 84 93 7 25 100 40 42 
67 12 19 7 93 50 20 90 144 
38 63 28 54 40 43 15 10 54 
15 75 38 66 78 50 6 19 193 
100 19 32 86 18 16 37 43 130 
32 102 51 26 8 19 85 18 147 
78 66 87 43 80 99 99 87 133 
86 2 36 71 3 76 56 22 144 
42 54 47 14 20 99 79 86 18 
78 91 69 21 83 62 79 30 108 
11 59 41 36 89 32 51 53 84 
32 63 101 77 72 88 48 46 132 
28 66 49 90 66 97 91 23 196 
100 66 21 75 94 75 24 47 129 
34 8 67 17 65 69 59 50 48 
11 3 22 83 75 39 98 52 131 
8 23 95 46 47 69 36 53 178 
23 58 70 28 55 27 25 17 78 
102 14 2 82 34 18 74 82 41 
78 19 93 84 79 44 11 18 50 
72 89 64 100 82 14 82 37 186 
57 85 50 97 61 60 102 98 80 
66 28 91 79 74 67 49 60 72 
98 41 81 28 19 39 3 55 57 
78 4 33 90 2 99 27 19 198 
73 84 60 34 84 83 6 47 184 
36 95 17 99 53 24 80 85 195 
14 30 68 14 96 8 33 26 192 
9 77 28 95 54 57 70 79 156 
78 66 59 100 25 73 48 69 122 
15 81 53 11 13 19 3 15 181 
32 61 90 54 3 61 89 98 143 
67 44 43 62 31 76 48 3 42 
41 17 8 97 67 29 48 20 92 
45 100 67 11 94 41 68 39 37 
90 26 64 100 12 28 4 84 53 
20 55 52 79 65 11 99 64 200 
85 38 96 63 8 85 16 46 200 
7 58 52 4 95 94 59 60 159 
60 43 6 82 95 86 4 30 134 
97 68 37 58 14 32 43 85 6 
26 29 20 81 86 68 30 99 53 
77 18 62 60 22 7 33 41 46 
95 5 44 12 61 80 20 22 159 
65 51 47 22 63 12 92 35 64 
62 81 59 40 54 99 61 28 26 
8 39 48 32 26 74 10 50 164 
62 16 70 42 63 66 91 67 98 
83 57 58 52 70 90 77 74 125 
67 58 53 47 53 35 68 14 169 
34 35 27 75 14 15 32 32 39 
65 21 19 95 51 89 51 80 145 
58 58 71 61 57 55 13 45 189 
31 16 65 37 77 51 84 59 66 
24 10 45 45 22 39 71 14 108 
46 74 8 66 98 75 64 11 116 
16 75 80 74 63 71 22 3 35 
57 30 47 70 13 94 58 29 143 
30 15 37 34 91 45 2 70 144 
88 67 20 92 75 67 95 70 171 
55 52 49 76 25 22 23 16 172 
10 78 63 16 11 71 5 36 196 
23 84 86 38 74 96 101 36 75 
100 67 57 81 77 45 11 5 157 
25 56 92 18 12 77 61 94 188 
11 74 58 52 89 40 72 74 176 
102 19 80 55 77 91 85 26 102 
31 30 3 20 7 8 94 82 165 
8 7 74 11 79 82 4 92 126 
82 50 80 19 12 5 59 11 174 
101 72 81 3 34 89 27 32 132 
93 93 70 52 60 8 60 66 137 
16 93 42 100 53 87 30 5 154 
74 14 20 100 63 98 23 95 23 
4 6 75 87 86 49 17 12 202 
96 32 93 73 61 48 38 45 39 
47 3 21 96 75 31 13 56 39 
48 96 31 74 32 67 98 58 123 
96 31 9 95 85 43 88 36 151 
87 2 54 74 64 20 79 78 187 
94 10 33 46 76 32 31 71 36 
72 24 2 28 78 5 88 44 30 
13 54 20 79 9 41 57 28 109 
68 76 34 13 97 56 75 6 99 
31 52 57 79 65 15 27 19 27 
76 61 27 51 88 22 6 68 49 
75 17 3 94 90 50 79 66 195 
87 60 29 48 55 74 58 59 187 
61 37 91 7 55 93 29 84 137 
31 19 90 14 9 32 33 102 182 
49 39 64 9 102 102 20 42 120 
88 29 8 55 95 31 30 48 64 
37 70 64 12 67 9 83 50 96 
10 74 54 99 18 55 85 11 43 
31 54 37 91 89 15 34 43 112 
63 78 25 61 86 63 101 98 65 
29 39 75 57 28 54 55 12 139 
9 91 14 55 72 87 11 101 192 
98 48 83 51 80 26 54 22 149 
25 51 90 92 100 22 24 57 147 
49 76 27 85 37 79 47 28 107 
45 9 7 41 53 87 69 4 104 
52 81 61 51 5 8 81 32 126 
82 18 92 94 33 17 15 63 53 
71 15 12 6 6 54 73 11 28 
70 86 100 5 25 98 71 74 157 
15 100 73 21 6 7 18 67 22 
64 53 78 92 28 92 62 101 182 
42 48 77 9 80 96 95 13 94 
65 78 95 96 25 61 41 101 128 
56 51 11 7 90 41 44 12 120 
39 80 60 10 46 26 9 31 55 
4 9 23 79 28 95 62 54 182 
19 70 30 19 53 28 29 7 101 
82 37 59 38 66 70 37 59 69 
89 57 34 70 89 95 35 39 189 
44 79 26 18 47 38 51 28 87 
32 21 29 34 84 40 77 29 193 
71 68 45 55 44 71 62 74 198 
59 50 83 37 87 16 36 87 58 
28 67 91 23 89 40 28 7 78 
8 57 75 96 95 62 101 66 145 
52 91 38 56 57 75 41 94 158 
63 98 36 15 100 98 13 52 128 
7 50 81 6 29 39 34 56 37 
26 65 57 23 38 23 45 85 196 
94 73 11 18 84 96 63 67 21 
5 95 59 79 85 46 100 96 34 
94 48 64 101 24 3 58 18 62 
24 43 62 15 72 17 2 21 160 
55 91 68 87 45 64 29 31 125 
62 49 81 13 25 44 7 53 77 
36 95 51 10 62 68 67 41 50 
52 92 26 44 79 67 68 47 12 
52 9 5 102 74 96 42 98 141 
52 13 20 20 10 21 80 68 55 
31 47 30 102 22 7 40 80 80 
39 20 72 17 48 81 39 57 91 
36 36 22 57 70 66 99 17 58 
8 34 84 7 66 13 41 39 203 
79 52 90 100 63 97 57 5 159 
101 38 67 41 82 55 77 45 66 
8 76 79 66 4 7 79 34 94 
59 34 56 61 78 11 81 63 12 
58 38 75 28 2 67 89 100 161 
64 69 54 31 32 23 81 35 129 
25 15 50 84 23 31 51 100 145 
26 43 62 58 62 22 50 20 17 
61 82 76 14 79 6 28 17 134 
96 30 4 35 82 45 49 58 99 
59 76 17 46 78 4 96 65 118 
21 8 8 34 83 14 15 22 109 
91 13 38 46 58 8 65 58 145 
71 93 63 19 11 6 74 93 92 
95 17 6 74 20 16 49 9 19 
61 64 49 92 22 61 92 59 93 
14 15 20 10 82 23 33 27 149 
98 4 99 4 62 92 70 23 12 
51 19 96 24 99 51 100 6 191 
26 81 73 4 29 54 62 62 159 
29 87 37 85 43 94 43 53 13 
13 59 4 58 24 101 57 43 83 
53 92 18 71 12 78 29 9 96 
4 96 77 47 44 102 14 43 74 
72 68 79 3 84 48 46 89 98 
94 70 59 74 49 88 14 10 143 
63 60 77 61 57 36 48 41 116 
32 68 17 4 46 84 65 86 153 
65 52 11 73 27 26 31 38 81 
92 32 49 91 35 36 32 53 168 
63 13 13 45 58 45 91 16 43 
35 92 26 77 11 65 13 51 120 
63 93 36 53 32 22 97 58 20 
12 43 35 83 74 95 102 4 149 
66 22 96 68 84 13 5 98 95 
17 17 23 86 80 87 78 71 124 
50 12 83 93 50 102 36 81 149 
89 54 20 32 78 9 92 50 59 
66 98 11 24 50 37 76 81 86 
90 27 65 50 7 5 35 53 187 
94 75 74 96 34 4 41 18 90 
30 87 41 16 96 33 58 13 150 
54 28 64 49 19 71 60 48 111 
12 41 49 17 99 27 18 100 153 
58 72 66 8 86 34 93 48 192 
4 76 33 34 94 96 32 83 53 
31 47 57 5 38 87 50 31 157 
98 15 90 16 100 98 58 2 85 
12 47 44 32 58 73 77 58 149 
25 80 49 55 87 18 101 89 109 
21 56 36 81 60 57 57 97 67 
8 90 77 37 79 94 55 22 75 
85 101 92 86 30 82 15 27 105 
32 45 30 74 17 13 45 38 96 
9 33 89 89 77 63 41 71 140 
99 90 3 56 2 67 82 18 180 
65 37 28 57 68 35 6 27 106 
6 37 75 66 95 43 48 48 182 
51 98 26 31 47 61 14 17 77 
52 78 45 65 93 101 25 81 3 
22 54 67 56 85 52 12 37 70 
97 35 97 62 11 56 78 33 42 
67 37 93 69 45 53 98 56 101 
10 43 45 76 43 15 42 27 193 
26 96 15 75 21 12 27 18 168 
44 92 69 91 89 62 81 61 92 
12 55 10 17 61 31 3 3 193 
92 23 94 84 22 85 61 54 77 
9 93 18 83 45 29 70 56 130 
84 22 56 85 97 84 71 32 148 
88 12 38 86 75 20 17 36 194 
92 62 72 86 31 37 25 74 138 
31 31 13 84 48 7 68 21 167 
43 9 28 12 15 92 13 75 88 
3 24 20 100 68 10 34 80 191 
95 101 92 21 62 25 17 42 4 
64 7 65 32 20 56 38 76 57 
71 82 48 82 74 58 95 24 103 
51 33 65 4 52 70 13 75 43 
94 24 49 5 97 76 91 52 141 
81 73 6 66 64 94 83 65 201 
49 15 28 36 28 40 75 68 20 
40 61 57 97 21 47 36 46 107 
82 68 86 75 94 25 89 15 105 
48 87 71 73 24 89 71 66 124 
96 60 98 11 33 32 67 53 185 
16 86 54 61 32 19 42 3 198 
16 77 23 5 49 15 89 29 166 
41 69 39 69 28 57 87 42 177 
58 73 37 56 10 43 34 75 61 
101 89 56 54 34 23 92 57 182 
