2 1
300
90 17 82 
12 28 148 
93 26 31 
27 56 74 
33 61 16 
79 32 23 
9 84 90 
41 13 160 
9 11 37 
65 15 160 
79 4 185 
27 81 135 
37 77 170 
30 80 124 
90 44 103 
79 76 129 
6 79 27 
18 51 28 
69 52 11 
63 5 36 
57 30 24 
38 50 108 
47 8 164 
44 44 113 
30 81 10 
85 53 141 
30 33 72 
56 61 74 
68 63 109 
80 60 60 
63 76 147 
68 75 105 
51 54 192 
100 33 140 
85 65 73 
59 90 144 
11 86 202 
38 35 148 
84 3 140 
77 72 177 
101 70 100 
53 82 140 
85 63 13 
55 36 202 
77 32 202 
68 73 196 
2 10 149 
85 71 151 
32 28 84 
102 87 149 
84 76 166 
9 101 131 
22 34 169 
69 76 57 
67 57 104 
102 63 8 
75 17 61 
74 77 128 
16 18 201 
77 23 112 
30 85 157 
35 73 122 
20 69 66 
37 49 82 
15 35 70 
47 20 30 
25 32 133 
40 29 142 
45 12 201 
21 95 168 
67 47 24 
30 42 186 
52 34 173 
93 84 191 
73 40 141 
92 61 88 
30 71 200 
87 54 185 
92 92 117 
9 92 125 
63 101 152 
52 72 6 
31 87 191 
45 97 177 
31 34 100 
73 69 182 
3 56 105 
58 93 51 
86 83 190 
22 40 103 
36 45 87 
26 32 170 
21 23 139 
69 63 151 
51 87 151 
14 58 42 
44 21 48 
70 9 74 
12 7 18 
52 68 182 
11 11 97 
45 11 107 
46 7 6 
68 54 94 
23 36 190 
79 9 13 
53 74 53 
75 80 42 
29 68 75 
8 16 53 
77 72 114 
80 60 107 
29 8 157 
24 69 103 
20 78 138 
79 48 150 
45 34 199 
4 101 191 
66 37 63 
29 18 88 
18 40 187 
79 92 167 
92 45 155 
43 52 5 
31 31 12 
77 58 6 
55 52 42 
65 66 167 
30 75 145 
64 16 48 
24 102 182 
36 8 61 
61 43 175 
87 89 9 
100 4 167 
98 76 143 
91 91 163 
30 76 137 
25 55 151 
12 51 38 
13 30 60 
55 21 104 
15 97 49 
77 18 33 
18 69 128 
18 67 128 
102 34 202 
3 75 53 
45 96 53 
24 13 109 
57 51 187 
70 76 122 
77 47 168 
33 85 161 
49 15 149 
66 14 16 
6 8 179 
14 12 36 
21 13 113 
5 12 54 
27 92 171 
73 22 139 
26 50 190 
5 43 44 
82 70 101 
22 56 124 
55 81 167 
20 20 12 
67 46 80 
76 51 130 
6 74 73 
59 8 189 
97 78 190 
7 42 131 
16 3 133 
69 33 86 
70 100 116 
97 52 64 
46 9 148 
80 7 156 
31 51 201 
32 101 143 
88 25 128 
58 27 159 
69 50 80 
20 6 35 
42 100 27 
99 8 105 
9 12 45 
6 15 202 
22 19 145 
19 78 186 
67 86 7 
97 83 18 
81 14 150 
81 30 7 
94 28 7 
58 40 16 
66 34 89 
50 25 182 
50 83 23 
65 38 19 
9 52 147 
50 54 43 
16 47 36 
6 20 193 
80 30 168 
21 14 177 
99 66 161 
66 56 91 
50 20 125 
16 49 3 
100 18 155 
67 73 159 
33 47 151 
84 44 190 
92 61 30 
51 72 193 
9 31 141 
26 68 147 
32 45 197 
30 102 72 
61 2 200 
19 9 6 
21 15 117 
6 90 138 
15 17 47 
87 76 193 
32 101 99 
69 9 38 
33 76 102 
6 38 59 
83 5 93 
41 24 86 
97 75 107 
14 32 118 
40 4 86 
3 13 106 
51 46 142 
4 100 3 
88 95 191 
82 87 69 
54 17 157 
31 25 174 
25 76 189 
83 92 3 
44 20 142 
93 31 11 
78 32 129 
100 57 187 
61 82 13 
46 55 62 
50 17 180 
21 62 32 
82 11 162 
58 81 77 
61 71 111 
71 61 164 
33 98 131 
91 6 113 
72 56 123 
87 72 90 
82 81 44 
65 34 153 
14 25 119 
56 12 43 
27 22 106 
28 41 176 
39 92 43 
27 15 117 
68 62 26 
35 51 13 
57 97 81 
38 79 2 
18 98 75 
81 58 75 
24 79 174 
46 65 171 
6 46 32 
76 50 162 
25 56 135 
66 99 149 
65 81 152 
54 101 33 
83 92 89 
53 12 89 
52 60 71 
86 5 75 
74 24 196 
30 31 12 
93 83 97 
62 14 48 
36 54 203 
66 18 158 
64 72 159 
72 65 151 
42 55 71 
74 26 183 
47 41 105 
32 94 153 
