2 1
300
9 54 157 
6 10 60 
15 36 145 
46 78 173 
36 10 130 
68 12 149 
96 28 95 
77 84 100 
54 91 170 
71 47 164 
71 86 3 
43 24 121 
61 7 3 
33 67 175 
42 44 160 
87 27 111 
83 75 125 
20 21 136 
26 34 143 
30 54 39 
47 46 181 
93 77 188 
86 95 176 
7 8 11 
74 65 125 
63 36 83 
72 70 132 
31 90 149 
21 53 134 
36 18 184 
91 33 110 
84 88 45 
99 51 136 
88 3 67 
70 78 136 
58 47 116 
8 66 199 
32 60 172 
56 18 114 
18 74 51 
29 52 157 
98 17 154 
53 92 157 
42 66 173 
76 86 138 
34 63 27 
8 65 13 
11 30 108 
94 62 150 
71 30 142 
68 83 159 
44 61 104 
58 74 124 
93 8 114 
82 68 204 
15 58 151 
19 24 114 
45 12 19 
21 20 45 
26 6 115 
4 83 127 
10 76 169 
9 34 53 
18 78 181 
54 17 118 
52 31 128 
55 81 9 
101 54 13 
16 25 147 
71 25 85 
31 34 140 
7 91 51 
95 74 188 
19 8 51 
51 3 95 
69 93 192 
53 71 183 
61 73 52 
54 5 60 
58 96 104 
13 39 19 
86 89 92 
22 50 56 
35 59 117 
72 37 149 
81 53 107 
62 49 68 
80 20 112 
54 72 123 
46 54 175 
97 39 159 
44 8 141 
18 67 29 
3 49 89 
69 20 26 
34 91 75 
54 75 108 
79 99 98 
20 35 41 
56 34 37 
87 78 195 
43 40 42 
81 31 60 
6 66 175 
41 60 2 
91 12 204 
44 21 167 
26 94 162 
35 20 83 
32 26 150 
51 63 67 
98 18 144 
50 28 165 
94 55 123 
9 49 21 
69 40 80 
49 31 49 
22 14 28 
38 63 171 
18 10 41 
82 51 12 
58 57 7 
56 45 87 
32 44 172 
21 52 136 
23 19 93 
72 68 164 
3 85 194 
52 32 102 
21 62 115 
89 34 38 
63 14 11 
57 54 188 
9 15 196 
99 20 178 
41 2 127 
49 16 91 
41 48 87 
41 80 135 
12 8 53 
55 36 168 
88 45 22 
68 60 79 
64 69 133 
55 65 110 
86 7 134 
10 13 62 
90 75 95 
13 50 175 
78 24 70 
41 47 95 
69 56 161 
16 12 153 
79 75 87 
26 87 98 
81 88 170 
90 57 151 
2 5 193 
98 67 127 
38 77 194 
26 93 75 
6 25 46 
21 88 20 
77 72 193 
93 32 80 
89 66 179 
101 34 128 
4 89 137 
62 40 87 
53 74 181 
19 80 74 
82 55 168 
8 22 126 
28 63 2 
76 16 173 
81 12 148 
58 11 4 
76 39 88 
35 24 8 
71 46 174 
82 69 31 
22 59 189 
61 13 159 
58 83 92 
28 75 146 
64 30 150 
84 83 60 
72 97 129 
90 45 84 
95 49 64 
81 39 154 
78 48 190 
88 56 116 
94 23 201 
97 102 58 
59 49 132 
73 73 192 
32 90 130 
58 12 148 
53 35 30 
54 67 131 
49 80 91 
71 52 57 
80 78 152 
19 92 123 
32 77 195 
37 33 196 
78 24 157 
39 51 102 
14 22 73 
23 37 45 
45 42 114 
37 50 46 
86 90 198 
39 95 193 
22 15 200 
5 28 74 
79 18 5 
20 78 90 
89 12 60 
97 59 63 
94 59 86 
55 76 102 
7 97 57 
75 54 90 
101 41 61 
84 19 75 
53 11 191 
102 46 40 
22 27 131 
14 50 77 
95 91 63 
69 48 74 
55 69 81 
51 101 65 
10 6 131 
60 21 78 
16 7 192 
95 46 100 
38 94 29 
24 35 102 
88 95 98 
92 82 129 
15 34 190 
95 31 102 
99 5 22 
65 93 84 
57 64 13 
28 100 88 
45 3 94 
84 33 110 
24 33 72 
92 65 14 
86 21 50 
3 47 179 
47 23 156 
46 97 84 
41 76 3 
75 69 145 
46 62 194 
7 49 162 
20 33 3 
41 73 201 
17 9 83 
6 81 149 
19 56 36 
20 83 157 
68 101 13 
7 45 117 
55 51 130 
66 48 8 
13 81 148 
46 85 30 
89 7 103 
80 31 180 
3 37 194 
30 58 29 
56 28 161 
21 40 98 
76 15 180 
46 89 45 
37 53 127 
39 95 203 
3 74 145 
5 33 155 
28 90 142 
19 6 20 
64 27 191 
52 12 42 
26 94 84 
26 72 144 
28 45 40 
31 45 159 
28 66 85 
97 29 171 
44 53 195 
5 94 103 
80 59 21 
81 84 127 
30 87 87 
