4 1
300
73 45 91 35 113 
68 97 59 56 88 
28 51 60 82 103 
10 8 54 42 163 
76 98 2 23 58 
76 12 12 22 172 
87 20 38 77 137 
62 71 49 39 175 
72 18 77 83 83 
6 48 72 63 62 
98 11 80 35 156 
77 44 70 7 165 
58 87 38 71 118 
10 16 85 15 184 
41 61 17 56 21 
59 23 22 83 50 
31 42 51 93 180 
78 42 4 101 188 
19 4 44 58 62 
87 82 8 26 67 
92 64 59 73 186 
39 96 26 26 40 
56 25 89 83 107 
19 38 48 83 165 
70 13 87 23 149 
39 19 61 26 51 
79 17 98 51 70 
68 85 80 101 106 
84 18 80 82 79 
96 17 63 6 28 
51 37 27 45 132 
81 80 38 100 112 
22 37 102 102 86 
40 29 40 50 175 
36 61 48 32 201 
54 35 7 85 160 
24 58 56 13 154 
44 93 55 87 112 
90 49 82 47 66 
49 18 80 40 203 
69 80 15 21 161 
92 91 97 46 27 
48 75 55 22 69 
66 83 91 27 203 
50 76 55 95 198 
89 81 3 100 105 
38 56 68 85 24 
46 45 38 34 174 
56 98 11 74 19 
17 96 61 14 138 
69 29 56 41 107 
96 27 23 24 187 
13 89 99 95 156 
94 9 72 11 182 
23 47 58 41 94 
54 67 83 86 168 
95 21 92 33 172 
10 3 30 33 36 
21 24 16 43 151 
69 101 18 98 36 
10 26 52 25 95 
24 73 17 95 204 
31 46 38 42 201 
94 100 68 11 139 
93 81 40 94 143 
101 33 18 67 162 
55 51 87 69 152 
71 71 69 86 128 
39 88 37 33 180 
78 88 76 44 168 
71 34 9 30 54 
30 88 60 55 97 
93 57 51 16 96 
82 61 71 67 62 
24 33 84 48 64 
7 47 9 6 192 
15 59 76 85 22 
23 44 59 43 95 
85 14 16 40 147 
84 39 23 87 19 
19 19 11 14 123 
40 52 62 99 44 
86 81 55 61 69 
36 84 68 6 54 
40 4 29 21 97 
12 19 46 77 101 
70 26 24 98 158 
98 50 64 25 147 
73 84 62 23 128 
6 61 57 6 78 
2 73 19 61 145 
17 92 92 67 102 
23 8 88 50 108 
61 59 59 84 77 
89 22 44 34 112 
58 44 9 59 89 
54 64 42 39 101 
99 9 65 28 129 
9 60 98 76 104 
67 98 14 70 8 
49 4 75 69 105 
82 31 86 6 33 
75 85 34 24 199 
61 68 51 101 114 
54 95 33 21 63 
31 26 70 84 183 
61 31 41 56 196 
52 91 75 88 141 
71 25 61 13 183 
26 28 76 78 187 
101 50 15 15 105 
56 73 56 39 47 
58 62 4 17 115 
46 46 80 28 99 
72 95 65 32 177 
31 36 23 31 14 
5 52 94 93 184 
13 18 28 6 87 
81 37 38 66 27 
10 23 46 57 94 
83 50 50 30 46 
9 87 85 28 46 
21 52 27 33 41 
9 71 14 26 92 
30 19 76 86 142 
37 59 101 19 160 
11 92 68 86 53 
57 3 65 71 171 
28 35 2 84 48 
30 12 6 46 14 
42 11 22 12 38 
65 76 66 61 178 
52 88 68 50 29 
31 86 43 8 132 
7 7 45 43 38 
97 19 94 63 85 
27 55 57 14 80 
102 72 58 68 127 
84 39 7 84 70 
42 69 55 71 191 
46 71 100 82 3 
37 68 81 94 48 
48 83 5 20 128 
99 33 56 11 29 
61 30 78 46 168 
71 2 63 9 159 
30 66 25 70 198 
58 56 77 13 11 
36 94 66 45 34 
2 36 89 22 76 
11 14 46 57 72 
18 95 56 100 66 
36 7 74 16 193 
84 60 38 23 15 
45 58 45 7 163 
69 67 35 31 167 
37 15 43 73 141 
18 22 70 35 165 
65 3 79 81 144 
30 22 51 50 70 
45 100 68 15 191 
54 71 42 77 139 
53 61 27 18 198 
23 66 3 47 161 
64 92 5 42 88 
44 81 66 37 106 
49 17 87 97 82 
39 49 30 79 35 
48 83 95 67 61 
6 78 63 84 101 
66 21 6 71 147 
55 97 28 73 106 
75 8 7 26 44 
38 76 32 78 123 
76 38 26 31 67 
83 99 40 13 80 
68 20 83 87 178 
30 13 18 25 177 
44 23 59 28 90 
43 78 71 46 190 
32 47 87 24 154 
30 97 77 39 185 
57 59 17 34 174 
57 27 22 39 189 
27 60 9 91 39 
55 81 100 87 187 
8 31 96 20 20 
23 35 61 12 122 
35 38 81 34 66 
87 8 27 43 180 
18 58 34 54 138 
74 40 98 6 47 
50 99 92 47 174 
28 65 99 25 131 
25 68 12 79 123 
92 80 77 60 69 
49 56 59 100 155 
52 99 44 52 75 
85 39 57 89 25 
38 48 36 49 13 
24 10 4 79 133 
52 48 57 94 159 
96 65 40 73 154 
96 42 94 72 73 
31 22 49 89 166 
88 13 24 68 51 
46 46 30 54 24 
41 55 83 35 53 
6 44 53 75 87 
22 101 86 14 37 
98 56 67 14 156 
4 63 17 97 162 
42 26 91 70 71 
52 37 88 62 75 
43 61 62 46 66 
89 72 77 47 125 
89 29 12 50 59 
92 81 18 78 20 
80 40 87 55 175 
82 55 85 41 188 
87 15 25 78 156 
39 96 22 82 182 
34 88 72 36 189 
14 16 43 41 90 
73 21 12 54 118 
6 75 8 61 107 
37 89 38 54 156 
76 6 35 74 187 
98 61 37 88 157 
94 69 53 63 150 
68 13 46 97 45 
68 4 74 21 149 
66 90 64 31 112 
47 52 20 60 39 
10 83 72 50 98 
14 86 26 77 134 
38 24 48 87 176 
26 45 43 33 23 
73 34 17 101 58 
11 99 9 34 66 
44 51 95 44 133 
87 44 98 49 21 
84 80 99 55 76 
44 44 78 44 64 
4 11 89 49 97 
78 68 72 22 81 
17 79 94 45 50 
89 31 5 22 4 
84 49 96 23 61 
95 37 63 64 176 
69 23 67 3 62 
34 64 48 97 181 
21 73 78 11 194 
6 88 57 31 103 
14 41 58 43 101 
57 18 68 21 111 
43 7 10 36 148 
96 15 93 15 187 
26 86 10 34 168 
13 73 87 28 51 
9 82 34 15 151 
30 67 25 54 153 
18 99 29 43 98 
17 65 44 38 4 
94 97 44 39 53 
31 33 26 61 80 
87 33 41 96 97 
63 75 97 62 92 
30 91 41 40 154 
30 58 69 86 138 
49 31 51 27 68 
14 41 97 89 93 
99 43 66 16 184 
88 59 35 96 176 
44 70 84 94 149 
5 58 6 64 199 
74 67 42 94 186 
58 84 16 63 73 
25 80 10 17 99 
89 27 28 50 183 
72 25 74 100 54 
81 49 59 55 63 
58 37 34 92 148 
34 4 75 24 71 
6 46 74 61 131 
66 62 69 46 175 
80 32 57 74 58 
51 94 43 68 26 
11 26 63 33 161 
90 48 21 45 34 
87 54 5 16 175 
29 54 15 36 127 
22 82 16 69 108 
28 82 62 64 49 
42 62 9 13 52 
82 84 42 82 156 
20 43 26 30 204 
28 29 43 89 4 
99 81 9 6 188 
32 13 96 81 109 
