4 1
300
51 59 56 78 174 
73 18 45 7 50 
92 91 49 7 146 
70 56 55 64 153 
3 102 90 38 52 
31 70 12 23 150 
11 8 46 47 137 
26 4 2 97 184 
27 95 101 76 41 
25 23 86 68 85 
59 65 70 90 203 
51 72 20 53 115 
5 8 24 34 32 
86 47 4 40 98 
68 55 60 74 103 
9 3 16 19 6 
10 85 46 82 34 
48 39 58 48 38 
56 86 51 41 178 
21 74 69 61 73 
80 21 48 21 153 
6 7 99 40 188 
50 57 3 51 98 
22 64 44 18 141 
48 91 58 23 190 
85 6 20 87 66 
38 36 57 84 49 
91 39 27 7 26 
43 43 20 56 142 
101 84 102 94 138 
58 32 53 92 181 
92 65 28 28 187 
2 88 14 8 115 
16 2 22 28 119 
85 39 38 7 58 
7 73 4 53 192 
3 6 29 20 154 
8 85 67 95 70 
29 13 101 15 25 
57 31 14 100 113 
101 64 76 35 172 
21 95 48 64 170 
21 63 77 34 186 
98 62 96 33 103 
33 37 29 95 66 
74 40 25 95 149 
78 61 6 98 195 
40 32 95 36 116 
15 39 5 12 32 
68 39 70 24 32 
97 38 83 50 50 
66 38 83 4 28 
83 72 55 91 17 
61 59 81 38 109 
68 68 62 77 78 
96 34 19 80 135 
37 72 3 80 159 
42 81 58 74 66 
5 51 94 23 154 
44 86 16 5 114 
11 60 34 72 101 
31 78 8 12 62 
34 21 5 38 160 
13 72 77 14 137 
83 2 9 7 103 
18 77 41 102 194 
13 20 16 24 117 
79 41 33 31 101 
67 75 48 44 203 
86 48 58 45 131 
75 11 4 38 153 
11 53 29 21 68 
56 38 8 17 40 
16 6 83 81 5 
74 41 47 65 6 
10 56 66 7 136 
73 21 99 38 48 
3 19 81 49 98 
27 14 14 99 194 
31 69 33 26 176 
81 66 78 43 187 
36 66 41 36 137 
57 89 24 55 127 
37 41 72 95 37 
99 28 36 34 156 
63 29 50 70 151 
43 26 43 21 178 
8 45 58 46 181 
39 80 47 82 190 
40 92 61 37 123 
91 98 40 8 182 
55 32 47 67 64 
9 18 73 62 54 
33 49 5 68 115 
94 86 28 6 164 
21 83 56 41 79 
73 70 15 10 172 
47 88 36 31 70 
78 100 93 15 167 
24 8 87 56 127 
94 88 95 81 139 
8 72 36 28 143 
75 78 8 29 123 
41 5 65 78 166 
48 14 76 34 164 
96 95 15 24 120 
15 98 2 79 96 
87 77 36 42 160 
77 53 10 61 125 
102 94 66 56 89 
21 45 11 75 35 
81 14 62 101 152 
15 59 14 70 117 
79 78 32 82 153 
65 71 25 100 15 
96 6 17 73 164 
4 31 61 81 82 
71 89 29 62 138 
75 17 37 68 134 
19 41 42 5 172 
26 64 85 81 163 
52 22 14 69 47 
77 99 91 21 148 
86 100 35 30 179 
92 51 71 15 6 
50 36 59 34 182 
57 66 14 89 116 
42 48 82 101 183 
51 77 62 40 188 
78 28 18 96 167 
21 8 14 17 192 
77 95 72 79 66 
19 65 81 80 137 
13 87 4 65 68 
40 20 36 41 80 
17 91 33 23 55 
24 19 65 52 144 
51 54 99 95 166 
48 78 5 69 150 
88 98 85 73 165 
92 27 56 63 91 
2 73 76 79 161 
88 64 51 53 22 
101 102 31 9 38 
62 90 11 83 176 
64 18 69 67 109 
22 8 62 43 75 
99 65 4 8 143 
80 80 23 16 194 
86 28 54 59 151 
88 68 77 55 44 
4 18 75 77 168 
87 6 10 26 122 
82 5 11 17 28 
38 100 25 39 83 
84 70 96 88 7 
38 66 12 94 138 
55 33 8 22 70 
83 93 30 26 174 
76 72 99 57 33 
83 20 39 46 79 
90 45 40 15 80 
37 24 89 74 96 
23 96 19 59 14 
51 98 91 83 66 
47 72 101 54 135 
14 73 41 73 45 
20 29 68 56 162 
12 95 95 83 202 
61 6 57 79 132 
82 55 42 51 135 
87 31 57 14 189 
20 46 88 49 56 
66 85 18 53 59 
95 29 65 79 196 
59 6 9 84 149 
43 17 24 90 175 
61 33 92 7 75 
91 74 56 63 126 
68 9 47 57 73 
78 90 6 51 146 
55 93 65 55 20 
83 24 75 42 107 
5 24 100 64 139 
35 95 13 17 81 
23 75 4 18 62 
52 60 55 49 196 
55 12 75 19 67 
70 70 39 98 113 
69 101 17 11 119 
46 11 86 89 7 
86 79 92 12 103 
82 91 48 25 121 
25 71 28 45 202 
95 51 84 32 203 
67 57 18 62 147 
24 60 95 60 175 
43 77 68 46 27 
78 23 65 69 107 
81 24 16 39 66 
100 75 73 12 133 
97 29 56 90 78 
30 63 32 40 57 
24 98 90 39 38 
50 6 84 33 48 
74 88 17 80 42 
45 43 81 30 151 
52 89 84 96 184 
16 23 80 9 173 
17 93 27 41 61 
85 36 79 21 171 
97 93 43 89 188 
11 14 78 70 192 
89 84 4 66 159 
38 16 96 49 9 
30 28 77 48 19 
84 63 77 51 77 
12 66 62 46 162 
61 48 97 4 166 
4 47 12 15 199 
34 91 62 64 191 
71 41 32 17 115 
71 18 96 81 24 
50 39 29 33 173 
25 24 60 87 40 
92 21 95 68 5 
85 18 64 51 155 
95 3 15 57 139 
72 36 47 90 23 
45 54 18 93 69 
67 19 82 30 152 
12 33 77 45 11 
52 49 66 16 150 
55 56 48 5 39 
49 26 75 65 31 
91 80 71 77 155 
40 5 4 35 76 
67 38 36 77 134 
63 28 72 52 39 
25 72 33 17 117 
91 8 14 75 176 
43 47 19 16 174 
35 64 2 70 136 
48 47 33 79 18 
19 22 73 40 117 
23 56 24 46 185 
21 49 56 20 178 
34 93 31 49 196 
23 21 22 91 68 
101 28 4 86 148 
80 41 56 10 82 
71 37 76 18 134 
89 24 75 25 136 
88 11 84 83 72 
57 19 87 83 178 
100 102 84 7 120 
97 54 40 74 28 
82 95 48 81 39 
98 19 15 83 20 
100 48 99 25 96 
92 46 24 51 37 
63 57 75 22 85 
71 56 71 59 143 
37 86 3 12 177 
95 64 5 64 79 
40 6 5 74 181 
54 5 61 61 140 
54 32 91 57 105 
27 22 28 39 101 
45 50 58 14 151 
16 48 89 38 111 
30 42 62 13 162 
60 53 3 34 181 
68 97 12 91 39 
8 97 48 61 126 
75 39 68 15 195 
92 50 94 100 153 
9 18 25 7 84 
13 72 80 78 191 
76 22 96 51 170 
50 40 68 95 139 
22 2 30 76 166 
93 76 49 17 182 
12 62 4 59 168 
52 74 8 51 16 
38 18 72 68 179 
55 44 19 32 98 
55 84 100 32 113 
9 90 50 26 101 
39 26 65 89 171 
16 19 39 68 68 
78 34 20 89 67 
5 32 64 89 59 
51 59 18 70 76 
30 64 74 4 155 
64 25 84 101 142 
14 55 85 84 151 
38 7 53 100 146 
23 66 14 100 107 
78 28 64 97 3 
