2 1
300
15 47 116 
64 64 71 
5 102 191 
79 43 154 
16 9 190 
43 61 202 
84 79 60 
57 96 93 
25 66 85 
41 57 165 
44 41 71 
36 89 168 
4 101 176 
90 30 78 
18 33 151 
51 72 141 
51 60 10 
4 95 119 
45 60 103 
13 41 201 
95 66 92 
15 37 7 
43 82 41 
13 41 124 
15 97 102 
93 41 129 
73 76 192 
75 92 199 
79 42 95 
78 93 61 
34 93 123 
90 97 130 
95 5 197 
73 10 184 
51 40 39 
45 91 200 
10 54 41 
89 42 133 
6 22 152 
49 38 193 
58 66 181 
92 81 100 
3 27 2 
88 100 75 
68 2 135 
6 25 107 
81 35 105 
50 70 82 
12 46 104 
97 86 152 
91 48 136 
4 17 90 
3 61 121 
72 45 132 
100 24 111 
85 23 83 
101 2 198 
24 70 8 
46 10 196 
51 83 72 
100 7 86 
28 99 107 
72 67 175 
24 5 132 
95 11 185 
89 53 96 
87 29 49 
13 98 171 
79 69 160 
66 60 15 
50 54 160 
26 74 78 
25 74 52 
4 15 116 
56 79 199 
35 31 121 
14 59 118 
52 66 111 
13 89 20 
60 51 63 
76 8 16 
81 77 104 
88 71 76 
55 66 162 
24 85 29 
69 58 42 
88 47 79 
21 53 4 
51 100 180 
26 15 174 
31 67 48 
96 31 15 
51 77 6 
49 48 124 
24 61 190 
80 30 166 
43 46 64 
91 74 10 
94 57 113 
8 32 158 
65 64 114 
53 27 202 
58 29 112 
9 20 165 
20 41 201 
80 99 188 
10 73 142 
9 85 142 
56 41 190 
21 4 152 
53 45 94 
27 86 172 
7 73 72 
96 24 4 
29 36 55 
52 73 67 
8 17 118 
65 100 120 
10 57 161 
88 99 174 
8 39 54 
82 57 152 
37 95 114 
16 75 54 
60 16 101 
71 83 102 
45 6 140 
63 15 178 
18 90 94 
89 19 60 
7 21 152 
51 90 173 
77 48 160 
54 17 159 
79 93 87 
34 7 171 
11 41 153 
31 45 189 
19 47 51 
40 66 137 
31 50 156 
29 11 111 
54 10 55 
66 95 72 
73 93 183 
93 86 46 
47 87 170 
64 80 160 
56 78 155 
84 35 89 
63 39 168 
14 25 137 
4 52 168 
90 82 198 
60 47 95 
42 60 107 
5 28 125 
5 96 162 
86 69 143 
100 75 69 
80 72 154 
85 6 116 
54 62 140 
25 91 70 
41 58 12 
88 6 69 
34 15 39 
26 81 16 
84 60 89 
5 30 115 
99 6 158 
51 12 22 
24 77 85 
92 90 200 
85 82 76 
29 65 77 
76 100 129 
39 68 123 
17 56 186 
70 3 94 
15 51 66 
15 28 174 
59 92 95 
97 66 61 
94 44 53 
22 43 201 
72 57 193 
8 31 62 
95 62 79 
19 36 115 
21 55 151 
97 79 81 
68 73 112 
54 73 150 
93 82 71 
36 47 49 
37 97 30 
94 100 95 
53 9 44 
4 22 134 
49 42 115 
92 78 23 
57 99 135 
88 56 144 
46 20 172 
24 17 100 
98 61 34 
17 84 81 
44 29 113 
30 46 142 
20 66 104 
91 7 64 
19 3 10 
26 80 99 
59 51 85 
46 50 163 
64 32 189 
74 9 125 
51 34 118 
19 50 101 
57 30 107 
98 70 183 
21 57 30 
55 6 30 
47 74 166 
70 59 70 
100 101 161 
77 68 32 
79 48 118 
92 42 148 
76 3 109 
57 70 104 
98 63 164 
54 26 191 
68 10 53 
81 29 72 
82 84 153 
25 21 102 
72 82 126 
39 22 47 
34 32 32 
43 82 10 
63 91 10 
32 74 196 
56 49 153 
87 11 119 
92 100 39 
25 12 119 
100 52 168 
6 87 180 
91 61 86 
60 21 193 
81 27 60 
23 20 79 
33 51 23 
81 72 148 
77 87 145 
5 50 45 
6 11 42 
59 46 62 
24 59 10 
18 43 28 
57 97 57 
82 9 173 
31 70 164 
82 94 124 
50 21 164 
12 31 3 
19 88 25 
22 57 22 
77 24 165 
101 102 124 
36 17 19 
99 26 153 
47 97 159 
88 76 162 
43 25 38 
61 11 52 
51 14 59 
5 100 114 
4 36 84 
19 7 174 
6 32 141 
22 48 157 
54 52 194 
8 67 71 
25 34 25 
34 81 65 
94 18 28 
58 52 179 
34 33 37 
55 98 183 
36 30 182 
95 84 91 
13 23 159 
43 9 120 
32 45 97 
96 83 137 
46 72 114 
12 27 183 
