2 1
300
72 95 80 
34 36 166 
17 61 179 
37 61 145 
44 76 50 
78 41 115 
80 20 164 
61 32 74 
14 84 50 
46 66 68 
86 26 56 
27 79 196 
9 60 117 
94 45 73 
44 61 88 
55 18 167 
60 4 49 
26 40 89 
41 13 129 
5 23 105 
59 73 194 
57 53 73 
47 19 199 
30 71 164 
101 88 152 
47 19 147 
95 60 135 
44 88 128 
11 62 175 
85 88 135 
35 6 78 
8 36 147 
42 90 19 
10 11 203 
87 32 68 
45 27 107 
71 96 192 
93 12 128 
87 18 174 
35 47 184 
51 63 64 
34 97 133 
45 95 107 
5 7 60 
65 87 102 
69 59 115 
31 68 74 
35 16 189 
73 44 192 
77 23 39 
89 9 88 
20 60 98 
71 55 74 
70 2 66 
2 68 182 
67 30 52 
15 20 121 
31 6 161 
57 18 97 
40 62 108 
73 69 148 
35 18 198 
88 47 56 
4 100 11 
23 63 135 
6 35 99 
5 8 31 
71 64 7 
62 60 10 
66 65 88 
3 33 189 
85 99 69 
62 69 104 
94 81 168 
100 13 44 
56 11 87 
15 53 169 
101 37 112 
40 3 12 
72 75 120 
95 24 168 
87 3 138 
14 40 132 
35 46 136 
100 14 56 
34 73 105 
84 7 101 
64 53 27 
62 4 196 
40 47 195 
31 92 191 
94 100 117 
2 15 23 
55 45 145 
80 82 16 
19 3 49 
30 8 63 
56 90 139 
12 34 145 
72 27 202 
73 75 190 
71 6 111 
74 8 28 
72 34 119 
43 30 128 
80 86 147 
7 45 3 
75 13 80 
68 77 6 
28 85 137 
88 32 181 
13 84 143 
80 11 155 
55 46 195 
12 60 152 
74 15 122 
7 34 99 
101 67 168 
101 100 128 
57 5 61 
54 49 48 
48 86 6 
72 32 95 
95 2 152 
98 54 201 
7 65 109 
66 96 128 
45 22 105 
21 89 134 
8 14 172 
9 25 15 
48 3 199 
75 66 152 
74 4 169 
15 14 66 
76 5 28 
86 96 74 
11 93 21 
69 11 55 
74 30 198 
39 65 38 
64 87 158 
70 52 105 
3 34 202 
81 94 186 
82 32 18 
21 47 171 
54 25 40 
50 100 67 
99 81 188 
73 3 75 
79 38 81 
67 53 57 
56 7 110 
64 85 126 
39 32 202 
20 90 162 
20 54 169 
15 86 84 
101 16 178 
47 73 145 
61 32 65 
65 4 115 
54 16 161 
83 67 82 
32 92 83 
60 13 140 
35 81 187 
15 55 100 
55 66 106 
101 68 77 
42 12 71 
85 6 109 
32 76 60 
45 68 150 
3 40 178 
45 85 193 
2 43 7 
21 13 188 
81 48 157 
85 12 78 
6 55 99 
44 43 114 
7 49 176 
89 30 78 
42 92 29 
20 14 33 
63 12 165 
59 100 53 
36 23 200 
44 6 119 
79 49 131 
93 41 27 
27 61 197 
34 40 76 
10 15 29 
67 81 45 
81 63 70 
63 24 203 
59 49 113 
25 9 42 
59 65 89 
30 13 164 
76 50 105 
3 95 110 
21 31 149 
46 51 174 
14 71 86 
79 66 89 
26 17 53 
67 36 188 
59 5 106 
79 77 153 
96 82 7 
35 93 65 
72 79 139 
82 45 189 
29 15 200 
72 13 79 
80 82 202 
2 6 194 
57 11 30 
61 46 185 
4 44 112 
100 53 141 
85 81 160 
13 9 177 
77 46 149 
35 40 46 
96 90 187 
15 101 192 
78 95 156 
9 80 168 
19 13 69 
80 80 4 
40 31 128 
31 89 68 
62 69 150 
14 27 123 
24 24 145 
94 67 116 
101 91 88 
62 24 117 
95 77 3 
98 96 196 
55 99 135 
74 97 21 
62 67 3 
61 55 66 
23 65 140 
18 87 116 
14 27 96 
79 81 183 
61 79 14 
7 38 25 
34 66 151 
80 61 58 
96 53 56 
63 34 203 
58 42 73 
13 42 122 
91 79 185 
46 86 140 
52 78 40 
78 15 38 
5 57 61 
91 29 182 
60 45 10 
43 25 71 
31 52 189 
49 23 81 
57 50 78 
49 19 122 
23 90 164 
7 30 169 
11 20 78 
11 60 159 
72 69 27 
48 54 197 
57 50 111 
58 16 70 
78 5 114 
81 23 134 
82 59 79 
72 70 80 
11 55 33 
23 34 12 
99 22 188 
17 79 111 
29 11 195 
43 93 141 
8 67 151 
48 31 53 
29 32 196 
74 31 5 
42 2 202 
76 39 202 
83 36 34 
51 61 192 
44 63 55 
