2 1
300
64 27 140 
57 93 97 
20 88 100 
37 40 141 
81 93 13 
55 64 112 
42 74 15 
26 50 152 
54 13 43 
5 28 176 
32 95 35 
2 94 138 
8 6 60 
58 64 72 
11 74 190 
99 21 41 
8 13 93 
68 90 4 
58 39 158 
96 5 165 
29 17 121 
64 7 93 
55 80 203 
40 49 119 
28 86 24 
74 17 156 
83 57 186 
3 99 32 
43 65 13 
17 46 112 
93 13 3 
50 31 97 
77 49 136 
50 46 85 
22 70 132 
89 42 9 
92 86 47 
3 15 99 
91 28 38 
46 24 87 
42 39 71 
47 49 74 
60 80 114 
66 98 140 
12 35 25 
52 83 60 
53 56 49 
4 27 124 
35 92 201 
54 60 7 
31 33 53 
26 10 15 
9 77 44 
30 31 128 
50 28 179 
56 93 163 
39 41 94 
91 95 139 
21 40 28 
76 14 119 
39 7 41 
55 37 134 
45 88 53 
7 45 13 
10 24 51 
63 56 201 
75 81 201 
21 17 41 
59 42 78 
60 7 144 
96 35 129 
65 93 51 
45 97 187 
24 13 14 
57 34 195 
42 83 146 
45 60 172 
16 3 70 
62 21 184 
2 98 192 
29 88 164 
57 13 23 
45 47 65 
2 20 121 
8 53 140 
95 66 170 
26 19 123 
69 16 97 
88 81 68 
31 5 148 
36 44 202 
100 97 53 
27 102 45 
88 99 73 
42 45 82 
27 10 102 
67 69 113 
9 79 161 
36 63 146 
35 71 66 
80 15 87 
61 68 155 
62 11 116 
45 69 131 
64 40 42 
27 29 146 
9 63 146 
85 66 75 
19 29 135 
22 65 70 
56 94 65 
91 10 172 
95 83 157 
66 68 202 
95 24 204 
93 47 80 
61 12 70 
102 28 18 
63 97 101 
8 44 81 
12 41 94 
24 91 154 
35 75 63 
37 33 96 
97 45 194 
74 91 86 
38 29 169 
29 63 110 
2 56 136 
26 31 29 
37 89 81 
40 56 55 
55 73 70 
27 60 147 
10 26 160 
89 7 169 
14 90 13 
10 72 32 
58 84 160 
94 24 72 
11 11 91 
19 2 91 
9 59 182 
71 21 39 
10 14 141 
13 21 79 
77 15 102 
86 13 83 
10 29 37 
26 84 147 
50 63 100 
101 18 100 
30 93 49 
36 82 98 
95 45 143 
89 102 119 
48 47 129 
42 19 22 
87 27 200 
6 11 150 
29 85 155 
19 23 118 
72 11 195 
22 85 59 
17 43 67 
4 92 139 
73 23 58 
61 80 75 
11 10 91 
41 15 186 
52 26 167 
52 9 198 
74 78 47 
14 19 184 
65 28 127 
37 27 155 
80 86 71 
33 35 181 
47 69 13 
41 11 28 
15 33 197 
6 72 122 
48 67 70 
37 32 31 
47 60 9 
39 99 106 
77 76 169 
70 63 62 
59 22 184 
95 7 83 
94 34 138 
11 101 176 
96 61 116 
4 90 124 
44 44 109 
22 87 154 
87 10 144 
56 67 72 
33 47 143 
69 49 102 
71 55 124 
96 46 200 
49 38 122 
19 46 79 
97 74 174 
24 28 41 
78 39 72 
17 10 197 
71 40 138 
35 81 111 
18 29 25 
9 35 73 
2 50 201 
57 75 101 
17 70 132 
34 61 189 
51 11 40 
53 92 23 
17 56 95 
66 26 14 
33 16 118 
8 3 36 
29 90 82 
52 24 160 
23 23 131 
88 102 82 
34 39 162 
77 85 143 
37 68 76 
3 94 161 
91 39 50 
94 26 121 
93 12 138 
50 7 144 
55 101 178 
42 32 141 
49 31 112 
8 34 178 
28 58 64 
90 72 73 
82 28 196 
63 63 174 
57 30 199 
7 97 184 
74 86 66 
11 24 172 
85 97 74 
69 57 130 
26 85 12 
38 68 139 
30 6 81 
35 69 163 
77 94 79 
4 88 5 
74 44 71 
67 37 98 
58 19 72 
48 6 155 
101 15 146 
35 39 160 
82 20 128 
32 78 186 
53 41 36 
54 36 62 
48 83 20 
36 98 27 
31 62 99 
59 83 100 
35 84 202 
66 35 112 
11 44 113 
62 24 139 
41 44 135 
45 16 195 
33 6 170 
7 2 49 
68 67 36 
61 5 158 
32 25 78 
16 99 192 
94 89 14 
64 45 188 
77 89 123 
43 97 111 
49 88 94 
55 29 157 
67 30 167 
78 99 140 
40 52 80 
80 31 201 
32 28 93 
74 53 56 
91 70 125 
93 32 29 
65 27 144 
65 14 37 
34 79 197 
62 50 140 
15 18 184 
40 26 190 
