2 1
50
39 14 175 
58 69 147 
18 37 68 
5 87 199 
71 4 146 
85 74 165 
15 70 155 
101 26 53 
27 8 64 
16 86 86 
16 41 178 
78 12 84 
56 22 111 
76 73 137 
47 40 155 
20 27 142 
68 92 44 
34 58 67 
30 40 180 
62 33 125 
43 5 106 
93 91 95 
13 95 188 
33 31 108 
29 41 200 
11 56 176 
52 9 165 
64 50 191 
23 83 169 
57 50 148 
55 95 181 
95 35 139 
17 56 101 
32 9 68 
79 37 124 
71 8 37 
36 21 172 
4 13 51 
82 81 113 
60 72 18 
66 58 92 
22 80 75 
66 35 15 
32 95 3 
39 22 203 
50 86 27 
35 54 155 
67 22 59 
90 53 168 
66 15 110 
