2 1
50
91 61 165 
11 72 176 
26 98 108 
48 95 105 
50 63 143 
16 19 184 
98 98 93 
60 39 151 
16 62 64 
3 7 76 
4 102 68 
52 20 61 
65 94 164 
88 41 75 
84 18 186 
89 20 103 
26 26 143 
12 89 186 
37 33 46 
9 97 22 
57 25 185 
18 46 190 
20 100 89 
42 53 54 
12 12 118 
11 78 44 
85 28 86 
83 80 166 
69 94 27 
44 17 179 
9 58 197 
72 33 35 
47 68 147 
100 71 43 
9 85 149 
46 2 158 
36 29 112 
3 26 141 
71 77 92 
12 51 107 
83 78 171 
58 35 194 
31 41 162 
43 65 22 
51 87 117 
23 76 193 
10 25 188 
37 10 180 
35 8 67 
30 4 115 
