2 1
50
10 46 193 
51 26 15 
19 15 69 
13 8 91 
59 7 84 
51 32 154 
54 31 58 
27 86 139 
86 47 148 
98 97 104 
75 58 200 
16 25 178 
41 56 93 
39 86 71 
13 66 164 
12 8 185 
33 25 187 
79 10 153 
27 86 124 
28 67 161 
36 23 40 
85 40 102 
48 46 168 
55 12 157 
32 17 93 
96 16 42 
90 76 81 
84 67 146 
61 98 100 
25 90 81 
29 15 180 
68 5 129 
17 30 55 
32 65 129 
10 80 29 
17 48 189 
31 34 143 
43 40 186 
42 54 115 
49 26 86 
3 25 113 
45 28 198 
90 66 26 
84 80 176 
96 60 24 
78 75 179 
60 46 103 
58 96 117 
71 88 152 
99 29 105 
