2 1
50
71 95 18 
82 22 129 
49 83 168 
12 48 188 
41 2 152 
65 93 24 
72 72 166 
7 31 175 
29 57 159 
53 19 149 
78 90 89 
31 11 138 
75 90 70 
38 97 199 
17 41 116 
18 69 160 
43 64 169 
28 88 89 
62 66 132 
24 55 132 
87 98 132 
11 37 119 
51 12 185 
9 92 9 
79 36 154 
86 93 184 
31 13 181 
102 12 112 
92 52 7 
2 71 94 
5 53 71 
71 53 202 
35 7 11 
100 69 117 
90 36 148 
81 50 106 
70 79 150 
76 95 88 
77 88 174 
12 21 173 
58 51 85 
47 6 80 
71 10 171 
78 53 175 
88 33 90 
34 14 156 
84 13 6 
53 34 188 
74 31 120 
94 96 134 
