2 1
50
27 13 96 
79 68 89 
37 96 22 
66 5 52 
34 101 140 
67 30 126 
72 72 194 
11 18 79 
82 19 162 
33 84 181 
58 74 143 
3 101 165 
88 8 106 
55 29 203 
71 41 90 
70 70 98 
26 37 108 
19 37 142 
42 18 194 
11 99 101 
66 7 26 
23 11 65 
57 33 204 
90 82 46 
12 20 89 
98 42 158 
97 14 101 
34 8 97 
38 41 77 
3 64 171 
88 79 20 
5 91 48 
89 50 63 
14 15 77 
49 39 115 
33 9 36 
28 46 154 
20 16 174 
102 34 201 
67 87 143 
96 56 141 
18 4 7 
15 9 61 
22 10 189 
49 85 203 
14 87 142 
93 7 66 
22 76 38 
10 70 131 
26 5 117 
