2 1
50
44 41 23 
27 43 124 
64 31 129 
86 11 203 
16 56 195 
80 56 40 
76 16 179 
16 100 173 
19 11 181 
59 64 201 
41 57 168 
7 63 156 
65 64 67 
75 101 135 
35 46 40 
60 76 177 
33 54 180 
14 24 157 
19 30 85 
28 10 66 
74 7 137 
66 47 110 
19 11 190 
21 16 188 
89 2 32 
24 83 111 
68 61 73 
4 28 23 
12 29 69 
8 90 67 
38 40 111 
2 4 192 
101 70 203 
67 42 133 
96 14 78 
98 27 45 
63 97 97 
89 62 100 
99 71 162 
59 56 36 
22 14 44 
62 86 157 
40 88 201 
23 25 28 
57 3 40 
72 11 29 
75 16 7 
14 46 191 
87 51 160 
7 6 68 
