2 1
50
97 50 170 
28 96 202 
25 60 93 
79 64 26 
34 46 70 
20 92 96 
12 73 183 
4 56 141 
93 31 161 
81 69 173 
23 3 166 
33 7 156 
8 20 200 
16 24 122 
99 26 109 
54 63 119 
18 67 185 
26 72 13 
14 95 192 
16 37 134 
22 47 186 
62 58 125 
33 3 82 
60 14 147 
50 98 102 
32 7 62 
18 41 138 
22 64 6 
96 99 64 
77 21 25 
84 94 170 
34 96 157 
70 39 140 
94 23 124 
21 61 109 
21 78 152 
58 84 181 
66 101 195 
100 102 169 
91 68 121 
32 57 167 
30 77 43 
90 18 7 
75 64 139 
63 26 38 
9 4 9 
51 77 46 
58 22 77 
25 20 190 
90 36 191 
