2 1
50
11 99 193 
78 90 118 
43 49 137 
5 43 154 
6 95 190 
19 53 203 
42 30 201 
47 22 175 
13 28 105 
100 75 149 
73 61 26 
14 18 158 
8 10 123 
2 38 163 
100 99 190 
97 76 134 
102 15 110 
100 80 42 
63 66 158 
11 67 128 
8 45 152 
96 34 168 
65 95 156 
18 13 89 
42 42 189 
20 49 49 
94 18 107 
88 101 124 
22 75 164 
94 53 108 
2 99 90 
99 96 190 
7 6 133 
13 33 165 
91 86 6 
12 60 79 
29 44 36 
56 19 99 
12 23 91 
16 76 121 
4 73 87 
26 18 30 
102 45 95 
101 15 88 
60 83 174 
73 98 33 
61 11 31 
44 67 19 
38 48 164 
97 89 149 
