2 1
50
90 33 145 
31 11 155 
95 3 203 
8 66 102 
12 44 144 
59 64 120 
89 71 185 
16 87 178 
80 45 15 
23 24 97 
75 66 11 
8 52 127 
15 15 17 
19 100 9 
3 16 79 
83 92 95 
71 28 105 
46 11 145 
33 76 94 
86 53 137 
72 73 162 
54 35 204 
47 6 188 
10 46 102 
53 73 145 
89 15 147 
51 99 108 
62 54 196 
98 31 113 
36 77 157 
18 31 127 
43 49 56 
26 51 166 
40 38 176 
56 63 167 
3 95 79 
2 46 125 
76 36 110 
16 11 42 
85 58 9 
47 13 59 
17 94 32 
90 12 49 
46 65 131 
92 13 127 
68 8 185 
16 96 75 
19 36 66 
18 44 194 
10 29 79 
