4 1
50
32 87 23 43 176 
62 83 21 71 160 
56 39 27 81 202 
22 87 28 37 47 
25 24 38 28 58 
51 96 51 93 169 
25 71 45 15 3 
5 9 94 16 89 
72 27 20 63 81 
36 48 14 7 134 
10 59 84 29 99 
10 52 97 16 77 
68 33 30 89 114 
87 97 14 81 196 
15 95 14 93 107 
101 6 77 89 190 
5 84 46 28 152 
68 89 18 67 188 
55 14 80 79 158 
41 99 33 8 112 
42 36 35 11 108 
17 46 92 76 102 
6 77 10 23 70 
86 89 4 15 182 
99 80 48 89 89 
3 17 37 16 29 
4 75 71 35 110 
71 51 37 76 122 
24 99 44 18 179 
80 6 59 45 191 
53 97 20 19 117 
64 90 48 68 106 
102 11 78 63 98 
33 7 77 70 133 
37 55 30 55 137 
3 38 32 101 132 
98 61 94 22 128 
9 57 54 78 187 
83 5 71 24 122 
15 22 83 71 116 
75 31 91 80 122 
101 69 67 52 116 
27 60 49 4 113 
43 19 58 101 84 
79 55 102 78 170 
34 86 8 96 111 
82 58 64 45 187 
69 71 16 63 130 
42 91 5 21 136 
26 57 69 69 40 
