4 1
50
5 71 18 55 150 
15 71 39 2 110 
90 53 51 82 43 
92 41 81 35 139 
33 63 89 19 199 
40 5 11 37 168 
82 96 18 71 198 
52 45 44 96 101 
21 5 79 68 58 
29 12 87 54 13 
5 93 62 86 166 
45 84 101 58 74 
12 61 4 20 150 
97 37 82 85 145 
49 99 87 86 100 
30 85 23 91 144 
30 20 60 32 161 
91 36 34 90 111 
70 46 88 61 80 
62 3 61 95 69 
94 32 5 83 120 
8 7 78 37 108 
62 63 12 87 18 
95 3 74 41 172 
63 5 94 30 7 
5 13 29 47 181 
29 26 30 58 159 
100 17 79 73 149 
86 60 99 37 193 
10 36 3 53 94 
61 31 22 11 148 
92 40 76 80 114 
98 80 32 49 53 
37 35 56 10 23 
79 26 3 69 204 
5 8 59 36 194 
71 12 78 102 61 
101 6 21 85 180 
62 43 101 17 158 
8 30 52 12 122 
77 82 96 43 140 
37 29 55 11 143 
86 83 43 86 178 
88 4 33 20 56 
33 16 73 21 104 
39 27 88 92 192 
77 57 49 76 43 
90 18 37 33 192 
74 53 12 16 11 
80 2 17 30 186 
