4 1
50
101 82 32 3 195 
89 17 76 100 137 
11 96 72 60 189 
92 19 97 21 168 
27 69 18 102 162 
88 31 62 68 193 
87 70 86 65 139 
50 95 20 30 66 
48 84 101 7 36 
101 58 56 51 20 
7 86 81 7 64 
35 65 32 24 21 
59 57 10 5 167 
42 11 8 93 91 
100 101 68 90 75 
45 69 13 85 165 
32 77 13 59 183 
3 91 81 35 72 
87 65 98 21 152 
93 76 98 25 156 
91 52 65 7 25 
8 20 93 71 180 
68 54 49 43 163 
84 46 53 15 165 
53 32 76 58 121 
37 5 49 15 93 
71 73 90 9 187 
82 14 7 48 171 
86 100 13 47 142 
35 18 57 41 188 
49 25 85 45 52 
61 78 10 48 157 
6 72 80 26 41 
96 66 42 51 204 
72 41 7 32 198 
56 21 31 88 54 
20 50 10 23 201 
47 90 47 84 68 
6 6 61 71 163 
16 21 89 27 153 
71 79 8 41 47 
10 20 55 47 145 
42 49 23 22 120 
58 64 59 27 152 
8 21 60 19 196 
68 81 38 52 171 
36 34 6 13 117 
44 44 71 101 185 
29 38 102 13 190 
59 85 41 13 50 
