4 1
50
14 81 89 20 201 
71 87 88 11 69 
42 67 97 20 133 
21 13 59 22 183 
61 87 37 30 175 
102 49 73 5 146 
35 47 50 42 162 
20 17 44 45 133 
16 4 31 39 16 
5 14 6 2 178 
27 25 83 101 24 
30 47 61 34 202 
24 16 85 40 4 
97 20 57 41 96 
6 70 17 57 155 
58 58 99 23 169 
89 45 73 18 95 
11 66 51 31 106 
75 58 12 46 88 
101 21 94 38 26 
87 59 67 55 171 
59 10 28 25 112 
74 49 40 52 26 
81 46 69 93 187 
33 71 28 89 150 
49 60 73 14 156 
39 66 63 11 198 
32 80 19 34 182 
3 41 28 77 163 
28 20 62 34 132 
58 54 2 47 166 
19 34 79 82 75 
101 39 16 49 37 
10 89 31 55 167 
2 28 37 4 184 
94 45 52 10 98 
31 100 41 50 43 
87 66 18 30 164 
100 3 39 98 185 
66 27 81 60 147 
41 92 10 52 132 
32 20 100 57 182 
76 83 72 35 17 
3 100 68 28 67 
46 73 3 74 170 
101 91 40 14 55 
69 66 94 38 18 
41 92 91 86 186 
69 68 63 41 15 
19 33 6 91 183 
