4 1
50
82 14 30 22 103 
34 23 64 42 54 
59 45 83 9 170 
19 71 13 80 170 
64 91 35 52 182 
85 63 68 53 41 
32 24 82 42 32 
42 23 97 12 174 
4 47 46 25 182 
80 47 3 41 182 
30 85 66 18 147 
93 81 81 33 138 
73 57 13 23 196 
37 64 43 94 89 
99 76 3 95 166 
19 46 12 63 25 
40 61 30 64 186 
49 60 66 70 51 
63 44 66 45 30 
49 36 26 29 111 
18 6 11 98 189 
56 84 73 37 114 
49 71 20 22 60 
14 29 51 32 100 
79 100 75 70 168 
56 12 59 81 70 
84 23 85 9 196 
37 52 34 71 76 
67 89 31 15 159 
94 26 47 16 6 
22 87 96 80 157 
20 32 43 15 79 
47 27 94 3 149 
28 88 13 26 192 
64 97 82 95 170 
92 71 63 93 185 
32 67 45 79 29 
100 29 7 32 160 
6 11 21 33 188 
42 97 30 42 106 
8 15 23 22 83 
28 7 3 97 179 
51 72 52 25 18 
81 84 18 90 154 
101 83 83 47 184 
55 78 51 3 89 
97 43 23 41 173 
19 46 25 39 179 
94 28 12 45 62 
37 61 98 25 27 
