4 1
50
4 14 30 72 15 
84 79 12 24 138 
37 76 3 4 170 
60 12 17 19 88 
8 53 16 60 167 
34 61 13 75 174 
87 56 59 20 29 
62 19 25 21 188 
72 6 65 12 54 
89 87 55 34 180 
56 102 45 85 146 
52 100 73 90 152 
25 68 39 39 169 
83 19 85 91 49 
43 89 99 27 148 
4 90 6 34 192 
48 9 81 86 64 
87 13 76 48 129 
64 48 37 46 142 
6 68 28 29 93 
72 4 66 11 98 
70 5 20 13 141 
64 96 41 96 59 
18 89 55 8 200 
72 45 39 27 125 
97 54 55 58 139 
38 63 79 89 50 
46 45 72 39 129 
83 95 65 79 4 
70 9 43 18 110 
19 16 22 31 154 
29 67 41 50 109 
17 53 64 45 69 
3 19 55 72 172 
75 18 18 45 36 
79 83 61 27 190 
90 13 38 4 104 
24 43 50 13 198 
81 6 24 86 98 
33 33 21 46 204 
53 56 73 34 165 
3 100 79 14 201 
48 8 16 57 134 
6 16 61 95 24 
62 71 43 75 13 
70 96 33 98 176 
48 64 17 27 87 
35 43 6 24 102 
26 66 38 15 104 
75 92 70 21 90 
