4 1
50
89 17 23 8 104 
12 5 27 46 101 
48 11 55 99 43 
21 66 10 34 149 
57 74 32 90 111 
7 60 33 86 178 
12 75 6 31 198 
7 4 55 63 200 
14 102 63 100 79 
26 91 25 9 117 
91 66 60 44 122 
17 87 35 54 95 
54 74 44 59 82 
75 7 27 102 34 
19 13 50 36 125 
57 13 34 52 62 
18 37 25 29 199 
47 17 64 71 167 
21 71 3 17 96 
42 60 6 60 134 
21 67 25 93 82 
81 19 27 83 12 
6 55 86 24 63 
18 51 17 62 192 
60 45 57 20 197 
50 12 35 89 44 
99 9 76 86 24 
53 14 34 89 40 
31 92 83 67 159 
68 87 81 87 63 
93 45 46 66 17 
77 12 7 97 187 
71 86 40 62 18 
99 82 102 14 162 
6 18 30 43 134 
70 65 92 42 63 
66 33 50 59 62 
56 65 12 79 74 
43 9 39 98 102 
47 54 22 59 164 
89 87 69 7 54 
77 17 5 101 81 
14 21 67 67 58 
41 38 83 32 112 
37 72 25 78 79 
100 81 35 94 44 
18 45 36 62 90 
80 66 45 33 113 
41 62 13 40 48 
24 44 75 70 24 
