4 1
50
52 76 72 43 63 
86 25 102 17 160 
49 23 54 68 175 
27 96 83 30 127 
44 25 22 76 129 
41 8 2 102 48 
92 4 88 54 143 
28 97 34 9 153 
3 69 41 14 127 
28 12 36 72 148 
25 86 41 75 190 
29 56 98 80 186 
80 25 102 94 179 
47 36 102 98 122 
32 64 77 56 126 
77 86 10 14 76 
31 74 33 30 3 
8 65 15 61 89 
74 100 56 18 198 
80 69 49 26 37 
94 13 40 12 87 
62 11 87 14 39 
45 48 87 44 127 
8 94 74 94 166 
84 23 43 56 179 
34 10 61 59 170 
10 39 86 97 92 
20 37 23 88 83 
99 80 3 42 203 
28 16 14 56 186 
88 97 57 45 72 
73 72 86 25 23 
54 52 30 31 23 
8 64 92 99 91 
73 73 88 54 172 
6 22 2 56 126 
20 98 7 68 198 
15 85 43 62 152 
50 53 100 78 180 
49 52 75 32 192 
65 26 17 12 43 
17 11 5 61 64 
53 72 32 63 188 
58 47 64 34 199 
25 23 32 25 196 
22 75 12 66 77 
57 49 72 62 200 
96 83 98 47 168 
6 82 84 31 49 
80 23 39 86 68 
