4 1
50
4 33 89 27 193 
17 52 101 36 171 
4 36 60 46 120 
23 31 10 82 194 
5 7 67 74 116 
96 80 69 22 90 
7 99 53 36 141 
65 19 71 36 157 
48 55 43 48 121 
76 99 74 27 101 
2 78 15 55 22 
99 67 17 71 3 
39 85 81 93 160 
7 85 26 77 194 
6 62 76 6 101 
52 66 21 15 168 
99 8 45 73 89 
31 86 101 26 148 
100 5 2 36 82 
65 76 52 70 112 
93 75 99 32 94 
42 5 11 6 122 
35 48 3 89 9 
32 42 10 50 102 
23 86 101 5 198 
3 62 42 66 175 
78 16 54 61 186 
27 12 15 28 7 
28 77 97 67 82 
54 3 15 32 21 
25 68 4 20 70 
9 75 96 35 92 
83 65 47 20 170 
20 96 45 98 161 
23 29 84 47 49 
47 92 37 65 92 
101 48 12 56 128 
13 15 35 27 172 
53 17 82 83 46 
66 32 78 83 45 
60 61 19 54 181 
98 85 58 97 180 
19 41 33 90 94 
36 55 93 58 148 
7 63 20 14 57 
7 50 3 26 123 
17 15 55 44 177 
43 31 60 68 136 
30 58 40 39 137 
15 86 94 38 179 
