6 1
50
8 34 49 28 45 48 130 
70 25 39 86 43 73 162 
49 98 50 6 94 63 150 
32 30 83 58 63 21 126 
61 9 14 22 74 89 102 
60 71 14 69 56 51 131 
98 89 77 6 54 17 110 
12 24 16 57 39 48 154 
6 69 72 84 29 4 20 
18 27 66 71 86 32 182 
30 38 40 39 14 11 72 
43 7 53 11 6 10 101 
88 100 67 37 43 76 111 
4 43 87 30 49 57 164 
64 13 37 70 87 66 169 
87 78 19 27 38 43 128 
64 21 75 24 96 62 63 
29 101 36 45 58 37 54 
97 55 12 66 56 56 163 
96 18 43 21 46 69 3 
24 50 12 7 35 94 83 
24 13 7 55 97 52 72 
15 4 26 31 31 59 184 
25 9 63 84 89 85 139 
5 34 5 53 95 32 13 
52 26 40 24 46 88 149 
44 7 13 61 6 47 165 
16 19 92 16 12 12 201 
43 51 25 49 10 74 41 
82 4 4 4 23 31 129 
79 89 9 88 73 20 167 
5 52 25 85 40 89 181 
17 15 38 85 21 9 20 
78 17 78 37 16 55 127 
4 11 59 86 18 20 76 
32 85 31 41 95 19 80 
101 3 66 72 87 33 134 
91 68 21 3 24 56 6 
74 33 53 59 66 22 2 
43 68 101 24 71 54 172 
32 10 46 29 92 72 157 
16 14 67 31 24 99 29 
46 40 84 96 67 37 120 
54 80 84 30 99 40 120 
37 67 50 18 81 83 121 
60 76 76 34 85 27 120 
21 88 31 44 25 89 198 
30 19 30 6 19 28 161 
31 65 101 94 34 21 161 
49 18 14 46 18 57 174 
