6 1
50
89 12 18 85 60 36 124 
87 23 45 16 29 34 120 
25 21 14 58 63 89 201 
96 99 17 25 101 87 204 
17 59 59 101 42 24 159 
62 38 97 60 66 42 200 
51 65 80 51 47 57 23 
55 68 57 70 91 82 191 
15 3 61 62 52 63 143 
66 88 17 89 12 83 129 
85 18 100 100 49 3 91 
36 38 77 56 32 91 128 
93 4 33 53 43 86 95 
37 38 100 16 82 30 174 
79 65 64 36 77 49 144 
52 58 72 43 82 51 163 
67 87 8 22 73 9 149 
86 86 37 71 98 19 98 
83 2 85 70 74 61 117 
75 15 22 57 44 94 86 
48 63 12 63 37 69 145 
53 95 96 10 23 14 191 
82 29 68 80 32 25 141 
58 89 76 9 93 25 187 
74 88 67 31 17 34 78 
24 27 9 64 52 79 62 
9 91 61 53 48 65 191 
88 56 79 14 71 75 184 
77 38 56 46 46 81 162 
9 32 82 8 83 58 117 
3 60 18 82 48 41 100 
100 17 58 46 62 100 175 
34 90 19 48 61 49 98 
91 55 20 9 100 52 3 
61 81 47 68 9 38 173 
98 63 34 25 35 43 157 
23 100 2 86 83 96 154 
44 65 62 24 11 11 27 
7 101 75 51 91 50 80 
37 13 80 55 64 3 74 
29 87 25 28 8 73 140 
58 19 24 19 59 28 36 
19 87 46 100 29 75 186 
64 61 76 46 95 40 175 
89 24 33 21 95 41 33 
80 39 98 5 41 46 101 
83 53 34 35 24 24 40 
28 37 57 37 30 47 133 
28 51 84 15 35 85 140 
98 93 99 66 88 3 81 
