6 1
50
62 67 59 57 46 91 175 
73 22 86 49 56 7 114 
53 21 66 44 71 92 199 
8 17 37 64 43 34 185 
2 68 82 32 83 89 67 
14 27 50 50 101 81 165 
31 91 31 18 23 101 83 
7 98 54 62 13 10 111 
53 24 95 5 59 97 146 
56 6 18 75 19 25 81 
96 18 96 72 12 18 157 
28 9 48 22 35 52 194 
71 30 72 72 81 80 125 
5 57 47 44 86 12 154 
86 14 44 5 78 3 24 
83 60 93 3 94 79 52 
17 49 85 27 47 78 172 
79 48 6 41 47 80 187 
63 51 30 28 9 3 86 
96 6 18 58 52 86 181 
71 82 70 89 3 38 180 
10 64 19 42 35 93 18 
68 41 67 33 25 22 41 
11 65 77 87 78 85 44 
45 69 70 97 95 97 17 
69 37 54 46 44 6 110 
89 13 88 76 12 36 59 
67 54 27 29 66 72 123 
19 95 3 27 56 69 133 
97 51 46 43 98 3 203 
6 15 89 83 18 68 46 
54 91 14 68 51 95 159 
17 45 70 31 28 49 103 
44 53 22 90 38 91 189 
64 44 35 16 35 30 126 
41 40 48 50 6 40 133 
6 92 60 7 77 89 163 
7 78 14 72 55 52 126 
64 70 95 82 79 32 184 
49 81 54 18 66 19 156 
8 25 82 24 11 87 79 
63 63 85 64 4 15 117 
68 23 47 82 80 102 158 
72 55 70 29 11 77 116 
13 9 91 12 72 6 203 
55 34 50 47 67 25 4 
9 11 20 76 19 35 166 
59 9 38 88 19 101 74 
71 14 97 2 12 84 103 
57 96 53 34 11 59 27 
