6 1
50
46 98 38 88 71 24 169 
37 57 38 56 46 61 170 
2 48 5 8 14 36 190 
67 19 27 64 39 49 158 
86 69 47 47 101 63 153 
52 26 101 19 34 76 8 
74 20 18 44 28 32 151 
27 61 12 30 58 79 162 
80 13 27 34 77 7 105 
90 92 11 47 100 10 103 
24 7 91 82 63 92 190 
101 11 22 14 19 6 120 
10 37 19 45 86 98 147 
15 76 87 59 70 54 172 
29 9 99 30 24 26 8 
57 23 50 97 89 88 161 
4 6 22 60 3 94 164 
57 94 4 16 14 80 21 
32 7 25 94 40 11 148 
4 26 86 97 82 58 109 
17 71 50 99 12 95 25 
72 66 101 69 62 6 148 
18 97 16 12 47 95 51 
18 28 4 50 79 9 203 
83 39 65 23 39 29 83 
25 56 19 4 87 100 124 
42 25 27 81 7 102 177 
31 72 87 37 64 31 201 
45 48 51 35 88 14 182 
30 38 48 25 79 34 190 
43 99 10 62 97 66 155 
4 79 72 74 9 15 106 
69 81 89 76 101 44 162 
10 70 72 101 89 73 28 
89 82 58 30 70 95 181 
75 79 77 69 67 25 85 
70 82 63 82 101 40 125 
59 61 51 80 92 16 67 
32 40 63 10 94 65 33 
99 16 46 41 21 65 193 
4 14 9 36 21 40 83 
90 11 21 90 36 54 62 
23 9 52 80 82 59 89 
41 15 61 74 62 28 146 
68 19 43 81 77 68 115 
49 44 46 74 77 94 86 
31 44 23 61 13 87 157 
9 96 63 42 8 53 128 
101 50 63 61 15 71 48 
94 80 10 61 88 76 151 
