6 1
50
15 38 4 14 26 4 191 
49 81 42 39 34 86 71 
83 56 53 59 49 41 162 
27 45 87 66 73 61 146 
45 55 78 100 93 27 99 
94 39 72 15 89 55 132 
40 31 48 17 43 99 26 
70 32 54 19 88 58 180 
95 19 50 55 45 24 9 
28 66 41 43 61 88 181 
19 83 46 62 88 17 179 
16 41 51 32 65 62 155 
25 26 82 7 71 62 203 
22 24 63 46 33 63 26 
67 9 76 84 13 25 104 
51 10 59 102 42 2 161 
80 101 24 82 65 30 8 
42 61 37 92 28 91 198 
61 85 18 57 56 78 100 
34 77 51 54 39 27 151 
18 25 8 30 61 23 86 
25 40 66 70 35 11 54 
50 41 94 86 36 56 184 
27 43 46 88 26 32 96 
26 76 30 28 4 31 49 
38 32 64 69 70 57 74 
47 54 89 23 70 25 171 
39 59 70 5 74 86 187 
84 63 44 37 93 97 203 
66 38 44 33 81 5 27 
11 32 20 67 100 57 163 
92 59 67 59 10 65 178 
19 62 25 32 48 33 111 
71 21 34 80 63 38 164 
17 47 93 90 22 73 58 
29 52 40 76 31 14 188 
6 80 80 85 33 14 98 
78 21 2 36 73 61 83 
13 88 90 39 21 101 152 
14 76 71 90 94 62 184 
13 87 59 19 22 64 133 
43 55 97 31 25 35 82 
28 92 57 51 14 90 35 
66 52 38 12 15 20 189 
6 12 97 41 55 60 134 
36 46 19 54 99 77 142 
35 95 10 97 68 37 175 
86 16 41 82 74 75 97 
37 22 9 9 46 74 78 
46 2 92 73 77 76 188 
