6 1
50
82 2 79 14 56 18 188 
56 32 58 49 45 16 187 
72 11 20 55 21 93 184 
30 90 18 40 48 51 163 
4 21 63 31 62 47 149 
101 75 20 35 14 80 12 
33 15 63 28 13 33 132 
25 25 78 29 97 15 108 
14 64 76 10 69 15 109 
13 96 20 85 71 21 145 
38 2 22 9 15 87 197 
77 57 14 37 21 17 161 
97 87 4 67 34 22 178 
13 46 27 48 67 54 43 
21 45 45 44 14 96 178 
25 58 23 84 30 58 78 
9 64 75 50 99 76 34 
11 19 20 39 100 86 51 
58 97 63 50 35 78 114 
14 71 96 9 23 94 147 
32 83 86 6 67 51 11 
83 54 100 70 80 7 24 
28 27 6 16 12 65 137 
62 61 36 96 82 84 194 
95 81 43 78 85 46 161 
38 36 35 36 37 22 153 
45 66 82 58 73 47 174 
46 91 95 14 31 7 142 
24 52 12 86 69 11 180 
75 58 94 97 63 34 185 
93 74 82 77 45 94 36 
98 55 41 11 40 12 102 
92 50 66 56 41 11 30 
86 25 51 70 12 89 145 
9 91 62 12 15 97 109 
19 15 39 88 15 55 54 
99 73 77 32 101 41 169 
10 29 43 25 25 79 16 
51 33 9 35 8 48 180 
66 81 101 27 17 99 149 
37 29 70 28 59 90 178 
54 76 40 13 50 90 202 
63 21 89 92 20 48 141 
85 32 55 9 8 40 67 
94 78 7 86 44 12 151 
2 75 99 68 91 22 197 
59 71 24 60 60 91 8 
62 14 37 100 53 6 106 
99 17 21 52 53 57 122 
100 35 29 7 80 27 126 
