6 1
50
76 92 84 8 100 46 31 
46 89 41 48 6 78 195 
76 10 12 39 50 26 82 
10 46 72 17 78 60 189 
18 14 89 10 14 58 179 
4 66 88 37 90 14 181 
87 50 88 85 100 76 50 
25 36 68 53 87 100 136 
48 14 93 24 88 24 59 
77 54 40 94 22 10 148 
46 25 3 61 14 53 48 
98 86 34 80 87 70 189 
80 23 59 29 61 23 115 
54 97 16 4 92 62 21 
98 50 94 81 67 54 162 
12 67 93 75 49 45 103 
30 62 46 3 55 38 198 
32 83 66 63 89 19 188 
31 89 59 24 93 16 204 
38 42 101 21 19 16 139 
58 68 56 14 80 8 51 
37 72 3 39 26 14 136 
69 29 20 81 37 89 167 
79 36 54 57 32 52 186 
22 46 84 38 24 31 151 
17 13 51 11 13 70 191 
19 58 87 69 4 36 142 
14 84 43 84 29 88 162 
33 4 59 50 58 35 33 
28 21 3 4 85 94 107 
19 71 71 26 21 90 124 
80 69 90 30 19 24 17 
65 44 57 98 45 97 171 
10 94 63 57 37 80 186 
39 86 67 21 43 19 195 
15 73 60 10 100 21 109 
37 70 22 41 13 10 130 
79 48 8 42 99 70 20 
78 10 71 87 12 71 85 
85 25 11 77 6 14 102 
72 99 90 47 78 33 149 
26 43 18 25 73 30 123 
40 61 81 46 51 89 76 
65 90 25 90 52 14 108 
47 13 66 9 98 16 16 
51 20 97 23 40 38 108 
69 56 63 41 43 83 93 
66 32 33 57 27 15 17 
11 67 59 28 21 22 161 
33 54 19 77 16 55 182 
