6 1
50
28 60 68 42 11 47 162 
63 16 78 77 24 7 200 
90 91 79 70 84 43 118 
58 35 25 19 11 76 184 
44 85 11 40 30 20 108 
4 74 88 15 14 48 161 
31 63 34 25 7 68 168 
11 27 95 78 85 95 144 
27 44 25 102 73 91 40 
33 69 39 95 89 47 175 
19 92 57 72 96 81 57 
74 93 96 7 11 10 69 
61 18 64 48 28 85 157 
32 66 15 43 59 62 200 
96 97 32 19 22 99 188 
36 40 8 90 16 45 109 
53 31 97 64 83 88 147 
53 77 50 63 65 11 177 
29 44 30 39 22 32 159 
98 66 89 91 13 43 52 
80 58 59 14 42 25 162 
37 20 81 79 76 28 90 
22 84 58 59 89 7 17 
98 80 53 96 15 77 113 
66 10 76 72 46 49 148 
21 93 51 25 88 10 187 
26 51 62 48 6 36 156 
85 33 33 26 38 19 167 
81 8 20 29 50 26 145 
12 8 9 32 81 73 4 
93 9 36 4 100 18 148 
31 93 50 12 43 81 167 
79 44 48 10 32 92 84 
87 33 99 40 86 23 31 
45 56 18 27 65 77 187 
26 99 24 40 4 12 103 
17 72 19 9 47 91 70 
66 63 23 51 83 62 15 
78 40 66 16 97 60 175 
39 34 87 81 5 92 107 
47 26 72 30 83 93 143 
63 82 33 40 34 83 163 
94 97 78 84 17 87 100 
61 60 26 9 54 66 159 
39 34 30 44 101 83 39 
40 53 23 2 72 39 31 
60 35 78 65 79 8 92 
40 11 99 90 7 6 175 
67 48 23 31 28 94 50 
50 5 98 35 101 63 113 
