6 1
50
101 51 74 60 86 96 151 
42 76 47 88 83 71 76 
34 78 88 81 62 34 180 
33 96 33 101 85 9 67 
4 80 49 18 43 33 188 
42 18 87 28 43 21 142 
55 30 71 59 99 28 88 
33 66 46 61 66 38 139 
57 43 61 3 89 44 80 
98 99 73 42 39 47 189 
62 3 55 22 14 21 160 
68 64 44 88 83 92 145 
16 6 59 79 98 26 174 
77 28 27 56 79 33 117 
33 100 19 62 84 52 146 
65 93 41 53 19 92 182 
81 20 18 8 54 70 166 
96 16 65 44 23 9 174 
77 30 68 37 90 23 72 
66 26 28 101 42 101 105 
15 20 28 81 36 98 195 
10 11 50 27 64 77 78 
86 57 20 63 45 88 180 
64 75 18 31 71 56 32 
96 92 9 14 71 32 165 
98 39 65 88 13 92 137 
21 20 12 28 48 99 163 
71 10 40 99 16 65 104 
47 12 52 67 44 83 31 
21 43 15 96 47 59 180 
20 57 77 34 98 23 89 
57 8 5 25 59 37 51 
84 71 17 57 69 32 106 
29 15 23 71 11 54 204 
79 99 34 2 43 94 105 
54 65 67 19 44 9 184 
5 48 44 87 47 92 77 
74 99 41 80 28 38 187 
44 55 65 89 71 45 158 
11 74 25 18 45 76 62 
8 52 40 28 25 64 50 
69 81 86 66 65 64 14 
102 95 25 17 58 61 23 
12 5 32 75 66 15 192 
77 21 71 4 18 10 134 
49 3 54 5 77 70 154 
76 81 25 8 83 73 22 
81 2 4 90 16 21 197 
50 9 55 62 51 32 188 
62 17 64 48 57 42 108 
