6 1
50
16 81 12 34 43 78 181 
51 92 58 99 81 72 52 
16 83 9 6 39 95 68 
30 24 70 8 10 21 39 
82 58 94 82 51 4 97 
70 81 64 60 25 4 158 
25 56 82 47 27 68 149 
101 54 56 86 34 17 177 
59 45 28 35 59 72 141 
36 67 18 32 70 79 96 
4 47 48 16 92 58 12 
69 90 63 85 55 48 167 
6 39 98 19 89 62 24 
38 39 27 67 34 10 181 
92 65 17 59 90 28 198 
10 10 72 44 61 83 182 
56 67 52 6 27 89 63 
29 22 15 82 19 37 134 
10 23 51 60 49 18 159 
27 48 29 67 21 87 196 
31 28 77 30 81 24 168 
74 77 63 9 23 60 128 
45 3 79 73 93 34 203 
89 23 85 14 67 13 62 
20 25 41 7 4 36 200 
96 40 54 40 16 85 75 
48 90 53 28 60 18 167 
47 52 96 30 55 99 88 
7 94 18 16 13 54 110 
54 24 4 21 26 66 100 
65 27 35 79 51 65 84 
35 35 88 9 98 50 151 
75 48 79 52 40 58 183 
48 38 26 5 33 84 193 
68 51 9 36 53 35 166 
27 62 53 6 35 4 147 
61 33 9 17 6 82 161 
78 27 71 88 11 61 37 
91 11 76 20 83 48 138 
86 80 75 46 17 94 99 
87 28 48 7 56 19 177 
7 19 90 28 4 18 183 
26 41 50 45 76 66 75 
53 78 88 54 57 7 155 
55 35 73 92 90 32 186 
101 25 83 57 44 33 173 
94 88 94 81 33 80 123 
41 28 3 43 31 14 71 
52 63 55 100 15 13 106 
86 19 39 17 87 100 53 
