8 1
50
88 54 69 39 83 50 59 94 146 
93 8 86 73 15 101 56 45 73 
12 25 93 7 73 78 4 29 11 
44 5 34 19 33 12 47 75 148 
81 88 28 40 6 89 4 97 154 
59 99 100 48 15 37 44 46 128 
71 83 83 92 37 56 46 17 182 
41 76 77 76 29 42 28 77 118 
11 74 21 6 5 78 3 47 63 
8 98 92 100 77 89 50 78 189 
93 90 53 74 96 91 100 65 43 
102 85 72 60 22 40 80 35 146 
45 67 80 7 91 92 26 40 42 
101 43 102 91 27 53 50 37 177 
8 40 81 32 8 42 58 3 127 
63 50 78 53 22 44 17 7 24 
17 88 101 63 50 58 71 101 46 
23 13 60 21 13 87 54 73 195 
95 15 61 40 52 90 30 65 184 
46 50 23 60 75 22 42 35 102 
89 47 92 25 63 9 20 37 184 
6 44 39 93 101 51 48 25 189 
54 79 38 13 35 86 68 27 105 
3 65 40 39 80 80 37 66 54 
7 72 53 54 22 17 100 26 45 
55 55 51 75 14 53 30 90 114 
15 78 15 7 59 38 58 19 147 
54 69 66 62 58 37 25 43 108 
43 102 59 23 16 11 65 16 149 
4 30 53 89 12 92 24 24 180 
15 102 16 17 98 5 45 48 118 
60 95 98 15 52 73 100 89 181 
100 94 65 6 44 45 66 56 182 
23 67 59 76 39 36 49 12 85 
41 28 5 56 80 70 53 8 43 
78 91 81 82 91 25 3 26 63 
28 11 60 73 54 45 16 25 165 
2 86 58 64 69 42 32 62 124 
87 46 16 97 55 39 25 89 133 
12 42 78 36 74 15 6 23 4 
85 70 76 63 42 57 89 53 46 
67 16 24 41 52 31 64 18 163 
19 33 58 23 50 66 80 6 169 
7 68 14 44 61 47 40 49 188 
88 26 6 60 9 4 17 60 151 
45 73 92 48 74 58 36 89 184 
48 64 22 12 85 39 75 84 173 
12 24 57 79 2 5 39 78 188 
78 60 26 55 8 92 92 37 67 
94 61 96 58 11 73 57 95 173 
