8 1
50
21 94 88 68 29 71 79 79 106 
47 5 19 14 85 44 63 17 155 
17 23 47 42 33 13 33 24 75 
3 84 7 53 24 4 50 92 179 
76 47 27 91 72 22 10 56 160 
30 66 89 4 82 68 52 16 78 
80 81 63 77 36 7 35 78 194 
48 97 83 17 66 95 56 90 143 
53 28 52 28 35 79 35 6 120 
51 101 4 41 3 9 67 71 24 
28 101 13 22 58 96 26 63 121 
99 15 102 96 50 94 97 101 180 
90 55 48 86 44 33 49 86 159 
95 9 96 75 52 97 84 30 182 
61 33 73 58 3 73 20 38 186 
61 57 53 12 46 4 21 79 35 
67 44 59 82 75 73 19 33 111 
67 26 65 6 14 22 5 38 140 
19 34 54 77 68 8 42 90 62 
29 85 65 94 56 75 81 19 176 
34 81 59 101 41 72 19 55 26 
30 56 44 33 9 10 36 4 94 
66 92 78 52 42 88 44 92 99 
93 76 72 91 28 97 36 73 117 
13 20 94 84 59 16 96 13 69 
89 97 78 57 60 54 29 16 57 
12 84 41 73 60 51 24 28 162 
44 41 31 49 100 38 53 25 172 
56 85 35 64 58 31 55 56 193 
74 38 18 20 64 13 70 25 181 
20 41 62 45 62 33 37 54 148 
6 42 100 42 6 37 70 76 66 
96 51 28 12 21 6 57 52 186 
65 26 79 19 81 76 50 35 171 
26 13 25 4 29 6 58 50 30 
99 33 33 83 52 90 82 76 153 
65 9 23 58 90 12 42 74 60 
98 89 63 25 95 73 53 46 129 
11 94 23 24 56 73 92 60 40 
62 84 76 91 40 7 102 87 54 
65 70 25 15 65 58 77 63 125 
55 75 41 62 32 8 27 72 168 
55 42 56 52 68 32 93 82 184 
57 9 52 57 26 10 48 90 156 
42 98 31 68 49 95 12 39 173 
82 2 53 70 65 69 25 48 93 
74 15 4 95 24 85 68 22 111 
13 100 52 33 16 44 32 87 152 
55 90 95 63 42 32 47 13 163 
41 89 45 84 34 80 65 76 154 
